i	steps	all_found	taken_down	frac_area_covered	mean_distance_travelled	total_distance_covered	hider_frac_found
1	382	0	5	0.9475	239.6	1198.0	0.6666666666666666
2	208	0	5	0.5125	124.4	622.0	0.3333333333333333
3	18	0	5	0.0375	16.0	80.0	0.0
4	349	0	5	0.865	228.6	1143.0	0.6666666666666666
5	192	0	5	0.4725	93.4	467.0	0.3333333333333333
6	382	0	5	0.9475	296.4	1482.0	0.6666666666666666
7	341	0	5	0.845	195.0	975.0	0.3333333333333333
8	348	0	5	0.8625	175.0	875.0	0.6666666666666666
9	238	0	5	0.5875	192.0	960.0	0.6666666666666666
10	270	0	5	0.6675	92.0	460.0	0.0
11	386	0	5	0.9575	146.8	734.0	0.6666666666666666
12	233	0	5	0.575	179.4	897.0	0.3333333333333333
13	114	0	5	0.2775	89.0	445.0	0.3333333333333333
14	377	0	5	0.935	152.4	762.0	0.6666666666666666
15	268	0	5	0.6625	75.6	378.0	0.3333333333333333
16	74	0	5	0.1775	72.0	360.0	0.0
17	311	0	5	0.77	130.2	651.0	0.6666666666666666
18	68	0	5	0.1625	48.0	240.0	0.0
19	359	1	4	0.895	183.0	915.0	1.0
20	221	0	5	0.545	198.6	993.0	0.6666666666666666
21	134	0	5	0.3275	93.4	467.0	0.3333333333333333
22	85	0	5	0.205	66.2	331.0	0.3333333333333333
23	246	0	5	0.6075	107.2	536.0	0.6666666666666666
24	293	0	5	0.725	184.2	921.0	0.3333333333333333
25	119	0	5	0.29	97.8	489.0	0.0
26	66	0	5	0.1575	64.0	320.0	0.0
27	257	0	5	0.635	129.4	647.0	0.3333333333333333
28	138	0	5	0.3375	129.8	649.0	0.0
29	400	0	5	0.9925	150.4	752.0	0.6666666666666666
30	109	0	5	0.265	107.0	535.0	0.0
31	256	0	5	0.6325	207.2	1036.0	0.3333333333333333
32	79	0	5	0.19	77.0	385.0	0.0
33	165	0	5	0.405	142.6	713.0	0.3333333333333333
34	110	0	5	0.2675	104.2	521.0	0.3333333333333333
35	241	0	5	0.595	95.8	479.0	0.3333333333333333
36	332	1	4	0.8275	225.8	1129.0	1.0
37	8	0	5	0.0125	6.0	30.0	0.0
38	148	1	2	0.3675	104.0	520.0	1.0
39	122	0	5	0.2975	120.0	600.0	0.0
40	205	0	5	0.505	89.6	448.0	0.6666666666666666
41	187	0	5	0.46	145.0	725.0	0.3333333333333333
42	204	0	5	0.5025	115.4	577.0	0.3333333333333333
43	265	0	5	0.655	207.0	1035.0	0.6666666666666666
44	210	0	5	0.5175	143.8	719.0	0.6666666666666666
45	180	0	5	0.4425	45.2	226.0	0.6666666666666666
46	267	0	5	0.66	130.4	652.0	0.6666666666666666
47	171	0	5	0.42	65.4	327.0	0.6666666666666666
48	114	0	5	0.2775	112.0	560.0	0.0
49	54	0	5	0.1275	52.0	260.0	0.0
50	157	0	5	0.385	141.2	706.0	0.0
51	118	0	5	0.2875	85.6	428.0	0.3333333333333333
52	245	0	5	0.605	99.0	495.0	0.0
53	177	0	5	0.435	119.2	596.0	0.0
54	247	0	5	0.61	209.2	1046.0	0.6666666666666666
55	78	0	5	0.1875	62.8	314.0	0.3333333333333333
56	5	0	5	0.005	3.0	15.0	0.0
57	255	0	5	0.63	232.2	1161.0	0.3333333333333333
58	150	0	5	0.3675	123.8	619.0	0.3333333333333333
59	345	0	5	0.855	264.0	1320.0	0.6666666666666666
60	193	0	5	0.475	148.6	743.0	0.6666666666666666
61	212	0	5	0.5225	57.2	286.0	0.0
62	197	0	5	0.485	159.2	796.0	0.3333333333333333
63	100	0	5	0.2425	83.0	415.0	0.0
64	258	0	5	0.6375	172.4	862.0	0.6666666666666666
65	289	0	5	0.715	204.6	1023.0	0.6666666666666666
66	391	0	5	0.97	197.4	987.0	0.6666666666666666
67	288	0	5	0.7125	188.6	943.0	0.6666666666666666
68	348	1	4	0.8675	194.0	970.0	1.0
69	371	1	4	0.925	252.6	1263.0	1.0
70	289	1	4	0.72	93.8	469.0	1.0
71	183	0	5	0.45	126.4	632.0	0.3333333333333333
72	109	0	5	0.265	103.2	516.0	0.0
73	387	0	5	0.96	163.0	815.0	0.6666666666666666
74	220	0	5	0.5425	61.2	306.0	0.3333333333333333
75	300	1	4	0.7475	86.8	434.0	1.0
76	155	0	5	0.38	82.6	413.0	0.3333333333333333
77	6	0	5	0.0075	4.0	20.0	0.0
78	271	1	4	0.675	237.8	1189.0	1.0
79	7	0	5	0.01	5.0	25.0	0.0
80	87	0	5	0.21	55.6	278.0	0.3333333333333333
81	63	0	5	0.15	43.4	217.0	0.0
82	33	0	5	0.075	31.0	155.0	0.0
83	240	0	5	0.5925	141.0	705.0	0.3333333333333333
84	120	0	5	0.2925	70.0	350.0	0.3333333333333333
85	286	0	5	0.7075	269.0	1345.0	0.0
86	284	0	5	0.7025	194.2	971.0	0.3333333333333333
87	173	0	5	0.425	171.0	855.0	0.0
88	272	0	5	0.6725	190.8	954.0	0.3333333333333333
89	230	0	5	0.5675	124.0	620.0	0.6666666666666666
90	76	0	5	0.1825	51.6	258.0	0.3333333333333333
91	35	0	5	0.08	9.0	45.0	0.3333333333333333
92	170	0	5	0.4175	86.2	431.0	0.6666666666666666
93	5	0	5	0.005	3.0	15.0	0.0
94	129	0	5	0.315	118.4	592.0	0.0
95	208	0	5	0.5125	141.0	705.0	0.3333333333333333
96	332	0	5	0.8225	206.4	1032.0	0.6666666666666666
97	118	0	5	0.2875	89.0	445.0	0.3333333333333333
98	187	0	5	0.46	128.2	641.0	0.6666666666666666
99	333	0	5	0.825	204.6	1023.0	0.6666666666666666
100	95	0	5	0.23	54.6	273.0	0.3333333333333333
101	148	0	5	0.3625	64.4	322.0	0.3333333333333333
102	136	0	5	0.3325	110.0	550.0	0.0
103	353	0	5	0.875	152.0	760.0	0.6666666666666666
104	87	0	5	0.21	53.8	269.0	0.0
105	307	0	5	0.76	192.0	960.0	0.3333333333333333
106	269	0	5	0.665	183.2	916.0	0.6666666666666666
107	155	0	5	0.38	108.0	540.0	0.6666666666666666
108	302	1	4	0.7525	158.2	791.0	1.0
109	113	0	5	0.275	51.6	258.0	0.3333333333333333
110	400	0	5	0.9925	216.2	1081.0	0.6666666666666666
111	242	0	5	0.5975	124.2	621.0	0.6666666666666666
112	66	0	5	0.1575	64.0	320.0	0.0
113	264	0	5	0.6525	213.8	1069.0	0.3333333333333333
114	307	0	5	0.76	193.0	965.0	0.6666666666666666
115	13	0	5	0.025	11.0	55.0	0.0
116	384	0	5	0.9525	91.2	456.0	0.3333333333333333
117	126	0	5	0.3075	56.8	284.0	0.3333333333333333
118	261	0	5	0.645	130.6	653.0	0.6666666666666666
119	3	0	5	0.0025	0.4	2.0	0.3333333333333333
120	261	0	5	0.645	239.0	1195.0	0.3333333333333333
121	346	0	5	0.8575	248.4	1242.0	0.6666666666666666
122	214	0	5	0.5275	175.0	875.0	0.0
123	236	0	5	0.5825	187.8	939.0	0.3333333333333333
124	378	1	4	0.9425	174.0	870.0	1.0
125	361	0	5	0.895	164.6	823.0	0.3333333333333333
126	176	0	5	0.4325	69.8	349.0	0.3333333333333333
127	45	0	5	0.105	41.0	205.0	0.0
128	230	0	5	0.5675	138.4	692.0	0.6666666666666666
129	278	0	5	0.6875	259.6	1298.0	0.6666666666666666
130	63	0	5	0.15	29.0	145.0	0.3333333333333333
131	315	1	4	0.785	189.6	948.0	1.0
132	110	0	5	0.2675	108.0	540.0	0.0
133	229	0	5	0.565	226.2	1131.0	0.0
134	86	0	5	0.2075	83.4	417.0	0.3333333333333333
135	366	0	5	0.9075	311.8	1559.0	0.6666666666666666
136	297	0	5	0.735	166.4	832.0	0.6666666666666666
137	48	1	4	0.1175	41.6	208.0	1.0
138	23	0	5	0.05	21.0	105.0	0.0
139	209	0	5	0.515	177.8	889.0	0.0
140	253	0	5	0.625	112.4	562.0	0.6666666666666666
141	255	0	5	0.63	188.0	940.0	0.6666666666666666
142	134	0	5	0.3275	111.0	555.0	0.3333333333333333
143	329	0	5	0.815	295.8	1479.0	0.6666666666666666
144	250	0	5	0.6175	154.2	771.0	0.3333333333333333
145	293	0	5	0.725	276.4	1382.0	0.3333333333333333
146	183	0	5	0.45	165.4	827.0	0.3333333333333333
147	247	0	5	0.61	223.8	1119.0	0.6666666666666666
148	112	0	5	0.2725	110.0	550.0	0.0
149	380	0	5	0.9425	136.4	682.0	0.6666666666666666
150	70	0	5	0.1675	68.0	340.0	0.0
151	169	0	5	0.415	48.6	243.0	0.6666666666666666
152	145	0	5	0.355	68.0	340.0	0.0
153	101	0	5	0.245	99.0	495.0	0.0
154	9	0	5	0.015	7.0	35.0	0.0
155	293	0	5	0.725	132.6	663.0	0.6666666666666666
156	122	0	5	0.2975	78.0	390.0	0.0
157	169	0	5	0.415	134.2	671.0	0.3333333333333333
158	209	0	5	0.515	165.4	827.0	0.6666666666666666
159	279	0	5	0.69	214.0	1070.0	0.3333333333333333
160	220	0	5	0.5425	106.2	531.0	0.3333333333333333
161	292	0	5	0.7225	185.2	926.0	0.6666666666666666
162	198	0	5	0.4875	141.0	705.0	0.6666666666666666
163	301	1	4	0.75	146.6	733.0	1.0
164	361	1	3	0.9	227.0	1135.0	1.0
165	216	0	5	0.5325	100.0	500.0	0.3333333333333333
166	369	0	5	0.915	322.8	1614.0	0.6666666666666666
167	99	0	5	0.24	97.0	485.0	0.0
168	89	0	5	0.215	78.0	390.0	0.3333333333333333
169	223	1	4	0.555	191.2	956.0	1.0
170	146	0	5	0.3575	100.0	500.0	0.0
171	263	0	5	0.65	159.0	795.0	0.3333333333333333
172	108	0	5	0.2625	67.2	336.0	0.3333333333333333
173	109	0	5	0.265	92.6	463.0	0.0
174	143	0	5	0.35	124.4	622.0	0.3333333333333333
175	148	0	5	0.3625	90.4	452.0	0.3333333333333333
176	326	0	5	0.8075	154.6	773.0	0.6666666666666666
177	201	0	5	0.495	63.8	319.0	0.3333333333333333
178	355	0	5	0.88	130.6	653.0	0.6666666666666666
179	312	0	5	0.7725	95.0	475.0	0.6666666666666666
180	332	0	5	0.8225	114.0	570.0	0.6666666666666666
181	113	0	5	0.275	78.0	390.0	0.6666666666666666
182	135	0	5	0.33	133.0	665.0	0.6666666666666666
183	37	0	5	0.085	35.0	175.0	0.0
184	100	0	5	0.2425	98.0	490.0	0.3333333333333333
185	33	0	5	0.075	20.2	101.0	0.3333333333333333
186	50	0	5	0.1175	31.6	158.0	0.3333333333333333
187	101	0	5	0.245	30.6	153.0	0.0
188	316	1	4	0.7875	117.8	589.0	1.0
189	108	0	5	0.2625	44.2	221.0	0.0
190	156	0	5	0.3825	117.2	586.0	0.3333333333333333
191	199	1	4	0.495	120.2	601.0	1.0
192	377	0	5	0.935	159.4	797.0	0.6666666666666666
193	209	0	5	0.515	72.2	361.0	0.6666666666666666
194	238	1	4	0.5925	116.4	582.0	1.0
195	254	0	5	0.6275	81.0	405.0	0.3333333333333333
196	374	1	4	0.9325	129.2	646.0	1.0
197	178	0	5	0.4375	165.2	826.0	0.3333333333333333
198	294	0	5	0.7275	176.8	884.0	0.0
199	367	0	5	0.91	285.8	1429.0	0.6666666666666666
200	240	0	5	0.5925	174.0	870.0	0.6666666666666666
201	149	0	5	0.365	77.2	386.0	0.3333333333333333
202	327	0	5	0.81	269.8	1349.0	0.6666666666666666
203	339	0	5	0.84	222.8	1114.0	0.3333333333333333
204	59	0	5	0.14	37.8	189.0	0.3333333333333333
205	318	0	5	0.7875	63.4	317.0	0.3333333333333333
206	226	0	5	0.5575	212.6	1063.0	0.3333333333333333
207	345	0	5	0.855	109.4	547.0	0.6666666666666666
208	21	0	5	0.045	19.0	95.0	0.0
209	210	0	5	0.5175	86.2	431.0	0.3333333333333333
210	348	0	5	0.8625	244.2	1221.0	0.6666666666666666
211	239	0	5	0.59	236.2	1181.0	0.6666666666666666
212	304	0	5	0.7525	192.6	963.0	0.6666666666666666
213	366	0	5	0.9075	179.4	897.0	0.6666666666666666
214	143	0	5	0.35	124.2	621.0	0.3333333333333333
215	126	0	5	0.3075	105.4	527.0	0.3333333333333333
216	400	0	5	0.9925	234.8	1174.0	0.6666666666666666
217	323	0	5	0.8	143.4	717.0	0.3333333333333333
218	400	0	5	0.9925	117.8	589.0	0.6666666666666666
219	283	0	5	0.7	96.2	481.0	0.3333333333333333
220	344	1	4	0.8575	147.4	737.0	1.0
221	397	1	4	0.99	265.6	1328.0	1.0
222	389	1	4	0.97	212.6	1063.0	1.0
223	375	1	4	0.935	159.4	797.0	1.0
224	386	0	5	0.9575	174.4	872.0	0.6666666666666666
225	264	1	4	0.6575	119.0	595.0	1.0
226	194	0	5	0.4775	192.0	960.0	0.0
227	261	0	5	0.645	166.6	833.0	0.6666666666666666
228	230	0	5	0.5675	221.2	1106.0	0.3333333333333333
229	9	0	5	0.015	5.0	25.0	0.0
230	15	0	5	0.03	13.0	65.0	0.0
231	343	0	5	0.85	231.2	1156.0	0.6666666666666666
232	287	0	5	0.71	214.4	1072.0	0.6666666666666666
233	319	0	5	0.79	197.8	989.0	0.6666666666666666
234	347	0	5	0.86	202.4	1012.0	0.6666666666666666
235	199	0	5	0.49	105.4	527.0	0.6666666666666666
236	323	0	5	0.8	242.6	1213.0	0.3333333333333333
237	380	0	5	0.9425	287.2	1436.0	0.6666666666666666
238	329	0	5	0.815	93.4	467.0	0.6666666666666666
239	49	0	5	0.115	35.0	175.0	0.3333333333333333
240	208	0	5	0.5125	144.6	723.0	0.3333333333333333
241	255	0	5	0.63	139.8	699.0	0.3333333333333333
242	240	0	5	0.5925	172.8	864.0	0.6666666666666666
243	243	0	5	0.6	90.4	452.0	0.6666666666666666
244	288	0	5	0.7125	173.2	866.0	0.3333333333333333
245	233	0	5	0.575	190.4	952.0	0.3333333333333333
246	258	0	5	0.6375	115.2	576.0	0.3333333333333333
247	48	0	5	0.1125	40.0	200.0	0.3333333333333333
248	347	1	4	0.865	110.6	553.0	1.0
249	379	0	5	0.94	274.0	1370.0	0.6666666666666666
250	390	0	5	0.9675	257.6	1288.0	0.3333333333333333
251	368	0	5	0.9125	138.0	690.0	0.6666666666666666
252	122	0	5	0.2975	120.0	600.0	0.0
253	270	0	5	0.6675	229.8	1149.0	0.6666666666666666
254	26	0	5	0.0575	24.0	120.0	0.0
255	195	0	5	0.48	113.2	566.0	0.3333333333333333
256	119	0	5	0.29	109.2	546.0	0.3333333333333333
257	244	0	5	0.6025	51.6	258.0	0.6666666666666666
258	221	0	5	0.545	116.2	581.0	0.6666666666666666
259	151	0	5	0.37	60.8	304.0	0.6666666666666666
260	358	0	5	0.8875	132.0	660.0	0.3333333333333333
261	180	0	5	0.4425	116.6	583.0	0.0
262	385	0	5	0.955	326.0	1630.0	0.6666666666666666
263	37	0	5	0.085	35.0	175.0	0.0
264	133	0	5	0.325	88.6	443.0	0.6666666666666666
265	54	0	5	0.1275	52.0	260.0	0.0
266	147	0	5	0.36	90.2	451.0	0.0
267	282	0	5	0.6975	94.2	471.0	0.6666666666666666
268	257	0	5	0.635	92.2	461.0	0.6666666666666666
269	378	1	4	0.9425	158.0	790.0	1.0
270	191	0	5	0.47	84.0	420.0	0.6666666666666666
271	145	0	5	0.355	93.4	467.0	0.3333333333333333
272	134	0	5	0.3275	64.4	322.0	0.6666666666666666
273	309	0	5	0.765	235.4	1177.0	0.6666666666666666
274	316	1	4	0.7875	152.8	764.0	1.0
275	267	0	5	0.66	256.8	1284.0	0.0
276	20	0	5	0.0425	18.0	90.0	0.0
277	377	0	5	0.935	154.2	771.0	0.6666666666666666
278	218	0	5	0.5375	135.8	679.0	0.6666666666666666
279	182	0	5	0.4475	95.2	476.0	0.3333333333333333
280	80	0	5	0.1925	63.6	318.0	0.0
281	260	1	4	0.6475	197.6	988.0	1.0
282	215	1	3	0.535	168.0	840.0	1.0
283	306	0	5	0.7575	192.6	963.0	0.3333333333333333
284	136	0	5	0.3325	79.4	397.0	0.3333333333333333
285	28	0	5	0.0625	26.0	130.0	0.0
286	63	0	5	0.15	53.4	267.0	0.3333333333333333
287	331	1	4	0.825	101.0	505.0	1.0
288	238	0	5	0.5875	230.8	1154.0	0.0
289	55	0	5	0.13	47.4	237.0	0.3333333333333333
290	362	0	5	0.8975	103.4	517.0	0.6666666666666666
291	44	0	5	0.1025	36.6	183.0	0.0
292	333	1	4	0.83	177.2	886.0	1.0
293	376	0	5	0.9325	145.0	725.0	0.6666666666666666
294	34	0	5	0.0775	32.0	160.0	0.0
295	295	1	4	0.735	212.8	1064.0	1.0
296	216	0	5	0.5325	185.4	927.0	0.3333333333333333
297	152	0	5	0.3725	82.8	414.0	0.3333333333333333
298	27	0	5	0.06	20.2	101.0	0.0
299	137	0	5	0.335	82.0	410.0	0.3333333333333333
300	238	0	5	0.5875	107.6	538.0	0.3333333333333333
301	137	0	5	0.335	79.0	395.0	0.6666666666666666
302	6	0	5	0.0075	4.0	20.0	0.0
303	48	0	5	0.1125	35.2	176.0	0.0
304	40	0	5	0.0925	38.0	190.0	0.0
305	8	0	5	0.0125	1.4	7.0	0.3333333333333333
306	48	0	5	0.1125	19.6	98.0	0.3333333333333333
307	184	0	5	0.4525	182.0	910.0	0.0
308	32	0	5	0.0725	24.8	124.0	0.3333333333333333
309	236	0	5	0.5825	66.0	330.0	0.6666666666666666
310	109	0	5	0.265	84.6	423.0	0.0
311	52	0	5	0.1225	50.0	250.0	0.0
312	331	0	5	0.82	149.8	749.0	0.6666666666666666
313	256	0	5	0.6325	251.6	1258.0	0.3333333333333333
314	314	0	5	0.7775	128.4	642.0	0.6666666666666666
315	3	0	5	0.0025	0.4	2.0	0.3333333333333333
316	189	0	5	0.465	144.6	723.0	0.3333333333333333
317	270	0	5	0.6675	145.2	726.0	0.6666666666666666
318	61	0	5	0.145	43.8	219.0	0.3333333333333333
319	179	1	4	0.445	43.8	219.0	1.0
320	209	0	5	0.515	104.0	520.0	0.6666666666666666
321	233	0	5	0.575	191.6	958.0	0.3333333333333333
322	100	0	5	0.2425	82.8	414.0	0.3333333333333333
323	34	0	5	0.0775	32.0	160.0	0.0
324	365	0	5	0.905	217.2	1086.0	0.6666666666666666
325	94	0	5	0.2275	64.8	324.0	0.6666666666666666
326	310	1	4	0.7725	169.2	846.0	1.0
327	164	0	5	0.4025	128.8	644.0	0.3333333333333333
328	106	0	5	0.2575	95.6	478.0	0.3333333333333333
329	312	0	5	0.7725	232.0	1160.0	0.6666666666666666
330	126	0	5	0.3075	100.6	503.0	0.0
331	286	0	5	0.7075	167.4	837.0	0.3333333333333333
332	222	0	5	0.5475	130.8	654.0	0.6666666666666666
333	216	0	5	0.5325	82.0	410.0	0.3333333333333333
334	64	0	5	0.1525	37.4	187.0	0.3333333333333333
335	359	0	5	0.89	255.0	1275.0	0.6666666666666666
336	138	0	5	0.3375	136.0	680.0	0.0
337	256	0	5	0.6325	154.6	773.0	0.6666666666666666
338	103	0	5	0.25	57.8	289.0	0.3333333333333333
339	220	0	5	0.5425	130.8	654.0	0.3333333333333333
340	225	0	5	0.555	108.6	543.0	0.6666666666666666
341	103	0	5	0.25	95.0	475.0	0.3333333333333333
342	266	0	5	0.6575	185.2	926.0	0.3333333333333333
343	177	0	5	0.435	107.8	539.0	0.3333333333333333
344	35	0	5	0.08	33.0	165.0	0.0
345	365	0	5	0.905	271.6	1358.0	0.6666666666666666
346	285	0	5	0.705	147.0	735.0	0.3333333333333333
347	282	0	5	0.6975	76.0	380.0	0.6666666666666666
348	238	0	5	0.5875	157.6	788.0	0.6666666666666666
349	317	1	4	0.79	191.0	955.0	1.0
350	190	0	5	0.4675	136.4	682.0	0.0
351	165	0	5	0.405	105.8	529.0	0.3333333333333333
352	307	0	5	0.76	142.8	714.0	0.6666666666666666
353	343	0	5	0.85	109.8	549.0	0.6666666666666666
354	66	0	5	0.1575	63.8	319.0	0.0
355	369	0	5	0.915	151.6	758.0	0.6666666666666666
356	53	0	5	0.125	47.6	238.0	0.3333333333333333
357	121	0	5	0.295	63.0	315.0	0.6666666666666666
358	261	0	5	0.645	191.8	959.0	0.0
359	170	0	5	0.4175	89.4	447.0	0.3333333333333333
360	314	0	5	0.7775	157.0	785.0	0.6666666666666666
361	90	0	5	0.2175	38.2	191.0	0.3333333333333333
362	120	0	5	0.2925	116.8	584.0	0.3333333333333333
363	221	1	4	0.55	154.0	770.0	1.0
364	123	0	5	0.3	121.0	605.0	0.0
365	270	0	5	0.6675	54.0	270.0	0.6666666666666666
366	164	0	5	0.4025	48.4	242.0	0.6666666666666666
367	91	0	5	0.22	53.0	265.0	0.3333333333333333
368	267	1	4	0.665	97.4	487.0	1.0
369	339	0	5	0.84	212.4	1062.0	0.6666666666666666
370	367	1	4	0.915	130.6	653.0	1.0
371	161	0	5	0.395	142.6	713.0	0.6666666666666666
372	242	0	5	0.5975	120.2	601.0	0.6666666666666666
373	80	0	5	0.1925	78.0	390.0	0.0
374	160	0	5	0.3925	124.4	622.0	0.6666666666666666
375	353	1	4	0.88	296.8	1484.0	1.0
376	315	0	5	0.78	260.8	1304.0	0.3333333333333333
377	186	0	5	0.4575	179.2	896.0	0.0
378	209	0	5	0.515	200.2	1001.0	0.3333333333333333
379	243	0	5	0.6	222.4	1112.0	0.3333333333333333
380	141	0	5	0.345	62.2	311.0	0.0
381	189	0	5	0.465	187.0	935.0	0.0
382	94	0	5	0.2275	92.0	460.0	0.0
383	80	1	4	0.1975	54.6	273.0	1.0
384	180	0	5	0.4425	123.4	617.0	0.6666666666666666
385	224	0	5	0.5525	54.0	270.0	0.0
386	274	0	5	0.6775	121.2	606.0	0.6666666666666666
387	161	0	5	0.395	86.6	433.0	0.3333333333333333
388	254	0	5	0.6275	186.0	930.0	0.3333333333333333
389	215	0	5	0.53	213.0	1065.0	0.0
390	214	1	4	0.5325	64.4	322.0	1.0
391	173	0	5	0.425	135.6	678.0	0.3333333333333333
392	315	0	5	0.78	192.8	964.0	0.6666666666666666
393	83	0	5	0.2	81.0	405.0	0.0
394	136	0	5	0.3325	57.8	289.0	0.0
395	270	0	5	0.6675	110.0	550.0	0.6666666666666666
396	259	0	5	0.64	257.0	1285.0	0.0
397	255	0	5	0.63	169.4	847.0	0.3333333333333333
398	25	0	5	0.055	23.0	115.0	0.0
399	232	0	5	0.5725	203.0	1015.0	0.3333333333333333
400	226	0	5	0.5575	153.4	767.0	0.6666666666666666
401	302	0	5	0.7475	72.8	364.0	0.3333333333333333
402	238	0	5	0.5875	189.6	948.0	0.3333333333333333
403	216	0	5	0.5325	87.8	439.0	0.6666666666666666
404	63	0	5	0.15	54.8	274.0	0.3333333333333333
405	241	0	5	0.595	188.6	943.0	0.3333333333333333
406	298	1	3	0.7425	153.4	767.0	1.0
407	104	0	5	0.2525	89.4	447.0	0.0
408	322	0	5	0.7975	184.6	923.0	0.6666666666666666
409	317	0	5	0.785	103.0	515.0	0.6666666666666666
410	391	0	5	0.97	201.0	1005.0	0.6666666666666666
411	196	0	5	0.4825	178.6	893.0	0.0
412	188	0	5	0.4625	142.0	710.0	0.3333333333333333
413	116	0	5	0.2825	114.0	570.0	0.0
414	277	0	5	0.685	147.8	739.0	0.6666666666666666
415	266	0	5	0.6575	175.6	878.0	0.0
416	263	0	5	0.65	116.0	580.0	0.6666666666666666
417	113	0	5	0.275	89.2	446.0	0.0
418	203	0	5	0.5	159.6	798.0	0.6666666666666666
419	82	1	4	0.2025	52.8	264.0	1.0
420	117	0	5	0.285	29.4	147.0	0.3333333333333333
421	219	0	5	0.54	119.8	599.0	0.3333333333333333
422	366	0	5	0.9075	84.0	420.0	0.6666666666666666
423	248	0	5	0.6125	219.2	1096.0	0.3333333333333333
424	298	0	5	0.7375	190.0	950.0	0.3333333333333333
425	126	0	5	0.3075	46.4	232.0	0.3333333333333333
426	232	0	5	0.5725	102.6	513.0	0.3333333333333333
427	373	0	5	0.925	232.2	1161.0	0.6666666666666666
428	58	0	5	0.1375	47.2	236.0	0.0
429	164	0	5	0.4025	127.8	639.0	0.3333333333333333
430	152	0	5	0.3725	150.0	750.0	0.0
431	282	0	5	0.6975	160.2	801.0	0.6666666666666666
432	241	0	5	0.595	90.4	452.0	0.6666666666666666
433	210	0	5	0.5175	160.8	804.0	0.3333333333333333
434	60	0	5	0.1425	25.6	128.0	0.3333333333333333
435	83	0	5	0.2	81.0	405.0	0.0
436	292	1	4	0.7275	271.2	1356.0	1.0
437	251	0	5	0.62	249.0	1245.0	0.0
438	125	0	5	0.305	72.6	363.0	0.3333333333333333
439	110	0	5	0.2675	93.2	466.0	0.0
440	108	0	5	0.2625	105.2	526.0	0.3333333333333333
441	22	0	5	0.0475	20.0	100.0	0.0
442	146	0	5	0.3575	144.0	720.0	0.0
443	255	0	5	0.63	111.4	557.0	0.3333333333333333
444	324	0	5	0.8025	171.6	858.0	0.3333333333333333
445	42	0	5	0.0975	32.0	160.0	0.3333333333333333
446	314	0	5	0.7775	135.2	676.0	0.6666666666666666
447	131	0	5	0.32	26.2	131.0	0.3333333333333333
448	143	0	5	0.35	31.4	157.0	0.3333333333333333
449	269	0	5	0.665	197.0	985.0	0.6666666666666666
450	325	0	5	0.805	146.0	730.0	0.6666666666666666
451	171	0	5	0.42	164.2	821.0	0.0
452	291	0	5	0.72	208.6	1043.0	0.6666666666666666
453	121	0	5	0.295	93.8	469.0	0.0
454	211	0	5	0.52	158.6	793.0	0.3333333333333333
455	119	0	5	0.29	117.0	585.0	0.0
456	262	0	5	0.6475	150.4	752.0	0.6666666666666666
457	236	0	5	0.5825	137.4	687.0	0.3333333333333333
458	188	0	5	0.4625	113.6	568.0	0.3333333333333333
459	99	0	5	0.24	97.0	485.0	0.0
460	308	1	4	0.7675	89.8	449.0	1.0
461	97	0	5	0.235	80.6	403.0	0.3333333333333333
462	327	0	5	0.81	263.4	1317.0	0.3333333333333333
463	10	0	5	0.0175	8.0	40.0	0.0
464	354	0	5	0.8775	165.8	829.0	0.3333333333333333
465	394	0	5	0.9775	180.0	900.0	0.6666666666666666
466	215	0	5	0.53	176.4	882.0	0.6666666666666666
467	183	0	5	0.45	145.8	729.0	0.3333333333333333
468	128	0	5	0.3125	97.2	486.0	0.3333333333333333
469	55	0	5	0.13	53.0	265.0	0.0
470	297	0	5	0.735	171.8	859.0	0.3333333333333333
471	4	0	5	0.0025	2.0	10.0	0.0
472	341	0	5	0.845	167.6	838.0	0.6666666666666666
473	151	0	5	0.37	124.0	620.0	0.3333333333333333
474	250	0	5	0.6175	52.8	264.0	0.6666666666666666
475	210	0	5	0.5175	94.6	473.0	0.0
476	78	0	5	0.1875	66.2	331.0	0.3333333333333333
477	300	0	5	0.7425	186.8	934.0	0.3333333333333333
478	227	0	5	0.56	149.6	748.0	0.6666666666666666
479	138	0	5	0.3375	67.6	338.0	0.6666666666666666
480	263	1	4	0.655	187.0	935.0	1.0
481	272	0	5	0.6725	137.2	686.0	0.6666666666666666
482	277	1	4	0.69	168.4	842.0	1.0
483	236	0	5	0.5825	226.4	1132.0	0.3333333333333333
484	116	0	5	0.2825	101.0	505.0	0.6666666666666666
485	305	0	5	0.755	233.8	1169.0	0.6666666666666666
486	247	0	5	0.61	89.0	445.0	0.3333333333333333
487	305	0	5	0.755	192.2	961.0	0.6666666666666666
488	388	0	5	0.9625	241.8	1209.0	0.6666666666666666
489	76	0	5	0.1825	59.6	298.0	0.0
490	377	0	5	0.935	294.2	1471.0	0.6666666666666666
491	72	0	5	0.1725	66.0	330.0	0.3333333333333333
492	341	0	5	0.845	95.8	479.0	0.3333333333333333
493	324	0	5	0.8025	86.8	434.0	0.6666666666666666
494	189	0	5	0.465	151.0	755.0	0.3333333333333333
495	270	1	4	0.6725	153.2	766.0	1.0
496	64	0	5	0.1525	62.0	310.0	0.0
497	270	1	4	0.6725	158.8	794.0	1.0
498	110	0	5	0.2675	54.6	273.0	0.0
499	287	0	5	0.71	66.2	331.0	0.3333333333333333
500	302	0	5	0.7475	242.2	1211.0	0.0
501	260	0	5	0.6425	138.0	690.0	0.6666666666666666
502	138	0	5	0.3375	101.6	508.0	0.0
503	272	0	5	0.6725	193.0	965.0	0.6666666666666666
504	173	0	5	0.425	136.2	681.0	0.3333333333333333
505	51	0	5	0.12	45.8	229.0	0.0
506	276	0	5	0.6825	190.8	954.0	0.3333333333333333
507	211	0	5	0.52	120.8	604.0	0.6666666666666666
508	307	0	5	0.76	129.2	646.0	0.3333333333333333
509	213	0	5	0.525	141.4	707.0	0.3333333333333333
510	100	0	5	0.2425	98.0	490.0	0.0
511	124	0	5	0.3025	72.8	364.0	0.3333333333333333
512	112	0	5	0.2725	28.4	142.0	0.3333333333333333
513	136	0	5	0.3325	105.2	526.0	0.0
514	34	0	5	0.0775	32.0	160.0	0.0
515	192	0	5	0.4725	170.0	850.0	0.3333333333333333
516	273	0	5	0.675	97.8	489.0	0.3333333333333333
517	67	0	5	0.16	55.4	277.0	0.3333333333333333
518	310	0	5	0.7675	247.2	1236.0	0.3333333333333333
519	98	0	5	0.2375	44.0	220.0	0.6666666666666666
520	3	0	5	0.0025	0.2	1.0	0.3333333333333333
521	119	0	5	0.29	117.0	585.0	0.0
522	196	0	5	0.4825	130.8	654.0	0.0
523	309	1	4	0.77	188.0	940.0	1.0
524	270	0	5	0.6675	128.4	642.0	0.3333333333333333
525	78	0	5	0.1875	34.0	170.0	0.0
526	88	0	5	0.2125	79.8	399.0	0.0
527	277	0	5	0.685	146.8	734.0	0.6666666666666666
528	70	0	5	0.1675	68.0	340.0	0.0
529	132	0	5	0.3225	101.8	509.0	0.3333333333333333
530	156	0	5	0.3825	154.0	770.0	0.0
531	227	0	5	0.56	139.0	695.0	0.3333333333333333
532	382	0	5	0.9475	273.4	1367.0	0.6666666666666666
533	124	0	5	0.3025	52.4	262.0	0.3333333333333333
534	172	0	5	0.4225	109.2	546.0	0.3333333333333333
535	8	0	5	0.0125	6.0	30.0	0.0
536	2	0	5	0.0	0.0	0.0	0.0
537	45	0	5	0.105	18.4	92.0	0.3333333333333333
538	136	1	4	0.3375	32.0	160.0	1.0
539	304	0	5	0.7525	263.8	1319.0	0.3333333333333333
540	283	0	5	0.7	159.8	799.0	0.0
541	398	0	5	0.9875	242.4	1212.0	0.6666666666666666
542	265	0	5	0.655	169.4	847.0	0.6666666666666666
543	373	0	5	0.925	207.2	1036.0	0.6666666666666666
544	230	0	5	0.5675	56.4	282.0	0.3333333333333333
545	84	0	5	0.2025	33.2	166.0	0.0
546	244	0	5	0.6025	180.4	902.0	0.6666666666666666
547	147	0	5	0.36	66.0	330.0	0.3333333333333333
548	271	0	5	0.67	180.4	902.0	0.6666666666666666
549	46	0	5	0.1075	44.0	220.0	0.0
550	68	0	5	0.1625	66.0	330.0	0.0
551	140	0	5	0.3425	115.2	576.0	0.0
552	103	0	5	0.25	85.8	429.0	0.3333333333333333
553	80	0	5	0.1925	74.6	373.0	0.0
554	49	0	5	0.115	47.0	235.0	0.0
555	307	0	5	0.76	107.0	535.0	0.6666666666666666
556	304	0	5	0.7525	176.4	882.0	0.3333333333333333
557	289	0	5	0.715	175.8	879.0	0.6666666666666666
558	114	0	5	0.2775	93.4	467.0	0.3333333333333333
559	355	1	4	0.885	176.4	882.0	1.0
560	85	0	5	0.205	83.0	415.0	0.0
561	264	1	3	0.6575	168.8	844.0	1.0
562	276	1	4	0.6875	211.8	1059.0	1.0
563	70	0	5	0.1675	38.4	192.0	0.3333333333333333
564	33	0	5	0.075	27.0	135.0	0.3333333333333333
565	159	0	5	0.39	137.0	685.0	0.6666666666666666
566	56	0	5	0.1325	54.0	270.0	0.0
567	378	0	5	0.9375	273.0	1365.0	0.6666666666666666
568	269	0	5	0.665	88.8	444.0	0.6666666666666666
569	299	0	5	0.74	130.8	654.0	0.6666666666666666
570	97	0	5	0.235	94.2	471.0	0.0
571	180	0	5	0.4425	174.8	874.0	0.0
572	44	0	5	0.1025	23.4	117.0	0.0
573	10	0	5	0.0175	8.0	40.0	0.0
574	64	0	5	0.1525	44.8	224.0	0.0
575	212	0	5	0.5225	136.8	684.0	0.6666666666666666
576	284	0	5	0.7025	222.0	1110.0	0.3333333333333333
577	337	0	5	0.835	138.8	694.0	0.3333333333333333
578	294	0	5	0.7275	245.2	1226.0	0.3333333333333333
579	379	0	5	0.94	159.4	797.0	0.6666666666666666
580	55	0	5	0.13	53.0	265.0	0.0
581	89	0	5	0.215	71.8	359.0	0.0
582	387	1	4	0.965	207.8	1039.0	1.0
583	345	0	5	0.855	133.2	666.0	0.3333333333333333
584	159	0	5	0.39	33.2	166.0	0.3333333333333333
585	383	1	4	0.955	152.0	760.0	1.0
586	36	0	5	0.0825	34.0	170.0	0.0
587	262	0	5	0.6475	153.6	768.0	0.3333333333333333
588	163	0	5	0.4	124.6	623.0	0.3333333333333333
589	94	0	5	0.2275	55.6	278.0	0.6666666666666666
590	366	0	5	0.9075	186.0	930.0	0.6666666666666666
591	275	0	5	0.68	196.2	981.0	0.6666666666666666
592	124	0	5	0.3025	64.8	324.0	0.6666666666666666
593	172	0	5	0.4225	113.2	566.0	0.3333333333333333
594	284	0	5	0.7025	274.8	1374.0	0.0
595	228	0	5	0.5625	150.4	752.0	0.0
596	281	0	5	0.695	194.6	973.0	0.3333333333333333
597	299	0	5	0.74	199.2	996.0	0.3333333333333333
598	196	0	5	0.4825	131.0	655.0	0.3333333333333333
599	144	0	5	0.3525	62.8	314.0	0.3333333333333333
600	273	0	5	0.675	214.6	1073.0	0.0
601	366	1	4	0.9125	190.8	954.0	1.0
602	331	1	4	0.825	173.2	866.0	1.0
603	86	0	5	0.2075	81.0	405.0	0.3333333333333333
604	329	0	5	0.815	145.2	726.0	0.3333333333333333
605	147	0	5	0.36	115.2	576.0	0.0
606	357	0	5	0.885	281.0	1405.0	0.3333333333333333
607	99	0	5	0.24	97.0	485.0	0.0
608	248	0	5	0.6125	241.2	1206.0	0.0
609	269	0	5	0.665	73.4	367.0	0.6666666666666666
610	40	0	5	0.0925	38.0	190.0	0.0
611	187	0	5	0.46	93.0	465.0	0.6666666666666666
612	51	0	5	0.12	49.0	245.0	0.0
613	251	0	5	0.62	182.8	914.0	0.3333333333333333
614	163	0	5	0.4	138.4	692.0	0.0
615	155	0	5	0.38	57.8	289.0	0.3333333333333333
616	348	0	5	0.8625	180.6	903.0	0.6666666666666666
617	248	0	5	0.6125	224.4	1122.0	0.0
618	191	0	5	0.47	49.0	245.0	0.6666666666666666
619	77	0	5	0.185	39.0	195.0	0.3333333333333333
620	276	1	4	0.6875	112.0	560.0	1.0
621	314	0	5	0.7775	222.0	1110.0	0.3333333333333333
622	345	0	5	0.855	103.8	519.0	0.6666666666666666
623	365	1	4	0.91	148.8	744.0	1.0
624	139	0	5	0.34	120.2	601.0	0.3333333333333333
625	100	0	5	0.2425	54.8	274.0	0.3333333333333333
626	47	0	5	0.11	45.0	225.0	0.0
627	96	0	5	0.2325	92.0	460.0	0.0
628	96	0	5	0.2325	22.8	114.0	0.6666666666666666
629	87	1	4	0.215	83.8	419.0	1.0
630	316	0	5	0.7825	188.2	941.0	0.3333333333333333
631	97	0	5	0.235	95.0	475.0	0.0
632	349	1	4	0.87	96.2	481.0	1.0
633	12	0	5	0.0225	10.0	50.0	0.0
634	269	0	5	0.665	167.0	835.0	0.3333333333333333
635	188	0	5	0.4625	164.8	824.0	0.3333333333333333
636	225	0	5	0.555	140.6	703.0	0.3333333333333333
637	349	0	5	0.865	104.0	520.0	0.6666666666666666
638	347	1	4	0.865	234.2	1171.0	1.0
639	141	0	5	0.345	59.8	299.0	0.3333333333333333
640	373	0	5	0.925	218.6	1093.0	0.6666666666666666
641	276	0	5	0.6825	274.0	1370.0	0.3333333333333333
642	251	0	5	0.62	166.0	830.0	0.6666666666666666
643	15	0	5	0.03	13.0	65.0	0.0
644	83	0	5	0.2	78.6	393.0	0.3333333333333333
645	336	1	4	0.8375	91.2	456.0	1.0
646	103	0	5	0.25	75.4	377.0	0.0
647	240	0	5	0.5925	226.0	1130.0	0.3333333333333333
648	381	1	4	0.95	276.8	1384.0	1.0
649	253	0	5	0.625	207.8	1039.0	0.3333333333333333
650	85	0	5	0.205	55.0	275.0	0.3333333333333333
651	289	0	5	0.715	270.0	1350.0	0.3333333333333333
652	240	0	5	0.5925	98.8	494.0	0.3333333333333333
653	123	0	5	0.3	121.0	605.0	0.0
654	291	1	4	0.725	134.2	671.0	1.0
655	329	0	5	0.815	200.2	1001.0	0.6666666666666666
656	154	0	5	0.3775	113.6	568.0	0.3333333333333333
657	310	0	5	0.7675	148.8	744.0	0.6666666666666666
658	236	0	5	0.5825	152.4	762.0	0.3333333333333333
659	359	0	5	0.89	264.8	1324.0	0.6666666666666666
660	228	1	4	0.5675	197.4	987.0	1.0
661	49	0	5	0.115	40.2	201.0	0.0
662	330	0	5	0.8175	171.0	855.0	0.6666666666666666
663	319	0	5	0.79	236.2	1181.0	0.3333333333333333
664	213	0	5	0.525	144.6	723.0	0.0
665	295	0	5	0.73	162.4	812.0	0.6666666666666666
666	302	0	5	0.7475	62.4	312.0	0.3333333333333333
667	174	0	5	0.4275	144.4	722.0	0.0
668	133	0	5	0.325	96.2	481.0	0.3333333333333333
669	28	0	5	0.0625	9.2	46.0	0.3333333333333333
670	360	0	5	0.8925	181.2	906.0	0.6666666666666666
671	93	0	5	0.225	79.0	395.0	0.6666666666666666
672	188	0	5	0.4625	83.4	417.0	0.6666666666666666
673	130	1	4	0.3225	86.8	434.0	1.0
674	58	0	5	0.1375	56.0	280.0	0.0
675	173	0	5	0.425	77.0	385.0	0.3333333333333333
676	213	1	4	0.53	137.4	687.0	1.0
677	63	1	4	0.155	48.2	241.0	1.0
678	271	0	5	0.67	93.8	469.0	0.6666666666666666
679	266	0	5	0.6575	230.8	1154.0	0.3333333333333333
680	224	0	5	0.5525	162.8	814.0	0.6666666666666666
681	249	0	5	0.615	167.8	839.0	0.3333333333333333
682	286	0	5	0.7075	216.8	1084.0	0.3333333333333333
683	57	0	5	0.135	55.0	275.0	0.0
684	298	0	5	0.7375	158.0	790.0	0.0
685	238	0	5	0.5875	171.0	855.0	0.3333333333333333
686	286	1	4	0.7125	85.2	426.0	1.0
687	124	0	5	0.3025	122.0	610.0	0.0
688	239	0	5	0.59	61.0	305.0	0.6666666666666666
689	353	0	5	0.875	164.8	824.0	0.6666666666666666
690	14	0	5	0.0275	12.0	60.0	0.0
691	311	0	5	0.77	195.8	979.0	0.3333333333333333
692	97	0	5	0.235	95.0	475.0	0.3333333333333333
693	154	0	5	0.3775	33.4	167.0	0.6666666666666666
694	55	0	5	0.13	53.0	265.0	0.0
695	109	0	5	0.265	83.8	419.0	0.3333333333333333
696	358	0	5	0.8875	176.0	880.0	0.6666666666666666
697	326	0	5	0.8075	140.0	700.0	0.6666666666666666
698	220	0	5	0.5425	50.8	254.0	0.3333333333333333
699	323	1	4	0.805	191.6	958.0	1.0
700	293	0	5	0.725	114.2	571.0	0.6666666666666666
701	193	0	5	0.475	155.8	779.0	0.3333333333333333
702	110	0	5	0.2675	28.0	140.0	0.0
703	382	0	5	0.9475	194.6	973.0	0.3333333333333333
704	90	0	5	0.2175	88.0	440.0	0.0
705	17	0	5	0.035	15.0	75.0	0.0
706	241	0	5	0.595	80.6	403.0	0.6666666666666666
707	143	0	5	0.35	117.0	585.0	0.3333333333333333
708	335	0	5	0.83	177.8	889.0	0.6666666666666666
709	266	0	5	0.6575	178.8	894.0	0.0
710	101	0	5	0.245	99.0	495.0	0.0
711	376	0	5	0.9325	315.2	1576.0	0.6666666666666666
712	127	0	5	0.31	101.0	505.0	0.3333333333333333
713	218	0	5	0.5375	74.8	374.0	0.6666666666666666
714	312	0	5	0.7725	114.8	574.0	0.6666666666666666
715	115	0	5	0.28	91.0	455.0	0.3333333333333333
716	271	0	5	0.67	132.2	661.0	0.6666666666666666
717	115	0	5	0.28	104.0	520.0	0.3333333333333333
718	150	0	5	0.3675	148.0	740.0	0.0
719	147	0	5	0.36	145.0	725.0	0.0
720	42	0	5	0.0975	40.0	200.0	0.0
721	263	0	5	0.65	220.0	1100.0	0.3333333333333333
722	44	0	5	0.1025	39.6	198.0	0.3333333333333333
723	299	0	5	0.74	91.0	455.0	0.3333333333333333
724	140	0	5	0.3425	102.8	514.0	0.0
725	401	0	5	0.995	324.2	1621.0	0.6666666666666666
726	356	1	4	0.8875	201.0	1005.0	1.0
727	336	0	5	0.8325	105.6	528.0	0.6666666666666666
728	150	0	5	0.3675	68.8	344.0	0.3333333333333333
729	393	0	5	0.975	245.0	1225.0	0.6666666666666666
730	57	0	5	0.135	49.4	247.0	0.3333333333333333
731	260	1	4	0.6475	80.0	400.0	1.0
732	117	0	5	0.285	97.4	487.0	0.0
733	167	0	5	0.41	138.6	693.0	0.0
734	311	0	5	0.77	154.8	774.0	0.3333333333333333
735	288	0	5	0.7125	267.6	1338.0	0.0
736	125	0	5	0.305	81.4	407.0	0.3333333333333333
737	384	0	5	0.9525	181.0	905.0	0.3333333333333333
738	209	0	5	0.515	50.2	251.0	0.3333333333333333
739	401	0	4	0.9975	188.0	940.0	0.6666666666666666
740	286	0	5	0.7075	126.6	633.0	0.6666666666666666
741	151	0	5	0.37	86.4	432.0	0.3333333333333333
742	167	0	5	0.41	121.4	607.0	0.6666666666666666
743	161	0	5	0.395	122.8	614.0	0.3333333333333333
744	325	0	5	0.805	313.4	1567.0	0.0
745	22	0	5	0.0475	20.0	100.0	0.0
746	321	0	5	0.795	98.2	491.0	0.6666666666666666
747	171	0	5	0.42	102.4	512.0	0.3333333333333333
748	15	0	5	0.03	13.0	65.0	0.0
749	206	0	5	0.5075	147.8	739.0	0.3333333333333333
750	106	0	5	0.2575	104.0	520.0	0.0
751	45	0	5	0.105	24.6	123.0	0.3333333333333333
752	29	0	5	0.065	27.0	135.0	0.0
753	80	0	5	0.1925	78.0	390.0	0.0
754	77	0	5	0.185	38.6	193.0	0.3333333333333333
755	167	0	5	0.41	155.4	777.0	0.3333333333333333
756	127	0	5	0.31	89.4	447.0	0.3333333333333333
757	208	0	5	0.5125	74.8	374.0	0.6666666666666666
758	390	0	5	0.9675	164.0	820.0	0.3333333333333333
759	302	1	4	0.7525	229.4	1147.0	1.0
760	300	0	5	0.7425	117.6	588.0	0.6666666666666666
761	192	0	5	0.4725	166.0	830.0	0.3333333333333333
762	347	0	5	0.86	213.2	1066.0	0.6666666666666666
763	171	1	4	0.425	129.4	647.0	1.0
764	202	0	5	0.4975	144.8	724.0	0.6666666666666666
765	216	1	4	0.5375	107.6	538.0	1.0
766	213	0	5	0.525	51.0	255.0	0.6666666666666666
767	224	0	5	0.5525	187.2	936.0	0.0
768	208	0	5	0.5125	76.4	382.0	0.3333333333333333
769	60	0	5	0.1425	47.8	239.0	0.0
770	224	0	5	0.5525	131.6	658.0	0.6666666666666666
771	231	1	4	0.575	126.4	632.0	1.0
772	256	0	5	0.6325	109.4	547.0	0.6666666666666666
773	351	1	4	0.875	87.8	439.0	1.0
774	105	0	5	0.255	35.8	179.0	0.3333333333333333
775	65	0	5	0.155	63.0	315.0	0.3333333333333333
776	321	0	5	0.795	78.8	394.0	0.6666666666666666
777	89	0	5	0.215	63.4	317.0	0.0
778	208	0	5	0.5125	99.8	499.0	0.0
779	326	0	5	0.8075	133.2	666.0	0.3333333333333333
780	253	0	5	0.625	190.4	952.0	0.3333333333333333
781	272	0	5	0.6725	231.2	1156.0	0.3333333333333333
782	294	1	4	0.7325	159.6	798.0	1.0
783	217	0	5	0.535	99.8	499.0	0.3333333333333333
784	181	0	5	0.445	150.8	754.0	0.3333333333333333
785	231	0	5	0.57	163.4	817.0	0.6666666666666666
786	347	0	5	0.86	245.4	1227.0	0.0
787	335	1	4	0.835	204.0	1020.0	1.0
788	132	0	5	0.3225	57.4	287.0	0.0
789	239	0	5	0.59	184.6	923.0	0.6666666666666666
790	355	0	5	0.88	232.2	1161.0	0.6666666666666666
791	160	0	5	0.3925	84.8	424.0	0.6666666666666666
792	301	0	5	0.745	219.0	1095.0	0.6666666666666666
793	367	0	5	0.91	218.2	1091.0	0.0
794	372	0	5	0.9225	170.4	852.0	0.6666666666666666
795	179	0	5	0.44	118.2	591.0	0.3333333333333333
796	149	0	5	0.365	147.0	735.0	0.0
797	348	1	3	0.8675	184.2	921.0	1.0
798	221	0	5	0.545	149.4	747.0	0.6666666666666666
799	317	0	5	0.785	101.8	509.0	0.6666666666666666
800	219	0	5	0.54	60.8	304.0	0.3333333333333333
801	185	1	4	0.46	131.4	657.0	1.0
802	383	0	5	0.95	266.0	1330.0	0.6666666666666666
803	104	0	5	0.2525	89.0	445.0	0.0
804	206	0	5	0.5075	102.0	510.0	0.3333333333333333
805	398	0	5	0.9875	120.4	602.0	0.6666666666666666
806	61	0	5	0.145	43.8	219.0	0.6666666666666666
807	56	0	5	0.1325	54.0	270.0	0.0
808	330	0	5	0.8175	152.0	760.0	0.3333333333333333
809	273	0	5	0.675	186.8	934.0	0.6666666666666666
810	104	0	5	0.2525	102.0	510.0	0.0
811	384	0	5	0.9525	156.4	782.0	0.6666666666666666
812	34	0	5	0.0775	32.0	160.0	0.0
813	55	0	5	0.13	53.0	265.0	0.0
814	233	1	4	0.58	120.6	603.0	1.0
815	291	0	5	0.72	207.6	1038.0	0.6666666666666666
816	231	0	5	0.57	97.0	485.0	0.3333333333333333
817	214	0	5	0.5275	212.0	1060.0	0.0
818	60	0	5	0.1425	58.0	290.0	0.0
819	300	0	5	0.7425	237.8	1189.0	0.3333333333333333
820	156	0	5	0.3825	104.0	520.0	0.6666666666666666
821	401	0	4	0.9975	157.4	787.0	0.6666666666666666
822	230	0	5	0.5675	49.6	248.0	0.3333333333333333
823	177	0	5	0.435	175.0	875.0	0.0
824	110	0	5	0.2675	89.2	446.0	0.3333333333333333
825	81	0	5	0.195	68.2	341.0	0.3333333333333333
826	287	1	4	0.715	120.6	603.0	1.0
827	204	0	5	0.5025	170.0	850.0	0.0
828	145	0	5	0.355	143.0	715.0	0.0
829	242	0	5	0.5975	131.2	656.0	0.6666666666666666
830	352	0	5	0.8725	85.2	426.0	0.6666666666666666
831	20	0	5	0.0425	17.2	86.0	0.3333333333333333
832	256	0	5	0.6325	225.0	1125.0	0.3333333333333333
833	31	0	5	0.07	29.0	145.0	0.0
834	401	0	5	0.995	236.0	1180.0	0.6666666666666666
835	6	0	5	0.0075	4.0	20.0	0.0
836	25	0	5	0.055	23.0	115.0	0.0
837	318	0	5	0.7875	168.2	841.0	0.6666666666666666
838	207	0	5	0.51	191.6	958.0	0.3333333333333333
839	312	0	5	0.7725	159.4	797.0	0.6666666666666666
840	231	0	5	0.57	155.8	779.0	0.3333333333333333
841	210	0	5	0.5175	205.2	1026.0	0.3333333333333333
842	290	0	5	0.7175	271.2	1356.0	0.3333333333333333
843	252	1	4	0.6275	185.8	929.0	1.0
844	400	1	4	0.9975	169.6	848.0	1.0
845	359	0	5	0.89	201.6	1008.0	0.6666666666666666
846	293	0	5	0.725	127.4	637.0	0.6666666666666666
847	187	0	5	0.46	149.0	745.0	0.0
848	43	0	5	0.1	29.6	148.0	0.3333333333333333
849	278	0	5	0.6875	186.4	932.0	0.6666666666666666
850	204	0	5	0.5025	49.6	248.0	0.3333333333333333
851	248	0	5	0.6125	209.4	1047.0	0.3333333333333333
852	233	0	5	0.575	144.6	723.0	0.6666666666666666
853	73	0	5	0.175	63.2	316.0	0.3333333333333333
854	389	0	5	0.965	258.6	1293.0	0.6666666666666666
855	283	0	5	0.7	153.2	766.0	0.3333333333333333
856	75	0	5	0.18	73.0	365.0	0.3333333333333333
857	8	0	5	0.0125	6.0	30.0	0.0
858	273	0	5	0.675	147.6	738.0	0.6666666666666666
859	197	0	5	0.485	144.2	721.0	0.3333333333333333
860	84	0	5	0.2025	68.8	344.0	0.0
861	103	0	5	0.25	83.0	415.0	0.3333333333333333
862	366	0	5	0.9075	151.0	755.0	0.6666666666666666
863	166	0	5	0.4075	96.8	484.0	0.3333333333333333
864	341	0	5	0.845	137.2	686.0	0.6666666666666666
865	133	0	5	0.325	100.6	503.0	0.6666666666666666
866	158	0	5	0.3875	79.0	395.0	0.6666666666666666
867	130	0	5	0.3175	128.0	640.0	0.0
868	181	0	5	0.445	145.0	725.0	0.3333333333333333
869	232	1	4	0.5775	122.6	613.0	1.0
870	122	0	5	0.2975	109.4	547.0	0.3333333333333333
871	121	0	5	0.295	119.0	595.0	0.3333333333333333
872	325	0	5	0.805	241.4	1207.0	0.3333333333333333
873	284	0	5	0.7025	249.0	1245.0	0.3333333333333333
874	250	0	5	0.6175	156.8	784.0	0.3333333333333333
875	307	0	5	0.76	125.0	625.0	0.3333333333333333
876	267	1	4	0.665	110.2	551.0	1.0
877	110	0	5	0.2675	108.0	540.0	0.0
878	193	0	5	0.475	99.8	499.0	0.3333333333333333
879	21	0	5	0.045	18.2	91.0	0.3333333333333333
880	323	0	5	0.8	183.4	917.0	0.3333333333333333
881	240	1	4	0.5975	98.4	492.0	1.0
882	202	0	5	0.4975	106.6	533.0	0.6666666666666666
883	20	0	5	0.0425	15.6	78.0	0.3333333333333333
884	77	0	5	0.185	24.6	123.0	0.6666666666666666
885	243	0	5	0.6	199.6	998.0	0.6666666666666666
886	62	0	5	0.1475	60.0	300.0	0.0
887	118	0	5	0.2875	75.8	379.0	0.3333333333333333
888	71	0	5	0.17	50.6	253.0	0.3333333333333333
889	292	0	5	0.7225	210.6	1053.0	0.3333333333333333
890	83	0	5	0.2	81.0	405.0	0.0
891	319	0	5	0.79	210.2	1051.0	0.3333333333333333
892	383	1	4	0.955	336.0	1680.0	1.0
893	94	0	5	0.2275	75.2	376.0	0.3333333333333333
894	186	0	5	0.4575	61.8	309.0	0.6666666666666666
895	61	0	5	0.145	59.0	295.0	0.0
896	379	1	4	0.945	111.0	555.0	1.0
897	179	0	5	0.44	163.2	816.0	0.0
898	114	0	5	0.2775	81.2	406.0	0.6666666666666666
899	103	0	5	0.25	44.6	223.0	0.3333333333333333
900	342	0	5	0.8475	93.8	469.0	0.6666666666666666
901	223	0	5	0.55	170.0	850.0	0.3333333333333333
902	320	0	5	0.7925	277.0	1385.0	0.3333333333333333
903	335	0	5	0.83	172.2	861.0	0.6666666666666666
904	279	1	4	0.695	188.6	943.0	1.0
905	151	0	5	0.37	37.4	187.0	0.3333333333333333
906	116	1	4	0.2875	35.2	176.0	1.0
907	242	0	5	0.5975	142.2	711.0	0.3333333333333333
908	186	0	5	0.4575	157.2	786.0	0.3333333333333333
909	339	0	5	0.84	158.8	794.0	0.6666666666666666
910	54	0	5	0.1275	16.8	84.0	0.6666666666666666
911	25	0	5	0.055	23.0	115.0	0.0
912	258	0	5	0.6375	158.4	792.0	0.3333333333333333
913	326	0	5	0.8075	72.8	364.0	0.6666666666666666
914	183	0	5	0.45	112.2	561.0	0.3333333333333333
915	66	0	5	0.1575	64.0	320.0	0.0
916	209	0	5	0.515	108.2	541.0	0.6666666666666666
917	342	0	5	0.8475	219.6	1098.0	0.6666666666666666
918	170	0	5	0.4175	49.8	249.0	0.3333333333333333
919	96	0	5	0.2325	53.2	266.0	0.3333333333333333
920	280	0	5	0.6925	162.0	810.0	0.3333333333333333
921	141	0	5	0.345	77.4	387.0	0.6666666666666666
922	169	0	5	0.415	139.4	697.0	0.3333333333333333
923	326	0	5	0.8075	240.4	1202.0	0.3333333333333333
924	240	0	5	0.5925	176.2	881.0	0.3333333333333333
925	160	0	5	0.3925	40.4	202.0	0.3333333333333333
926	33	0	5	0.075	26.0	130.0	0.0
927	213	1	4	0.53	72.2	361.0	1.0
928	112	0	5	0.2725	62.0	310.0	0.3333333333333333
929	247	0	5	0.61	153.4	767.0	0.6666666666666666
930	190	0	5	0.4675	96.8	484.0	0.0
931	395	1	4	0.985	120.6	603.0	1.0
932	167	0	5	0.41	110.2	551.0	0.6666666666666666
933	243	0	5	0.6	174.4	872.0	0.6666666666666666
934	8	0	5	0.0125	6.0	30.0	0.0
935	358	0	5	0.8875	171.6	858.0	0.6666666666666666
936	264	0	5	0.6525	148.2	741.0	0.6666666666666666
937	124	0	5	0.3025	122.0	610.0	0.0
938	106	0	5	0.2575	52.4	262.0	0.3333333333333333
939	161	0	5	0.395	159.0	795.0	0.0
940	147	0	5	0.36	44.2	221.0	0.3333333333333333
941	355	1	4	0.885	261.6	1308.0	1.0
942	323	1	4	0.805	165.0	825.0	1.0
943	110	0	5	0.2675	71.2	356.0	0.3333333333333333
944	208	1	3	0.5175	164.0	820.0	1.0
945	133	0	5	0.325	101.4	507.0	0.3333333333333333
946	327	0	5	0.81	144.4	722.0	0.6666666666666666
947	276	0	5	0.6825	148.0	740.0	0.3333333333333333
948	75	0	5	0.18	38.8	194.0	0.0
949	210	0	5	0.5175	114.0	570.0	0.3333333333333333
950	122	0	5	0.2975	111.6	558.0	0.0
951	123	0	5	0.3	83.0	415.0	0.3333333333333333
952	305	0	5	0.755	200.6	1003.0	0.3333333333333333
953	126	0	5	0.3075	102.4	512.0	0.3333333333333333
954	371	0	5	0.92	262.6	1313.0	0.6666666666666666
955	102	0	5	0.2475	58.6	293.0	0.0
956	230	0	5	0.5675	151.2	756.0	0.6666666666666666
957	155	0	5	0.38	109.4	547.0	0.0
958	155	0	5	0.38	117.0	585.0	0.3333333333333333
959	344	0	5	0.8525	284.4	1422.0	0.6666666666666666
960	71	0	5	0.17	69.0	345.0	0.0
961	70	0	5	0.1675	68.0	340.0	0.0
962	32	0	5	0.0725	30.0	150.0	0.0
963	324	0	5	0.8025	152.4	762.0	0.6666666666666666
964	42	0	5	0.0975	40.0	200.0	0.0
965	231	0	5	0.57	229.0	1145.0	0.0
966	74	0	5	0.1775	50.4	252.0	0.3333333333333333
967	226	1	4	0.5625	151.0	755.0	1.0
968	111	0	5	0.27	62.2	311.0	0.0
969	126	0	5	0.3075	106.8	534.0	0.3333333333333333
970	281	0	5	0.695	246.0	1230.0	0.6666666666666666
971	141	0	5	0.345	43.0	215.0	0.3333333333333333
972	327	0	5	0.81	275.0	1375.0	0.0
973	241	1	4	0.6	73.4	367.0	1.0
974	137	0	5	0.335	68.8	344.0	0.3333333333333333
975	334	0	5	0.8275	182.4	912.0	0.6666666666666666
976	207	0	5	0.51	143.4	717.0	0.0
977	309	0	5	0.765	252.4	1262.0	0.3333333333333333
978	302	0	5	0.7475	279.6	1398.0	0.3333333333333333
979	221	0	5	0.545	159.4	797.0	0.3333333333333333
980	146	0	5	0.3575	36.8	184.0	0.3333333333333333
981	2	0	5	0.0	0.0	0.0	0.0
982	343	0	5	0.85	183.8	919.0	0.6666666666666666
983	104	0	5	0.2525	73.8	369.0	0.3333333333333333
984	210	0	5	0.5175	184.8	924.0	0.3333333333333333
985	129	0	5	0.315	66.2	331.0	0.3333333333333333
986	270	0	5	0.6675	149.6	748.0	0.6666666666666666
987	295	0	5	0.73	236.4	1182.0	0.6666666666666666
988	7	0	5	0.01	5.0	25.0	0.0
989	267	1	4	0.665	107.4	537.0	1.0
990	195	0	5	0.48	71.4	357.0	0.3333333333333333
991	400	0	5	0.9925	160.4	802.0	0.6666666666666666
992	239	0	5	0.59	220.2	1101.0	0.0
993	46	0	5	0.1075	44.0	220.0	0.0
994	211	0	5	0.52	47.4	237.0	0.3333333333333333
995	116	0	5	0.2825	91.2	456.0	0.0
996	135	0	5	0.33	103.4	517.0	0.0
997	266	0	5	0.6575	200.6	1003.0	0.3333333333333333
998	311	0	5	0.77	186.6	933.0	0.3333333333333333
999	383	0	5	0.95	207.4	1037.0	0.3333333333333333
1000	235	1	4	0.585	89.4	447.0	1.0
1001	175	1	4	0.435	132.2	661.0	1.0
1002	225	1	4	0.56	64.2	321.0	1.0
1003	6	0	5	0.0075	4.0	20.0	0.0
1004	9	0	5	0.015	7.0	35.0	0.0
1005	400	0	5	0.9925	336.8	1684.0	0.6666666666666666
1006	170	0	5	0.4175	80.8	404.0	0.0
1007	52	0	5	0.1225	50.0	250.0	0.0
1008	21	0	5	0.045	16.0	80.0	0.3333333333333333
1009	270	0	5	0.6675	229.6	1148.0	0.3333333333333333
1010	212	0	5	0.5225	122.0	610.0	0.6666666666666666
1011	191	0	5	0.47	132.0	660.0	0.0
1012	194	0	5	0.4775	121.6	608.0	0.3333333333333333
1013	148	0	5	0.3625	68.6	343.0	0.6666666666666666
1014	175	1	4	0.435	137.0	685.0	1.0
1015	323	0	5	0.8	204.8	1024.0	0.6666666666666666
1016	75	0	5	0.18	26.6	133.0	0.3333333333333333
1017	249	0	5	0.615	169.0	845.0	0.3333333333333333
1018	128	0	5	0.3125	50.8	254.0	0.3333333333333333
1019	173	0	5	0.425	171.0	855.0	0.0
1020	72	0	5	0.1725	17.2	86.0	0.3333333333333333
1021	174	0	5	0.4275	80.8	404.0	0.3333333333333333
1022	212	1	4	0.5275	182.2	911.0	1.0
1023	82	0	5	0.1975	27.2	136.0	0.3333333333333333
1024	106	0	5	0.2575	104.0	520.0	0.0
1025	301	0	5	0.745	257.4	1287.0	0.3333333333333333
1026	154	0	5	0.3775	65.6	328.0	0.6666666666666666
1027	242	1	4	0.6025	131.2	656.0	1.0
1028	208	1	4	0.5175	100.0	500.0	1.0
1029	318	0	5	0.7875	227.0	1135.0	0.3333333333333333
1030	106	0	5	0.2575	41.6	208.0	0.3333333333333333
1031	186	0	5	0.4575	107.8	539.0	0.3333333333333333
1032	273	0	5	0.675	156.6	783.0	0.6666666666666666
1033	62	0	5	0.1475	60.0	300.0	0.0
1034	296	0	5	0.7325	125.2	626.0	0.6666666666666666
1035	392	1	4	0.9775	98.4	492.0	1.0
1036	246	0	5	0.6075	140.0	700.0	0.3333333333333333
1037	197	0	5	0.485	119.4	597.0	0.3333333333333333
1038	25	0	5	0.055	23.0	115.0	0.0
1039	156	0	5	0.3825	118.6	593.0	0.6666666666666666
1040	56	0	5	0.1325	50.0	250.0	0.3333333333333333
1041	189	0	5	0.465	75.6	378.0	0.3333333333333333
1042	156	0	5	0.3825	92.6	463.0	0.0
1043	354	0	5	0.8775	77.6	388.0	0.6666666666666666
1044	363	1	4	0.905	178.2	891.0	1.0
1045	38	0	5	0.0875	32.0	160.0	0.0
1046	140	0	5	0.3425	122.0	610.0	0.3333333333333333
1047	146	0	5	0.3575	118.0	590.0	0.0
1048	356	0	5	0.8825	162.2	811.0	0.6666666666666666
1049	282	0	5	0.6975	143.2	716.0	0.3333333333333333
1050	295	0	5	0.73	245.4	1227.0	0.6666666666666666
1051	141	0	5	0.345	129.8	649.0	0.0
1052	46	0	5	0.1075	44.0	220.0	0.0
1053	296	0	5	0.7325	71.2	356.0	0.3333333333333333
1054	378	0	5	0.9375	167.6	838.0	0.3333333333333333
1055	17	0	5	0.035	6.2	31.0	0.0
1056	68	0	5	0.1625	54.8	274.0	0.0
1057	358	1	4	0.8925	140.8	704.0	1.0
1058	236	0	5	0.5825	130.8	654.0	0.6666666666666666
1059	233	0	5	0.575	169.2	846.0	0.6666666666666666
1060	249	0	5	0.615	150.8	754.0	0.6666666666666666
1061	172	0	5	0.4225	107.4	537.0	0.3333333333333333
1062	160	0	5	0.3925	63.4	317.0	0.6666666666666666
1063	188	0	5	0.4625	164.0	820.0	0.6666666666666666
1064	261	0	5	0.645	203.0	1015.0	0.6666666666666666
1065	116	0	5	0.2825	69.2	346.0	0.3333333333333333
1066	126	0	5	0.3075	82.6	413.0	0.0
1067	239	0	5	0.59	185.0	925.0	0.3333333333333333
1068	195	0	5	0.48	172.6	863.0	0.3333333333333333
1069	214	0	5	0.5275	64.0	320.0	0.6666666666666666
1070	207	0	5	0.51	86.2	431.0	0.3333333333333333
1071	119	0	5	0.29	117.0	585.0	0.0
1072	377	0	5	0.935	195.2	976.0	0.6666666666666666
1073	127	0	5	0.31	55.4	277.0	0.0
1074	315	0	5	0.78	176.4	882.0	0.3333333333333333
1075	163	1	4	0.405	134.2	671.0	1.0
1076	301	0	5	0.745	219.8	1099.0	0.6666666666666666
1077	258	0	5	0.6375	157.6	788.0	0.3333333333333333
1078	281	0	5	0.695	176.6	883.0	0.6666666666666666
1079	283	0	5	0.7	248.8	1244.0	0.6666666666666666
1080	158	0	5	0.3875	112.0	560.0	0.3333333333333333
1081	120	0	5	0.2925	83.8	419.0	0.6666666666666666
1082	164	1	4	0.4075	116.8	584.0	1.0
1083	198	0	5	0.4875	187.2	936.0	0.0
1084	271	0	5	0.67	101.2	506.0	0.6666666666666666
1085	358	0	5	0.8875	229.8	1149.0	0.6666666666666666
1086	286	0	5	0.7075	141.6	708.0	0.3333333333333333
1087	239	0	5	0.59	166.2	831.0	0.6666666666666666
1088	141	0	5	0.345	132.6	663.0	0.0
1089	304	0	5	0.7525	288.4	1442.0	0.3333333333333333
1090	332	0	5	0.8225	219.4	1097.0	0.6666666666666666
1091	117	0	5	0.285	86.0	430.0	0.3333333333333333
1092	18	0	5	0.0375	16.0	80.0	0.0
1093	91	0	5	0.22	68.6	343.0	0.0
1094	14	0	5	0.0275	12.0	60.0	0.0
1095	353	0	5	0.875	165.6	828.0	0.6666666666666666
1096	259	1	4	0.645	175.2	876.0	1.0
1097	56	0	5	0.1325	33.8	169.0	0.3333333333333333
1098	238	0	5	0.5875	96.2	481.0	0.6666666666666666
1099	132	0	5	0.3225	108.4	542.0	0.0
1100	327	0	5	0.81	280.4	1402.0	0.3333333333333333
1101	28	0	5	0.0625	26.0	130.0	0.0
1102	329	0	5	0.815	223.0	1115.0	0.6666666666666666
1103	56	0	5	0.1325	54.0	270.0	0.0
1104	141	0	5	0.345	132.2	661.0	0.3333333333333333
1105	281	1	4	0.7	151.2	756.0	1.0
1106	302	0	5	0.7475	185.6	928.0	0.6666666666666666
1107	354	0	5	0.8775	293.2	1466.0	0.6666666666666666
1108	399	1	4	0.995	281.2	1406.0	1.0
1109	133	0	5	0.325	71.0	355.0	0.3333333333333333
1110	264	0	5	0.6525	107.4	537.0	0.6666666666666666
1111	99	0	5	0.24	97.0	485.0	0.0
1112	131	0	5	0.32	112.2	561.0	0.3333333333333333
1113	331	0	5	0.82	248.4	1242.0	0.6666666666666666
1114	15	0	5	0.03	13.0	65.0	0.0
1115	139	0	5	0.34	57.2	286.0	0.3333333333333333
1116	229	0	5	0.565	147.0	735.0	0.6666666666666666
1117	125	0	5	0.305	66.6	333.0	0.3333333333333333
1118	347	0	5	0.86	194.0	970.0	0.6666666666666666
1119	81	0	5	0.195	79.0	395.0	0.0
1120	292	1	4	0.7275	93.6	468.0	1.0
1121	111	0	5	0.27	74.0	370.0	0.3333333333333333
1122	98	0	5	0.2375	87.6	438.0	0.3333333333333333
1123	221	0	5	0.545	219.0	1095.0	0.0
1124	291	0	5	0.72	60.2	301.0	0.3333333333333333
1125	236	1	4	0.5875	90.0	450.0	1.0
1126	240	1	2	0.5975	197.4	987.0	1.0
1127	261	1	4	0.65	161.0	805.0	1.0
1128	139	0	5	0.34	67.4	337.0	0.0
1129	340	0	5	0.8425	267.0	1335.0	0.3333333333333333
1130	323	0	5	0.8	156.8	784.0	0.6666666666666666
1131	142	0	5	0.3475	140.0	700.0	0.0
1132	286	0	5	0.7075	135.2	676.0	0.3333333333333333
1133	253	0	5	0.625	234.2	1171.0	0.3333333333333333
1134	170	0	5	0.4175	168.0	840.0	0.0
1135	300	0	5	0.7425	242.0	1210.0	0.3333333333333333
1136	300	0	5	0.7425	93.4	467.0	0.6666666666666666
1137	161	0	5	0.395	159.0	795.0	0.3333333333333333
1138	220	0	5	0.5425	177.4	887.0	0.3333333333333333
1139	215	0	5	0.53	188.2	941.0	0.0
1140	293	1	4	0.73	163.8	819.0	1.0
1141	375	0	5	0.93	107.2	536.0	0.6666666666666666
1142	178	0	5	0.4375	47.2	236.0	0.6666666666666666
1143	380	1	3	0.9475	205.2	1026.0	1.0
1144	26	0	5	0.0575	11.2	56.0	0.3333333333333333
1145	321	0	5	0.795	150.4	752.0	0.6666666666666666
1146	38	0	5	0.0875	15.2	76.0	0.6666666666666666
1147	183	0	5	0.45	108.4	542.0	0.0
1148	266	0	5	0.6575	166.8	834.0	0.6666666666666666
1149	201	0	5	0.495	182.8	914.0	0.3333333333333333
1150	200	0	5	0.4925	105.4	527.0	0.3333333333333333
1151	388	0	5	0.9625	99.0	495.0	0.6666666666666666
1152	246	0	5	0.6075	170.8	854.0	0.6666666666666666
1153	257	0	5	0.635	211.0	1055.0	0.3333333333333333
1154	350	0	5	0.8675	294.0	1470.0	0.6666666666666666
1155	288	0	5	0.7125	186.2	931.0	0.6666666666666666
1156	93	0	5	0.225	76.4	382.0	0.0
1157	18	0	5	0.0375	10.4	52.0	0.0
1158	109	0	5	0.265	50.0	250.0	0.6666666666666666
1159	344	0	5	0.8525	100.0	500.0	0.6666666666666666
1160	330	0	5	0.8175	123.6	618.0	0.3333333333333333
1161	170	0	5	0.4175	141.0	705.0	0.3333333333333333
1162	46	0	5	0.1075	42.6	213.0	0.3333333333333333
1163	399	0	5	0.99	219.4	1097.0	0.6666666666666666
1164	40	0	5	0.0925	36.8	184.0	0.0
1165	276	0	5	0.6825	157.2	786.0	0.6666666666666666
1166	160	1	4	0.3975	74.6	373.0	1.0
1167	88	0	5	0.2125	35.2	176.0	0.3333333333333333
1168	272	0	5	0.6725	125.4	627.0	0.3333333333333333
1169	291	0	5	0.72	201.0	1005.0	0.6666666666666666
1170	259	0	5	0.64	176.4	882.0	0.3333333333333333
1171	359	0	5	0.89	95.4	477.0	0.6666666666666666
1172	239	0	5	0.59	139.4	697.0	0.6666666666666666
1173	162	0	5	0.3975	115.6	578.0	0.3333333333333333
1174	201	0	5	0.495	92.2	461.0	0.6666666666666666
1175	179	0	5	0.44	132.6	663.0	0.0
1176	71	0	5	0.17	53.8	269.0	0.0
1177	91	0	5	0.22	73.0	365.0	0.0
1178	218	0	5	0.5375	153.0	765.0	0.0
1179	378	0	5	0.9375	197.2	986.0	0.6666666666666666
1180	96	0	5	0.2325	94.0	470.0	0.0
1181	208	0	5	0.5125	62.0	310.0	0.3333333333333333
1182	84	0	5	0.2025	42.4	212.0	0.3333333333333333
1183	4	0	5	0.0025	2.0	10.0	0.0
1184	201	0	5	0.495	101.8	509.0	0.6666666666666666
1185	323	0	5	0.8	222.0	1110.0	0.6666666666666666
1186	241	1	4	0.6	136.2	681.0	1.0
1187	106	0	5	0.2575	49.4	247.0	0.3333333333333333
1188	192	0	5	0.4725	124.8	624.0	0.0
1189	160	0	5	0.3925	151.0	755.0	0.0
1190	120	0	5	0.2925	118.0	590.0	0.3333333333333333
1191	317	0	5	0.785	188.8	944.0	0.6666666666666666
1192	82	0	5	0.1975	42.2	211.0	0.0
1193	248	0	5	0.6125	113.4	567.0	0.0
1194	122	0	5	0.2975	111.8	559.0	0.6666666666666666
1195	64	0	5	0.1525	27.8	139.0	0.0
1196	336	0	5	0.8325	204.4	1022.0	0.6666666666666666
1197	129	0	5	0.315	107.4	537.0	0.6666666666666666
1198	277	0	5	0.685	178.6	893.0	0.6666666666666666
1199	79	0	5	0.19	44.6	223.0	0.6666666666666666
1200	378	0	5	0.9375	88.0	440.0	0.6666666666666666
1201	206	0	5	0.5075	147.0	735.0	0.3333333333333333
1202	37	0	5	0.085	35.0	175.0	0.0
1203	130	0	5	0.3175	106.4	532.0	0.0
1204	151	0	5	0.37	128.0	640.0	0.0
1205	208	0	5	0.5125	134.8	674.0	0.6666666666666666
1206	116	0	5	0.2825	63.6	318.0	0.3333333333333333
1207	184	0	5	0.4525	103.4	517.0	0.3333333333333333
1208	240	0	5	0.5925	117.2	586.0	0.3333333333333333
1209	2	0	5	0.0	0.0	0.0	0.0
1210	97	0	5	0.235	83.2	416.0	0.3333333333333333
1211	274	1	4	0.6825	92.2	461.0	1.0
1212	225	0	5	0.555	94.6	473.0	0.3333333333333333
1213	231	0	5	0.57	115.4	577.0	0.3333333333333333
1214	262	0	5	0.6475	161.4	807.0	0.6666666666666666
1215	384	0	5	0.9525	256.2	1281.0	0.6666666666666666
1216	350	0	5	0.8675	219.6	1098.0	0.6666666666666666
1217	133	0	5	0.325	104.6	523.0	0.3333333333333333
1218	156	0	5	0.3825	101.2	506.0	0.3333333333333333
1219	105	0	5	0.255	103.0	515.0	0.0
1220	53	0	5	0.125	22.2	111.0	0.3333333333333333
1221	254	0	5	0.6275	144.6	723.0	0.6666666666666666
1222	252	0	5	0.6225	128.8	644.0	0.3333333333333333
1223	152	0	5	0.3725	99.6	498.0	0.3333333333333333
1224	12	0	5	0.0225	10.0	50.0	0.0
1225	274	0	5	0.6775	98.8	494.0	0.6666666666666666
1226	289	0	5	0.715	287.0	1435.0	0.0
1227	148	1	4	0.3675	89.2	446.0	1.0
1228	346	0	5	0.8575	144.8	724.0	0.6666666666666666
1229	29	0	5	0.065	27.0	135.0	0.0
1230	300	0	5	0.7425	250.0	1250.0	0.3333333333333333
1231	194	0	5	0.4775	117.6	588.0	0.0
1232	174	0	5	0.4275	125.6	628.0	0.0
1233	287	0	5	0.71	137.8	689.0	0.3333333333333333
1234	337	0	5	0.835	298.8	1494.0	0.6666666666666666
1235	51	0	5	0.12	49.0	245.0	0.0
1236	390	0	5	0.9675	149.8	749.0	0.6666666666666666
1237	241	0	5	0.595	222.4	1112.0	0.3333333333333333
1238	42	0	5	0.0975	34.0	170.0	0.0
1239	158	0	5	0.3875	80.4	402.0	0.6666666666666666
1240	103	0	5	0.25	86.6	433.0	0.3333333333333333
1241	257	0	5	0.635	220.2	1101.0	0.3333333333333333
1242	136	0	5	0.3325	121.2	606.0	0.6666666666666666
1243	103	0	5	0.25	93.4	467.0	0.6666666666666666
1244	282	0	5	0.6975	136.6	683.0	0.6666666666666666
1245	273	1	4	0.68	187.6	938.0	1.0
1246	256	0	5	0.6325	254.0	1270.0	0.0
1247	393	0	5	0.975	224.6	1123.0	0.6666666666666666
1248	81	0	5	0.195	31.0	155.0	0.3333333333333333
1249	355	0	5	0.88	127.4	637.0	0.6666666666666666
1250	300	0	5	0.7425	202.0	1010.0	0.3333333333333333
1251	327	0	5	0.81	152.8	764.0	0.6666666666666666
1252	382	0	5	0.9475	204.4	1022.0	0.6666666666666666
1253	96	0	5	0.2325	94.0	470.0	0.0
1254	297	0	5	0.735	233.0	1165.0	0.0
1255	126	0	5	0.3075	104.2	521.0	0.3333333333333333
1256	118	0	5	0.2875	111.4	557.0	0.3333333333333333
1257	371	1	4	0.925	115.4	577.0	1.0
1258	235	0	5	0.58	98.2	491.0	0.6666666666666666
1259	281	0	5	0.695	254.2	1271.0	0.3333333333333333
1260	65	0	5	0.155	49.0	245.0	0.3333333333333333
1261	211	0	5	0.52	98.0	490.0	0.3333333333333333
1262	117	0	5	0.285	110.2	551.0	0.0
1263	325	1	4	0.81	151.4	757.0	1.0
1264	274	0	5	0.6775	247.2	1236.0	0.0
1265	290	0	5	0.7175	129.6	648.0	0.3333333333333333
1266	189	1	4	0.47	108.2	541.0	1.0
1267	293	0	5	0.725	183.8	919.0	0.3333333333333333
1268	344	0	5	0.8525	209.2	1046.0	0.6666666666666666
1269	377	0	5	0.935	229.6	1148.0	0.6666666666666666
1270	271	1	4	0.675	131.0	655.0	1.0
1271	309	0	5	0.765	128.2	641.0	0.6666666666666666
1272	90	0	5	0.2175	71.4	357.0	0.0
1273	314	0	5	0.7775	138.0	690.0	0.0
1274	332	0	5	0.8225	177.4	887.0	0.6666666666666666
1275	73	0	5	0.175	67.0	335.0	0.3333333333333333
1276	318	0	5	0.7875	156.4	782.0	0.3333333333333333
1277	312	0	5	0.7725	145.6	728.0	0.6666666666666666
1278	87	0	5	0.21	71.6	358.0	0.3333333333333333
1279	138	0	5	0.3375	54.2	271.0	0.0
1280	54	0	5	0.1275	41.6	208.0	0.3333333333333333
1281	276	0	5	0.6825	150.2	751.0	0.6666666666666666
1282	175	0	5	0.43	91.2	456.0	0.3333333333333333
1283	197	0	5	0.485	178.2	891.0	0.3333333333333333
1284	101	0	5	0.245	76.8	384.0	0.3333333333333333
1285	4	0	5	0.0025	2.0	10.0	0.0
1286	84	0	5	0.2025	80.6	403.0	0.3333333333333333
1287	160	0	5	0.3925	62.0	310.0	0.6666666666666666
1288	264	0	5	0.6525	146.6	733.0	0.6666666666666666
1289	343	0	5	0.85	195.8	979.0	0.6666666666666666
1290	212	1	3	0.5275	143.6	718.0	1.0
1291	248	1	4	0.6175	61.6	308.0	1.0
1292	361	0	5	0.895	273.6	1368.0	0.6666666666666666
1293	300	0	5	0.7425	272.6	1363.0	0.3333333333333333
1294	373	0	5	0.925	269.0	1345.0	0.6666666666666666
1295	154	0	5	0.3775	86.6	433.0	0.0
1296	177	0	5	0.435	47.0	235.0	0.3333333333333333
1297	328	0	5	0.8125	159.2	796.0	0.3333333333333333
1298	131	0	5	0.32	59.0	295.0	0.6666666666666666
1299	189	0	5	0.465	105.8	529.0	0.3333333333333333
1300	11	0	5	0.02	9.0	45.0	0.0
1301	331	0	5	0.82	183.8	919.0	0.6666666666666666
1302	188	0	5	0.4625	145.2	726.0	0.6666666666666666
1303	154	0	5	0.3775	95.2	476.0	0.3333333333333333
1304	49	0	5	0.115	47.0	235.0	0.3333333333333333
1305	203	0	5	0.5	158.4	792.0	0.6666666666666666
1306	222	0	5	0.5475	169.2	846.0	0.3333333333333333
1307	177	0	5	0.435	146.0	730.0	0.3333333333333333
1308	241	1	4	0.6	123.8	619.0	1.0
1309	8	0	5	0.0125	6.0	30.0	0.0
1310	159	0	5	0.39	133.4	667.0	0.6666666666666666
1311	46	0	5	0.1075	22.4	112.0	0.0
1312	357	0	5	0.885	156.0	780.0	0.6666666666666666
1313	362	1	4	0.9025	295.6	1478.0	1.0
1314	101	0	5	0.245	82.8	414.0	0.3333333333333333
1315	201	0	5	0.495	118.2	591.0	0.3333333333333333
1316	315	0	5	0.78	310.6	1553.0	0.0
1317	20	0	5	0.0425	8.4	42.0	0.3333333333333333
1318	162	0	5	0.3975	32.4	162.0	0.0
1319	215	0	5	0.53	213.0	1065.0	0.0
1320	90	0	5	0.2175	76.6	383.0	0.0
1321	347	0	5	0.86	141.0	705.0	0.6666666666666666
1322	316	0	5	0.7825	176.0	880.0	0.3333333333333333
1323	125	0	5	0.305	99.4	497.0	0.0
1324	237	0	5	0.585	212.2	1061.0	0.3333333333333333
1325	157	0	5	0.385	115.8	579.0	0.0
1326	108	0	5	0.2625	72.0	360.0	0.3333333333333333
1327	156	0	5	0.3825	127.6	638.0	0.0
1328	253	1	4	0.63	87.0	435.0	1.0
1329	43	0	5	0.1	36.8	184.0	0.0
1330	336	0	5	0.8325	92.0	460.0	0.3333333333333333
1331	326	0	5	0.8075	160.8	804.0	0.3333333333333333
1332	144	0	5	0.3525	107.6	538.0	0.3333333333333333
1333	329	0	5	0.815	123.6	618.0	0.6666666666666666
1334	169	0	5	0.415	47.8	239.0	0.3333333333333333
1335	245	0	5	0.605	194.0	970.0	0.6666666666666666
1336	238	0	5	0.5875	219.6	1098.0	0.3333333333333333
1337	276	0	5	0.6825	245.2	1226.0	0.3333333333333333
1338	335	0	5	0.83	162.8	814.0	0.6666666666666666
1339	133	0	5	0.325	118.4	592.0	0.0
1340	379	0	5	0.94	195.8	979.0	0.6666666666666666
1341	236	0	5	0.5825	234.0	1170.0	0.0
1342	254	1	4	0.6325	185.2	926.0	1.0
1343	368	0	5	0.9125	203.6	1018.0	0.6666666666666666
1344	244	1	4	0.6075	134.2	671.0	1.0
1345	325	0	5	0.805	114.2	571.0	0.6666666666666666
1346	333	0	5	0.825	249.0	1245.0	0.6666666666666666
1347	248	0	5	0.6125	174.6	873.0	0.0
1348	371	1	4	0.925	204.2	1021.0	1.0
1349	31	0	5	0.07	15.8	79.0	0.3333333333333333
1350	61	0	5	0.145	33.4	167.0	0.3333333333333333
1351	359	0	5	0.89	217.6	1088.0	0.6666666666666666
1352	268	0	5	0.6625	121.6	608.0	0.3333333333333333
1353	165	0	5	0.405	53.4	267.0	0.3333333333333333
1354	164	0	5	0.4025	120.8	604.0	0.3333333333333333
1355	148	0	5	0.3625	93.6	468.0	0.0
1356	186	1	4	0.4625	95.6	478.0	1.0
1357	347	1	4	0.865	236.6	1183.0	1.0
1358	385	0	5	0.955	249.6	1248.0	0.6666666666666666
1359	226	0	5	0.5575	70.4	352.0	0.6666666666666666
1360	75	0	5	0.18	41.2	206.0	0.0
1361	67	0	5	0.16	39.4	197.0	0.6666666666666666
1362	93	0	5	0.225	45.4	227.0	0.0
1363	248	0	5	0.6125	209.2	1046.0	0.3333333333333333
1364	125	0	5	0.305	73.4	367.0	0.3333333333333333
1365	272	0	5	0.6725	244.6	1223.0	0.6666666666666666
1366	223	0	5	0.55	170.2	851.0	0.3333333333333333
1367	151	0	5	0.37	67.8	339.0	0.3333333333333333
1368	341	0	5	0.845	130.0	650.0	0.6666666666666666
1369	193	0	5	0.475	164.6	823.0	0.3333333333333333
1370	202	1	3	0.5025	133.6	668.0	1.0
1371	156	0	5	0.3825	78.2	391.0	0.0
1372	287	1	4	0.715	249.8	1249.0	1.0
1373	266	0	5	0.6575	182.4	912.0	0.3333333333333333
1374	201	0	5	0.495	90.6	453.0	0.3333333333333333
1375	162	0	5	0.3975	106.8	534.0	0.3333333333333333
1376	327	0	5	0.81	157.0	785.0	0.6666666666666666
1377	291	0	5	0.72	200.2	1001.0	0.6666666666666666
1378	391	0	5	0.97	179.8	899.0	0.6666666666666666
1379	222	0	5	0.5475	213.8	1069.0	0.0
1380	373	0	5	0.925	155.0	775.0	0.3333333333333333
1381	197	0	5	0.485	193.4	967.0	0.0
1382	313	0	5	0.775	234.0	1170.0	0.6666666666666666
1383	134	0	5	0.3275	105.6	528.0	0.0
1384	343	1	4	0.855	95.8	479.0	1.0
1385	132	0	5	0.3225	108.4	542.0	0.0
1386	130	0	5	0.3175	126.4	632.0	0.3333333333333333
1387	269	0	5	0.665	146.2	731.0	0.3333333333333333
1388	389	0	5	0.965	196.6	983.0	0.6666666666666666
1389	46	0	5	0.1075	33.2	166.0	0.0
1390	135	0	5	0.33	119.8	599.0	0.3333333333333333
1391	161	0	5	0.395	105.6	528.0	0.3333333333333333
1392	97	0	5	0.235	37.0	185.0	0.6666666666666666
1393	185	0	5	0.455	150.4	752.0	0.6666666666666666
1394	385	1	4	0.96	209.6	1048.0	1.0
1395	252	0	5	0.6225	167.4	837.0	0.6666666666666666
1396	322	0	5	0.7975	267.6	1338.0	0.6666666666666666
1397	79	0	5	0.19	34.2	171.0	0.3333333333333333
1398	306	0	5	0.7575	280.2	1401.0	0.3333333333333333
1399	177	0	5	0.435	115.6	578.0	0.0
1400	146	0	5	0.3575	98.6	493.0	0.3333333333333333
1401	363	0	5	0.9	250.6	1253.0	0.6666666666666666
1402	75	0	5	0.18	57.4	287.0	0.0
1403	133	0	5	0.325	128.6	643.0	0.3333333333333333
1404	34	0	5	0.0775	32.0	160.0	0.0
1405	202	0	5	0.4975	136.8	684.0	0.3333333333333333
1406	286	0	5	0.7075	143.8	719.0	0.3333333333333333
1407	245	0	5	0.605	125.4	627.0	0.0
1408	310	0	5	0.7675	104.0	520.0	0.6666666666666666
1409	366	0	5	0.9075	194.4	972.0	0.3333333333333333
1410	374	1	4	0.9325	185.4	927.0	1.0
1411	350	0	5	0.8675	208.0	1040.0	0.6666666666666666
1412	245	0	5	0.605	184.2	921.0	0.3333333333333333
1413	377	0	5	0.935	208.8	1044.0	0.3333333333333333
1414	48	0	5	0.1125	37.0	185.0	0.0
1415	235	0	5	0.58	49.8	249.0	0.6666666666666666
1416	329	0	5	0.815	145.0	725.0	0.6666666666666666
1417	273	0	5	0.675	70.2	351.0	0.3333333333333333
1418	16	0	5	0.0325	14.0	70.0	0.0
1419	260	0	5	0.6425	190.2	951.0	0.3333333333333333
1420	373	1	4	0.93	243.0	1215.0	1.0
1421	389	1	4	0.97	230.0	1150.0	1.0
1422	102	0	5	0.2475	44.2	221.0	0.0
1423	286	0	5	0.7075	174.8	874.0	0.6666666666666666
1424	124	0	5	0.3025	117.6	588.0	0.3333333333333333
1425	34	0	5	0.0775	32.0	160.0	0.0
1426	259	0	5	0.64	254.0	1270.0	0.0
1427	254	0	5	0.6275	143.4	717.0	0.6666666666666666
1428	396	1	4	0.9875	264.4	1322.0	1.0
1429	315	0	5	0.78	173.8	869.0	0.3333333333333333
1430	161	0	5	0.395	159.0	795.0	0.0
1431	375	1	4	0.935	171.2	856.0	1.0
1432	195	0	5	0.48	182.8	914.0	0.0
1433	280	0	5	0.6925	160.6	803.0	0.3333333333333333
1434	395	0	5	0.98	182.6	913.0	0.3333333333333333
1435	187	0	5	0.46	150.6	753.0	0.3333333333333333
1436	42	0	5	0.0975	27.4	137.0	0.3333333333333333
1437	326	0	5	0.8075	121.6	608.0	0.6666666666666666
1438	90	0	5	0.2175	75.4	377.0	0.0
1439	7	0	5	0.01	5.0	25.0	0.0
1440	250	0	5	0.6175	162.4	812.0	0.3333333333333333
1441	173	0	5	0.425	63.4	317.0	0.3333333333333333
1442	366	1	4	0.9125	172.0	860.0	1.0
1443	221	0	5	0.545	90.2	451.0	0.3333333333333333
1444	25	0	5	0.055	23.0	115.0	0.0
1445	201	0	5	0.495	123.4	617.0	0.3333333333333333
1446	274	0	5	0.6775	120.0	600.0	0.3333333333333333
1447	227	0	5	0.56	101.0	505.0	0.6666666666666666
1448	322	0	5	0.7975	267.8	1339.0	0.3333333333333333
1449	237	0	5	0.585	155.8	779.0	0.3333333333333333
1450	314	1	4	0.7825	300.0	1500.0	1.0
1451	355	0	5	0.88	287.4	1437.0	0.6666666666666666
1452	300	0	5	0.7425	127.4	637.0	0.6666666666666666
1453	309	0	5	0.765	195.6	978.0	0.6666666666666666
1454	247	0	5	0.61	186.6	933.0	0.3333333333333333
1455	260	0	5	0.6425	121.6	608.0	0.6666666666666666
1456	269	0	5	0.665	123.8	619.0	0.3333333333333333
1457	205	0	5	0.505	127.0	635.0	0.3333333333333333
1458	91	0	5	0.22	38.0	190.0	0.0
1459	87	0	5	0.21	85.0	425.0	0.0
1460	127	0	5	0.31	55.4	277.0	0.6666666666666666
1461	93	0	5	0.225	85.0	425.0	0.3333333333333333
1462	393	0	5	0.975	104.6	523.0	0.6666666666666666
1463	331	0	5	0.82	163.8	819.0	0.3333333333333333
1464	342	0	5	0.8475	296.6	1483.0	0.6666666666666666
1465	208	0	5	0.5125	158.4	792.0	0.3333333333333333
1466	343	1	4	0.855	122.0	610.0	1.0
1467	264	0	5	0.6525	205.4	1027.0	0.3333333333333333
1468	183	0	5	0.45	121.4	607.0	0.0
1469	40	0	5	0.0925	18.8	94.0	0.3333333333333333
1470	269	0	5	0.665	193.8	969.0	0.3333333333333333
1471	251	1	4	0.625	186.6	933.0	1.0
1472	76	0	5	0.1825	74.0	370.0	0.0
1473	189	0	5	0.465	126.2	631.0	0.6666666666666666
1474	193	0	5	0.475	117.4	587.0	0.3333333333333333
1475	160	0	5	0.3925	158.0	790.0	0.3333333333333333
1476	121	0	5	0.295	36.6	183.0	0.0
1477	386	0	5	0.9575	208.8	1044.0	0.6666666666666666
1478	133	0	5	0.325	78.8	394.0	0.3333333333333333
1479	349	1	4	0.87	178.0	890.0	1.0
1480	254	0	5	0.6275	142.2	711.0	0.3333333333333333
1481	146	0	5	0.3575	76.0	380.0	0.0
1482	202	0	5	0.4975	139.6	698.0	0.0
1483	51	0	5	0.12	47.4	237.0	0.0
1484	387	0	5	0.96	253.2	1266.0	0.6666666666666666
1485	147	0	5	0.36	106.8	534.0	0.3333333333333333
1486	4	0	5	0.0025	2.0	10.0	0.0
1487	229	0	5	0.565	162.8	814.0	0.6666666666666666
1488	308	0	5	0.7625	161.0	805.0	0.3333333333333333
1489	367	0	5	0.91	199.4	997.0	0.6666666666666666
1490	30	0	5	0.0675	17.2	86.0	0.0
1491	76	0	5	0.1825	38.8	194.0	0.3333333333333333
1492	348	0	5	0.8625	206.4	1032.0	0.6666666666666666
1493	257	0	5	0.635	156.8	784.0	0.6666666666666666
1494	24	0	5	0.0525	22.0	110.0	0.0
1495	198	0	5	0.4875	148.0	740.0	0.3333333333333333
1496	242	0	5	0.5975	135.6	678.0	0.6666666666666666
1497	116	0	5	0.2825	50.0	250.0	0.3333333333333333
1498	114	0	5	0.2775	112.0	560.0	0.0
1499	283	0	5	0.7	189.8	949.0	0.6666666666666666
1500	329	0	5	0.815	268.4	1342.0	0.6666666666666666
1501	6	0	5	0.0075	4.0	20.0	0.0
1502	270	0	5	0.6675	88.4	442.0	0.6666666666666666
1503	107	0	5	0.26	95.8	479.0	0.3333333333333333
1504	122	0	5	0.2975	120.0	600.0	0.0
1505	281	0	5	0.695	165.0	825.0	0.3333333333333333
1506	14	0	5	0.0275	9.8	49.0	0.0
1507	354	1	4	0.8825	140.8	704.0	1.0
1508	361	0	5	0.895	98.2	491.0	0.6666666666666666
1509	292	0	5	0.7225	220.2	1101.0	0.6666666666666666
1510	40	0	5	0.0925	32.4	162.0	0.3333333333333333
1511	216	1	4	0.5375	135.6	678.0	1.0
1512	247	0	5	0.61	228.6	1143.0	0.3333333333333333
1513	320	0	5	0.7925	65.2	326.0	0.0
1514	47	0	5	0.11	36.8	184.0	0.0
1515	364	1	4	0.9075	219.6	1098.0	1.0
1516	184	0	5	0.4525	74.0	370.0	0.3333333333333333
1517	192	0	5	0.4725	82.8	414.0	0.0
1518	232	0	5	0.5725	161.2	806.0	0.3333333333333333
1519	252	0	5	0.6225	101.4	507.0	0.3333333333333333
1520	255	1	4	0.635	82.2	411.0	1.0
1521	309	0	5	0.765	262.8	1314.0	0.3333333333333333
1522	153	0	5	0.375	151.0	755.0	0.0
1523	191	0	5	0.47	97.0	485.0	0.3333333333333333
1524	307	0	5	0.76	170.8	854.0	0.6666666666666666
1525	334	0	5	0.8275	149.8	749.0	0.6666666666666666
1526	132	1	3	0.3275	109.8	549.0	1.0
1527	109	0	5	0.265	47.0	235.0	0.3333333333333333
1528	158	0	5	0.3875	150.8	754.0	0.3333333333333333
1529	20	0	5	0.0425	18.0	90.0	0.0
1530	12	0	5	0.0225	10.0	50.0	0.0
1531	366	0	5	0.9075	136.8	684.0	0.3333333333333333
1532	339	0	5	0.84	260.6	1303.0	0.3333333333333333
1533	166	1	4	0.4125	70.4	352.0	1.0
1534	350	0	5	0.8675	214.8	1074.0	0.6666666666666666
1535	220	0	5	0.5425	59.6	298.0	0.6666666666666666
1536	157	0	5	0.385	107.0	535.0	0.0
1537	118	0	5	0.2875	89.8	449.0	0.3333333333333333
1538	158	0	5	0.3875	112.8	564.0	0.0
1539	193	0	5	0.475	98.0	490.0	0.6666666666666666
1540	326	0	5	0.8075	113.4	567.0	0.3333333333333333
1541	382	0	5	0.9475	306.6	1533.0	0.6666666666666666
1542	264	0	5	0.6525	210.6	1053.0	0.6666666666666666
1543	329	0	5	0.815	119.4	597.0	0.6666666666666666
1544	56	0	5	0.1325	52.0	260.0	0.3333333333333333
1545	301	0	5	0.745	70.6	353.0	0.6666666666666666
1546	331	1	4	0.825	307.4	1537.0	1.0
1547	309	1	4	0.77	186.8	934.0	1.0
1548	39	0	5	0.09	37.0	185.0	0.0
1549	339	0	5	0.84	173.2	866.0	0.3333333333333333
1550	318	0	5	0.7875	280.6	1403.0	0.3333333333333333
1551	185	0	5	0.455	113.8	569.0	0.3333333333333333
1552	327	0	5	0.81	130.8	654.0	0.6666666666666666
1553	305	0	5	0.755	103.0	515.0	0.6666666666666666
1554	66	0	5	0.1575	64.0	320.0	0.0
1555	373	0	5	0.925	188.2	941.0	0.6666666666666666
1556	195	0	5	0.48	144.6	723.0	0.3333333333333333
1557	162	0	5	0.3975	110.4	552.0	0.3333333333333333
1558	252	0	5	0.6225	153.6	768.0	0.6666666666666666
1559	25	0	5	0.055	23.0	115.0	0.0
1560	376	0	5	0.9325	250.8	1254.0	0.6666666666666666
1561	269	0	5	0.665	143.2	716.0	0.3333333333333333
1562	364	0	5	0.9025	252.0	1260.0	0.6666666666666666
1563	195	0	5	0.48	130.2	651.0	0.0
1564	20	0	5	0.0425	18.0	90.0	0.0
1565	257	0	5	0.635	134.8	674.0	0.3333333333333333
1566	306	0	5	0.7575	230.8	1154.0	0.3333333333333333
1567	51	0	5	0.12	31.4	157.0	0.3333333333333333
1568	66	0	5	0.1575	64.0	320.0	0.0
1569	356	0	5	0.8825	157.2	786.0	0.6666666666666666
1570	238	0	5	0.5875	144.6	723.0	0.3333333333333333
1571	156	0	5	0.3825	114.0	570.0	0.0
1572	169	0	5	0.415	145.8	729.0	0.3333333333333333
1573	34	0	5	0.0775	32.0	160.0	0.0
1574	116	0	5	0.2825	114.0	570.0	0.0
1575	265	0	5	0.655	106.4	532.0	0.6666666666666666
1576	294	0	5	0.7275	96.4	482.0	0.3333333333333333
1577	97	0	5	0.235	80.6	403.0	0.3333333333333333
1578	227	0	5	0.56	189.8	949.0	0.3333333333333333
1579	278	0	5	0.6875	61.6	308.0	0.3333333333333333
1580	228	0	5	0.5625	201.8	1009.0	0.3333333333333333
1581	214	0	5	0.5275	129.2	646.0	0.3333333333333333
1582	329	0	5	0.815	224.0	1120.0	0.3333333333333333
1583	62	0	5	0.1475	33.4	167.0	0.6666666666666666
1584	135	0	5	0.33	133.0	665.0	0.0
1585	211	0	5	0.52	190.2	951.0	0.3333333333333333
1586	296	0	5	0.7325	183.6	918.0	0.3333333333333333
1587	234	0	5	0.5775	116.2	581.0	0.0
1588	311	0	5	0.77	264.6	1323.0	0.3333333333333333
1589	302	0	5	0.7475	180.8	904.0	0.6666666666666666
1590	60	0	5	0.1425	58.0	290.0	0.0
1591	263	0	5	0.65	261.0	1305.0	0.0
1592	310	0	5	0.7675	198.4	992.0	0.6666666666666666
1593	389	0	5	0.965	140.6	703.0	0.6666666666666666
1594	335	0	5	0.83	146.6	733.0	0.6666666666666666
1595	85	0	5	0.205	56.6	283.0	0.0
1596	364	0	5	0.9025	168.8	844.0	0.6666666666666666
1597	57	0	5	0.135	51.8	259.0	0.0
1598	178	0	5	0.4375	94.6	473.0	0.6666666666666666
1599	160	0	5	0.3925	52.0	260.0	0.3333333333333333
1600	199	0	5	0.49	156.8	784.0	0.0
1601	312	0	5	0.7725	258.4	1292.0	0.3333333333333333
1602	4	0	5	0.0025	2.0	10.0	0.0
1603	20	0	5	0.0425	18.0	90.0	0.0
1604	74	0	5	0.1775	55.6	278.0	0.0
1605	24	0	5	0.0525	22.0	110.0	0.0
1606	100	0	5	0.2425	98.0	490.0	0.0
1607	382	0	5	0.9475	194.6	973.0	0.6666666666666666
1608	270	0	5	0.6675	238.0	1190.0	0.0
1609	343	1	4	0.855	285.4	1427.0	1.0
1610	193	0	5	0.475	145.0	725.0	0.0
1611	86	0	5	0.2075	17.0	85.0	0.0
1612	380	0	5	0.9425	241.2	1206.0	0.6666666666666666
1613	373	0	5	0.925	125.4	627.0	0.6666666666666666
1614	30	0	5	0.0675	28.0	140.0	0.0
1615	131	0	5	0.32	129.0	645.0	0.3333333333333333
1616	133	0	5	0.325	64.4	322.0	0.0
1617	179	0	5	0.44	96.0	480.0	0.3333333333333333
1618	86	0	5	0.2075	84.0	420.0	0.0
1619	199	0	5	0.49	88.2	441.0	0.6666666666666666
1620	225	0	5	0.555	51.0	255.0	0.3333333333333333
1621	48	0	5	0.1125	22.6	113.0	0.3333333333333333
1622	272	0	5	0.6725	119.8	599.0	0.3333333333333333
1623	137	0	5	0.335	119.8	599.0	0.0
1624	134	0	5	0.3275	132.0	660.0	0.0
1625	332	0	5	0.8225	157.6	788.0	0.6666666666666666
1626	288	1	4	0.7175	223.2	1116.0	1.0
1627	148	0	5	0.3625	130.4	652.0	0.3333333333333333
1628	325	0	5	0.805	262.2	1311.0	0.6666666666666666
1629	255	0	5	0.63	82.0	410.0	0.6666666666666666
1630	193	0	5	0.475	82.4	412.0	0.6666666666666666
1631	265	0	5	0.655	191.4	957.0	0.3333333333333333
1632	270	0	5	0.6675	240.2	1201.0	0.3333333333333333
1633	292	0	5	0.7225	157.6	788.0	0.6666666666666666
1634	66	0	5	0.1575	35.6	178.0	0.6666666666666666
1635	311	1	4	0.775	90.6	453.0	1.0
1636	201	0	5	0.495	98.2	491.0	0.6666666666666666
1637	57	0	5	0.135	22.2	111.0	0.0
1638	223	0	5	0.55	221.0	1105.0	0.0
1639	125	0	5	0.305	91.8	459.0	0.3333333333333333
1640	310	0	5	0.7675	233.2	1166.0	0.3333333333333333
1641	56	0	5	0.1325	54.0	270.0	0.0
1642	228	0	5	0.5625	94.0	470.0	0.6666666666666666
1643	270	1	4	0.6725	144.2	721.0	1.0
1644	254	0	5	0.6275	170.0	850.0	0.3333333333333333
1645	285	0	5	0.705	122.6	613.0	0.6666666666666666
1646	345	1	4	0.86	248.8	1244.0	1.0
1647	268	0	5	0.6625	265.2	1326.0	0.0
1648	328	0	5	0.8125	270.8	1354.0	0.6666666666666666
1649	23	0	5	0.05	21.0	105.0	0.0
1650	279	0	5	0.69	131.2	656.0	0.6666666666666666
1651	161	0	5	0.395	86.4	432.0	0.6666666666666666
1652	119	0	5	0.29	54.6	273.0	0.3333333333333333
1653	29	0	5	0.065	26.2	131.0	0.3333333333333333
1654	115	0	5	0.28	95.0	475.0	0.0
1655	394	0	5	0.9775	209.0	1045.0	0.6666666666666666
1656	237	0	5	0.585	159.0	795.0	0.6666666666666666
1657	46	0	5	0.1075	40.2	201.0	0.0
1658	269	0	5	0.665	227.0	1135.0	0.3333333333333333
1659	90	0	5	0.2175	88.0	440.0	0.0
1660	62	0	5	0.1475	60.0	300.0	0.0
1661	317	0	5	0.785	75.8	379.0	0.6666666666666666
1662	238	0	5	0.5875	96.0	480.0	0.3333333333333333
1663	245	0	5	0.605	161.0	805.0	0.6666666666666666
1664	9	0	5	0.015	7.0	35.0	0.0
1665	199	0	5	0.49	191.0	955.0	0.3333333333333333
1666	353	0	5	0.875	212.6	1063.0	0.6666666666666666
1667	247	0	5	0.61	145.6	728.0	0.3333333333333333
1668	97	0	5	0.235	60.6	303.0	0.3333333333333333
1669	180	0	5	0.4425	130.8	654.0	0.3333333333333333
1670	320	0	5	0.7925	162.4	812.0	0.6666666666666666
1671	10	0	5	0.0175	8.0	40.0	0.0
1672	107	0	5	0.26	93.4	467.0	0.3333333333333333
1673	169	0	5	0.415	126.8	634.0	0.3333333333333333
1674	261	0	5	0.645	201.0	1005.0	0.6666666666666666
1675	158	0	5	0.3875	39.2	196.0	0.3333333333333333
1676	47	0	5	0.11	45.0	225.0	0.0
1677	354	1	4	0.8825	184.8	924.0	1.0
1678	183	0	5	0.45	99.8	499.0	0.3333333333333333
1679	297	0	5	0.735	159.4	797.0	0.3333333333333333
1680	265	0	5	0.655	130.4	652.0	0.6666666666666666
1681	315	1	4	0.785	154.4	772.0	1.0
1682	365	0	5	0.905	241.8	1209.0	0.6666666666666666
1683	161	0	5	0.395	79.4	397.0	0.3333333333333333
1684	331	0	5	0.82	143.2	716.0	0.6666666666666666
1685	30	0	5	0.0675	28.0	140.0	0.0
1686	222	0	5	0.5475	112.0	560.0	0.6666666666666666
1687	241	0	5	0.595	206.4	1032.0	0.3333333333333333
1688	288	0	5	0.7125	180.8	904.0	0.6666666666666666
1689	227	0	5	0.56	140.4	702.0	0.3333333333333333
1690	47	0	5	0.11	32.2	161.0	0.3333333333333333
1691	392	0	5	0.9725	225.0	1125.0	0.6666666666666666
1692	299	0	5	0.74	220.6	1103.0	0.3333333333333333
1693	326	0	5	0.8075	263.6	1318.0	0.6666666666666666
1694	311	0	5	0.77	199.2	996.0	0.3333333333333333
1695	368	0	5	0.9125	262.8	1314.0	0.6666666666666666
1696	388	0	5	0.9625	176.8	884.0	0.6666666666666666
1697	154	0	5	0.3775	142.8	714.0	0.3333333333333333
1698	315	0	5	0.78	80.2	401.0	0.6666666666666666
1699	55	0	5	0.13	24.8	124.0	0.3333333333333333
1700	146	0	5	0.3575	67.4	337.0	0.3333333333333333
1701	119	0	5	0.29	97.0	485.0	0.0
1702	295	0	5	0.73	81.4	407.0	0.6666666666666666
1703	126	0	5	0.3075	60.4	302.0	0.0
1704	393	0	5	0.975	330.8	1654.0	0.6666666666666666
1705	303	0	5	0.75	188.4	942.0	0.3333333333333333
1706	208	0	5	0.5125	100.8	504.0	0.3333333333333333
1707	98	0	5	0.2375	56.0	280.0	0.6666666666666666
1708	71	0	5	0.17	69.0	345.0	0.0
1709	282	1	4	0.7025	170.4	852.0	1.0
1710	312	0	5	0.7725	157.4	787.0	0.6666666666666666
1711	367	0	5	0.91	240.0	1200.0	0.3333333333333333
1712	9	0	5	0.015	7.0	35.0	0.0
1713	139	0	5	0.34	30.6	153.0	0.6666666666666666
1714	218	0	5	0.5375	200.8	1004.0	0.0
1715	330	1	4	0.8225	127.2	636.0	1.0
1716	294	0	5	0.7275	225.6	1128.0	0.3333333333333333
1717	197	0	5	0.485	137.2	686.0	0.3333333333333333
1718	308	0	5	0.7625	189.6	948.0	0.6666666666666666
1719	300	0	5	0.7425	161.4	807.0	0.6666666666666666
1720	120	0	5	0.2925	56.2	281.0	0.3333333333333333
1721	285	0	5	0.705	212.0	1060.0	0.3333333333333333
1722	269	0	5	0.665	128.6	643.0	0.3333333333333333
1723	23	0	5	0.05	21.0	105.0	0.0
1724	145	0	5	0.355	143.0	715.0	0.0
1725	313	0	5	0.775	123.8	619.0	0.3333333333333333
1726	23	0	5	0.05	21.0	105.0	0.0
1727	346	0	5	0.8575	201.2	1006.0	0.3333333333333333
1728	279	0	5	0.69	211.0	1055.0	0.3333333333333333
1729	233	0	5	0.575	212.2	1061.0	0.3333333333333333
1730	87	0	5	0.21	30.0	150.0	0.3333333333333333
1731	224	0	5	0.5525	208.8	1044.0	0.0
1732	317	0	5	0.785	181.2	906.0	0.6666666666666666
1733	203	0	5	0.5	94.2	471.0	0.3333333333333333
1734	356	0	5	0.8825	296.6	1483.0	0.3333333333333333
1735	194	0	5	0.4775	103.0	515.0	0.6666666666666666
1736	92	0	5	0.2225	84.8	424.0	0.0
1737	87	0	5	0.21	70.0	350.0	0.0
1738	386	1	4	0.9625	85.2	426.0	1.0
1739	377	1	4	0.94	108.6	543.0	1.0
1740	209	0	5	0.515	160.8	804.0	0.3333333333333333
1741	396	1	4	0.9875	228.4	1142.0	1.0
1742	192	0	5	0.4725	91.6	458.0	0.6666666666666666
1743	204	0	5	0.5025	133.4	667.0	0.3333333333333333
1744	399	1	4	0.995	248.8	1244.0	1.0
1745	229	0	5	0.565	150.8	754.0	0.3333333333333333
1746	55	0	5	0.13	34.4	172.0	0.0
1747	238	0	5	0.5875	138.4	692.0	0.6666666666666666
1748	221	0	5	0.545	107.0	535.0	0.3333333333333333
1749	149	0	5	0.365	122.2	611.0	0.3333333333333333
1750	66	0	5	0.1575	13.4	67.0	0.3333333333333333
1751	200	0	5	0.4925	173.0	865.0	0.3333333333333333
1752	172	0	5	0.4225	170.0	850.0	0.0
1753	304	1	4	0.7575	176.8	884.0	1.0
1754	259	0	5	0.64	112.2	561.0	0.3333333333333333
1755	235	0	5	0.58	193.8	969.0	0.3333333333333333
1756	138	0	5	0.3375	136.0	680.0	0.0
1757	81	0	5	0.195	65.6	328.0	0.0
1758	391	1	4	0.975	156.2	781.0	1.0
1759	93	0	5	0.225	91.0	455.0	0.0
1760	44	0	5	0.1025	42.0	210.0	0.0
1761	38	0	5	0.0875	36.0	180.0	0.3333333333333333
1762	225	0	5	0.555	130.0	650.0	0.3333333333333333
1763	42	0	5	0.0975	40.0	200.0	0.0
1764	222	1	4	0.5525	125.0	625.0	1.0
1765	97	0	5	0.235	57.4	287.0	0.6666666666666666
1766	217	0	5	0.535	113.4	567.0	0.3333333333333333
1767	64	0	5	0.1525	56.4	282.0	0.3333333333333333
1768	26	0	5	0.0575	24.0	120.0	0.0
1769	356	1	4	0.8875	117.0	585.0	1.0
1770	379	0	5	0.94	162.4	812.0	0.6666666666666666
1771	335	1	4	0.835	190.2	951.0	1.0
1772	277	0	5	0.685	227.4	1137.0	0.0
1773	352	0	5	0.8725	139.8	699.0	0.3333333333333333
1774	387	0	5	0.96	255.2	1276.0	0.6666666666666666
1775	166	0	5	0.4075	136.0	680.0	0.3333333333333333
1776	39	0	5	0.09	32.2	161.0	0.3333333333333333
1777	322	0	5	0.7975	114.8	574.0	0.6666666666666666
1778	252	1	4	0.6275	141.4	707.0	1.0
1779	376	0	5	0.9325	94.0	470.0	0.6666666666666666
1780	382	0	5	0.9475	188.2	941.0	0.6666666666666666
1781	26	0	5	0.0575	24.0	120.0	0.0
1782	282	0	5	0.6975	173.6	868.0	0.3333333333333333
1783	319	0	5	0.79	198.4	992.0	0.6666666666666666
1784	306	0	5	0.7575	182.0	910.0	0.3333333333333333
1785	136	0	5	0.3325	72.4	362.0	0.6666666666666666
1786	181	0	5	0.445	155.0	775.0	0.3333333333333333
1787	138	0	5	0.3375	84.4	422.0	0.6666666666666666
1788	211	0	5	0.52	98.0	490.0	0.0
1789	309	0	5	0.765	198.6	993.0	0.0
1790	239	0	5	0.59	209.8	1049.0	0.0
1791	320	0	5	0.7925	130.0	650.0	0.6666666666666666
1792	346	0	5	0.8575	231.8	1159.0	0.6666666666666666
1793	107	0	5	0.26	105.0	525.0	0.0
1794	95	0	5	0.23	25.0	125.0	0.3333333333333333
1795	314	0	5	0.7775	210.8	1054.0	0.3333333333333333
1796	160	0	5	0.3925	108.2	541.0	0.3333333333333333
1797	128	0	5	0.3125	126.0	630.0	0.0
1798	300	0	5	0.7425	87.4	437.0	0.3333333333333333
1799	346	0	5	0.8575	72.8	364.0	0.6666666666666666
1800	206	0	5	0.5075	139.2	696.0	0.6666666666666666
1801	47	0	5	0.11	38.6	193.0	0.3333333333333333
1802	204	0	5	0.5025	146.0	730.0	0.3333333333333333
1803	328	0	5	0.8125	246.4	1232.0	0.6666666666666666
1804	106	0	5	0.2575	99.8	499.0	0.0
1805	226	0	5	0.5575	52.0	260.0	0.0
1806	18	0	5	0.0375	16.0	80.0	0.0
1807	248	0	5	0.6125	60.4	302.0	0.3333333333333333
1808	180	0	5	0.4425	45.2	226.0	0.3333333333333333
1809	4	0	5	0.0025	2.0	10.0	0.0
1810	240	0	5	0.5925	113.2	566.0	0.6666666666666666
1811	90	0	5	0.2175	88.0	440.0	0.0
1812	225	0	5	0.555	142.2	711.0	0.3333333333333333
1813	19	0	5	0.04	17.0	85.0	0.0
1814	138	0	5	0.3375	136.0	680.0	0.0
1815	185	0	5	0.455	100.0	500.0	0.3333333333333333
1816	310	0	5	0.7675	213.8	1069.0	0.3333333333333333
1817	72	0	5	0.1725	38.8	194.0	0.3333333333333333
1818	379	0	5	0.94	113.2	566.0	0.6666666666666666
1819	132	0	5	0.3225	95.4	477.0	0.6666666666666666
1820	220	0	5	0.5425	90.2	451.0	0.6666666666666666
1821	284	1	4	0.7075	157.4	787.0	1.0
1822	316	1	4	0.7875	240.4	1202.0	1.0
1823	359	0	5	0.89	180.6	903.0	0.3333333333333333
1824	234	0	5	0.5775	109.6	548.0	0.3333333333333333
1825	146	0	5	0.3575	90.4	452.0	0.3333333333333333
1826	381	0	5	0.945	203.4	1017.0	0.6666666666666666
1827	4	0	5	0.0025	2.0	10.0	0.0
1828	341	0	5	0.845	186.2	931.0	0.6666666666666666
1829	381	0	5	0.945	362.6	1813.0	0.6666666666666666
1830	58	0	5	0.1375	56.0	280.0	0.0
1831	280	0	5	0.6925	165.0	825.0	0.3333333333333333
1832	278	0	5	0.6875	155.8	779.0	0.3333333333333333
1833	210	0	5	0.5175	104.2	521.0	0.3333333333333333
1834	65	0	5	0.155	63.0	315.0	0.0
1835	16	0	5	0.0325	14.0	70.0	0.0
1836	220	1	4	0.5475	82.4	412.0	1.0
1837	81	0	5	0.195	71.6	358.0	0.3333333333333333
1838	384	0	5	0.9525	245.8	1229.0	0.6666666666666666
1839	358	0	5	0.8875	93.2	466.0	0.6666666666666666
1840	84	0	5	0.2025	79.6	398.0	0.3333333333333333
1841	196	0	5	0.4825	94.2	471.0	0.6666666666666666
1842	320	0	5	0.7925	230.4	1152.0	0.3333333333333333
1843	184	0	5	0.4525	102.6	513.0	0.6666666666666666
1844	199	0	5	0.49	84.2	421.0	0.6666666666666666
1845	353	1	4	0.88	222.8	1114.0	1.0
1846	6	0	5	0.0075	4.0	20.0	0.0
1847	27	0	5	0.06	25.0	125.0	0.0
1848	367	0	5	0.91	135.4	677.0	0.6666666666666666
1849	158	0	5	0.3875	154.8	774.0	0.3333333333333333
1850	244	0	5	0.6025	129.2	646.0	0.3333333333333333
1851	46	0	5	0.1075	44.0	220.0	0.0
1852	263	0	5	0.65	212.2	1061.0	0.3333333333333333
1853	34	0	5	0.0775	32.0	160.0	0.0
1854	43	0	5	0.1	16.6	83.0	0.3333333333333333
1855	24	0	5	0.0525	22.0	110.0	0.0
1856	90	0	5	0.2175	82.6	413.0	0.3333333333333333
1857	107	0	5	0.26	99.8	499.0	0.3333333333333333
1858	342	0	5	0.8475	143.2	716.0	0.6666666666666666
1859	64	0	5	0.1525	61.2	306.0	0.0
1860	149	0	5	0.365	107.8	539.0	0.3333333333333333
1861	244	0	5	0.6025	114.0	570.0	0.6666666666666666
1862	281	1	4	0.7	137.8	689.0	1.0
1863	192	0	5	0.4725	106.0	530.0	0.3333333333333333
1864	141	0	5	0.345	85.6	428.0	0.3333333333333333
1865	170	0	5	0.4175	124.8	624.0	0.3333333333333333
1866	342	0	5	0.8475	139.6	698.0	0.6666666666666666
1867	30	0	5	0.0675	28.0	140.0	0.0
1868	55	0	5	0.13	31.4	157.0	0.3333333333333333
1869	187	0	5	0.46	134.6	673.0	0.6666666666666666
1870	10	0	5	0.0175	8.0	40.0	0.0
1871	371	1	4	0.925	219.0	1095.0	1.0
1872	339	0	5	0.84	232.0	1160.0	0.3333333333333333
1873	290	0	5	0.7175	64.0	320.0	0.6666666666666666
1874	334	1	4	0.8325	221.8	1109.0	1.0
1875	351	0	5	0.87	313.4	1567.0	0.6666666666666666
1876	347	0	5	0.86	107.4	537.0	0.6666666666666666
1877	318	1	4	0.7925	147.8	739.0	1.0
1878	208	0	5	0.5125	122.8	614.0	0.6666666666666666
1879	7	0	5	0.01	5.0	25.0	0.0
1880	196	0	5	0.4825	116.0	580.0	0.6666666666666666
1881	63	0	5	0.15	18.6	93.0	0.3333333333333333
1882	276	0	5	0.6825	150.4	752.0	0.3333333333333333
1883	131	0	5	0.32	63.4	317.0	0.3333333333333333
1884	349	0	5	0.865	247.4	1237.0	0.6666666666666666
1885	113	0	5	0.275	36.6	183.0	0.0
1886	4	0	5	0.0025	2.0	10.0	0.0
1887	350	1	4	0.8725	136.4	682.0	1.0
1888	354	0	5	0.8775	193.6	968.0	0.6666666666666666
1889	280	0	5	0.6925	210.2	1051.0	0.3333333333333333
1890	221	0	5	0.545	182.0	910.0	0.3333333333333333
1891	188	1	4	0.4675	137.6	688.0	1.0
1892	384	0	5	0.9525	220.8	1104.0	0.6666666666666666
1893	74	0	5	0.1775	63.2	316.0	0.0
1894	199	0	5	0.49	175.4	877.0	0.6666666666666666
1895	320	0	5	0.7925	191.0	955.0	0.6666666666666666
1896	371	0	5	0.92	146.6	733.0	0.6666666666666666
1897	109	0	5	0.265	101.8	509.0	0.0
1898	230	0	5	0.5675	201.2	1006.0	0.3333333333333333
1899	308	0	5	0.7625	235.4	1177.0	0.6666666666666666
1900	322	1	4	0.8025	188.8	944.0	1.0
1901	331	0	5	0.82	136.6	683.0	0.6666666666666666
1902	126	0	5	0.3075	124.0	620.0	0.0
1903	193	0	5	0.475	127.8	639.0	0.0
1904	332	0	5	0.8225	275.6	1378.0	0.3333333333333333
1905	167	0	5	0.41	100.2	501.0	0.3333333333333333
1906	53	0	5	0.125	39.0	195.0	0.3333333333333333
1907	87	0	5	0.21	52.0	260.0	0.3333333333333333
1908	217	1	4	0.54	211.2	1056.0	1.0
1909	271	0	5	0.67	153.6	768.0	0.3333333333333333
1910	256	0	5	0.6325	103.0	515.0	0.3333333333333333
1911	318	0	5	0.7875	73.2	366.0	0.3333333333333333
1912	344	0	5	0.8525	167.6	838.0	0.6666666666666666
1913	195	1	4	0.485	55.0	275.0	1.0
1914	398	0	5	0.9875	205.6	1028.0	0.6666666666666666
1915	36	0	5	0.0825	34.0	170.0	0.0
1916	76	0	5	0.1825	18.8	94.0	0.3333333333333333
1917	178	0	5	0.4375	175.6	878.0	0.3333333333333333
1918	316	0	5	0.7825	234.6	1173.0	0.6666666666666666
1919	289	0	5	0.715	169.2	846.0	0.3333333333333333
1920	287	0	5	0.71	199.6	998.0	0.6666666666666666
1921	50	0	5	0.1175	17.2	86.0	0.3333333333333333
1922	79	0	5	0.19	69.6	348.0	0.0
1923	248	0	5	0.6125	101.4	507.0	0.6666666666666666
1924	184	0	5	0.4525	168.2	841.0	0.0
1925	258	0	5	0.6375	94.0	470.0	0.6666666666666666
1926	130	0	5	0.3175	104.4	522.0	0.3333333333333333
1927	182	0	5	0.4475	36.2	181.0	0.3333333333333333
1928	358	0	5	0.8875	252.8	1264.0	0.3333333333333333
1929	72	0	5	0.1725	70.0	350.0	0.0
1930	334	0	5	0.8275	221.6	1108.0	0.6666666666666666
1931	127	0	5	0.31	105.0	525.0	0.0
1932	343	0	5	0.85	207.0	1035.0	0.6666666666666666
1933	39	0	5	0.09	37.0	185.0	0.0
1934	112	0	5	0.2725	40.8	204.0	0.3333333333333333
1935	221	0	5	0.545	107.8	539.0	0.3333333333333333
1936	55	0	5	0.13	53.0	265.0	0.0
1937	73	0	5	0.175	71.0	355.0	0.0
1938	196	0	5	0.4825	155.6	778.0	0.3333333333333333
1939	351	0	5	0.87	238.0	1190.0	0.3333333333333333
1940	63	0	5	0.15	43.6	218.0	0.3333333333333333
1941	98	0	5	0.2375	42.0	210.0	0.6666666666666666
1942	165	0	5	0.405	107.0	535.0	0.6666666666666666
1943	392	1	4	0.9775	308.6	1543.0	1.0
1944	148	0	5	0.3625	73.6	368.0	0.6666666666666666
1945	308	0	5	0.7625	164.4	822.0	0.3333333333333333
1946	187	1	4	0.465	142.6	713.0	1.0
1947	252	0	5	0.6225	106.6	533.0	0.6666666666666666
1948	145	0	5	0.355	93.2	466.0	0.3333333333333333
1949	177	1	4	0.44	109.4	547.0	1.0
1950	213	0	5	0.525	99.0	495.0	0.6666666666666666
1951	64	0	5	0.1525	62.0	310.0	0.0
1952	209	0	5	0.515	48.6	243.0	0.6666666666666666
1953	277	0	5	0.685	232.2	1161.0	0.0
1954	51	0	5	0.12	40.6	203.0	0.0
1955	176	1	4	0.4375	118.0	590.0	1.0
1956	324	0	5	0.8025	322.0	1610.0	0.0
1957	59	0	5	0.14	43.0	215.0	0.3333333333333333
1958	311	0	5	0.77	179.4	897.0	0.6666666666666666
1959	364	1	4	0.9075	177.2	886.0	1.0
1960	148	0	5	0.3625	56.2	281.0	0.6666666666666666
1961	17	0	5	0.035	15.0	75.0	0.0
1962	220	0	5	0.5425	164.4	822.0	0.6666666666666666
1963	218	0	5	0.5375	124.8	624.0	0.6666666666666666
1964	16	0	5	0.0325	14.0	70.0	0.0
1965	294	0	5	0.7275	151.0	755.0	0.3333333333333333
1966	350	0	5	0.8675	277.4	1387.0	0.3333333333333333
1967	369	0	5	0.915	157.4	787.0	0.6666666666666666
1968	115	0	5	0.28	113.0	565.0	0.0
1969	296	0	5	0.7325	269.2	1346.0	0.0
1970	113	0	5	0.275	75.4	377.0	0.0
1971	99	0	5	0.24	47.2	236.0	0.3333333333333333
1972	44	0	5	0.1025	42.0	210.0	0.0
1973	214	0	5	0.5275	123.6	618.0	0.3333333333333333
1974	114	0	5	0.2775	90.6	453.0	0.3333333333333333
1975	43	0	5	0.1	41.0	205.0	0.0
1976	206	0	5	0.5075	124.4	622.0	0.3333333333333333
1977	250	0	5	0.6175	171.2	856.0	0.3333333333333333
1978	264	0	5	0.6525	160.0	800.0	0.3333333333333333
1979	187	0	5	0.46	140.2	701.0	0.3333333333333333
1980	210	1	4	0.5225	74.8	374.0	1.0
1981	138	0	5	0.3375	136.0	680.0	0.0
1982	397	0	5	0.985	209.0	1045.0	0.6666666666666666
1983	100	0	5	0.2425	98.0	490.0	0.3333333333333333
1984	166	0	5	0.4075	164.0	820.0	0.0
1985	126	0	5	0.3075	48.6	243.0	0.3333333333333333
1986	354	0	5	0.8775	197.8	989.0	0.6666666666666666
1987	373	0	5	0.925	175.6	878.0	0.6666666666666666
1988	90	0	5	0.2175	88.0	440.0	0.0
1989	342	0	5	0.8475	202.8	1014.0	0.3333333333333333
1990	280	0	5	0.6925	162.8	814.0	0.3333333333333333
1991	364	0	5	0.9025	190.2	951.0	0.6666666666666666
1992	74	0	5	0.1775	59.2	296.0	0.3333333333333333
1993	277	0	5	0.685	120.4	602.0	0.6666666666666666
1994	61	0	5	0.145	39.0	195.0	0.3333333333333333
1995	380	0	5	0.9425	287.6	1438.0	0.6666666666666666
1996	114	0	5	0.2775	112.0	560.0	0.0
1997	377	0	5	0.935	130.2	651.0	0.6666666666666666
1998	148	0	5	0.3625	60.2	301.0	0.3333333333333333
1999	373	0	5	0.925	100.6	503.0	0.6666666666666666
2000	7	0	5	0.01	5.0	25.0	0.0
2001	132	0	5	0.3225	61.0	305.0	0.3333333333333333
2002	313	1	4	0.78	143.8	719.0	1.0
2003	9	0	5	0.015	7.0	35.0	0.0
2004	164	0	5	0.4025	135.6	678.0	0.0
2005	27	0	5	0.06	25.0	125.0	0.0
2006	161	0	5	0.395	146.2	731.0	0.3333333333333333
2007	173	0	5	0.425	67.0	335.0	0.6666666666666666
2008	269	0	5	0.665	140.0	700.0	0.3333333333333333
2009	52	0	5	0.1225	50.0	250.0	0.0
2010	361	0	5	0.895	251.4	1257.0	0.6666666666666666
2011	316	0	5	0.7825	177.8	889.0	0.3333333333333333
2012	57	0	5	0.135	55.0	275.0	0.0
2013	370	0	5	0.9175	183.8	919.0	0.3333333333333333
2014	303	0	5	0.75	156.8	784.0	0.3333333333333333
2015	309	0	5	0.765	303.8	1519.0	0.3333333333333333
2016	278	0	5	0.6875	95.2	476.0	0.6666666666666666
2017	272	1	4	0.6775	76.8	384.0	1.0
2018	137	0	5	0.335	70.8	354.0	0.3333333333333333
2019	224	0	5	0.5525	65.2	326.0	0.6666666666666666
2020	202	1	4	0.5025	74.8	374.0	1.0
2021	290	0	5	0.7175	178.8	894.0	0.6666666666666666
2022	342	0	5	0.8475	267.6	1338.0	0.6666666666666666
2023	275	0	5	0.68	273.0	1365.0	0.0
2024	303	0	5	0.75	205.2	1026.0	0.3333333333333333
2025	280	0	5	0.6925	161.8	809.0	0.3333333333333333
2026	196	0	5	0.4825	124.2	621.0	0.3333333333333333
2027	242	0	5	0.5975	84.4	422.0	0.6666666666666666
2028	222	0	5	0.5475	166.8	834.0	0.6666666666666666
2029	122	1	4	0.3025	61.6	308.0	1.0
2030	350	0	5	0.8675	99.4	497.0	0.3333333333333333
2031	217	0	5	0.535	121.0	605.0	0.3333333333333333
2032	91	0	5	0.22	54.2	271.0	0.3333333333333333
2033	232	0	5	0.5725	174.4	872.0	0.6666666666666666
2034	219	0	5	0.54	161.8	809.0	0.0
2035	209	0	5	0.515	133.8	669.0	0.3333333333333333
2036	58	0	5	0.1375	56.0	280.0	0.0
2037	109	0	5	0.265	45.8	229.0	0.3333333333333333
2038	124	0	5	0.3025	97.6	488.0	0.3333333333333333
2039	201	0	5	0.495	167.6	838.0	0.6666666666666666
2040	57	0	5	0.135	47.6	238.0	0.0
2041	255	0	5	0.63	204.2	1021.0	0.6666666666666666
2042	176	0	5	0.4325	128.0	640.0	0.3333333333333333
2043	12	0	5	0.0225	4.4	22.0	0.3333333333333333
2044	316	0	5	0.7825	250.6	1253.0	0.3333333333333333
2045	108	0	5	0.2625	56.2	281.0	0.3333333333333333
2046	233	0	5	0.575	117.4	587.0	0.6666666666666666
2047	140	0	5	0.3425	88.4	442.0	0.3333333333333333
2048	353	0	5	0.875	128.6	643.0	0.6666666666666666
2049	120	1	4	0.2975	44.8	224.0	1.0
2050	58	0	5	0.1375	56.0	280.0	0.0
2051	119	0	5	0.29	113.0	565.0	0.3333333333333333
2052	397	1	4	0.99	82.6	413.0	1.0
2053	302	0	5	0.7475	138.2	691.0	0.6666666666666666
2054	59	0	5	0.14	57.0	285.0	0.0
2055	185	1	4	0.46	147.0	735.0	1.0
2056	4	0	5	0.0025	2.0	10.0	0.0
2057	27	0	5	0.06	25.0	125.0	0.0
2058	269	0	5	0.665	166.2	831.0	0.6666666666666666
2059	150	0	5	0.3675	133.6	668.0	0.3333333333333333
2060	138	0	5	0.3375	112.4	562.0	0.3333333333333333
2061	303	0	5	0.75	111.0	555.0	0.6666666666666666
2062	176	0	5	0.4325	75.6	378.0	0.3333333333333333
2063	220	0	5	0.5425	145.0	725.0	0.3333333333333333
2064	188	0	5	0.4625	101.6	508.0	0.6666666666666666
2065	347	0	5	0.86	136.2	681.0	0.3333333333333333
2066	189	0	5	0.465	131.8	659.0	0.0
2067	200	0	5	0.4925	189.0	945.0	0.6666666666666666
2068	32	0	5	0.0725	30.0	150.0	0.0
2069	76	0	5	0.1825	74.0	370.0	0.0
2070	29	0	5	0.065	27.0	135.0	0.0
2071	28	0	5	0.0625	26.0	130.0	0.0
2072	217	0	5	0.535	150.2	751.0	0.3333333333333333
2073	232	0	5	0.5725	152.0	760.0	0.6666666666666666
2074	68	0	5	0.1625	66.0	330.0	0.0
2075	281	0	5	0.695	136.8	684.0	0.6666666666666666
2076	242	0	5	0.5975	211.2	1056.0	0.3333333333333333
2077	59	0	5	0.14	54.6	273.0	0.3333333333333333
2078	322	0	5	0.7975	153.6	768.0	0.6666666666666666
2079	266	0	5	0.6575	201.8	1009.0	0.6666666666666666
2080	217	0	5	0.535	150.8	754.0	0.6666666666666666
2081	349	0	5	0.865	193.6	968.0	0.6666666666666666
2082	292	0	5	0.7225	243.0	1215.0	0.3333333333333333
2083	98	0	5	0.2375	59.2	296.0	0.3333333333333333
2084	323	0	5	0.8	121.8	609.0	0.6666666666666666
2085	286	1	4	0.7125	260.6	1303.0	1.0
2086	139	0	5	0.34	137.0	685.0	0.0
2087	18	0	5	0.0375	16.0	80.0	0.0
2088	108	0	5	0.2625	47.2	236.0	0.3333333333333333
2089	80	0	5	0.1925	58.8	294.0	0.0
2090	220	0	5	0.5425	102.0	510.0	0.6666666666666666
2091	89	0	5	0.215	87.0	435.0	0.0
2092	199	0	5	0.49	106.4	532.0	0.0
2093	84	1	4	0.2075	57.2	286.0	1.0
2094	340	0	5	0.8425	249.2	1246.0	0.6666666666666666
2095	211	0	5	0.52	209.0	1045.0	0.0
2096	3	0	5	0.0025	0.6	3.0	0.3333333333333333
2097	269	0	5	0.665	82.2	411.0	0.6666666666666666
2098	167	0	5	0.41	160.8	804.0	0.3333333333333333
2099	391	1	4	0.975	188.6	943.0	1.0
2100	205	0	5	0.505	175.8	879.0	0.3333333333333333
2101	313	0	5	0.775	198.2	991.0	0.6666666666666666
2102	401	0	4	0.9975	310.4	1552.0	0.6666666666666666
2103	268	0	5	0.6625	174.8	874.0	0.3333333333333333
2104	199	0	5	0.49	85.2	426.0	0.6666666666666666
2105	240	0	5	0.5925	177.6	888.0	0.6666666666666666
2106	107	0	5	0.26	105.0	525.0	0.0
2107	323	0	5	0.8	84.6	423.0	0.6666666666666666
2108	221	0	5	0.545	176.8	884.0	0.6666666666666666
2109	205	0	5	0.505	141.4	707.0	0.3333333333333333
2110	376	0	5	0.9325	267.6	1338.0	0.6666666666666666
2111	312	0	5	0.7725	246.8	1234.0	0.3333333333333333
2112	376	0	5	0.9325	179.4	897.0	0.6666666666666666
2113	66	0	5	0.1575	64.0	320.0	0.0
2114	264	0	5	0.6525	199.0	995.0	0.3333333333333333
2115	227	0	5	0.56	134.6	673.0	0.3333333333333333
2116	292	0	5	0.7225	256.2	1281.0	0.3333333333333333
2117	315	0	5	0.78	125.0	625.0	0.6666666666666666
2118	386	1	4	0.9625	243.6	1218.0	1.0
2119	113	0	5	0.275	66.8	334.0	0.3333333333333333
2120	293	0	5	0.725	170.2	851.0	0.6666666666666666
2121	213	0	5	0.525	128.8	644.0	0.0
2122	208	1	4	0.5175	125.2	626.0	1.0
2123	184	0	5	0.4525	168.8	844.0	0.3333333333333333
2124	28	0	5	0.0625	26.0	130.0	0.0
2125	276	0	5	0.6825	102.0	510.0	0.6666666666666666
2126	310	0	5	0.7675	201.6	1008.0	0.6666666666666666
2127	110	0	5	0.2675	64.8	324.0	0.3333333333333333
2128	86	0	5	0.2075	26.8	134.0	0.3333333333333333
2129	323	0	5	0.8	116.2	581.0	0.6666666666666666
2130	145	1	4	0.36	37.0	185.0	1.0
2131	26	0	5	0.0575	24.0	120.0	0.0
2132	108	0	5	0.2625	70.2	351.0	0.3333333333333333
2133	64	0	5	0.1525	62.0	310.0	0.0
2134	305	0	5	0.755	89.4	447.0	0.6666666666666666
2135	187	0	5	0.46	141.8	709.0	0.6666666666666666
2136	247	0	5	0.61	165.8	829.0	0.3333333333333333
2137	135	0	5	0.33	117.4	587.0	0.3333333333333333
2138	232	0	5	0.5725	103.6	518.0	0.6666666666666666
2139	268	0	5	0.6625	164.8	824.0	0.3333333333333333
2140	303	0	5	0.75	259.4	1297.0	0.3333333333333333
2141	34	0	5	0.0775	32.0	160.0	0.0
2142	339	0	5	0.84	184.4	922.0	0.3333333333333333
2143	219	0	5	0.54	186.4	932.0	0.3333333333333333
2144	182	0	5	0.4475	136.8	684.0	0.3333333333333333
2145	49	0	5	0.115	47.0	235.0	0.0
2146	34	0	5	0.0775	27.2	136.0	0.0
2147	42	0	5	0.0975	40.0	200.0	0.3333333333333333
2148	318	1	4	0.7925	142.4	712.0	1.0
2149	25	0	5	0.055	19.2	96.0	0.3333333333333333
2150	324	0	5	0.8025	206.8	1034.0	0.6666666666666666
2151	80	0	5	0.1925	78.0	390.0	0.0
2152	201	0	5	0.495	148.2	741.0	0.0
2153	262	0	5	0.6475	166.0	830.0	0.6666666666666666
2154	375	1	4	0.935	221.0	1105.0	1.0
2155	248	0	5	0.6125	132.2	661.0	0.3333333333333333
2156	234	0	5	0.5775	83.2	416.0	0.3333333333333333
2157	315	0	5	0.78	112.2	561.0	0.6666666666666666
2158	398	1	4	0.9925	170.0	850.0	1.0
2159	170	0	5	0.4175	92.0	460.0	0.6666666666666666
2160	172	0	5	0.4225	118.8	594.0	0.3333333333333333
2161	130	0	5	0.3175	73.8	369.0	0.3333333333333333
2162	18	0	5	0.0375	16.0	80.0	0.0
2163	173	0	5	0.425	148.6	743.0	0.3333333333333333
2164	250	0	5	0.6175	151.2	756.0	0.6666666666666666
2165	315	0	5	0.78	98.2	491.0	0.6666666666666666
2166	164	0	5	0.4025	94.2	471.0	0.6666666666666666
2167	118	0	5	0.2875	115.2	576.0	0.0
2168	309	1	3	0.77	188.6	943.0	1.0
2169	329	1	4	0.82	157.0	785.0	1.0
2170	200	0	5	0.4925	154.2	771.0	0.3333333333333333
2171	160	0	5	0.3925	117.6	588.0	0.0
2172	35	0	5	0.08	30.6	153.0	0.3333333333333333
2173	285	0	5	0.705	155.8	779.0	0.3333333333333333
2174	355	1	4	0.885	198.2	991.0	1.0
2175	98	0	5	0.2375	75.0	375.0	0.0
2176	401	0	5	0.995	125.0	625.0	0.6666666666666666
2177	271	0	5	0.67	208.6	1043.0	0.6666666666666666
2178	201	0	5	0.495	153.0	765.0	0.3333333333333333
2179	331	0	5	0.82	269.4	1347.0	0.6666666666666666
2180	311	1	4	0.775	140.6	703.0	1.0
2181	380	1	4	0.9475	135.4	677.0	1.0
2182	296	0	5	0.7325	123.6	618.0	0.6666666666666666
2183	330	0	5	0.8175	311.2	1556.0	0.6666666666666666
2184	245	0	5	0.605	214.8	1074.0	0.3333333333333333
2185	289	0	5	0.715	220.4	1102.0	0.6666666666666666
2186	253	0	5	0.625	197.4	987.0	0.3333333333333333
2187	101	0	5	0.245	41.4	207.0	0.3333333333333333
2188	142	0	5	0.3475	119.0	595.0	0.0
2189	183	1	4	0.455	103.8	519.0	1.0
2190	237	0	5	0.585	160.8	804.0	0.3333333333333333
2191	182	0	5	0.4475	64.8	324.0	0.3333333333333333
2192	237	0	5	0.585	100.6	503.0	0.3333333333333333
2193	230	0	5	0.5675	144.6	723.0	0.3333333333333333
2194	220	0	5	0.5425	118.8	594.0	0.6666666666666666
2195	107	0	5	0.26	91.8	459.0	0.3333333333333333
2196	306	0	5	0.7575	187.6	938.0	0.6666666666666666
2197	112	0	5	0.2725	110.0	550.0	0.0
2198	163	0	5	0.4	110.2	551.0	0.0
2199	367	0	5	0.91	269.8	1349.0	0.6666666666666666
2200	124	0	5	0.3025	88.4	442.0	0.3333333333333333
2201	374	1	4	0.9325	124.2	621.0	1.0
2202	325	0	5	0.805	323.0	1615.0	0.3333333333333333
2203	218	0	5	0.5375	48.0	240.0	0.3333333333333333
2204	353	1	4	0.88	298.0	1490.0	1.0
2205	152	0	5	0.3725	113.6	568.0	0.3333333333333333
2206	33	0	5	0.075	29.6	148.0	0.3333333333333333
2207	243	1	4	0.605	107.6	538.0	1.0
2208	192	0	5	0.4725	170.8	854.0	0.3333333333333333
2209	238	0	5	0.5875	90.8	454.0	0.6666666666666666
2210	181	0	5	0.445	129.0	645.0	0.6666666666666666
2211	211	0	5	0.52	105.2	526.0	0.3333333333333333
2212	72	0	5	0.1725	43.6	218.0	0.0
2213	217	1	4	0.54	172.6	863.0	1.0
2214	11	0	5	0.02	9.0	45.0	0.0
2215	70	0	5	0.1675	55.6	278.0	0.3333333333333333
2216	383	0	5	0.95	340.6	1703.0	0.6666666666666666
2217	119	0	5	0.29	71.0	355.0	0.3333333333333333
2218	327	0	5	0.81	150.2	751.0	0.6666666666666666
2219	216	0	5	0.5325	214.0	1070.0	0.3333333333333333
2220	168	0	5	0.4125	166.0	830.0	0.0
2221	378	0	5	0.9375	290.2	1451.0	0.3333333333333333
2222	275	0	5	0.68	161.4	807.0	0.6666666666666666
2223	70	0	5	0.1675	57.8	289.0	0.0
2224	162	0	5	0.3975	101.6	508.0	0.6666666666666666
2225	139	0	5	0.34	65.0	325.0	0.3333333333333333
2226	232	0	5	0.5725	152.0	760.0	0.3333333333333333
2227	329	0	5	0.815	220.2	1101.0	0.3333333333333333
2228	359	1	4	0.895	162.2	811.0	1.0
2229	209	0	5	0.515	151.8	759.0	0.3333333333333333
2230	279	1	4	0.695	258.6	1293.0	1.0
2231	331	0	5	0.82	115.4	577.0	0.6666666666666666
2232	96	0	5	0.2325	50.8	254.0	0.3333333333333333
2233	172	0	5	0.4225	49.6	248.0	0.6666666666666666
2234	92	0	5	0.2225	78.4	392.0	0.3333333333333333
2235	384	0	5	0.9525	177.4	887.0	0.6666666666666666
2236	220	0	5	0.5425	82.8	414.0	0.3333333333333333
2237	104	0	5	0.2525	42.2	211.0	0.3333333333333333
2238	256	0	5	0.6325	210.8	1054.0	0.6666666666666666
2239	305	0	5	0.755	208.2	1041.0	0.3333333333333333
2240	224	0	5	0.5525	130.2	651.0	0.6666666666666666
2241	249	0	5	0.615	158.6	793.0	0.6666666666666666
2242	323	1	3	0.805	184.2	921.0	1.0
2243	289	0	5	0.715	254.6	1273.0	0.6666666666666666
2244	212	0	5	0.5225	103.6	518.0	0.6666666666666666
2245	130	0	5	0.3175	53.8	269.0	0.6666666666666666
2246	306	0	5	0.7575	274.8	1374.0	0.0
2247	323	0	5	0.8	169.2	846.0	0.6666666666666666
2248	95	0	5	0.23	86.0	430.0	0.3333333333333333
2249	249	0	5	0.615	196.4	982.0	0.3333333333333333
2250	132	0	5	0.3225	119.4	597.0	0.0
2251	103	0	5	0.25	71.8	359.0	0.3333333333333333
2252	378	1	4	0.9425	159.8	799.0	1.0
2253	104	0	5	0.2525	77.4	387.0	0.6666666666666666
2254	195	0	5	0.48	41.8	209.0	0.6666666666666666
2255	166	0	5	0.4075	157.8	789.0	0.0
2256	304	0	5	0.7525	215.4	1077.0	0.6666666666666666
2257	210	0	5	0.5175	121.4	607.0	0.3333333333333333
2258	393	0	5	0.975	128.6	643.0	0.6666666666666666
2259	333	0	5	0.825	218.2	1091.0	0.3333333333333333
2260	25	0	5	0.055	23.0	115.0	0.0
2261	362	1	4	0.9025	160.2	801.0	1.0
2262	203	0	5	0.5	111.6	558.0	0.6666666666666666
2263	198	0	5	0.4875	55.2	276.0	0.3333333333333333
2264	331	0	5	0.82	254.4	1272.0	0.3333333333333333
2265	341	1	4	0.85	175.8	879.0	1.0
2266	267	0	5	0.66	176.2	881.0	0.3333333333333333
2267	241	0	5	0.595	69.4	347.0	0.3333333333333333
2268	165	0	5	0.405	143.8	719.0	0.3333333333333333
2269	4	0	5	0.0025	2.0	10.0	0.0
2270	31	0	5	0.07	21.4	107.0	0.3333333333333333
2271	268	1	4	0.6675	189.4	947.0	1.0
2272	392	1	4	0.9775	168.2	841.0	1.0
2273	222	0	5	0.5475	85.2	426.0	0.3333333333333333
2274	8	0	5	0.0125	5.8	29.0	0.0
2275	81	0	5	0.195	35.8	179.0	0.0
2276	144	1	4	0.3575	54.8	274.0	1.0
2277	301	1	4	0.75	170.2	851.0	1.0
2278	194	0	5	0.4775	121.6	608.0	0.3333333333333333
2279	369	0	5	0.915	301.4	1507.0	0.3333333333333333
2280	139	0	5	0.34	45.0	225.0	0.3333333333333333
2281	30	0	5	0.0675	26.8	134.0	0.3333333333333333
2282	178	0	5	0.4375	129.0	645.0	0.3333333333333333
2283	247	0	5	0.61	186.6	933.0	0.3333333333333333
2284	221	0	5	0.545	132.6	663.0	0.3333333333333333
2285	246	0	5	0.6075	157.2	786.0	0.3333333333333333
2286	190	0	5	0.4675	162.6	813.0	0.3333333333333333
2287	172	1	4	0.4275	134.0	670.0	1.0
2288	68	0	5	0.1625	66.0	330.0	0.0
2289	358	1	4	0.8925	228.4	1142.0	1.0
2290	385	0	5	0.955	227.6	1138.0	0.6666666666666666
2291	122	0	5	0.2975	110.2	551.0	0.3333333333333333
2292	298	0	5	0.7375	137.6	688.0	0.6666666666666666
2293	332	1	3	0.8275	177.6	888.0	1.0
2294	392	1	4	0.9775	268.2	1341.0	1.0
2295	315	0	5	0.78	224.4	1122.0	0.3333333333333333
2296	222	0	5	0.5475	212.0	1060.0	0.3333333333333333
2297	231	0	5	0.57	190.2	951.0	0.6666666666666666
2298	200	0	5	0.4925	108.8	544.0	0.3333333333333333
2299	177	0	5	0.435	96.0	480.0	0.3333333333333333
2300	387	1	4	0.965	118.2	591.0	1.0
2301	236	0	5	0.5825	51.6	258.0	0.6666666666666666
2302	376	1	4	0.9375	140.0	700.0	1.0
2303	331	0	5	0.82	157.4	787.0	0.3333333333333333
2304	115	0	5	0.28	83.0	415.0	0.3333333333333333
2305	211	0	5	0.52	169.8	849.0	0.3333333333333333
2306	312	0	5	0.7725	100.8	504.0	0.6666666666666666
2307	324	0	5	0.8025	264.8	1324.0	0.6666666666666666
2308	201	1	4	0.5	48.6	243.0	1.0
2309	55	0	5	0.13	51.8	259.0	0.0
2310	61	0	5	0.145	49.0	245.0	0.3333333333333333
2311	233	1	3	0.58	172.6	863.0	1.0
2312	197	0	5	0.485	195.0	975.0	0.0
2313	57	0	5	0.135	42.2	211.0	0.3333333333333333
2314	92	0	5	0.2225	39.6	198.0	0.3333333333333333
2315	244	0	5	0.6025	94.4	472.0	0.6666666666666666
2316	283	0	5	0.7	270.6	1353.0	0.6666666666666666
2317	196	0	5	0.4825	173.2	866.0	0.3333333333333333
2318	208	1	4	0.5175	117.2	586.0	1.0
2319	277	0	5	0.685	87.4	437.0	0.6666666666666666
2320	194	0	5	0.4775	142.8	714.0	0.3333333333333333
2321	71	0	5	0.17	69.0	345.0	0.0
2322	62	0	5	0.1475	59.4	297.0	0.0
2323	363	0	5	0.9	205.6	1028.0	0.6666666666666666
2324	290	0	5	0.7175	198.4	992.0	0.6666666666666666
2325	102	0	5	0.2475	100.0	500.0	0.0
2326	378	0	5	0.9375	189.8	949.0	0.6666666666666666
2327	134	0	5	0.3275	128.8	644.0	0.0
2328	185	0	5	0.455	169.2	846.0	0.3333333333333333
2329	363	0	5	0.9	232.6	1163.0	0.6666666666666666
2330	378	0	5	0.9375	152.6	763.0	0.6666666666666666
2331	7	0	5	0.01	5.0	25.0	0.0
2332	81	0	5	0.195	42.6	213.0	0.3333333333333333
2333	345	0	5	0.855	234.6	1173.0	0.6666666666666666
2334	150	0	5	0.3675	126.6	633.0	0.0
2335	354	0	5	0.8775	72.8	364.0	0.3333333333333333
2336	211	0	5	0.52	123.0	615.0	0.3333333333333333
2337	224	0	5	0.5525	75.6	378.0	0.3333333333333333
2338	304	0	5	0.7525	101.8	509.0	0.3333333333333333
2339	264	0	5	0.6525	188.6	943.0	0.3333333333333333
2340	229	0	5	0.565	227.0	1135.0	0.0
2341	333	0	5	0.825	200.0	1000.0	0.3333333333333333
2342	121	0	5	0.295	60.8	304.0	0.3333333333333333
2343	196	0	5	0.4825	165.8	829.0	0.3333333333333333
2344	271	0	5	0.67	95.2	476.0	0.3333333333333333
2345	199	0	5	0.49	124.2	621.0	0.6666666666666666
2346	249	0	5	0.615	82.6	413.0	0.3333333333333333
2347	401	0	4	0.9975	249.2	1246.0	0.6666666666666666
2348	257	0	5	0.635	174.6	873.0	0.6666666666666666
2349	281	1	4	0.7	89.8	449.0	1.0
2350	54	0	5	0.1275	31.6	158.0	0.0
2351	216	0	5	0.5325	137.2	686.0	0.0
2352	87	0	5	0.21	61.0	305.0	0.3333333333333333
2353	297	0	5	0.735	125.8	629.0	0.3333333333333333
2354	200	0	5	0.4925	120.8	604.0	0.6666666666666666
2355	384	1	4	0.9575	231.6	1158.0	1.0
2356	270	0	5	0.6675	268.0	1340.0	0.0
2357	240	0	5	0.5925	53.2	266.0	0.0
2358	48	0	5	0.1125	46.0	230.0	0.0
2359	54	0	5	0.1275	42.8	214.0	0.3333333333333333
2360	182	0	5	0.4475	63.2	316.0	0.6666666666666666
2361	6	0	5	0.0075	4.0	20.0	0.0
2362	298	0	5	0.7375	116.0	580.0	0.6666666666666666
2363	336	1	4	0.8375	281.6	1408.0	1.0
2364	306	0	5	0.7575	272.8	1364.0	0.3333333333333333
2365	321	0	5	0.795	210.2	1051.0	0.6666666666666666
2366	146	0	5	0.3575	57.8	289.0	0.3333333333333333
2367	120	0	5	0.2925	98.0	490.0	0.0
2368	129	0	5	0.315	74.2	371.0	0.3333333333333333
2369	346	0	5	0.8575	202.4	1012.0	0.6666666666666666
2370	44	0	5	0.1025	34.0	170.0	0.0
2371	372	0	5	0.9225	120.8	604.0	0.6666666666666666
2372	369	0	5	0.915	160.6	803.0	0.6666666666666666
2373	92	0	5	0.2225	76.2	381.0	0.0
2374	171	0	5	0.42	108.6	543.0	0.6666666666666666
2375	334	1	4	0.8325	103.2	516.0	1.0
2376	75	0	5	0.18	37.6	188.0	0.0
2377	240	0	5	0.5925	160.2	801.0	0.3333333333333333
2378	203	0	5	0.5	164.8	824.0	0.6666666666666666
2379	243	0	5	0.6	126.2	631.0	0.3333333333333333
2380	230	0	5	0.5675	200.2	1001.0	0.3333333333333333
2381	220	0	5	0.5425	192.0	960.0	0.3333333333333333
2382	384	0	5	0.9525	189.6	948.0	0.6666666666666666
2383	323	0	5	0.8	178.2	891.0	0.3333333333333333
2384	17	0	5	0.035	7.0	35.0	0.3333333333333333
2385	163	0	5	0.4	161.0	805.0	0.0
2386	324	1	4	0.8075	124.0	620.0	1.0
2387	358	0	5	0.8875	248.0	1240.0	0.3333333333333333
2388	215	0	5	0.53	99.4	497.0	0.3333333333333333
2389	187	0	5	0.46	185.0	925.0	0.0
2390	130	0	5	0.3175	56.8	284.0	0.3333333333333333
2391	316	0	5	0.7825	238.0	1190.0	0.3333333333333333
2392	307	0	5	0.76	166.4	832.0	0.6666666666666666
2393	255	0	5	0.63	249.6	1248.0	0.3333333333333333
2394	200	0	5	0.4925	160.0	800.0	0.6666666666666666
2395	126	0	5	0.3075	95.2	476.0	0.3333333333333333
2396	400	0	5	0.9925	213.2	1066.0	0.6666666666666666
2397	355	0	5	0.88	244.4	1222.0	0.3333333333333333
2398	343	1	4	0.855	233.4	1167.0	1.0
2399	147	0	5	0.36	145.0	725.0	0.0
2400	67	0	5	0.16	42.2	211.0	0.3333333333333333
2401	316	0	5	0.7825	216.2	1081.0	0.3333333333333333
2402	290	0	5	0.7175	260.0	1300.0	0.3333333333333333
2403	367	1	4	0.915	180.2	901.0	1.0
2404	304	0	5	0.7525	71.6	358.0	0.6666666666666666
2405	160	0	5	0.3925	158.0	790.0	0.0
2406	369	1	4	0.92	258.4	1292.0	1.0
2407	383	0	5	0.95	193.6	968.0	0.6666666666666666
2408	97	0	5	0.235	95.0	475.0	0.0
2409	292	1	4	0.7275	80.4	402.0	1.0
2410	255	0	5	0.63	72.2	361.0	0.6666666666666666
2411	216	0	5	0.5325	114.2	571.0	0.3333333333333333
2412	346	1	4	0.8625	214.6	1073.0	1.0
2413	19	0	5	0.04	17.0	85.0	0.0
2414	219	0	5	0.54	156.2	781.0	0.0
2415	259	0	5	0.64	204.4	1022.0	0.6666666666666666
2416	23	0	5	0.05	21.0	105.0	0.0
2417	304	0	5	0.7525	250.4	1252.0	0.3333333333333333
2418	91	0	5	0.22	74.0	370.0	0.3333333333333333
2419	234	0	5	0.5775	111.6	558.0	0.3333333333333333
2420	211	0	5	0.52	123.0	615.0	0.3333333333333333
2421	178	0	5	0.4375	111.8	559.0	0.6666666666666666
2422	277	0	5	0.685	84.0	420.0	0.6666666666666666
2423	183	0	5	0.45	98.6	493.0	0.6666666666666666
2424	320	0	5	0.7925	93.2	466.0	0.6666666666666666
2425	306	1	4	0.7625	220.2	1101.0	1.0
2426	348	1	4	0.8675	195.2	976.0	1.0
2427	35	0	5	0.08	33.0	165.0	0.0
2428	270	0	5	0.6675	91.6	458.0	0.3333333333333333
2429	251	0	5	0.62	141.6	708.0	0.6666666666666666
2430	187	0	5	0.46	72.2	361.0	0.3333333333333333
2431	115	0	5	0.28	36.4	182.0	0.3333333333333333
2432	198	0	5	0.4875	69.4	347.0	0.6666666666666666
2433	55	0	5	0.13	25.4	127.0	0.3333333333333333
2434	188	0	5	0.4625	99.8	499.0	0.6666666666666666
2435	213	0	5	0.525	56.6	283.0	0.6666666666666666
2436	254	1	4	0.6325	123.6	618.0	1.0
2437	243	0	5	0.6	164.4	822.0	0.3333333333333333
2438	23	0	5	0.05	21.0	105.0	0.0
2439	96	0	5	0.2325	89.6	448.0	0.3333333333333333
2440	157	0	5	0.385	92.2	461.0	0.3333333333333333
2441	212	0	5	0.5225	136.2	681.0	0.3333333333333333
2442	161	0	5	0.395	37.4	187.0	0.3333333333333333
2443	248	0	5	0.6125	170.0	850.0	0.6666666666666666
2444	274	0	5	0.6775	60.8	304.0	0.3333333333333333
2445	376	0	5	0.9325	229.8	1149.0	0.6666666666666666
2446	213	0	5	0.525	119.0	595.0	0.3333333333333333
2447	293	0	5	0.725	138.4	692.0	0.3333333333333333
2448	36	0	5	0.0825	34.0	170.0	0.0
2449	9	0	5	0.015	7.0	35.0	0.0
2450	119	0	5	0.29	82.4	412.0	0.6666666666666666
2451	240	0	5	0.5925	135.0	675.0	0.3333333333333333
2452	93	0	5	0.225	20.6	103.0	0.3333333333333333
2453	322	0	5	0.7975	262.2	1311.0	0.3333333333333333
2454	124	0	5	0.3025	122.0	610.0	0.3333333333333333
2455	141	0	5	0.345	77.0	385.0	0.3333333333333333
2456	251	0	5	0.62	50.0	250.0	0.3333333333333333
2457	97	0	5	0.235	51.8	259.0	0.3333333333333333
2458	363	0	5	0.9	237.2	1186.0	0.6666666666666666
2459	55	0	5	0.13	23.6	118.0	0.3333333333333333
2460	278	0	5	0.6875	172.4	862.0	0.6666666666666666
2461	225	0	5	0.555	223.0	1115.0	0.0
2462	53	0	5	0.125	41.0	205.0	0.0
2463	187	0	5	0.46	112.2	561.0	0.3333333333333333
2464	249	0	5	0.615	216.0	1080.0	0.6666666666666666
2465	152	0	5	0.3725	150.0	750.0	0.0
2466	85	0	5	0.205	72.2	361.0	0.3333333333333333
2467	117	0	5	0.285	45.4	227.0	0.0
2468	125	0	5	0.305	96.0	480.0	0.3333333333333333
2469	61	0	5	0.145	45.0	225.0	0.0
2470	331	0	5	0.82	219.6	1098.0	0.6666666666666666
2471	62	0	5	0.1475	60.0	300.0	0.0
2472	266	0	5	0.6575	260.8	1304.0	0.0
2473	83	0	5	0.2	81.0	405.0	0.0
2474	28	0	5	0.0625	12.4	62.0	0.3333333333333333
2475	312	0	5	0.7725	226.6	1133.0	0.3333333333333333
2476	303	0	5	0.75	159.4	797.0	0.6666666666666666
2477	288	0	5	0.7125	168.4	842.0	0.3333333333333333
2478	74	0	5	0.1775	72.0	360.0	0.0
2479	138	0	5	0.3375	107.2	536.0	0.3333333333333333
2480	91	0	5	0.22	68.6	343.0	0.0
2481	207	0	5	0.51	114.2	571.0	0.6666666666666666
2482	140	0	5	0.3425	88.2	441.0	0.6666666666666666
2483	208	0	5	0.5125	96.8	484.0	0.3333333333333333
2484	134	1	4	0.3325	117.0	585.0	1.0
2485	101	0	5	0.245	97.2	486.0	0.3333333333333333
2486	219	0	5	0.54	200.2	1001.0	0.3333333333333333
2487	163	0	5	0.4	35.4	177.0	0.3333333333333333
2488	116	0	5	0.2825	95.8	479.0	0.0
2489	311	0	5	0.77	82.0	410.0	0.6666666666666666
2490	68	0	5	0.1625	66.0	330.0	0.0
2491	325	0	5	0.805	268.4	1342.0	0.6666666666666666
2492	344	0	5	0.8525	177.6	888.0	0.6666666666666666
2493	95	0	5	0.23	85.0	425.0	0.3333333333333333
2494	105	0	5	0.255	93.8	469.0	0.0
2495	29	0	5	0.065	27.0	135.0	0.0
2496	355	0	5	0.88	164.6	823.0	0.6666666666666666
2497	28	0	5	0.0625	26.0	130.0	0.0
2498	135	0	5	0.33	127.8	639.0	0.6666666666666666
2499	357	0	5	0.885	136.0	680.0	0.6666666666666666
2500	158	0	5	0.3875	103.0	515.0	0.0
2501	167	0	5	0.41	122.4	612.0	0.3333333333333333
2502	251	0	5	0.62	146.4	732.0	0.3333333333333333
2503	231	0	5	0.57	127.4	637.0	0.3333333333333333
2504	214	0	5	0.5275	97.6	488.0	0.3333333333333333
2505	301	0	5	0.745	216.6	1083.0	0.6666666666666666
2506	226	0	5	0.5575	105.4	527.0	0.3333333333333333
2507	372	0	5	0.9225	131.6	658.0	0.6666666666666666
2508	227	0	5	0.56	100.4	502.0	0.3333333333333333
2509	94	0	5	0.2275	92.0	460.0	0.0
2510	167	0	5	0.41	165.0	825.0	0.0
2511	68	0	5	0.1625	51.6	258.0	0.3333333333333333
2512	131	0	5	0.32	60.0	300.0	0.0
2513	272	0	5	0.6725	231.4	1157.0	0.3333333333333333
2514	60	0	5	0.1425	50.8	254.0	0.3333333333333333
2515	15	0	5	0.03	13.0	65.0	0.0
2516	286	0	5	0.7075	185.6	928.0	0.3333333333333333
2517	346	0	5	0.8575	212.2	1061.0	0.6666666666666666
2518	16	0	5	0.0325	14.0	70.0	0.0
2519	148	0	5	0.3625	102.0	510.0	0.3333333333333333
2520	391	0	5	0.97	239.0	1195.0	0.6666666666666666
2521	155	1	4	0.385	77.4	387.0	1.0
2522	56	0	5	0.1325	54.0	270.0	0.0
2523	255	0	5	0.63	148.0	740.0	0.3333333333333333
2524	147	0	5	0.36	115.0	575.0	0.3333333333333333
2525	309	0	5	0.765	177.0	885.0	0.6666666666666666
2526	161	0	5	0.395	131.8	659.0	0.0
2527	114	0	5	0.2775	92.8	464.0	0.3333333333333333
2528	242	0	5	0.5975	229.2	1146.0	0.0
2529	396	0	5	0.9825	236.8	1184.0	0.6666666666666666
2530	52	0	5	0.1225	50.0	250.0	0.0
2531	289	0	5	0.715	251.0	1255.0	0.3333333333333333
2532	101	0	5	0.245	62.2	311.0	0.3333333333333333
2533	360	0	5	0.8925	273.2	1366.0	0.6666666666666666
2534	287	0	5	0.71	197.8	989.0	0.3333333333333333
2535	292	0	5	0.7225	163.8	819.0	0.6666666666666666
2536	81	0	5	0.195	59.4	297.0	0.3333333333333333
2537	252	0	5	0.6225	135.4	677.0	0.3333333333333333
2538	116	0	5	0.2825	92.8	464.0	0.3333333333333333
2539	101	0	5	0.245	94.2	471.0	0.0
2540	60	0	5	0.1425	25.4	127.0	0.0
2541	217	0	5	0.535	138.4	692.0	0.0
2542	129	0	5	0.315	123.4	617.0	0.3333333333333333
2543	86	0	5	0.2075	43.2	216.0	0.3333333333333333
2544	317	0	5	0.785	264.2	1321.0	0.6666666666666666
2545	259	0	5	0.64	71.4	357.0	0.6666666666666666
2546	32	0	5	0.0725	15.6	78.0	0.3333333333333333
2547	362	0	5	0.8975	180.0	900.0	0.6666666666666666
2548	289	0	5	0.715	251.8	1259.0	0.6666666666666666
2549	296	1	3	0.7375	159.0	795.0	1.0
2550	206	0	5	0.5075	41.6	208.0	0.3333333333333333
2551	246	0	5	0.6075	187.6	938.0	0.6666666666666666
2552	78	0	5	0.1875	39.8	199.0	0.3333333333333333
2553	72	0	5	0.1725	61.0	305.0	0.0
2554	324	0	5	0.8025	259.4	1297.0	0.6666666666666666
2555	75	0	5	0.18	56.2	281.0	0.3333333333333333
2556	280	0	5	0.6925	204.8	1024.0	0.3333333333333333
2557	169	0	5	0.415	116.6	583.0	0.6666666666666666
2558	166	0	5	0.4075	68.6	343.0	0.0
2559	100	0	5	0.2425	98.0	490.0	0.0
2560	208	0	5	0.5125	94.8	474.0	0.3333333333333333
2561	182	0	5	0.4475	112.8	564.0	0.3333333333333333
2562	382	0	5	0.9475	139.4	697.0	0.6666666666666666
2563	71	0	5	0.17	69.0	345.0	0.0
2564	316	1	4	0.7875	91.0	455.0	1.0
2565	155	0	5	0.38	112.2	561.0	0.6666666666666666
2566	62	0	5	0.1475	13.6	68.0	0.3333333333333333
2567	231	1	4	0.575	106.6	533.0	1.0
2568	187	0	5	0.46	69.0	345.0	0.3333333333333333
2569	101	0	5	0.245	67.2	336.0	0.0
2570	27	0	5	0.06	14.6	73.0	0.3333333333333333
2571	288	1	4	0.7175	252.0	1260.0	1.0
2572	85	0	5	0.205	72.2	361.0	0.3333333333333333
2573	267	0	5	0.66	208.2	1041.0	0.3333333333333333
2574	262	0	5	0.6475	95.4	477.0	0.6666666666666666
2575	10	0	5	0.0175	8.0	40.0	0.0
2576	195	0	5	0.48	91.4	457.0	0.6666666666666666
2577	374	0	5	0.9275	136.0	680.0	0.6666666666666666
2578	96	0	5	0.2325	52.4	262.0	0.6666666666666666
2579	130	0	5	0.3175	104.8	524.0	0.3333333333333333
2580	352	0	5	0.8725	266.2	1331.0	0.6666666666666666
2581	187	0	5	0.46	51.4	257.0	0.6666666666666666
2582	233	0	5	0.575	61.4	307.0	0.3333333333333333
2583	158	0	5	0.3875	156.0	780.0	0.0
2584	258	1	4	0.6425	71.6	358.0	1.0
2585	283	0	5	0.7	235.2	1176.0	0.6666666666666666
2586	196	0	5	0.4825	153.2	766.0	0.3333333333333333
2587	168	0	5	0.4125	107.2	536.0	0.3333333333333333
2588	218	0	5	0.5375	169.6	848.0	0.0
2589	78	0	5	0.1875	76.0	380.0	0.0
2590	279	1	4	0.695	180.6	903.0	1.0
2591	144	0	5	0.3525	95.6	478.0	0.0
2592	374	0	5	0.9275	132.8	664.0	0.6666666666666666
2593	41	0	5	0.095	24.6	123.0	0.3333333333333333
2594	174	0	5	0.4275	71.2	356.0	0.3333333333333333
2595	5	0	5	0.005	3.0	15.0	0.0
2596	119	0	5	0.29	59.2	296.0	0.3333333333333333
2597	142	0	5	0.3475	116.0	580.0	0.0
2598	304	0	5	0.7525	69.2	346.0	0.3333333333333333
2599	244	0	5	0.6025	138.8	694.0	0.3333333333333333
2600	313	1	4	0.78	159.8	799.0	1.0
2601	187	1	4	0.465	88.6	443.0	1.0
2602	83	0	5	0.2	63.0	315.0	0.3333333333333333
2603	213	0	5	0.525	171.0	855.0	0.6666666666666666
2604	157	0	5	0.385	95.6	478.0	0.6666666666666666
2605	260	0	5	0.6425	173.2	866.0	0.3333333333333333
2606	359	0	5	0.89	216.6	1083.0	0.6666666666666666
2607	197	0	5	0.485	122.4	612.0	0.6666666666666666
2608	99	0	5	0.24	43.4	217.0	0.6666666666666666
2609	396	0	5	0.9825	215.2	1076.0	0.6666666666666666
2610	148	0	5	0.3625	115.2	576.0	0.3333333333333333
2611	33	0	5	0.075	31.0	155.0	0.0
2612	257	1	3	0.64	137.4	687.0	1.0
2613	191	0	5	0.47	148.2	741.0	0.3333333333333333
2614	100	0	5	0.2425	28.4	142.0	0.3333333333333333
2615	177	0	5	0.435	175.0	875.0	0.0
2616	106	0	5	0.2575	80.4	402.0	0.3333333333333333
2617	313	1	4	0.78	94.4	472.0	1.0
2618	377	0	5	0.935	258.6	1293.0	0.6666666666666666
2619	122	0	5	0.2975	65.6	328.0	0.0
2620	229	0	5	0.565	207.0	1035.0	0.0
2621	224	0	5	0.5525	88.0	440.0	0.3333333333333333
2622	227	1	4	0.565	150.2	751.0	1.0
2623	127	0	5	0.31	125.0	625.0	0.0
2624	196	0	5	0.4825	154.8	774.0	0.3333333333333333
2625	202	0	5	0.4975	151.2	756.0	0.0
2626	117	0	5	0.285	107.8	539.0	0.3333333333333333
2627	173	0	5	0.425	72.6	363.0	0.3333333333333333
2628	284	0	5	0.7025	280.4	1402.0	0.6666666666666666
2629	61	0	5	0.145	59.0	295.0	0.0
2630	144	0	5	0.3525	142.0	710.0	0.0
2631	195	0	5	0.48	181.8	909.0	0.0
2632	329	0	5	0.815	128.6	643.0	0.6666666666666666
2633	181	0	5	0.445	111.0	555.0	0.6666666666666666
2634	265	0	5	0.655	176.0	880.0	0.3333333333333333
2635	239	0	5	0.59	159.6	798.0	0.3333333333333333
2636	275	0	5	0.68	93.0	465.0	0.3333333333333333
2637	260	0	5	0.6425	252.0	1260.0	0.3333333333333333
2638	326	1	4	0.8125	246.8	1234.0	1.0
2639	304	0	5	0.7525	203.6	1018.0	0.6666666666666666
2640	287	0	5	0.71	109.6	548.0	0.3333333333333333
2641	212	0	5	0.5225	153.2	766.0	0.3333333333333333
2642	307	0	5	0.76	194.0	970.0	0.6666666666666666
2643	180	0	5	0.4425	143.0	715.0	0.3333333333333333
2644	49	0	5	0.115	47.0	235.0	0.0
2645	387	0	5	0.96	167.6	838.0	0.6666666666666666
2646	190	0	5	0.4675	169.2	846.0	0.3333333333333333
2647	24	0	5	0.0525	19.6	98.0	0.3333333333333333
2648	300	0	5	0.7425	183.2	916.0	0.0
2649	251	0	5	0.62	165.6	828.0	0.3333333333333333
2650	239	0	5	0.59	133.6	668.0	0.3333333333333333
2651	152	0	5	0.3725	136.0	680.0	0.0
2652	104	0	5	0.2525	91.2	456.0	0.3333333333333333
2653	194	0	5	0.4775	128.0	640.0	0.6666666666666666
2654	276	0	5	0.6825	65.2	326.0	0.0
2655	384	0	5	0.9525	266.8	1334.0	0.6666666666666666
2656	288	0	5	0.7125	186.4	932.0	0.6666666666666666
2657	149	0	5	0.365	52.6	263.0	0.3333333333333333
2658	50	0	5	0.1175	28.0	140.0	0.3333333333333333
2659	22	0	5	0.0475	20.0	100.0	0.0
2660	165	1	4	0.41	51.4	257.0	1.0
2661	363	1	4	0.905	100.6	503.0	1.0
2662	158	0	5	0.3875	117.6	588.0	0.0
2663	127	0	5	0.31	125.0	625.0	0.0
2664	244	1	4	0.6075	113.4	567.0	1.0
2665	297	0	5	0.735	212.6	1063.0	0.6666666666666666
2666	233	0	5	0.575	198.4	992.0	0.3333333333333333
2667	351	0	5	0.87	239.8	1199.0	0.3333333333333333
2668	299	0	5	0.74	78.2	391.0	0.6666666666666666
2669	380	0	5	0.9425	228.4	1142.0	0.6666666666666666
2670	323	0	5	0.8	80.8	404.0	0.6666666666666666
2671	293	1	4	0.73	136.6	683.0	1.0
2672	214	0	5	0.5275	140.4	702.0	0.3333333333333333
2673	78	0	5	0.1875	76.0	380.0	0.0
2674	401	0	5	0.995	230.2	1151.0	0.6666666666666666
2675	374	0	5	0.9275	283.2	1416.0	0.6666666666666666
2676	2	0	5	0.0	0.0	0.0	0.0
2677	387	0	5	0.96	224.2	1121.0	0.6666666666666666
2678	40	0	5	0.0925	38.0	190.0	0.0
2679	102	0	5	0.2475	96.0	480.0	0.3333333333333333
2680	352	0	5	0.8725	170.0	850.0	0.6666666666666666
2681	337	0	5	0.835	94.2	471.0	0.6666666666666666
2682	401	0	4	0.9975	190.0	950.0	0.6666666666666666
2683	343	0	5	0.85	266.2	1331.0	0.3333333333333333
2684	34	0	5	0.0775	32.0	160.0	0.0
2685	33	0	5	0.075	27.4	137.0	0.3333333333333333
2686	139	0	5	0.34	109.8	549.0	0.3333333333333333
2687	112	1	4	0.2775	103.0	515.0	1.0
2688	229	1	4	0.57	119.0	595.0	1.0
2689	101	0	5	0.245	78.2	391.0	0.3333333333333333
2690	295	0	5	0.73	134.2	671.0	0.3333333333333333
2691	188	0	5	0.4625	143.0	715.0	0.3333333333333333
2692	271	0	5	0.67	131.0	655.0	0.6666666666666666
2693	146	0	5	0.3575	137.4	687.0	0.3333333333333333
2694	312	0	5	0.7725	263.8	1319.0	0.6666666666666666
2695	201	0	5	0.495	138.2	691.0	0.6666666666666666
2696	368	1	4	0.9175	184.8	924.0	1.0
2697	210	0	5	0.5175	78.4	392.0	0.6666666666666666
2698	91	0	5	0.22	58.2	291.0	0.0
2699	234	0	5	0.5775	232.0	1160.0	0.0
2700	316	0	5	0.7825	155.4	777.0	0.3333333333333333
2701	400	0	5	0.9925	260.4	1302.0	0.6666666666666666
2702	195	0	5	0.48	69.2	346.0	0.6666666666666666
2703	40	0	5	0.0925	38.0	190.0	0.0
2704	68	0	5	0.1625	66.0	330.0	0.0
2705	179	0	5	0.44	94.6	473.0	0.3333333333333333
2706	377	0	5	0.935	191.4	957.0	0.6666666666666666
2707	82	0	5	0.1975	80.0	400.0	0.0
2708	348	0	5	0.8625	142.0	710.0	0.6666666666666666
2709	35	0	5	0.08	27.6	138.0	0.0
2710	127	0	5	0.31	51.4	257.0	0.3333333333333333
2711	266	0	5	0.6575	207.0	1035.0	0.3333333333333333
2712	251	0	5	0.62	150.0	750.0	0.3333333333333333
2713	156	0	5	0.3825	113.2	566.0	0.6666666666666666
2714	364	0	5	0.9025	158.6	793.0	0.3333333333333333
2715	309	0	5	0.765	153.4	767.0	0.3333333333333333
2716	173	0	5	0.425	148.0	740.0	0.3333333333333333
2717	117	0	5	0.285	23.4	117.0	0.3333333333333333
2718	281	0	5	0.695	268.0	1340.0	0.3333333333333333
2719	231	0	5	0.57	138.4	692.0	0.3333333333333333
2720	17	0	5	0.035	15.0	75.0	0.0
2721	207	0	5	0.51	139.4	697.0	0.3333333333333333
2722	222	0	5	0.5475	132.6	663.0	0.6666666666666666
2723	20	0	5	0.0425	18.0	90.0	0.0
2724	145	0	5	0.355	143.0	715.0	0.0
2725	275	1	4	0.685	96.8	484.0	1.0
2726	390	0	5	0.9675	194.0	970.0	0.6666666666666666
2727	31	0	5	0.07	29.0	145.0	0.0
2728	130	0	5	0.3175	100.8	504.0	0.3333333333333333
2729	275	0	5	0.68	241.4	1207.0	0.6666666666666666
2730	140	0	5	0.3425	118.4	592.0	0.0
2731	366	1	4	0.9125	129.2	646.0	1.0
2732	347	0	5	0.86	92.6	463.0	0.6666666666666666
2733	61	0	5	0.145	19.6	98.0	0.3333333333333333
2734	197	1	4	0.49	85.4	427.0	1.0
2735	289	1	4	0.72	151.0	755.0	1.0
2736	289	0	5	0.715	279.0	1395.0	0.3333333333333333
2737	46	0	5	0.1075	44.0	220.0	0.0
2738	180	0	5	0.4425	162.8	814.0	0.0
2739	344	1	4	0.8575	156.2	781.0	1.0
2740	27	0	5	0.06	19.0	95.0	0.3333333333333333
2741	201	0	5	0.495	138.2	691.0	0.3333333333333333
2742	396	0	5	0.9825	109.4	547.0	0.6666666666666666
2743	375	0	5	0.93	192.6	963.0	0.3333333333333333
2744	57	0	5	0.135	34.6	173.0	0.3333333333333333
2745	374	1	4	0.9325	165.0	825.0	1.0
2746	130	0	5	0.3175	90.4	452.0	0.3333333333333333
2747	226	0	5	0.5575	101.8	509.0	0.3333333333333333
2748	58	0	5	0.1375	23.6	118.0	0.3333333333333333
2749	238	0	5	0.5875	139.6	698.0	0.6666666666666666
2750	163	0	5	0.4	161.0	805.0	0.3333333333333333
2751	166	0	5	0.4075	164.0	820.0	0.0
2752	396	0	5	0.9825	124.4	622.0	0.6666666666666666
2753	107	0	5	0.26	105.0	525.0	0.0
2754	239	0	5	0.59	85.6	428.0	0.6666666666666666
2755	337	0	5	0.835	296.4	1482.0	0.3333333333333333
2756	85	0	5	0.205	57.4	287.0	0.0
2757	127	0	5	0.31	91.6	458.0	0.3333333333333333
2758	89	0	5	0.215	87.0	435.0	0.0
2759	134	0	5	0.3275	59.2	296.0	0.0
2760	390	1	4	0.9725	247.0	1235.0	1.0
2761	181	1	4	0.45	127.8	639.0	1.0
2762	355	0	5	0.88	170.2	851.0	0.6666666666666666
2763	307	0	5	0.76	264.8	1324.0	0.3333333333333333
2764	289	0	5	0.715	93.0	465.0	0.6666666666666666
2765	375	0	5	0.93	181.0	905.0	0.6666666666666666
2766	367	1	4	0.915	289.8	1449.0	1.0
2767	355	0	5	0.88	219.6	1098.0	0.6666666666666666
2768	308	0	5	0.7625	116.6	583.0	0.6666666666666666
2769	311	0	5	0.77	84.2	421.0	0.6666666666666666
2770	85	0	5	0.205	74.0	370.0	0.3333333333333333
2771	59	0	5	0.14	57.0	285.0	0.0
2772	239	0	5	0.59	213.0	1065.0	0.3333333333333333
2773	13	0	5	0.025	11.0	55.0	0.0
2774	291	0	5	0.72	144.8	724.0	0.6666666666666666
2775	238	0	5	0.5875	221.6	1108.0	0.3333333333333333
2776	55	0	5	0.13	51.8	259.0	0.3333333333333333
2777	107	1	3	0.265	45.2	226.0	1.0
2778	339	0	5	0.84	190.0	950.0	0.6666666666666666
2779	282	1	4	0.7025	176.0	880.0	1.0
2780	229	0	5	0.565	179.2	896.0	0.3333333333333333
2781	242	1	4	0.6025	157.2	786.0	1.0
2782	314	1	4	0.7825	191.6	958.0	1.0
2783	277	0	5	0.685	63.0	315.0	0.6666666666666666
2784	319	0	5	0.79	311.0	1555.0	0.3333333333333333
2785	205	0	5	0.505	176.0	880.0	0.3333333333333333
2786	102	0	5	0.2475	21.6	108.0	0.0
2787	349	0	5	0.865	220.4	1102.0	0.3333333333333333
2788	289	0	5	0.715	179.8	899.0	0.6666666666666666
2789	308	1	4	0.7675	137.0	685.0	1.0
2790	80	1	4	0.1975	63.4	317.0	1.0
2791	242	0	5	0.5975	155.2	776.0	0.6666666666666666
2792	269	0	5	0.665	121.0	605.0	0.0
2793	330	0	5	0.8175	258.2	1291.0	0.3333333333333333
2794	59	0	5	0.14	48.6	243.0	0.3333333333333333
2795	375	0	5	0.93	280.0	1400.0	0.3333333333333333
2796	378	0	5	0.9375	161.6	808.0	0.3333333333333333
2797	375	1	4	0.935	150.2	751.0	1.0
2798	139	0	5	0.34	81.4	407.0	0.3333333333333333
2799	14	0	5	0.0275	12.0	60.0	0.0
2800	125	0	5	0.305	116.4	582.0	0.0
2801	133	0	5	0.325	66.2	331.0	0.6666666666666666
2802	209	0	5	0.515	116.0	580.0	0.3333333333333333
2803	174	0	5	0.4275	121.6	608.0	0.3333333333333333
2804	321	0	5	0.795	230.0	1150.0	0.6666666666666666
2805	137	0	5	0.335	108.6	543.0	0.3333333333333333
2806	93	1	4	0.23	43.0	215.0	1.0
2807	211	0	5	0.52	188.2	941.0	0.3333333333333333
2808	273	0	5	0.675	86.2	431.0	0.0
2809	94	0	5	0.2275	92.0	460.0	0.0
2810	295	0	5	0.73	175.8	879.0	0.6666666666666666
2811	114	0	5	0.2775	26.4	132.0	0.3333333333333333
2812	267	0	5	0.66	118.0	590.0	0.3333333333333333
2813	4	0	5	0.0025	0.8	4.0	0.0
2814	206	0	5	0.5075	192.6	963.0	0.3333333333333333
2815	227	0	5	0.56	148.2	741.0	0.0
2816	206	0	5	0.5075	149.6	748.0	0.3333333333333333
2817	243	0	5	0.6	68.2	341.0	0.3333333333333333
2818	77	0	5	0.185	54.6	273.0	0.3333333333333333
2819	279	0	5	0.69	199.8	999.0	0.0
2820	315	0	5	0.78	271.8	1359.0	0.3333333333333333
2821	373	0	5	0.925	282.6	1413.0	0.6666666666666666
2822	71	0	5	0.17	69.0	345.0	0.0
2823	163	0	5	0.4	84.2	421.0	0.6666666666666666
2824	238	0	5	0.5875	195.6	978.0	0.3333333333333333
2825	27	0	5	0.06	25.0	125.0	0.0
2826	64	0	5	0.1525	43.4	217.0	0.6666666666666666
2827	45	0	5	0.105	43.0	215.0	0.0
2828	267	1	4	0.665	140.2	701.0	1.0
2829	273	0	5	0.675	64.6	323.0	0.6666666666666666
2830	15	0	5	0.03	10.6	53.0	0.3333333333333333
2831	360	0	5	0.8925	202.2	1011.0	0.6666666666666666
2832	289	0	5	0.715	184.6	923.0	0.6666666666666666
2833	255	0	5	0.63	192.2	961.0	0.3333333333333333
2834	207	0	5	0.51	179.4	897.0	0.0
2835	179	0	5	0.44	104.2	521.0	0.3333333333333333
2836	111	0	5	0.27	77.0	385.0	0.6666666666666666
2837	396	1	4	0.9875	112.2	561.0	1.0
2838	335	1	4	0.835	126.6	633.0	1.0
2839	117	0	5	0.285	69.8	349.0	0.3333333333333333
2840	51	0	5	0.12	49.0	245.0	0.0
2841	198	0	5	0.4875	100.6	503.0	0.0
2842	162	0	5	0.3975	88.2	441.0	0.3333333333333333
2843	202	0	5	0.4975	200.0	1000.0	0.0
2844	327	0	5	0.81	219.8	1099.0	0.6666666666666666
2845	281	0	5	0.695	120.0	600.0	0.3333333333333333
2846	6	0	5	0.0075	4.0	20.0	0.0
2847	144	0	5	0.3525	79.0	395.0	0.3333333333333333
2848	326	0	5	0.8075	227.4	1137.0	0.6666666666666666
2849	199	0	5	0.49	99.8	499.0	0.0
2850	20	0	5	0.0425	18.0	90.0	0.0
2851	229	0	5	0.565	162.2	811.0	0.0
2852	109	0	5	0.265	90.4	452.0	0.0
2853	23	0	5	0.05	19.4	97.0	0.0
2854	12	0	5	0.0225	10.0	50.0	0.0
2855	32	0	5	0.0725	30.0	150.0	0.0
2856	116	0	5	0.2825	88.4	442.0	0.3333333333333333
2857	294	0	5	0.7275	148.8	744.0	0.3333333333333333
2858	155	1	3	0.385	81.2	406.0	1.0
2859	153	0	5	0.375	139.0	695.0	0.3333333333333333
2860	249	0	5	0.615	226.2	1131.0	0.6666666666666666
2861	56	0	5	0.1325	54.0	270.0	0.0
2862	280	0	5	0.6925	249.2	1246.0	0.3333333333333333
2863	277	0	5	0.685	179.2	896.0	0.3333333333333333
2864	259	0	5	0.64	204.2	1021.0	0.3333333333333333
2865	287	0	5	0.71	242.6	1213.0	0.3333333333333333
2866	327	0	5	0.81	145.6	728.0	0.3333333333333333
2867	147	0	5	0.36	120.6	603.0	0.0
2868	384	1	4	0.9575	169.6	848.0	1.0
2869	382	0	5	0.9475	152.4	762.0	0.6666666666666666
2870	354	0	5	0.8775	126.4	632.0	0.6666666666666666
2871	66	0	5	0.1575	63.8	319.0	0.3333333333333333
2872	111	0	5	0.27	81.4	407.0	0.3333333333333333
2873	37	0	5	0.085	35.0	175.0	0.0
2874	141	0	5	0.345	62.2	311.0	0.3333333333333333
2875	3	0	5	0.0025	0.6	3.0	0.3333333333333333
2876	162	0	5	0.3975	115.0	575.0	0.6666666666666666
2877	293	0	5	0.725	149.4	747.0	0.6666666666666666
2878	91	0	5	0.22	89.0	445.0	0.0
2879	198	0	5	0.4875	137.8	689.0	0.0
2880	212	0	5	0.5225	66.4	332.0	0.0
2881	361	1	4	0.9	234.4	1172.0	1.0
2882	323	0	5	0.8	257.8	1289.0	0.3333333333333333
2883	156	0	5	0.3825	95.2	476.0	0.0
2884	299	0	5	0.74	206.2	1031.0	0.0
2885	293	1	3	0.73	180.6	903.0	1.0
2886	179	0	5	0.44	177.0	885.0	0.0
2887	323	0	5	0.8	145.8	729.0	0.3333333333333333
2888	109	1	3	0.27	85.2	426.0	1.0
2889	62	0	5	0.1475	60.0	300.0	0.0
2890	202	0	5	0.4975	200.0	1000.0	0.0
2891	51	0	5	0.12	49.0	245.0	0.0
2892	255	0	5	0.63	149.2	746.0	0.3333333333333333
2893	358	0	5	0.8875	176.4	882.0	0.6666666666666666
2894	257	0	5	0.635	72.6	363.0	0.0
2895	310	0	5	0.7675	120.8	604.0	0.6666666666666666
2896	82	0	5	0.1975	66.4	332.0	0.3333333333333333
2897	153	0	5	0.375	119.8	599.0	0.3333333333333333
2898	213	0	5	0.525	170.2	851.0	0.3333333333333333
2899	227	0	5	0.56	119.0	595.0	0.3333333333333333
2900	391	0	5	0.97	224.4	1122.0	0.6666666666666666
2901	178	0	5	0.4375	149.0	745.0	0.3333333333333333
2902	293	0	5	0.725	123.8	619.0	0.6666666666666666
2903	395	0	5	0.98	171.8	859.0	0.6666666666666666
2904	216	0	5	0.5325	157.2	786.0	0.6666666666666666
2905	9	0	5	0.015	3.0	15.0	0.3333333333333333
2906	204	0	5	0.5025	75.4	377.0	0.3333333333333333
2907	52	0	5	0.1225	11.4	57.0	0.6666666666666666
2908	344	0	5	0.8525	287.4	1437.0	0.6666666666666666
2909	25	0	5	0.055	23.0	115.0	0.0
2910	262	0	5	0.6475	176.0	880.0	0.6666666666666666
2911	93	0	5	0.225	91.0	455.0	0.0
2912	70	0	5	0.1675	68.0	340.0	0.0
2913	265	0	5	0.655	137.4	687.0	0.6666666666666666
2914	290	0	5	0.7175	156.0	780.0	0.3333333333333333
2915	365	0	5	0.905	220.0	1100.0	0.6666666666666666
2916	231	0	5	0.57	129.8	649.0	0.3333333333333333
2917	312	0	5	0.7725	248.4	1242.0	0.3333333333333333
2918	298	1	4	0.7425	132.6	663.0	1.0
2919	169	0	5	0.415	130.2	651.0	0.3333333333333333
2920	291	1	4	0.725	190.6	953.0	1.0
2921	93	0	5	0.225	87.4	437.0	0.3333333333333333
2922	342	0	5	0.8475	201.6	1008.0	0.3333333333333333
2923	232	0	5	0.5725	112.6	563.0	0.6666666666666666
2924	336	0	5	0.8325	160.0	800.0	0.6666666666666666
2925	217	0	5	0.535	183.2	916.0	0.0
2926	88	0	5	0.2125	86.0	430.0	0.0
2927	302	0	5	0.7475	273.2	1366.0	0.0
2928	167	0	5	0.41	55.8	279.0	0.6666666666666666
2929	245	0	5	0.605	211.4	1057.0	0.0
2930	397	0	5	0.985	135.4	677.0	0.6666666666666666
2931	264	0	5	0.6525	146.2	731.0	0.3333333333333333
2932	353	0	5	0.875	161.0	805.0	0.3333333333333333
2933	207	0	5	0.51	106.6	533.0	0.0
2934	329	0	5	0.815	252.6	1263.0	0.3333333333333333
2935	297	1	4	0.74	201.4	1007.0	1.0
2936	234	0	5	0.5775	188.0	940.0	0.0
2937	265	0	5	0.655	114.2	571.0	0.0
2938	375	0	5	0.93	188.2	941.0	0.6666666666666666
2939	384	1	4	0.9575	293.6	1468.0	1.0
2940	47	0	5	0.11	45.0	225.0	0.0
2941	66	0	5	0.1575	58.4	292.0	0.3333333333333333
2942	255	0	5	0.63	202.8	1014.0	0.3333333333333333
2943	238	0	5	0.5875	170.2	851.0	0.3333333333333333
2944	4	0	5	0.0025	2.0	10.0	0.0
2945	376	1	4	0.9375	282.8	1414.0	1.0
2946	310	1	4	0.7725	153.0	765.0	1.0
2947	266	0	5	0.6575	211.2	1056.0	0.3333333333333333
2948	14	0	5	0.0275	12.0	60.0	0.0
2949	345	0	5	0.855	302.4	1512.0	0.3333333333333333
2950	340	0	5	0.8425	282.8	1414.0	0.6666666666666666
2951	368	0	5	0.9125	230.6	1153.0	0.6666666666666666
2952	48	0	5	0.1125	37.0	185.0	0.3333333333333333
2953	220	0	5	0.5425	105.6	528.0	0.6666666666666666
2954	143	1	4	0.355	81.6	408.0	1.0
2955	181	0	5	0.445	179.0	895.0	0.0
2956	253	0	5	0.625	183.0	915.0	0.3333333333333333
2957	324	0	5	0.8025	204.8	1024.0	0.6666666666666666
2958	26	0	5	0.0575	24.0	120.0	0.0
2959	157	0	5	0.385	127.4	637.0	0.0
2960	342	0	5	0.8475	102.0	510.0	0.6666666666666666
2961	290	0	5	0.7175	154.2	771.0	0.6666666666666666
2962	314	0	5	0.7775	228.8	1144.0	0.3333333333333333
2963	264	0	5	0.6525	196.0	980.0	0.6666666666666666
2964	175	0	5	0.43	140.8	704.0	0.0
2965	268	0	5	0.6625	165.8	829.0	0.6666666666666666
2966	134	0	5	0.3275	119.8	599.0	0.3333333333333333
2967	231	0	5	0.57	52.6	263.0	0.6666666666666666
2968	237	1	4	0.59	121.6	608.0	1.0
2969	346	1	4	0.8625	198.4	992.0	1.0
2970	320	1	4	0.7975	157.2	786.0	1.0
2971	294	0	5	0.7275	237.2	1186.0	0.3333333333333333
2972	377	0	5	0.935	235.8	1179.0	0.6666666666666666
2973	297	0	5	0.735	212.0	1060.0	0.3333333333333333
2974	183	0	5	0.45	133.8	669.0	0.0
2975	345	0	5	0.855	127.4	637.0	0.6666666666666666
2976	184	0	5	0.4525	182.0	910.0	0.0
2977	362	0	5	0.8975	128.8	644.0	0.6666666666666666
2978	97	0	5	0.235	27.0	135.0	0.3333333333333333
2979	4	0	5	0.0025	2.0	10.0	0.0
2980	114	0	5	0.2775	79.4	397.0	0.3333333333333333
2981	158	0	5	0.3875	59.2	296.0	0.6666666666666666
2982	124	0	5	0.3025	122.0	610.0	0.0
2983	25	0	5	0.055	23.0	115.0	0.0
2984	281	0	5	0.695	78.2	391.0	0.3333333333333333
2985	37	0	5	0.085	35.0	175.0	0.0
2986	36	0	5	0.0825	23.6	118.0	0.3333333333333333
2987	175	0	5	0.43	101.6	508.0	0.3333333333333333
2988	364	0	5	0.9025	220.0	1100.0	0.6666666666666666
2989	347	0	5	0.86	305.0	1525.0	0.6666666666666666
2990	139	0	5	0.34	127.0	635.0	0.0
2991	175	1	4	0.435	103.0	515.0	1.0
2992	203	0	5	0.5	183.6	918.0	0.6666666666666666
2993	354	1	4	0.8825	104.0	520.0	1.0
2994	161	0	5	0.395	93.4	467.0	0.3333333333333333
2995	135	0	5	0.33	82.2	411.0	0.3333333333333333
2996	347	1	4	0.865	237.0	1185.0	1.0
2997	261	0	5	0.645	184.0	920.0	0.6666666666666666
2998	11	0	5	0.02	9.0	45.0	0.0
2999	92	0	5	0.2225	48.4	242.0	0.0
3000	284	0	5	0.7025	184.4	922.0	0.3333333333333333
3001	245	0	5	0.605	137.0	685.0	0.3333333333333333
3002	373	0	5	0.925	142.0	710.0	0.6666666666666666
3003	29	1	4	0.07	23.2	116.0	1.0
3004	265	1	4	0.66	182.2	911.0	1.0
3005	213	0	5	0.525	184.0	920.0	0.3333333333333333
3006	100	0	5	0.2425	60.4	302.0	0.6666666666666666
3007	287	0	5	0.71	91.8	459.0	0.6666666666666666
3008	205	1	4	0.51	60.2	301.0	1.0
3009	155	0	5	0.38	99.0	495.0	0.3333333333333333
3010	221	0	5	0.545	151.0	755.0	0.6666666666666666
3011	139	0	5	0.34	105.2	526.0	0.3333333333333333
3012	304	0	5	0.7525	240.0	1200.0	0.6666666666666666
3013	193	0	5	0.475	97.4	487.0	0.6666666666666666
3014	376	0	5	0.9325	171.6	858.0	0.6666666666666666
3015	136	0	5	0.3325	87.2	436.0	0.0
3016	183	0	5	0.45	181.0	905.0	0.0
3017	287	1	4	0.715	155.4	777.0	1.0
3018	164	0	5	0.4025	154.0	770.0	0.0
3019	209	0	5	0.515	165.8	829.0	0.0
3020	281	0	5	0.695	151.8	759.0	0.6666666666666666
3021	87	0	5	0.21	85.0	425.0	0.0
3022	383	0	5	0.95	314.6	1573.0	0.3333333333333333
3023	341	0	5	0.845	163.0	815.0	0.6666666666666666
3024	60	0	5	0.1425	56.8	284.0	0.0
3025	256	0	5	0.6325	184.2	921.0	0.6666666666666666
3026	213	1	4	0.53	153.4	767.0	1.0
3027	107	0	5	0.26	88.4	442.0	0.3333333333333333
3028	228	0	5	0.5625	111.6	558.0	0.6666666666666666
3029	116	0	5	0.2825	114.0	570.0	0.0
3030	269	0	5	0.665	227.4	1137.0	0.0
3031	82	0	5	0.1975	53.2	266.0	0.3333333333333333
3032	250	0	5	0.6175	112.2	561.0	0.3333333333333333
3033	117	0	5	0.285	76.6	383.0	0.0
3034	92	0	5	0.2225	59.6	298.0	0.0
3035	52	0	5	0.1225	42.8	214.0	0.0
3036	134	0	5	0.3275	49.4	247.0	0.6666666666666666
3037	98	0	5	0.2375	88.8	444.0	0.3333333333333333
3038	124	0	5	0.3025	109.8	549.0	0.3333333333333333
3039	129	0	5	0.315	127.0	635.0	0.0
3040	69	0	5	0.165	67.0	335.0	0.0
3041	383	1	4	0.955	165.0	825.0	1.0
3042	104	0	5	0.2525	102.0	510.0	0.0
3043	321	0	5	0.795	186.0	930.0	0.3333333333333333
3044	214	0	5	0.5275	202.4	1012.0	0.6666666666666666
3045	93	0	5	0.225	52.2	261.0	0.3333333333333333
3046	24	0	5	0.0525	13.6	68.0	0.3333333333333333
3047	241	0	5	0.595	154.2	771.0	0.3333333333333333
3048	307	0	5	0.76	155.8	779.0	0.6666666666666666
3049	23	0	5	0.05	16.2	81.0	0.0
3050	334	0	5	0.8275	163.2	816.0	0.6666666666666666
3051	339	0	5	0.84	236.2	1181.0	0.6666666666666666
3052	24	0	5	0.0525	20.8	104.0	0.0
3053	385	1	4	0.96	198.0	990.0	1.0
3054	282	0	5	0.6975	194.4	972.0	0.0
3055	127	0	5	0.31	88.2	441.0	0.3333333333333333
3056	49	0	5	0.115	19.4	97.0	0.3333333333333333
3057	160	0	5	0.3925	158.0	790.0	0.0
3058	321	1	4	0.8	181.0	905.0	1.0
3059	331	0	5	0.82	108.6	543.0	0.6666666666666666
3060	385	1	4	0.96	236.8	1184.0	1.0
3061	186	0	5	0.4575	109.2	546.0	0.3333333333333333
3062	100	0	5	0.2425	77.2	386.0	0.3333333333333333
3063	366	0	5	0.9075	221.6	1108.0	0.6666666666666666
3064	228	0	5	0.5625	120.8	604.0	0.3333333333333333
3065	358	0	5	0.8875	312.6	1563.0	0.6666666666666666
3066	159	0	5	0.39	145.4	727.0	0.6666666666666666
3067	222	0	5	0.5475	214.4	1072.0	0.3333333333333333
3068	209	0	5	0.515	100.2	501.0	0.3333333333333333
3069	373	0	5	0.925	192.8	964.0	0.3333333333333333
3070	214	0	5	0.5275	211.0	1055.0	0.0
3071	286	0	5	0.7075	142.0	710.0	0.6666666666666666
3072	103	0	5	0.25	100.4	502.0	0.3333333333333333
3073	23	0	5	0.05	21.0	105.0	0.0
3074	181	0	5	0.445	129.0	645.0	0.0
3075	82	0	5	0.1975	80.0	400.0	0.0
3076	387	0	5	0.96	129.0	645.0	0.6666666666666666
3077	236	0	5	0.5825	201.6	1008.0	0.0
3078	268	1	4	0.6675	170.0	850.0	1.0
3079	206	0	5	0.5075	133.0	665.0	0.3333333333333333
3080	76	0	5	0.1825	49.2	246.0	0.6666666666666666
3081	359	1	4	0.895	160.4	802.0	1.0
3082	286	0	5	0.7075	216.2	1081.0	0.6666666666666666
3083	96	0	5	0.2325	67.2	336.0	0.3333333333333333
3084	366	0	5	0.9075	158.2	791.0	0.6666666666666666
3085	396	0	5	0.9825	173.2	866.0	0.6666666666666666
3086	221	0	5	0.545	176.8	884.0	0.0
3087	241	0	5	0.595	133.2	666.0	0.6666666666666666
3088	234	0	5	0.5775	176.4	882.0	0.0
3089	33	0	5	0.075	15.8	79.0	0.0
3090	33	0	5	0.075	20.2	101.0	0.3333333333333333
3091	329	0	5	0.815	216.8	1084.0	0.6666666666666666
3092	371	0	5	0.92	109.8	549.0	0.6666666666666666
3093	304	0	5	0.7525	88.4	442.0	0.6666666666666666
3094	21	0	5	0.045	19.0	95.0	0.0
3095	249	0	5	0.615	155.8	779.0	0.3333333333333333
3096	142	0	5	0.3475	131.2	656.0	0.3333333333333333
3097	254	0	5	0.6275	145.0	725.0	0.3333333333333333
3098	155	0	5	0.38	137.0	685.0	0.3333333333333333
3099	328	0	5	0.8125	194.8	974.0	0.6666666666666666
3100	224	0	5	0.5525	151.6	758.0	0.3333333333333333
3101	149	0	5	0.365	80.2	401.0	0.6666666666666666
3102	372	0	5	0.9225	298.8	1494.0	0.6666666666666666
3103	137	0	5	0.335	135.0	675.0	0.0
3104	118	0	5	0.2875	78.8	394.0	0.3333333333333333
3105	400	0	5	0.9925	188.8	944.0	0.6666666666666666
3106	213	0	5	0.525	72.8	364.0	0.6666666666666666
3107	193	0	5	0.475	135.0	675.0	0.6666666666666666
3108	172	0	5	0.4225	77.6	388.0	0.3333333333333333
3109	212	0	5	0.5225	165.6	828.0	0.0
3110	372	0	5	0.9225	269.6	1348.0	0.6666666666666666
3111	140	0	5	0.3425	37.6	188.0	0.6666666666666666
3112	247	0	5	0.61	189.4	947.0	0.0
3113	295	0	5	0.73	94.4	472.0	0.6666666666666666
3114	348	1	4	0.8675	247.6	1238.0	1.0
3115	320	0	5	0.7925	129.8	649.0	0.6666666666666666
3116	259	0	5	0.64	92.6	463.0	0.3333333333333333
3117	121	0	5	0.295	104.6	523.0	0.3333333333333333
3118	327	0	5	0.81	78.6	393.0	0.3333333333333333
3119	359	0	5	0.89	176.2	881.0	0.6666666666666666
3120	196	0	5	0.4825	53.2	266.0	0.6666666666666666
3121	140	0	5	0.3425	116.0	580.0	0.0
3122	350	1	4	0.8725	111.2	556.0	1.0
3123	154	0	5	0.3775	132.8	664.0	0.0
3124	23	0	5	0.05	21.0	105.0	0.0
3125	12	0	5	0.0225	5.2	26.0	0.3333333333333333
3126	315	0	5	0.78	151.4	757.0	0.3333333333333333
3127	148	0	5	0.3625	146.0	730.0	0.0
3128	124	0	5	0.3025	61.4	307.0	0.3333333333333333
3129	116	0	5	0.2825	87.6	438.0	0.3333333333333333
3130	230	0	5	0.5675	191.6	958.0	0.0
3131	246	1	4	0.6125	176.0	880.0	1.0
3132	179	0	5	0.44	128.8	644.0	0.3333333333333333
3133	130	0	5	0.3175	78.8	394.0	0.3333333333333333
3134	134	0	5	0.3275	83.6	418.0	0.0
3135	86	0	5	0.2075	57.6	288.0	0.3333333333333333
3136	373	0	5	0.925	259.2	1296.0	0.6666666666666666
3137	237	0	5	0.585	125.6	628.0	0.6666666666666666
3138	309	0	5	0.765	188.6	943.0	0.6666666666666666
3139	290	0	5	0.7175	115.2	576.0	0.3333333333333333
3140	205	0	5	0.505	145.4	727.0	0.6666666666666666
3141	59	0	5	0.14	50.4	252.0	0.3333333333333333
3142	228	0	5	0.5625	203.2	1016.0	0.0
3143	126	0	5	0.3075	69.4	347.0	0.3333333333333333
3144	30	0	5	0.0675	28.0	140.0	0.0
3145	314	0	5	0.7775	255.6	1278.0	0.6666666666666666
3146	121	0	5	0.295	30.2	151.0	0.0
3147	174	0	5	0.4275	98.4	492.0	0.6666666666666666
3148	353	0	5	0.875	141.0	705.0	0.6666666666666666
3149	247	0	5	0.61	213.0	1065.0	0.3333333333333333
3150	260	0	5	0.6425	150.0	750.0	0.6666666666666666
3151	146	0	5	0.3575	88.2	441.0	0.3333333333333333
3152	187	0	5	0.46	106.2	531.0	0.0
3153	4	0	5	0.0025	2.0	10.0	0.0
3154	296	0	5	0.7325	246.0	1230.0	0.6666666666666666
3155	78	0	5	0.1875	76.0	380.0	0.0
3156	158	0	5	0.3875	74.8	374.0	0.3333333333333333
3157	161	0	5	0.395	97.0	485.0	0.0
3158	292	0	5	0.7225	208.8	1044.0	0.3333333333333333
3159	110	0	5	0.2675	62.0	310.0	0.3333333333333333
3160	220	0	5	0.5425	72.2	361.0	0.3333333333333333
3161	346	0	5	0.8575	123.6	618.0	0.6666666666666666
3162	287	0	5	0.71	221.0	1105.0	0.6666666666666666
3163	229	0	5	0.565	118.2	591.0	0.6666666666666666
3164	220	0	5	0.5425	153.8	769.0	0.6666666666666666
3165	397	0	5	0.985	144.8	724.0	0.6666666666666666
3166	141	0	5	0.345	70.6	353.0	0.3333333333333333
3167	255	0	5	0.63	151.4	757.0	0.6666666666666666
3168	18	0	5	0.0375	3.6	18.0	0.0
3169	118	0	5	0.2875	116.0	580.0	0.0
3170	141	0	5	0.345	71.0	355.0	0.3333333333333333
3171	158	0	5	0.3875	93.2	466.0	0.0
3172	47	0	5	0.11	29.0	145.0	0.0
3173	217	0	5	0.535	215.0	1075.0	0.0
3174	370	0	5	0.9175	229.8	1149.0	0.6666666666666666
3175	303	0	5	0.75	139.6	698.0	0.3333333333333333
3176	72	0	5	0.1725	68.4	342.0	0.0
3177	374	0	5	0.9275	181.2	906.0	0.6666666666666666
3178	252	0	5	0.6225	114.0	570.0	0.6666666666666666
3179	217	0	5	0.535	148.0	740.0	0.3333333333333333
3180	257	0	5	0.635	215.0	1075.0	0.0
3181	298	1	4	0.7425	78.8	394.0	1.0
3182	71	0	5	0.17	47.8	239.0	0.3333333333333333
3183	397	0	5	0.985	164.0	820.0	0.6666666666666666
3184	41	0	5	0.095	39.0	195.0	0.0
3185	68	0	5	0.1625	59.6	298.0	0.3333333333333333
3186	236	0	5	0.5825	49.2	246.0	0.6666666666666666
3187	349	0	5	0.865	140.6	703.0	0.6666666666666666
3188	356	0	5	0.8825	208.2	1041.0	0.6666666666666666
3189	333	0	5	0.825	104.8	524.0	0.6666666666666666
3190	58	0	5	0.1375	56.0	280.0	0.0
3191	350	0	5	0.8675	169.0	845.0	0.6666666666666666
3192	271	0	5	0.67	195.6	978.0	0.3333333333333333
3193	294	0	5	0.7275	189.4	947.0	0.3333333333333333
3194	164	0	5	0.4025	121.8	609.0	0.6666666666666666
3195	216	0	5	0.5325	165.6	828.0	0.3333333333333333
3196	123	0	5	0.3	121.0	605.0	0.0
3197	287	1	4	0.715	228.6	1143.0	1.0
3198	311	0	5	0.77	222.0	1110.0	0.6666666666666666
3199	164	0	5	0.4025	109.2	546.0	0.3333333333333333
3200	198	0	5	0.4875	124.4	622.0	0.3333333333333333
3201	260	0	5	0.6425	258.0	1290.0	0.0
3202	248	0	5	0.6125	166.0	830.0	0.3333333333333333
3203	207	0	5	0.51	205.0	1025.0	0.0
3204	150	0	5	0.3675	146.4	732.0	0.3333333333333333
3205	309	0	5	0.765	169.4	847.0	0.6666666666666666
3206	53	0	5	0.125	51.0	255.0	0.0
3207	55	0	5	0.13	23.6	118.0	0.3333333333333333
3208	245	0	5	0.605	170.0	850.0	0.6666666666666666
3209	84	0	5	0.2025	57.4	287.0	0.3333333333333333
3210	103	0	5	0.25	23.4	117.0	0.3333333333333333
3211	177	0	5	0.435	74.6	373.0	0.3333333333333333
3212	231	0	5	0.57	205.6	1028.0	0.6666666666666666
3213	213	0	5	0.525	211.0	1055.0	0.0
3214	133	0	5	0.325	101.8	509.0	0.3333333333333333
3215	93	0	5	0.225	91.0	455.0	0.0
3216	359	1	4	0.895	258.6	1293.0	1.0
3217	109	0	5	0.265	89.0	445.0	0.0
3218	99	0	5	0.24	77.8	389.0	0.3333333333333333
3219	145	1	4	0.36	45.8	229.0	1.0
3220	356	0	5	0.8825	280.0	1400.0	0.6666666666666666
3221	245	0	5	0.605	178.2	891.0	0.3333333333333333
3222	322	0	5	0.7975	240.8	1204.0	0.6666666666666666
3223	354	0	5	0.8775	145.2	726.0	0.6666666666666666
3224	71	0	5	0.17	45.6	228.0	0.3333333333333333
3225	330	1	4	0.8225	105.8	529.0	1.0
3226	41	0	5	0.095	33.6	168.0	0.3333333333333333
3227	294	0	5	0.7275	208.2	1041.0	0.3333333333333333
3228	236	0	5	0.5825	50.0	250.0	0.6666666666666666
3229	326	0	5	0.8075	105.6	528.0	0.3333333333333333
3230	254	0	5	0.6275	174.6	873.0	0.6666666666666666
3231	64	0	5	0.1525	44.8	224.0	0.3333333333333333
3232	171	0	5	0.42	77.8	389.0	0.3333333333333333
3233	277	0	5	0.685	144.8	724.0	0.3333333333333333
3234	344	1	4	0.8575	234.0	1170.0	1.0
3235	22	0	5	0.0475	20.0	100.0	0.0
3236	200	0	5	0.4925	136.8	684.0	0.3333333333333333
3237	373	0	5	0.925	177.0	885.0	0.6666666666666666
3238	363	0	5	0.9	189.2	946.0	0.3333333333333333
3239	47	0	5	0.11	45.0	225.0	0.0
3240	262	0	5	0.6475	194.6	973.0	0.3333333333333333
3241	354	0	5	0.8775	124.8	624.0	0.6666666666666666
3242	28	0	5	0.0625	11.6	58.0	0.3333333333333333
3243	230	1	4	0.5725	212.0	1060.0	1.0
3244	168	0	5	0.4125	160.4	802.0	0.3333333333333333
3245	315	1	4	0.785	119.0	595.0	1.0
3246	359	0	5	0.89	238.8	1194.0	0.6666666666666666
3247	154	0	5	0.3775	152.0	760.0	0.3333333333333333
3248	226	0	5	0.5575	150.4	752.0	0.0
3249	106	0	5	0.2575	104.0	520.0	0.0
3250	155	0	5	0.38	39.4	197.0	0.6666666666666666
3251	211	0	5	0.52	120.6	603.0	0.3333333333333333
3252	337	0	5	0.835	144.8	724.0	0.6666666666666666
3253	295	0	5	0.73	150.6	753.0	0.6666666666666666
3254	45	0	5	0.105	15.8	79.0	0.3333333333333333
3255	298	0	5	0.7375	170.2	851.0	0.6666666666666666
3256	187	0	5	0.46	83.4	417.0	0.3333333333333333
3257	152	0	5	0.3725	70.2	351.0	0.3333333333333333
3258	263	0	5	0.65	113.4	567.0	0.3333333333333333
3259	174	0	5	0.4275	172.0	860.0	0.0
3260	401	0	4	0.9975	157.4	787.0	0.6666666666666666
3261	313	1	4	0.78	286.2	1431.0	1.0
3262	143	0	5	0.35	123.6	618.0	0.3333333333333333
3263	32	0	5	0.0725	26.4	132.0	0.3333333333333333
3264	274	0	5	0.6775	150.8	754.0	0.6666666666666666
3265	185	0	5	0.455	118.6	593.0	0.3333333333333333
3266	247	0	5	0.61	203.0	1015.0	0.0
3267	15	0	5	0.03	12.2	61.0	0.3333333333333333
3268	149	0	5	0.365	147.0	735.0	0.0
3269	184	0	5	0.4525	122.0	610.0	0.3333333333333333
3270	257	0	5	0.635	160.8	804.0	0.3333333333333333
3271	246	0	5	0.6075	80.8	404.0	0.3333333333333333
3272	280	0	5	0.6925	217.2	1086.0	0.3333333333333333
3273	354	0	5	0.8775	182.6	913.0	0.6666666666666666
3274	69	0	5	0.165	52.8	264.0	0.3333333333333333
3275	289	0	5	0.715	219.4	1097.0	0.3333333333333333
3276	75	0	5	0.18	64.6	323.0	0.3333333333333333
3277	323	0	5	0.8	177.2	886.0	0.6666666666666666
3278	114	0	5	0.2775	89.8	449.0	0.0
3279	303	0	5	0.75	287.4	1437.0	0.3333333333333333
3280	26	0	5	0.0575	24.0	120.0	0.0
3281	238	0	5	0.5875	88.0	440.0	0.3333333333333333
3282	253	0	5	0.625	145.6	728.0	0.6666666666666666
3283	123	0	5	0.3	33.6	168.0	0.6666666666666666
3284	358	1	4	0.8925	225.6	1128.0	1.0
3285	357	0	5	0.885	169.8	849.0	0.6666666666666666
3286	293	0	5	0.725	193.8	969.0	0.3333333333333333
3287	162	0	5	0.3975	89.6	448.0	0.3333333333333333
3288	266	0	5	0.6575	191.8	959.0	0.6666666666666666
3289	224	0	5	0.5525	145.0	725.0	0.3333333333333333
3290	357	0	5	0.885	166.6	833.0	0.6666666666666666
3291	317	0	5	0.785	221.4	1107.0	0.6666666666666666
3292	293	0	5	0.725	242.4	1212.0	0.3333333333333333
3293	398	0	5	0.9875	256.6	1283.0	0.6666666666666666
3294	275	0	5	0.68	273.0	1365.0	0.0
3295	236	1	4	0.5875	138.8	694.0	1.0
3296	211	0	5	0.52	120.8	604.0	0.6666666666666666
3297	313	0	5	0.775	194.2	971.0	0.3333333333333333
3298	346	0	5	0.8575	91.0	455.0	0.6666666666666666
3299	76	0	5	0.1825	44.0	220.0	0.3333333333333333
3300	273	0	5	0.675	163.8	819.0	0.6666666666666666
3301	328	0	5	0.8125	79.6	398.0	0.3333333333333333
3302	169	0	5	0.415	115.4	577.0	0.3333333333333333
3303	299	1	4	0.745	133.6	668.0	1.0
3304	229	0	5	0.565	134.2	671.0	0.6666666666666666
3305	125	0	5	0.305	123.0	615.0	0.0
3306	163	0	5	0.4	57.8	289.0	0.6666666666666666
3307	335	0	5	0.83	174.0	870.0	0.3333333333333333
3308	273	0	5	0.675	179.0	895.0	0.3333333333333333
3309	305	0	5	0.755	204.2	1021.0	0.6666666666666666
3310	384	1	4	0.9575	343.2	1716.0	1.0
3311	263	0	5	0.65	152.6	763.0	0.3333333333333333
3312	205	0	5	0.505	166.2	831.0	0.0
3313	380	0	5	0.9425	103.4	517.0	0.6666666666666666
3314	46	0	5	0.1075	28.4	142.0	0.3333333333333333
3315	232	0	5	0.5725	210.0	1050.0	0.3333333333333333
3316	235	0	5	0.58	126.6	633.0	0.3333333333333333
3317	140	0	5	0.3425	107.2	536.0	0.0
3318	323	0	5	0.8	264.8	1324.0	0.6666666666666666
3319	182	0	5	0.4475	114.0	570.0	0.6666666666666666
3320	364	0	5	0.9025	78.0	390.0	0.3333333333333333
3321	153	0	5	0.375	151.0	755.0	0.0
3322	348	1	4	0.8675	76.8	384.0	1.0
3323	185	0	5	0.455	183.0	915.0	0.0
3324	280	0	5	0.6925	241.6	1208.0	0.6666666666666666
3325	242	0	5	0.5975	240.0	1200.0	0.0
3326	134	0	5	0.3275	130.4	652.0	0.3333333333333333
3327	79	0	5	0.19	54.2	271.0	0.0
3328	87	0	5	0.21	85.0	425.0	0.0
3329	220	1	4	0.5475	142.4	712.0	1.0
3330	258	0	5	0.6375	129.6	648.0	0.3333333333333333
3331	28	0	5	0.0625	26.0	130.0	0.0
3332	244	0	5	0.6025	64.4	322.0	0.3333333333333333
3333	216	1	4	0.5375	115.0	575.0	1.0
3334	68	0	5	0.1625	66.0	330.0	0.0
3335	93	0	5	0.225	25.0	125.0	0.3333333333333333
3336	295	1	4	0.735	279.0	1395.0	1.0
3337	114	0	5	0.2775	112.0	560.0	0.0
3338	291	0	5	0.72	219.0	1095.0	0.6666666666666666
3339	274	0	5	0.6775	87.2	436.0	0.0
3340	87	0	5	0.21	85.0	425.0	0.0
3341	55	0	5	0.13	53.0	265.0	0.0
3342	371	1	4	0.925	200.2	1001.0	1.0
3343	347	0	5	0.86	205.0	1025.0	0.6666666666666666
3344	87	0	5	0.21	60.2	301.0	0.3333333333333333
3345	105	0	5	0.255	63.8	319.0	0.3333333333333333
3346	71	0	5	0.17	48.6	243.0	0.3333333333333333
3347	272	0	5	0.6725	64.0	320.0	0.6666666666666666
3348	351	0	5	0.87	216.0	1080.0	0.6666666666666666
3349	383	0	5	0.95	266.0	1330.0	0.3333333333333333
3350	341	0	5	0.845	281.6	1408.0	0.6666666666666666
3351	257	0	5	0.635	175.0	875.0	0.6666666666666666
3352	339	0	5	0.84	260.4	1302.0	0.6666666666666666
3353	9	0	5	0.015	7.0	35.0	0.0
3354	326	1	4	0.8125	189.2	946.0	1.0
3355	53	0	5	0.125	33.8	169.0	0.3333333333333333
3356	255	1	4	0.635	133.2	666.0	1.0
3357	393	0	5	0.975	191.4	957.0	0.6666666666666666
3358	380	0	5	0.9425	242.2	1211.0	0.3333333333333333
3359	114	0	5	0.2775	110.4	552.0	0.3333333333333333
3360	153	0	5	0.375	99.0	495.0	0.0
3361	352	0	5	0.8725	326.6	1633.0	0.6666666666666666
3362	374	0	5	0.9275	196.8	984.0	0.3333333333333333
3363	114	0	5	0.2775	106.4	532.0	0.3333333333333333
3364	71	0	5	0.17	29.4	147.0	0.3333333333333333
3365	223	0	5	0.55	188.2	941.0	0.6666666666666666
3366	380	0	5	0.9425	90.2	451.0	0.6666666666666666
3367	117	1	4	0.29	35.4	177.0	1.0
3368	300	0	5	0.7425	213.2	1066.0	0.6666666666666666
3369	180	0	5	0.4425	142.0	710.0	0.6666666666666666
3370	335	0	5	0.83	248.6	1243.0	0.3333333333333333
3371	249	1	4	0.62	89.0	445.0	1.0
3372	125	0	5	0.305	123.0	615.0	0.0
3373	208	0	5	0.5125	142.0	710.0	0.3333333333333333
3374	191	0	5	0.47	103.6	518.0	0.0
3375	155	0	5	0.38	153.0	765.0	0.0
3376	48	0	5	0.1125	21.2	106.0	0.6666666666666666
3377	144	1	4	0.3575	121.2	606.0	1.0
3378	239	0	5	0.59	98.4	492.0	0.3333333333333333
3379	39	0	5	0.09	23.8	119.0	0.3333333333333333
3380	148	1	4	0.3675	45.2	226.0	1.0
3381	162	0	5	0.3975	54.4	272.0	0.6666666666666666
3382	60	0	5	0.1425	42.0	210.0	0.3333333333333333
3383	116	0	5	0.2825	75.4	377.0	0.3333333333333333
3384	314	0	5	0.7775	227.4	1137.0	0.3333333333333333
3385	353	0	5	0.875	153.8	769.0	0.6666666666666666
3386	59	0	5	0.14	57.0	285.0	0.0
3387	76	0	5	0.1825	33.8	169.0	0.3333333333333333
3388	176	0	5	0.4325	64.6	323.0	0.3333333333333333
3389	195	0	5	0.48	100.4	502.0	0.3333333333333333
3390	162	0	5	0.3975	85.6	428.0	0.0
3391	129	0	5	0.315	91.0	455.0	0.3333333333333333
3392	311	0	5	0.77	148.4	742.0	0.3333333333333333
3393	253	0	5	0.625	117.2	586.0	0.6666666666666666
3394	264	0	5	0.6525	124.2	621.0	0.6666666666666666
3395	401	0	4	0.9975	128.0	640.0	0.6666666666666666
3396	232	0	5	0.5725	133.6	668.0	0.6666666666666666
3397	265	1	3	0.66	154.0	770.0	1.0
3398	143	0	5	0.35	141.0	705.0	0.0
3399	281	0	5	0.695	210.4	1052.0	0.6666666666666666
3400	29	0	5	0.065	27.0	135.0	0.0
3401	194	0	5	0.4775	156.2	781.0	0.0
3402	72	0	5	0.1725	62.2	311.0	0.0
3403	222	0	5	0.5475	63.4	317.0	0.6666666666666666
3404	221	0	5	0.545	217.2	1086.0	0.0
3405	120	0	5	0.2925	87.0	435.0	0.3333333333333333
3406	181	0	5	0.445	118.6	593.0	0.3333333333333333
3407	104	0	5	0.2525	78.6	393.0	0.3333333333333333
3408	142	0	5	0.3475	86.4	432.0	0.6666666666666666
3409	357	0	5	0.885	111.4	557.0	0.6666666666666666
3410	298	1	4	0.7425	138.0	690.0	1.0
3411	249	0	5	0.615	121.8	609.0	0.3333333333333333
3412	267	0	5	0.66	207.4	1037.0	0.3333333333333333
3413	363	0	5	0.9	268.2	1341.0	0.6666666666666666
3414	46	0	5	0.1075	44.0	220.0	0.0
3415	349	0	5	0.865	242.6	1213.0	0.0
3416	363	0	5	0.9	89.2	446.0	0.6666666666666666
3417	221	0	5	0.545	90.2	451.0	0.3333333333333333
3418	223	1	4	0.555	149.4	747.0	1.0
3419	383	1	4	0.955	248.8	1244.0	1.0
3420	193	0	5	0.475	174.8	874.0	0.6666666666666666
3421	375	0	5	0.93	275.4	1377.0	0.6666666666666666
3422	218	0	5	0.5375	170.0	850.0	0.3333333333333333
3423	329	0	5	0.815	197.4	987.0	0.6666666666666666
3424	217	0	5	0.535	71.6	358.0	0.3333333333333333
3425	320	0	5	0.7925	144.4	722.0	0.6666666666666666
3426	302	0	5	0.7475	279.6	1398.0	0.6666666666666666
3427	374	0	5	0.9275	188.0	940.0	0.3333333333333333
3428	341	0	5	0.845	228.2	1141.0	0.6666666666666666
3429	253	0	5	0.625	121.8	609.0	0.6666666666666666
3430	245	0	5	0.605	63.0	315.0	0.3333333333333333
3431	315	0	5	0.78	203.0	1015.0	0.6666666666666666
3432	136	1	4	0.3375	81.6	408.0	1.0
3433	133	0	5	0.325	89.6	448.0	0.3333333333333333
3434	136	0	5	0.3325	134.0	670.0	0.0
3435	176	1	4	0.4375	121.0	605.0	1.0
3436	179	0	5	0.44	113.6	568.0	0.6666666666666666
3437	325	0	5	0.805	127.0	635.0	0.3333333333333333
3438	234	0	5	0.5775	205.2	1026.0	0.6666666666666666
3439	257	0	5	0.635	99.0	495.0	0.6666666666666666
3440	207	1	4	0.515	106.8	534.0	1.0
3441	76	0	5	0.1825	68.0	340.0	0.3333333333333333
3442	187	0	5	0.46	121.8	609.0	0.3333333333333333
3443	273	0	5	0.675	160.0	800.0	0.3333333333333333
3444	345	1	4	0.86	123.4	617.0	1.0
3445	386	0	5	0.9575	300.4	1502.0	0.6666666666666666
3446	204	0	5	0.5025	159.6	798.0	0.3333333333333333
3447	7	0	5	0.01	5.0	25.0	0.0
3448	334	1	4	0.8325	220.8	1104.0	1.0
3449	299	0	5	0.74	178.4	892.0	0.6666666666666666
3450	248	0	5	0.6125	168.6	843.0	0.3333333333333333
3451	348	0	5	0.8625	140.4	702.0	0.3333333333333333
3452	240	1	4	0.5975	156.0	780.0	1.0
3453	92	0	5	0.2225	90.0	450.0	0.0
3454	115	0	5	0.28	93.0	465.0	0.0
3455	283	0	5	0.7	146.2	731.0	0.6666666666666666
3456	18	0	5	0.0375	16.0	80.0	0.0
3457	320	0	5	0.7925	179.6	898.0	0.3333333333333333
3458	348	0	5	0.8625	180.6	903.0	0.6666666666666666
3459	162	0	5	0.3975	114.6	573.0	0.6666666666666666
3460	242	0	5	0.5975	129.6	648.0	0.3333333333333333
3461	45	0	5	0.105	41.8	209.0	0.3333333333333333
3462	8	0	5	0.0125	6.0	30.0	0.0
3463	122	0	5	0.2975	103.2	516.0	0.3333333333333333
3464	115	0	5	0.28	71.6	358.0	0.0
3465	321	0	5	0.795	301.2	1506.0	0.0
3466	305	0	5	0.755	134.4	672.0	0.6666666666666666
3467	34	0	5	0.0775	15.2	76.0	0.3333333333333333
3468	228	1	4	0.5675	159.4	797.0	1.0
3469	320	1	4	0.7975	147.0	735.0	1.0
3470	95	0	5	0.23	80.2	401.0	0.3333333333333333
3471	149	1	4	0.37	83.8	419.0	1.0
3472	328	0	5	0.8125	170.8	854.0	0.3333333333333333
3473	48	0	5	0.1125	46.0	230.0	0.0
3474	37	0	5	0.085	32.8	164.0	0.0
3475	62	0	5	0.1475	60.0	300.0	0.0
3476	373	0	5	0.925	109.6	548.0	0.6666666666666666
3477	118	0	5	0.2875	93.2	466.0	0.3333333333333333
3478	366	0	5	0.9075	103.2	516.0	0.6666666666666666
3479	150	0	5	0.3675	101.2	506.0	0.3333333333333333
3480	280	0	5	0.6925	72.0	360.0	0.3333333333333333
3481	358	1	4	0.8925	239.6	1198.0	1.0
3482	215	1	4	0.535	91.0	455.0	1.0
3483	10	0	5	0.0175	8.0	40.0	0.0
3484	197	0	5	0.485	125.8	629.0	0.0
3485	353	0	5	0.875	135.2	676.0	0.6666666666666666
3486	96	0	5	0.2325	94.0	470.0	0.0
3487	373	0	5	0.925	269.4	1347.0	0.6666666666666666
3488	86	0	5	0.2075	61.8	309.0	0.3333333333333333
3489	328	0	5	0.8125	115.6	578.0	0.6666666666666666
3490	265	0	5	0.655	257.8	1289.0	0.0
3491	286	0	5	0.7075	161.6	808.0	0.3333333333333333
3492	253	0	5	0.625	195.4	977.0	0.3333333333333333
3493	328	0	5	0.8125	213.0	1065.0	0.6666666666666666
3494	277	1	3	0.69	169.0	845.0	1.0
3495	291	0	5	0.72	167.4	837.0	0.6666666666666666
3496	79	0	5	0.19	75.2	376.0	0.3333333333333333
3497	277	0	5	0.685	227.8	1139.0	0.3333333333333333
3498	261	0	5	0.645	170.2	851.0	0.3333333333333333
3499	352	1	4	0.8775	199.2	996.0	1.0
3500	13	0	5	0.025	11.0	55.0	0.0
3501	228	0	5	0.5625	218.8	1094.0	0.3333333333333333
3502	278	0	5	0.6875	175.4	877.0	0.3333333333333333
3503	246	0	5	0.6075	244.0	1220.0	0.3333333333333333
3504	202	0	5	0.4975	137.6	688.0	0.6666666666666666
3505	202	0	5	0.4975	99.2	496.0	0.6666666666666666
3506	9	0	5	0.015	7.0	35.0	0.0
3507	210	0	5	0.5175	99.2	496.0	0.6666666666666666
3508	138	0	5	0.3375	105.4	527.0	0.6666666666666666
3509	349	1	4	0.87	153.4	767.0	1.0
3510	155	0	5	0.38	153.0	765.0	0.0
3511	261	0	5	0.645	174.2	871.0	0.3333333333333333
3512	185	0	5	0.455	130.0	650.0	0.3333333333333333
3513	345	0	5	0.855	300.6	1503.0	0.6666666666666666
3514	362	0	5	0.8975	93.6	468.0	0.6666666666666666
3515	281	1	4	0.7	228.6	1143.0	1.0
3516	200	0	5	0.4925	133.2	666.0	0.0
3517	25	0	5	0.055	11.6	58.0	0.3333333333333333
3518	62	0	5	0.1475	60.0	300.0	0.0
3519	102	0	5	0.2475	100.0	500.0	0.0
3520	254	0	5	0.6275	199.2	996.0	0.3333333333333333
3521	357	0	5	0.885	286.8	1434.0	0.6666666666666666
3522	102	0	5	0.2475	88.0	440.0	0.3333333333333333
3523	284	0	5	0.7025	97.2	486.0	0.3333333333333333
3524	157	0	5	0.385	155.0	775.0	0.0
3525	349	1	4	0.87	218.6	1093.0	1.0
3526	300	1	4	0.7475	87.2	436.0	1.0
3527	391	1	4	0.975	169.2	846.0	1.0
3528	241	1	4	0.6	80.2	401.0	1.0
3529	144	0	5	0.3525	116.2	581.0	0.0
3530	161	0	5	0.395	139.8	699.0	0.3333333333333333
3531	179	0	5	0.44	113.8	569.0	0.3333333333333333
3532	136	0	5	0.3325	63.2	316.0	0.3333333333333333
3533	101	0	5	0.245	99.0	495.0	0.0
3534	310	0	5	0.7675	238.2	1191.0	0.3333333333333333
3535	91	0	5	0.22	69.8	349.0	0.0
3536	302	0	5	0.7475	253.8	1269.0	0.6666666666666666
3537	10	0	5	0.0175	8.0	40.0	0.0
3538	358	1	4	0.8925	316.4	1582.0	1.0
3539	267	0	5	0.66	172.6	863.0	0.3333333333333333
3540	401	0	3	0.9975	241.4	1207.0	0.6666666666666666
3541	226	0	5	0.5575	129.6	648.0	0.3333333333333333
3542	173	0	5	0.425	164.4	822.0	0.3333333333333333
3543	26	0	5	0.0575	10.4	52.0	0.3333333333333333
3544	324	0	5	0.8025	238.8	1194.0	0.0
3545	245	0	5	0.605	227.4	1137.0	0.3333333333333333
3546	308	0	5	0.7625	175.6	878.0	0.6666666666666666
3547	43	0	5	0.1	41.0	205.0	0.0
3548	80	0	5	0.1925	37.2	186.0	0.0
3549	91	0	5	0.22	75.4	377.0	0.3333333333333333
3550	2	0	5	0.0	0.0	0.0	0.0
3551	209	1	4	0.52	66.4	332.0	1.0
3552	161	0	5	0.395	159.0	795.0	0.0
3553	212	1	4	0.5275	126.8	634.0	1.0
3554	53	0	5	0.125	43.0	215.0	0.3333333333333333
3555	44	0	5	0.1025	42.0	210.0	0.0
3556	191	0	5	0.47	77.4	387.0	0.3333333333333333
3557	85	0	5	0.205	50.2	251.0	0.0
3558	170	0	5	0.4175	152.0	760.0	0.6666666666666666
3559	17	0	5	0.035	15.0	75.0	0.0
3560	147	0	5	0.36	110.0	550.0	0.3333333333333333
3561	382	0	5	0.9475	244.6	1223.0	0.6666666666666666
3562	303	0	5	0.75	107.2	536.0	0.6666666666666666
3563	351	0	5	0.87	308.8	1544.0	0.6666666666666666
3564	326	0	5	0.8075	74.4	372.0	0.6666666666666666
3565	327	1	4	0.815	173.8	869.0	1.0
3566	183	0	5	0.45	152.2	761.0	0.0
3567	288	0	5	0.7125	186.4	932.0	0.0
3568	224	0	5	0.5525	154.4	772.0	0.3333333333333333
3569	68	0	5	0.1625	66.0	330.0	0.0
3570	137	0	5	0.335	113.6	568.0	0.3333333333333333
3571	280	0	5	0.6925	147.8	739.0	0.6666666666666666
3572	360	0	5	0.8925	147.4	737.0	0.6666666666666666
3573	19	0	5	0.04	17.0	85.0	0.0
3574	33	0	5	0.075	29.2	146.0	0.3333333333333333
3575	24	0	5	0.0525	22.0	110.0	0.0
3576	295	1	4	0.735	113.4	567.0	1.0
3577	331	0	5	0.82	276.0	1380.0	0.3333333333333333
3578	142	0	5	0.3475	70.4	352.0	0.3333333333333333
3579	132	0	5	0.3225	115.2	576.0	0.3333333333333333
3580	150	0	5	0.3675	76.0	380.0	0.6666666666666666
3581	121	0	5	0.295	109.6	548.0	0.3333333333333333
3582	200	0	5	0.4925	93.6	468.0	0.0
3583	230	0	5	0.5675	190.0	950.0	0.6666666666666666
3584	337	0	5	0.835	228.8	1144.0	0.3333333333333333
3585	189	0	5	0.465	79.0	395.0	0.0
3586	23	0	5	0.05	21.0	105.0	0.0
3587	135	0	5	0.33	133.0	665.0	0.0
3588	8	0	5	0.0125	6.0	30.0	0.0
3589	77	0	5	0.185	67.6	338.0	0.3333333333333333
3590	292	0	5	0.7225	201.8	1009.0	0.3333333333333333
3591	202	0	5	0.4975	129.2	646.0	0.3333333333333333
3592	224	0	5	0.5525	144.0	720.0	0.3333333333333333
3593	275	0	5	0.68	190.0	950.0	0.3333333333333333
3594	7	0	5	0.01	5.0	25.0	0.0
3595	127	0	5	0.31	125.0	625.0	0.0
3596	397	0	5	0.985	162.6	813.0	0.6666666666666666
3597	289	0	5	0.715	135.8	679.0	0.6666666666666666
3598	199	0	5	0.49	197.0	985.0	0.0
3599	222	1	4	0.5525	152.0	760.0	1.0
3600	89	0	5	0.215	87.0	435.0	0.0
3601	94	0	5	0.2275	92.0	460.0	0.0
3602	82	0	5	0.1975	36.8	184.0	0.3333333333333333
3603	37	0	5	0.085	19.8	99.0	0.3333333333333333
3604	356	0	5	0.8825	329.6	1648.0	0.0
3605	282	0	5	0.6975	158.8	794.0	0.3333333333333333
3606	251	0	5	0.62	133.8	669.0	0.6666666666666666
3607	284	0	5	0.7025	186.0	930.0	0.6666666666666666
3608	111	0	5	0.27	57.0	285.0	0.3333333333333333
3609	45	0	5	0.105	43.0	215.0	0.0
3610	243	0	5	0.6	147.2	736.0	0.6666666666666666
3611	248	0	5	0.6125	169.4	847.0	0.6666666666666666
3612	97	0	5	0.235	86.6	433.0	0.0
3613	162	0	5	0.3975	104.6	523.0	0.6666666666666666
3614	219	0	5	0.54	191.4	957.0	0.3333333333333333
3615	177	0	5	0.435	107.8	539.0	0.3333333333333333
3616	395	1	4	0.985	184.6	923.0	1.0
3617	144	0	5	0.3525	119.6	598.0	0.0
3618	133	0	5	0.325	36.6	183.0	0.3333333333333333
3619	337	0	5	0.835	207.8	1039.0	0.6666666666666666
3620	359	0	5	0.89	149.6	748.0	0.6666666666666666
3621	273	0	5	0.675	191.4	957.0	0.6666666666666666
3622	137	1	4	0.34	76.2	381.0	1.0
3623	6	0	5	0.0075	4.0	20.0	0.0
3624	113	0	5	0.275	49.4	247.0	0.3333333333333333
3625	270	0	5	0.6675	192.8	964.0	0.3333333333333333
3626	321	0	5	0.795	285.6	1428.0	0.3333333333333333
3627	261	0	5	0.645	227.0	1135.0	0.3333333333333333
3628	109	0	5	0.265	90.6	453.0	0.0
3629	257	0	5	0.635	81.8	409.0	0.3333333333333333
3630	110	0	5	0.2675	108.0	540.0	0.0
3631	33	0	5	0.075	21.4	107.0	0.0
3632	212	0	5	0.5225	162.8	814.0	0.3333333333333333
3633	227	0	5	0.56	82.6	413.0	0.3333333333333333
3634	360	0	5	0.8925	308.8	1544.0	0.6666666666666666
3635	177	1	4	0.44	102.4	512.0	1.0
3636	390	0	5	0.9675	228.0	1140.0	0.6666666666666666
3637	178	0	5	0.4375	175.4	877.0	0.3333333333333333
3638	345	0	5	0.855	222.2	1111.0	0.6666666666666666
3639	59	0	5	0.14	44.4	222.0	0.3333333333333333
3640	120	0	5	0.2925	43.4	217.0	0.3333333333333333
3641	343	0	5	0.85	163.4	817.0	0.6666666666666666
3642	126	0	5	0.3075	124.0	620.0	0.0
3643	192	0	5	0.4725	65.2	326.0	0.0
3644	180	0	5	0.4425	84.8	424.0	0.3333333333333333
3645	298	0	5	0.7375	179.8	899.0	0.3333333333333333
3646	374	0	5	0.9275	322.6	1613.0	0.6666666666666666
3647	228	0	5	0.5625	155.2	776.0	0.3333333333333333
3648	337	0	5	0.835	209.6	1048.0	0.6666666666666666
3649	160	0	5	0.3925	106.4	532.0	0.3333333333333333
3650	301	0	5	0.745	183.8	919.0	0.3333333333333333
3651	134	0	5	0.3275	122.4	612.0	0.0
3652	321	1	4	0.8	104.2	521.0	1.0
3653	148	0	5	0.3625	94.8	474.0	0.3333333333333333
3654	254	0	5	0.6275	132.2	661.0	0.6666666666666666
3655	329	0	5	0.815	155.2	776.0	0.6666666666666666
3656	179	0	5	0.44	93.2	466.0	0.3333333333333333
3657	101	0	5	0.245	95.8	479.0	0.3333333333333333
3658	31	0	5	0.07	13.4	67.0	0.0
3659	206	0	5	0.5075	190.6	953.0	0.3333333333333333
3660	258	0	5	0.6375	254.8	1274.0	0.3333333333333333
3661	360	1	4	0.8975	154.6	773.0	1.0
3662	258	0	5	0.6375	233.6	1168.0	0.6666666666666666
3663	87	0	5	0.21	67.2	336.0	0.6666666666666666
3664	161	0	5	0.395	81.0	405.0	0.3333333333333333
3665	254	0	5	0.6275	201.8	1009.0	0.3333333333333333
3666	277	1	4	0.69	161.0	805.0	1.0
3667	29	0	5	0.065	27.0	135.0	0.0
3668	197	0	5	0.485	109.0	545.0	0.6666666666666666
3669	188	0	5	0.4625	186.0	930.0	0.3333333333333333
3670	226	0	5	0.5575	139.2	696.0	0.3333333333333333
3671	235	0	5	0.58	72.6	363.0	0.3333333333333333
3672	401	0	3	0.9975	313.2	1566.0	0.6666666666666666
3673	119	0	5	0.29	117.0	585.0	0.0
3674	375	0	5	0.93	178.8	894.0	0.6666666666666666
3675	126	0	5	0.3075	119.2	596.0	0.3333333333333333
3676	350	0	5	0.8675	230.8	1154.0	0.6666666666666666
3677	107	0	5	0.26	103.4	517.0	0.3333333333333333
3678	71	0	5	0.17	47.0	235.0	0.3333333333333333
3679	200	0	5	0.4925	157.4	787.0	0.3333333333333333
3680	14	0	5	0.0275	12.0	60.0	0.0
3681	37	0	5	0.085	31.0	155.0	0.3333333333333333
3682	372	1	4	0.9275	220.8	1104.0	1.0
3683	367	1	4	0.915	219.8	1099.0	1.0
3684	282	1	4	0.7025	176.0	880.0	1.0
3685	136	0	5	0.3325	128.2	641.0	0.0
3686	385	0	5	0.955	210.2	1051.0	0.3333333333333333
3687	260	0	5	0.6425	120.4	602.0	0.3333333333333333
3688	292	0	5	0.7225	109.2	546.0	0.6666666666666666
3689	119	0	5	0.29	63.8	319.0	0.3333333333333333
3690	245	0	5	0.605	139.4	697.0	0.3333333333333333
3691	54	0	5	0.1275	38.2	191.0	0.3333333333333333
3692	258	0	5	0.6375	119.2	596.0	0.3333333333333333
3693	335	0	5	0.83	219.6	1098.0	0.6666666666666666
3694	24	0	5	0.0525	22.0	110.0	0.0
3695	149	1	4	0.37	73.8	369.0	1.0
3696	368	0	5	0.9125	281.8	1409.0	0.3333333333333333
3697	137	0	5	0.335	135.0	675.0	0.0
3698	155	0	5	0.38	153.0	765.0	0.0
3699	199	0	5	0.49	175.2	876.0	0.6666666666666666
3700	143	0	5	0.35	114.0	570.0	0.3333333333333333
3701	196	0	5	0.4825	141.2	706.0	0.3333333333333333
3702	214	0	5	0.5275	82.0	410.0	0.3333333333333333
3703	254	1	4	0.6325	103.0	515.0	1.0
3704	252	0	5	0.6225	182.0	910.0	0.3333333333333333
3705	48	0	5	0.1125	39.0	195.0	0.3333333333333333
3706	90	0	5	0.2175	84.6	423.0	0.3333333333333333
3707	225	0	5	0.555	95.8	479.0	0.0
3708	51	0	5	0.12	49.0	245.0	0.0
3709	40	0	5	0.0925	38.0	190.0	0.0
3710	179	1	4	0.445	99.0	495.0	1.0
3711	317	0	5	0.785	249.2	1246.0	0.3333333333333333
3712	152	0	5	0.3725	132.6	663.0	0.3333333333333333
3713	262	0	5	0.6475	136.6	683.0	0.6666666666666666
3714	381	1	4	0.95	173.0	865.0	1.0
3715	359	1	4	0.895	199.0	995.0	1.0
3716	310	0	5	0.7675	278.6	1393.0	0.3333333333333333
3717	170	0	5	0.4175	168.0	840.0	0.0
3718	302	0	5	0.7475	151.2	756.0	0.6666666666666666
3719	263	0	5	0.65	201.8	1009.0	0.3333333333333333
3720	197	0	5	0.485	82.6	413.0	0.3333333333333333
3721	341	0	5	0.845	204.2	1021.0	0.6666666666666666
3722	56	0	5	0.1325	54.0	270.0	0.0
3723	311	0	5	0.77	177.6	888.0	0.6666666666666666
3724	324	0	5	0.8025	97.2	486.0	0.6666666666666666
3725	22	0	5	0.0475	20.0	100.0	0.0
3726	95	0	5	0.23	63.0	315.0	0.3333333333333333
3727	94	0	5	0.2275	36.2	181.0	0.3333333333333333
3728	329	0	5	0.815	238.2	1191.0	0.6666666666666666
3729	5	0	5	0.005	3.0	15.0	0.0
3730	400	1	4	0.9975	159.8	799.0	1.0
3731	116	0	5	0.2825	114.0	570.0	0.0
3732	8	0	5	0.0125	6.0	30.0	0.0
3733	97	0	5	0.235	76.6	383.0	0.3333333333333333
3734	396	0	5	0.9825	352.0	1760.0	0.6666666666666666
3735	86	0	5	0.2075	47.2	236.0	0.0
3736	136	0	5	0.3325	120.6	603.0	0.3333333333333333
3737	302	0	5	0.7475	206.2	1031.0	0.3333333333333333
3738	364	0	5	0.9025	104.0	520.0	0.6666666666666666
3739	111	0	5	0.27	91.8	459.0	0.3333333333333333
3740	377	0	5	0.935	252.6	1263.0	0.6666666666666666
3741	220	0	5	0.5425	98.8	494.0	0.3333333333333333
3742	271	0	5	0.67	86.6	433.0	0.6666666666666666
3743	320	1	4	0.7975	189.2	946.0	1.0
3744	203	0	5	0.5	160.2	801.0	0.3333333333333333
3745	235	1	4	0.585	51.8	259.0	1.0
3746	219	0	5	0.54	147.4	737.0	0.6666666666666666
3747	70	0	5	0.1675	68.0	340.0	0.0
3748	41	0	5	0.095	39.0	195.0	0.0
3749	231	1	4	0.575	230.2	1151.0	1.0
3750	44	0	5	0.1025	42.0	210.0	0.0
3751	213	0	5	0.525	94.6	473.0	0.6666666666666666
3752	267	0	5	0.66	116.8	584.0	0.3333333333333333
3753	203	0	5	0.5	188.6	943.0	0.0
3754	360	1	4	0.8975	205.4	1027.0	1.0
3755	25	0	5	0.055	22.4	112.0	0.0
3756	313	0	5	0.775	167.0	835.0	0.3333333333333333
3757	227	0	5	0.56	67.8	339.0	0.0
3758	180	0	5	0.4425	178.0	890.0	0.0
3759	361	1	4	0.9	154.4	772.0	1.0
3760	64	0	5	0.1525	49.4	247.0	0.3333333333333333
3761	77	1	4	0.19	54.8	274.0	1.0
3762	365	0	5	0.905	119.8	599.0	0.6666666666666666
3763	188	0	5	0.4625	114.8	574.0	0.0
3764	142	0	5	0.3475	121.2	606.0	0.0
3765	125	0	5	0.305	50.2	251.0	0.3333333333333333
3766	146	0	5	0.3575	68.0	340.0	0.3333333333333333
3767	149	0	5	0.365	147.0	735.0	0.3333333333333333
3768	374	1	4	0.9325	169.0	845.0	1.0
3769	111	0	5	0.27	99.0	495.0	0.3333333333333333
3770	325	1	4	0.81	99.4	497.0	1.0
3771	257	0	5	0.635	173.0	865.0	0.3333333333333333
3772	353	1	4	0.88	234.0	1170.0	1.0
3773	309	0	5	0.765	258.2	1291.0	0.6666666666666666
3774	316	0	5	0.7825	151.2	756.0	0.3333333333333333
3775	310	1	4	0.7725	246.0	1230.0	1.0
3776	285	0	5	0.705	153.4	767.0	0.6666666666666666
3777	119	0	5	0.29	96.6	483.0	0.3333333333333333
3778	120	0	5	0.2925	46.0	230.0	0.3333333333333333
3779	385	1	4	0.96	189.2	946.0	1.0
3780	328	0	5	0.8125	240.4	1202.0	0.6666666666666666
3781	182	0	5	0.4475	138.6	693.0	0.3333333333333333
3782	325	0	5	0.805	246.2	1231.0	0.6666666666666666
3783	327	0	5	0.81	285.0	1425.0	0.3333333333333333
3784	189	0	5	0.465	156.6	783.0	0.0
3785	120	0	5	0.2925	78.0	390.0	0.6666666666666666
3786	331	0	5	0.82	165.6	828.0	0.6666666666666666
3787	215	0	5	0.53	146.6	733.0	0.3333333333333333
3788	227	0	5	0.56	185.0	925.0	0.6666666666666666
3789	285	0	5	0.705	171.8	859.0	0.0
3790	172	0	5	0.4225	170.0	850.0	0.0
3791	70	0	5	0.1675	68.0	340.0	0.0
3792	274	1	4	0.6825	99.6	498.0	1.0
3793	258	0	5	0.6375	134.4	672.0	0.3333333333333333
3794	395	0	5	0.98	169.8	849.0	0.6666666666666666
3795	287	0	5	0.71	155.0	775.0	0.3333333333333333
3796	363	0	5	0.9	181.2	906.0	0.3333333333333333
3797	105	0	5	0.255	87.6	438.0	0.3333333333333333
3798	319	0	5	0.79	191.0	955.0	0.3333333333333333
3799	304	0	5	0.7525	119.4	597.0	0.6666666666666666
3800	161	0	5	0.395	96.0	480.0	0.3333333333333333
3801	249	1	4	0.62	128.8	644.0	1.0
3802	68	0	5	0.1625	66.0	330.0	0.0
3803	261	0	5	0.645	122.2	611.0	0.6666666666666666
3804	295	0	5	0.73	236.6	1183.0	0.3333333333333333
3805	313	1	4	0.78	179.2	896.0	1.0
3806	300	0	5	0.7425	147.4	737.0	0.6666666666666666
3807	275	0	5	0.68	160.2	801.0	0.6666666666666666
3808	371	0	5	0.92	296.2	1481.0	0.3333333333333333
3809	335	0	5	0.83	72.2	361.0	0.0
3810	122	0	5	0.2975	79.2	396.0	0.3333333333333333
3811	372	0	5	0.9225	132.0	660.0	0.6666666666666666
3812	202	0	5	0.4975	123.2	616.0	0.3333333333333333
3813	276	0	5	0.6825	146.0	730.0	0.6666666666666666
3814	349	1	4	0.87	218.6	1093.0	1.0
3815	37	0	5	0.085	32.2	161.0	0.3333333333333333
3816	129	0	5	0.315	112.4	562.0	0.3333333333333333
3817	269	0	5	0.665	153.4	767.0	0.3333333333333333
3818	34	0	5	0.0775	29.2	146.0	0.3333333333333333
3819	258	0	5	0.6375	163.8	819.0	0.3333333333333333
3820	378	0	5	0.9375	112.4	562.0	0.3333333333333333
3821	243	0	5	0.6	208.0	1040.0	0.3333333333333333
3822	315	0	5	0.78	129.8	649.0	0.3333333333333333
3823	83	0	5	0.2	29.8	149.0	0.3333333333333333
3824	129	0	5	0.315	59.2	296.0	0.3333333333333333
3825	93	0	5	0.225	83.6	418.0	0.0
3826	355	0	5	0.88	149.2	746.0	0.6666666666666666
3827	180	0	5	0.4425	118.4	592.0	0.3333333333333333
3828	357	0	5	0.885	208.4	1042.0	0.6666666666666666
3829	341	0	5	0.845	95.8	479.0	0.6666666666666666
3830	238	0	5	0.5875	112.6	563.0	0.6666666666666666
3831	322	0	5	0.7975	233.2	1166.0	0.6666666666666666
3832	192	0	5	0.4725	73.2	366.0	0.3333333333333333
3833	273	1	4	0.68	127.8	639.0	1.0
3834	64	0	5	0.1525	62.0	310.0	0.0
3835	100	0	5	0.2425	98.0	490.0	0.0
3836	166	0	5	0.4075	61.4	307.0	0.6666666666666666
3837	125	0	5	0.305	123.0	615.0	0.0
3838	73	0	5	0.175	61.8	309.0	0.3333333333333333
3839	95	0	5	0.23	93.0	465.0	0.0
3840	390	0	5	0.9675	169.0	845.0	0.6666666666666666
3841	324	1	4	0.8075	165.2	826.0	1.0
3842	156	0	5	0.3825	109.6	548.0	0.3333333333333333
3843	123	0	5	0.3	91.8	459.0	0.3333333333333333
3844	329	1	4	0.82	90.8	454.0	1.0
3845	341	0	5	0.845	184.8	924.0	0.6666666666666666
3846	211	0	5	0.52	108.2	541.0	0.3333333333333333
3847	133	0	5	0.325	64.4	322.0	0.3333333333333333
3848	213	0	5	0.525	142.6	713.0	0.3333333333333333
3849	366	0	5	0.9075	314.8	1574.0	0.3333333333333333
3850	188	0	5	0.4625	95.4	477.0	0.3333333333333333
3851	388	0	5	0.9625	272.8	1364.0	0.6666666666666666
3852	245	0	5	0.605	126.0	630.0	0.3333333333333333
3853	197	0	5	0.485	177.0	885.0	0.3333333333333333
3854	226	0	5	0.5575	143.4	717.0	0.6666666666666666
3855	296	1	3	0.7375	276.8	1384.0	1.0
3856	223	0	5	0.55	74.2	371.0	0.6666666666666666
3857	288	1	4	0.7175	250.0	1250.0	1.0
3858	117	0	5	0.285	91.0	455.0	0.3333333333333333
3859	26	0	5	0.0575	24.0	120.0	0.0
3860	305	1	4	0.76	154.2	771.0	1.0
3861	86	0	5	0.2075	44.0	220.0	0.6666666666666666
3862	358	0	5	0.8875	239.6	1198.0	0.6666666666666666
3863	72	0	5	0.1725	57.0	285.0	0.0
3864	169	0	5	0.415	118.0	590.0	0.0
3865	116	0	5	0.2825	34.8	174.0	0.6666666666666666
3866	372	0	5	0.9225	252.8	1264.0	0.3333333333333333
3867	60	0	5	0.1425	58.0	290.0	0.0
3868	189	0	5	0.465	152.8	764.0	0.6666666666666666
3869	131	0	5	0.32	82.4	412.0	0.3333333333333333
3870	249	0	5	0.615	189.0	945.0	0.3333333333333333
3871	218	0	5	0.5375	88.4	442.0	0.6666666666666666
3872	202	0	5	0.4975	83.2	416.0	0.3333333333333333
3873	263	0	5	0.65	150.2	751.0	0.3333333333333333
3874	173	0	5	0.425	113.4	567.0	0.3333333333333333
3875	381	0	5	0.945	99.0	495.0	0.6666666666666666
3876	49	0	5	0.115	47.0	235.0	0.0
3877	99	0	5	0.24	67.8	339.0	0.6666666666666666
3878	38	0	5	0.0875	36.0	180.0	0.0
3879	10	0	5	0.0175	8.0	40.0	0.0
3880	289	0	5	0.715	205.0	1025.0	0.3333333333333333
3881	295	0	5	0.73	155.4	777.0	0.6666666666666666
3882	359	1	4	0.895	219.0	1095.0	1.0
3883	45	0	5	0.105	17.4	87.0	0.3333333333333333
3884	116	0	5	0.2825	114.0	570.0	0.0
3885	46	0	5	0.1075	44.0	220.0	0.0
3886	124	0	5	0.3025	112.4	562.0	0.3333333333333333
3887	22	0	5	0.0475	20.0	100.0	0.0
3888	325	0	5	0.805	287.4	1437.0	0.0
3889	164	0	5	0.4025	162.0	810.0	0.0
3890	28	0	5	0.0625	26.0	130.0	0.0
3891	358	0	5	0.8875	146.4	732.0	0.6666666666666666
3892	136	0	5	0.3325	97.6	488.0	0.0
3893	322	0	5	0.7975	159.2	796.0	0.6666666666666666
3894	97	0	5	0.235	72.6	363.0	0.3333333333333333
3895	241	1	4	0.6	113.8	569.0	1.0
3896	217	0	5	0.535	139.0	695.0	0.3333333333333333
3897	142	0	5	0.3475	140.0	700.0	0.0
3898	387	1	4	0.965	191.2	956.0	1.0
3899	74	0	5	0.1775	42.0	210.0	0.3333333333333333
3900	166	0	5	0.4075	141.8	709.0	0.3333333333333333
3901	136	0	5	0.3325	29.2	146.0	0.0
3902	136	0	5	0.3325	76.4	382.0	0.3333333333333333
3903	235	0	5	0.58	150.6	753.0	0.3333333333333333
3904	347	0	5	0.86	164.0	820.0	0.3333333333333333
3905	137	0	5	0.335	31.8	159.0	0.3333333333333333
3906	401	0	5	0.995	189.8	949.0	0.6666666666666666
3907	268	1	4	0.6675	201.6	1008.0	1.0
3908	292	0	5	0.7225	202.0	1010.0	0.3333333333333333
3909	306	0	5	0.7575	195.8	979.0	0.6666666666666666
3910	293	0	5	0.725	219.0	1095.0	0.3333333333333333
3911	259	0	5	0.64	105.8	529.0	0.6666666666666666
3912	322	0	5	0.7975	75.2	376.0	0.6666666666666666
3913	265	0	5	0.655	211.8	1059.0	0.3333333333333333
3914	62	0	5	0.1475	51.8	259.0	0.3333333333333333
3915	147	0	5	0.36	65.2	326.0	0.3333333333333333
3916	77	0	5	0.185	65.8	329.0	0.3333333333333333
3917	400	1	4	0.9975	259.4	1297.0	1.0
3918	301	0	5	0.745	230.6	1153.0	0.3333333333333333
3919	241	0	5	0.595	137.0	685.0	0.3333333333333333
3920	250	1	4	0.6225	156.2	781.0	1.0
3921	286	0	5	0.7075	125.2	626.0	0.3333333333333333
3922	228	0	5	0.5625	197.8	989.0	0.0
3923	59	0	5	0.14	36.0	180.0	0.0
3924	262	0	5	0.6475	227.8	1139.0	0.3333333333333333
3925	370	0	5	0.9175	196.2	981.0	0.6666666666666666
3926	325	0	5	0.805	249.8	1249.0	0.0
3927	264	0	5	0.6525	102.8	514.0	0.6666666666666666
3928	210	0	5	0.5175	119.6	598.0	0.0
3929	140	0	5	0.3425	115.4	577.0	0.3333333333333333
3930	284	0	5	0.7025	200.8	1004.0	0.6666666666666666
3931	21	0	5	0.045	14.6	73.0	0.0
3932	61	0	5	0.145	59.0	295.0	0.0
3933	375	0	5	0.93	107.4	537.0	0.6666666666666666
3934	83	0	5	0.2	77.2	386.0	0.0
3935	114	0	5	0.2775	65.2	326.0	0.0
3936	291	0	5	0.72	210.0	1050.0	0.6666666666666666
3937	26	0	5	0.0575	24.0	120.0	0.0
3938	134	0	5	0.3275	132.0	660.0	0.0
3939	127	0	5	0.31	81.0	405.0	0.3333333333333333
3940	196	0	5	0.4825	178.4	892.0	0.0
3941	59	0	5	0.14	37.4	187.0	0.6666666666666666
3942	10	0	5	0.0175	8.0	40.0	0.0
3943	79	0	5	0.19	67.6	338.0	0.3333333333333333
3944	95	0	5	0.23	77.4	387.0	0.3333333333333333
3945	369	0	5	0.915	238.8	1194.0	0.6666666666666666
3946	31	0	5	0.07	29.0	145.0	0.0
3947	9	0	5	0.015	3.8	19.0	0.3333333333333333
3948	330	0	5	0.8175	162.2	811.0	0.6666666666666666
3949	280	0	5	0.6925	122.6	613.0	0.6666666666666666
3950	34	0	5	0.0775	32.0	160.0	0.0
3951	165	0	5	0.405	119.8	599.0	0.3333333333333333
3952	388	0	5	0.9625	273.4	1367.0	0.6666666666666666
3953	381	0	5	0.945	150.2	751.0	0.6666666666666666
3954	351	1	4	0.875	164.8	824.0	1.0
3955	100	0	5	0.2425	94.0	470.0	0.0
3956	155	0	5	0.38	102.6	513.0	0.6666666666666666
3957	327	1	4	0.815	97.8	489.0	1.0
3958	98	0	5	0.2375	80.0	400.0	0.3333333333333333
3959	229	0	5	0.565	93.0	465.0	0.3333333333333333
3960	30	0	5	0.0675	28.0	140.0	0.0
3961	120	0	5	0.2925	83.0	415.0	0.6666666666666666
3962	8	0	5	0.0125	6.0	30.0	0.0
3963	146	0	5	0.3575	144.0	720.0	0.0
3964	7	0	5	0.01	5.0	25.0	0.0
3965	188	0	5	0.4625	90.2	451.0	0.3333333333333333
3966	65	0	5	0.155	28.8	144.0	0.6666666666666666
3967	275	0	5	0.68	177.6	888.0	0.3333333333333333
3968	218	0	5	0.5375	162.4	812.0	0.6666666666666666
3969	66	0	5	0.1575	64.0	320.0	0.0
3970	35	0	5	0.08	33.0	165.0	0.0
3971	8	0	5	0.0125	6.0	30.0	0.0
3972	191	0	5	0.47	107.4	537.0	0.3333333333333333
3973	255	1	4	0.635	62.2	311.0	1.0
3974	396	0	5	0.9825	182.2	911.0	0.6666666666666666
3975	69	0	5	0.165	67.0	335.0	0.0
3976	168	0	5	0.4125	116.0	580.0	0.3333333333333333
3977	373	0	5	0.925	219.6	1098.0	0.6666666666666666
3978	329	1	4	0.82	195.6	978.0	1.0
3979	238	0	5	0.5875	200.8	1004.0	0.3333333333333333
3980	232	0	5	0.5725	108.0	540.0	0.3333333333333333
3981	283	0	5	0.7	200.6	1003.0	0.6666666666666666
3982	218	0	5	0.5375	64.8	324.0	0.6666666666666666
3983	389	1	4	0.97	278.8	1394.0	1.0
3984	48	0	5	0.1125	9.4	47.0	0.0
3985	227	0	5	0.56	184.0	920.0	0.6666666666666666
3986	78	0	5	0.1875	36.0	180.0	0.3333333333333333
3987	328	0	5	0.8125	164.4	822.0	0.3333333333333333
3988	88	0	5	0.2125	86.0	430.0	0.0
3989	310	0	5	0.7675	179.2	896.0	0.6666666666666666
3990	394	0	5	0.9775	112.8	564.0	0.6666666666666666
3991	161	0	5	0.395	105.0	525.0	0.0
3992	125	0	5	0.305	91.0	455.0	0.3333333333333333
3993	311	0	5	0.77	274.6	1373.0	0.6666666666666666
3994	40	0	5	0.0925	38.0	190.0	0.0
3995	175	0	5	0.43	85.0	425.0	0.6666666666666666
3996	157	0	5	0.385	59.8	299.0	0.3333333333333333
3997	399	0	5	0.99	292.2	1461.0	0.6666666666666666
3998	273	0	5	0.675	145.2	726.0	0.6666666666666666
3999	8	0	5	0.0125	6.0	30.0	0.0
4000	317	0	5	0.785	216.6	1083.0	0.6666666666666666
4001	288	0	5	0.7125	115.6	578.0	0.3333333333333333
4002	220	1	4	0.5475	77.2	386.0	1.0
4003	240	0	5	0.5925	52.4	262.0	0.6666666666666666
4004	298	0	5	0.7375	141.6	708.0	0.6666666666666666
4005	103	0	5	0.25	101.0	505.0	0.0
4006	193	1	4	0.48	146.2	731.0	1.0
4007	43	0	5	0.1	41.0	205.0	0.0
4008	335	0	5	0.83	251.4	1257.0	0.6666666666666666
4009	54	0	5	0.1275	29.6	148.0	0.6666666666666666
4010	36	0	5	0.0825	34.0	170.0	0.0
4011	230	0	5	0.5675	223.8	1119.0	0.6666666666666666
4012	260	1	4	0.6475	168.8	844.0	1.0
4013	302	0	5	0.7475	163.4	817.0	0.6666666666666666
4014	232	0	5	0.5725	131.6	658.0	0.3333333333333333
4015	56	0	5	0.1325	27.6	138.0	0.3333333333333333
4016	47	0	5	0.11	45.0	225.0	0.0
4017	200	0	5	0.4925	125.2	626.0	0.0
4018	274	0	5	0.6775	181.0	905.0	0.3333333333333333
4019	81	0	5	0.195	75.6	378.0	0.0
4020	169	0	5	0.415	161.6	808.0	0.0
4021	169	0	5	0.415	96.6	483.0	0.3333333333333333
4022	90	0	5	0.2175	37.0	185.0	0.3333333333333333
4023	376	0	5	0.9325	192.4	962.0	0.6666666666666666
4024	239	1	4	0.595	125.0	625.0	1.0
4025	259	0	5	0.64	199.0	995.0	0.6666666666666666
4026	150	0	5	0.3675	118.4	592.0	0.3333333333333333
4027	219	0	5	0.54	147.0	735.0	0.6666666666666666
4028	286	0	5	0.7075	273.6	1368.0	0.3333333333333333
4029	295	1	4	0.735	163.8	819.0	1.0
4030	240	0	5	0.5925	155.8	779.0	0.0
4031	259	0	5	0.64	158.2	791.0	0.0
4032	207	0	5	0.51	74.4	372.0	0.3333333333333333
4033	44	0	5	0.1025	17.2	86.0	0.3333333333333333
4034	146	0	5	0.3575	42.4	212.0	0.3333333333333333
4035	209	0	5	0.515	105.0	525.0	0.3333333333333333
4036	328	0	5	0.8125	82.2	411.0	0.3333333333333333
4037	376	0	5	0.9325	165.2	826.0	0.6666666666666666
4038	304	1	4	0.7575	79.2	396.0	1.0
4039	302	1	4	0.7525	219.0	1095.0	1.0
4040	280	0	5	0.6925	278.0	1390.0	0.0
4041	51	0	5	0.12	49.0	245.0	0.0
4042	265	0	5	0.655	199.0	995.0	0.3333333333333333
4043	363	0	5	0.9	149.8	749.0	0.6666666666666666
4044	72	0	5	0.1725	35.6	178.0	0.3333333333333333
4045	399	1	4	0.995	290.6	1453.0	1.0
4046	71	0	5	0.17	43.0	215.0	0.3333333333333333
4047	99	0	5	0.24	81.0	405.0	0.0
4048	143	0	5	0.35	79.4	397.0	0.3333333333333333
4049	35	0	5	0.08	21.0	105.0	0.0
4050	382	0	5	0.9475	221.4	1107.0	0.6666666666666666
4051	169	0	5	0.415	127.2	636.0	0.3333333333333333
4052	280	0	5	0.6925	183.2	916.0	0.3333333333333333
4053	21	0	5	0.045	19.0	95.0	0.0
4054	137	0	5	0.335	135.0	675.0	0.0
4055	109	0	5	0.265	107.0	535.0	0.3333333333333333
4056	292	0	5	0.7225	208.0	1040.0	0.6666666666666666
4057	245	0	5	0.605	190.6	953.0	0.6666666666666666
4058	157	0	5	0.385	47.8	239.0	0.0
4059	141	0	5	0.345	103.8	519.0	0.3333333333333333
4060	84	0	5	0.2025	50.2	251.0	0.3333333333333333
4061	334	0	5	0.8275	143.6	718.0	0.6666666666666666
4062	344	1	4	0.8575	199.6	998.0	1.0
4063	349	1	4	0.87	271.0	1355.0	1.0
4064	178	1	4	0.4425	88.4	442.0	1.0
4065	29	0	5	0.065	27.0	135.0	0.0
4066	301	1	4	0.75	160.6	803.0	1.0
4067	264	0	5	0.6525	187.0	935.0	0.6666666666666666
4068	390	1	4	0.9725	200.8	1004.0	1.0
4069	358	0	5	0.8875	182.0	910.0	0.6666666666666666
4070	63	0	5	0.15	61.0	305.0	0.0
4071	198	1	4	0.4925	78.4	392.0	1.0
4072	334	0	5	0.8275	279.8	1399.0	0.3333333333333333
4073	177	0	5	0.435	130.2	651.0	0.3333333333333333
4074	241	0	5	0.595	123.2	616.0	0.6666666666666666
4075	114	0	5	0.2775	81.4	407.0	0.0
4076	93	0	5	0.225	50.6	253.0	0.3333333333333333
4077	142	0	5	0.3475	139.4	697.0	0.3333333333333333
4078	52	0	5	0.1225	36.2	181.0	0.0
4079	71	0	5	0.17	64.0	320.0	0.0
4080	52	0	5	0.1225	44.0	220.0	0.3333333333333333
4081	355	0	5	0.88	134.2	671.0	0.6666666666666666
4082	155	0	5	0.38	124.2	621.0	0.0
4083	337	1	4	0.84	179.8	899.0	1.0
4084	187	0	5	0.46	144.2	721.0	0.3333333333333333
4085	128	0	5	0.3125	71.6	358.0	0.6666666666666666
4086	118	0	5	0.2875	111.4	557.0	0.0
4087	159	0	5	0.39	48.6	243.0	0.3333333333333333
4088	342	0	5	0.8475	119.2	596.0	0.6666666666666666
4089	304	0	5	0.7525	200.0	1000.0	0.6666666666666666
4090	21	0	5	0.045	19.0	95.0	0.0
4091	119	0	5	0.29	46.2	231.0	0.6666666666666666
4092	241	0	5	0.595	144.6	723.0	0.0
4093	126	0	5	0.3075	90.8	454.0	0.3333333333333333
4094	125	0	5	0.305	57.0	285.0	0.3333333333333333
4095	316	0	5	0.7825	259.0	1295.0	0.3333333333333333
4096	172	0	5	0.4225	139.2	696.0	0.6666666666666666
4097	400	1	4	0.9975	140.2	701.0	1.0
4098	353	0	5	0.875	289.6	1448.0	0.6666666666666666
4099	363	0	5	0.9	169.8	849.0	0.6666666666666666
4100	347	0	5	0.86	191.0	955.0	0.6666666666666666
4101	223	0	5	0.55	202.2	1011.0	0.0
4102	213	0	5	0.525	154.6	773.0	0.6666666666666666
4103	342	0	5	0.8475	244.0	1220.0	0.6666666666666666
4104	307	0	5	0.76	289.6	1448.0	0.3333333333333333
4105	321	0	5	0.795	238.0	1190.0	0.6666666666666666
4106	30	0	5	0.0675	28.0	140.0	0.0
4107	136	0	5	0.3325	134.0	670.0	0.0
4108	272	0	5	0.6725	142.0	710.0	0.3333333333333333
4109	9	0	5	0.015	7.0	35.0	0.0
4110	312	0	5	0.7725	186.0	930.0	0.6666666666666666
4111	306	0	5	0.7575	256.6	1283.0	0.3333333333333333
4112	293	0	5	0.725	155.6	778.0	0.6666666666666666
4113	60	1	4	0.1475	44.8	224.0	1.0
4114	315	0	5	0.78	198.2	991.0	0.3333333333333333
4115	251	0	5	0.62	224.4	1122.0	0.6666666666666666
4116	182	0	5	0.4475	91.6	458.0	0.3333333333333333
4117	317	0	5	0.785	155.4	777.0	0.3333333333333333
4118	49	0	5	0.115	47.0	235.0	0.0
4119	341	0	5	0.845	169.4	847.0	0.6666666666666666
4120	115	0	5	0.28	97.4	487.0	0.3333333333333333
4121	378	0	5	0.9375	226.8	1134.0	0.6666666666666666
4122	343	0	5	0.85	260.8	1304.0	0.3333333333333333
4123	78	0	5	0.1875	76.0	380.0	0.0
4124	85	0	5	0.205	74.0	370.0	0.3333333333333333
4125	262	0	5	0.6475	129.4	647.0	0.6666666666666666
4126	266	0	5	0.6575	127.2	636.0	0.6666666666666666
4127	86	0	5	0.2075	50.0	250.0	0.3333333333333333
4128	320	0	5	0.7925	210.8	1054.0	0.6666666666666666
4129	249	0	5	0.615	214.6	1073.0	0.0
4130	249	0	5	0.615	246.6	1233.0	0.0
4131	253	1	4	0.63	105.2	526.0	1.0
4132	122	0	5	0.2975	120.0	600.0	0.0
4133	333	0	5	0.825	223.2	1116.0	0.6666666666666666
4134	41	0	5	0.095	39.0	195.0	0.0
4135	105	0	5	0.255	94.0	470.0	0.3333333333333333
4136	136	0	5	0.3325	104.4	522.0	0.0
4137	399	0	5	0.99	281.6	1408.0	0.6666666666666666
4138	147	0	5	0.36	101.8	509.0	0.3333333333333333
4139	269	0	5	0.665	129.6	648.0	0.6666666666666666
4140	296	0	5	0.7325	170.4	852.0	0.0
4141	281	0	5	0.695	196.8	984.0	0.6666666666666666
4142	23	0	5	0.05	21.0	105.0	0.0
4143	395	0	5	0.98	192.4	962.0	0.6666666666666666
4144	225	0	5	0.555	223.0	1115.0	0.0
4145	343	0	5	0.85	215.8	1079.0	0.3333333333333333
4146	229	0	5	0.565	205.4	1027.0	0.3333333333333333
4147	150	0	5	0.3675	70.0	350.0	0.3333333333333333
4148	349	0	5	0.865	235.2	1176.0	0.3333333333333333
4149	244	0	5	0.6025	122.4	612.0	0.3333333333333333
4150	85	0	5	0.205	59.0	295.0	0.3333333333333333
4151	147	0	5	0.36	92.2	461.0	0.0
4152	83	0	5	0.2	45.6	228.0	0.3333333333333333
4153	150	0	5	0.3675	107.2	536.0	0.0
4154	89	0	5	0.215	72.6	363.0	0.3333333333333333
4155	251	1	4	0.625	93.8	469.0	1.0
4156	260	0	5	0.6425	184.2	921.0	0.0
4157	68	0	5	0.1625	66.0	330.0	0.0
4158	89	0	5	0.215	70.2	351.0	0.3333333333333333
4159	100	0	5	0.2425	98.0	490.0	0.0
4160	331	1	4	0.825	97.4	487.0	1.0
4161	116	0	5	0.2825	109.8	549.0	0.0
4162	42	0	5	0.0975	24.2	121.0	0.3333333333333333
4163	348	0	5	0.8625	177.2	886.0	0.3333333333333333
4164	190	0	5	0.4675	158.4	792.0	0.3333333333333333
4165	130	0	5	0.3175	128.0	640.0	0.0
4166	38	0	5	0.0875	22.4	112.0	0.0
4167	218	0	5	0.5375	99.8	499.0	0.3333333333333333
4168	156	1	4	0.3875	70.6	353.0	1.0
4169	278	0	5	0.6875	217.2	1086.0	0.6666666666666666
4170	152	0	5	0.3725	111.6	558.0	0.3333333333333333
4171	170	0	5	0.4175	41.6	208.0	0.3333333333333333
4172	291	0	5	0.72	82.0	410.0	0.3333333333333333
4173	230	0	5	0.5675	199.8	999.0	0.0
4174	157	0	5	0.385	117.0	585.0	0.6666666666666666
4175	215	0	5	0.53	80.0	400.0	0.0
4176	156	0	5	0.3825	129.6	648.0	0.3333333333333333
4177	91	0	5	0.22	43.0	215.0	0.3333333333333333
4178	39	0	5	0.09	37.0	185.0	0.0
4179	203	0	5	0.5	144.0	720.0	0.6666666666666666
4180	192	0	5	0.4725	157.0	785.0	0.3333333333333333
4181	5	0	5	0.005	3.0	15.0	0.0
4182	83	0	5	0.2	43.6	218.0	0.3333333333333333
4183	223	0	5	0.55	180.6	903.0	0.3333333333333333
4184	235	0	5	0.58	184.2	921.0	0.3333333333333333
4185	237	0	5	0.585	201.8	1009.0	0.0
4186	18	0	5	0.0375	9.4	47.0	0.3333333333333333
4187	362	0	5	0.8975	137.6	688.0	0.6666666666666666
4188	32	0	5	0.0725	30.0	150.0	0.0
4189	15	0	5	0.03	13.0	65.0	0.0
4190	116	0	5	0.2825	79.2	396.0	0.3333333333333333
4191	227	0	5	0.56	186.2	931.0	0.6666666666666666
4192	323	1	4	0.805	219.6	1098.0	1.0
4193	247	0	5	0.61	149.8	749.0	0.3333333333333333
4194	11	0	5	0.02	9.0	45.0	0.0
4195	248	0	5	0.6125	178.0	890.0	0.0
4196	166	0	5	0.4075	76.4	382.0	0.3333333333333333
4197	44	0	5	0.1025	28.2	141.0	0.3333333333333333
4198	49	0	5	0.115	47.0	235.0	0.0
4199	393	0	5	0.975	269.2	1346.0	0.6666666666666666
4200	394	0	5	0.9775	236.0	1180.0	0.6666666666666666
4201	295	0	5	0.73	162.2	811.0	0.3333333333333333
4202	89	0	5	0.215	79.0	395.0	0.0
4203	176	0	5	0.4325	117.2	586.0	0.3333333333333333
4204	135	0	5	0.33	98.2	491.0	0.0
4205	273	0	5	0.675	113.0	565.0	0.3333333333333333
4206	236	0	5	0.5825	164.0	820.0	0.6666666666666666
4207	222	0	5	0.5475	113.0	565.0	0.6666666666666666
4208	259	0	5	0.64	152.6	763.0	0.0
4209	320	0	5	0.7925	158.2	791.0	0.6666666666666666
4210	202	0	5	0.4975	99.6	498.0	0.6666666666666666
4211	64	0	5	0.1525	60.8	304.0	0.0
4212	257	0	5	0.635	253.8	1269.0	0.3333333333333333
4213	257	0	5	0.635	140.8	704.0	0.6666666666666666
4214	153	0	5	0.375	115.8	579.0	0.0
4215	370	1	4	0.9225	271.2	1356.0	1.0
4216	128	0	5	0.3125	120.2	601.0	0.0
4217	210	0	5	0.5175	116.6	583.0	0.3333333333333333
4218	107	0	5	0.26	67.8	339.0	0.3333333333333333
4219	251	0	5	0.62	102.2	511.0	0.6666666666666666
4220	396	0	5	0.9825	85.2	426.0	0.6666666666666666
4221	205	0	5	0.505	81.8	409.0	0.3333333333333333
4222	176	0	5	0.4325	167.2	836.0	0.3333333333333333
4223	154	0	5	0.3775	43.2	216.0	0.3333333333333333
4224	296	0	5	0.7325	254.0	1270.0	0.3333333333333333
4225	306	1	4	0.7625	203.6	1018.0	1.0
4226	69	0	5	0.165	20.6	103.0	0.6666666666666666
4227	369	0	5	0.915	229.6	1148.0	0.3333333333333333
4228	176	0	5	0.4325	148.2	741.0	0.3333333333333333
4229	313	0	5	0.775	207.4	1037.0	0.6666666666666666
4230	339	0	5	0.84	89.0	445.0	0.3333333333333333
4231	122	0	5	0.2975	75.6	378.0	0.0
4232	195	0	5	0.48	128.0	640.0	0.6666666666666666
4233	267	0	5	0.66	86.2	431.0	0.6666666666666666
4234	176	0	5	0.4325	158.2	791.0	0.3333333333333333
4235	63	0	5	0.15	26.4	132.0	0.3333333333333333
4236	154	0	5	0.3775	92.4	462.0	0.6666666666666666
4237	401	0	5	0.995	257.0	1285.0	0.6666666666666666
4238	284	0	5	0.7025	282.0	1410.0	0.0
4239	21	0	5	0.045	19.0	95.0	0.0
4240	162	0	5	0.3975	160.0	800.0	0.0
4241	53	0	5	0.125	22.8	114.0	0.3333333333333333
4242	24	0	5	0.0525	22.0	110.0	0.0
4243	311	0	5	0.77	184.0	920.0	0.3333333333333333
4244	260	0	5	0.6425	162.8	814.0	0.3333333333333333
4245	51	0	5	0.12	49.0	245.0	0.0
4246	200	0	5	0.4925	198.0	990.0	0.3333333333333333
4247	386	0	5	0.9575	209.4	1047.0	0.6666666666666666
4248	155	0	5	0.38	134.6	673.0	0.3333333333333333
4249	151	0	5	0.37	149.0	745.0	0.0
4250	138	0	5	0.3375	136.0	680.0	0.0
4251	365	0	5	0.905	274.2	1371.0	0.3333333333333333
4252	253	0	5	0.625	249.2	1246.0	0.6666666666666666
4253	119	0	5	0.29	56.4	282.0	0.6666666666666666
4254	56	0	5	0.1325	45.2	226.0	0.0
4255	127	0	5	0.31	80.2	401.0	0.3333333333333333
4256	68	0	5	0.1625	25.2	126.0	0.6666666666666666
4257	345	1	4	0.86	245.6	1228.0	1.0
4258	93	0	5	0.225	43.0	215.0	0.6666666666666666
4259	129	0	5	0.315	127.0	635.0	0.0
4260	310	1	4	0.7725	63.6	318.0	1.0
4261	86	0	5	0.2075	84.0	420.0	0.0
4262	206	1	4	0.5125	59.2	296.0	1.0
4263	384	0	5	0.9525	106.8	534.0	0.6666666666666666
4264	186	0	5	0.4575	134.4	672.0	0.3333333333333333
4265	58	0	5	0.1375	56.0	280.0	0.0
4266	131	0	5	0.32	125.0	625.0	0.0
4267	51	0	5	0.12	35.4	177.0	0.3333333333333333
4268	156	0	5	0.3825	62.2	311.0	0.6666666666666666
4269	334	0	5	0.8275	243.4	1217.0	0.6666666666666666
4270	386	1	4	0.9625	328.0	1640.0	1.0
4271	151	0	5	0.37	120.6	603.0	0.3333333333333333
4272	6	0	5	0.0075	4.0	20.0	0.0
4273	311	0	5	0.77	207.4	1037.0	0.3333333333333333
4274	171	0	5	0.42	69.0	345.0	0.6666666666666666
4275	307	0	5	0.76	130.0	650.0	0.6666666666666666
4276	168	0	5	0.4125	105.2	526.0	0.6666666666666666
4277	154	0	5	0.3775	83.2	416.0	0.0
4278	384	1	4	0.9575	128.0	640.0	1.0
4279	28	0	5	0.0625	18.8	94.0	0.0
4280	219	0	5	0.54	187.0	935.0	0.3333333333333333
4281	365	0	5	0.905	203.8	1019.0	0.6666666666666666
4282	323	0	5	0.8	136.8	684.0	0.6666666666666666
4283	234	0	5	0.5775	232.0	1160.0	0.0
4284	114	0	5	0.2775	63.4	317.0	0.3333333333333333
4285	266	0	5	0.6575	197.6	988.0	0.6666666666666666
4286	236	0	5	0.5825	207.0	1035.0	0.3333333333333333
4287	181	0	5	0.445	128.4	642.0	0.6666666666666666
4288	272	0	5	0.6725	115.8	579.0	0.3333333333333333
4289	126	0	5	0.3075	41.6	208.0	0.3333333333333333
4290	5	0	5	0.005	3.0	15.0	0.0
4291	41	0	5	0.095	26.4	132.0	0.3333333333333333
4292	235	0	5	0.58	209.0	1045.0	0.3333333333333333
4293	192	0	5	0.4725	92.8	464.0	0.6666666666666666
4294	200	0	5	0.4925	135.0	675.0	0.3333333333333333
4295	313	0	5	0.775	126.2	631.0	0.6666666666666666
4296	386	0	5	0.9575	261.6	1308.0	0.6666666666666666
4297	61	0	5	0.145	59.0	295.0	0.0
4298	332	0	5	0.8225	115.0	575.0	0.6666666666666666
4299	15	0	5	0.03	13.0	65.0	0.0
4300	346	0	5	0.8575	306.8	1534.0	0.6666666666666666
4301	198	0	5	0.4875	165.0	825.0	0.3333333333333333
4302	104	0	5	0.2525	54.4	272.0	0.0
4303	278	0	5	0.6875	216.4	1082.0	0.3333333333333333
4304	374	1	4	0.9325	273.0	1365.0	1.0
4305	296	0	5	0.7325	129.6	648.0	0.0
4306	319	1	4	0.795	197.4	987.0	1.0
4307	137	0	5	0.335	122.0	610.0	0.3333333333333333
4308	67	0	5	0.16	65.0	325.0	0.0
4309	226	0	5	0.5575	124.0	620.0	0.6666666666666666
4310	251	0	5	0.62	181.8	909.0	0.3333333333333333
4311	276	1	4	0.6875	203.6	1018.0	1.0
4312	351	1	4	0.875	279.8	1399.0	1.0
4313	119	0	5	0.29	101.4	507.0	0.0
4314	388	1	4	0.9675	189.2	946.0	1.0
4315	212	0	5	0.5225	176.0	880.0	0.3333333333333333
4316	167	0	5	0.41	165.0	825.0	0.0
4317	205	0	5	0.505	201.8	1009.0	0.3333333333333333
4318	304	0	5	0.7525	197.4	987.0	0.3333333333333333
4319	370	1	4	0.9225	137.6	688.0	1.0
4320	23	0	5	0.05	21.0	105.0	0.0
4321	304	0	5	0.7525	121.0	605.0	0.6666666666666666
4322	239	0	5	0.59	106.0	530.0	0.6666666666666666
4323	209	0	5	0.515	160.0	800.0	0.6666666666666666
4324	45	0	5	0.105	21.4	107.0	0.3333333333333333
4325	322	0	5	0.7975	172.0	860.0	0.3333333333333333
4326	20	0	5	0.0425	11.6	58.0	0.0
4327	149	0	5	0.365	104.4	522.0	0.6666666666666666
4328	73	0	5	0.175	71.0	355.0	0.0
4329	199	0	5	0.49	179.2	896.0	0.3333333333333333
4330	46	0	5	0.1075	44.0	220.0	0.0
4331	400	1	4	0.9975	142.4	712.0	1.0
4332	280	1	4	0.6975	151.6	758.0	1.0
4333	396	1	4	0.9875	278.2	1391.0	1.0
4334	96	0	5	0.2325	19.4	97.0	0.3333333333333333
4335	208	0	5	0.5125	133.6	668.0	0.6666666666666666
4336	157	0	5	0.385	112.2	561.0	0.6666666666666666
4337	115	0	5	0.28	104.6	523.0	0.3333333333333333
4338	378	0	5	0.9375	92.8	464.0	0.6666666666666666
4339	326	0	5	0.8075	101.8	509.0	0.6666666666666666
4340	22	0	5	0.0475	9.8	49.0	0.0
4341	189	0	5	0.465	134.4	672.0	0.3333333333333333
4342	222	0	5	0.5475	106.0	530.0	0.3333333333333333
4343	323	0	5	0.8	120.6	603.0	0.6666666666666666
4344	129	0	5	0.315	59.8	299.0	0.3333333333333333
4345	236	0	5	0.5825	116.4	582.0	0.3333333333333333
4346	359	0	5	0.89	163.4	817.0	0.6666666666666666
4347	188	0	5	0.4625	48.4	242.0	0.3333333333333333
4348	291	0	5	0.72	174.2	871.0	0.3333333333333333
4349	83	0	5	0.2	71.8	359.0	0.3333333333333333
4350	343	1	4	0.855	189.2	946.0	1.0
4351	343	0	5	0.85	174.0	870.0	0.6666666666666666
4352	141	0	5	0.345	92.6	463.0	0.3333333333333333
4353	154	0	5	0.3775	33.6	168.0	0.3333333333333333
4354	183	0	5	0.45	173.4	867.0	0.3333333333333333
4355	301	0	5	0.745	258.6	1293.0	0.0
4356	227	0	5	0.56	114.6	573.0	0.6666666666666666
4357	251	0	5	0.62	202.2	1011.0	0.3333333333333333
4358	235	0	5	0.58	143.4	717.0	0.3333333333333333
4359	191	0	5	0.47	189.0	945.0	0.0
4360	378	1	4	0.9425	157.6	788.0	1.0
4361	198	0	5	0.4875	96.4	482.0	0.0
4362	310	0	5	0.7675	174.8	874.0	0.3333333333333333
4363	280	0	5	0.6925	91.2	456.0	0.6666666666666666
4364	152	0	5	0.3725	146.8	734.0	0.3333333333333333
4365	58	0	5	0.1375	42.4	212.0	0.3333333333333333
4366	128	0	5	0.3125	122.0	610.0	0.0
4367	198	0	5	0.4875	110.6	553.0	0.0
4368	117	0	5	0.285	95.0	475.0	0.3333333333333333
4369	160	0	5	0.3925	127.2	636.0	0.3333333333333333
4370	86	0	5	0.2075	64.8	324.0	0.0
4371	10	0	5	0.0175	7.6	38.0	0.0
4372	340	0	5	0.8425	264.0	1320.0	0.6666666666666666
4373	330	0	5	0.8175	250.0	1250.0	0.3333333333333333
4374	243	0	5	0.6	86.6	433.0	0.6666666666666666
4375	67	0	5	0.16	49.8	249.0	0.3333333333333333
4376	160	0	5	0.3925	105.6	528.0	0.6666666666666666
4377	162	0	5	0.3975	132.2	661.0	0.6666666666666666
4378	269	0	5	0.665	188.2	941.0	0.3333333333333333
4379	158	0	5	0.3875	146.0	730.0	0.3333333333333333
4380	279	1	4	0.695	198.4	992.0	1.0
4381	340	0	5	0.8425	160.4	802.0	0.6666666666666666
4382	229	0	5	0.565	148.6	743.0	0.3333333333333333
4383	280	0	5	0.6925	208.2	1041.0	0.6666666666666666
4384	160	0	5	0.3925	94.4	472.0	0.6666666666666666
4385	89	0	5	0.215	83.0	415.0	0.3333333333333333
4386	107	0	5	0.26	90.6	453.0	0.3333333333333333
4387	96	0	5	0.2325	64.0	320.0	0.0
4388	132	0	5	0.3225	96.4	482.0	0.3333333333333333
4389	163	0	5	0.4	45.0	225.0	0.0
4390	180	0	5	0.4425	73.2	366.0	0.3333333333333333
4391	155	0	5	0.38	105.0	525.0	0.3333333333333333
4392	193	0	5	0.475	191.0	955.0	0.0
4393	24	0	5	0.0525	22.0	110.0	0.0
4394	194	0	5	0.4775	58.2	291.0	0.6666666666666666
4395	24	0	5	0.0525	22.0	110.0	0.0
4396	101	0	5	0.245	27.0	135.0	0.3333333333333333
4397	191	0	5	0.47	68.6	343.0	0.3333333333333333
4398	328	1	4	0.8175	274.8	1374.0	1.0
4399	21	0	5	0.045	18.2	91.0	0.0
4400	389	1	4	0.97	243.0	1215.0	1.0
4401	108	0	5	0.2625	49.0	245.0	0.3333333333333333
4402	174	0	5	0.4275	84.8	424.0	0.3333333333333333
4403	168	0	5	0.4125	166.0	830.0	0.0
4404	389	0	5	0.965	236.2	1181.0	0.6666666666666666
4405	64	0	5	0.1525	62.0	310.0	0.0
4406	250	0	5	0.6175	128.0	640.0	0.0
4407	249	0	5	0.615	58.2	291.0	0.3333333333333333
4408	230	0	5	0.5675	100.0	500.0	0.3333333333333333
4409	272	0	5	0.6725	200.0	1000.0	0.3333333333333333
4410	398	0	5	0.9875	183.8	919.0	0.6666666666666666
4411	395	0	5	0.98	243.4	1217.0	0.6666666666666666
4412	227	0	5	0.56	203.8	1019.0	0.0
4413	69	0	5	0.165	52.6	263.0	0.3333333333333333
4414	30	0	5	0.0675	26.8	134.0	0.3333333333333333
4415	388	1	4	0.9675	168.8	844.0	1.0
4416	90	0	5	0.2175	88.0	440.0	0.0
4417	296	0	5	0.7325	234.0	1170.0	0.3333333333333333
4418	224	0	5	0.5525	151.0	755.0	0.6666666666666666
4419	285	0	5	0.705	192.2	961.0	0.6666666666666666
4420	20	0	5	0.0425	18.0	90.0	0.0
4421	233	0	5	0.575	142.2	711.0	0.3333333333333333
4422	199	1	4	0.495	120.4	602.0	1.0
4423	40	0	5	0.0925	32.4	162.0	0.0
4424	283	0	5	0.7	248.8	1244.0	0.3333333333333333
4425	22	0	5	0.0475	20.0	100.0	0.0
4426	257	0	5	0.635	105.0	525.0	0.3333333333333333
4427	66	0	5	0.1575	55.8	279.0	0.3333333333333333
4428	381	0	5	0.945	243.4	1217.0	0.6666666666666666
4429	369	1	4	0.92	280.2	1401.0	1.0
4430	207	0	5	0.51	113.2	566.0	0.0
4431	355	0	5	0.88	191.6	958.0	0.3333333333333333
4432	142	0	5	0.3475	48.2	241.0	0.3333333333333333
4433	384	1	4	0.9575	183.4	917.0	1.0
4434	69	0	5	0.165	57.4	287.0	0.0
4435	49	0	5	0.115	47.0	235.0	0.0
4436	149	0	5	0.365	116.6	583.0	0.3333333333333333
4437	19	0	5	0.04	17.0	85.0	0.0
4438	315	0	5	0.78	155.4	777.0	0.6666666666666666
4439	276	0	5	0.6825	168.0	840.0	0.6666666666666666
4440	180	0	5	0.4425	86.8	434.0	0.3333333333333333
4441	224	0	5	0.5525	112.2	561.0	0.3333333333333333
4442	374	0	5	0.9275	285.0	1425.0	0.6666666666666666
4443	167	0	5	0.41	119.8	599.0	0.0
4444	138	0	5	0.3375	124.8	624.0	0.0
4445	26	0	5	0.0575	24.0	120.0	0.0
4446	165	0	5	0.405	75.8	379.0	0.3333333333333333
4447	131	0	5	0.32	126.0	630.0	0.3333333333333333
4448	53	0	5	0.125	51.0	255.0	0.0
4449	375	0	5	0.93	202.6	1013.0	0.6666666666666666
4450	261	0	5	0.645	215.2	1076.0	0.3333333333333333
4451	295	0	5	0.73	187.4	937.0	0.6666666666666666
4452	59	0	5	0.14	53.8	269.0	0.3333333333333333
4453	18	0	5	0.0375	16.0	80.0	0.0
4454	330	1	4	0.8225	190.0	950.0	1.0
4455	355	0	5	0.88	228.6	1143.0	0.6666666666666666
4456	191	0	5	0.47	66.4	332.0	0.3333333333333333
4457	20	0	5	0.0425	18.0	90.0	0.0
4458	280	1	4	0.6975	82.0	410.0	1.0
4459	83	0	5	0.2	81.0	405.0	0.0
4460	155	0	5	0.38	86.4	432.0	0.3333333333333333
4461	310	1	4	0.7725	213.2	1066.0	1.0
4462	80	0	5	0.1925	32.8	164.0	0.3333333333333333
4463	3	0	5	0.0025	0.2	1.0	0.3333333333333333
4464	361	0	5	0.895	162.6	813.0	0.3333333333333333
4465	377	0	5	0.935	166.4	832.0	0.6666666666666666
4466	301	0	5	0.745	148.4	742.0	0.3333333333333333
4467	277	0	5	0.685	275.0	1375.0	0.0
4468	365	0	5	0.905	299.6	1498.0	0.3333333333333333
4469	302	0	5	0.7475	157.0	785.0	0.3333333333333333
4470	375	1	4	0.935	195.0	975.0	1.0
4471	240	0	5	0.5925	139.6	698.0	0.3333333333333333
4472	69	0	5	0.165	67.0	335.0	0.0
4473	108	0	5	0.2625	68.8	344.0	0.0
4474	159	0	5	0.39	88.2	441.0	0.0
4475	31	0	5	0.07	21.4	107.0	0.3333333333333333
4476	358	0	5	0.8875	182.0	910.0	0.6666666666666666
4477	151	1	4	0.375	94.6	473.0	1.0
4478	47	0	5	0.11	33.8	169.0	0.0
4479	274	0	5	0.6775	195.8	979.0	0.3333333333333333
4480	298	0	5	0.7375	264.8	1324.0	0.3333333333333333
4481	100	0	5	0.2425	62.4	312.0	0.3333333333333333
4482	107	0	5	0.26	81.0	405.0	0.3333333333333333
4483	36	0	5	0.0825	34.0	170.0	0.0
4484	371	0	5	0.92	260.4	1302.0	0.3333333333333333
4485	253	0	5	0.625	91.0	455.0	0.0
4486	262	1	4	0.6525	174.0	870.0	1.0
4487	169	0	5	0.415	117.8	589.0	0.6666666666666666
4488	52	0	5	0.1225	11.6	58.0	0.3333333333333333
4489	316	1	4	0.7875	96.8	484.0	1.0
4490	69	0	5	0.165	63.0	315.0	0.3333333333333333
4491	74	0	5	0.1775	72.0	360.0	0.0
4492	276	0	5	0.6825	211.6	1058.0	0.3333333333333333
4493	290	0	5	0.7175	91.4	457.0	0.6666666666666666
4494	193	0	5	0.475	178.4	892.0	0.3333333333333333
4495	84	0	5	0.2025	53.6	268.0	0.3333333333333333
4496	61	0	5	0.145	45.2	226.0	0.6666666666666666
4497	338	0	5	0.8375	319.2	1596.0	0.6666666666666666
4498	301	0	5	0.745	171.2	856.0	0.6666666666666666
4499	209	0	5	0.515	184.6	923.0	0.3333333333333333
4500	345	1	4	0.86	108.2	541.0	1.0
4501	336	0	5	0.8325	126.0	630.0	0.6666666666666666
4502	159	0	5	0.39	69.4	347.0	0.6666666666666666
4503	241	0	5	0.595	217.4	1087.0	0.3333333333333333
4504	360	0	5	0.8925	261.6	1308.0	0.6666666666666666
4505	335	0	5	0.83	228.6	1143.0	0.6666666666666666
4506	264	0	5	0.6525	138.0	690.0	0.3333333333333333
4507	303	0	5	0.75	146.6	733.0	0.3333333333333333
4508	258	0	5	0.6375	146.4	732.0	0.6666666666666666
4509	380	1	4	0.9475	121.6	608.0	1.0
4510	236	0	5	0.5825	159.6	798.0	0.3333333333333333
4511	3	0	5	0.0025	0.2	1.0	0.3333333333333333
4512	107	0	5	0.26	57.8	289.0	0.3333333333333333
4513	16	0	5	0.0325	14.0	70.0	0.0
4514	155	0	5	0.38	106.2	531.0	0.3333333333333333
4515	286	0	5	0.7075	167.2	836.0	0.6666666666666666
4516	196	1	4	0.4875	62.4	312.0	1.0
4517	80	0	5	0.1925	74.8	374.0	0.0
4518	314	0	5	0.7775	212.6	1063.0	0.3333333333333333
4519	237	0	5	0.585	116.6	583.0	0.3333333333333333
4520	172	0	5	0.4225	69.8	349.0	0.0
4521	86	0	5	0.2075	64.0	320.0	0.3333333333333333
4522	336	0	5	0.8325	215.4	1077.0	0.6666666666666666
4523	323	0	5	0.8	140.4	702.0	0.6666666666666666
4524	16	0	5	0.0325	14.0	70.0	0.0
4525	336	0	5	0.8325	253.6	1268.0	0.6666666666666666
4526	2	0	5	0.0	0.0	0.0	0.0
4527	243	0	5	0.6	124.0	620.0	0.6666666666666666
4528	341	1	4	0.85	147.4	737.0	1.0
4529	348	0	5	0.8625	110.2	551.0	0.3333333333333333
4530	254	0	5	0.6275	155.6	778.0	0.6666666666666666
4531	187	0	5	0.46	125.0	625.0	0.3333333333333333
4532	318	0	5	0.7875	170.2	851.0	0.6666666666666666
4533	139	0	5	0.34	137.0	685.0	0.0
4534	237	0	5	0.585	132.4	662.0	0.3333333333333333
4535	101	0	5	0.245	45.0	225.0	0.6666666666666666
4536	202	0	5	0.4975	200.0	1000.0	0.3333333333333333
4537	277	0	5	0.685	267.2	1336.0	0.3333333333333333
4538	248	0	5	0.6125	108.4	542.0	0.0
4539	9	0	5	0.015	7.0	35.0	0.0
4540	66	0	5	0.1575	64.0	320.0	0.0
4541	223	0	5	0.55	128.6	643.0	0.3333333333333333
4542	316	0	5	0.7825	105.2	526.0	0.6666666666666666
4543	316	1	4	0.7875	86.8	434.0	1.0
4544	296	0	5	0.7325	267.6	1338.0	0.6666666666666666
4545	164	0	5	0.4025	122.0	610.0	0.3333333333333333
4546	13	0	5	0.025	11.0	55.0	0.0
4547	156	0	5	0.3825	68.2	341.0	0.3333333333333333
4548	389	0	5	0.965	104.4	522.0	0.6666666666666666
4549	397	0	5	0.985	219.2	1096.0	0.6666666666666666
4550	116	0	5	0.2825	114.0	570.0	0.0
4551	38	0	5	0.0875	28.8	144.0	0.0
4552	180	0	5	0.4425	154.4	772.0	0.3333333333333333
4553	298	0	5	0.7375	218.8	1094.0	0.6666666666666666
4554	142	0	5	0.3475	130.0	650.0	0.0
4555	36	0	5	0.0825	30.0	150.0	0.0
4556	196	0	5	0.4825	98.0	490.0	0.6666666666666666
4557	278	0	5	0.6875	178.2	891.0	0.3333333333333333
4558	334	0	5	0.8275	247.0	1235.0	0.3333333333333333
4559	336	0	5	0.8325	112.8	564.0	0.6666666666666666
4560	240	1	4	0.5975	170.4	852.0	1.0
4561	11	0	5	0.02	9.0	45.0	0.0
4562	22	0	5	0.0475	20.0	100.0	0.0
4563	367	0	5	0.91	151.2	756.0	0.3333333333333333
4564	231	1	4	0.575	133.8	669.0	1.0
4565	91	0	5	0.22	48.4	242.0	0.3333333333333333
4566	381	0	5	0.945	281.6	1408.0	0.6666666666666666
4567	82	0	5	0.1975	64.0	320.0	0.3333333333333333
4568	252	1	4	0.6275	193.6	968.0	1.0
4569	61	0	5	0.145	54.2	271.0	0.0
4570	26	0	5	0.0575	24.0	120.0	0.0
4571	335	0	5	0.83	173.8	869.0	0.6666666666666666
4572	178	0	5	0.4375	151.0	755.0	0.0
4573	213	0	5	0.525	155.4	777.0	0.3333333333333333
4574	237	1	4	0.59	117.8	589.0	1.0
4575	67	0	5	0.16	40.4	202.0	0.3333333333333333
4576	233	0	5	0.575	193.2	966.0	0.0
4577	246	0	5	0.6075	127.8	639.0	0.6666666666666666
4578	319	0	5	0.79	248.2	1241.0	0.0
4579	64	0	5	0.1525	62.0	310.0	0.0
4580	76	0	5	0.1825	74.0	370.0	0.0
4581	286	0	5	0.7075	173.6	868.0	0.6666666666666666
4582	69	0	5	0.165	67.0	335.0	0.0
4583	322	1	4	0.8025	152.4	762.0	1.0
4584	241	0	5	0.595	154.8	774.0	0.6666666666666666
4585	148	0	5	0.3625	91.6	458.0	0.3333333333333333
4586	95	0	5	0.23	62.2	311.0	0.6666666666666666
4587	227	0	5	0.56	188.8	944.0	0.3333333333333333
4588	200	0	5	0.4925	107.8	539.0	0.3333333333333333
4589	11	0	5	0.02	9.0	45.0	0.0
4590	338	0	5	0.8375	254.4	1272.0	0.6666666666666666
4591	401	0	5	0.995	224.4	1122.0	0.6666666666666666
4592	277	0	5	0.685	234.8	1174.0	0.6666666666666666
4593	233	0	5	0.575	87.0	435.0	0.6666666666666666
4594	245	0	5	0.605	132.6	663.0	0.6666666666666666
4595	309	0	5	0.765	226.2	1131.0	0.3333333333333333
4596	29	0	5	0.065	27.0	135.0	0.0
4597	321	1	4	0.8	175.6	878.0	1.0
4598	207	0	5	0.51	101.8	509.0	0.6666666666666666
4599	205	0	5	0.505	90.0	450.0	0.3333333333333333
4600	33	0	5	0.075	31.0	155.0	0.0
4601	298	0	5	0.7375	238.6	1193.0	0.3333333333333333
4602	247	0	5	0.61	217.4	1087.0	0.3333333333333333
4603	190	0	5	0.4675	92.0	460.0	0.3333333333333333
4604	392	0	5	0.9725	141.0	705.0	0.6666666666666666
4605	328	1	4	0.8175	226.8	1134.0	1.0
4606	120	0	5	0.2925	72.4	362.0	0.0
4607	184	0	5	0.4525	144.8	724.0	0.3333333333333333
4608	258	0	5	0.6375	207.2	1036.0	0.3333333333333333
4609	378	0	5	0.9375	286.0	1430.0	0.6666666666666666
4610	361	0	5	0.895	231.0	1155.0	0.6666666666666666
4611	70	0	5	0.1675	57.6	288.0	0.0
4612	232	0	5	0.5725	83.8	419.0	0.3333333333333333
4613	192	0	5	0.4725	153.4	767.0	0.0
4614	276	0	5	0.6825	239.6	1198.0	0.3333333333333333
4615	261	0	5	0.645	127.0	635.0	0.3333333333333333
4616	166	0	5	0.4075	164.0	820.0	0.0
4617	397	1	3	0.99	331.8	1659.0	1.0
4618	356	1	4	0.8875	218.0	1090.0	1.0
4619	227	0	5	0.56	73.0	365.0	0.6666666666666666
4620	168	0	5	0.4125	77.4	387.0	0.6666666666666666
4621	221	0	5	0.545	137.8	689.0	0.6666666666666666
4622	166	0	5	0.4075	164.0	820.0	0.0
4623	255	0	5	0.63	149.6	748.0	0.6666666666666666
4624	340	0	5	0.8425	112.8	564.0	0.6666666666666666
4625	361	0	5	0.895	247.2	1236.0	0.6666666666666666
4626	57	0	5	0.135	29.2	146.0	0.3333333333333333
4627	309	1	4	0.77	101.8	509.0	1.0
4628	265	0	5	0.655	80.4	402.0	0.6666666666666666
4629	330	1	4	0.8225	93.2	466.0	1.0
4630	155	0	5	0.38	99.8	499.0	0.3333333333333333
4631	315	0	5	0.78	200.6	1003.0	0.6666666666666666
4632	133	0	5	0.325	131.0	655.0	0.0
4633	99	0	5	0.24	97.0	485.0	0.0
4634	311	0	5	0.77	243.2	1216.0	0.6666666666666666
4635	111	0	5	0.27	84.4	422.0	0.3333333333333333
4636	121	0	5	0.295	88.6	443.0	0.0
4637	393	1	4	0.98	164.6	823.0	1.0
4638	229	0	5	0.565	63.8	319.0	0.3333333333333333
4639	316	0	5	0.7825	100.4	502.0	0.3333333333333333
4640	95	0	5	0.23	93.0	465.0	0.0
4641	389	1	4	0.97	165.0	825.0	1.0
4642	173	0	5	0.425	111.4	557.0	0.3333333333333333
4643	360	0	5	0.8925	288.4	1442.0	0.6666666666666666
4644	93	0	5	0.225	63.4	317.0	0.3333333333333333
4645	386	0	5	0.9575	175.4	877.0	0.6666666666666666
4646	8	0	5	0.0125	6.0	30.0	0.0
4647	132	0	5	0.3225	130.0	650.0	0.0
4648	189	0	5	0.465	144.8	724.0	0.3333333333333333
4649	236	0	5	0.5825	141.2	706.0	0.6666666666666666
4650	370	1	4	0.9225	147.0	735.0	1.0
4651	270	0	5	0.6675	141.6	708.0	0.3333333333333333
4652	114	0	5	0.2775	102.8	514.0	0.3333333333333333
4653	253	0	5	0.625	129.8	649.0	0.3333333333333333
4654	188	0	5	0.4625	116.0	580.0	0.6666666666666666
4655	258	0	5	0.6375	159.0	795.0	0.3333333333333333
4656	8	0	5	0.0125	6.0	30.0	0.0
4657	331	1	4	0.825	226.2	1131.0	1.0
4658	293	0	5	0.725	138.6	693.0	0.6666666666666666
4659	120	0	5	0.2925	118.0	590.0	0.0
4660	232	0	5	0.5725	230.0	1150.0	0.0
4661	203	1	4	0.505	124.6	623.0	1.0
4662	193	0	5	0.475	132.4	662.0	0.3333333333333333
4663	331	0	5	0.82	78.6	393.0	0.6666666666666666
4664	248	0	5	0.6125	130.6	653.0	0.6666666666666666
4665	234	0	5	0.5775	68.8	344.0	0.6666666666666666
4666	327	0	5	0.81	279.4	1397.0	0.6666666666666666
4667	46	0	5	0.1075	29.8	149.0	0.6666666666666666
4668	204	0	5	0.5025	157.2	786.0	0.0
4669	244	0	5	0.6025	80.2	401.0	0.3333333333333333
4670	312	0	5	0.7725	114.4	572.0	0.3333333333333333
4671	188	0	5	0.4625	60.0	300.0	0.3333333333333333
4672	231	0	5	0.57	154.6	773.0	0.6666666666666666
4673	351	0	5	0.87	270.6	1353.0	0.6666666666666666
4674	41	0	5	0.095	39.0	195.0	0.0
4675	108	0	5	0.2625	106.0	530.0	0.0
4676	259	0	5	0.64	132.8	664.0	0.3333333333333333
4677	258	0	5	0.6375	79.4	397.0	0.3333333333333333
4678	386	0	5	0.9575	144.4	722.0	0.6666666666666666
4679	301	0	5	0.745	244.6	1223.0	0.6666666666666666
4680	152	0	5	0.3725	94.2	471.0	0.0
4681	94	0	5	0.2275	64.0	320.0	0.0
4682	160	0	5	0.3925	59.6	298.0	0.3333333333333333
4683	214	0	5	0.5275	127.8	639.0	0.6666666666666666
4684	172	0	5	0.4225	84.8	424.0	0.3333333333333333
4685	337	0	5	0.835	256.8	1284.0	0.6666666666666666
4686	319	0	5	0.79	204.2	1021.0	0.3333333333333333
4687	230	0	5	0.5675	187.4	937.0	0.3333333333333333
4688	245	0	5	0.605	168.4	842.0	0.6666666666666666
4689	327	0	5	0.81	166.8	834.0	0.6666666666666666
4690	184	0	5	0.4525	104.8	524.0	0.3333333333333333
4691	197	0	5	0.485	159.4	797.0	0.0
4692	123	0	5	0.3	44.4	222.0	0.3333333333333333
4693	330	1	4	0.8225	90.8	454.0	1.0
4694	26	0	5	0.0575	14.6	73.0	0.3333333333333333
4695	392	1	4	0.9775	319.2	1596.0	1.0
4696	257	0	5	0.635	159.0	795.0	0.3333333333333333
4697	350	0	5	0.8675	217.2	1086.0	0.6666666666666666
4698	63	0	5	0.15	35.2	176.0	0.3333333333333333
4699	254	0	5	0.6275	174.2	871.0	0.6666666666666666
4700	92	0	5	0.2225	68.0	340.0	0.0
4701	208	0	5	0.5125	169.0	845.0	0.0
4702	12	0	5	0.0225	10.0	50.0	0.0
4703	31	0	5	0.07	23.0	115.0	0.0
4704	285	0	5	0.705	99.8	499.0	0.0
4705	215	0	5	0.53	125.4	627.0	0.3333333333333333
4706	155	0	5	0.38	134.2	671.0	0.3333333333333333
4707	388	1	4	0.9675	217.0	1085.0	1.0
4708	83	0	5	0.2	40.4	202.0	0.3333333333333333
4709	305	0	5	0.755	206.0	1030.0	0.6666666666666666
4710	264	0	5	0.6525	65.2	326.0	0.6666666666666666
4711	248	0	5	0.6125	246.0	1230.0	0.3333333333333333
4712	209	0	5	0.515	110.2	551.0	0.6666666666666666
4713	162	0	5	0.3975	91.6	458.0	0.3333333333333333
4714	105	0	5	0.255	59.0	295.0	0.0
4715	242	0	5	0.5975	211.0	1055.0	0.3333333333333333
4716	311	0	5	0.77	112.4	562.0	0.6666666666666666
4717	64	0	5	0.1525	44.8	224.0	0.3333333333333333
4718	298	0	5	0.7375	265.2	1326.0	0.6666666666666666
4719	25	0	5	0.055	23.0	115.0	0.0
4720	18	0	5	0.0375	16.0	80.0	0.0
4721	269	0	5	0.665	175.2	876.0	0.6666666666666666
4722	236	0	5	0.5825	157.6	788.0	0.6666666666666666
4723	335	1	4	0.835	148.2	741.0	1.0
4724	254	0	5	0.6275	172.6	863.0	0.6666666666666666
4725	312	0	5	0.7725	234.2	1171.0	0.6666666666666666
4726	150	0	5	0.3675	100.8	504.0	0.3333333333333333
4727	288	0	5	0.7125	94.0	470.0	0.3333333333333333
4728	72	0	5	0.1725	65.4	327.0	0.3333333333333333
4729	304	0	5	0.7525	196.4	982.0	0.6666666666666666
4730	368	0	5	0.9125	98.8	494.0	0.6666666666666666
4731	152	0	5	0.3725	119.8	599.0	0.3333333333333333
4732	58	0	5	0.1375	56.0	280.0	0.0
4733	220	0	5	0.5425	107.0	535.0	0.3333333333333333
4734	198	0	5	0.4875	168.2	841.0	0.6666666666666666
4735	42	0	5	0.0975	37.2	186.0	0.0
4736	167	0	5	0.41	164.2	821.0	0.3333333333333333
4737	44	0	5	0.1025	42.0	210.0	0.0
4738	222	0	5	0.5475	194.8	974.0	0.0
4739	2	0	5	0.0	0.0	0.0	0.0
4740	81	0	5	0.195	66.2	331.0	0.3333333333333333
4741	258	0	5	0.6375	179.4	897.0	0.6666666666666666
4742	341	0	5	0.845	109.6	548.0	0.6666666666666666
4743	153	0	5	0.375	146.2	731.0	0.3333333333333333
4744	128	0	5	0.3125	87.0	435.0	0.3333333333333333
4745	201	0	5	0.495	199.0	995.0	0.0
4746	143	0	5	0.35	87.4	437.0	0.6666666666666666
4747	190	0	5	0.4675	151.8	759.0	0.3333333333333333
4748	58	0	5	0.1375	56.0	280.0	0.0
4749	376	0	5	0.9325	221.2	1106.0	0.3333333333333333
4750	324	1	3	0.8075	153.2	766.0	1.0
4751	87	0	5	0.21	85.0	425.0	0.0
4752	183	0	5	0.45	49.8	249.0	0.6666666666666666
4753	205	0	5	0.505	59.4	297.0	0.3333333333333333
4754	305	0	5	0.755	167.0	835.0	0.3333333333333333
4755	367	1	4	0.915	146.2	731.0	1.0
4756	258	0	5	0.6375	170.4	852.0	0.6666666666666666
4757	388	0	5	0.9625	208.0	1040.0	0.6666666666666666
4758	228	0	5	0.5625	215.6	1078.0	0.0
4759	143	0	5	0.35	32.2	161.0	0.3333333333333333
4760	197	0	5	0.485	175.8	879.0	0.3333333333333333
4761	242	0	5	0.5975	103.2	516.0	0.6666666666666666
4762	199	0	5	0.49	193.6	968.0	0.6666666666666666
4763	306	0	5	0.7575	89.4	447.0	0.3333333333333333
4764	268	0	5	0.6625	239.8	1199.0	0.0
4765	337	0	5	0.835	86.6	433.0	0.6666666666666666
4766	327	0	5	0.81	274.8	1374.0	0.3333333333333333
4767	159	0	5	0.39	134.2	671.0	0.0
4768	189	0	5	0.465	101.8	509.0	0.3333333333333333
4769	241	0	5	0.595	185.4	927.0	0.6666666666666666
4770	192	0	5	0.4725	127.4	637.0	0.6666666666666666
4771	293	0	5	0.725	169.2	846.0	0.3333333333333333
4772	285	0	5	0.705	124.6	623.0	0.3333333333333333
4773	371	1	4	0.925	259.4	1297.0	1.0
4774	261	0	5	0.645	121.6	608.0	0.6666666666666666
4775	273	0	5	0.675	134.4	672.0	0.3333333333333333
4776	137	0	5	0.335	75.0	375.0	0.3333333333333333
4777	90	0	5	0.2175	87.2	436.0	0.3333333333333333
4778	59	0	5	0.14	57.0	285.0	0.0
4779	202	0	5	0.4975	177.4	887.0	0.6666666666666666
4780	263	0	5	0.65	206.2	1031.0	0.3333333333333333
4781	175	0	5	0.43	173.0	865.0	0.3333333333333333
4782	318	0	5	0.7875	303.2	1516.0	0.0
4783	302	0	5	0.7475	248.8	1244.0	0.6666666666666666
4784	217	0	5	0.535	161.4	807.0	0.3333333333333333
4785	260	0	5	0.6425	250.6	1253.0	0.0
4786	132	0	5	0.3225	86.0	430.0	0.3333333333333333
4787	372	0	5	0.9225	207.6	1038.0	0.6666666666666666
4788	142	0	5	0.3475	105.4	527.0	0.3333333333333333
4789	235	0	5	0.58	203.4	1017.0	0.0
4790	303	0	5	0.75	74.6	373.0	0.3333333333333333
4791	328	0	5	0.8125	166.8	834.0	0.6666666666666666
4792	54	0	5	0.1275	43.2	216.0	0.0
4793	396	0	5	0.9825	175.0	875.0	0.6666666666666666
4794	127	0	5	0.31	125.0	625.0	0.0
4795	165	0	5	0.405	127.0	635.0	0.3333333333333333
4796	189	0	5	0.465	157.0	785.0	0.3333333333333333
4797	255	0	5	0.63	181.0	905.0	0.3333333333333333
4798	31	0	5	0.07	29.0	145.0	0.0
4799	46	0	5	0.1075	28.4	142.0	0.3333333333333333
4800	217	0	5	0.535	105.8	529.0	0.3333333333333333
4801	40	0	5	0.0925	38.0	190.0	0.0
4802	307	1	4	0.765	148.0	740.0	1.0
4803	242	0	5	0.5975	129.6	648.0	0.3333333333333333
4804	160	0	5	0.3925	125.2	626.0	0.3333333333333333
4805	366	0	5	0.9075	81.6	408.0	0.6666666666666666
4806	72	0	5	0.1725	70.0	350.0	0.3333333333333333
4807	19	0	5	0.04	17.0	85.0	0.0
4808	326	0	5	0.8075	261.6	1308.0	0.3333333333333333
4809	256	0	5	0.6325	158.0	790.0	0.6666666666666666
4810	314	1	4	0.7825	136.0	680.0	1.0
4811	356	0	5	0.8825	137.0	685.0	0.6666666666666666
4812	18	0	5	0.0375	16.0	80.0	0.0
4813	107	0	5	0.26	89.8	449.0	0.3333333333333333
4814	70	0	5	0.1675	56.4	282.0	0.3333333333333333
4815	261	0	5	0.645	127.0	635.0	0.3333333333333333
4816	390	1	4	0.9725	272.0	1360.0	1.0
4817	41	0	5	0.095	35.4	177.0	0.0
4818	117	0	5	0.285	73.0	365.0	0.3333333333333333
4819	292	0	5	0.7225	215.6	1078.0	0.6666666666666666
4820	327	0	5	0.81	101.8	509.0	0.3333333333333333
4821	243	0	5	0.6	211.0	1055.0	0.3333333333333333
4822	243	0	5	0.6	89.8	449.0	0.6666666666666666
4823	401	0	4	0.9975	290.0	1450.0	0.6666666666666666
4824	248	0	5	0.6125	158.0	790.0	0.0
4825	162	0	5	0.3975	70.0	350.0	0.0
4826	215	0	5	0.53	171.4	857.0	0.3333333333333333
4827	42	0	5	0.0975	37.0	185.0	0.0
4828	214	0	5	0.5275	146.2	731.0	0.6666666666666666
4829	314	0	5	0.7775	134.4	672.0	0.6666666666666666
4830	30	0	5	0.0675	28.0	140.0	0.0
4831	113	0	5	0.275	87.0	435.0	0.0
4832	350	0	5	0.8675	188.0	940.0	0.3333333333333333
4833	268	0	5	0.6625	237.6	1188.0	0.0
4834	50	0	5	0.1175	17.6	88.0	0.6666666666666666
4835	122	0	5	0.2975	120.0	600.0	0.0
4836	401	0	4	0.9975	216.2	1081.0	0.6666666666666666
4837	201	0	5	0.495	199.0	995.0	0.0
4838	8	0	5	0.0125	6.0	30.0	0.0
4839	233	0	5	0.575	135.8	679.0	0.6666666666666666
4840	245	1	4	0.61	222.4	1112.0	1.0
4841	151	0	5	0.37	149.0	745.0	0.0
4842	168	0	5	0.4125	123.6	618.0	0.3333333333333333
4843	36	0	5	0.0825	34.0	170.0	0.0
4844	373	1	4	0.93	267.8	1339.0	1.0
4845	221	0	5	0.545	113.2	566.0	0.6666666666666666
4846	313	0	5	0.775	108.6	543.0	0.6666666666666666
4847	154	0	5	0.3775	111.8	559.0	0.3333333333333333
4848	351	1	4	0.875	163.0	815.0	1.0
4849	213	0	5	0.525	135.8	679.0	0.3333333333333333
4850	208	0	5	0.5125	197.6	988.0	0.0
4851	317	0	5	0.785	291.4	1457.0	0.0
4852	100	0	5	0.2425	62.6	313.0	0.3333333333333333
4853	354	0	5	0.8775	207.6	1038.0	0.6666666666666666
4854	105	0	5	0.255	103.0	515.0	0.0
4855	143	0	5	0.35	79.6	398.0	0.6666666666666666
4856	149	0	5	0.365	75.8	379.0	0.0
4857	134	0	5	0.3275	26.6	133.0	0.3333333333333333
4858	65	0	5	0.155	52.0	260.0	0.3333333333333333
4859	254	0	5	0.6275	186.6	933.0	0.6666666666666666
4860	290	0	5	0.7175	75.0	375.0	0.3333333333333333
4861	372	0	5	0.9225	205.8	1029.0	0.6666666666666666
4862	265	0	5	0.655	132.6	663.0	0.3333333333333333
4863	6	0	5	0.0075	4.0	20.0	0.0
4864	176	1	4	0.4375	107.4	537.0	1.0
4865	198	0	5	0.4875	185.2	926.0	0.3333333333333333
4866	232	0	5	0.5725	66.0	330.0	0.3333333333333333
4867	157	0	5	0.385	152.6	763.0	0.3333333333333333
4868	392	0	5	0.9725	286.0	1430.0	0.6666666666666666
4869	180	0	5	0.4425	151.8	759.0	0.3333333333333333
4870	359	1	4	0.895	220.6	1103.0	1.0
4871	367	0	5	0.91	200.2	1001.0	0.6666666666666666
4872	310	0	5	0.7675	147.2	736.0	0.6666666666666666
4873	138	0	5	0.3375	109.6	548.0	0.3333333333333333
4874	193	0	5	0.475	39.8	199.0	0.3333333333333333
4875	91	0	5	0.22	89.0	445.0	0.3333333333333333
4876	45	0	5	0.105	19.8	99.0	0.3333333333333333
4877	30	0	5	0.0675	28.0	140.0	0.0
4878	327	0	5	0.81	197.2	986.0	0.6666666666666666
4879	322	0	5	0.7975	132.0	660.0	0.6666666666666666
4880	65	0	5	0.155	63.0	315.0	0.0
4881	285	0	5	0.705	111.0	555.0	0.3333333333333333
4882	276	0	5	0.6825	168.6	843.0	0.6666666666666666
4883	349	0	5	0.865	199.4	997.0	0.3333333333333333
4884	54	0	5	0.1275	36.8	184.0	0.0
4885	369	0	5	0.915	139.2	696.0	0.3333333333333333
4886	46	0	5	0.1075	11.2	56.0	0.3333333333333333
4887	217	0	5	0.535	129.4	647.0	0.3333333333333333
4888	247	0	5	0.61	185.6	928.0	0.3333333333333333
4889	144	0	5	0.3525	49.2	246.0	0.3333333333333333
4890	130	0	5	0.3175	115.4	577.0	0.3333333333333333
4891	155	0	5	0.38	153.0	765.0	0.0
4892	12	0	5	0.0225	10.0	50.0	0.0
4893	173	0	5	0.425	171.0	855.0	0.0
4894	264	0	5	0.6525	218.8	1094.0	0.3333333333333333
4895	255	0	5	0.63	188.2	941.0	0.6666666666666666
4896	228	1	4	0.5675	108.8	544.0	1.0
4897	101	0	5	0.245	99.0	495.0	0.0
4898	311	0	5	0.77	230.6	1153.0	0.6666666666666666
4899	242	0	5	0.5975	89.6	448.0	0.3333333333333333
4900	43	0	5	0.1	34.4	172.0	0.0
4901	128	0	5	0.3125	105.2	526.0	0.3333333333333333
4902	389	0	5	0.965	267.0	1335.0	0.6666666666666666
4903	87	0	5	0.21	85.0	425.0	0.0
4904	102	0	5	0.2475	100.0	500.0	0.0
4905	318	0	5	0.7875	166.4	832.0	0.6666666666666666
4906	35	0	5	0.08	33.0	165.0	0.0
4907	211	1	4	0.525	85.6	428.0	1.0
4908	349	0	5	0.865	147.8	739.0	0.6666666666666666
4909	341	0	5	0.845	173.6	868.0	0.3333333333333333
4910	172	0	5	0.4225	85.2	426.0	0.3333333333333333
4911	218	0	5	0.5375	150.6	753.0	0.3333333333333333
4912	226	0	5	0.5575	119.6	598.0	0.3333333333333333
4913	399	0	5	0.99	108.2	541.0	0.3333333333333333
4914	322	0	5	0.7975	105.0	525.0	0.3333333333333333
4915	168	0	5	0.4125	135.2	676.0	0.3333333333333333
4916	65	0	5	0.155	26.6	133.0	0.3333333333333333
4917	25	0	5	0.055	23.0	115.0	0.0
4918	160	0	5	0.3925	117.2	586.0	0.0
4919	123	0	5	0.3	116.2	581.0	0.0
4920	19	0	5	0.04	17.0	85.0	0.0
4921	36	0	5	0.0825	17.2	86.0	0.0
4922	77	0	5	0.185	35.2	176.0	0.3333333333333333
4923	254	1	4	0.6325	165.8	829.0	1.0
4924	153	0	5	0.375	100.6	503.0	0.3333333333333333
4925	144	0	5	0.3525	120.4	602.0	0.3333333333333333
4926	221	0	5	0.545	125.0	625.0	0.3333333333333333
4927	221	0	5	0.545	165.6	828.0	0.0
4928	364	0	5	0.9025	225.2	1126.0	0.6666666666666666
4929	96	0	5	0.2325	74.8	374.0	0.0
4930	130	0	5	0.3175	36.8	184.0	0.3333333333333333
4931	226	0	5	0.5575	138.8	694.0	0.3333333333333333
4932	113	0	5	0.275	99.4	497.0	0.0
4933	168	0	5	0.4125	92.8	464.0	0.3333333333333333
4934	252	0	5	0.6225	174.8	874.0	0.0
4935	62	0	5	0.1475	60.0	300.0	0.0
4936	319	0	5	0.79	173.6	868.0	0.6666666666666666
4937	302	0	5	0.7475	141.6	708.0	0.6666666666666666
4938	100	0	5	0.2425	85.6	428.0	0.0
4939	228	0	5	0.5625	152.4	762.0	0.6666666666666666
4940	72	0	5	0.1725	59.8	299.0	0.0
4941	20	0	5	0.0425	18.0	90.0	0.0
4942	191	0	5	0.47	129.8	649.0	0.0
4943	379	0	5	0.94	166.6	833.0	0.6666666666666666
4944	318	0	5	0.7875	286.0	1430.0	0.0
4945	289	0	5	0.715	257.0	1285.0	0.3333333333333333
4946	153	0	5	0.375	139.0	695.0	0.3333333333333333
4947	251	0	5	0.62	159.4	797.0	0.6666666666666666
4948	294	1	4	0.7325	260.4	1302.0	1.0
4949	233	0	5	0.575	51.0	255.0	0.6666666666666666
4950	171	0	5	0.42	82.6	413.0	0.3333333333333333
4951	360	1	4	0.8975	156.0	780.0	1.0
4952	227	0	5	0.56	95.4	477.0	0.6666666666666666
4953	280	0	5	0.6925	132.6	663.0	0.6666666666666666
4954	333	0	5	0.825	123.4	617.0	0.6666666666666666
4955	282	0	5	0.6975	204.4	1022.0	0.6666666666666666
4956	275	0	5	0.68	143.4	717.0	0.3333333333333333
4957	322	0	5	0.7975	154.4	772.0	0.3333333333333333
4958	210	1	4	0.5225	74.8	374.0	1.0
4959	50	0	5	0.1175	18.4	92.0	0.3333333333333333
4960	100	0	5	0.2425	57.4	287.0	0.0
4961	390	0	5	0.9675	137.2	686.0	0.6666666666666666
4962	244	0	5	0.6025	68.2	341.0	0.3333333333333333
4963	292	0	5	0.7225	129.6	648.0	0.6666666666666666
4964	195	0	5	0.48	131.0	655.0	0.0
4965	190	0	5	0.4675	70.6	353.0	0.3333333333333333
4966	153	0	5	0.375	129.4	647.0	0.3333333333333333
4967	391	0	5	0.97	182.4	912.0	0.6666666666666666
4968	279	0	5	0.69	199.8	999.0	0.3333333333333333
4969	381	1	4	0.95	229.4	1147.0	1.0
4970	32	0	5	0.0725	10.0	50.0	0.3333333333333333
4971	316	1	4	0.7875	239.8	1199.0	1.0
4972	398	1	4	0.9925	206.2	1031.0	1.0
4973	298	0	5	0.7375	174.4	872.0	0.6666666666666666
4974	134	0	5	0.3275	91.2	456.0	0.0
4975	249	0	5	0.615	179.2	896.0	0.3333333333333333
4976	344	0	5	0.8525	240.4	1202.0	0.3333333333333333
4977	18	0	5	0.0375	16.0	80.0	0.0
4978	363	1	4	0.905	186.8	934.0	1.0
4979	53	0	5	0.125	51.0	255.0	0.0
4980	250	0	5	0.6175	109.6	548.0	0.3333333333333333
4981	207	0	5	0.51	105.4	527.0	0.3333333333333333
4982	31	0	5	0.07	26.2	131.0	0.0
4983	253	0	5	0.625	169.8	849.0	0.6666666666666666
4984	63	0	5	0.15	59.4	297.0	0.0
4985	191	0	5	0.47	155.4	777.0	0.0
4986	225	0	5	0.555	162.8	814.0	0.3333333333333333
4987	297	0	5	0.735	117.8	589.0	0.6666666666666666
4988	315	0	5	0.78	193.0	965.0	0.6666666666666666
4989	320	0	5	0.7925	142.8	714.0	0.6666666666666666
4990	160	0	5	0.3925	45.2	226.0	0.0
4991	173	0	5	0.425	134.6	673.0	0.3333333333333333
4992	122	0	5	0.2975	104.0	520.0	0.0
4993	147	0	5	0.36	99.4	497.0	0.6666666666666666
4994	184	0	5	0.4525	54.8	274.0	0.3333333333333333
4995	256	0	5	0.6325	227.6	1138.0	0.3333333333333333
4996	335	0	5	0.83	303.8	1519.0	0.3333333333333333
4997	8	0	5	0.0125	4.4	22.0	0.0
4998	167	0	5	0.41	165.0	825.0	0.3333333333333333
4999	234	0	5	0.5775	144.8	724.0	0.3333333333333333
5000	228	0	5	0.5625	141.6	708.0	0.6666666666666666
5001	188	0	5	0.4625	112.8	564.0	0.0
5002	9	0	5	0.015	7.0	35.0	0.0
5003	22	0	5	0.0475	20.0	100.0	0.0
5004	116	0	5	0.2825	114.0	570.0	0.0
5005	113	0	5	0.275	107.0	535.0	0.0
5006	132	0	5	0.3225	130.0	650.0	0.0
5007	269	1	4	0.67	102.4	512.0	1.0
5008	148	0	5	0.3625	134.0	670.0	0.3333333333333333
5009	95	0	5	0.23	93.0	465.0	0.0
5010	353	0	5	0.875	114.2	571.0	0.3333333333333333
5011	371	1	4	0.925	199.8	999.0	1.0
5012	176	0	5	0.4325	121.0	605.0	0.3333333333333333
5013	44	0	5	0.1025	17.0	85.0	0.0
5014	281	0	5	0.695	158.2	791.0	0.6666666666666666
5015	118	0	5	0.2875	111.2	556.0	0.3333333333333333
5016	240	0	5	0.5925	156.4	782.0	0.3333333333333333
5017	396	0	5	0.9825	282.4	1412.0	0.6666666666666666
5018	244	1	4	0.6075	186.0	930.0	1.0
5019	352	0	5	0.8725	306.8	1534.0	0.6666666666666666
5020	113	0	5	0.275	88.6	443.0	0.3333333333333333
5021	45	0	5	0.105	28.2	141.0	0.0
5022	323	0	5	0.8	180.8	904.0	0.6666666666666666
5023	373	1	4	0.93	170.6	853.0	1.0
5024	74	0	5	0.1775	72.0	360.0	0.0
5025	53	0	5	0.125	51.0	255.0	0.0
5026	201	0	5	0.495	102.8	514.0	0.6666666666666666
5027	47	0	5	0.11	45.0	225.0	0.3333333333333333
5028	290	0	5	0.7175	86.8	434.0	0.3333333333333333
5029	156	0	5	0.3825	121.0	605.0	0.6666666666666666
5030	308	1	4	0.7675	233.6	1168.0	1.0
5031	174	0	5	0.4275	132.4	662.0	0.3333333333333333
5032	47	0	5	0.11	45.0	225.0	0.0
5033	225	0	5	0.555	115.0	575.0	0.3333333333333333
5034	141	0	5	0.345	85.6	428.0	0.3333333333333333
5035	192	0	5	0.4725	103.2	516.0	0.3333333333333333
5036	144	0	5	0.3525	125.0	625.0	0.3333333333333333
5037	254	1	4	0.6325	183.0	915.0	1.0
5038	386	0	5	0.9575	226.8	1134.0	0.6666666666666666
5039	243	0	5	0.6	115.0	575.0	0.3333333333333333
5040	155	0	5	0.38	52.8	264.0	0.3333333333333333
5041	296	0	5	0.7325	257.6	1288.0	0.6666666666666666
5042	167	0	5	0.41	76.4	382.0	0.6666666666666666
5043	107	0	5	0.26	105.0	525.0	0.0
5044	180	0	5	0.4425	93.4	467.0	0.0
5045	121	1	4	0.3	102.4	512.0	1.0
5046	132	0	5	0.3225	125.4	627.0	0.3333333333333333
5047	367	0	5	0.91	134.6	673.0	0.6666666666666666
5048	200	0	5	0.4925	121.0	605.0	0.3333333333333333
5049	155	0	5	0.38	90.8	454.0	0.6666666666666666
5050	382	1	4	0.9525	245.4	1227.0	1.0
5051	68	0	5	0.1625	52.0	260.0	0.3333333333333333
5052	235	0	5	0.58	69.8	349.0	0.3333333333333333
5053	241	0	5	0.595	156.2	781.0	0.3333333333333333
5054	210	0	5	0.5175	179.4	897.0	0.0
5055	226	0	5	0.5575	134.4	672.0	0.0
5056	122	0	5	0.2975	49.8	249.0	0.3333333333333333
5057	133	0	5	0.325	69.8	349.0	0.3333333333333333
5058	332	0	5	0.8225	147.8	739.0	0.6666666666666666
5059	113	0	5	0.275	100.2	501.0	0.0
5060	228	0	5	0.5625	132.6	663.0	0.3333333333333333
5061	160	0	5	0.3925	142.0	710.0	0.0
5062	67	0	5	0.16	60.6	303.0	0.0
5063	285	1	4	0.71	158.0	790.0	1.0
5064	54	0	5	0.1275	33.2	166.0	0.0
5065	115	0	5	0.28	61.0	305.0	0.3333333333333333
5066	254	0	5	0.6275	160.8	804.0	0.0
5067	307	0	5	0.76	150.2	751.0	0.3333333333333333
5068	196	0	5	0.4825	175.2	876.0	0.3333333333333333
5069	81	0	5	0.195	44.6	223.0	0.0
5070	297	0	5	0.735	180.4	902.0	0.3333333333333333
5071	13	0	5	0.025	11.0	55.0	0.0
5072	279	1	4	0.695	111.0	555.0	1.0
5073	316	0	5	0.7825	204.6	1023.0	0.3333333333333333
5074	43	0	5	0.1	41.0	205.0	0.0
5075	122	0	5	0.2975	60.0	300.0	0.3333333333333333
5076	347	0	5	0.86	167.6	838.0	0.3333333333333333
5077	270	0	5	0.6675	217.0	1085.0	0.3333333333333333
5078	214	0	5	0.5275	120.8	604.0	0.6666666666666666
5079	295	0	5	0.73	59.0	295.0	0.6666666666666666
5080	400	1	4	0.9975	329.6	1648.0	1.0
5081	257	0	5	0.635	228.2	1141.0	0.6666666666666666
5082	328	0	5	0.8125	145.4	727.0	0.6666666666666666
5083	354	0	5	0.8775	255.2	1276.0	0.3333333333333333
5084	63	0	5	0.15	61.0	305.0	0.0
5085	159	0	5	0.39	157.0	785.0	0.0
5086	109	0	5	0.265	57.8	289.0	0.0
5087	240	0	5	0.5925	133.8	669.0	0.3333333333333333
5088	81	0	5	0.195	79.0	395.0	0.0
5089	68	0	5	0.1625	34.8	174.0	0.0
5090	306	1	4	0.7625	192.4	962.0	1.0
5091	351	0	5	0.87	303.6	1518.0	0.3333333333333333
5092	228	0	5	0.5625	155.2	776.0	0.0
5093	234	0	5	0.5775	93.4	467.0	0.3333333333333333
5094	261	0	5	0.645	88.6	443.0	0.3333333333333333
5095	186	1	4	0.4625	140.4	702.0	1.0
5096	392	0	5	0.9725	266.8	1334.0	0.6666666666666666
5097	215	0	5	0.53	115.4	577.0	0.3333333333333333
5098	244	0	5	0.6025	215.4	1077.0	0.6666666666666666
5099	150	0	5	0.3675	148.0	740.0	0.0
5100	135	0	5	0.33	117.4	587.0	0.0
5101	15	0	5	0.03	13.0	65.0	0.0
5102	310	0	5	0.7675	264.8	1324.0	0.6666666666666666
5103	127	0	5	0.31	81.8	409.0	0.3333333333333333
5104	277	0	5	0.685	206.4	1032.0	0.6666666666666666
5105	118	0	5	0.2875	116.0	580.0	0.0
5106	102	0	5	0.2475	91.6	458.0	0.3333333333333333
5107	356	0	5	0.8825	270.0	1350.0	0.6666666666666666
5108	179	0	5	0.44	111.4	557.0	0.3333333333333333
5109	293	0	5	0.725	181.4	907.0	0.3333333333333333
5110	126	0	5	0.3075	124.0	620.0	0.0
5111	197	0	5	0.485	86.2	431.0	0.3333333333333333
5112	141	0	5	0.345	139.0	695.0	0.0
5113	37	0	5	0.085	35.0	175.0	0.0
5114	343	0	5	0.85	165.0	825.0	0.6666666666666666
5115	340	0	5	0.8425	115.0	575.0	0.6666666666666666
5116	12	0	5	0.0225	9.8	49.0	0.3333333333333333
5117	326	0	5	0.8075	208.8	1044.0	0.3333333333333333
5118	174	0	5	0.4275	144.4	722.0	0.3333333333333333
5119	265	0	5	0.655	127.4	637.0	0.6666666666666666
5120	127	0	5	0.31	26.6	133.0	0.3333333333333333
5121	179	0	5	0.44	103.4	517.0	0.3333333333333333
5122	71	0	5	0.17	69.0	345.0	0.0
5123	181	0	5	0.445	179.0	895.0	0.0
5124	302	0	5	0.7475	253.4	1267.0	0.6666666666666666
5125	224	0	5	0.5525	123.6	618.0	0.6666666666666666
5126	59	0	5	0.14	46.2	231.0	0.3333333333333333
5127	188	1	4	0.4675	131.2	656.0	1.0
5128	178	0	5	0.4375	150.8	754.0	0.0
5129	379	1	4	0.945	90.2	451.0	1.0
5130	102	0	5	0.2475	100.0	500.0	0.0
5131	80	0	5	0.1925	64.2	321.0	0.3333333333333333
5132	298	0	5	0.7375	156.6	783.0	0.3333333333333333
5133	314	0	5	0.7775	225.0	1125.0	0.6666666666666666
5134	258	0	5	0.6375	100.0	500.0	0.3333333333333333
5135	192	0	5	0.4725	134.8	674.0	0.3333333333333333
5136	134	0	5	0.3275	130.0	650.0	0.6666666666666666
5137	287	0	5	0.71	141.4	707.0	0.3333333333333333
5138	392	0	5	0.9725	202.6	1013.0	0.6666666666666666
5139	389	0	5	0.965	179.8	899.0	0.6666666666666666
5140	263	0	5	0.65	165.2	826.0	0.3333333333333333
5141	401	0	5	0.995	144.8	724.0	0.6666666666666666
5142	226	0	5	0.5575	124.8	624.0	0.3333333333333333
5143	225	0	5	0.555	121.8	609.0	0.3333333333333333
5144	159	0	5	0.39	151.8	759.0	0.3333333333333333
5145	71	0	5	0.17	56.4	282.0	0.0
5146	324	0	5	0.8025	142.8	714.0	0.6666666666666666
5147	219	0	5	0.54	121.8	609.0	0.6666666666666666
5148	283	0	5	0.7	155.0	775.0	0.3333333333333333
5149	281	0	5	0.695	229.4	1147.0	0.3333333333333333
5150	56	0	5	0.1325	45.2	226.0	0.0
5151	123	0	5	0.3	83.4	417.0	0.0
5152	124	0	5	0.3025	122.0	610.0	0.0
5153	232	0	5	0.5725	76.6	383.0	0.6666666666666666
5154	381	1	4	0.95	145.4	727.0	1.0
5155	151	0	5	0.37	148.2	741.0	0.0
5156	324	0	5	0.8025	196.4	982.0	0.6666666666666666
5157	61	0	5	0.145	58.4	292.0	0.3333333333333333
5158	34	0	5	0.0775	32.0	160.0	0.0
5159	225	1	4	0.56	55.4	277.0	1.0
5160	187	0	5	0.46	162.2	811.0	0.0
5161	253	0	5	0.625	239.2	1196.0	0.0
5162	351	0	5	0.87	223.4	1117.0	0.3333333333333333
5163	198	0	5	0.4875	100.2	501.0	0.3333333333333333
5164	255	0	5	0.63	193.8	969.0	0.0
5165	253	0	5	0.625	225.2	1126.0	0.3333333333333333
5166	317	0	5	0.785	156.6	783.0	0.3333333333333333
5167	283	0	5	0.7	108.4	542.0	0.3333333333333333
5168	20	0	5	0.0425	18.0	90.0	0.0
5169	190	0	5	0.4675	162.4	812.0	0.6666666666666666
5170	258	0	5	0.6375	208.6	1043.0	0.6666666666666666
5171	191	0	5	0.47	166.4	832.0	0.3333333333333333
5172	123	0	5	0.3	110.8	554.0	0.6666666666666666
5173	371	0	5	0.92	208.6	1043.0	0.3333333333333333
5174	89	0	5	0.215	59.4	297.0	0.3333333333333333
5175	281	0	5	0.695	200.8	1004.0	0.6666666666666666
5176	324	0	5	0.8025	241.6	1208.0	0.6666666666666666
5177	207	0	5	0.51	160.6	803.0	0.6666666666666666
5178	164	0	5	0.4025	69.2	346.0	0.3333333333333333
5179	270	0	5	0.6675	204.4	1022.0	0.3333333333333333
5180	368	0	5	0.9125	230.8	1154.0	0.3333333333333333
5181	148	0	5	0.3625	76.4	382.0	0.3333333333333333
5182	142	0	5	0.3475	119.6	598.0	0.3333333333333333
5183	320	0	5	0.7925	197.6	988.0	0.6666666666666666
5184	157	0	5	0.385	81.2	406.0	0.0
5185	172	0	5	0.4225	163.6	818.0	0.0
5186	196	0	5	0.4825	97.2	486.0	0.3333333333333333
5187	14	0	5	0.0275	12.0	60.0	0.0
5188	282	0	5	0.6975	143.6	718.0	0.3333333333333333
5189	150	0	5	0.3675	115.0	575.0	0.3333333333333333
5190	342	0	5	0.8475	205.6	1028.0	0.6666666666666666
5191	104	0	5	0.2525	102.0	510.0	0.0
5192	182	0	5	0.4475	121.8	609.0	0.3333333333333333
5193	3	0	5	0.0025	0.2	1.0	0.3333333333333333
5194	206	0	5	0.5075	196.8	984.0	0.3333333333333333
5195	120	0	5	0.2925	96.6	483.0	0.0
5196	198	0	5	0.4875	138.4	692.0	0.0
5197	137	0	5	0.335	88.0	440.0	0.3333333333333333
5198	304	1	4	0.7575	170.6	853.0	1.0
5199	221	0	5	0.545	183.2	916.0	0.3333333333333333
5200	274	1	4	0.6825	214.4	1072.0	1.0
5201	244	0	5	0.6025	74.0	370.0	0.6666666666666666
5202	206	0	5	0.5075	118.4	592.0	0.3333333333333333
5203	77	0	5	0.185	63.8	319.0	0.3333333333333333
5204	65	0	5	0.155	36.0	180.0	0.3333333333333333
5205	70	0	5	0.1675	68.0	340.0	0.0
5206	78	0	5	0.1875	76.0	380.0	0.0
5207	316	1	4	0.7875	229.6	1148.0	1.0
5208	112	0	5	0.2725	76.0	380.0	0.3333333333333333
5209	30	0	5	0.0675	21.6	108.0	0.0
5210	151	0	5	0.37	140.6	703.0	0.0
5211	365	0	5	0.905	154.4	772.0	0.6666666666666666
5212	109	0	5	0.265	90.0	450.0	0.3333333333333333
5213	257	0	5	0.635	168.0	840.0	0.3333333333333333
5214	62	0	5	0.1475	31.2	156.0	0.0
5215	70	0	5	0.1675	39.2	196.0	0.0
5216	213	0	5	0.525	128.8	644.0	0.0
5217	372	0	5	0.9225	124.8	624.0	0.6666666666666666
5218	113	1	4	0.28	96.0	480.0	1.0
5219	56	0	5	0.1325	51.2	256.0	0.0
5220	218	0	5	0.5375	209.2	1046.0	0.3333333333333333
5221	388	0	5	0.9625	177.0	885.0	0.6666666666666666
5222	111	0	5	0.27	54.4	272.0	0.3333333333333333
5223	344	0	5	0.8525	180.0	900.0	0.6666666666666666
5224	152	0	5	0.3725	133.6	668.0	0.3333333333333333
5225	214	0	5	0.5275	97.6	488.0	0.6666666666666666
5226	303	0	5	0.75	116.6	583.0	0.6666666666666666
5227	151	0	5	0.37	94.6	473.0	0.3333333333333333
5228	230	0	5	0.5675	210.0	1050.0	0.6666666666666666
5229	40	0	5	0.0925	38.0	190.0	0.0
5230	165	0	5	0.405	110.8	554.0	0.3333333333333333
5231	348	1	4	0.8675	135.0	675.0	1.0
5232	361	0	5	0.895	234.8	1174.0	0.6666666666666666
5233	358	0	5	0.8875	119.0	595.0	0.3333333333333333
5234	202	0	5	0.4975	185.8	929.0	0.3333333333333333
5235	268	0	5	0.6625	190.6	953.0	0.3333333333333333
5236	373	1	3	0.93	278.2	1391.0	1.0
5237	280	0	5	0.6925	148.0	740.0	0.6666666666666666
5238	105	0	5	0.255	71.2	356.0	0.0
5239	72	0	5	0.1725	60.0	300.0	0.0
5240	7	0	5	0.01	5.0	25.0	0.0
5241	29	0	5	0.065	27.0	135.0	0.0
5242	244	1	4	0.6075	86.4	432.0	1.0
5243	182	0	5	0.4475	126.8	634.0	0.6666666666666666
5244	48	0	5	0.1125	30.0	150.0	0.3333333333333333
5245	276	0	5	0.6825	124.0	620.0	0.6666666666666666
5246	239	0	5	0.59	98.6	493.0	0.6666666666666666
5247	335	0	5	0.83	166.0	830.0	0.3333333333333333
5248	108	0	5	0.2625	41.2	206.0	0.0
5249	348	0	5	0.8625	107.4	537.0	0.6666666666666666
5250	167	0	5	0.41	153.8	769.0	0.3333333333333333
5251	244	1	4	0.6075	169.0	845.0	1.0
5252	123	0	5	0.3	108.8	544.0	0.0
5253	264	0	5	0.6525	105.4	527.0	0.6666666666666666
5254	208	0	5	0.5125	174.2	871.0	0.3333333333333333
5255	117	0	5	0.285	88.0	440.0	0.6666666666666666
5256	231	0	5	0.57	117.0	585.0	0.3333333333333333
5257	386	0	5	0.9575	238.6	1193.0	0.6666666666666666
5258	99	0	5	0.24	47.8	239.0	0.3333333333333333
5259	282	0	5	0.6975	118.4	592.0	0.3333333333333333
5260	319	0	5	0.79	139.6	698.0	0.6666666666666666
5261	344	0	5	0.8525	242.8	1214.0	0.6666666666666666
5262	9	0	5	0.015	7.0	35.0	0.0
5263	195	0	5	0.48	83.0	415.0	0.6666666666666666
5264	388	0	5	0.9625	108.6	543.0	0.6666666666666666
5265	170	0	5	0.4175	128.8	644.0	0.0
5266	105	0	5	0.255	85.0	425.0	0.0
5267	203	0	5	0.5	47.4	237.0	0.3333333333333333
5268	21	0	5	0.045	19.0	95.0	0.0
5269	47	0	5	0.11	37.2	186.0	0.3333333333333333
5270	330	0	5	0.8175	203.2	1016.0	0.6666666666666666
5271	272	1	4	0.6775	178.8	894.0	1.0
5272	18	1	4	0.0425	15.2	76.0	1.0
5273	351	1	4	0.875	74.2	371.0	1.0
5274	197	0	5	0.485	76.8	384.0	0.6666666666666666
5275	210	0	5	0.5175	155.2	776.0	0.3333333333333333
5276	63	0	5	0.15	60.0	300.0	0.3333333333333333
5277	198	0	5	0.4875	155.2	776.0	0.6666666666666666
5278	195	0	5	0.48	193.0	965.0	0.0
5279	55	0	5	0.13	10.8	54.0	0.3333333333333333
5280	133	0	5	0.325	84.6	423.0	0.3333333333333333
5281	324	0	5	0.8025	132.8	664.0	0.6666666666666666
5282	86	0	5	0.2075	84.0	420.0	0.0
5283	359	0	5	0.89	83.8	419.0	0.6666666666666666
5284	218	0	5	0.5375	48.0	240.0	0.6666666666666666
5285	210	0	5	0.5175	208.0	1040.0	0.0
5286	196	0	5	0.4825	107.6	538.0	0.3333333333333333
5287	108	0	5	0.2625	43.4	217.0	0.6666666666666666
5288	93	0	5	0.225	46.8	234.0	0.6666666666666666
5289	79	0	5	0.19	77.0	385.0	0.0
5290	338	0	5	0.8375	76.0	380.0	0.6666666666666666
5291	227	0	5	0.56	147.6	738.0	0.6666666666666666
5292	100	0	5	0.2425	90.2	451.0	0.3333333333333333
5293	31	0	5	0.07	29.0	145.0	0.0
5294	162	0	5	0.3975	133.0	665.0	0.3333333333333333
5295	331	0	5	0.82	169.6	848.0	0.6666666666666666
5296	259	0	5	0.64	65.8	329.0	0.3333333333333333
5297	299	0	5	0.74	247.8	1239.0	0.0
5298	145	0	5	0.355	78.2	391.0	0.3333333333333333
5299	254	0	5	0.6275	216.8	1084.0	0.3333333333333333
5300	287	0	5	0.71	236.8	1184.0	0.3333333333333333
5301	43	0	5	0.1	34.6	173.0	0.3333333333333333
5302	107	0	5	0.26	69.0	345.0	0.3333333333333333
5303	107	1	4	0.265	58.2	291.0	1.0
5304	117	0	5	0.285	66.4	332.0	0.3333333333333333
5305	304	0	5	0.7525	200.2	1001.0	0.3333333333333333
5306	61	0	5	0.145	39.4	197.0	0.3333333333333333
5307	93	0	5	0.225	39.8	199.0	0.0
5308	96	0	5	0.2325	94.0	470.0	0.0
5309	177	0	5	0.435	150.8	754.0	0.3333333333333333
5310	161	0	5	0.395	128.4	642.0	0.3333333333333333
5311	194	0	5	0.4775	179.2	896.0	0.3333333333333333
5312	246	0	5	0.6075	79.4	397.0	0.3333333333333333
5313	170	0	5	0.4175	84.8	424.0	0.3333333333333333
5314	297	0	5	0.735	242.6	1213.0	0.3333333333333333
5315	154	0	5	0.3775	104.0	520.0	0.0
5316	246	0	5	0.6075	127.2	636.0	0.3333333333333333
5317	117	0	5	0.285	100.6	503.0	0.0
5318	213	1	4	0.53	122.2	611.0	1.0
5319	351	1	4	0.875	237.4	1187.0	1.0
5320	393	0	5	0.975	254.4	1272.0	0.0
5321	80	0	5	0.1925	56.4	282.0	0.0
5322	344	0	5	0.8525	245.6	1228.0	0.6666666666666666
5323	120	0	5	0.2925	55.6	278.0	0.3333333333333333
5324	8	0	5	0.0125	6.0	30.0	0.0
5325	149	0	5	0.365	98.8	494.0	0.3333333333333333
5326	276	0	5	0.6825	218.6	1093.0	0.6666666666666666
5327	286	0	5	0.7075	212.8	1064.0	0.3333333333333333
5328	237	0	5	0.585	218.2	1091.0	0.3333333333333333
5329	116	0	5	0.2825	114.0	570.0	0.3333333333333333
5330	175	0	5	0.43	173.0	865.0	0.0
5331	297	0	5	0.735	278.6	1393.0	0.3333333333333333
5332	206	0	5	0.5075	176.4	882.0	0.6666666666666666
5333	367	0	5	0.91	213.8	1069.0	0.6666666666666666
5334	184	0	5	0.4525	182.0	910.0	0.0
5335	104	0	5	0.2525	102.0	510.0	0.0
5336	70	0	5	0.1675	15.2	76.0	0.3333333333333333
5337	274	0	5	0.6775	160.6	803.0	0.6666666666666666
5338	52	0	5	0.1225	16.4	82.0	0.3333333333333333
5339	119	0	5	0.29	23.4	117.0	0.3333333333333333
5340	184	0	5	0.4525	182.0	910.0	0.0
5341	28	0	5	0.0625	12.4	62.0	0.3333333333333333
5342	229	0	5	0.565	113.6	568.0	0.0
5343	259	0	5	0.64	165.0	825.0	0.6666666666666666
5344	62	0	5	0.1475	55.2	276.0	0.0
5345	248	1	4	0.6175	144.0	720.0	1.0
5346	149	0	5	0.365	67.0	335.0	0.3333333333333333
5347	337	0	5	0.835	173.4	867.0	0.6666666666666666
5348	342	0	5	0.8475	176.0	880.0	0.6666666666666666
5349	110	0	5	0.2675	102.0	510.0	0.0
5350	250	1	4	0.6225	133.6	668.0	1.0
5351	310	0	5	0.7675	217.0	1085.0	0.6666666666666666
5352	230	0	5	0.5675	141.2	706.0	0.3333333333333333
5353	326	0	5	0.8075	172.4	862.0	0.6666666666666666
5354	143	0	5	0.35	54.6	273.0	0.6666666666666666
5355	346	0	5	0.8575	166.8	834.0	0.3333333333333333
5356	71	0	5	0.17	35.4	177.0	0.3333333333333333
5357	164	0	5	0.4025	97.2	486.0	0.3333333333333333
5358	323	0	5	0.8	109.0	545.0	0.6666666666666666
5359	325	0	5	0.805	257.6	1288.0	0.6666666666666666
5360	245	0	5	0.605	48.8	244.0	0.6666666666666666
5361	103	0	5	0.25	59.2	296.0	0.3333333333333333
5362	291	1	4	0.725	131.8	659.0	1.0
5363	187	0	5	0.46	145.0	725.0	0.3333333333333333
5364	38	0	5	0.0875	36.0	180.0	0.0
5365	359	1	4	0.895	179.8	899.0	1.0
5366	106	0	5	0.2575	85.4	427.0	0.3333333333333333
5367	209	0	5	0.515	150.4	752.0	0.6666666666666666
5368	139	0	5	0.34	126.8	634.0	0.6666666666666666
5369	224	0	5	0.5525	110.8	554.0	0.6666666666666666
5370	222	0	5	0.5475	163.2	816.0	0.6666666666666666
5371	46	0	5	0.1075	44.0	220.0	0.0
5372	40	0	5	0.0925	29.2	146.0	0.3333333333333333
5373	55	0	5	0.13	33.8	169.0	0.3333333333333333
5374	14	0	5	0.0275	12.0	60.0	0.0
5375	70	0	5	0.1675	68.0	340.0	0.0
5376	79	0	5	0.19	69.2	346.0	0.3333333333333333
5377	247	1	4	0.615	107.4	537.0	1.0
5378	262	0	5	0.6475	163.8	819.0	0.6666666666666666
5379	87	0	5	0.21	35.4	177.0	0.3333333333333333
5380	204	0	5	0.5025	170.0	850.0	0.0
5381	347	0	5	0.86	257.8	1289.0	0.6666666666666666
5382	367	0	5	0.91	205.2	1026.0	0.6666666666666666
5383	293	0	5	0.725	157.2	786.0	0.6666666666666666
5384	153	0	5	0.375	123.8	619.0	0.0
5385	384	0	5	0.9525	267.4	1337.0	0.3333333333333333
5386	271	0	5	0.67	64.2	321.0	0.3333333333333333
5387	322	1	4	0.8025	222.8	1114.0	1.0
5388	211	1	4	0.525	161.6	808.0	1.0
5389	123	0	5	0.3	63.8	319.0	0.3333333333333333
5390	252	0	5	0.6225	221.6	1108.0	0.3333333333333333
5391	261	0	5	0.645	251.6	1258.0	0.0
5392	286	0	5	0.7075	211.8	1059.0	0.3333333333333333
5393	290	0	5	0.7175	188.8	944.0	0.3333333333333333
5394	223	0	5	0.55	179.4	897.0	0.6666666666666666
5395	164	0	5	0.4025	106.0	530.0	0.0
5396	121	0	5	0.295	117.8	589.0	0.0
5397	315	0	5	0.78	264.2	1321.0	0.3333333333333333
5398	301	1	4	0.75	204.2	1021.0	1.0
5399	271	0	5	0.67	125.2	626.0	0.6666666666666666
5400	52	0	5	0.1225	50.0	250.0	0.0
5401	106	0	5	0.2575	99.8	499.0	0.3333333333333333
5402	321	0	5	0.795	130.8	654.0	0.6666666666666666
5403	66	0	5	0.1575	34.6	173.0	0.3333333333333333
5404	149	0	5	0.365	80.0	400.0	0.6666666666666666
5405	213	0	5	0.525	143.0	715.0	0.6666666666666666
5406	299	1	4	0.745	211.8	1059.0	1.0
5407	185	1	4	0.46	109.0	545.0	1.0
5408	340	0	5	0.8425	108.0	540.0	0.6666666666666666
5409	311	0	5	0.77	210.0	1050.0	0.6666666666666666
5410	39	0	5	0.09	35.6	178.0	0.3333333333333333
5411	397	0	5	0.985	209.4	1047.0	0.6666666666666666
5412	356	0	5	0.8825	215.2	1076.0	0.6666666666666666
5413	235	0	5	0.58	144.2	721.0	0.3333333333333333
5414	73	0	5	0.175	52.2	261.0	0.0
5415	283	0	5	0.7	225.0	1125.0	0.3333333333333333
5416	330	0	5	0.8175	280.4	1402.0	0.6666666666666666
5417	119	1	3	0.295	52.8	264.0	1.0
5418	203	0	5	0.5	153.0	765.0	0.6666666666666666
5419	20	0	5	0.0425	13.2	66.0	0.0
5420	94	0	5	0.2275	49.4	247.0	0.0
5421	73	0	5	0.175	71.0	355.0	0.0
5422	144	0	5	0.3525	139.2	696.0	0.3333333333333333
5423	94	0	5	0.2275	92.0	460.0	0.0
5424	325	1	4	0.81	243.6	1218.0	1.0
5425	67	1	4	0.165	54.6	273.0	1.0
5426	257	0	5	0.635	245.4	1227.0	0.3333333333333333
5427	69	1	4	0.17	57.0	285.0	1.0
5428	184	0	5	0.4525	123.2	616.0	0.3333333333333333
5429	274	0	5	0.6775	150.2	751.0	0.3333333333333333
5430	122	0	5	0.2975	65.4	327.0	0.6666666666666666
5431	142	0	5	0.3475	130.0	650.0	0.6666666666666666
5432	314	0	5	0.7775	231.6	1158.0	0.6666666666666666
5433	121	0	5	0.295	47.0	235.0	0.3333333333333333
5434	150	1	4	0.3725	77.6	388.0	1.0
5435	240	0	5	0.5925	238.0	1190.0	0.0
5436	277	0	5	0.685	171.0	855.0	0.3333333333333333
5437	283	0	5	0.7	85.0	425.0	0.6666666666666666
5438	199	0	5	0.49	85.8	429.0	0.6666666666666666
5439	312	0	5	0.7725	187.8	939.0	0.3333333333333333
5440	55	0	5	0.13	53.0	265.0	0.0
5441	374	0	5	0.9275	148.4	742.0	0.6666666666666666
5442	343	0	5	0.85	183.8	919.0	0.6666666666666666
5443	47	0	5	0.11	45.0	225.0	0.0
5444	116	0	5	0.2825	79.8	399.0	0.0
5445	133	0	5	0.325	37.2	186.0	0.3333333333333333
5446	142	0	5	0.3475	104.0	520.0	0.3333333333333333
5447	201	0	5	0.495	192.6	963.0	0.3333333333333333
5448	342	0	5	0.8475	164.4	822.0	0.6666666666666666
5449	307	0	5	0.76	166.4	832.0	0.3333333333333333
5450	123	0	5	0.3	88.2	441.0	0.3333333333333333
5451	307	0	5	0.76	162.6	813.0	0.6666666666666666
5452	241	0	5	0.595	197.8	989.0	0.0
5453	71	0	5	0.17	50.6	253.0	0.3333333333333333
5454	103	0	5	0.25	69.0	345.0	0.3333333333333333
5455	109	0	5	0.265	107.0	535.0	0.0
5456	292	1	4	0.7275	142.8	714.0	1.0
5457	315	0	5	0.78	149.8	749.0	0.3333333333333333
5458	232	0	5	0.5725	109.8	549.0	0.3333333333333333
5459	394	0	5	0.9775	242.2	1211.0	0.6666666666666666
5460	280	0	5	0.6925	86.8	434.0	0.3333333333333333
5461	235	0	5	0.58	93.0	465.0	0.6666666666666666
5462	249	0	5	0.615	69.4	347.0	0.3333333333333333
5463	140	0	5	0.3425	113.2	566.0	0.3333333333333333
5464	20	0	5	0.0425	18.0	90.0	0.0
5465	175	0	5	0.43	128.2	641.0	0.6666666666666666
5466	55	0	5	0.13	53.0	265.0	0.0
5467	93	0	5	0.225	24.0	120.0	0.6666666666666666
5468	272	0	5	0.6725	205.0	1025.0	0.3333333333333333
5469	292	0	5	0.7225	156.6	783.0	0.3333333333333333
5470	257	0	5	0.635	123.8	619.0	0.6666666666666666
5471	106	0	5	0.2575	104.0	520.0	0.0
5472	111	0	5	0.27	109.0	545.0	0.3333333333333333
5473	206	0	5	0.5075	113.2	566.0	0.6666666666666666
5474	335	0	5	0.83	315.4	1577.0	0.3333333333333333
5475	75	0	5	0.18	73.0	365.0	0.0
5476	105	0	5	0.255	103.0	515.0	0.0
5477	177	0	5	0.435	113.4	567.0	0.6666666666666666
5478	287	0	5	0.71	62.2	311.0	0.3333333333333333
5479	83	0	5	0.2	81.0	405.0	0.0
5480	151	0	5	0.37	68.2	341.0	0.3333333333333333
5481	300	0	5	0.7425	238.0	1190.0	0.3333333333333333
5482	259	0	5	0.64	225.8	1129.0	0.3333333333333333
5483	57	0	5	0.135	44.6	223.0	0.3333333333333333
5484	143	0	5	0.35	116.8	584.0	0.0
5485	71	0	5	0.17	30.2	151.0	0.6666666666666666
5486	259	0	5	0.64	147.2	736.0	0.3333333333333333
5487	60	0	5	0.1425	40.6	203.0	0.3333333333333333
5488	122	0	5	0.2975	95.2	476.0	0.3333333333333333
5489	266	0	5	0.6575	102.0	510.0	0.6666666666666666
5490	296	0	5	0.7325	176.6	883.0	0.6666666666666666
5491	160	0	5	0.3925	121.4	607.0	0.0
5492	256	0	5	0.6325	231.8	1159.0	0.3333333333333333
5493	275	1	4	0.685	230.6	1153.0	1.0
5494	43	0	5	0.1	41.0	205.0	0.0
5495	53	0	5	0.125	29.4	147.0	0.3333333333333333
5496	68	0	5	0.1625	66.0	330.0	0.0
5497	113	0	5	0.275	55.6	278.0	0.3333333333333333
5498	134	0	5	0.3275	64.0	320.0	0.3333333333333333
5499	358	1	4	0.8925	129.4	647.0	1.0
5500	206	0	5	0.5075	106.4	532.0	0.3333333333333333
5501	50	0	5	0.1175	27.0	135.0	0.0
5502	50	0	5	0.1175	28.8	144.0	0.3333333333333333
5503	260	0	5	0.6425	152.8	764.0	0.3333333333333333
5504	43	0	5	0.1	32.6	163.0	0.0
5505	265	0	5	0.655	129.2	646.0	0.6666666666666666
5506	231	1	4	0.575	106.6	533.0	1.0
5507	131	0	5	0.32	53.4	267.0	0.3333333333333333
5508	341	0	5	0.845	131.0	655.0	0.6666666666666666
5509	391	1	4	0.975	240.2	1201.0	1.0
5510	147	0	5	0.36	68.2	341.0	0.6666666666666666
5511	294	0	5	0.7275	116.4	582.0	0.3333333333333333
5512	235	0	5	0.58	117.8	589.0	0.3333333333333333
5513	211	0	5	0.52	153.4	767.0	0.6666666666666666
5514	52	0	5	0.1225	30.2	151.0	0.3333333333333333
5515	384	0	5	0.9525	304.8	1524.0	0.0
5516	242	0	5	0.5975	188.4	942.0	0.0
5517	235	0	5	0.58	105.0	525.0	0.3333333333333333
5518	262	0	5	0.6475	198.0	990.0	0.3333333333333333
5519	294	0	5	0.7275	146.2	731.0	0.0
5520	353	0	5	0.875	212.6	1063.0	0.6666666666666666
5521	132	0	5	0.3225	81.4	407.0	0.3333333333333333
5522	249	0	5	0.615	127.0	635.0	0.0
5523	325	0	5	0.805	210.2	1051.0	0.3333333333333333
5524	377	0	5	0.935	233.0	1165.0	0.6666666666666666
5525	343	0	5	0.85	210.2	1051.0	0.3333333333333333
5526	48	0	5	0.1125	38.0	190.0	0.0
5527	83	0	5	0.2	67.2	336.0	0.3333333333333333
5528	161	1	4	0.4	66.2	331.0	1.0
5529	339	0	5	0.84	154.6	773.0	0.3333333333333333
5530	361	0	5	0.895	132.8	664.0	0.3333333333333333
5531	358	0	5	0.8875	153.0	765.0	0.3333333333333333
5532	106	0	5	0.2575	104.0	520.0	0.0
5533	105	0	5	0.255	71.0	355.0	0.0
5534	376	1	4	0.9375	303.6	1518.0	1.0
5535	275	0	5	0.68	106.4	532.0	0.6666666666666666
5536	296	0	5	0.7325	192.4	962.0	0.3333333333333333
5537	314	0	5	0.7775	168.2	841.0	0.6666666666666666
5538	124	0	5	0.3025	117.4	587.0	0.0
5539	152	0	5	0.3725	75.6	378.0	0.3333333333333333
5540	322	0	5	0.7975	100.8	504.0	0.6666666666666666
5541	175	0	5	0.43	149.8	749.0	0.3333333333333333
5542	105	0	5	0.255	27.0	135.0	0.0
5543	210	0	5	0.5175	144.6	723.0	0.3333333333333333
5544	397	0	5	0.985	152.8	764.0	0.6666666666666666
5545	216	0	5	0.5325	204.2	1021.0	0.6666666666666666
5546	72	0	5	0.1725	70.0	350.0	0.0
5547	93	0	5	0.225	69.4	347.0	0.3333333333333333
5548	23	0	5	0.05	21.0	105.0	0.0
5549	47	0	5	0.11	45.0	225.0	0.0
5550	373	0	5	0.925	307.0	1535.0	0.6666666666666666
5551	280	1	4	0.6975	257.6	1288.0	1.0
5552	230	0	5	0.5675	64.0	320.0	0.6666666666666666
5553	225	0	5	0.555	80.4	402.0	0.3333333333333333
5554	276	0	5	0.6825	168.2	841.0	0.3333333333333333
5555	137	0	5	0.335	135.0	675.0	0.0
5556	73	0	5	0.175	63.6	318.0	0.3333333333333333
5557	189	0	5	0.465	137.6	688.0	0.6666666666666666
5558	237	0	5	0.585	179.6	898.0	0.6666666666666666
5559	73	0	5	0.175	71.0	355.0	0.0
5560	163	0	5	0.4	144.2	721.0	0.3333333333333333
5561	182	0	5	0.4475	102.8	514.0	0.3333333333333333
5562	345	0	5	0.855	249.4	1247.0	0.3333333333333333
5563	346	1	4	0.8625	218.0	1090.0	1.0
5564	233	0	5	0.575	66.2	331.0	0.3333333333333333
5565	302	0	5	0.7475	218.8	1094.0	0.6666666666666666
5566	71	0	5	0.17	69.0	345.0	0.0
5567	148	0	5	0.3625	74.6	373.0	0.3333333333333333
5568	172	0	5	0.4225	90.0	450.0	0.6666666666666666
5569	372	0	5	0.9225	184.0	920.0	0.6666666666666666
5570	319	0	5	0.79	276.6	1383.0	0.6666666666666666
5571	159	0	5	0.39	125.8	629.0	0.3333333333333333
5572	361	0	5	0.895	164.8	824.0	0.6666666666666666
5573	363	0	5	0.9	259.8	1299.0	0.6666666666666666
5574	176	0	5	0.4325	128.8	644.0	0.3333333333333333
5575	311	0	5	0.77	173.8	869.0	0.3333333333333333
5576	386	0	5	0.9575	251.0	1255.0	0.6666666666666666
5577	217	1	4	0.54	141.4	707.0	1.0
5578	291	0	5	0.72	173.0	865.0	0.3333333333333333
5579	297	0	5	0.735	115.4	577.0	0.3333333333333333
5580	173	0	5	0.425	132.2	661.0	0.3333333333333333
5581	350	0	5	0.8675	131.2	656.0	0.6666666666666666
5582	83	0	5	0.2	81.0	405.0	0.0
5583	269	0	5	0.665	86.6	433.0	0.6666666666666666
5584	215	0	5	0.53	210.6	1053.0	0.0
5585	134	0	5	0.3275	88.8	444.0	0.3333333333333333
5586	41	0	5	0.095	31.0	155.0	0.3333333333333333
5587	380	0	5	0.9425	196.8	984.0	0.6666666666666666
5588	382	0	5	0.9475	170.8	854.0	0.6666666666666666
5589	28	0	5	0.0625	26.0	130.0	0.0
5590	77	0	5	0.185	62.2	311.0	0.6666666666666666
5591	82	0	5	0.1975	80.0	400.0	0.0
5592	304	0	5	0.7525	139.8	699.0	0.6666666666666666
5593	298	0	5	0.7375	159.2	796.0	0.3333333333333333
5594	209	1	4	0.52	175.4	877.0	1.0
5595	160	0	5	0.3925	96.8	484.0	0.6666666666666666
5596	158	0	5	0.3875	95.0	475.0	0.6666666666666666
5597	112	0	5	0.2725	70.4	352.0	0.0
5598	382	0	5	0.9475	85.6	428.0	0.6666666666666666
5599	76	0	5	0.1825	62.8	314.0	0.0
5600	192	0	5	0.4725	174.0	870.0	0.3333333333333333
5601	52	0	5	0.1225	50.0	250.0	0.0
5602	146	0	5	0.3575	95.6	478.0	0.6666666666666666
5603	124	0	5	0.3025	98.2	491.0	0.0
5604	351	0	5	0.87	141.2	706.0	0.6666666666666666
5605	380	0	5	0.9425	225.0	1125.0	0.6666666666666666
5606	250	0	5	0.6175	92.2	461.0	0.6666666666666666
5607	177	0	5	0.435	67.0	335.0	0.3333333333333333
5608	159	0	5	0.39	95.2	476.0	0.3333333333333333
5609	127	0	5	0.31	112.2	561.0	0.3333333333333333
5610	150	0	5	0.3675	63.6	318.0	0.3333333333333333
5611	45	0	5	0.105	43.0	215.0	0.0
5612	62	0	5	0.1475	60.0	300.0	0.0
5613	386	0	5	0.9575	202.2	1011.0	0.3333333333333333
5614	220	0	5	0.5425	175.8	879.0	0.3333333333333333
5615	25	0	5	0.055	23.0	115.0	0.0
5616	49	0	5	0.115	42.4	212.0	0.0
5617	325	0	5	0.805	283.4	1417.0	0.6666666666666666
5618	224	1	4	0.5575	60.0	300.0	1.0
5619	322	0	5	0.7975	177.8	889.0	0.3333333333333333
5620	8	0	5	0.0125	6.0	30.0	0.0
5621	355	0	5	0.88	166.6	833.0	0.6666666666666666
5622	105	0	5	0.255	62.6	313.0	0.6666666666666666
5623	77	0	5	0.185	72.6	363.0	0.3333333333333333
5624	19	0	5	0.04	17.0	85.0	0.0
5625	144	0	5	0.3525	60.8	304.0	0.3333333333333333
5626	168	0	5	0.4125	147.6	738.0	0.3333333333333333
5627	103	0	5	0.25	85.4	427.0	0.0
5628	274	0	5	0.6775	180.8	904.0	0.3333333333333333
5629	82	0	5	0.1975	74.4	372.0	0.3333333333333333
5630	258	0	5	0.6375	62.4	312.0	0.6666666666666666
5631	238	0	5	0.5875	132.0	660.0	0.3333333333333333
5632	309	0	5	0.765	202.2	1011.0	0.6666666666666666
5633	344	0	5	0.8525	248.2	1241.0	0.6666666666666666
5634	59	0	5	0.14	53.0	265.0	0.0
5635	99	0	5	0.24	25.8	129.0	0.3333333333333333
5636	381	0	5	0.945	106.2	531.0	0.6666666666666666
5637	210	0	5	0.5175	127.6	638.0	0.3333333333333333
5638	95	0	5	0.23	91.2	456.0	0.3333333333333333
5639	11	0	5	0.02	9.0	45.0	0.0
5640	118	0	5	0.2875	80.8	404.0	0.3333333333333333
5641	258	0	5	0.6375	175.6	878.0	0.0
5642	263	0	5	0.65	165.4	827.0	0.0
5643	60	0	5	0.1425	13.2	66.0	0.3333333333333333
5644	330	0	5	0.8175	130.0	650.0	0.6666666666666666
5645	340	0	5	0.8425	146.8	734.0	0.6666666666666666
5646	21	0	5	0.045	19.0	95.0	0.0
5647	132	0	5	0.3225	130.0	650.0	0.0
5648	215	0	5	0.53	81.2	406.0	0.6666666666666666
5649	356	0	5	0.8825	221.0	1105.0	0.6666666666666666
5650	195	0	5	0.48	188.6	943.0	0.3333333333333333
5651	259	0	5	0.64	207.0	1035.0	0.3333333333333333
5652	127	0	5	0.31	103.2	516.0	0.6666666666666666
5653	188	0	5	0.4625	123.0	615.0	0.3333333333333333
5654	238	0	5	0.5875	161.8	809.0	0.3333333333333333
5655	238	1	4	0.5925	102.8	514.0	1.0
5656	259	0	5	0.64	154.8	774.0	0.6666666666666666
5657	152	1	4	0.3775	101.0	505.0	1.0
5658	370	0	5	0.9175	246.4	1232.0	0.6666666666666666
5659	296	0	5	0.7325	119.4	597.0	0.6666666666666666
5660	169	0	5	0.415	105.8	529.0	0.6666666666666666
5661	216	0	5	0.5325	132.2	661.0	0.6666666666666666
5662	184	0	5	0.4525	175.4	877.0	0.3333333333333333
5663	238	0	5	0.5875	50.4	252.0	0.6666666666666666
5664	349	0	5	0.865	127.0	635.0	0.3333333333333333
5665	155	0	5	0.38	153.0	765.0	0.0
5666	134	0	5	0.3275	98.4	492.0	0.3333333333333333
5667	117	0	5	0.285	62.8	314.0	0.3333333333333333
5668	212	0	5	0.5225	85.8	429.0	0.3333333333333333
5669	137	0	5	0.335	96.2	481.0	0.3333333333333333
5670	288	0	5	0.7125	135.0	675.0	0.6666666666666666
5671	55	0	5	0.13	53.0	265.0	0.0
5672	297	0	5	0.735	151.0	755.0	0.3333333333333333
5673	48	0	5	0.1125	46.0	230.0	0.0
5674	144	0	5	0.3525	80.2	401.0	0.0
5675	332	0	5	0.8225	213.0	1065.0	0.6666666666666666
5676	258	0	5	0.6375	87.6	438.0	0.3333333333333333
5677	111	0	5	0.27	109.0	545.0	0.0
5678	352	0	5	0.8725	186.0	930.0	0.6666666666666666
5679	111	0	5	0.27	108.2	541.0	0.3333333333333333
5680	359	0	5	0.89	266.0	1330.0	0.6666666666666666
5681	168	0	5	0.4125	140.4	702.0	0.0
5682	254	0	5	0.6275	221.0	1105.0	0.3333333333333333
5683	203	0	5	0.5	130.2	651.0	0.0
5684	251	0	5	0.62	143.0	715.0	0.6666666666666666
5685	58	0	5	0.1375	56.0	280.0	0.0
5686	210	0	5	0.5175	123.2	616.0	0.3333333333333333
5687	174	0	5	0.4275	149.6	748.0	0.3333333333333333
5688	166	1	4	0.4125	99.4	497.0	1.0
5689	61	0	5	0.145	59.0	295.0	0.0
5690	119	0	5	0.29	104.2	521.0	0.3333333333333333
5691	337	0	5	0.835	211.8	1059.0	0.6666666666666666
5692	168	0	5	0.4125	124.0	620.0	0.6666666666666666
5693	270	0	5	0.6675	173.0	865.0	0.3333333333333333
5694	191	0	5	0.47	148.2	741.0	0.6666666666666666
5695	161	0	5	0.395	86.2	431.0	0.3333333333333333
5696	250	0	5	0.6175	187.6	938.0	0.0
5697	365	0	5	0.905	109.4	547.0	0.6666666666666666
5698	243	0	5	0.6	197.4	987.0	0.3333333333333333
5699	45	0	5	0.105	29.2	146.0	0.0
5700	170	0	5	0.4175	107.8	539.0	0.0
5701	348	0	5	0.8625	188.8	944.0	0.3333333333333333
5702	42	0	5	0.0975	30.8	154.0	0.3333333333333333
5703	5	0	5	0.005	3.0	15.0	0.0
5704	140	0	5	0.3425	113.6	568.0	0.0
5705	106	0	5	0.2575	104.0	520.0	0.0
5706	80	0	5	0.1925	62.8	314.0	0.6666666666666666
5707	13	0	5	0.025	11.0	55.0	0.0
5708	18	0	5	0.0375	16.0	80.0	0.0
5709	290	0	5	0.7175	158.2	791.0	0.6666666666666666
5710	154	0	5	0.3775	96.0	480.0	0.6666666666666666
5711	112	0	5	0.2725	78.2	391.0	0.3333333333333333
5712	198	0	5	0.4875	55.2	276.0	0.3333333333333333
5713	6	0	5	0.0075	4.0	20.0	0.0
5714	174	0	5	0.4275	162.0	810.0	0.3333333333333333
5715	202	0	5	0.4975	147.4	737.0	0.3333333333333333
5716	167	0	5	0.41	111.0	555.0	0.3333333333333333
5717	257	0	5	0.635	140.6	703.0	0.6666666666666666
5718	83	0	5	0.2	47.4	237.0	0.6666666666666666
5719	95	0	5	0.23	59.0	295.0	0.0
5720	42	0	5	0.0975	29.6	148.0	0.0
5721	318	0	5	0.7875	196.4	982.0	0.6666666666666666
5722	36	0	5	0.0825	34.0	170.0	0.0
5723	226	0	5	0.5575	188.0	940.0	0.6666666666666666
5724	299	0	5	0.74	157.4	787.0	0.3333333333333333
5725	57	0	5	0.135	55.0	275.0	0.0
5726	352	0	5	0.8725	129.6	648.0	0.6666666666666666
5727	293	0	5	0.725	139.0	695.0	0.6666666666666666
5728	248	0	5	0.6125	246.0	1230.0	0.0
5729	4	0	5	0.0025	2.0	10.0	0.0
5730	92	0	5	0.2225	90.0	450.0	0.0
5731	178	0	5	0.4375	58.4	292.0	0.6666666666666666
5732	56	0	5	0.1325	54.0	270.0	0.0
5733	194	0	5	0.4775	154.4	772.0	0.0
5734	369	0	5	0.915	161.0	805.0	0.6666666666666666
5735	177	0	5	0.435	39.8	199.0	0.3333333333333333
5736	329	0	5	0.815	250.8	1254.0	0.6666666666666666
5737	275	0	5	0.68	173.2	866.0	0.6666666666666666
5738	245	0	5	0.605	239.0	1195.0	0.3333333333333333
5739	355	0	5	0.88	157.4	787.0	0.6666666666666666
5740	310	0	5	0.7675	245.4	1227.0	0.6666666666666666
5741	136	0	5	0.3325	134.0	670.0	0.0
5742	214	0	5	0.5275	196.0	980.0	0.3333333333333333
5743	350	1	4	0.8725	204.8	1024.0	1.0
5744	353	0	5	0.875	180.4	902.0	0.6666666666666666
5745	60	0	5	0.1425	58.0	290.0	0.0
5746	303	0	5	0.75	130.6	653.0	0.6666666666666666
5747	105	0	5	0.255	96.4	482.0	0.3333333333333333
5748	348	1	4	0.8675	183.0	915.0	1.0
5749	292	0	5	0.7225	143.4	717.0	0.3333333333333333
5750	188	0	5	0.4625	129.6	648.0	0.3333333333333333
5751	355	0	5	0.88	202.6	1013.0	0.6666666666666666
5752	331	0	5	0.82	270.6	1353.0	0.0
5753	177	0	5	0.435	175.0	875.0	0.0
5754	342	1	4	0.8525	224.2	1121.0	1.0
5755	229	0	5	0.565	220.2	1101.0	0.0
5756	29	0	5	0.065	27.0	135.0	0.0
5757	386	0	5	0.9575	147.8	739.0	0.6666666666666666
5758	380	0	5	0.9425	220.6	1103.0	0.6666666666666666
5759	205	0	5	0.505	203.0	1015.0	0.0
5760	367	1	4	0.915	183.2	916.0	1.0
5761	157	0	5	0.385	104.4	522.0	0.3333333333333333
5762	330	0	5	0.8175	138.0	690.0	0.6666666666666666
5763	75	0	5	0.18	73.0	365.0	0.0
5764	56	1	3	0.1375	47.8	239.0	1.0
5765	207	0	5	0.51	153.8	769.0	0.0
5766	288	0	5	0.7125	66.8	334.0	0.3333333333333333
5767	270	0	5	0.6675	136.6	683.0	0.3333333333333333
5768	317	0	5	0.785	259.0	1295.0	0.0
5769	22	0	5	0.0475	13.4	67.0	0.3333333333333333
5770	253	0	5	0.625	86.4	432.0	0.6666666666666666
5771	299	1	4	0.745	278.8	1394.0	1.0
5772	345	0	5	0.855	252.0	1260.0	0.6666666666666666
5773	52	0	5	0.1225	44.8	224.0	0.3333333333333333
5774	347	0	5	0.86	120.6	603.0	0.6666666666666666
5775	30	0	5	0.0675	28.0	140.0	0.0
5776	56	0	5	0.1325	54.0	270.0	0.0
5777	356	0	5	0.8825	126.6	633.0	0.3333333333333333
5778	110	0	5	0.2675	66.4	332.0	0.0
5779	43	0	5	0.1	41.0	205.0	0.0
5780	238	0	5	0.5875	124.0	620.0	0.3333333333333333
5781	241	1	4	0.6	53.0	265.0	1.0
5782	50	0	5	0.1175	48.0	240.0	0.0
5783	46	0	5	0.1075	44.0	220.0	0.0
5784	195	1	4	0.485	154.8	774.0	1.0
5785	353	1	4	0.88	262.6	1313.0	1.0
5786	264	0	5	0.6525	173.2	866.0	0.3333333333333333
5787	379	0	5	0.94	249.0	1245.0	0.6666666666666666
5788	129	0	5	0.315	97.4	487.0	0.3333333333333333
5789	331	0	5	0.82	165.8	829.0	0.6666666666666666
5790	167	0	5	0.41	87.2	436.0	0.3333333333333333
5791	180	0	5	0.4425	164.4	822.0	0.3333333333333333
5792	112	0	5	0.2725	85.6	428.0	0.3333333333333333
5793	84	0	5	0.2025	38.2	191.0	0.3333333333333333
5794	377	0	5	0.935	226.2	1131.0	0.6666666666666666
5795	170	0	5	0.4175	104.6	523.0	0.3333333333333333
5796	360	0	5	0.8925	224.4	1122.0	0.6666666666666666
5797	241	0	5	0.595	157.8	789.0	0.3333333333333333
5798	297	0	5	0.735	215.0	1075.0	0.6666666666666666
5799	215	0	5	0.53	96.4	482.0	0.3333333333333333
5800	46	0	5	0.1075	40.0	200.0	0.0
5801	128	0	5	0.3125	105.2	526.0	0.0
5802	162	0	5	0.3975	137.8	689.0	0.3333333333333333
5803	381	0	5	0.945	138.8	694.0	0.6666666666666666
5804	109	0	5	0.265	107.0	535.0	0.0
5805	199	0	5	0.49	159.8	799.0	0.3333333333333333
5806	264	0	5	0.6525	69.2	346.0	0.0
5807	206	0	5	0.5075	51.2	256.0	0.3333333333333333
5808	263	0	5	0.65	178.4	892.0	0.6666666666666666
5809	63	0	5	0.15	61.0	305.0	0.0
5810	64	0	5	0.1525	62.0	310.0	0.0
5811	13	0	5	0.025	11.0	55.0	0.0
5812	148	0	5	0.3625	110.8	554.0	0.3333333333333333
5813	163	0	5	0.4	138.0	690.0	0.3333333333333333
5814	310	0	5	0.7675	237.2	1186.0	0.6666666666666666
5815	263	0	5	0.65	161.6	808.0	0.6666666666666666
5816	354	0	5	0.8775	165.2	826.0	0.6666666666666666
5817	228	1	4	0.5675	133.4	667.0	1.0
5818	96	0	5	0.2325	79.6	398.0	0.3333333333333333
5819	387	0	5	0.96	101.4	507.0	0.6666666666666666
5820	135	0	5	0.33	130.6	653.0	0.0
5821	353	0	5	0.875	288.4	1442.0	0.6666666666666666
5822	211	1	4	0.525	149.6	748.0	1.0
5823	313	0	5	0.775	292.6	1463.0	0.0
5824	74	0	5	0.1775	49.8	249.0	0.3333333333333333
5825	308	0	5	0.7625	135.0	675.0	0.3333333333333333
5826	239	1	4	0.595	122.6	613.0	1.0
5827	27	0	5	0.06	24.2	121.0	0.3333333333333333
5828	294	0	5	0.7275	213.6	1068.0	0.6666666666666666
5829	395	0	5	0.98	312.2	1561.0	0.6666666666666666
5830	322	0	5	0.7975	252.8	1264.0	0.6666666666666666
5831	326	1	4	0.8125	143.2	716.0	1.0
5832	360	0	5	0.8925	209.0	1045.0	0.6666666666666666
5833	228	0	5	0.5625	112.6	563.0	0.3333333333333333
5834	263	0	5	0.65	195.4	977.0	0.3333333333333333
5835	168	0	5	0.4125	98.0	490.0	0.3333333333333333
5836	324	0	5	0.8025	245.8	1229.0	0.3333333333333333
5837	396	0	5	0.9825	174.6	873.0	0.6666666666666666
5838	303	0	5	0.75	217.8	1089.0	0.3333333333333333
5839	335	1	4	0.835	160.2	801.0	1.0
5840	161	0	5	0.395	71.0	355.0	0.3333333333333333
5841	175	0	5	0.43	139.4	697.0	0.3333333333333333
5842	307	0	5	0.76	122.0	610.0	0.3333333333333333
5843	248	0	5	0.6125	189.6	948.0	0.0
5844	185	0	5	0.455	105.8	529.0	0.6666666666666666
5845	229	0	5	0.565	148.2	741.0	0.3333333333333333
5846	8	0	5	0.0125	6.0	30.0	0.0
5847	313	0	5	0.775	134.2	671.0	0.3333333333333333
5848	264	0	5	0.6525	93.2	466.0	0.3333333333333333
5849	274	0	5	0.6775	66.8	334.0	0.6666666666666666
5850	148	0	5	0.3625	144.8	724.0	0.3333333333333333
5851	295	0	5	0.73	191.8	959.0	0.3333333333333333
5852	15	0	5	0.03	13.0	65.0	0.0
5853	212	0	5	0.5225	42.4	212.0	0.0
5854	43	0	5	0.1	41.0	205.0	0.0
5855	121	0	5	0.295	60.6	303.0	0.3333333333333333
5856	310	0	5	0.7675	119.0	595.0	0.6666666666666666
5857	324	0	5	0.8025	228.4	1142.0	0.6666666666666666
5858	54	0	5	0.1275	52.0	260.0	0.0
5859	67	0	5	0.16	65.0	325.0	0.0
5860	299	0	5	0.74	155.0	775.0	0.6666666666666666
5861	297	0	5	0.735	99.2	496.0	0.6666666666666666
5862	137	0	5	0.335	84.6	423.0	0.6666666666666666
5863	270	0	5	0.6675	90.2	451.0	0.6666666666666666
5864	8	0	5	0.0125	6.0	30.0	0.0
5865	327	0	5	0.81	207.8	1039.0	0.3333333333333333
5866	242	0	5	0.5975	146.4	732.0	0.3333333333333333
5867	165	0	5	0.405	131.2	656.0	0.0
5868	357	0	5	0.885	240.0	1200.0	0.6666666666666666
5869	69	0	5	0.165	67.0	335.0	0.0
5870	232	0	5	0.5725	146.8	734.0	0.0
5871	223	0	5	0.55	107.2	536.0	0.6666666666666666
5872	243	0	5	0.6	176.6	883.0	0.3333333333333333
5873	84	0	5	0.2025	43.4	217.0	0.3333333333333333
5874	109	0	5	0.265	97.8	489.0	0.3333333333333333
5875	396	0	5	0.9825	162.4	812.0	0.6666666666666666
5876	143	0	5	0.35	91.0	455.0	0.3333333333333333
5877	340	0	5	0.8425	120.8	604.0	0.6666666666666666
5878	56	0	5	0.1325	54.0	270.0	0.0
5879	142	0	5	0.3475	105.8	529.0	0.0
5880	270	0	5	0.6675	165.6	828.0	0.3333333333333333
5881	389	0	5	0.965	95.0	475.0	0.6666666666666666
5882	76	0	5	0.1825	29.2	146.0	0.0
5883	59	0	5	0.14	57.0	285.0	0.0
5884	298	0	5	0.7375	210.8	1054.0	0.6666666666666666
5885	140	0	5	0.3425	100.2	501.0	0.3333333333333333
5886	141	0	5	0.345	126.2	631.0	0.0
5887	227	0	5	0.56	225.0	1125.0	0.0
5888	345	0	5	0.855	256.6	1283.0	0.3333333333333333
5889	93	1	2	0.23	82.6	413.0	1.0
5890	161	0	5	0.395	127.8	639.0	0.0
5891	25	0	5	0.055	7.0	35.0	0.0
5892	295	0	5	0.73	90.2	451.0	0.0
5893	388	1	4	0.9675	186.4	932.0	1.0
5894	102	0	5	0.2475	59.2	296.0	0.3333333333333333
5895	24	0	5	0.0525	22.0	110.0	0.0
5896	181	0	5	0.445	170.8	854.0	0.0
5897	117	0	5	0.285	103.0	515.0	0.3333333333333333
5898	268	0	5	0.6625	173.2	866.0	0.3333333333333333
5899	253	0	5	0.625	108.6	543.0	0.3333333333333333
5900	67	0	5	0.16	65.0	325.0	0.0
5901	356	0	5	0.8825	198.6	993.0	0.6666666666666666
5902	204	0	5	0.5025	172.0	860.0	0.3333333333333333
5903	391	1	4	0.975	291.4	1457.0	1.0
5904	31	0	5	0.07	21.2	106.0	0.3333333333333333
5905	30	0	5	0.0675	28.0	140.0	0.0
5906	333	0	5	0.825	127.4	637.0	0.3333333333333333
5907	89	0	5	0.215	25.6	128.0	0.0
5908	4	0	5	0.0025	2.0	10.0	0.0
5909	215	0	5	0.53	140.6	703.0	0.3333333333333333
5910	247	0	5	0.61	168.2	841.0	0.6666666666666666
5911	351	0	5	0.87	197.8	989.0	0.6666666666666666
5912	248	0	5	0.6125	136.4	682.0	0.6666666666666666
5913	110	0	5	0.2675	76.2	381.0	0.6666666666666666
5914	136	0	5	0.3325	110.2	551.0	0.3333333333333333
5915	251	0	5	0.62	136.2	681.0	0.6666666666666666
5916	370	0	5	0.9175	147.4	737.0	0.6666666666666666
5917	121	0	5	0.295	119.0	595.0	0.0
5918	313	0	5	0.775	73.4	367.0	0.6666666666666666
5919	259	0	5	0.64	101.8	509.0	0.6666666666666666
5920	208	0	5	0.5125	126.0	630.0	0.3333333333333333
5921	223	0	5	0.55	165.8	829.0	0.0
5922	367	0	5	0.91	207.0	1035.0	0.6666666666666666
5923	314	0	5	0.7775	206.0	1030.0	0.3333333333333333
5924	144	0	5	0.3525	135.4	677.0	0.0
5925	374	0	5	0.9275	231.4	1157.0	0.6666666666666666
5926	214	0	5	0.5275	44.8	224.0	0.3333333333333333
5927	236	0	5	0.5825	183.6	918.0	0.6666666666666666
5928	303	0	5	0.75	97.0	485.0	0.6666666666666666
5929	8	0	5	0.0125	6.0	30.0	0.0
5930	369	0	5	0.915	76.6	383.0	0.6666666666666666
5931	306	0	5	0.7575	183.4	917.0	0.6666666666666666
5932	294	0	5	0.7275	149.6	748.0	0.0
5933	51	0	5	0.12	47.4	237.0	0.0
5934	155	0	5	0.38	153.0	765.0	0.0
5935	157	0	5	0.385	154.0	770.0	0.3333333333333333
5936	297	0	5	0.735	164.8	824.0	0.3333333333333333
5937	357	0	5	0.885	97.4	487.0	0.6666666666666666
5938	124	0	5	0.3025	37.4	187.0	0.3333333333333333
5939	323	0	5	0.8	166.2	831.0	0.3333333333333333
5940	385	1	4	0.96	235.4	1177.0	1.0
5941	173	0	5	0.425	115.2	576.0	0.3333333333333333
5942	70	0	5	0.1675	68.0	340.0	0.0
5943	203	0	5	0.5	159.6	798.0	0.0
5944	347	0	5	0.86	190.6	953.0	0.3333333333333333
5945	255	0	5	0.63	191.8	959.0	0.0
5946	387	0	5	0.96	236.8	1184.0	0.6666666666666666
5947	396	1	4	0.9875	274.2	1371.0	1.0
5948	230	0	5	0.5675	188.4	942.0	0.6666666666666666
5949	138	1	4	0.3425	55.2	276.0	1.0
5950	202	0	5	0.4975	104.0	520.0	0.3333333333333333
5951	284	0	5	0.7025	158.6	793.0	0.0
5952	115	0	5	0.28	65.8	329.0	0.3333333333333333
5953	309	0	5	0.765	163.8	819.0	0.6666666666666666
5954	348	1	3	0.8675	313.4	1567.0	1.0
5955	53	0	5	0.125	51.0	255.0	0.0
5956	384	0	5	0.9525	285.2	1426.0	0.3333333333333333
5957	151	0	5	0.37	105.2	526.0	0.3333333333333333
5958	381	0	5	0.945	272.2	1361.0	0.6666666666666666
5959	175	0	5	0.43	113.0	565.0	0.6666666666666666
5960	289	0	5	0.715	97.4	487.0	0.6666666666666666
5961	9	0	5	0.015	7.0	35.0	0.0
5962	99	0	5	0.24	97.0	485.0	0.0
5963	133	0	5	0.325	74.2	371.0	0.3333333333333333
5964	369	1	4	0.92	182.4	912.0	1.0
5965	390	0	5	0.9675	160.2	801.0	0.6666666666666666
5966	233	0	5	0.575	194.4	972.0	0.3333333333333333
5967	200	0	5	0.4925	129.6	648.0	0.0
5968	370	0	5	0.9175	145.8	729.0	0.6666666666666666
5969	348	0	5	0.8625	97.6	488.0	0.6666666666666666
5970	215	0	5	0.53	209.8	1049.0	0.3333333333333333
5971	360	1	4	0.8975	276.8	1384.0	1.0
5972	199	0	5	0.49	187.4	937.0	0.0
5973	296	0	5	0.7325	72.4	362.0	0.6666666666666666
5974	149	0	5	0.365	46.2	231.0	0.6666666666666666
5975	272	0	5	0.6725	123.6	618.0	0.6666666666666666
5976	298	0	5	0.7375	176.8	884.0	0.0
5977	128	0	5	0.3125	126.0	630.0	0.0
5978	293	1	4	0.73	190.6	953.0	1.0
5979	308	0	5	0.7625	96.2	481.0	0.6666666666666666
5980	206	0	5	0.5075	63.2	316.0	0.6666666666666666
5981	7	0	5	0.01	5.0	25.0	0.0
5982	78	0	5	0.1875	67.6	338.0	0.0
5983	86	0	5	0.2075	64.4	322.0	0.3333333333333333
5984	336	0	5	0.8325	214.6	1073.0	0.3333333333333333
5985	147	0	5	0.36	60.2	301.0	0.3333333333333333
5986	175	0	5	0.43	148.0	740.0	0.3333333333333333
5987	339	0	5	0.84	89.8	449.0	0.3333333333333333
5988	300	0	5	0.7425	127.6	638.0	0.3333333333333333
5989	85	0	5	0.205	55.8	279.0	0.3333333333333333
5990	160	0	5	0.3925	158.0	790.0	0.0
5991	281	0	5	0.695	128.6	643.0	0.6666666666666666
5992	380	0	5	0.9425	314.6	1573.0	0.6666666666666666
5993	138	0	5	0.3375	123.8	619.0	0.0
5994	144	0	5	0.3525	141.2	706.0	0.0
5995	12	0	5	0.0225	10.0	50.0	0.0
5996	293	0	5	0.725	94.6	473.0	0.6666666666666666
5997	197	0	5	0.485	105.0	525.0	0.3333333333333333
5998	292	0	5	0.7225	203.0	1015.0	0.6666666666666666
5999	272	1	4	0.6775	158.6	793.0	1.0
6000	188	0	5	0.4625	45.2	226.0	0.3333333333333333
6001	246	1	4	0.6125	58.8	294.0	1.0
6002	157	1	4	0.39	81.6	408.0	1.0
6003	360	0	5	0.8925	164.8	824.0	0.6666666666666666
6004	386	0	5	0.9575	299.2	1496.0	0.6666666666666666
6005	190	1	4	0.4725	142.8	714.0	1.0
6006	227	0	5	0.56	162.8	814.0	0.3333333333333333
6007	37	0	5	0.085	31.2	156.0	0.0
6008	108	0	5	0.2625	46.0	230.0	0.3333333333333333
6009	363	1	4	0.905	288.8	1444.0	1.0
6010	185	1	4	0.46	106.8	534.0	1.0
6011	47	0	5	0.11	36.6	183.0	0.6666666666666666
6012	35	0	5	0.08	20.6	103.0	0.0
6013	264	0	5	0.6525	195.6	978.0	0.6666666666666666
6014	313	1	4	0.78	93.4	467.0	1.0
6015	115	0	5	0.28	110.4	552.0	0.3333333333333333
6016	269	0	5	0.665	200.6	1003.0	0.3333333333333333
6017	112	0	5	0.2725	110.0	550.0	0.0
6018	177	1	4	0.44	122.0	610.0	1.0
6019	355	1	4	0.885	165.4	827.0	1.0
6020	325	0	5	0.805	294.6	1473.0	0.6666666666666666
6021	319	1	4	0.795	79.4	397.0	1.0
6022	370	1	4	0.9225	231.8	1159.0	1.0
6023	35	0	5	0.08	33.0	165.0	0.0
6024	210	0	5	0.5175	129.0	645.0	0.3333333333333333
6025	113	0	5	0.275	111.0	555.0	0.0
6026	285	0	5	0.705	261.4	1307.0	0.3333333333333333
6027	70	0	5	0.1675	67.6	338.0	0.3333333333333333
6028	237	0	5	0.585	215.0	1075.0	0.3333333333333333
6029	125	1	4	0.31	95.0	475.0	1.0
6030	226	1	4	0.5625	98.8	494.0	1.0
6031	108	0	5	0.2625	106.0	530.0	0.0
6032	140	0	5	0.3425	47.2	236.0	0.3333333333333333
6033	161	0	5	0.395	64.0	320.0	0.3333333333333333
6034	220	0	5	0.5425	218.0	1090.0	0.0
6035	50	0	5	0.1175	48.0	240.0	0.0
6036	151	0	5	0.37	88.6	443.0	0.6666666666666666
6037	306	0	5	0.7575	271.0	1355.0	0.3333333333333333
6038	17	0	5	0.035	15.0	75.0	0.0
6039	286	0	5	0.7075	200.8	1004.0	0.6666666666666666
6040	238	0	5	0.5875	108.8	544.0	0.3333333333333333
6041	395	0	5	0.98	195.0	975.0	0.6666666666666666
6042	26	0	5	0.0575	24.0	120.0	0.0
6043	348	0	5	0.8625	231.6	1158.0	0.3333333333333333
6044	378	1	4	0.9425	107.6	538.0	1.0
6045	84	0	5	0.2025	53.0	265.0	0.3333333333333333
6046	196	0	5	0.4825	58.8	294.0	0.3333333333333333
6047	192	0	5	0.4725	119.6	598.0	0.0
6048	170	0	5	0.4175	48.0	240.0	0.3333333333333333
6049	71	0	5	0.17	52.8	264.0	0.3333333333333333
6050	331	0	5	0.82	202.2	1011.0	0.3333333333333333
6051	358	0	5	0.8875	106.8	534.0	0.6666666666666666
6052	240	0	5	0.5925	140.8	704.0	0.6666666666666666
6053	383	0	5	0.95	189.6	948.0	0.6666666666666666
6054	165	0	5	0.405	53.4	267.0	0.6666666666666666
6055	320	0	5	0.7925	112.4	562.0	0.3333333333333333
6056	10	0	5	0.0175	8.0	40.0	0.0
6057	230	0	5	0.5675	53.6	268.0	0.6666666666666666
6058	234	1	4	0.5825	71.4	357.0	1.0
6059	10	0	5	0.0175	8.0	40.0	0.0
6060	293	0	5	0.725	124.6	623.0	0.3333333333333333
6061	82	0	5	0.1975	75.2	376.0	0.6666666666666666
6062	357	1	4	0.89	289.0	1445.0	1.0
6063	386	0	5	0.9575	196.4	982.0	0.6666666666666666
6064	261	0	5	0.645	123.2	616.0	0.6666666666666666
6065	158	0	5	0.3875	114.4	572.0	0.3333333333333333
6066	271	0	5	0.67	180.4	902.0	0.3333333333333333
6067	201	0	5	0.495	181.6	908.0	0.3333333333333333
6068	299	0	5	0.74	109.8	549.0	0.3333333333333333
6069	279	0	5	0.69	84.4	422.0	0.3333333333333333
6070	281	0	5	0.695	177.4	887.0	0.6666666666666666
6071	294	0	5	0.7275	238.0	1190.0	0.6666666666666666
6072	321	0	5	0.795	208.6	1043.0	0.6666666666666666
6073	171	0	5	0.42	102.6	513.0	0.3333333333333333
6074	365	0	5	0.905	215.4	1077.0	0.6666666666666666
6075	171	0	5	0.42	169.0	845.0	0.0
6076	310	0	5	0.7675	87.2	436.0	0.6666666666666666
6077	227	0	5	0.56	63.4	317.0	0.6666666666666666
6078	245	0	5	0.605	190.2	951.0	0.6666666666666666
6079	107	0	5	0.26	105.0	525.0	0.0
6080	8	0	5	0.0125	6.0	30.0	0.0
6081	239	0	5	0.59	165.0	825.0	0.3333333333333333
6082	230	0	5	0.5675	133.6	668.0	0.6666666666666666
6083	68	0	5	0.1625	66.0	330.0	0.0
6084	340	0	5	0.8425	174.0	870.0	0.6666666666666666
6085	209	0	5	0.515	155.4	777.0	0.6666666666666666
6086	206	0	5	0.5075	87.2	436.0	0.3333333333333333
6087	275	0	5	0.68	226.2	1131.0	0.6666666666666666
6088	137	0	5	0.335	83.0	415.0	0.3333333333333333
6089	353	0	5	0.875	189.2	946.0	0.6666666666666666
6090	91	0	5	0.22	71.4	357.0	0.6666666666666666
6091	101	0	5	0.245	99.0	495.0	0.0
6092	40	0	5	0.0925	38.0	190.0	0.0
6093	401	0	5	0.995	245.6	1228.0	0.6666666666666666
6094	252	0	5	0.6225	187.6	938.0	0.3333333333333333
6095	59	0	5	0.14	57.0	285.0	0.0
6096	178	0	5	0.4375	115.2	576.0	0.3333333333333333
6097	250	0	5	0.6175	124.0	620.0	0.6666666666666666
6098	99	0	5	0.24	81.2	406.0	0.3333333333333333
6099	268	1	4	0.6675	138.4	692.0	1.0
6100	137	0	5	0.335	115.2	576.0	0.3333333333333333
6101	242	1	4	0.6025	54.8	274.0	1.0
6102	13	0	5	0.025	11.0	55.0	0.0
6103	101	0	5	0.245	58.8	294.0	0.3333333333333333
6104	55	0	5	0.13	27.0	135.0	0.3333333333333333
6105	284	0	5	0.7025	192.6	963.0	0.3333333333333333
6106	9	0	5	0.015	7.0	35.0	0.0
6107	97	0	5	0.235	19.4	97.0	0.3333333333333333
6108	17	0	5	0.035	15.0	75.0	0.0
6109	314	0	5	0.7775	86.8	434.0	0.6666666666666666
6110	395	0	5	0.98	231.0	1155.0	0.6666666666666666
6111	40	0	5	0.0925	38.0	190.0	0.0
6112	295	1	4	0.735	94.2	471.0	1.0
6113	179	0	5	0.44	66.8	334.0	0.3333333333333333
6114	129	0	5	0.315	80.2	401.0	0.6666666666666666
6115	220	0	5	0.5425	186.4	932.0	0.3333333333333333
6116	235	0	5	0.58	50.8	254.0	0.3333333333333333
6117	302	0	5	0.7475	127.0	635.0	0.3333333333333333
6118	165	0	5	0.405	87.0	435.0	0.3333333333333333
6119	136	0	5	0.3325	115.0	575.0	0.0
6120	299	0	5	0.74	245.0	1225.0	0.6666666666666666
6121	219	0	5	0.54	142.2	711.0	0.6666666666666666
6122	304	0	5	0.7525	207.0	1035.0	0.6666666666666666
6123	143	0	5	0.35	128.4	642.0	0.3333333333333333
6124	128	0	5	0.3125	126.0	630.0	0.0
6125	188	0	5	0.4625	59.6	298.0	0.3333333333333333
6126	282	0	5	0.6975	260.8	1304.0	0.0
6127	62	0	5	0.1475	60.0	300.0	0.0
6128	338	0	5	0.8375	208.4	1042.0	0.6666666666666666
6129	233	0	5	0.575	135.4	677.0	0.3333333333333333
6130	95	0	5	0.23	90.0	450.0	0.3333333333333333
6131	374	0	5	0.9275	175.8	879.0	0.3333333333333333
6132	123	0	5	0.3	57.8	289.0	0.3333333333333333
6133	44	0	5	0.1025	41.6	208.0	0.0
6134	181	0	5	0.445	159.6	798.0	0.3333333333333333
6135	198	0	5	0.4875	130.8	654.0	0.3333333333333333
6136	11	0	5	0.02	7.8	39.0	0.0
6137	307	1	4	0.765	207.0	1035.0	1.0
6138	365	0	5	0.905	274.0	1370.0	0.6666666666666666
6139	299	0	5	0.74	287.0	1435.0	0.3333333333333333
6140	306	0	5	0.7575	136.0	680.0	0.3333333333333333
6141	209	0	5	0.515	128.2	641.0	0.0
6142	223	0	5	0.55	162.6	813.0	0.3333333333333333
6143	385	0	5	0.955	216.0	1080.0	0.6666666666666666
6144	113	0	5	0.275	111.0	555.0	0.0
6145	355	0	5	0.88	113.2	566.0	0.6666666666666666
6146	189	0	5	0.465	115.6	578.0	0.3333333333333333
6147	368	1	4	0.9175	138.8	694.0	1.0
6148	339	0	5	0.84	95.8	479.0	0.3333333333333333
6149	15	0	5	0.03	13.0	65.0	0.0
6150	134	0	5	0.3275	121.2	606.0	0.3333333333333333
6151	182	0	5	0.4475	123.6	618.0	0.3333333333333333
6152	15	0	5	0.03	13.0	65.0	0.0
6153	134	0	5	0.3275	107.2	536.0	0.6666666666666666
6154	71	0	5	0.17	29.4	147.0	0.0
6155	110	0	5	0.2675	82.8	414.0	0.3333333333333333
6156	44	0	5	0.1025	39.2	196.0	0.3333333333333333
6157	381	0	5	0.945	147.6	738.0	0.6666666666666666
6158	121	0	5	0.295	95.8	479.0	0.0
6159	346	0	5	0.8575	195.8	979.0	0.6666666666666666
6160	379	0	5	0.94	298.2	1491.0	0.6666666666666666
6161	161	0	5	0.395	108.2	541.0	0.3333333333333333
6162	241	0	5	0.595	60.6	303.0	0.6666666666666666
6163	264	0	5	0.6525	155.8	779.0	0.6666666666666666
6164	372	1	4	0.9275	99.2	496.0	1.0
6165	310	0	5	0.7675	160.4	802.0	0.6666666666666666
6166	23	0	5	0.05	21.0	105.0	0.0
6167	391	1	3	0.975	206.2	1031.0	1.0
6168	262	0	5	0.6475	188.0	940.0	0.6666666666666666
6169	226	0	5	0.5575	130.4	652.0	0.3333333333333333
6170	188	0	5	0.4625	114.4	572.0	0.3333333333333333
6171	334	1	4	0.8325	282.8	1414.0	1.0
6172	367	0	5	0.91	142.6	713.0	0.6666666666666666
6173	233	0	5	0.575	132.6	663.0	0.3333333333333333
6174	232	0	5	0.5725	154.4	772.0	0.0
6175	293	0	5	0.725	133.0	665.0	0.6666666666666666
6176	139	0	5	0.34	88.0	440.0	0.3333333333333333
6177	136	0	5	0.3325	134.0	670.0	0.0
6178	18	0	5	0.0375	16.0	80.0	0.0
6179	234	0	5	0.5775	120.0	600.0	0.3333333333333333
6180	212	0	5	0.5225	148.2	741.0	0.3333333333333333
6181	178	0	5	0.4375	122.0	610.0	0.3333333333333333
6182	179	0	5	0.44	177.0	885.0	0.0
6183	114	0	5	0.2775	112.0	560.0	0.0
6184	349	0	5	0.865	101.2	506.0	0.3333333333333333
6185	343	0	5	0.85	269.8	1349.0	0.3333333333333333
6186	48	0	5	0.1125	46.0	230.0	0.0
6187	363	0	5	0.9	155.4	777.0	0.6666666666666666
6188	170	1	4	0.4225	78.0	390.0	1.0
6189	373	0	5	0.925	256.0	1280.0	0.6666666666666666
6190	392	0	5	0.9725	163.6	818.0	0.6666666666666666
6191	221	0	5	0.545	168.2	841.0	0.6666666666666666
6192	353	0	5	0.875	112.2	561.0	0.3333333333333333
6193	232	0	5	0.5725	140.0	700.0	0.3333333333333333
6194	126	0	5	0.3075	76.8	384.0	0.3333333333333333
6195	250	0	5	0.6175	167.2	836.0	0.3333333333333333
6196	245	0	5	0.605	204.0	1020.0	0.3333333333333333
6197	38	0	5	0.0875	36.0	180.0	0.0
6198	268	0	5	0.6625	191.0	955.0	0.3333333333333333
6199	329	0	5	0.815	101.6	508.0	0.6666666666666666
6200	277	0	5	0.685	149.0	745.0	0.6666666666666666
6201	159	0	5	0.39	130.2	651.0	0.6666666666666666
6202	351	0	5	0.87	213.8	1069.0	0.3333333333333333
6203	253	1	4	0.63	221.0	1105.0	1.0
6204	30	0	5	0.0675	23.2	116.0	0.3333333333333333
6205	230	1	4	0.5725	177.8	889.0	1.0
6206	277	1	4	0.69	218.2	1091.0	1.0
6207	143	0	5	0.35	33.0	165.0	0.3333333333333333
6208	178	0	5	0.4375	102.4	512.0	0.3333333333333333
6209	124	0	5	0.3025	79.2	396.0	0.3333333333333333
6210	139	0	5	0.34	112.6	563.0	0.3333333333333333
6211	54	0	5	0.1275	52.0	260.0	0.0
6212	282	0	5	0.6975	177.8	889.0	0.6666666666666666
6213	156	0	5	0.3825	144.4	722.0	0.3333333333333333
6214	260	0	5	0.6425	189.8	949.0	0.6666666666666666
6215	253	0	5	0.625	148.8	744.0	0.6666666666666666
6216	154	0	5	0.3775	118.4	592.0	0.3333333333333333
6217	115	0	5	0.28	94.6	473.0	0.0
6218	279	0	5	0.69	138.0	690.0	0.3333333333333333
6219	176	0	5	0.4325	139.8	699.0	0.3333333333333333
6220	237	0	5	0.585	109.4	547.0	0.3333333333333333
6221	60	0	5	0.1425	58.0	290.0	0.0
6222	321	0	5	0.795	138.8	694.0	0.6666666666666666
6223	334	0	5	0.8275	189.2	946.0	0.6666666666666666
6224	93	0	5	0.225	72.6	363.0	0.3333333333333333
6225	247	0	5	0.61	158.2	791.0	0.6666666666666666
6226	53	0	5	0.125	51.0	255.0	0.0
6227	340	0	5	0.8425	281.2	1406.0	0.6666666666666666
6228	50	0	5	0.1175	33.6	168.0	0.0
6229	148	0	5	0.3625	83.8	419.0	0.3333333333333333
6230	165	1	4	0.41	40.2	201.0	1.0
6231	376	1	4	0.9375	310.6	1553.0	1.0
6232	143	0	5	0.35	141.0	705.0	0.0
6233	198	0	5	0.4875	181.6	908.0	0.3333333333333333
6234	155	0	5	0.38	153.0	765.0	0.0
6235	29	0	5	0.065	21.6	108.0	0.3333333333333333
6236	321	1	4	0.8	128.6	643.0	1.0
6237	264	0	5	0.6525	156.8	784.0	0.3333333333333333
6238	207	0	5	0.51	151.2	756.0	0.3333333333333333
6239	279	0	5	0.69	168.2	841.0	0.3333333333333333
6240	280	0	5	0.6925	96.4	482.0	0.6666666666666666
6241	58	0	5	0.1375	48.2	241.0	0.0
6242	333	1	4	0.83	292.0	1460.0	1.0
6243	331	0	5	0.82	118.2	591.0	0.6666666666666666
6244	51	0	5	0.12	49.0	245.0	0.0
6245	397	1	4	0.99	225.8	1129.0	1.0
6246	21	0	5	0.045	19.0	95.0	0.0
6247	362	1	4	0.9025	178.0	890.0	1.0
6248	347	0	5	0.86	115.8	579.0	0.6666666666666666
6249	48	0	5	0.1125	41.2	206.0	0.0
6250	138	0	5	0.3375	102.2	511.0	0.6666666666666666
6251	232	0	5	0.5725	225.2	1126.0	0.3333333333333333
6252	280	0	5	0.6925	215.4	1077.0	0.6666666666666666
6253	131	0	5	0.32	105.8	529.0	0.0
6254	29	0	5	0.065	27.0	135.0	0.0
6255	274	0	5	0.6775	127.2	636.0	0.6666666666666666
6256	49	0	5	0.115	14.2	71.0	0.3333333333333333
6257	259	1	3	0.645	154.6	773.0	1.0
6258	222	0	5	0.5475	127.8	639.0	0.6666666666666666
6259	218	0	5	0.5375	63.2	316.0	0.0
6260	63	0	5	0.15	49.8	249.0	0.3333333333333333
6261	67	0	5	0.16	47.4	237.0	0.0
6262	387	1	4	0.965	217.8	1089.0	1.0
6263	25	0	5	0.055	22.4	112.0	0.0
6264	311	0	5	0.77	240.4	1202.0	0.3333333333333333
6265	387	0	5	0.96	246.0	1230.0	0.6666666666666666
6266	229	0	5	0.565	167.8	839.0	0.0
6267	389	0	5	0.965	124.6	623.0	0.6666666666666666
6268	292	0	5	0.7225	186.6	933.0	0.6666666666666666
6269	376	0	5	0.9325	261.4	1307.0	0.6666666666666666
6270	323	1	4	0.805	159.6	798.0	1.0
6271	94	0	5	0.2275	74.4	372.0	0.3333333333333333
6272	148	0	5	0.3625	40.0	200.0	0.0
6273	117	0	5	0.285	115.0	575.0	0.0
6274	317	0	5	0.785	294.2	1471.0	0.3333333333333333
6275	334	0	5	0.8275	198.2	991.0	0.6666666666666666
6276	319	0	5	0.79	209.4	1047.0	0.6666666666666666
6277	156	0	5	0.3825	114.4	572.0	0.6666666666666666
6278	206	1	4	0.5125	60.4	302.0	1.0
6279	183	0	5	0.45	159.0	795.0	0.3333333333333333
6280	242	0	5	0.5975	147.2	736.0	0.3333333333333333
6281	64	0	5	0.1525	62.0	310.0	0.0
6282	164	0	5	0.4025	162.0	810.0	0.0
6283	168	0	5	0.4125	163.2	816.0	0.0
6284	228	0	5	0.5625	212.4	1062.0	0.0
6285	232	0	5	0.5725	196.2	981.0	0.6666666666666666
6286	12	0	5	0.0225	10.0	50.0	0.0
6287	261	1	4	0.65	99.0	495.0	1.0
6288	176	0	5	0.4325	129.2	646.0	0.3333333333333333
6289	118	0	5	0.2875	48.6	243.0	0.6666666666666666
6290	28	0	5	0.0625	26.0	130.0	0.0
6291	75	0	5	0.18	53.8	269.0	0.3333333333333333
6292	293	0	5	0.725	187.2	936.0	0.6666666666666666
6293	375	0	5	0.93	320.4	1602.0	0.3333333333333333
6294	317	0	5	0.785	161.4	807.0	0.6666666666666666
6295	313	0	5	0.775	191.8	959.0	0.6666666666666666
6296	192	0	5	0.4725	190.0	950.0	0.3333333333333333
6297	241	0	5	0.595	99.8	499.0	0.3333333333333333
6298	84	0	5	0.2025	82.0	410.0	0.0
6299	23	0	5	0.05	21.0	105.0	0.0
6300	190	0	5	0.4675	82.4	412.0	0.6666666666666666
6301	398	0	5	0.9875	182.4	912.0	0.6666666666666666
6302	143	0	5	0.35	63.4	317.0	0.3333333333333333
6303	116	0	5	0.2825	72.0	360.0	0.3333333333333333
6304	172	0	5	0.4225	170.0	850.0	0.0
6305	129	0	5	0.315	123.0	615.0	0.3333333333333333
6306	148	0	5	0.3625	83.0	415.0	0.0
6307	368	0	5	0.9125	138.8	694.0	0.6666666666666666
6308	178	0	5	0.4375	169.6	848.0	0.3333333333333333
6309	36	0	5	0.0825	34.0	170.0	0.0
6310	312	0	5	0.7725	241.0	1205.0	0.3333333333333333
6311	218	0	5	0.5375	74.8	374.0	0.3333333333333333
6312	159	0	5	0.39	121.6	608.0	0.3333333333333333
6313	51	0	5	0.12	33.0	165.0	0.3333333333333333
6314	264	0	5	0.6525	192.0	960.0	0.3333333333333333
6315	124	0	5	0.3025	110.4	552.0	0.3333333333333333
6316	266	0	5	0.6575	137.0	685.0	0.3333333333333333
6317	155	0	5	0.38	89.6	448.0	0.6666666666666666
6318	321	0	5	0.795	242.6	1213.0	0.3333333333333333
6319	141	0	5	0.345	92.2	461.0	0.6666666666666666
6320	324	0	5	0.8025	284.8	1424.0	0.6666666666666666
6321	57	0	5	0.135	55.0	275.0	0.0
6322	154	0	5	0.3775	75.2	376.0	0.0
6323	231	0	5	0.57	174.8	874.0	0.3333333333333333
6324	396	1	4	0.9875	157.8	789.0	1.0
6325	320	0	5	0.7925	180.0	900.0	0.6666666666666666
6326	10	0	5	0.0175	8.0	40.0	0.0
6327	230	0	5	0.5675	172.0	860.0	0.3333333333333333
6328	3	0	5	0.0025	0.6	3.0	0.0
6329	173	0	5	0.425	147.0	735.0	0.3333333333333333
6330	266	0	5	0.6575	196.0	980.0	0.3333333333333333
6331	179	0	5	0.44	177.0	885.0	0.0
6332	266	0	5	0.6575	165.2	826.0	0.6666666666666666
6333	19	0	5	0.04	17.0	85.0	0.0
6334	236	0	5	0.5825	158.0	790.0	0.3333333333333333
6335	369	0	5	0.915	206.2	1031.0	0.6666666666666666
6336	317	1	4	0.79	106.4	532.0	1.0
6337	292	0	5	0.7225	176.4	882.0	0.3333333333333333
6338	23	0	5	0.05	11.4	57.0	0.0
6339	187	0	5	0.46	86.0	430.0	0.3333333333333333
6340	91	0	5	0.22	72.4	362.0	0.3333333333333333
6341	123	0	5	0.3	121.0	605.0	0.0
6342	173	0	5	0.425	117.2	586.0	0.6666666666666666
6343	161	0	5	0.395	78.2	391.0	0.3333333333333333
6344	117	0	5	0.285	95.6	478.0	0.3333333333333333
6345	384	1	4	0.9575	186.2	931.0	1.0
6346	72	0	5	0.1725	70.0	350.0	0.0
6347	167	0	5	0.41	76.2	381.0	0.6666666666666666
6348	261	0	5	0.645	166.2	831.0	0.0
6349	272	0	5	0.6725	150.8	754.0	0.3333333333333333
6350	161	0	5	0.395	139.8	699.0	0.3333333333333333
6351	48	0	5	0.1125	46.0	230.0	0.0
6352	184	1	4	0.4575	84.0	420.0	1.0
6353	385	1	4	0.96	192.2	961.0	1.0
6354	196	0	5	0.4825	148.2	741.0	0.3333333333333333
6355	348	0	5	0.8625	208.4	1042.0	0.3333333333333333
6356	99	0	5	0.24	81.8	409.0	0.3333333333333333
6357	2	0	5	0.0	0.0	0.0	0.0
6358	130	0	5	0.3175	88.4	442.0	0.3333333333333333
6359	5	0	5	0.005	3.0	15.0	0.0
6360	311	1	4	0.775	184.6	923.0	1.0
6361	105	0	5	0.255	80.0	400.0	0.3333333333333333
6362	21	0	5	0.045	19.0	95.0	0.0
6363	262	0	5	0.6475	224.0	1120.0	0.0
6364	41	0	5	0.095	38.2	191.0	0.3333333333333333
6365	25	0	5	0.055	7.8	39.0	0.3333333333333333
6366	167	0	5	0.41	132.6	663.0	0.0
6367	290	0	5	0.7175	228.0	1140.0	0.3333333333333333
6368	33	0	5	0.075	31.0	155.0	0.0
6369	188	0	5	0.4625	135.4	677.0	0.3333333333333333
6370	177	0	5	0.435	81.4	407.0	0.6666666666666666
6371	58	0	5	0.1375	24.0	120.0	0.0
6372	397	0	5	0.985	342.0	1710.0	0.3333333333333333
6373	7	0	5	0.01	5.0	25.0	0.0
6374	350	0	5	0.8675	92.8	464.0	0.3333333333333333
6375	170	0	5	0.4175	168.0	840.0	0.0
6376	216	0	5	0.5325	114.0	570.0	0.3333333333333333
6377	384	1	4	0.9575	139.2	696.0	1.0
6378	162	0	5	0.3975	84.4	422.0	0.3333333333333333
6379	221	0	5	0.545	123.8	619.0	0.6666666666666666
6380	180	0	5	0.4425	99.6	498.0	0.3333333333333333
6381	306	0	5	0.7575	139.0	695.0	0.6666666666666666
6382	175	0	5	0.43	119.0	595.0	0.0
6383	110	0	5	0.2675	52.0	260.0	0.3333333333333333
6384	137	0	5	0.335	108.6	543.0	0.3333333333333333
6385	79	0	5	0.19	77.0	385.0	0.0
6386	141	0	5	0.345	117.4	587.0	0.3333333333333333
6387	333	1	4	0.83	169.6	848.0	1.0
6388	12	0	5	0.0225	10.0	50.0	0.0
6389	207	1	4	0.515	49.4	247.0	1.0
6390	251	0	5	0.62	159.8	799.0	0.6666666666666666
6391	369	0	5	0.915	131.8	659.0	0.6666666666666666
6392	163	0	5	0.4	140.6	703.0	0.3333333333333333
6393	263	0	5	0.65	168.4	842.0	0.6666666666666666
6394	103	0	5	0.25	98.2	491.0	0.3333333333333333
6395	396	1	4	0.9875	120.0	600.0	1.0
6396	384	0	5	0.9525	180.2	901.0	0.6666666666666666
6397	194	0	5	0.4775	97.2	486.0	0.6666666666666666
6398	377	0	5	0.935	169.8	849.0	0.6666666666666666
6399	120	0	5	0.2925	98.6	493.0	0.0
6400	112	0	5	0.2725	26.8	134.0	0.3333333333333333
6401	395	0	5	0.98	290.0	1450.0	0.6666666666666666
6402	97	0	5	0.235	54.8	274.0	0.3333333333333333
6403	395	0	5	0.98	280.0	1400.0	0.3333333333333333
6404	311	0	5	0.77	234.8	1174.0	0.0
6405	10	0	5	0.0175	8.0	40.0	0.0
6406	209	0	5	0.515	186.6	933.0	0.0
6407	289	0	5	0.715	269.4	1347.0	0.3333333333333333
6408	51	0	5	0.12	49.0	245.0	0.0
6409	121	0	5	0.295	48.8	244.0	0.3333333333333333
6410	138	0	5	0.3375	121.2	606.0	0.3333333333333333
6411	82	0	5	0.1975	53.2	266.0	0.3333333333333333
6412	182	0	5	0.4475	156.8	784.0	0.3333333333333333
6413	294	0	5	0.7275	181.2	906.0	0.3333333333333333
6414	19	0	5	0.04	13.0	65.0	0.3333333333333333
6415	314	0	5	0.7775	245.6	1228.0	0.3333333333333333
6416	7	0	5	0.01	5.0	25.0	0.0
6417	78	0	5	0.1875	72.4	362.0	0.0
6418	263	0	5	0.65	261.0	1305.0	0.0
6419	68	0	5	0.1625	27.6	138.0	0.3333333333333333
6420	267	0	5	0.66	197.4	987.0	0.6666666666666666
6421	66	0	5	0.1575	64.0	320.0	0.0
6422	137	0	5	0.335	29.4	147.0	0.6666666666666666
6423	121	0	5	0.295	57.2	286.0	0.3333333333333333
6424	182	0	5	0.4475	145.8	729.0	0.0
6425	117	0	5	0.285	69.8	349.0	0.6666666666666666
6426	354	0	5	0.8775	301.8	1509.0	0.6666666666666666
6427	216	0	5	0.5325	214.0	1070.0	0.0
6428	298	1	4	0.7425	222.0	1110.0	1.0
6429	33	0	5	0.075	31.0	155.0	0.0
6430	241	0	5	0.595	133.6	668.0	0.3333333333333333
6431	95	0	5	0.23	91.8	459.0	0.0
6432	130	0	5	0.3175	80.0	400.0	0.0
6433	118	0	5	0.2875	97.6	488.0	0.3333333333333333
6434	213	0	5	0.525	127.6	638.0	0.3333333333333333
6435	144	0	5	0.3525	137.2	686.0	0.3333333333333333
6436	104	0	5	0.2525	93.6	468.0	0.0
6437	14	0	5	0.0275	12.0	60.0	0.0
6438	394	0	5	0.9775	171.2	856.0	0.3333333333333333
6439	53	0	5	0.125	51.0	255.0	0.0
6440	68	0	5	0.1625	66.0	330.0	0.0
6441	167	0	5	0.41	117.8	589.0	0.0
6442	252	0	5	0.6225	242.8	1214.0	0.3333333333333333
6443	3	0	5	0.0025	0.6	3.0	0.0
6444	183	0	5	0.45	160.4	802.0	0.3333333333333333
6445	27	0	5	0.06	25.0	125.0	0.0
6446	58	0	5	0.1375	56.0	280.0	0.0
6447	185	0	5	0.455	105.0	525.0	0.3333333333333333
6448	344	1	3	0.8575	282.2	1411.0	1.0
6449	334	0	5	0.8275	164.6	823.0	0.6666666666666666
6450	110	0	5	0.2675	70.2	351.0	0.6666666666666666
6451	139	0	5	0.34	137.0	685.0	0.0
6452	21	0	5	0.045	16.2	81.0	0.3333333333333333
6453	274	0	5	0.6775	164.0	820.0	0.3333333333333333
6454	260	0	5	0.6425	71.0	355.0	0.6666666666666666
6455	295	1	4	0.735	167.4	837.0	1.0
6456	211	0	5	0.52	170.2	851.0	0.3333333333333333
6457	379	0	5	0.94	216.2	1081.0	0.6666666666666666
6458	120	0	5	0.2925	45.6	228.0	0.3333333333333333
6459	185	0	5	0.455	84.8	424.0	0.3333333333333333
6460	72	0	5	0.1725	70.0	350.0	0.0
6461	212	0	5	0.5225	179.6	898.0	0.0
6462	192	0	5	0.4725	70.0	350.0	0.6666666666666666
6463	117	0	5	0.285	115.0	575.0	0.0
6464	243	0	5	0.6	204.8	1024.0	0.3333333333333333
6465	246	0	5	0.6075	102.2	511.0	0.3333333333333333
6466	204	0	5	0.5025	190.0	950.0	0.3333333333333333
6467	354	0	5	0.8775	301.4	1507.0	0.3333333333333333
6468	260	0	5	0.6425	158.0	790.0	0.6666666666666666
6469	283	0	5	0.7	254.2	1271.0	0.3333333333333333
6470	282	0	5	0.6975	200.2	1001.0	0.3333333333333333
6471	69	0	5	0.165	50.2	251.0	0.3333333333333333
6472	391	1	4	0.975	164.2	821.0	1.0
6473	80	0	5	0.1925	78.0	390.0	0.0
6474	148	0	5	0.3625	116.8	584.0	0.3333333333333333
6475	330	0	5	0.8175	113.6	568.0	0.6666666666666666
6476	186	1	4	0.4625	94.6	473.0	1.0
6477	330	0	5	0.8175	87.2	436.0	0.6666666666666666
6478	142	0	5	0.3475	140.0	700.0	0.0
6479	165	0	5	0.405	127.8	639.0	0.6666666666666666
6480	116	0	5	0.2825	58.8	294.0	0.0
6481	213	0	5	0.525	200.2	1001.0	0.3333333333333333
6482	199	0	5	0.49	64.8	324.0	0.3333333333333333
6483	318	0	5	0.7875	223.0	1115.0	0.6666666666666666
6484	37	0	5	0.085	34.6	173.0	0.0
6485	246	0	5	0.6075	118.0	590.0	0.3333333333333333
6486	140	0	5	0.3425	116.4	582.0	0.3333333333333333
6487	281	0	5	0.695	183.8	919.0	0.0
6488	361	0	5	0.895	203.6	1018.0	0.6666666666666666
6489	316	0	5	0.7825	92.4	462.0	0.0
6490	147	0	5	0.36	57.2	286.0	0.3333333333333333
6491	276	0	5	0.6825	178.2	891.0	0.3333333333333333
6492	235	0	5	0.58	117.0	585.0	0.3333333333333333
6493	261	0	5	0.645	153.0	765.0	0.3333333333333333
6494	339	1	4	0.845	193.0	965.0	1.0
6495	176	0	5	0.4325	80.4	402.0	0.6666666666666666
6496	156	0	5	0.3825	154.0	770.0	0.0
6497	186	0	5	0.4575	108.4	542.0	0.6666666666666666
6498	347	0	5	0.86	90.0	450.0	0.3333333333333333
6499	353	0	5	0.875	292.2	1461.0	0.3333333333333333
6500	342	0	5	0.8475	239.4	1197.0	0.6666666666666666
6501	235	0	5	0.58	129.6	648.0	0.3333333333333333
6502	372	0	5	0.9225	261.6	1308.0	0.6666666666666666
6503	59	0	5	0.14	57.0	285.0	0.0
6504	205	0	5	0.505	134.6	673.0	0.3333333333333333
6505	98	0	5	0.2375	54.0	270.0	0.3333333333333333
6506	342	1	4	0.8525	102.8	514.0	1.0
6507	299	0	5	0.74	181.2	906.0	0.6666666666666666
6508	401	0	4	0.9975	200.6	1003.0	0.6666666666666666
6509	14	0	5	0.0275	12.0	60.0	0.0
6510	139	0	5	0.34	116.6	583.0	0.0
6511	325	0	5	0.805	233.0	1165.0	0.6666666666666666
6512	229	0	5	0.565	94.6	473.0	0.6666666666666666
6513	377	1	4	0.94	188.6	943.0	1.0
6514	330	0	5	0.8175	240.2	1201.0	0.6666666666666666
6515	230	1	4	0.5725	127.4	637.0	1.0
6516	95	0	5	0.23	65.8	329.0	0.3333333333333333
6517	101	0	5	0.245	88.2	441.0	0.3333333333333333
6518	130	0	5	0.3175	62.4	312.0	0.3333333333333333
6519	174	0	5	0.4275	135.2	676.0	0.3333333333333333
6520	330	0	5	0.8175	128.0	640.0	0.3333333333333333
6521	231	1	4	0.575	117.4	587.0	1.0
6522	108	0	5	0.2625	106.0	530.0	0.0
6523	207	0	5	0.51	114.0	570.0	0.3333333333333333
6524	11	0	5	0.02	9.0	45.0	0.0
6525	32	0	5	0.0725	27.4	137.0	0.0
6526	222	0	5	0.5475	125.2	626.0	0.3333333333333333
6527	355	1	4	0.885	235.4	1177.0	1.0
6528	249	0	5	0.615	99.6	498.0	0.6666666666666666
6529	275	0	5	0.68	104.2	521.0	0.6666666666666666
6530	375	0	5	0.93	129.0	645.0	0.6666666666666666
6531	339	0	5	0.84	196.2	981.0	0.6666666666666666
6532	251	0	5	0.62	221.0	1105.0	0.3333333333333333
6533	331	1	4	0.825	231.0	1155.0	1.0
6534	26	0	5	0.0575	24.0	120.0	0.0
6535	182	0	5	0.4475	131.6	658.0	0.3333333333333333
6536	56	0	5	0.1325	48.8	244.0	0.0
6537	222	0	5	0.5475	82.0	410.0	0.3333333333333333
6538	219	0	5	0.54	144.2	721.0	0.0
6539	168	0	5	0.4125	130.8	654.0	0.6666666666666666
6540	189	0	5	0.465	97.2	486.0	0.3333333333333333
6541	264	0	5	0.6525	160.4	802.0	0.6666666666666666
6542	238	0	5	0.5875	110.0	550.0	0.3333333333333333
6543	202	0	5	0.4975	123.2	616.0	0.3333333333333333
6544	275	0	5	0.68	211.4	1057.0	0.0
6545	171	0	5	0.42	167.8	839.0	0.0
6546	265	0	5	0.655	165.0	825.0	0.6666666666666666
6547	195	0	5	0.48	117.0	585.0	0.0
6548	203	0	5	0.5	150.0	750.0	0.3333333333333333
6549	240	0	5	0.5925	97.0	485.0	0.3333333333333333
6550	296	0	5	0.7325	107.4	537.0	0.6666666666666666
6551	25	0	5	0.055	19.8	99.0	0.0
6552	101	0	5	0.245	44.6	223.0	0.3333333333333333
6553	266	1	3	0.6625	192.2	961.0	1.0
6554	256	0	5	0.6325	137.6	688.0	0.6666666666666666
6555	332	1	4	0.8275	192.2	961.0	1.0
6556	184	0	5	0.4525	127.4	637.0	0.3333333333333333
6557	36	0	5	0.0825	21.2	106.0	0.3333333333333333
6558	208	0	5	0.5125	150.4	752.0	0.3333333333333333
6559	334	0	5	0.8275	184.0	920.0	0.6666666666666666
6560	286	0	5	0.7075	124.4	622.0	0.6666666666666666
6561	349	0	5	0.865	202.4	1012.0	0.6666666666666666
6562	270	0	5	0.6675	201.4	1007.0	0.3333333333333333
6563	16	0	5	0.0325	14.0	70.0	0.0
6564	115	0	5	0.28	95.2	476.0	0.3333333333333333
6565	173	0	5	0.425	116.4	582.0	0.6666666666666666
6566	357	0	5	0.885	282.6	1413.0	0.6666666666666666
6567	249	0	5	0.615	124.2	621.0	0.3333333333333333
6568	281	0	5	0.695	174.2	871.0	0.3333333333333333
6569	171	0	5	0.42	116.6	583.0	0.3333333333333333
6570	378	0	5	0.9375	274.0	1370.0	0.6666666666666666
6571	369	0	5	0.915	224.8	1124.0	0.6666666666666666
6572	98	0	5	0.2375	96.0	480.0	0.0
6573	221	0	5	0.545	160.0	800.0	0.3333333333333333
6574	166	0	5	0.4075	161.2	806.0	0.6666666666666666
6575	151	0	5	0.37	149.0	745.0	0.0
6576	153	0	5	0.375	69.4	347.0	0.3333333333333333
6577	283	0	5	0.7	124.6	623.0	0.6666666666666666
6578	319	1	4	0.795	183.4	917.0	1.0
6579	126	0	5	0.3075	56.4	282.0	0.3333333333333333
6580	262	1	4	0.6525	196.0	980.0	1.0
6581	323	1	4	0.805	123.8	619.0	1.0
6582	31	0	5	0.07	29.0	145.0	0.0
6583	193	0	5	0.475	75.6	378.0	0.3333333333333333
6584	156	0	5	0.3825	90.8	454.0	0.0
6585	189	1	4	0.47	188.2	941.0	1.0
6586	244	0	5	0.6025	187.4	937.0	0.3333333333333333
6587	154	0	5	0.3775	119.2	596.0	0.3333333333333333
6588	101	0	5	0.245	69.4	347.0	0.3333333333333333
6589	196	0	5	0.4825	112.8	564.0	0.3333333333333333
6590	45	0	5	0.105	22.8	114.0	0.3333333333333333
6591	229	0	5	0.565	174.4	872.0	0.6666666666666666
6592	193	0	5	0.475	148.6	743.0	0.3333333333333333
6593	369	0	5	0.915	128.2	641.0	0.6666666666666666
6594	34	0	5	0.0775	32.0	160.0	0.0
6595	317	0	5	0.785	145.8	729.0	0.6666666666666666
6596	194	0	5	0.4775	85.2	426.0	0.0
6597	294	0	5	0.7275	70.4	352.0	0.6666666666666666
6598	55	0	5	0.13	53.0	265.0	0.0
6599	145	0	5	0.355	36.6	183.0	0.6666666666666666
6600	112	0	5	0.2725	93.6	468.0	0.3333333333333333
6601	386	0	5	0.9575	240.6	1203.0	0.6666666666666666
6602	171	0	5	0.42	156.4	782.0	0.3333333333333333
6603	148	1	4	0.3675	98.4	492.0	1.0
6604	78	0	5	0.1875	66.8	334.0	0.0
6605	235	1	4	0.585	116.4	582.0	1.0
6606	246	1	4	0.6125	74.8	374.0	1.0
6607	212	0	5	0.5225	133.6	668.0	0.0
6608	295	0	5	0.73	183.6	918.0	0.6666666666666666
6609	90	1	4	0.2225	51.2	256.0	1.0
6610	274	0	5	0.6775	185.0	925.0	0.3333333333333333
6611	380	0	5	0.9425	228.0	1140.0	0.6666666666666666
6612	97	0	5	0.235	89.6	448.0	0.3333333333333333
6613	212	0	5	0.5225	139.2	696.0	0.6666666666666666
6614	173	0	5	0.425	78.2	391.0	0.3333333333333333
6615	64	0	5	0.1525	53.2	266.0	0.3333333333333333
6616	325	0	5	0.805	158.0	790.0	0.6666666666666666
6617	349	0	5	0.865	231.0	1155.0	0.6666666666666666
6618	54	0	5	0.1275	52.0	260.0	0.0
6619	256	0	5	0.6325	93.8	469.0	0.6666666666666666
6620	49	0	5	0.115	47.0	235.0	0.0
6621	182	0	5	0.4475	138.8	694.0	0.6666666666666666
6622	257	0	5	0.635	121.0	605.0	0.3333333333333333
6623	266	0	5	0.6575	192.4	962.0	0.6666666666666666
6624	230	0	5	0.5675	180.2	901.0	0.6666666666666666
6625	250	0	5	0.6175	83.4	417.0	0.3333333333333333
6626	53	0	5	0.125	35.0	175.0	0.0
6627	333	0	5	0.825	233.8	1169.0	0.3333333333333333
6628	337	0	5	0.835	168.6	843.0	0.3333333333333333
6629	395	0	5	0.98	225.8	1129.0	0.6666666666666666
6630	135	0	5	0.33	133.0	665.0	0.0
6631	116	0	5	0.2825	106.4	532.0	0.0
6632	93	0	5	0.225	91.0	455.0	0.0
6633	17	0	5	0.035	15.0	75.0	0.0
6634	322	0	5	0.7975	77.6	388.0	0.6666666666666666
6635	197	0	5	0.485	103.4	517.0	0.3333333333333333
6636	34	0	5	0.0775	32.0	160.0	0.0
6637	157	1	4	0.39	95.6	478.0	1.0
6638	216	0	5	0.5325	161.6	808.0	0.6666666666666666
6639	265	0	5	0.655	145.2	726.0	0.6666666666666666
6640	401	0	4	0.9975	184.6	923.0	0.6666666666666666
6641	314	0	5	0.7775	216.8	1084.0	0.6666666666666666
6642	237	0	5	0.585	135.8	679.0	0.6666666666666666
6643	179	0	5	0.44	99.4	497.0	0.3333333333333333
6644	66	0	5	0.1575	51.2	256.0	0.0
6645	325	0	5	0.805	252.6	1263.0	0.3333333333333333
6646	219	0	5	0.54	113.4	567.0	0.6666666666666666
6647	398	0	5	0.9875	267.0	1335.0	0.6666666666666666
6648	101	0	5	0.245	67.8	339.0	0.3333333333333333
6649	380	0	5	0.9425	261.4	1307.0	0.6666666666666666
6650	215	0	5	0.53	156.2	781.0	0.3333333333333333
6651	84	0	5	0.2025	78.8	394.0	0.0
6652	265	0	5	0.655	215.4	1077.0	0.6666666666666666
6653	379	0	5	0.94	175.0	875.0	0.6666666666666666
6654	17	0	5	0.035	15.0	75.0	0.0
6655	36	0	5	0.0825	28.0	140.0	0.0
6656	145	0	5	0.355	107.4	537.0	0.0
6657	252	1	4	0.6275	199.6	998.0	1.0
6658	198	0	5	0.4875	62.4	312.0	0.6666666666666666
6659	252	0	5	0.6225	76.2	381.0	0.6666666666666666
6660	117	0	5	0.285	107.2	536.0	0.3333333333333333
6661	343	0	5	0.85	196.4	982.0	0.6666666666666666
6662	193	0	5	0.475	96.2	481.0	0.0
6663	339	0	5	0.84	241.4	1207.0	0.6666666666666666
6664	221	0	5	0.545	81.4	407.0	0.3333333333333333
6665	147	0	5	0.36	114.6	573.0	0.6666666666666666
6666	372	0	5	0.9225	264.2	1321.0	0.6666666666666666
6667	349	0	5	0.865	175.0	875.0	0.3333333333333333
6668	310	0	5	0.7675	78.8	394.0	0.3333333333333333
6669	247	0	5	0.61	86.0	430.0	0.6666666666666666
6670	59	0	5	0.14	41.0	205.0	0.3333333333333333
6671	8	0	5	0.0125	6.0	30.0	0.0
6672	398	0	5	0.9875	360.8	1804.0	0.6666666666666666
6673	38	0	5	0.0875	36.0	180.0	0.0
6674	321	0	5	0.795	100.0	500.0	0.6666666666666666
6675	312	0	5	0.7725	115.2	576.0	0.6666666666666666
6676	48	0	5	0.1125	42.8	214.0	0.3333333333333333
6677	228	0	5	0.5625	114.4	572.0	0.6666666666666666
6678	96	0	5	0.2325	94.0	470.0	0.0
6679	239	0	5	0.59	60.2	301.0	0.3333333333333333
6680	243	1	4	0.605	190.0	950.0	1.0
6681	396	0	5	0.9825	164.0	820.0	0.6666666666666666
6682	9	0	5	0.015	7.0	35.0	0.0
6683	213	0	5	0.525	194.2	971.0	0.6666666666666666
6684	9	0	5	0.015	7.0	35.0	0.0
6685	301	0	5	0.745	141.8	709.0	0.3333333333333333
6686	194	0	5	0.4775	123.6	618.0	0.0
6687	261	1	4	0.65	133.8	669.0	1.0
6688	355	0	5	0.88	206.2	1031.0	0.6666666666666666
6689	240	0	5	0.5925	93.2	466.0	0.6666666666666666
6690	39	0	5	0.09	25.0	125.0	0.0
6691	384	1	4	0.9575	80.8	404.0	1.0
6692	239	0	5	0.59	159.0	795.0	0.3333333333333333
6693	113	0	5	0.275	80.6	403.0	0.3333333333333333
6694	263	0	5	0.65	206.6	1033.0	0.0
6695	252	0	5	0.6225	162.0	810.0	0.6666666666666666
6696	296	0	5	0.7325	100.6	503.0	0.6666666666666666
6697	319	1	4	0.795	279.8	1399.0	1.0
6698	132	0	5	0.3225	98.8	494.0	0.3333333333333333
6699	258	1	4	0.6425	195.0	975.0	1.0
6700	280	0	5	0.6925	125.0	625.0	0.3333333333333333
6701	372	0	5	0.9225	217.0	1085.0	0.6666666666666666
6702	126	0	5	0.3075	107.0	535.0	0.6666666666666666
6703	56	0	5	0.1325	54.0	270.0	0.0
6704	7	0	5	0.01	5.0	25.0	0.0
6705	68	0	5	0.1625	66.0	330.0	0.0
6706	264	0	5	0.6525	162.8	814.0	0.6666666666666666
6707	78	0	5	0.1875	45.4	227.0	0.0
6708	384	0	5	0.9525	234.4	1172.0	0.6666666666666666
6709	307	1	4	0.765	111.2	556.0	1.0
6710	166	0	5	0.4075	124.8	624.0	0.6666666666666666
6711	165	0	5	0.405	88.6	443.0	0.3333333333333333
6712	257	0	5	0.635	202.8	1014.0	0.6666666666666666
6713	68	0	5	0.1625	66.0	330.0	0.0
6714	332	0	5	0.8225	256.8	1284.0	0.3333333333333333
6715	204	0	5	0.5025	172.2	861.0	0.0
6716	245	0	5	0.605	193.6	968.0	0.3333333333333333
6717	317	0	5	0.785	187.2	936.0	0.6666666666666666
6718	174	0	5	0.4275	172.0	860.0	0.0
6719	181	0	5	0.445	81.4	407.0	0.3333333333333333
6720	227	0	5	0.56	95.4	477.0	0.3333333333333333
6721	88	0	5	0.2125	42.8	214.0	0.0
6722	210	0	5	0.5175	179.2	896.0	0.3333333333333333
6723	205	0	5	0.505	111.8	559.0	0.0
6724	89	0	5	0.215	41.4	207.0	0.6666666666666666
6725	31	0	5	0.07	29.0	145.0	0.0
6726	275	0	5	0.68	73.2	366.0	0.6666666666666666
6727	82	0	5	0.1975	33.8	169.0	0.0
6728	276	0	5	0.6825	117.4	587.0	0.6666666666666666
6729	336	0	5	0.8325	247.0	1235.0	0.6666666666666666
6730	286	0	5	0.7075	221.6	1108.0	0.3333333333333333
6731	276	0	5	0.6825	152.2	761.0	0.6666666666666666
6732	376	0	5	0.9325	312.8	1564.0	0.3333333333333333
6733	400	0	5	0.9925	145.4	727.0	0.6666666666666666
6734	285	0	5	0.705	187.0	935.0	0.3333333333333333
6735	310	1	4	0.7725	179.2	896.0	1.0
6736	157	0	5	0.385	85.0	425.0	0.3333333333333333
6737	294	0	5	0.7275	136.0	680.0	0.3333333333333333
6738	141	0	5	0.345	110.0	550.0	0.3333333333333333
6739	358	0	5	0.8875	281.4	1407.0	0.3333333333333333
6740	180	1	4	0.4475	103.6	518.0	1.0
6741	351	0	5	0.87	255.0	1275.0	0.6666666666666666
6742	165	0	5	0.405	155.0	775.0	0.3333333333333333
6743	322	1	4	0.8025	82.8	414.0	1.0
6744	45	0	5	0.105	43.0	215.0	0.0
6745	349	0	5	0.865	92.6	463.0	0.3333333333333333
6746	197	0	5	0.485	125.4	627.0	0.3333333333333333
6747	146	0	5	0.3575	137.2	686.0	0.6666666666666666
6748	149	0	5	0.365	75.8	379.0	0.3333333333333333
6749	58	0	5	0.1375	56.0	280.0	0.0
6750	133	0	5	0.325	131.0	655.0	0.0
6751	260	0	5	0.6425	203.4	1017.0	0.6666666666666666
6752	310	0	5	0.7675	155.6	778.0	0.6666666666666666
6753	88	0	5	0.2125	86.0	430.0	0.0
6754	45	0	5	0.105	43.0	215.0	0.0
6755	198	0	5	0.4875	121.6	608.0	0.0
6756	307	0	5	0.76	86.6	433.0	0.6666666666666666
6757	179	0	5	0.44	177.0	885.0	0.0
6758	115	0	5	0.28	78.8	394.0	0.3333333333333333
6759	181	0	5	0.445	115.2	576.0	0.3333333333333333
6760	44	0	5	0.1025	42.0	210.0	0.0
6761	264	0	5	0.6525	203.4	1017.0	0.6666666666666666
6762	37	0	5	0.085	15.2	76.0	0.3333333333333333
6763	104	0	5	0.2525	90.6	453.0	0.0
6764	81	0	5	0.195	79.0	395.0	0.0
6765	269	0	5	0.665	120.2	601.0	0.6666666666666666
6766	102	0	5	0.2475	28.0	140.0	0.3333333333333333
6767	237	0	5	0.585	197.6	988.0	0.6666666666666666
6768	248	0	5	0.6125	58.0	290.0	0.6666666666666666
6769	269	0	5	0.665	191.8	959.0	0.0
6770	195	0	5	0.48	193.0	965.0	0.0
6771	400	0	5	0.9925	99.6	498.0	0.6666666666666666
6772	310	0	5	0.7675	130.8	654.0	0.6666666666666666
6773	156	0	5	0.3825	74.4	372.0	0.3333333333333333
6774	323	0	5	0.8	205.4	1027.0	0.3333333333333333
6775	399	0	5	0.99	216.4	1082.0	0.6666666666666666
6776	257	0	5	0.635	132.6	663.0	0.6666666666666666
6777	334	1	4	0.8325	277.4	1387.0	1.0
6778	138	0	5	0.3375	64.0	320.0	0.3333333333333333
6779	118	0	5	0.2875	38.4	192.0	0.3333333333333333
6780	298	0	5	0.7375	157.0	785.0	0.6666666666666666
6781	95	0	5	0.23	67.8	339.0	0.3333333333333333
6782	199	0	5	0.49	135.0	675.0	0.6666666666666666
6783	227	0	5	0.56	53.8	269.0	0.3333333333333333
6784	268	1	4	0.6675	120.8	604.0	1.0
6785	185	0	5	0.455	83.8	419.0	0.3333333333333333
6786	24	0	5	0.0525	22.0	110.0	0.0
6787	61	0	5	0.145	59.0	295.0	0.0
6788	72	0	5	0.1725	70.0	350.0	0.0
6789	15	0	5	0.03	2.6	13.0	0.0
6790	170	0	5	0.4175	155.6	778.0	0.3333333333333333
6791	333	0	5	0.825	240.6	1203.0	0.3333333333333333
6792	217	0	5	0.535	169.4	847.0	0.0
6793	36	0	5	0.0825	34.0	170.0	0.0
6794	75	0	5	0.18	73.0	365.0	0.0
6795	175	0	5	0.43	126.8	634.0	0.6666666666666666
6796	386	0	5	0.9575	180.8	904.0	0.6666666666666666
6797	314	0	5	0.7775	89.2	446.0	0.6666666666666666
6798	356	0	5	0.8825	218.2	1091.0	0.6666666666666666
6799	242	0	5	0.5975	98.0	490.0	0.3333333333333333
6800	146	0	5	0.3575	144.0	720.0	0.0
6801	222	0	5	0.5475	95.8	479.0	0.3333333333333333
6802	97	0	5	0.235	95.0	475.0	0.0
6803	387	0	5	0.96	172.4	862.0	0.6666666666666666
6804	234	0	5	0.5775	113.8	569.0	0.6666666666666666
6805	344	0	5	0.8525	125.2	626.0	0.6666666666666666
6806	65	0	5	0.155	63.0	315.0	0.0
6807	347	1	4	0.865	150.0	750.0	1.0
6808	371	0	5	0.92	124.0	620.0	0.6666666666666666
6809	22	0	5	0.0475	20.0	100.0	0.0
6810	283	0	5	0.7	63.0	315.0	0.6666666666666666
6811	249	0	5	0.615	173.0	865.0	0.3333333333333333
6812	118	1	4	0.2925	41.2	206.0	1.0
6813	226	0	5	0.5575	117.0	585.0	0.6666666666666666
6814	289	1	4	0.72	151.6	758.0	1.0
6815	380	0	5	0.9425	175.0	875.0	0.6666666666666666
6816	104	0	5	0.2525	58.8	294.0	0.3333333333333333
6817	103	0	5	0.25	84.8	424.0	0.3333333333333333
6818	97	0	5	0.235	73.4	367.0	0.3333333333333333
6819	71	0	5	0.17	69.0	345.0	0.0
6820	110	0	5	0.2675	86.4	432.0	0.0
6821	357	0	5	0.885	237.6	1188.0	0.3333333333333333
6822	234	0	5	0.5775	88.0	440.0	0.6666666666666666
6823	33	0	5	0.075	31.0	155.0	0.0
6824	112	0	5	0.2725	78.8	394.0	0.3333333333333333
6825	57	0	5	0.135	55.0	275.0	0.0
6826	233	0	5	0.575	94.2	471.0	0.3333333333333333
6827	162	0	5	0.3975	160.0	800.0	0.0
6828	81	0	5	0.195	79.0	395.0	0.0
6829	265	0	5	0.655	188.6	943.0	0.3333333333333333
6830	77	1	4	0.19	57.0	285.0	1.0
6831	310	0	5	0.7675	304.4	1522.0	0.0
6832	310	0	5	0.7675	198.8	994.0	0.3333333333333333
6833	329	1	4	0.82	103.0	515.0	1.0
6834	295	0	5	0.73	120.2	601.0	0.3333333333333333
6835	198	0	5	0.4875	130.8	654.0	0.6666666666666666
6836	107	0	5	0.26	104.2	521.0	0.0
6837	149	0	5	0.365	117.8	589.0	0.3333333333333333
6838	86	0	5	0.2075	76.8	384.0	0.3333333333333333
6839	99	0	5	0.24	63.4	317.0	0.3333333333333333
6840	45	0	5	0.105	43.0	215.0	0.0
6841	184	0	5	0.4525	147.2	736.0	0.3333333333333333
6842	29	0	5	0.065	23.8	119.0	0.0
6843	394	0	5	0.9775	253.2	1266.0	0.6666666666666666
6844	255	0	5	0.63	184.4	922.0	0.3333333333333333
6845	203	0	5	0.5	177.0	885.0	0.0
6846	118	0	5	0.2875	96.4	482.0	0.3333333333333333
6847	14	0	5	0.0275	12.0	60.0	0.0
6848	113	0	5	0.275	28.0	140.0	0.3333333333333333
6849	224	0	5	0.5525	165.2	826.0	0.0
6850	386	0	5	0.9575	151.8	759.0	0.6666666666666666
6851	354	1	4	0.8825	163.2	816.0	1.0
6852	367	0	5	0.91	150.8	754.0	0.3333333333333333
6853	326	0	5	0.8075	196.2	981.0	0.6666666666666666
6854	342	0	5	0.8475	115.4	577.0	0.3333333333333333
6855	258	0	5	0.6375	220.8	1104.0	0.3333333333333333
6856	280	0	5	0.6925	174.4	872.0	0.3333333333333333
6857	363	0	5	0.9	216.8	1084.0	0.6666666666666666
6858	298	1	4	0.7425	234.8	1174.0	1.0
6859	275	0	5	0.68	191.4	957.0	0.0
6860	111	0	5	0.27	74.6	373.0	0.0
6861	221	0	5	0.545	189.8	949.0	0.3333333333333333
6862	174	0	5	0.4275	71.2	356.0	0.3333333333333333
6863	143	0	5	0.35	60.6	303.0	0.6666666666666666
6864	264	0	5	0.6525	103.4	517.0	0.3333333333333333
6865	226	0	5	0.5575	157.0	785.0	0.3333333333333333
6866	121	0	5	0.295	100.2	501.0	0.0
6867	386	0	5	0.9575	199.6	998.0	0.6666666666666666
6868	328	0	5	0.8125	154.8	774.0	0.3333333333333333
6869	291	0	5	0.72	145.8	729.0	0.3333333333333333
6870	129	0	5	0.315	127.0	635.0	0.0
6871	102	0	5	0.2475	89.2	446.0	0.0
6872	43	0	5	0.1	41.0	205.0	0.0
6873	389	0	5	0.965	180.4	902.0	0.6666666666666666
6874	186	0	5	0.4575	104.4	522.0	0.3333333333333333
6875	242	0	5	0.5975	143.0	715.0	0.3333333333333333
6876	85	0	5	0.205	33.4	167.0	0.0
6877	137	0	5	0.335	83.0	415.0	0.3333333333333333
6878	261	0	5	0.645	204.4	1022.0	0.6666666666666666
6879	49	0	5	0.115	47.0	235.0	0.0
6880	272	1	4	0.6775	106.0	530.0	1.0
6881	25	0	5	0.055	15.2	76.0	0.3333333333333333
6882	194	0	5	0.4775	86.4	432.0	0.3333333333333333
6883	160	0	5	0.3925	88.4	442.0	0.3333333333333333
6884	387	0	5	0.96	186.4	932.0	0.6666666666666666
6885	336	0	5	0.8325	76.4	382.0	0.6666666666666666
6886	304	0	5	0.7525	233.0	1165.0	0.6666666666666666
6887	150	0	5	0.3675	95.6	478.0	0.3333333333333333
6888	191	0	5	0.47	123.4	617.0	0.6666666666666666
6889	229	0	5	0.565	129.8	649.0	0.3333333333333333
6890	401	0	5	0.995	159.4	797.0	0.6666666666666666
6891	48	0	5	0.1125	29.8	149.0	0.3333333333333333
6892	220	0	5	0.5425	142.8	714.0	0.0
6893	234	1	4	0.5825	124.8	624.0	1.0
6894	145	0	5	0.355	88.6	443.0	0.3333333333333333
6895	274	0	5	0.6775	151.4	757.0	0.3333333333333333
6896	209	0	5	0.515	150.2	751.0	0.6666666666666666
6897	234	0	5	0.5775	196.8	984.0	0.6666666666666666
6898	143	0	5	0.35	136.2	681.0	0.3333333333333333
6899	261	0	5	0.645	177.8	889.0	0.3333333333333333
6900	165	0	5	0.405	83.8	419.0	0.6666666666666666
6901	401	0	4	0.9975	168.4	842.0	0.6666666666666666
6902	34	0	5	0.0775	32.0	160.0	0.0
6903	368	0	5	0.9125	249.6	1248.0	0.3333333333333333
6904	370	0	5	0.9175	204.4	1022.0	0.3333333333333333
6905	266	0	5	0.6575	83.2	416.0	0.3333333333333333
6906	164	0	5	0.4025	137.4	687.0	0.0
6907	93	0	5	0.225	73.4	367.0	0.3333333333333333
6908	173	0	5	0.425	140.4	702.0	0.6666666666666666
6909	400	0	5	0.9925	216.2	1081.0	0.6666666666666666
6910	58	0	5	0.1375	36.8	184.0	0.3333333333333333
6911	350	0	5	0.8675	195.6	978.0	0.3333333333333333
6912	47	0	5	0.11	45.0	225.0	0.0
6913	300	0	5	0.7425	151.6	758.0	0.3333333333333333
6914	103	0	5	0.25	98.2	491.0	0.0
6915	71	0	5	0.17	69.0	345.0	0.0
6916	264	0	5	0.6525	219.6	1098.0	0.0
6917	331	0	5	0.82	232.6	1163.0	0.6666666666666666
6918	51	0	5	0.12	27.4	137.0	0.3333333333333333
6919	190	0	5	0.4675	153.6	768.0	0.3333333333333333
6920	287	0	5	0.71	272.4	1362.0	0.3333333333333333
6921	354	0	5	0.8775	156.0	780.0	0.6666666666666666
6922	158	0	5	0.3875	136.2	681.0	0.3333333333333333
6923	194	0	5	0.4775	171.8	859.0	0.6666666666666666
6924	22	0	5	0.0475	20.0	100.0	0.0
6925	52	0	5	0.1225	21.2	106.0	0.6666666666666666
6926	90	0	5	0.2175	88.0	440.0	0.0
6927	68	0	5	0.1625	35.4	177.0	0.0
6928	125	0	5	0.305	57.4	287.0	0.6666666666666666
6929	236	0	5	0.5825	120.8	604.0	0.3333333333333333
6930	54	0	5	0.1275	52.0	260.0	0.0
6931	69	0	5	0.165	67.0	335.0	0.0
6932	355	0	5	0.88	255.2	1276.0	0.3333333333333333
6933	57	0	5	0.135	26.2	131.0	0.3333333333333333
6934	156	0	5	0.3825	125.8	629.0	0.0
6935	133	0	5	0.325	87.0	435.0	0.3333333333333333
6936	325	0	5	0.805	117.4	587.0	0.0
6937	37	0	5	0.085	35.0	175.0	0.0
6938	36	0	5	0.0825	27.8	139.0	0.0
6939	225	0	5	0.555	174.2	871.0	0.3333333333333333
6940	37	0	5	0.085	33.2	166.0	0.0
6941	140	0	5	0.3425	128.4	642.0	0.3333333333333333
6942	398	0	5	0.9875	195.2	976.0	0.6666666666666666
6943	353	0	5	0.875	106.0	530.0	0.6666666666666666
6944	227	0	5	0.56	184.0	920.0	0.0
6945	149	0	5	0.365	98.4	492.0	0.0
6946	180	0	5	0.4425	127.2	636.0	0.3333333333333333
6947	10	0	5	0.0175	8.0	40.0	0.0
6948	58	0	5	0.1375	44.0	220.0	0.3333333333333333
6949	242	1	4	0.6025	160.0	800.0	1.0
6950	285	0	5	0.705	142.0	710.0	0.6666666666666666
6951	91	0	5	0.22	25.0	125.0	0.3333333333333333
6952	370	0	5	0.9175	249.4	1247.0	0.6666666666666666
6953	352	0	5	0.8725	285.4	1427.0	0.6666666666666666
6954	141	0	5	0.345	69.4	347.0	0.6666666666666666
6955	306	1	4	0.7625	139.2	696.0	1.0
6956	298	0	5	0.7375	103.2	516.0	0.3333333333333333
6957	251	0	5	0.62	169.6	848.0	0.6666666666666666
6958	53	1	4	0.13	22.8	114.0	1.0
6959	145	0	5	0.355	100.6	503.0	0.3333333333333333
6960	363	0	5	0.9	285.8	1429.0	0.6666666666666666
6961	173	0	5	0.425	159.4	797.0	0.3333333333333333
6962	235	0	5	0.58	152.0	760.0	0.0
6963	201	0	5	0.495	91.2	456.0	0.3333333333333333
6964	348	0	5	0.8625	118.2	591.0	0.6666666666666666
6965	163	0	5	0.4	81.8	409.0	0.0
6966	145	1	4	0.36	67.8	339.0	1.0
6967	117	0	5	0.285	75.8	379.0	0.3333333333333333
6968	240	0	5	0.5925	90.8	454.0	0.6666666666666666
6969	114	0	5	0.2775	68.8	344.0	0.3333333333333333
6970	44	0	5	0.1025	42.0	210.0	0.0
6971	296	0	5	0.7325	262.0	1310.0	0.6666666666666666
6972	5	0	5	0.005	3.0	15.0	0.0
6973	351	0	5	0.87	197.4	987.0	0.6666666666666666
6974	276	0	5	0.6825	114.4	572.0	0.3333333333333333
6975	104	0	5	0.2525	62.8	314.0	0.3333333333333333
6976	319	1	4	0.795	251.0	1255.0	1.0
6977	272	0	5	0.6725	224.8	1124.0	0.0
6978	63	0	5	0.15	43.4	217.0	0.3333333333333333
6979	311	1	4	0.775	127.4	637.0	1.0
6980	127	0	5	0.31	76.2	381.0	0.3333333333333333
6981	326	0	5	0.8075	237.2	1186.0	0.6666666666666666
6982	162	0	5	0.3975	115.8	579.0	0.3333333333333333
6983	258	0	5	0.6375	198.8	994.0	0.3333333333333333
6984	265	0	5	0.655	233.8	1169.0	0.0
6985	278	0	5	0.6875	202.8	1014.0	0.0
6986	222	0	5	0.5475	155.0	775.0	0.3333333333333333
6987	394	1	4	0.9825	240.0	1200.0	1.0
6988	359	0	5	0.89	276.0	1380.0	0.6666666666666666
6989	274	0	5	0.6775	188.4	942.0	0.6666666666666666
6990	251	0	5	0.62	68.2	341.0	0.3333333333333333
6991	333	0	5	0.825	145.0	725.0	0.3333333333333333
6992	345	0	5	0.855	99.0	495.0	0.6666666666666666
6993	89	0	5	0.215	87.0	435.0	0.0
6994	256	0	5	0.6325	198.8	994.0	0.6666666666666666
6995	377	0	5	0.935	158.0	790.0	0.6666666666666666
6996	277	0	5	0.685	198.6	993.0	0.3333333333333333
6997	354	0	5	0.8775	252.2	1261.0	0.6666666666666666
6998	146	0	5	0.3575	141.6	708.0	0.0
6999	182	0	5	0.4475	66.0	330.0	0.6666666666666666
7000	112	0	5	0.2725	98.4	492.0	0.0
7001	364	1	4	0.9075	150.4	752.0	1.0
7002	331	0	5	0.82	83.4	417.0	0.6666666666666666
7003	364	0	5	0.9025	232.8	1164.0	0.6666666666666666
7004	44	0	5	0.1025	42.0	210.0	0.0
7005	228	0	5	0.5625	158.4	792.0	0.3333333333333333
7006	279	0	5	0.69	122.0	610.0	0.3333333333333333
7007	348	0	5	0.8625	177.6	888.0	0.6666666666666666
7008	100	1	4	0.2475	71.2	356.0	1.0
7009	5	0	5	0.005	3.0	15.0	0.0
7010	201	0	5	0.495	111.0	555.0	0.6666666666666666
7011	86	0	5	0.2075	84.0	420.0	0.0
7012	164	0	5	0.4025	101.6	508.0	0.3333333333333333
7013	354	1	4	0.8825	238.0	1190.0	1.0
7014	166	0	5	0.4075	142.2	711.0	0.3333333333333333
7015	349	0	5	0.865	236.2	1181.0	0.6666666666666666
7016	366	1	4	0.9125	296.4	1482.0	1.0
7017	211	0	5	0.52	206.2	1031.0	0.0
7018	120	0	5	0.2925	74.0	370.0	0.0
7019	345	0	5	0.855	127.8	639.0	0.6666666666666666
7020	393	1	4	0.98	163.4	817.0	1.0
7021	149	0	5	0.365	120.6	603.0	0.0
7022	313	0	5	0.775	176.6	883.0	0.6666666666666666
7023	237	0	5	0.585	165.0	825.0	0.3333333333333333
7024	400	1	4	0.9975	202.8	1014.0	1.0
7025	355	0	5	0.88	126.4	632.0	0.3333333333333333
7026	173	0	5	0.425	44.8	224.0	0.6666666666666666
7027	262	0	5	0.6475	138.2	691.0	0.6666666666666666
7028	395	0	5	0.98	245.2	1226.0	0.6666666666666666
7029	179	0	5	0.44	108.6	543.0	0.6666666666666666
7030	292	0	5	0.7225	192.0	960.0	0.3333333333333333
7031	106	0	5	0.2575	104.0	520.0	0.0
7032	4	0	5	0.0025	2.0	10.0	0.0
7033	135	0	5	0.33	61.0	305.0	0.3333333333333333
7034	72	0	5	0.1725	70.0	350.0	0.0
7035	241	0	5	0.595	160.2	801.0	0.3333333333333333
7036	129	1	4	0.32	68.2	341.0	1.0
7037	360	0	5	0.8925	115.2	576.0	0.6666666666666666
7038	62	0	5	0.1475	60.0	300.0	0.0
7039	130	0	5	0.3175	89.6	448.0	0.3333333333333333
7040	125	0	5	0.305	70.6	353.0	0.3333333333333333
7041	35	0	5	0.08	30.4	152.0	0.0
7042	280	0	5	0.6925	137.2	686.0	0.3333333333333333
7043	317	1	4	0.79	195.4	977.0	1.0
7044	163	0	5	0.4	84.6	423.0	0.3333333333333333
7045	76	0	5	0.1825	45.2	226.0	0.3333333333333333
7046	133	0	5	0.325	55.0	275.0	0.6666666666666666
7047	196	0	5	0.4825	188.0	940.0	0.3333333333333333
7048	100	0	5	0.2425	33.0	165.0	0.3333333333333333
7049	68	0	5	0.1625	66.0	330.0	0.0
7050	99	0	5	0.24	65.6	328.0	0.3333333333333333
7051	285	0	5	0.705	135.0	675.0	0.6666666666666666
7052	225	0	5	0.555	136.6	683.0	0.3333333333333333
7053	51	0	5	0.12	49.0	245.0	0.0
7054	304	0	5	0.7525	149.2	746.0	0.3333333333333333
7055	364	0	5	0.9025	181.6	908.0	0.6666666666666666
7056	130	0	5	0.3175	99.2	496.0	0.3333333333333333
7057	182	0	5	0.4475	97.6	488.0	0.6666666666666666
7058	375	1	4	0.935	162.0	810.0	1.0
7059	103	0	5	0.25	101.0	505.0	0.0
7060	136	0	5	0.3325	48.0	240.0	0.3333333333333333
7061	381	0	5	0.945	319.4	1597.0	0.6666666666666666
7062	264	0	5	0.6525	241.8	1209.0	0.0
7063	102	0	5	0.2475	96.0	480.0	0.0
7064	140	0	5	0.3425	104.8	524.0	0.3333333333333333
7065	178	0	5	0.4375	123.8	619.0	0.3333333333333333
7066	97	0	5	0.235	89.8	449.0	0.0
7067	16	0	5	0.0325	14.0	70.0	0.0
7068	62	0	5	0.1475	30.4	152.0	0.0
7069	328	0	5	0.8125	207.0	1035.0	0.3333333333333333
7070	85	0	5	0.205	40.4	202.0	0.0
7071	243	0	5	0.6	199.2	996.0	0.0
7072	49	0	5	0.115	45.0	225.0	0.3333333333333333
7073	152	0	5	0.3725	67.6	338.0	0.6666666666666666
7074	203	0	5	0.5	127.8	639.0	0.3333333333333333
7075	341	1	4	0.85	259.4	1297.0	1.0
7076	32	0	5	0.0725	30.0	150.0	0.0
7077	361	0	5	0.895	286.2	1431.0	0.6666666666666666
7078	158	0	5	0.3875	92.0	460.0	0.3333333333333333
7079	286	1	4	0.7125	208.4	1042.0	1.0
7080	310	1	4	0.7725	83.6	418.0	1.0
7081	318	0	5	0.7875	173.4	867.0	0.3333333333333333
7082	352	1	4	0.8775	203.6	1018.0	1.0
7083	244	0	5	0.6025	216.8	1084.0	0.0
7084	209	0	5	0.515	101.2	506.0	0.3333333333333333
7085	187	0	5	0.46	135.8	679.0	0.3333333333333333
7086	118	0	5	0.2875	116.0	580.0	0.0
7087	278	0	5	0.6875	194.0	970.0	0.6666666666666666
7088	383	0	5	0.95	305.6	1528.0	0.6666666666666666
7089	238	0	5	0.5875	191.6	958.0	0.0
7090	31	0	5	0.07	9.0	45.0	0.3333333333333333
7091	103	0	5	0.25	101.0	505.0	0.0
7092	292	0	5	0.7225	70.0	350.0	0.3333333333333333
7093	44	0	5	0.1025	42.0	210.0	0.0
7094	263	0	5	0.65	227.6	1138.0	0.3333333333333333
7095	360	0	5	0.8925	177.8	889.0	0.3333333333333333
7096	80	0	5	0.1925	50.4	252.0	0.0
7097	363	0	5	0.9	195.0	975.0	0.6666666666666666
7098	87	0	5	0.21	82.6	413.0	0.3333333333333333
7099	359	0	5	0.89	181.8	909.0	0.6666666666666666
7100	36	0	5	0.0825	30.4	152.0	0.3333333333333333
7101	308	0	5	0.7625	238.0	1190.0	0.3333333333333333
7102	101	0	5	0.245	82.0	410.0	0.0
7103	214	0	5	0.5275	207.6	1038.0	0.3333333333333333
7104	12	0	5	0.0225	2.2	11.0	0.0
7105	326	1	4	0.8125	287.0	1435.0	1.0
7106	241	1	4	0.6	184.2	921.0	1.0
7107	279	1	4	0.695	203.2	1016.0	1.0
7108	150	0	5	0.3675	44.0	220.0	0.3333333333333333
7109	301	1	4	0.75	107.8	539.0	1.0
7110	121	0	5	0.295	59.0	295.0	0.0
7111	126	0	5	0.3075	60.0	300.0	0.3333333333333333
7112	180	0	5	0.4425	56.4	282.0	0.3333333333333333
7113	263	1	3	0.655	159.0	795.0	1.0
7114	97	0	5	0.235	33.4	167.0	0.3333333333333333
7115	124	0	5	0.3025	122.0	610.0	0.0
7116	393	0	5	0.975	247.8	1239.0	0.6666666666666666
7117	96	0	5	0.2325	92.0	460.0	0.0
7118	252	0	5	0.6225	84.0	420.0	0.0
7119	102	0	5	0.2475	74.2	371.0	0.3333333333333333
7120	225	1	4	0.56	120.4	602.0	1.0
7121	146	0	5	0.3575	110.6	553.0	0.3333333333333333
7122	118	0	5	0.2875	91.4	457.0	0.3333333333333333
7123	290	0	5	0.7175	152.4	762.0	0.3333333333333333
7124	133	0	5	0.325	79.4	397.0	0.3333333333333333
7125	16	0	5	0.0325	14.0	70.0	0.0
7126	361	0	5	0.895	194.8	974.0	0.6666666666666666
7127	145	0	5	0.355	68.2	341.0	0.3333333333333333
7128	102	0	5	0.2475	98.2	491.0	0.0
7129	339	0	5	0.84	163.4	817.0	0.6666666666666666
7130	398	0	5	0.9875	282.6	1413.0	0.6666666666666666
7131	290	0	5	0.7175	66.4	332.0	0.3333333333333333
7132	201	0	5	0.495	94.6	473.0	0.3333333333333333
7133	58	0	5	0.1375	55.2	276.0	0.3333333333333333
7134	34	0	5	0.0775	16.8	84.0	0.3333333333333333
7135	107	0	5	0.26	103.4	517.0	0.3333333333333333
7136	310	0	5	0.7675	264.8	1324.0	0.6666666666666666
7137	55	0	5	0.13	47.8	239.0	0.3333333333333333
7138	303	0	5	0.75	111.0	555.0	0.3333333333333333
7139	103	0	5	0.25	101.0	505.0	0.0
7140	336	0	5	0.8325	193.8	969.0	0.6666666666666666
7141	363	1	4	0.905	278.6	1393.0	1.0
7142	192	0	5	0.4725	179.0	895.0	0.0
7143	396	0	5	0.9825	269.8	1349.0	0.6666666666666666
7144	81	0	5	0.195	56.2	281.0	0.3333333333333333
7145	126	0	5	0.3075	124.0	620.0	0.0
7146	143	0	5	0.35	48.2	241.0	0.3333333333333333
7147	149	0	5	0.365	105.4	527.0	0.0
7148	192	0	5	0.4725	120.6	603.0	0.3333333333333333
7149	111	0	5	0.27	109.0	545.0	0.0
7150	192	0	5	0.4725	87.6	438.0	0.3333333333333333
7151	6	0	5	0.0075	4.0	20.0	0.0
7152	392	0	5	0.9725	167.8	839.0	0.6666666666666666
7153	167	0	5	0.41	149.2	746.0	0.0
7154	269	0	5	0.665	238.2	1191.0	0.3333333333333333
7155	107	0	5	0.26	68.6	343.0	0.3333333333333333
7156	140	0	5	0.3425	82.0	410.0	0.3333333333333333
7157	72	0	5	0.1725	70.0	350.0	0.0
7158	289	1	4	0.72	204.4	1022.0	1.0
7159	277	0	5	0.685	255.8	1279.0	0.0
7160	153	0	5	0.375	83.0	415.0	0.3333333333333333
7161	393	0	5	0.975	234.8	1174.0	0.6666666666666666
7162	200	0	5	0.4925	124.8	624.0	0.6666666666666666
7163	167	0	5	0.41	108.2	541.0	0.3333333333333333
7164	197	0	5	0.485	113.2	566.0	0.6666666666666666
7165	150	0	5	0.3675	76.6	383.0	0.3333333333333333
7166	191	0	5	0.47	120.8	604.0	0.6666666666666666
7167	222	0	5	0.5475	125.2	626.0	0.3333333333333333
7168	383	0	5	0.95	222.2	1111.0	0.6666666666666666
7169	361	0	5	0.895	113.4	567.0	0.6666666666666666
7170	232	0	5	0.5725	172.8	864.0	0.6666666666666666
7171	295	0	5	0.73	189.8	949.0	0.3333333333333333
7172	51	0	5	0.12	21.0	105.0	0.3333333333333333
7173	125	0	5	0.305	74.2	371.0	0.3333333333333333
7174	187	0	5	0.46	97.6	488.0	0.0
7175	196	0	5	0.4825	108.4	542.0	0.3333333333333333
7176	47	0	5	0.11	45.0	225.0	0.0
7177	310	1	4	0.7725	102.4	512.0	1.0
7178	309	0	5	0.765	138.2	691.0	0.6666666666666666
7179	215	0	5	0.53	148.6	743.0	0.6666666666666666
7180	63	0	5	0.15	61.0	305.0	0.0
7181	288	0	5	0.7125	197.8	989.0	0.6666666666666666
7182	206	0	5	0.5075	150.0	750.0	0.6666666666666666
7183	216	1	4	0.5375	90.0	450.0	1.0
7184	105	0	5	0.255	103.0	515.0	0.0
7185	344	0	5	0.8525	173.4	867.0	0.3333333333333333
7186	129	0	5	0.315	127.0	635.0	0.0
7187	345	0	5	0.855	159.2	796.0	0.3333333333333333
7188	88	0	5	0.2125	72.8	364.0	0.0
7189	389	0	5	0.965	204.0	1020.0	0.6666666666666666
7190	202	0	5	0.4975	137.6	688.0	0.3333333333333333
7191	283	0	5	0.7	223.6	1118.0	0.3333333333333333
7192	277	1	4	0.69	148.0	740.0	1.0
7193	69	0	5	0.165	63.8	319.0	0.3333333333333333
7194	91	0	5	0.22	53.8	269.0	0.3333333333333333
7195	113	0	5	0.275	48.0	240.0	0.3333333333333333
7196	67	0	5	0.16	45.8	229.0	0.3333333333333333
7197	233	0	5	0.575	207.4	1037.0	0.3333333333333333
7198	332	0	5	0.8225	97.2	486.0	0.6666666666666666
7199	306	0	5	0.7575	84.6	423.0	0.3333333333333333
7200	131	0	5	0.32	122.6	613.0	0.3333333333333333
7201	297	0	5	0.735	137.6	688.0	0.3333333333333333
7202	362	0	5	0.8975	121.6	608.0	0.6666666666666666
7203	159	0	5	0.39	94.4	472.0	0.3333333333333333
7204	303	0	5	0.75	172.4	862.0	0.0
7205	179	0	5	0.44	156.2	781.0	0.6666666666666666
7206	237	0	5	0.585	146.2	731.0	0.3333333333333333
7207	225	0	5	0.555	179.0	895.0	0.3333333333333333
7208	239	0	5	0.59	90.0	450.0	0.6666666666666666
7209	14	0	5	0.0275	12.0	60.0	0.0
7210	227	0	5	0.56	162.6	813.0	0.3333333333333333
7211	362	1	4	0.9025	171.0	855.0	1.0
7212	323	1	4	0.805	162.6	813.0	1.0
7213	270	0	5	0.6675	118.4	592.0	0.3333333333333333
7214	266	0	5	0.6575	103.4	517.0	0.3333333333333333
7215	228	1	4	0.5675	101.6	508.0	1.0
7216	104	0	5	0.2525	102.0	510.0	0.3333333333333333
7217	302	0	5	0.7475	118.0	590.0	0.6666666666666666
7218	249	0	5	0.615	103.0	515.0	0.6666666666666666
7219	292	0	5	0.7225	173.0	865.0	0.3333333333333333
7220	66	0	5	0.1575	64.0	320.0	0.0
7221	373	0	5	0.925	195.6	978.0	0.3333333333333333
7222	283	1	4	0.705	72.6	363.0	1.0
7223	53	0	5	0.125	51.0	255.0	0.0
7224	359	0	5	0.89	220.4	1102.0	0.3333333333333333
7225	289	0	5	0.715	254.2	1271.0	0.3333333333333333
7226	6	0	5	0.0075	4.0	20.0	0.0
7227	320	0	5	0.7925	259.6	1298.0	0.6666666666666666
7228	183	0	5	0.45	168.6	843.0	0.0
7229	161	0	5	0.395	132.0	660.0	0.6666666666666666
7230	123	0	5	0.3	64.6	323.0	0.0
7231	196	0	5	0.4825	136.2	681.0	0.6666666666666666
7232	267	1	4	0.665	179.0	895.0	1.0
7233	336	1	4	0.8375	237.6	1188.0	1.0
7234	79	0	5	0.19	15.6	78.0	0.3333333333333333
7235	293	0	5	0.725	143.0	715.0	0.3333333333333333
7236	359	0	5	0.89	305.8	1529.0	0.3333333333333333
7237	243	0	5	0.6	158.6	793.0	0.3333333333333333
7238	207	1	4	0.515	86.0	430.0	1.0
7239	217	0	5	0.535	105.8	529.0	0.6666666666666666
7240	185	0	5	0.455	51.8	259.0	0.0
7241	310	0	5	0.7675	138.6	693.0	0.6666666666666666
7242	344	0	5	0.8525	187.8	939.0	0.6666666666666666
7243	260	0	5	0.6425	118.8	594.0	0.3333333333333333
7244	54	0	5	0.1275	52.0	260.0	0.0
7245	354	0	5	0.8775	251.6	1258.0	0.6666666666666666
7246	176	0	5	0.4325	105.6	528.0	0.3333333333333333
7247	186	1	4	0.4625	93.8	469.0	1.0
7248	235	0	5	0.58	166.6	833.0	0.6666666666666666
7249	203	0	5	0.5	179.4	897.0	0.3333333333333333
7250	198	1	4	0.4925	62.8	314.0	1.0
7251	48	0	5	0.1125	46.0	230.0	0.0
7252	372	0	5	0.9225	236.8	1184.0	0.6666666666666666
7253	225	0	5	0.555	77.2	386.0	0.3333333333333333
7254	240	0	5	0.5925	144.0	720.0	0.0
7255	53	0	5	0.125	51.0	255.0	0.0
7256	244	0	5	0.6025	90.8	454.0	0.3333333333333333
7257	213	0	5	0.525	211.0	1055.0	0.0
7258	172	0	5	0.4225	144.0	720.0	0.6666666666666666
7259	306	0	5	0.7575	167.2	836.0	0.6666666666666666
7260	31	0	5	0.07	24.4	122.0	0.0
7261	187	0	5	0.46	107.8	539.0	0.3333333333333333
7262	166	0	5	0.4075	106.8	534.0	0.0
7263	190	0	5	0.4675	132.6	663.0	0.3333333333333333
7264	177	0	5	0.435	123.4	617.0	0.0
7265	313	0	5	0.775	205.4	1027.0	0.6666666666666666
7266	190	0	5	0.4675	89.2	446.0	0.3333333333333333
7267	159	0	5	0.39	90.6	453.0	0.3333333333333333
7268	290	0	5	0.7175	178.0	890.0	0.6666666666666666
7269	60	0	5	0.1425	15.6	78.0	0.3333333333333333
7270	203	0	5	0.5	182.2	911.0	0.0
7271	356	0	5	0.8825	238.0	1190.0	0.3333333333333333
7272	190	0	5	0.4675	141.8	709.0	0.3333333333333333
7273	22	0	5	0.0475	20.0	100.0	0.0
7274	312	0	5	0.7725	161.2	806.0	0.6666666666666666
7275	383	0	5	0.95	339.0	1695.0	0.6666666666666666
7276	282	0	5	0.6975	131.2	656.0	0.6666666666666666
7277	211	0	5	0.52	174.0	870.0	0.3333333333333333
7278	10	0	5	0.0175	8.0	40.0	0.0
7279	303	0	5	0.75	172.2	861.0	0.6666666666666666
7280	197	0	5	0.485	153.0	765.0	0.3333333333333333
7281	206	0	5	0.5075	147.6	738.0	0.6666666666666666
7282	88	0	5	0.2125	55.0	275.0	0.3333333333333333
7283	82	0	5	0.1975	60.0	300.0	0.3333333333333333
7284	98	0	5	0.2375	57.0	285.0	0.6666666666666666
7285	128	0	5	0.3125	109.8	549.0	0.3333333333333333
7286	339	1	4	0.845	195.6	978.0	1.0
7287	330	0	5	0.8175	200.8	1004.0	0.6666666666666666
7288	203	0	5	0.5	41.8	209.0	0.3333333333333333
7289	269	0	5	0.665	227.8	1139.0	0.3333333333333333
7290	2	0	5	0.0	0.0	0.0	0.0
7291	231	0	5	0.57	158.8	794.0	0.3333333333333333
7292	351	1	4	0.875	322.6	1613.0	1.0
7293	392	0	5	0.9725	242.8	1214.0	0.6666666666666666
7294	125	0	5	0.305	90.2	451.0	0.3333333333333333
7295	144	0	5	0.3525	142.0	710.0	0.0
7296	106	0	5	0.2575	60.8	304.0	0.3333333333333333
7297	77	0	5	0.185	75.0	375.0	0.0
7298	273	0	5	0.675	234.8	1174.0	0.3333333333333333
7299	240	1	4	0.5975	127.4	637.0	1.0
7300	390	1	4	0.9725	159.6	798.0	1.0
7301	158	0	5	0.3875	108.6	543.0	0.0
7302	173	0	5	0.425	106.2	531.0	0.3333333333333333
7303	226	0	5	0.5575	216.8	1084.0	0.3333333333333333
7304	293	0	5	0.725	148.2	741.0	0.6666666666666666
7305	88	0	5	0.2125	63.2	316.0	0.3333333333333333
7306	240	0	5	0.5925	186.8	934.0	0.3333333333333333
7307	359	0	5	0.89	288.0	1440.0	0.6666666666666666
7308	101	0	5	0.245	61.0	305.0	0.3333333333333333
7309	347	0	5	0.86	188.6	943.0	0.6666666666666666
7310	170	0	5	0.4175	108.4	542.0	0.6666666666666666
7311	335	1	4	0.835	170.2	851.0	1.0
7312	249	0	5	0.615	183.8	919.0	0.6666666666666666
7313	319	0	5	0.79	233.4	1167.0	0.6666666666666666
7314	222	0	5	0.5475	76.0	380.0	0.3333333333333333
7315	347	0	5	0.86	183.8	919.0	0.6666666666666666
7316	231	0	5	0.57	121.6	608.0	0.6666666666666666
7317	252	1	4	0.6275	55.4	277.0	1.0
7318	214	1	4	0.5325	94.0	470.0	1.0
7319	339	1	4	0.845	143.0	715.0	1.0
7320	325	0	5	0.805	195.6	978.0	0.6666666666666666
7321	334	0	5	0.8275	207.4	1037.0	0.6666666666666666
7322	378	1	3	0.9425	235.4	1177.0	1.0
7323	22	0	5	0.0475	20.0	100.0	0.0
7324	34	0	5	0.0775	31.2	156.0	0.3333333333333333
7325	364	0	5	0.9025	194.4	972.0	0.6666666666666666
7326	199	0	5	0.49	48.2	241.0	0.6666666666666666
7327	363	0	5	0.9	181.4	907.0	0.6666666666666666
7328	151	0	5	0.37	119.0	595.0	0.0
7329	263	0	5	0.65	124.0	620.0	0.6666666666666666
7330	398	0	5	0.9875	224.0	1120.0	0.6666666666666666
7331	211	1	4	0.525	156.8	784.0	1.0
7332	370	0	5	0.9175	217.6	1088.0	0.6666666666666666
7333	242	0	5	0.5975	168.8	844.0	0.6666666666666666
7334	117	0	5	0.285	62.0	310.0	0.3333333333333333
7335	243	0	5	0.6	104.2	521.0	0.6666666666666666
7336	286	0	5	0.7075	214.4	1072.0	0.3333333333333333
7337	82	0	5	0.1975	21.6	108.0	0.3333333333333333
7338	366	0	5	0.9075	176.4	882.0	0.6666666666666666
7339	147	0	5	0.36	145.0	725.0	0.0
7340	298	0	5	0.7375	92.2	461.0	0.3333333333333333
7341	112	0	5	0.2725	78.6	393.0	0.3333333333333333
7342	325	0	5	0.805	128.8	644.0	0.3333333333333333
7343	217	0	5	0.535	179.8	899.0	0.0
7344	97	0	5	0.235	95.0	475.0	0.3333333333333333
7345	26	0	5	0.0575	13.4	67.0	0.3333333333333333
7346	286	0	5	0.7075	82.4	412.0	0.3333333333333333
7347	188	0	5	0.4625	45.2	226.0	0.6666666666666666
7348	47	0	5	0.11	36.8	184.0	0.0
7349	315	0	5	0.78	63.2	316.0	0.3333333333333333
7350	162	0	5	0.3975	144.0	720.0	0.3333333333333333
7351	288	0	5	0.7125	237.8	1189.0	0.6666666666666666
7352	82	0	5	0.1975	52.8	264.0	0.3333333333333333
7353	400	1	4	0.9975	236.0	1180.0	1.0
7354	239	1	4	0.595	192.2	961.0	1.0
7355	267	0	5	0.66	108.4	542.0	0.0
7356	24	0	5	0.0525	17.4	87.0	0.3333333333333333
7357	101	0	5	0.245	63.8	319.0	0.3333333333333333
7358	138	0	5	0.3375	36.6	183.0	0.6666666666666666
7359	150	0	5	0.3675	122.4	612.0	0.3333333333333333
7360	363	0	5	0.9	315.8	1579.0	0.6666666666666666
7361	227	0	5	0.56	146.2	731.0	0.3333333333333333
7362	34	0	5	0.0775	28.0	140.0	0.0
7363	252	0	5	0.6225	63.6	318.0	0.6666666666666666
7364	329	0	5	0.815	182.6	913.0	0.3333333333333333
7365	245	0	5	0.605	102.6	513.0	0.6666666666666666
7366	350	0	5	0.8675	122.4	612.0	0.3333333333333333
7367	249	0	5	0.615	166.2	831.0	0.6666666666666666
7368	364	0	5	0.9025	178.8	894.0	0.6666666666666666
7369	24	0	5	0.0525	22.0	110.0	0.0
7370	53	0	5	0.125	17.4	87.0	0.0
7371	268	0	5	0.6625	103.6	518.0	0.6666666666666666
7372	55	0	5	0.13	53.0	265.0	0.0
7373	217	0	5	0.535	124.0	620.0	0.3333333333333333
7374	228	0	5	0.5625	132.0	660.0	0.3333333333333333
7375	64	0	5	0.1525	62.0	310.0	0.0
7376	200	0	5	0.4925	75.6	378.0	0.3333333333333333
7377	344	1	4	0.8575	161.0	805.0	1.0
7378	91	0	5	0.22	89.0	445.0	0.0
7379	119	0	5	0.29	82.2	411.0	0.0
7380	90	0	5	0.2175	88.0	440.0	0.0
7381	296	1	4	0.7375	134.2	671.0	1.0
7382	64	0	5	0.1525	62.0	310.0	0.0
7383	262	0	5	0.6475	91.2	456.0	0.6666666666666666
7384	75	0	5	0.18	46.6	233.0	0.0
7385	288	0	5	0.7125	107.0	535.0	0.6666666666666666
7386	392	1	3	0.9775	190.4	952.0	1.0
7387	394	0	5	0.9775	178.2	891.0	0.6666666666666666
7388	248	0	5	0.6125	182.4	912.0	0.3333333333333333
7389	128	0	5	0.3125	78.6	393.0	0.0
7390	190	0	5	0.4675	136.0	680.0	0.3333333333333333
7391	178	0	5	0.4375	153.4	767.0	0.3333333333333333
7392	289	0	5	0.715	140.6	703.0	0.6666666666666666
7393	197	0	5	0.485	126.6	633.0	0.3333333333333333
7394	32	0	5	0.0725	30.0	150.0	0.0
7395	238	0	5	0.5875	153.2	766.0	0.0
7396	251	0	5	0.62	105.0	525.0	0.3333333333333333
7397	239	0	5	0.59	154.0	770.0	0.6666666666666666
7398	284	0	5	0.7025	170.8	854.0	0.6666666666666666
7399	192	0	5	0.4725	190.0	950.0	0.0
7400	240	0	5	0.5925	188.8	944.0	0.0
7401	129	0	5	0.315	121.0	605.0	0.3333333333333333
7402	266	0	5	0.6575	250.2	1251.0	0.3333333333333333
7403	164	0	5	0.4025	97.6	488.0	0.6666666666666666
7404	79	0	5	0.19	74.2	371.0	0.3333333333333333
7405	319	0	5	0.79	196.8	984.0	0.3333333333333333
7406	308	0	5	0.7625	208.4	1042.0	0.3333333333333333
7407	259	1	4	0.645	100.2	501.0	1.0
7408	317	0	5	0.785	132.6	663.0	0.3333333333333333
7409	301	0	5	0.745	134.0	670.0	0.6666666666666666
7410	183	0	5	0.45	169.4	847.0	0.3333333333333333
7411	221	0	5	0.545	58.2	291.0	0.6666666666666666
7412	220	0	5	0.5425	109.4	547.0	0.3333333333333333
7413	267	0	5	0.66	126.6	633.0	0.6666666666666666
7414	238	0	5	0.5875	203.6	1018.0	0.6666666666666666
7415	294	1	4	0.7325	123.8	619.0	1.0
7416	294	0	5	0.7275	84.0	420.0	0.6666666666666666
7417	307	0	5	0.76	208.8	1044.0	0.3333333333333333
7418	267	0	5	0.66	238.2	1191.0	0.6666666666666666
7419	22	0	5	0.0475	19.2	96.0	0.3333333333333333
7420	87	0	5	0.21	61.4	307.0	0.6666666666666666
7421	113	0	5	0.275	52.2	261.0	0.3333333333333333
7422	49	0	5	0.115	47.0	235.0	0.0
7423	190	0	5	0.4675	87.2	436.0	0.6666666666666666
7424	382	0	5	0.9475	246.6	1233.0	0.6666666666666666
7425	196	0	5	0.4825	127.4	637.0	0.0
7426	135	1	4	0.335	75.8	379.0	1.0
7427	283	1	4	0.705	120.0	600.0	1.0
7428	36	0	5	0.0825	34.0	170.0	0.0
7429	277	0	5	0.685	247.6	1238.0	0.3333333333333333
7430	195	0	5	0.48	107.4	537.0	0.3333333333333333
7431	251	0	5	0.62	179.8	899.0	0.3333333333333333
7432	382	0	5	0.9475	154.4	772.0	0.6666666666666666
7433	256	0	5	0.6325	150.6	753.0	0.3333333333333333
7434	37	0	5	0.085	35.0	175.0	0.0
7435	381	0	5	0.945	253.6	1268.0	0.3333333333333333
7436	346	0	5	0.8575	233.2	1166.0	0.3333333333333333
7437	375	0	5	0.93	191.8	959.0	0.6666666666666666
7438	212	1	4	0.5275	120.6	603.0	1.0
7439	199	0	5	0.49	120.2	601.0	0.0
7440	284	0	5	0.7025	280.2	1401.0	0.3333333333333333
7441	86	0	5	0.2075	17.2	86.0	0.0
7442	188	0	5	0.4625	163.0	815.0	0.3333333333333333
7443	295	0	5	0.73	161.8	809.0	0.6666666666666666
7444	273	1	4	0.68	269.2	1346.0	1.0
7445	69	0	5	0.165	58.6	293.0	0.3333333333333333
7446	18	0	5	0.0375	16.0	80.0	0.0
7447	157	1	4	0.39	106.2	531.0	1.0
7448	390	0	5	0.9675	288.2	1441.0	0.6666666666666666
7449	342	0	5	0.8475	294.8	1474.0	0.6666666666666666
7450	391	0	5	0.97	151.6	758.0	0.6666666666666666
7451	117	1	4	0.29	95.2	476.0	1.0
7452	118	0	5	0.2875	90.2	451.0	0.3333333333333333
7453	252	1	4	0.6275	143.6	718.0	1.0
7454	279	0	5	0.69	209.8	1049.0	0.6666666666666666
7455	251	1	4	0.625	173.0	865.0	1.0
7456	2	0	5	0.0	0.0	0.0	0.0
7457	198	0	5	0.4875	156.0	780.0	0.0
7458	52	0	5	0.1225	50.0	250.0	0.0
7459	118	0	5	0.2875	61.8	309.0	0.3333333333333333
7460	389	0	5	0.965	203.4	1017.0	0.6666666666666666
7461	149	0	5	0.365	123.4	617.0	0.6666666666666666
7462	373	0	5	0.925	112.6	563.0	0.6666666666666666
7463	282	1	3	0.7025	229.0	1145.0	1.0
7464	334	1	4	0.8325	216.8	1084.0	1.0
7465	259	1	4	0.645	138.2	691.0	1.0
7466	276	1	4	0.6875	140.4	702.0	1.0
7467	168	0	5	0.4125	166.0	830.0	0.0
7468	22	0	5	0.0475	20.0	100.0	0.0
7469	263	0	5	0.65	199.8	999.0	0.3333333333333333
7470	297	0	5	0.735	136.2	681.0	0.3333333333333333
7471	389	1	4	0.97	272.0	1360.0	1.0
7472	206	0	5	0.5075	196.0	980.0	0.3333333333333333
7473	105	0	5	0.255	86.6	433.0	0.0
7474	276	0	5	0.6825	172.2	861.0	0.0
7475	115	0	5	0.28	113.0	565.0	0.0
7476	218	0	5	0.5375	148.8	744.0	0.3333333333333333
7477	263	0	5	0.65	117.4	587.0	0.0
7478	127	0	5	0.31	48.0	240.0	0.3333333333333333
7479	82	0	5	0.1975	66.2	331.0	0.3333333333333333
7480	251	0	5	0.62	168.2	841.0	0.0
7481	148	0	5	0.3625	124.8	624.0	0.0
7482	205	0	5	0.505	187.4	937.0	0.3333333333333333
7483	167	0	5	0.41	158.6	793.0	0.3333333333333333
7484	296	0	5	0.7325	167.6	838.0	0.6666666666666666
7485	248	0	5	0.6125	185.6	928.0	0.6666666666666666
7486	70	0	5	0.1675	16.8	84.0	0.6666666666666666
7487	38	0	5	0.0875	33.6	168.0	0.0
7488	46	0	5	0.1075	44.0	220.0	0.0
7489	119	0	5	0.29	110.0	550.0	0.3333333333333333
7490	265	0	5	0.655	83.6	418.0	0.3333333333333333
7491	120	0	5	0.2925	118.0	590.0	0.0
7492	296	0	5	0.7325	205.0	1025.0	0.3333333333333333
7493	213	0	5	0.525	111.0	555.0	0.3333333333333333
7494	203	0	5	0.5	164.0	820.0	0.6666666666666666
7495	195	0	5	0.48	140.4	702.0	0.6666666666666666
7496	300	0	5	0.7425	91.6	458.0	0.6666666666666666
7497	242	0	5	0.5975	181.6	908.0	0.6666666666666666
7498	196	1	4	0.4875	169.8	849.0	1.0
7499	356	1	4	0.8875	148.8	744.0	1.0
7500	272	0	5	0.6725	242.2	1211.0	0.3333333333333333
7501	237	0	5	0.585	143.8	719.0	0.0
7502	249	0	5	0.615	174.2	871.0	0.3333333333333333
7503	321	1	4	0.8	209.8	1049.0	1.0
7504	102	0	5	0.2475	100.0	500.0	0.0
7505	309	0	5	0.765	98.2	491.0	0.3333333333333333
7506	250	0	5	0.6175	154.4	772.0	0.3333333333333333
7507	287	0	5	0.71	224.2	1121.0	0.3333333333333333
7508	359	1	4	0.895	247.4	1237.0	1.0
7509	83	0	5	0.2	55.6	278.0	0.6666666666666666
7510	371	0	5	0.92	256.0	1280.0	0.6666666666666666
7511	372	1	4	0.9275	283.8	1419.0	1.0
7512	246	0	5	0.6075	66.2	331.0	0.6666666666666666
7513	9	0	5	0.015	7.0	35.0	0.0
7514	255	0	5	0.63	67.4	337.0	0.0
7515	129	0	5	0.315	96.6	483.0	0.3333333333333333
7516	216	0	5	0.5325	193.2	966.0	0.3333333333333333
7517	121	0	5	0.295	87.0	435.0	0.3333333333333333
7518	117	0	5	0.285	36.2	181.0	0.3333333333333333
7519	50	0	5	0.1175	38.6	193.0	0.0
7520	37	0	5	0.085	35.0	175.0	0.0
7521	347	0	5	0.86	195.8	979.0	0.6666666666666666
7522	40	0	5	0.0925	38.0	190.0	0.0
7523	214	0	5	0.5275	99.4	497.0	0.3333333333333333
7524	283	1	4	0.705	129.0	645.0	1.0
7525	158	0	5	0.3875	133.6	668.0	0.3333333333333333
7526	178	0	5	0.4375	131.4	657.0	0.6666666666666666
7527	282	0	5	0.6975	115.0	575.0	0.6666666666666666
7528	337	0	5	0.835	196.0	980.0	0.6666666666666666
7529	31	0	5	0.07	24.2	121.0	0.3333333333333333
7530	181	0	5	0.445	128.6	643.0	0.3333333333333333
7531	295	1	4	0.735	219.0	1095.0	1.0
7532	102	0	5	0.2475	78.4	392.0	0.0
7533	398	0	5	0.9875	237.4	1187.0	0.6666666666666666
7534	273	0	5	0.675	118.6	593.0	0.3333333333333333
7535	318	0	5	0.7875	192.8	964.0	0.3333333333333333
7536	81	0	5	0.195	64.8	324.0	0.0
7537	207	0	5	0.51	149.0	745.0	0.0
7538	216	0	5	0.5325	142.6	713.0	0.3333333333333333
7539	109	0	5	0.265	107.0	535.0	0.0
7540	377	1	4	0.94	75.4	377.0	1.0
7541	207	0	5	0.51	109.8	549.0	0.3333333333333333
7542	28	0	5	0.0625	26.0	130.0	0.0
7543	24	0	5	0.0525	22.0	110.0	0.0
7544	318	0	5	0.7875	181.0	905.0	0.6666666666666666
7545	262	0	5	0.6475	217.6	1088.0	0.6666666666666666
7546	50	0	5	0.1175	48.0	240.0	0.0
7547	27	0	5	0.06	25.0	125.0	0.0
7548	116	0	5	0.2825	114.0	570.0	0.0
7549	144	1	4	0.3575	40.8	204.0	1.0
7550	218	0	5	0.5375	74.2	371.0	0.6666666666666666
7551	254	0	5	0.6275	97.6	488.0	0.3333333333333333
7552	206	0	5	0.5075	128.0	640.0	0.3333333333333333
7553	138	0	5	0.3375	55.8	279.0	0.3333333333333333
7554	253	0	5	0.625	208.4	1042.0	0.3333333333333333
7555	63	0	5	0.15	61.0	305.0	0.0
7556	274	1	4	0.6825	84.4	422.0	1.0
7557	211	0	5	0.52	186.2	931.0	0.0
7558	326	0	5	0.8075	207.0	1035.0	0.6666666666666666
7559	382	0	5	0.9475	162.0	810.0	0.6666666666666666
7560	205	0	5	0.505	166.0	830.0	0.0
7561	181	0	5	0.445	141.8	709.0	0.3333333333333333
7562	334	0	5	0.8275	222.4	1112.0	0.6666666666666666
7563	269	0	5	0.665	124.2	621.0	0.3333333333333333
7564	197	0	5	0.485	110.0	550.0	0.6666666666666666
7565	391	0	5	0.97	167.8	839.0	0.6666666666666666
7566	116	0	5	0.2825	93.8	469.0	0.0
7567	135	0	5	0.33	133.0	665.0	0.0
7568	322	1	4	0.8025	186.6	933.0	1.0
7569	239	0	5	0.59	74.0	370.0	0.3333333333333333
7570	234	0	5	0.5775	232.0	1160.0	0.0
7571	226	0	5	0.5575	211.4	1057.0	0.0
7572	286	0	5	0.7075	162.8	814.0	0.3333333333333333
7573	56	0	5	0.1325	38.0	190.0	0.3333333333333333
7574	136	0	5	0.3325	81.4	407.0	0.0
7575	222	0	5	0.5475	83.2	416.0	0.3333333333333333
7576	204	0	5	0.5025	140.8	704.0	0.3333333333333333
7577	278	0	5	0.6875	123.2	616.0	0.6666666666666666
7578	358	0	5	0.8875	223.2	1116.0	0.6666666666666666
7579	241	0	5	0.595	139.8	699.0	0.6666666666666666
7580	399	0	5	0.99	178.8	894.0	0.6666666666666666
7581	340	0	5	0.8425	251.6	1258.0	0.6666666666666666
7582	154	0	5	0.3775	33.6	168.0	0.3333333333333333
7583	14	0	5	0.0275	12.0	60.0	0.0
7584	68	0	5	0.1625	59.4	297.0	0.0
7585	286	0	5	0.7075	120.0	600.0	0.3333333333333333
7586	293	0	5	0.725	122.2	611.0	0.6666666666666666
7587	80	0	5	0.1925	27.6	138.0	0.0
7588	58	0	5	0.1375	34.4	172.0	0.0
7589	155	0	5	0.38	127.8	639.0	0.6666666666666666
7590	78	0	5	0.1875	66.8	334.0	0.3333333333333333
7591	312	0	5	0.7725	102.6	513.0	0.6666666666666666
7592	272	0	5	0.6725	268.0	1340.0	0.6666666666666666
7593	262	0	5	0.6475	191.6	958.0	0.3333333333333333
7594	368	0	5	0.9125	161.4	807.0	0.6666666666666666
7595	345	0	5	0.855	230.6	1153.0	0.6666666666666666
7596	37	0	5	0.085	26.6	133.0	0.3333333333333333
7597	259	0	5	0.64	217.2	1086.0	0.3333333333333333
7598	180	0	5	0.4425	130.4	652.0	0.3333333333333333
7599	335	0	5	0.83	233.2	1166.0	0.3333333333333333
7600	100	0	5	0.2425	78.8	394.0	0.3333333333333333
7601	395	1	4	0.985	242.2	1211.0	1.0
7602	222	0	5	0.5475	101.4	507.0	0.3333333333333333
7603	221	0	5	0.545	140.6	703.0	0.3333333333333333
7604	36	0	5	0.0825	34.0	170.0	0.0
7605	40	0	5	0.0925	38.0	190.0	0.0
7606	63	0	5	0.15	53.0	265.0	0.0
7607	296	0	5	0.7325	157.8	789.0	0.6666666666666666
7608	108	0	5	0.2625	103.2	516.0	0.0
7609	179	0	5	0.44	135.0	675.0	0.3333333333333333
7610	168	0	5	0.4125	134.6	673.0	0.3333333333333333
7611	341	0	5	0.845	194.4	972.0	0.6666666666666666
7612	212	0	5	0.5225	170.6	853.0	0.3333333333333333
7613	102	0	5	0.2475	63.0	315.0	0.3333333333333333
7614	224	0	5	0.5525	144.8	724.0	0.6666666666666666
7615	302	0	5	0.7475	195.0	975.0	0.3333333333333333
7616	348	1	4	0.8675	189.4	947.0	1.0
7617	180	0	5	0.4425	174.0	870.0	0.3333333333333333
7618	284	0	5	0.7025	168.0	840.0	0.6666666666666666
7619	204	0	5	0.5025	54.8	274.0	0.3333333333333333
7620	232	0	5	0.5725	171.6	858.0	0.6666666666666666
7621	102	0	5	0.2475	95.2	476.0	0.3333333333333333
7622	356	0	5	0.8825	162.6	813.0	0.6666666666666666
7623	175	0	5	0.43	134.4	672.0	0.3333333333333333
7624	238	0	5	0.5875	152.0	760.0	0.3333333333333333
7625	31	0	5	0.07	13.0	65.0	0.0
7626	185	0	5	0.455	183.0	915.0	0.0
7627	122	0	5	0.2975	63.0	315.0	0.0
7628	296	0	5	0.7325	222.4	1112.0	0.6666666666666666
7629	395	0	5	0.98	127.0	635.0	0.3333333333333333
7630	209	0	5	0.515	174.2	871.0	0.3333333333333333
7631	192	0	5	0.4725	177.6	888.0	0.0
7632	58	0	5	0.1375	56.0	280.0	0.0
7633	378	0	5	0.9375	211.2	1056.0	0.6666666666666666
7634	202	0	5	0.4975	155.0	775.0	0.3333333333333333
7635	176	0	5	0.4325	107.0	535.0	0.3333333333333333
7636	376	0	5	0.9325	130.8	654.0	0.3333333333333333
7637	295	0	5	0.73	151.0	755.0	0.6666666666666666
7638	207	0	5	0.51	142.0	710.0	0.3333333333333333
7639	371	1	4	0.925	247.6	1238.0	1.0
7640	125	0	5	0.305	34.2	171.0	0.6666666666666666
7641	189	0	5	0.465	160.2	801.0	0.3333333333333333
7642	217	0	5	0.535	140.0	700.0	0.3333333333333333
7643	23	0	5	0.05	21.0	105.0	0.0
7644	335	0	5	0.83	136.8	684.0	0.3333333333333333
7645	31	0	5	0.07	23.6	118.0	0.0
7646	131	0	5	0.32	78.6	393.0	0.0
7647	246	0	5	0.6075	166.0	830.0	0.3333333333333333
7648	111	0	5	0.27	49.6	248.0	0.3333333333333333
7649	319	1	4	0.795	125.4	627.0	1.0
7650	266	0	5	0.6575	196.0	980.0	0.3333333333333333
7651	279	0	5	0.69	169.8	849.0	0.3333333333333333
7652	177	0	5	0.435	87.8	439.0	0.3333333333333333
7653	106	0	5	0.2575	104.0	520.0	0.0
7654	27	0	5	0.06	25.0	125.0	0.0
7655	229	1	4	0.57	158.4	792.0	1.0
7656	137	0	5	0.335	135.0	675.0	0.0
7657	104	0	5	0.2525	55.0	275.0	0.6666666666666666
7658	137	0	5	0.335	73.8	369.0	0.6666666666666666
7659	27	0	5	0.06	25.0	125.0	0.0
7660	378	0	5	0.9375	283.2	1416.0	0.6666666666666666
7661	285	0	5	0.705	221.2	1106.0	0.0
7662	351	0	5	0.87	206.6	1033.0	0.6666666666666666
7663	206	0	5	0.5075	144.0	720.0	0.3333333333333333
7664	286	0	5	0.7075	144.0	720.0	0.6666666666666666
7665	270	0	5	0.6675	182.6	913.0	0.6666666666666666
7666	92	0	5	0.2225	85.8	429.0	0.3333333333333333
7667	260	0	5	0.6425	247.6	1238.0	0.3333333333333333
7668	116	0	5	0.2825	114.0	570.0	0.3333333333333333
7669	56	0	5	0.1325	53.8	269.0	0.3333333333333333
7670	124	0	5	0.3025	68.8	344.0	0.6666666666666666
7671	149	1	4	0.37	37.8	189.0	1.0
7672	133	0	5	0.325	126.4	632.0	0.0
7673	346	0	5	0.8575	140.4	702.0	0.6666666666666666
7674	318	0	5	0.7875	128.2	641.0	0.3333333333333333
7675	87	0	5	0.21	85.0	425.0	0.0
7676	158	0	5	0.3875	114.4	572.0	0.0
7677	298	0	5	0.7375	228.6	1143.0	0.3333333333333333
7678	37	0	5	0.085	35.0	175.0	0.0
7679	134	0	5	0.3275	94.2	471.0	0.0
7680	322	0	5	0.7975	156.8	784.0	0.0
7681	270	1	4	0.6725	166.4	832.0	1.0
7682	168	0	5	0.4125	106.0	530.0	0.3333333333333333
7683	149	0	5	0.365	46.4	232.0	0.3333333333333333
7684	273	0	5	0.675	167.6	838.0	0.3333333333333333
7685	101	1	4	0.25	44.6	223.0	1.0
7686	308	1	4	0.7675	208.2	1041.0	1.0
7687	284	0	5	0.7025	241.0	1205.0	0.3333333333333333
7688	291	0	5	0.72	146.2	731.0	0.6666666666666666
7689	378	0	5	0.9375	209.6	1048.0	0.6666666666666666
7690	133	0	5	0.325	55.8	279.0	0.6666666666666666
7691	350	0	5	0.8675	218.8	1094.0	0.6666666666666666
7692	305	1	4	0.76	233.0	1165.0	1.0
7693	149	0	5	0.365	147.0	735.0	0.0
7694	378	0	5	0.9375	240.2	1201.0	0.3333333333333333
7695	247	0	5	0.61	133.0	665.0	0.6666666666666666
7696	308	0	5	0.7625	222.0	1110.0	0.6666666666666666
7697	154	0	5	0.3775	37.0	185.0	0.6666666666666666
7698	343	0	5	0.85	269.8	1349.0	0.6666666666666666
7699	343	0	5	0.85	204.6	1023.0	0.3333333333333333
7700	293	0	5	0.725	151.0	755.0	0.6666666666666666
7701	401	0	4	0.9975	212.0	1060.0	0.6666666666666666
7702	262	1	4	0.6525	155.6	778.0	1.0
7703	269	0	5	0.665	188.0	940.0	0.6666666666666666
7704	103	0	5	0.25	52.2	261.0	0.6666666666666666
7705	330	0	5	0.8175	201.4	1007.0	0.6666666666666666
7706	98	0	5	0.2375	95.6	478.0	0.6666666666666666
7707	240	0	5	0.5925	216.0	1080.0	0.3333333333333333
7708	259	0	5	0.64	181.8	909.0	0.6666666666666666
7709	94	0	5	0.2275	92.0	460.0	0.0
7710	208	0	5	0.5125	140.0	700.0	0.6666666666666666
7711	371	1	4	0.925	241.8	1209.0	1.0
7712	222	1	4	0.5525	162.0	810.0	1.0
7713	153	0	5	0.375	49.8	249.0	0.3333333333333333
7714	205	0	5	0.505	136.8	684.0	0.3333333333333333
7715	181	0	5	0.445	96.4	482.0	0.3333333333333333
7716	233	0	5	0.575	161.4	807.0	0.3333333333333333
7717	338	0	5	0.8375	212.2	1061.0	0.6666666666666666
7718	385	1	4	0.96	253.4	1267.0	1.0
7719	220	0	5	0.5425	43.8	219.0	0.6666666666666666
7720	371	0	5	0.92	201.0	1005.0	0.6666666666666666
7721	362	0	5	0.8975	191.4	957.0	0.6666666666666666
7722	356	0	5	0.8825	255.4	1277.0	0.3333333333333333
7723	280	1	4	0.6975	154.8	774.0	1.0
7724	303	1	4	0.755	126.8	634.0	1.0
7725	191	0	5	0.47	111.2	556.0	0.3333333333333333
7726	60	0	5	0.1425	58.0	290.0	0.0
7727	240	0	5	0.5925	213.4	1067.0	0.3333333333333333
7728	67	0	5	0.16	65.0	325.0	0.0
7729	343	1	4	0.855	243.0	1215.0	1.0
7730	300	1	4	0.7475	145.2	726.0	1.0
7731	233	1	4	0.58	196.8	984.0	1.0
7732	181	0	5	0.445	145.6	728.0	0.3333333333333333
7733	80	0	5	0.1925	78.0	390.0	0.0
7734	217	0	5	0.535	189.2	946.0	0.0
7735	331	0	5	0.82	238.2	1191.0	0.3333333333333333
7736	345	0	5	0.855	250.8	1254.0	0.6666666666666666
7737	330	0	5	0.8175	140.0	700.0	0.6666666666666666
7738	96	0	5	0.2325	92.2	461.0	0.0
7739	164	0	5	0.4025	37.2	186.0	0.6666666666666666
7740	284	1	4	0.7075	222.4	1112.0	1.0
7741	310	0	5	0.7675	247.2	1236.0	0.3333333333333333
7742	366	0	5	0.9075	187.8	939.0	0.6666666666666666
7743	358	0	5	0.8875	168.8	844.0	0.6666666666666666
7744	165	0	5	0.405	131.8	659.0	0.0
7745	125	0	5	0.305	120.6	603.0	0.0
7746	81	0	5	0.195	78.4	392.0	0.3333333333333333
7747	116	0	5	0.2825	88.8	444.0	0.3333333333333333
7748	213	0	5	0.525	175.8	879.0	0.6666666666666666
7749	153	0	5	0.375	71.6	358.0	0.3333333333333333
7750	295	0	5	0.73	206.6	1033.0	0.3333333333333333
7751	30	0	5	0.0675	28.0	140.0	0.0
7752	33	0	5	0.075	28.8	144.0	0.3333333333333333
7753	75	0	5	0.18	51.4	257.0	0.3333333333333333
7754	68	0	5	0.1625	50.4	252.0	0.0
7755	250	0	5	0.6175	222.4	1112.0	0.3333333333333333
7756	366	0	5	0.9075	98.4	492.0	0.6666666666666666
7757	212	0	5	0.5225	182.8	914.0	0.6666666666666666
7758	112	0	5	0.2725	46.4	232.0	0.3333333333333333
7759	106	0	5	0.2575	73.8	369.0	0.3333333333333333
7760	215	0	5	0.53	93.0	465.0	0.0
7761	22	0	5	0.0475	20.0	100.0	0.0
7762	68	0	5	0.1625	55.0	275.0	0.3333333333333333
7763	253	0	5	0.625	164.4	822.0	0.6666666666666666
7764	199	0	5	0.49	87.4	437.0	0.3333333333333333
7765	341	1	4	0.85	219.4	1097.0	1.0
7766	141	0	5	0.345	76.4	382.0	0.6666666666666666
7767	144	0	5	0.3525	121.2	606.0	0.0
7768	192	0	5	0.4725	135.0	675.0	0.6666666666666666
7769	277	0	5	0.685	78.2	391.0	0.6666666666666666
7770	3	0	5	0.0025	0.2	1.0	0.3333333333333333
7771	134	0	5	0.3275	72.2	361.0	0.3333333333333333
7772	59	0	5	0.14	57.0	285.0	0.0
7773	283	0	5	0.7	201.6	1008.0	0.6666666666666666
7774	296	0	5	0.7325	261.2	1306.0	0.3333333333333333
7775	312	0	5	0.7725	86.8	434.0	0.6666666666666666
7776	399	0	5	0.99	218.6	1093.0	0.6666666666666666
7777	261	1	4	0.65	147.0	735.0	1.0
7778	301	0	5	0.745	190.0	950.0	0.6666666666666666
7779	71	0	5	0.17	69.0	345.0	0.0
7780	75	0	5	0.18	73.0	365.0	0.0
7781	379	0	5	0.94	225.4	1127.0	0.6666666666666666
7782	296	0	5	0.7325	203.8	1019.0	0.3333333333333333
7783	145	0	5	0.355	93.4	467.0	0.3333333333333333
7784	359	0	5	0.89	321.0	1605.0	0.6666666666666666
7785	335	0	5	0.83	199.6	998.0	0.6666666666666666
7786	334	1	4	0.8325	106.6	533.0	1.0
7787	129	0	5	0.315	121.8	609.0	0.0
7788	110	0	5	0.2675	97.8	489.0	0.0
7789	210	0	5	0.5175	98.8	494.0	0.0
7790	356	1	4	0.8875	192.8	964.0	1.0
7791	190	0	5	0.4675	100.8	504.0	0.6666666666666666
7792	179	0	5	0.44	55.8	279.0	0.3333333333333333
7793	145	0	5	0.355	106.2	531.0	0.3333333333333333
7794	187	0	5	0.46	84.2	421.0	0.3333333333333333
7795	126	0	5	0.3075	124.0	620.0	0.0
7796	366	0	5	0.9075	162.0	810.0	0.6666666666666666
7797	65	0	5	0.155	42.6	213.0	0.0
7798	283	0	5	0.7	89.0	445.0	0.3333333333333333
7799	308	0	5	0.7625	203.2	1016.0	0.6666666666666666
7800	123	0	5	0.3	121.0	605.0	0.0
7801	262	0	5	0.6475	238.8	1194.0	0.0
7802	259	0	5	0.64	221.8	1109.0	0.3333333333333333
7803	195	0	5	0.48	126.8	634.0	0.6666666666666666
7804	50	0	5	0.1175	33.2	166.0	0.0
7805	234	0	5	0.5775	49.6	248.0	0.3333333333333333
7806	335	0	5	0.83	148.4	742.0	0.6666666666666666
7807	185	0	5	0.455	145.8	729.0	0.3333333333333333
7808	142	0	5	0.3475	129.8	649.0	0.0
7809	73	0	5	0.175	71.0	355.0	0.0
7810	328	1	4	0.8175	227.0	1135.0	1.0
7811	393	0	5	0.975	273.8	1369.0	0.6666666666666666
7812	85	0	5	0.205	83.0	415.0	0.0
7813	219	0	5	0.54	91.4	457.0	0.0
7814	26	0	5	0.0575	24.0	120.0	0.0
7815	240	0	5	0.5925	126.8	634.0	0.6666666666666666
7816	111	0	5	0.27	72.8	364.0	0.0
7817	313	0	5	0.775	166.6	833.0	0.3333333333333333
7818	56	0	5	0.1325	42.4	212.0	0.0
7819	310	0	5	0.7675	279.4	1397.0	0.6666666666666666
7820	314	0	5	0.7775	237.0	1185.0	0.3333333333333333
7821	110	0	5	0.2675	71.6	358.0	0.6666666666666666
7822	63	0	5	0.15	55.6	278.0	0.3333333333333333
7823	200	0	5	0.4925	170.4	852.0	0.0
7824	304	1	4	0.7575	105.6	528.0	1.0
7825	312	0	5	0.7725	167.8	839.0	0.6666666666666666
7826	168	0	5	0.4125	113.2	566.0	0.3333333333333333
7827	12	0	5	0.0225	10.0	50.0	0.0
7828	171	0	5	0.42	156.2	781.0	0.3333333333333333
7829	302	1	4	0.7525	199.6	998.0	1.0
7830	15	0	5	0.03	13.0	65.0	0.0
7831	286	0	5	0.7075	142.4	712.0	0.6666666666666666
7832	3	0	5	0.0025	0.2	1.0	0.3333333333333333
7833	282	0	5	0.6975	112.8	564.0	0.6666666666666666
7834	224	0	5	0.5525	84.8	424.0	0.6666666666666666
7835	385	0	5	0.955	292.2	1461.0	0.6666666666666666
7836	377	0	5	0.935	200.2	1001.0	0.6666666666666666
7837	321	1	4	0.8	263.8	1319.0	1.0
7838	62	0	5	0.1475	53.8	269.0	0.0
7839	267	1	4	0.665	121.6	608.0	1.0
7840	262	0	5	0.6475	157.2	786.0	0.3333333333333333
7841	283	0	5	0.7	158.0	790.0	0.6666666666666666
7842	111	0	5	0.27	43.4	217.0	0.3333333333333333
7843	399	0	5	0.99	245.2	1226.0	0.6666666666666666
7844	169	0	5	0.415	103.8	519.0	0.0
7845	120	0	5	0.2925	44.6	223.0	0.0
7846	168	0	5	0.4125	115.2	576.0	0.3333333333333333
7847	175	0	5	0.43	76.4	382.0	0.3333333333333333
7848	249	0	5	0.615	202.6	1013.0	0.3333333333333333
7849	50	0	5	0.1175	48.0	240.0	0.0
7850	93	0	5	0.225	45.4	227.0	0.3333333333333333
7851	158	0	5	0.3875	45.0	225.0	0.3333333333333333
7852	206	0	5	0.5075	153.6	768.0	0.6666666666666666
7853	223	0	5	0.55	165.0	825.0	0.6666666666666666
7854	10	0	5	0.0175	8.0	40.0	0.0
7855	116	0	5	0.2825	114.0	570.0	0.0
7856	58	0	5	0.1375	56.0	280.0	0.0
7857	357	0	5	0.885	200.6	1003.0	0.6666666666666666
7858	370	0	5	0.9175	180.8	904.0	0.6666666666666666
7859	288	0	5	0.7125	85.0	425.0	0.6666666666666666
7860	153	0	5	0.375	81.4	407.0	0.3333333333333333
7861	323	0	5	0.8	198.2	991.0	0.3333333333333333
7862	310	0	5	0.7675	172.0	860.0	0.6666666666666666
7863	351	0	5	0.87	148.6	743.0	0.6666666666666666
7864	185	0	5	0.455	111.8	559.0	0.0
7865	196	0	5	0.4825	127.2	636.0	0.6666666666666666
7866	70	0	5	0.1675	67.2	336.0	0.0
7867	302	0	5	0.7475	122.6	613.0	0.6666666666666666
7868	6	0	5	0.0075	4.0	20.0	0.0
7869	164	0	5	0.4025	110.4	552.0	0.3333333333333333
7870	219	0	5	0.54	156.8	784.0	0.0
7871	235	0	5	0.58	110.4	552.0	0.3333333333333333
7872	7	0	5	0.01	5.0	25.0	0.0
7873	358	0	5	0.8875	254.4	1272.0	0.3333333333333333
7874	336	0	5	0.8325	224.6	1123.0	0.3333333333333333
7875	372	0	5	0.9225	211.2	1056.0	0.6666666666666666
7876	325	1	4	0.81	91.6	458.0	1.0
7877	352	0	5	0.8725	165.4	827.0	0.6666666666666666
7878	381	0	5	0.945	107.0	535.0	0.6666666666666666
7879	233	0	5	0.575	226.2	1131.0	0.3333333333333333
7880	27	0	5	0.06	25.0	125.0	0.0
7881	308	0	5	0.7625	161.6	808.0	0.6666666666666666
7882	97	0	5	0.235	95.0	475.0	0.0
7883	171	1	4	0.425	118.6	593.0	1.0
7884	149	0	5	0.365	147.0	735.0	0.0
7885	291	0	5	0.72	255.8	1279.0	0.6666666666666666
7886	365	0	5	0.905	283.8	1419.0	0.6666666666666666
7887	49	0	5	0.115	41.4	207.0	0.0
7888	372	1	4	0.9275	129.2	646.0	1.0
7889	225	0	5	0.555	135.4	677.0	0.3333333333333333
7890	368	1	4	0.9175	108.0	540.0	1.0
7891	222	0	5	0.5475	160.8	804.0	0.0
7892	2	0	5	0.0	0.0	0.0	0.0
7893	330	0	5	0.8175	100.4	502.0	0.6666666666666666
7894	189	0	5	0.465	177.6	888.0	0.0
7895	400	1	4	0.9975	245.0	1225.0	1.0
7896	23	0	5	0.05	15.6	78.0	0.3333333333333333
7897	350	0	5	0.8675	182.4	912.0	0.6666666666666666
7898	350	0	5	0.8675	247.8	1239.0	0.6666666666666666
7899	324	0	5	0.8025	225.4	1127.0	0.3333333333333333
7900	219	0	5	0.54	54.6	273.0	0.3333333333333333
7901	304	0	5	0.7525	190.2	951.0	0.3333333333333333
7902	298	0	5	0.7375	109.6	548.0	0.3333333333333333
7903	220	0	5	0.5425	103.0	515.0	0.6666666666666666
7904	357	0	5	0.885	195.6	978.0	0.6666666666666666
7905	178	0	5	0.4375	89.6	448.0	0.3333333333333333
7906	324	0	5	0.8025	154.2	771.0	0.6666666666666666
7907	152	0	5	0.3725	107.6	538.0	0.3333333333333333
7908	5	0	5	0.005	3.0	15.0	0.0
7909	191	0	5	0.47	135.8	679.0	0.3333333333333333
7910	289	0	5	0.715	104.4	522.0	0.6666666666666666
7911	173	0	5	0.425	151.6	758.0	0.0
7912	350	1	4	0.8725	296.8	1484.0	1.0
7913	108	0	5	0.2625	105.2	526.0	0.3333333333333333
7914	44	0	5	0.1025	42.0	210.0	0.0
7915	331	0	5	0.82	107.4	537.0	0.6666666666666666
7916	231	1	4	0.575	93.4	467.0	1.0
7917	193	0	5	0.475	178.4	892.0	0.3333333333333333
7918	374	0	5	0.9275	147.2	736.0	0.3333333333333333
7919	190	0	5	0.4675	182.8	914.0	0.0
7920	37	0	5	0.085	35.0	175.0	0.0
7921	42	0	5	0.0975	16.8	84.0	0.3333333333333333
7922	276	0	5	0.6825	177.6	888.0	0.6666666666666666
7923	59	0	5	0.14	11.8	59.0	0.6666666666666666
7924	207	0	5	0.51	186.4	932.0	0.3333333333333333
7925	40	0	5	0.0925	12.4	62.0	0.3333333333333333
7926	349	0	5	0.865	220.6	1103.0	0.6666666666666666
7927	177	0	5	0.435	56.6	283.0	0.3333333333333333
7928	85	0	5	0.205	83.0	415.0	0.3333333333333333
7929	338	0	5	0.8375	236.2	1181.0	0.3333333333333333
7930	179	0	5	0.44	150.8	754.0	0.3333333333333333
7931	114	0	5	0.2775	111.4	557.0	0.3333333333333333
7932	185	0	5	0.455	183.0	915.0	0.0
7933	359	0	5	0.89	107.6	538.0	0.3333333333333333
7934	401	0	4	0.9975	172.0	860.0	0.6666666666666666
7935	45	0	5	0.105	43.0	215.0	0.0
7936	63	0	5	0.15	45.8	229.0	0.3333333333333333
7937	106	0	5	0.2575	101.4	507.0	0.0
7938	288	0	5	0.7125	186.4	932.0	0.6666666666666666
7939	80	0	5	0.1925	46.8	234.0	0.6666666666666666
7940	381	0	5	0.945	201.4	1007.0	0.6666666666666666
7941	163	0	5	0.4	161.0	805.0	0.0
7942	300	0	5	0.7425	239.0	1195.0	0.3333333333333333
7943	295	0	5	0.73	131.8	659.0	0.6666666666666666
7944	47	0	5	0.11	37.2	186.0	0.3333333333333333
7945	208	0	5	0.5125	178.0	890.0	0.3333333333333333
7946	143	0	5	0.35	126.6	633.0	0.3333333333333333
7947	287	0	5	0.71	164.2	821.0	0.3333333333333333
7948	164	0	5	0.4025	83.4	417.0	0.6666666666666666
7949	280	1	4	0.6975	139.2	696.0	1.0
7950	213	0	5	0.525	112.8	564.0	0.0
7951	288	1	4	0.7175	167.8	839.0	1.0
7952	133	0	5	0.325	63.8	319.0	0.3333333333333333
7953	256	0	5	0.6325	84.8	424.0	0.6666666666666666
7954	319	0	5	0.79	183.4	917.0	0.6666666666666666
7955	183	0	5	0.45	149.6	748.0	0.6666666666666666
7956	397	0	5	0.985	176.6	883.0	0.6666666666666666
7957	364	0	5	0.9025	317.6	1588.0	0.6666666666666666
7958	200	0	5	0.4925	115.2	576.0	0.6666666666666666
7959	183	0	5	0.45	92.8	464.0	0.3333333333333333
7960	326	0	5	0.8075	204.6	1023.0	0.0
7961	12	0	5	0.0225	10.0	50.0	0.0
7962	384	0	5	0.9525	145.8	729.0	0.6666666666666666
7963	74	0	5	0.1775	50.4	252.0	0.0
7964	242	0	5	0.5975	185.2	926.0	0.3333333333333333
7965	287	0	5	0.71	141.0	705.0	0.6666666666666666
7966	221	0	5	0.545	163.0	815.0	0.6666666666666666
7967	325	0	5	0.805	137.0	685.0	0.6666666666666666
7968	21	0	5	0.045	18.2	91.0	0.3333333333333333
7969	181	0	5	0.445	127.0	635.0	0.3333333333333333
7970	319	0	5	0.79	75.8	379.0	0.6666666666666666
7971	284	0	5	0.7025	192.0	960.0	0.3333333333333333
7972	392	0	5	0.9725	180.0	900.0	0.6666666666666666
7973	131	0	5	0.32	81.0	405.0	0.3333333333333333
7974	121	0	5	0.295	75.8	379.0	0.6666666666666666
7975	119	0	5	0.29	46.8	234.0	0.0
7976	166	0	5	0.4075	137.0	685.0	0.6666666666666666
7977	350	1	4	0.8725	171.0	855.0	1.0
7978	394	1	4	0.9825	196.4	982.0	1.0
7979	236	0	5	0.5825	164.0	820.0	0.3333333333333333
7980	196	0	5	0.4825	187.6	938.0	0.6666666666666666
7981	118	0	5	0.2875	116.0	580.0	0.0
7982	56	0	5	0.1325	47.0	235.0	0.3333333333333333
7983	131	0	5	0.32	51.0	255.0	0.3333333333333333
7984	292	0	5	0.7225	237.6	1188.0	0.3333333333333333
7985	210	0	5	0.5175	79.2	396.0	0.3333333333333333
7986	298	0	5	0.7375	251.2	1256.0	0.3333333333333333
7987	9	0	5	0.015	7.0	35.0	0.0
7988	312	0	5	0.7725	168.0	840.0	0.6666666666666666
7989	196	0	5	0.4825	164.2	821.0	0.6666666666666666
7990	10	0	5	0.0175	8.0	40.0	0.0
7991	121	0	5	0.295	75.8	379.0	0.0
7992	270	0	5	0.6675	144.8	724.0	0.6666666666666666
7993	209	0	5	0.515	128.2	641.0	0.0
7994	251	0	5	0.62	157.6	788.0	0.6666666666666666
7995	228	0	5	0.5625	99.4	497.0	0.3333333333333333
7996	167	0	5	0.41	64.8	324.0	0.6666666666666666
7997	98	0	5	0.2375	52.0	260.0	0.0
7998	211	0	5	0.52	186.8	934.0	0.3333333333333333
7999	393	0	5	0.975	163.0	815.0	0.3333333333333333
8000	307	0	5	0.76	169.6	848.0	0.6666666666666666
8001	330	0	5	0.8175	178.4	892.0	0.6666666666666666
8002	346	1	4	0.8625	152.0	760.0	1.0
8003	208	1	4	0.5175	190.4	952.0	1.0
8004	349	0	5	0.865	247.0	1235.0	0.6666666666666666
8005	94	0	5	0.2275	92.0	460.0	0.0
8006	273	0	5	0.675	116.8	584.0	0.6666666666666666
8007	200	0	5	0.4925	50.8	254.0	0.3333333333333333
8008	363	0	5	0.9	254.4	1272.0	0.6666666666666666
8009	290	0	5	0.7175	173.2	866.0	0.6666666666666666
8010	380	0	5	0.9425	227.2	1136.0	0.6666666666666666
8011	78	0	5	0.1875	76.0	380.0	0.0
8012	69	0	5	0.165	67.0	335.0	0.0
8013	68	0	5	0.1625	66.0	330.0	0.0
8014	355	0	5	0.88	261.0	1305.0	0.6666666666666666
8015	82	0	5	0.1975	68.2	341.0	0.3333333333333333
8016	191	0	5	0.47	189.0	945.0	0.0
8017	65	0	5	0.155	17.4	87.0	0.3333333333333333
8018	346	0	5	0.8575	220.0	1100.0	0.6666666666666666
8019	341	0	5	0.845	228.6	1143.0	0.3333333333333333
8020	238	1	4	0.5925	110.0	550.0	1.0
8021	239	1	4	0.595	156.0	780.0	1.0
8022	387	0	5	0.96	167.0	835.0	0.6666666666666666
8023	270	0	5	0.6675	183.6	918.0	0.6666666666666666
8024	387	1	4	0.965	244.6	1223.0	1.0
8025	189	0	5	0.465	93.4	467.0	0.6666666666666666
8026	138	0	5	0.3375	136.0	680.0	0.0
8027	382	0	5	0.9475	197.4	987.0	0.6666666666666666
8028	14	0	5	0.0275	12.0	60.0	0.0
8029	253	0	5	0.625	75.0	375.0	0.6666666666666666
8030	372	0	5	0.9225	192.4	962.0	0.6666666666666666
8031	141	0	5	0.345	69.4	347.0	0.3333333333333333
8032	104	0	5	0.2525	27.6	138.0	0.3333333333333333
8033	66	0	5	0.1575	44.4	222.0	0.0
8034	118	0	5	0.2875	100.0	500.0	0.3333333333333333
8035	184	0	5	0.4525	96.4	482.0	0.0
8036	5	0	5	0.005	3.0	15.0	0.0
8037	222	0	5	0.5475	156.8	784.0	0.3333333333333333
8038	303	0	5	0.75	163.2	816.0	0.6666666666666666
8039	209	0	5	0.515	43.0	215.0	0.6666666666666666
8040	20	0	5	0.0425	18.0	90.0	0.0
8041	36	0	5	0.0825	34.0	170.0	0.0
8042	290	0	5	0.7175	222.8	1114.0	0.3333333333333333
8043	340	0	5	0.8425	220.2	1101.0	0.6666666666666666
8044	330	0	5	0.8175	125.6	628.0	0.3333333333333333
8045	360	0	5	0.8925	123.4	617.0	0.6666666666666666
8046	146	0	5	0.3575	87.4	437.0	0.3333333333333333
8047	52	0	5	0.1225	18.0	90.0	0.0
8048	136	0	5	0.3325	134.0	670.0	0.0
8049	385	0	5	0.955	123.8	619.0	0.6666666666666666
8050	318	1	4	0.7925	113.2	566.0	1.0
8051	114	0	5	0.2775	84.0	420.0	0.3333333333333333
8052	375	1	4	0.935	210.2	1051.0	1.0
8053	181	0	5	0.445	74.6	373.0	0.3333333333333333
8054	5	0	5	0.005	3.0	15.0	0.0
8055	306	0	5	0.7575	168.4	842.0	0.3333333333333333
8056	5	0	5	0.005	3.0	15.0	0.0
8057	325	0	5	0.805	213.8	1069.0	0.3333333333333333
8058	247	0	5	0.61	145.0	725.0	0.0
8059	153	1	4	0.38	71.0	355.0	1.0
8060	147	0	5	0.36	82.6	413.0	0.0
8061	110	0	5	0.2675	64.0	320.0	0.3333333333333333
8062	136	0	5	0.3325	54.8	274.0	0.3333333333333333
8063	290	0	5	0.7175	163.8	819.0	0.6666666666666666
8064	264	0	5	0.6525	68.6	343.0	0.6666666666666666
8065	153	0	5	0.375	107.0	535.0	0.3333333333333333
8066	148	0	5	0.3625	36.4	182.0	0.3333333333333333
8067	357	0	5	0.885	189.4	947.0	0.6666666666666666
8068	74	0	5	0.1775	66.8	334.0	0.0
8069	9	0	5	0.015	7.0	35.0	0.0
8070	157	0	5	0.385	108.8	544.0	0.6666666666666666
8071	344	0	5	0.8525	218.6	1093.0	0.6666666666666666
8072	76	0	5	0.1825	40.4	202.0	0.3333333333333333
8073	25	0	5	0.055	23.0	115.0	0.0
8074	346	0	5	0.8575	217.4	1087.0	0.6666666666666666
8075	118	0	5	0.2875	114.8	574.0	0.3333333333333333
8076	127	0	5	0.31	125.0	625.0	0.0
8077	184	1	4	0.4575	116.4	582.0	1.0
8078	168	0	5	0.4125	90.2	451.0	0.3333333333333333
8079	226	0	5	0.5575	123.4	617.0	0.6666666666666666
8080	216	0	5	0.5325	100.8	504.0	0.3333333333333333
8081	78	0	5	0.1875	57.0	285.0	0.0
8082	116	0	5	0.2825	58.2	291.0	0.3333333333333333
8083	284	0	5	0.7025	262.0	1310.0	0.6666666666666666
8084	225	0	5	0.555	50.2	251.0	0.3333333333333333
8085	226	0	5	0.5575	165.8	829.0	0.3333333333333333
8086	39	0	5	0.09	32.0	160.0	0.0
8087	220	0	5	0.5425	152.6	763.0	0.3333333333333333
8088	305	1	4	0.76	247.4	1237.0	1.0
8089	69	0	5	0.165	55.4	277.0	0.3333333333333333
8090	249	0	5	0.615	91.0	455.0	0.3333333333333333
8091	218	0	5	0.5375	128.6	643.0	0.6666666666666666
8092	212	0	5	0.5225	210.0	1050.0	0.0
8093	363	1	4	0.905	220.6	1103.0	1.0
8094	172	0	5	0.4225	170.0	850.0	0.0
8095	206	0	5	0.5075	61.6	308.0	0.3333333333333333
8096	47	0	5	0.11	29.0	145.0	0.0
8097	190	0	5	0.4675	67.6	338.0	0.6666666666666666
8098	307	0	5	0.76	151.6	758.0	0.6666666666666666
8099	128	0	5	0.3125	126.0	630.0	0.0
8100	309	1	4	0.77	255.2	1276.0	1.0
8101	209	0	5	0.515	135.8	679.0	0.3333333333333333
8102	165	0	5	0.405	141.6	708.0	0.3333333333333333
8103	204	0	5	0.5025	152.8	764.0	0.3333333333333333
8104	303	0	5	0.75	123.8	619.0	0.6666666666666666
8105	220	0	5	0.5425	181.6	908.0	0.0
8106	22	0	5	0.0475	20.0	100.0	0.0
8107	376	0	5	0.9325	209.6	1048.0	0.6666666666666666
8108	391	0	5	0.97	208.0	1040.0	0.6666666666666666
8109	278	0	5	0.6875	94.8	474.0	0.6666666666666666
8110	30	0	5	0.0675	28.0	140.0	0.0
8111	333	1	4	0.83	244.8	1224.0	1.0
8112	145	0	5	0.355	128.4	642.0	0.6666666666666666
8113	95	0	5	0.23	80.2	401.0	0.3333333333333333
8114	103	0	5	0.25	96.2	481.0	0.3333333333333333
8115	251	1	4	0.625	165.6	828.0	1.0
8116	342	1	4	0.8525	102.6	513.0	1.0
8117	165	0	5	0.405	74.2	371.0	0.3333333333333333
8118	199	0	5	0.49	154.6	773.0	0.3333333333333333
8119	119	0	5	0.29	104.6	523.0	0.0
8120	211	0	5	0.52	148.2	741.0	0.3333333333333333
8121	122	0	5	0.2975	120.0	600.0	0.0
8122	310	0	5	0.7675	160.4	802.0	0.6666666666666666
8123	280	0	5	0.6925	108.8	544.0	0.3333333333333333
8124	81	0	5	0.195	68.0	340.0	0.3333333333333333
8125	363	0	5	0.9	276.6	1383.0	0.6666666666666666
8126	339	0	5	0.84	279.0	1395.0	0.0
8127	189	0	5	0.465	187.0	935.0	0.3333333333333333
8128	104	0	5	0.2525	85.8	429.0	0.3333333333333333
8129	351	0	5	0.87	267.8	1339.0	0.6666666666666666
8130	207	0	5	0.51	148.6	743.0	0.3333333333333333
8131	234	0	5	0.5775	98.8	494.0	0.3333333333333333
8132	105	0	5	0.255	69.8	349.0	0.3333333333333333
8133	341	0	5	0.845	143.0	715.0	0.3333333333333333
8134	303	0	5	0.75	153.6	768.0	0.6666666666666666
8135	154	0	5	0.3775	147.2	736.0	0.3333333333333333
8136	376	0	5	0.9325	221.4	1107.0	0.6666666666666666
8137	110	0	5	0.2675	72.8	364.0	0.0
8138	369	0	5	0.915	163.0	815.0	0.3333333333333333
8139	259	0	5	0.64	113.0	565.0	0.6666666666666666
8140	119	0	5	0.29	81.0	405.0	0.6666666666666666
8141	84	0	5	0.2025	56.0	280.0	0.3333333333333333
8142	245	0	5	0.605	166.8	834.0	0.3333333333333333
8143	75	0	5	0.18	60.2	301.0	0.0
8144	366	0	5	0.9075	169.4	847.0	0.6666666666666666
8145	316	0	5	0.7825	235.6	1178.0	0.6666666666666666
8146	229	0	5	0.565	177.8	889.0	0.3333333333333333
8147	140	0	5	0.3425	136.0	680.0	0.3333333333333333
8148	311	0	5	0.77	219.0	1095.0	0.3333333333333333
8149	87	0	5	0.21	79.6	398.0	0.3333333333333333
8150	284	0	5	0.7025	266.0	1330.0	0.0
8151	386	0	5	0.9575	156.6	783.0	0.6666666666666666
8152	290	0	5	0.7175	111.6	558.0	0.6666666666666666
8153	28	0	5	0.0625	18.0	90.0	0.0
8154	238	0	5	0.5875	174.2	871.0	0.6666666666666666
8155	134	0	5	0.3275	132.0	660.0	0.3333333333333333
8156	212	0	5	0.5225	198.8	994.0	0.3333333333333333
8157	292	1	4	0.7275	200.8	1004.0	1.0
8158	303	0	5	0.75	173.0	865.0	0.3333333333333333
8159	299	0	5	0.74	200.8	1004.0	0.6666666666666666
8160	21	0	5	0.045	19.0	95.0	0.0
8161	8	0	5	0.0125	6.0	30.0	0.0
8162	176	0	5	0.4325	171.4	857.0	0.0
8163	222	0	5	0.5475	220.0	1100.0	0.0
8164	250	0	5	0.6175	116.0	580.0	0.3333333333333333
8165	93	0	5	0.225	70.2	351.0	0.3333333333333333
8166	7	0	5	0.01	5.0	25.0	0.0
8167	209	0	5	0.515	137.2	686.0	0.3333333333333333
8168	281	0	5	0.695	126.4	632.0	0.6666666666666666
8169	33	0	5	0.075	13.4	67.0	0.3333333333333333
8170	283	1	3	0.705	148.6	743.0	1.0
8171	166	0	5	0.4075	68.8	344.0	0.6666666666666666
8172	105	0	5	0.255	103.0	515.0	0.0
8173	79	0	5	0.19	47.6	238.0	0.3333333333333333
8174	149	0	5	0.365	116.0	580.0	0.3333333333333333
8175	54	0	5	0.1275	52.0	260.0	0.0
8176	286	0	5	0.7075	194.0	970.0	0.6666666666666666
8177	316	0	5	0.7825	227.4	1137.0	0.6666666666666666
8178	384	1	4	0.9575	165.4	827.0	1.0
8179	189	0	5	0.465	169.2	846.0	0.6666666666666666
8180	193	0	5	0.475	185.0	925.0	0.0
8181	98	0	5	0.2375	35.2	176.0	0.0
8182	82	0	5	0.1975	39.6	198.0	0.3333333333333333
8183	347	1	4	0.865	147.6	738.0	1.0
8184	94	0	5	0.2275	31.2	156.0	0.3333333333333333
8185	225	1	4	0.56	73.0	365.0	1.0
8186	91	0	5	0.22	89.0	445.0	0.0
8187	333	0	5	0.825	323.4	1617.0	0.3333333333333333
8188	184	0	5	0.4525	73.2	366.0	0.3333333333333333
8189	320	0	5	0.7925	184.6	923.0	0.3333333333333333
8190	308	0	5	0.7625	160.0	800.0	0.6666666666666666
8191	106	0	5	0.2575	77.6	388.0	0.0
8192	247	0	5	0.61	143.4	717.0	0.6666666666666666
8193	115	0	5	0.28	42.6	213.0	0.3333333333333333
8194	149	0	5	0.365	147.0	735.0	0.0
8195	12	0	5	0.0225	10.0	50.0	0.0
8196	387	0	5	0.96	243.2	1216.0	0.6666666666666666
8197	260	0	5	0.6425	112.0	560.0	0.3333333333333333
8198	372	1	4	0.9275	188.4	942.0	1.0
8199	170	0	5	0.4175	149.4	747.0	0.0
8200	377	0	5	0.935	333.0	1665.0	0.6666666666666666
8201	36	0	5	0.0825	34.0	170.0	0.0
8202	215	0	5	0.53	160.0	800.0	0.6666666666666666
8203	356	1	4	0.8875	279.2	1396.0	1.0
8204	331	0	5	0.82	179.2	896.0	0.3333333333333333
8205	246	0	5	0.6075	101.8	509.0	0.3333333333333333
8206	204	0	5	0.5025	66.4	332.0	0.3333333333333333
8207	374	0	5	0.9275	254.4	1272.0	0.6666666666666666
8208	286	1	4	0.7125	147.6	738.0	1.0
8209	339	0	5	0.84	101.0	505.0	0.3333333333333333
8210	364	0	5	0.9025	280.4	1402.0	0.3333333333333333
8211	187	0	5	0.46	145.6	728.0	0.3333333333333333
8212	115	0	5	0.28	90.8	454.0	0.6666666666666666
8213	217	0	5	0.535	140.6	703.0	0.0
8214	130	0	5	0.3175	44.8	224.0	0.0
8215	8	0	5	0.0125	6.0	30.0	0.0
8216	239	0	5	0.59	157.8	789.0	0.3333333333333333
8217	341	0	5	0.845	157.4	787.0	0.6666666666666666
8218	283	0	5	0.7	174.6	873.0	0.6666666666666666
8219	189	0	5	0.465	144.0	720.0	0.3333333333333333
8220	112	0	5	0.2725	110.0	550.0	0.0
8221	315	0	5	0.78	289.4	1447.0	0.3333333333333333
8222	48	0	5	0.1125	46.0	230.0	0.0
8223	230	0	5	0.5675	201.6	1008.0	0.3333333333333333
8224	116	0	5	0.2825	74.8	374.0	0.0
8225	131	0	5	0.32	72.6	363.0	0.3333333333333333
8226	302	0	5	0.7475	120.6	603.0	0.6666666666666666
8227	191	0	5	0.47	84.0	420.0	0.3333333333333333
8228	140	0	5	0.3425	108.8	544.0	0.3333333333333333
8229	261	0	5	0.645	168.2	841.0	0.6666666666666666
8230	366	0	5	0.9075	216.2	1081.0	0.6666666666666666
8231	145	0	5	0.355	120.6	603.0	0.3333333333333333
8232	349	0	5	0.865	184.6	923.0	0.3333333333333333
8233	158	0	5	0.3875	49.6	248.0	0.3333333333333333
8234	141	0	5	0.345	139.0	695.0	0.0
8235	91	0	5	0.22	45.6	228.0	0.6666666666666666
8236	136	0	5	0.3325	132.4	662.0	0.0
8237	226	0	5	0.5575	160.6	803.0	0.3333333333333333
8238	398	1	4	0.9925	129.6	648.0	1.0
8239	107	0	5	0.26	101.4	507.0	0.0
8240	259	1	4	0.645	122.8	614.0	1.0
8241	98	0	5	0.2375	51.6	258.0	0.3333333333333333
8242	77	0	5	0.185	57.8	289.0	0.0
8243	76	0	5	0.1825	74.0	370.0	0.0
8244	227	0	5	0.56	72.2	361.0	0.0
8245	231	0	5	0.57	127.4	637.0	0.0
8246	102	0	5	0.2475	84.0	420.0	0.0
8247	267	0	5	0.66	155.4	777.0	0.6666666666666666
8248	205	0	5	0.505	96.0	480.0	0.3333333333333333
8249	10	0	5	0.0175	8.0	40.0	0.0
8250	211	0	5	0.52	108.6	543.0	0.6666666666666666
8251	158	1	4	0.3925	50.8	254.0	1.0
8252	244	1	4	0.6075	135.2	676.0	1.0
8253	316	0	5	0.7825	166.8	834.0	0.6666666666666666
8254	124	0	5	0.3025	86.8	434.0	0.3333333333333333
8255	245	0	5	0.605	236.8	1184.0	0.0
8256	339	0	5	0.84	132.4	662.0	0.6666666666666666
8257	239	0	5	0.59	101.0	505.0	0.6666666666666666
8258	397	0	5	0.985	181.0	905.0	0.6666666666666666
8259	82	0	5	0.1975	79.6	398.0	0.0
8260	244	0	5	0.6025	150.8	754.0	0.6666666666666666
8261	220	0	5	0.5425	166.4	832.0	0.0
8262	267	0	5	0.66	67.6	338.0	0.6666666666666666
8263	118	0	5	0.2875	116.0	580.0	0.0
8264	242	0	5	0.5975	149.0	745.0	0.6666666666666666
8265	133	0	5	0.325	104.4	522.0	0.6666666666666666
8266	145	1	4	0.36	110.6	553.0	1.0
8267	73	0	5	0.175	35.0	175.0	0.0
8268	219	0	5	0.54	212.6	1063.0	0.0
8269	339	0	5	0.84	147.2	736.0	0.6666666666666666
8270	144	0	5	0.3525	120.0	600.0	0.0
8271	140	0	5	0.3425	105.2	526.0	0.6666666666666666
8272	164	0	5	0.4025	45.2	226.0	0.0
8273	266	0	5	0.6575	184.2	921.0	0.3333333333333333
8274	45	0	5	0.105	43.0	215.0	0.0
8275	177	0	5	0.435	173.4	867.0	0.0
8276	78	0	5	0.1875	65.8	329.0	0.3333333333333333
8277	42	0	5	0.0975	40.0	200.0	0.0
8278	133	0	5	0.325	55.8	279.0	0.3333333333333333
8279	155	0	5	0.38	123.8	619.0	0.3333333333333333
8280	199	0	5	0.49	124.2	621.0	0.3333333333333333
8281	172	0	5	0.4225	40.4	202.0	0.3333333333333333
8282	153	0	5	0.375	135.0	675.0	0.6666666666666666
8283	23	0	5	0.05	21.0	105.0	0.0
8284	190	0	5	0.4675	176.8	884.0	0.3333333333333333
8285	212	0	5	0.5225	103.6	518.0	0.3333333333333333
8286	119	0	5	0.29	117.0	585.0	0.0
8287	111	0	5	0.27	109.0	545.0	0.0
8288	353	1	4	0.88	187.4	937.0	1.0
8289	29	0	5	0.065	27.0	135.0	0.0
8290	124	0	5	0.3025	116.2	581.0	0.3333333333333333
8291	179	0	5	0.44	165.0	825.0	0.3333333333333333
8292	314	0	5	0.7775	90.4	452.0	0.6666666666666666
8293	170	0	5	0.4175	99.0	495.0	0.3333333333333333
8294	212	0	5	0.5225	195.4	977.0	0.6666666666666666
8295	121	0	5	0.295	119.0	595.0	0.0
8296	350	0	5	0.8675	212.2	1061.0	0.6666666666666666
8297	198	0	5	0.4875	163.8	819.0	0.6666666666666666
8298	192	0	5	0.4725	89.8	449.0	0.3333333333333333
8299	322	0	5	0.7975	220.4	1102.0	0.3333333333333333
8300	330	0	5	0.8175	203.6	1018.0	0.3333333333333333
8301	39	0	5	0.09	37.0	185.0	0.0
8302	65	0	5	0.155	56.8	284.0	0.0
8303	246	0	5	0.6075	102.6	513.0	0.3333333333333333
8304	186	0	5	0.4575	165.0	825.0	0.3333333333333333
8305	230	0	5	0.5675	101.2	506.0	0.3333333333333333
8306	374	1	4	0.9325	183.6	918.0	1.0
8307	89	0	5	0.215	46.2	231.0	0.0
8308	207	0	5	0.51	154.6	773.0	0.6666666666666666
8309	232	1	4	0.5775	165.6	828.0	1.0
8310	298	0	5	0.7375	167.6	838.0	0.6666666666666666
8311	312	0	5	0.7725	187.6	938.0	0.0
8312	106	0	5	0.2575	94.4	472.0	0.0
8313	401	0	4	0.9975	179.0	895.0	0.6666666666666666
8314	213	0	5	0.525	138.0	690.0	0.6666666666666666
8315	228	0	5	0.5625	106.8	534.0	0.6666666666666666
8316	270	0	5	0.6675	72.0	360.0	0.6666666666666666
8317	244	0	5	0.6025	148.8	744.0	0.0
8318	291	0	5	0.72	194.8	974.0	0.6666666666666666
8319	184	0	5	0.4525	84.8	424.0	0.0
8320	362	1	4	0.9025	262.4	1312.0	1.0
8321	254	0	5	0.6275	139.8	699.0	0.6666666666666666
8322	220	1	4	0.5475	137.2	686.0	1.0
8323	371	1	3	0.925	272.0	1360.0	1.0
8324	345	1	3	0.86	151.8	759.0	1.0
8325	220	1	4	0.5475	130.4	652.0	1.0
8326	70	0	5	0.1675	56.0	280.0	0.3333333333333333
8327	142	0	5	0.3475	95.6	478.0	0.3333333333333333
8328	204	0	5	0.5025	153.4	767.0	0.0
8329	260	1	4	0.6475	191.2	956.0	1.0
8330	198	0	5	0.4875	129.2	646.0	0.6666666666666666
8331	40	0	5	0.0925	38.0	190.0	0.0
8332	400	0	5	0.9925	203.0	1015.0	0.6666666666666666
8333	146	0	5	0.3575	122.4	612.0	0.3333333333333333
8334	348	0	5	0.8625	266.4	1332.0	0.6666666666666666
8335	328	0	5	0.8125	225.2	1126.0	0.3333333333333333
8336	337	0	5	0.835	293.4	1467.0	0.6666666666666666
8337	85	0	5	0.205	45.8	229.0	0.3333333333333333
8338	313	0	5	0.775	154.2	771.0	0.6666666666666666
8339	401	0	5	0.995	195.8	979.0	0.6666666666666666
8340	242	1	3	0.6025	119.0	595.0	1.0
8341	218	0	5	0.5375	99.6	498.0	0.3333333333333333
8342	51	0	5	0.12	38.4	192.0	0.3333333333333333
8343	106	0	5	0.2575	64.0	320.0	0.0
8344	98	0	5	0.2375	65.6	328.0	0.0
8345	253	0	5	0.625	147.6	738.0	0.3333333333333333
8346	7	0	5	0.01	5.0	25.0	0.0
8347	288	0	5	0.7125	134.0	670.0	0.3333333333333333
8348	312	0	5	0.7725	194.4	972.0	0.3333333333333333
8349	266	1	4	0.6625	137.2	686.0	1.0
8350	218	0	5	0.5375	147.8	739.0	0.6666666666666666
8351	59	0	5	0.14	51.2	256.0	0.0
8352	58	0	5	0.1375	56.0	280.0	0.0
8353	260	0	5	0.6425	83.2	416.0	0.6666666666666666
8354	176	0	5	0.4325	120.6	603.0	0.3333333333333333
8355	120	0	5	0.2925	118.0	590.0	0.0
8356	240	0	5	0.5925	126.4	632.0	0.3333333333333333
8357	79	0	5	0.19	77.0	385.0	0.0
8358	18	0	5	0.0375	8.8	44.0	0.3333333333333333
8359	248	0	5	0.6125	196.4	982.0	0.6666666666666666
8360	186	0	5	0.4575	45.6	228.0	0.3333333333333333
8361	179	0	5	0.44	177.0	885.0	0.3333333333333333
8362	121	0	5	0.295	74.0	370.0	0.3333333333333333
8363	287	0	5	0.71	197.8	989.0	0.6666666666666666
8364	109	1	4	0.27	70.6	353.0	1.0
8365	374	0	5	0.9275	202.6	1013.0	0.6666666666666666
8366	90	0	5	0.2175	70.4	352.0	0.3333333333333333
8367	388	0	5	0.9625	221.6	1108.0	0.3333333333333333
8368	164	0	5	0.4025	141.6	708.0	0.3333333333333333
8369	42	0	5	0.0975	26.0	130.0	0.3333333333333333
8370	370	0	5	0.9175	192.4	962.0	0.6666666666666666
8371	3	0	5	0.0025	0.8	4.0	0.3333333333333333
8372	117	0	5	0.285	70.6	353.0	0.3333333333333333
8373	208	0	5	0.5125	124.8	624.0	0.3333333333333333
8374	157	0	5	0.385	155.0	775.0	0.0
8375	88	0	5	0.2125	86.0	430.0	0.0
8376	65	0	5	0.155	55.0	275.0	0.3333333333333333
8377	207	0	5	0.51	104.0	520.0	0.3333333333333333
8378	391	0	5	0.97	196.6	983.0	0.6666666666666666
8379	283	0	5	0.7	261.2	1306.0	0.6666666666666666
8380	351	0	5	0.87	232.4	1162.0	0.6666666666666666
8381	99	0	5	0.24	95.2	476.0	0.0
8382	146	0	5	0.3575	118.6	593.0	0.3333333333333333
8383	237	0	5	0.585	223.6	1118.0	0.0
8384	175	0	5	0.43	173.0	865.0	0.0
8385	182	1	4	0.4525	70.8	354.0	1.0
8386	272	0	5	0.6725	90.0	450.0	0.0
8387	311	0	5	0.77	300.6	1503.0	0.3333333333333333
8388	397	0	5	0.985	140.8	704.0	0.6666666666666666
8389	116	0	5	0.2825	114.0	570.0	0.0
8390	266	0	5	0.6575	72.0	360.0	0.3333333333333333
8391	215	0	5	0.53	171.4	857.0	0.3333333333333333
8392	144	0	5	0.3525	138.0	690.0	0.3333333333333333
8393	324	0	5	0.8025	213.0	1065.0	0.6666666666666666
8394	226	1	4	0.5625	166.4	832.0	1.0
8395	201	0	5	0.495	103.6	518.0	0.6666666666666666
8396	240	0	5	0.5925	236.0	1180.0	0.0
8397	122	0	5	0.2975	120.0	600.0	0.0
8398	118	0	5	0.2875	88.2	441.0	0.6666666666666666
8399	209	0	5	0.515	112.8	564.0	0.3333333333333333
8400	17	0	5	0.035	15.0	75.0	0.0
8401	54	0	5	0.1275	52.0	260.0	0.0
8402	377	1	4	0.94	268.0	1340.0	1.0
8403	170	0	5	0.4175	56.0	280.0	0.6666666666666666
8404	150	0	5	0.3675	99.6	498.0	0.6666666666666666
8405	110	0	5	0.2675	39.2	196.0	0.3333333333333333
8406	134	0	5	0.3275	131.0	655.0	0.3333333333333333
8407	376	0	5	0.9325	196.6	983.0	0.6666666666666666
8408	385	0	5	0.955	260.8	1304.0	0.6666666666666666
8409	346	0	5	0.8575	217.8	1089.0	0.6666666666666666
8410	268	0	5	0.6625	140.8	704.0	0.6666666666666666
8411	253	0	5	0.625	192.8	964.0	0.3333333333333333
8412	261	0	5	0.645	182.2	911.0	0.6666666666666666
8413	165	0	5	0.405	102.6	513.0	0.3333333333333333
8414	138	0	5	0.3375	67.2	336.0	0.3333333333333333
8415	359	1	4	0.895	296.2	1481.0	1.0
8416	399	0	5	0.99	190.2	951.0	0.6666666666666666
8417	101	0	5	0.245	82.2	411.0	0.3333333333333333
8418	393	0	5	0.975	271.2	1356.0	0.6666666666666666
8419	207	0	5	0.51	89.0	445.0	0.3333333333333333
8420	290	0	5	0.7175	231.0	1155.0	0.3333333333333333
8421	294	0	5	0.7275	178.6	893.0	0.3333333333333333
8422	5	0	5	0.005	3.0	15.0	0.0
8423	112	0	5	0.2725	97.2	486.0	0.3333333333333333
8424	209	1	4	0.52	62.4	312.0	1.0
8425	372	0	5	0.9225	338.8	1694.0	0.3333333333333333
8426	137	0	5	0.335	132.0	660.0	0.0
8427	236	0	5	0.5825	154.6	773.0	0.6666666666666666
8428	118	0	5	0.2875	93.6	468.0	0.0
8429	269	0	5	0.665	76.6	383.0	0.6666666666666666
8430	251	0	5	0.62	178.6	893.0	0.3333333333333333
8431	2	0	5	0.0	0.0	0.0	0.0
8432	287	1	4	0.715	132.0	660.0	1.0
8433	315	0	5	0.78	306.4	1532.0	0.0
8434	325	1	4	0.81	130.6	653.0	1.0
8435	51	0	5	0.12	49.0	245.0	0.3333333333333333
8436	110	0	5	0.2675	66.6	333.0	0.6666666666666666
8437	93	0	5	0.225	67.0	335.0	0.3333333333333333
8438	121	0	5	0.295	119.0	595.0	0.0
8439	117	1	4	0.29	52.6	263.0	1.0
8440	195	0	5	0.48	115.4	577.0	0.6666666666666666
8441	174	0	5	0.4275	77.6	388.0	0.6666666666666666
8442	338	0	5	0.8375	124.4	622.0	0.6666666666666666
8443	229	0	5	0.565	109.4	547.0	0.6666666666666666
8444	274	0	5	0.6775	124.6	623.0	0.6666666666666666
8445	81	0	5	0.195	79.0	395.0	0.0
8446	140	0	5	0.3425	75.6	378.0	0.3333333333333333
8447	267	0	5	0.66	260.2	1301.0	0.3333333333333333
8448	249	0	5	0.615	62.2	311.0	0.6666666666666666
8449	163	1	4	0.405	85.4	427.0	1.0
8450	251	0	5	0.62	208.2	1041.0	0.3333333333333333
8451	190	0	5	0.4675	99.2	496.0	0.6666666666666666
8452	209	0	5	0.515	114.2	571.0	0.3333333333333333
8453	190	1	4	0.4725	106.0	530.0	1.0
8454	150	0	5	0.3675	114.2	571.0	0.6666666666666666
8455	25	0	5	0.055	23.0	115.0	0.0
8456	126	0	5	0.3075	94.4	472.0	0.3333333333333333
8457	11	0	5	0.02	9.0	45.0	0.0
8458	247	0	5	0.61	107.0	535.0	0.0
8459	298	0	5	0.7375	245.2	1226.0	0.0
8460	175	0	5	0.43	132.8	664.0	0.3333333333333333
8461	128	0	5	0.3125	123.6	618.0	0.3333333333333333
8462	117	0	5	0.285	46.2	231.0	0.3333333333333333
8463	234	0	5	0.5775	205.0	1025.0	0.0
8464	178	0	5	0.4375	110.6	553.0	0.0
8465	321	1	4	0.8	106.4	532.0	1.0
8466	312	0	5	0.7725	116.8	584.0	0.6666666666666666
8467	306	0	5	0.7575	245.4	1227.0	0.6666666666666666
8468	180	0	5	0.4425	120.6	603.0	0.0
8469	26	0	5	0.0575	7.2	36.0	0.0
8470	134	0	5	0.3275	85.2	426.0	0.3333333333333333
8471	185	0	5	0.455	165.4	827.0	0.3333333333333333
8472	96	0	5	0.2325	73.6	368.0	0.0
8473	222	0	5	0.5475	155.6	778.0	0.3333333333333333
8474	322	0	5	0.7975	189.2	946.0	0.3333333333333333
8475	289	0	5	0.715	122.6	613.0	0.3333333333333333
8476	387	0	5	0.96	279.8	1399.0	0.6666666666666666
8477	377	1	4	0.94	133.4	667.0	1.0
8478	117	0	5	0.285	95.0	475.0	0.3333333333333333
8479	256	1	4	0.6375	171.2	856.0	1.0
8480	132	0	5	0.3225	92.8	464.0	0.3333333333333333
8481	365	0	5	0.905	178.8	894.0	0.6666666666666666
8482	85	0	5	0.205	83.0	415.0	0.0
8483	111	0	5	0.27	109.0	545.0	0.0
8484	211	0	5	0.52	196.6	983.0	0.3333333333333333
8485	90	0	5	0.2175	63.2	316.0	0.3333333333333333
8486	223	0	5	0.55	194.4	972.0	0.0
8487	156	0	5	0.3825	48.4	242.0	0.3333333333333333
8488	127	1	4	0.315	78.2	391.0	1.0
8489	242	0	5	0.5975	123.2	616.0	0.6666666666666666
8490	297	0	5	0.735	191.8	959.0	0.6666666666666666
8491	341	0	5	0.845	163.6	818.0	0.6666666666666666
8492	227	0	5	0.56	93.6	468.0	0.3333333333333333
8493	273	0	5	0.675	156.2	781.0	0.6666666666666666
8494	154	0	5	0.3775	66.2	331.0	0.3333333333333333
8495	9	0	5	0.015	7.0	35.0	0.0
8496	286	0	5	0.7075	98.4	492.0	0.6666666666666666
8497	62	0	5	0.1475	50.4	252.0	0.0
8498	72	0	5	0.1725	62.2	311.0	0.0
8499	87	0	5	0.21	59.8	299.0	0.3333333333333333
8500	201	0	5	0.495	163.4	817.0	0.3333333333333333
8501	4	0	5	0.0025	2.0	10.0	0.0
8502	356	0	5	0.8825	223.4	1117.0	0.3333333333333333
8503	251	0	5	0.62	98.6	493.0	0.3333333333333333
8504	209	0	5	0.515	162.8	814.0	0.3333333333333333
8505	149	0	5	0.365	144.4	722.0	0.0
8506	303	1	4	0.755	170.4	852.0	1.0
8507	173	0	5	0.425	171.0	855.0	0.0
8508	226	0	5	0.5575	144.4	722.0	0.3333333333333333
8509	307	1	4	0.765	99.2	496.0	1.0
8510	236	0	5	0.5825	100.6	503.0	0.6666666666666666
8511	171	0	5	0.42	157.8	789.0	0.0
8512	107	0	5	0.26	84.2	421.0	0.3333333333333333
8513	225	0	5	0.555	151.6	758.0	0.3333333333333333
8514	65	0	5	0.155	61.0	305.0	0.3333333333333333
8515	40	0	5	0.0925	38.0	190.0	0.0
8516	325	1	4	0.81	76.2	381.0	1.0
8517	388	1	4	0.9675	321.2	1606.0	1.0
8518	207	0	5	0.51	112.2	561.0	0.6666666666666666
8519	260	0	5	0.6425	127.4	637.0	0.6666666666666666
8520	201	0	5	0.495	199.0	995.0	0.0
8521	38	0	5	0.0875	36.0	180.0	0.0
8522	284	0	5	0.7025	158.8	794.0	0.6666666666666666
8523	127	0	5	0.31	111.6	558.0	0.3333333333333333
8524	147	0	5	0.36	145.0	725.0	0.0
8525	351	0	5	0.87	267.8	1339.0	0.6666666666666666
8526	92	0	5	0.2225	70.4	352.0	0.0
8527	309	0	5	0.765	307.0	1535.0	0.0
8528	137	0	5	0.335	91.8	459.0	0.3333333333333333
8529	151	0	5	0.37	62.6	313.0	0.0
8530	110	0	5	0.2675	96.8	484.0	0.3333333333333333
8531	178	0	5	0.4375	147.8	739.0	0.3333333333333333
8532	364	0	5	0.9025	284.6	1423.0	0.6666666666666666
8533	314	0	5	0.7775	230.0	1150.0	0.6666666666666666
8534	206	0	5	0.5075	204.0	1020.0	0.0
8535	285	0	5	0.705	142.6	713.0	0.3333333333333333
8536	99	0	5	0.24	56.0	280.0	0.3333333333333333
8537	166	0	5	0.4075	37.6	188.0	0.3333333333333333
8538	146	0	5	0.3575	144.0	720.0	0.0
8539	230	0	5	0.5675	228.0	1140.0	0.0
8540	130	0	5	0.3175	115.4	577.0	0.0
8541	314	0	5	0.7775	281.6	1408.0	0.3333333333333333
8542	135	0	5	0.33	109.0	545.0	0.3333333333333333
8543	365	0	5	0.905	229.8	1149.0	0.6666666666666666
8544	358	1	4	0.8925	192.6	963.0	1.0
8545	271	0	5	0.67	174.2	871.0	0.0
8546	150	0	5	0.3675	66.4	332.0	0.3333333333333333
8547	335	0	5	0.83	218.2	1091.0	0.6666666666666666
8548	185	0	5	0.455	109.2	546.0	0.3333333333333333
8549	233	1	3	0.58	139.4	697.0	1.0
8550	394	0	5	0.9775	175.6	878.0	0.6666666666666666
8551	249	0	5	0.615	189.0	945.0	0.3333333333333333
8552	254	0	5	0.6275	178.0	890.0	0.6666666666666666
8553	26	0	5	0.0575	15.6	78.0	0.0
8554	254	0	5	0.6275	64.0	320.0	0.6666666666666666
8555	62	0	5	0.1475	60.0	300.0	0.0
8556	234	0	5	0.5775	229.6	1148.0	0.0
8557	231	1	4	0.575	166.6	833.0	1.0
8558	77	0	5	0.185	45.6	228.0	0.0
8559	144	0	5	0.3525	30.8	154.0	0.0
8560	380	0	5	0.9425	190.6	953.0	0.6666666666666666
8561	351	0	5	0.87	171.4	857.0	0.3333333333333333
8562	245	0	5	0.605	104.4	522.0	0.3333333333333333
8563	140	0	5	0.3425	123.2	616.0	0.3333333333333333
8564	143	0	5	0.35	34.2	171.0	0.3333333333333333
8565	247	0	5	0.61	85.8	429.0	0.3333333333333333
8566	334	0	5	0.8275	182.0	910.0	0.6666666666666666
8567	348	0	5	0.8625	327.8	1639.0	0.3333333333333333
8568	301	0	5	0.745	172.8	864.0	0.6666666666666666
8569	4	0	5	0.0025	2.0	10.0	0.0
8570	104	0	5	0.2525	91.8	459.0	0.0
8571	281	0	5	0.695	279.0	1395.0	0.0
8572	44	0	5	0.1025	34.6	173.0	0.3333333333333333
8573	80	0	5	0.1925	40.2	201.0	0.6666666666666666
8574	330	0	5	0.8175	86.4	432.0	0.6666666666666666
8575	127	0	5	0.31	78.2	391.0	0.3333333333333333
8576	226	0	5	0.5575	183.8	919.0	0.3333333333333333
8577	316	0	5	0.7825	173.8	869.0	0.6666666666666666
8578	265	0	5	0.655	165.8	829.0	0.3333333333333333
8579	92	0	5	0.2225	69.6	348.0	0.0
8580	224	0	5	0.5525	129.0	645.0	0.3333333333333333
8581	237	1	4	0.59	122.2	611.0	1.0
8582	319	0	5	0.79	261.4	1307.0	0.6666666666666666
8583	342	1	4	0.8525	236.8	1184.0	1.0
8584	155	0	5	0.38	143.2	716.0	0.0
8585	37	0	5	0.085	19.8	99.0	0.3333333333333333
8586	129	0	5	0.315	80.2	401.0	0.3333333333333333
8587	79	0	5	0.19	38.2	191.0	0.3333333333333333
8588	6	0	5	0.0075	4.0	20.0	0.0
8589	91	0	5	0.22	62.4	312.0	0.3333333333333333
8590	205	0	5	0.505	203.0	1015.0	0.0
8591	45	0	5	0.105	43.0	215.0	0.3333333333333333
8592	6	0	5	0.0075	4.0	20.0	0.0
8593	350	0	5	0.8675	173.2	866.0	0.6666666666666666
8594	253	0	5	0.625	144.0	720.0	0.3333333333333333
8595	161	0	5	0.395	130.2	651.0	0.3333333333333333
8596	195	0	5	0.48	105.4	527.0	0.3333333333333333
8597	8	0	5	0.0125	6.0	30.0	0.0
8598	187	0	5	0.46	93.2	466.0	0.6666666666666666
8599	92	0	5	0.2225	39.0	195.0	0.6666666666666666
8600	216	1	4	0.5375	96.0	480.0	1.0
8601	42	0	5	0.0975	26.8	134.0	0.3333333333333333
8602	315	0	5	0.78	174.8	874.0	0.6666666666666666
8603	336	0	5	0.8325	185.8	929.0	0.6666666666666666
8604	124	0	5	0.3025	52.4	262.0	0.3333333333333333
8605	397	1	4	0.99	285.6	1428.0	1.0
8606	392	0	5	0.9725	222.6	1113.0	0.6666666666666666
8607	289	0	5	0.715	168.6	843.0	0.3333333333333333
8608	121	1	4	0.3	54.8	274.0	1.0
8609	23	0	5	0.05	21.0	105.0	0.0
8610	236	0	5	0.5825	151.2	756.0	0.6666666666666666
8611	316	0	5	0.7825	206.4	1032.0	0.3333333333333333
8612	207	0	5	0.51	159.4	797.0	0.6666666666666666
8613	224	0	5	0.5525	212.4	1062.0	0.3333333333333333
8614	355	0	5	0.88	194.8	974.0	0.6666666666666666
8615	118	0	5	0.2875	99.0	495.0	0.0
8616	364	1	4	0.9075	286.4	1432.0	1.0
8617	230	0	5	0.5675	109.0	545.0	0.6666666666666666
8618	100	0	5	0.2425	98.0	490.0	0.0
8619	111	0	5	0.27	63.0	315.0	0.3333333333333333
8620	202	0	5	0.4975	115.6	578.0	0.3333333333333333
8621	219	0	5	0.54	193.6	968.0	0.3333333333333333
8622	33	0	5	0.075	31.0	155.0	0.0
8623	68	0	5	0.1625	66.0	330.0	0.0
8624	145	0	5	0.355	71.8	359.0	0.3333333333333333
8625	330	0	5	0.8175	229.0	1145.0	0.6666666666666666
8626	144	0	5	0.3525	142.0	710.0	0.0
8627	136	0	5	0.3325	121.0	605.0	0.6666666666666666
8628	383	0	5	0.95	216.0	1080.0	0.6666666666666666
8629	391	0	5	0.97	235.8	1179.0	0.6666666666666666
8630	85	0	5	0.205	69.6	348.0	0.3333333333333333
8631	308	0	5	0.7625	196.8	984.0	0.6666666666666666
8632	162	0	5	0.3975	116.0	580.0	0.3333333333333333
8633	93	0	5	0.225	69.0	345.0	0.6666666666666666
8634	45	0	5	0.105	37.2	186.0	0.0
8635	11	0	5	0.02	9.0	45.0	0.0
8636	250	0	5	0.6175	121.0	605.0	0.3333333333333333
8637	244	0	5	0.6025	144.2	721.0	0.6666666666666666
8638	355	1	4	0.885	140.0	700.0	1.0
8639	195	0	5	0.48	186.6	933.0	0.0
8640	116	0	5	0.2825	92.0	460.0	0.0
8641	250	1	4	0.6225	127.4	637.0	1.0
8642	337	0	5	0.835	119.0	595.0	0.6666666666666666
8643	401	0	5	0.995	330.6	1653.0	0.6666666666666666
8644	181	0	5	0.445	87.2	436.0	0.0
8645	48	0	5	0.1125	31.0	155.0	0.3333333333333333
8646	196	0	5	0.4825	183.6	918.0	0.0
8647	165	0	5	0.405	151.0	755.0	0.0
8648	333	0	5	0.825	233.2	1166.0	0.3333333333333333
8649	177	0	5	0.435	133.8	669.0	0.3333333333333333
8650	255	0	5	0.63	212.2	1061.0	0.3333333333333333
8651	131	0	5	0.32	92.2	461.0	0.3333333333333333
8652	242	0	5	0.5975	115.0	575.0	0.3333333333333333
8653	197	0	5	0.485	131.8	659.0	0.3333333333333333
8654	223	0	5	0.55	214.2	1071.0	0.0
8655	93	0	5	0.225	91.0	455.0	0.0
8656	56	0	5	0.1325	44.0	220.0	0.0
8657	42	0	5	0.0975	32.4	162.0	0.0
8658	160	0	5	0.3925	127.6	638.0	0.3333333333333333
8659	266	0	5	0.6575	123.4	617.0	0.3333333333333333
8660	352	0	5	0.8725	167.8	839.0	0.3333333333333333
8661	354	1	4	0.8825	202.0	1010.0	1.0
8662	91	0	5	0.22	85.8	429.0	0.3333333333333333
8663	326	1	4	0.8125	108.2	541.0	1.0
8664	149	0	5	0.365	101.4	507.0	0.3333333333333333
8665	119	0	5	0.29	82.6	413.0	0.3333333333333333
8666	219	0	5	0.54	78.0	390.0	0.3333333333333333
8667	393	0	5	0.975	327.8	1639.0	0.6666666666666666
8668	193	0	5	0.475	87.2	436.0	0.3333333333333333
8669	18	0	5	0.0375	16.0	80.0	0.0
8670	100	0	5	0.2425	76.8	384.0	0.3333333333333333
8671	330	1	4	0.8225	216.6	1083.0	1.0
8672	385	1	4	0.96	176.8	884.0	1.0
8673	221	0	5	0.545	128.2	641.0	0.6666666666666666
8674	184	0	5	0.4525	113.8	569.0	0.6666666666666666
8675	397	1	4	0.99	258.0	1290.0	1.0
8676	179	0	5	0.44	159.4	797.0	0.3333333333333333
8677	367	0	5	0.91	318.2	1591.0	0.3333333333333333
8678	231	0	5	0.57	77.0	385.0	0.3333333333333333
8679	206	0	5	0.5075	84.0	420.0	0.3333333333333333
8680	216	0	5	0.5325	184.0	920.0	0.0
8681	218	0	5	0.5375	215.4	1077.0	0.3333333333333333
8682	174	0	5	0.4275	73.6	368.0	0.3333333333333333
8683	33	0	5	0.075	21.8	109.0	0.0
8684	146	0	5	0.3575	137.8	689.0	0.3333333333333333
8685	65	0	5	0.155	43.0	215.0	0.3333333333333333
8686	343	0	5	0.85	146.4	732.0	0.6666666666666666
8687	60	0	5	0.1425	54.6	273.0	0.0
8688	197	0	5	0.485	120.0	600.0	0.0
8689	349	1	4	0.87	155.4	777.0	1.0
8690	225	1	4	0.56	80.2	401.0	1.0
8691	401	0	4	0.9975	216.0	1080.0	0.6666666666666666
8692	367	0	5	0.91	190.8	954.0	0.3333333333333333
8693	197	0	5	0.485	135.4	677.0	0.0
8694	319	0	5	0.79	206.0	1030.0	0.3333333333333333
8695	41	0	5	0.095	30.6	153.0	0.0
8696	80	0	5	0.1925	75.2	376.0	0.0
8697	254	1	4	0.6325	136.8	684.0	1.0
8698	139	0	5	0.34	117.8	589.0	0.0
8699	165	1	4	0.41	41.8	209.0	1.0
8700	74	0	5	0.1775	30.2	151.0	0.6666666666666666
8701	344	0	5	0.8525	132.0	660.0	0.3333333333333333
8702	258	0	5	0.6375	161.8	809.0	0.3333333333333333
8703	16	0	5	0.0325	14.0	70.0	0.0
8704	336	0	5	0.8325	235.4	1177.0	0.6666666666666666
8705	308	0	5	0.7625	223.8	1119.0	0.3333333333333333
8706	208	0	5	0.5125	110.6	553.0	0.0
8707	194	0	5	0.4775	88.8	444.0	0.3333333333333333
8708	226	0	5	0.5575	162.4	812.0	0.3333333333333333
8709	324	1	4	0.8075	166.0	830.0	1.0
8710	235	0	5	0.58	114.6	573.0	0.6666666666666666
8711	151	0	5	0.37	111.4	557.0	0.6666666666666666
8712	288	0	5	0.7125	187.4	937.0	0.3333333333333333
8713	278	0	5	0.6875	156.8	784.0	0.3333333333333333
8714	113	0	5	0.275	31.0	155.0	0.3333333333333333
8715	390	0	5	0.9675	232.6	1163.0	0.6666666666666666
8716	107	0	5	0.26	61.2	306.0	0.0
8717	136	0	5	0.3325	134.0	670.0	0.0
8718	108	0	5	0.2625	106.0	530.0	0.0
8719	223	0	5	0.55	221.0	1105.0	0.0
8720	156	0	5	0.3825	70.2	351.0	0.3333333333333333
8721	306	0	5	0.7575	183.4	917.0	0.6666666666666666
8722	152	0	5	0.3725	146.8	734.0	0.3333333333333333
8723	394	0	5	0.9775	253.4	1267.0	0.6666666666666666
8724	40	0	5	0.0925	38.0	190.0	0.0
8725	350	0	5	0.8675	92.0	460.0	0.6666666666666666
8726	384	0	5	0.9525	226.0	1130.0	0.6666666666666666
8727	247	0	5	0.61	206.2	1031.0	0.3333333333333333
8728	209	1	4	0.52	144.2	721.0	1.0
8729	113	0	5	0.275	111.0	555.0	0.0
8730	3	0	5	0.0025	0.2	1.0	0.3333333333333333
8731	159	1	4	0.395	82.0	410.0	1.0
8732	11	0	5	0.02	9.0	45.0	0.0
8733	216	0	5	0.5325	100.4	502.0	0.6666666666666666
8734	171	0	5	0.42	156.6	783.0	0.0
8735	174	0	5	0.4275	139.6	698.0	0.3333333333333333
8736	145	0	5	0.355	143.0	715.0	0.3333333333333333
8737	239	0	5	0.59	142.4	712.0	0.6666666666666666
8738	214	0	5	0.5275	126.4	632.0	0.6666666666666666
8739	234	0	5	0.5775	98.0	490.0	0.6666666666666666
8740	251	0	5	0.62	120.0	600.0	0.6666666666666666
8741	266	0	5	0.6575	199.6	998.0	0.6666666666666666
8742	398	0	5	0.9875	217.4	1087.0	0.6666666666666666
8743	48	0	5	0.1125	46.0	230.0	0.0
8744	227	0	5	0.56	89.2	446.0	0.6666666666666666
8745	91	0	5	0.22	72.6	363.0	0.3333333333333333
8746	278	0	5	0.6875	166.8	834.0	0.3333333333333333
8747	220	0	5	0.5425	109.4	547.0	0.6666666666666666
8748	357	0	5	0.885	207.4	1037.0	0.6666666666666666
8749	342	0	5	0.8475	215.4	1077.0	0.6666666666666666
8750	401	0	4	0.9975	302.4	1512.0	0.6666666666666666
8751	72	0	5	0.1725	70.0	350.0	0.0
8752	190	0	5	0.4675	80.6	403.0	0.3333333333333333
8753	226	0	5	0.5575	188.0	940.0	0.0
8754	35	0	5	0.08	33.0	165.0	0.0
8755	332	0	5	0.8225	233.2	1166.0	0.3333333333333333
8756	272	1	4	0.6775	174.0	870.0	1.0
8757	369	0	5	0.915	116.4	582.0	0.6666666666666666
8758	306	1	4	0.7625	163.2	816.0	1.0
8759	188	0	5	0.4625	145.8	729.0	0.0
8760	2	0	5	0.0	0.0	0.0	0.0
8761	243	0	5	0.6	228.4	1142.0	0.6666666666666666
8762	63	0	5	0.15	61.0	305.0	0.0
8763	136	0	5	0.3325	79.6	398.0	0.6666666666666666
8764	379	0	5	0.94	172.8	864.0	0.6666666666666666
8765	347	0	5	0.86	233.0	1165.0	0.6666666666666666
8766	139	0	5	0.34	74.2	371.0	0.6666666666666666
8767	232	0	5	0.5725	89.6	448.0	0.3333333333333333
8768	140	0	5	0.3425	76.8	384.0	0.0
8769	157	0	5	0.385	123.8	619.0	0.3333333333333333
8770	112	0	5	0.2725	73.4	367.0	0.3333333333333333
8771	225	0	5	0.555	130.2	651.0	0.3333333333333333
8772	9	0	5	0.015	7.0	35.0	0.0
8773	318	0	5	0.7875	162.4	812.0	0.3333333333333333
8774	53	0	5	0.125	51.0	255.0	0.0
8775	97	0	5	0.235	38.4	192.0	0.0
8776	91	0	5	0.22	67.4	337.0	0.0
8777	307	0	5	0.76	266.6	1333.0	0.0
8778	50	0	5	0.1175	48.0	240.0	0.0
8779	82	0	5	0.1975	59.2	296.0	0.0
8780	392	0	5	0.9725	89.6	448.0	0.6666666666666666
8781	111	0	5	0.27	108.2	541.0	0.0
8782	240	0	5	0.5925	199.2	996.0	0.3333333333333333
8783	181	0	5	0.445	92.8	464.0	0.6666666666666666
8784	159	0	5	0.39	109.8	549.0	0.3333333333333333
8785	178	0	5	0.4375	58.4	292.0	0.3333333333333333
8786	52	0	5	0.1225	50.0	250.0	0.0
8787	237	0	5	0.585	181.6	908.0	0.3333333333333333
8788	132	0	5	0.3225	52.0	260.0	0.3333333333333333
8789	292	0	5	0.7225	248.0	1240.0	0.6666666666666666
8790	126	0	5	0.3075	115.0	575.0	0.0
8791	109	0	5	0.265	80.6	403.0	0.6666666666666666
8792	337	0	5	0.835	94.2	471.0	0.6666666666666666
8793	344	0	5	0.8525	140.2	701.0	0.6666666666666666
8794	154	0	5	0.3775	135.2	676.0	0.0
8795	206	0	5	0.5075	152.4	762.0	0.0
8796	230	0	5	0.5675	121.8	609.0	0.3333333333333333
8797	247	1	4	0.615	90.2	451.0	1.0
8798	384	1	4	0.9575	151.2	756.0	1.0
8799	156	0	5	0.3825	82.0	410.0	0.3333333333333333
8800	153	0	5	0.375	140.2	701.0	0.3333333333333333
8801	348	1	4	0.8675	159.2	796.0	1.0
8802	370	0	5	0.9175	265.4	1327.0	0.6666666666666666
8803	329	0	5	0.815	141.4	707.0	0.6666666666666666
8804	365	1	4	0.91	111.8	559.0	1.0
8805	369	0	5	0.915	295.8	1479.0	0.3333333333333333
8806	394	0	5	0.9775	243.4	1217.0	0.6666666666666666
8807	223	0	5	0.55	125.0	625.0	0.6666666666666666
8808	138	0	5	0.3375	36.0	180.0	0.3333333333333333
8809	376	1	4	0.9375	160.6	803.0	1.0
8810	342	1	4	0.8525	277.2	1386.0	1.0
8811	97	0	5	0.235	95.0	475.0	0.0
8812	10	0	5	0.0175	8.0	40.0	0.0
8813	292	0	5	0.7225	182.0	910.0	0.3333333333333333
8814	370	0	5	0.9175	221.2	1106.0	0.6666666666666666
8815	9	0	5	0.015	7.0	35.0	0.0
8816	225	0	5	0.555	125.4	627.0	0.6666666666666666
8817	166	0	5	0.4075	77.0	385.0	0.3333333333333333
8818	197	0	5	0.485	97.8	489.0	0.3333333333333333
8819	255	0	5	0.63	181.0	905.0	0.6666666666666666
8820	297	1	4	0.74	148.2	741.0	1.0
8821	178	0	5	0.4375	66.6	333.0	0.3333333333333333
8822	335	0	5	0.83	172.8	864.0	0.3333333333333333
8823	203	0	5	0.5	134.6	673.0	0.3333333333333333
8824	29	0	5	0.065	27.0	135.0	0.0
8825	186	0	5	0.4575	120.8	604.0	0.3333333333333333
8826	241	0	5	0.595	233.6	1168.0	0.0
8827	388	0	5	0.9625	166.8	834.0	0.6666666666666666
8828	57	0	5	0.135	31.8	159.0	0.0
8829	321	0	5	0.795	215.0	1075.0	0.6666666666666666
8830	176	0	5	0.4325	101.2	506.0	0.0
8831	107	0	5	0.26	25.8	129.0	0.0
8832	130	0	5	0.3175	95.0	475.0	0.0
8833	201	0	5	0.495	181.8	909.0	0.3333333333333333
8834	241	0	5	0.595	153.8	769.0	0.0
8835	160	0	5	0.3925	90.2	451.0	0.3333333333333333
8836	287	0	5	0.71	137.0	685.0	0.6666666666666666
8837	102	0	5	0.2475	90.4	452.0	0.3333333333333333
8838	133	0	5	0.325	62.2	311.0	0.6666666666666666
8839	378	0	5	0.9375	266.8	1334.0	0.6666666666666666
8840	376	1	4	0.9375	119.2	596.0	1.0
8841	321	0	5	0.795	174.2	871.0	0.6666666666666666
8842	247	0	5	0.61	181.6	908.0	0.3333333333333333
8843	314	0	5	0.7775	248.8	1244.0	0.3333333333333333
8844	227	0	5	0.56	175.4	877.0	0.6666666666666666
8845	197	0	5	0.485	144.2	721.0	0.3333333333333333
8846	303	0	5	0.75	223.4	1117.0	0.0
8847	47	0	5	0.11	45.0	225.0	0.0
8848	154	0	5	0.3775	148.4	742.0	0.3333333333333333
8849	369	0	5	0.915	212.0	1060.0	0.6666666666666666
8850	218	0	5	0.5375	89.2	446.0	0.3333333333333333
8851	203	0	5	0.5	163.4	817.0	0.0
8852	220	0	5	0.5425	157.0	785.0	0.3333333333333333
8853	239	0	5	0.59	136.2	681.0	0.6666666666666666
8854	235	0	5	0.58	147.4	737.0	0.6666666666666666
8855	270	0	5	0.6675	180.8	904.0	0.6666666666666666
8856	116	0	5	0.2825	69.2	346.0	0.0
8857	244	0	5	0.6025	129.6	648.0	0.6666666666666666
8858	122	0	5	0.2975	74.4	372.0	0.3333333333333333
8859	277	0	5	0.685	158.8	794.0	0.6666666666666666
8860	257	0	5	0.635	63.0	315.0	0.6666666666666666
8861	153	0	5	0.375	92.6	463.0	0.6666666666666666
8862	242	0	5	0.5975	87.2	436.0	0.3333333333333333
8863	282	0	5	0.6975	206.0	1030.0	0.3333333333333333
8864	346	0	5	0.8575	305.8	1529.0	0.6666666666666666
8865	245	0	5	0.605	122.2	611.0	0.6666666666666666
8866	163	0	5	0.4	153.0	765.0	0.0
8867	315	0	5	0.78	166.2	831.0	0.3333333333333333
8868	309	0	5	0.765	147.0	735.0	0.6666666666666666
8869	303	0	5	0.75	236.6	1183.0	0.3333333333333333
8870	317	1	4	0.79	141.8	709.0	1.0
8871	211	0	5	0.52	173.0	865.0	0.3333333333333333
8872	120	0	5	0.2925	98.2	491.0	0.3333333333333333
8873	175	0	5	0.43	88.4	442.0	0.3333333333333333
8874	67	0	5	0.16	61.4	307.0	0.0
8875	37	0	5	0.085	18.2	91.0	0.3333333333333333
8876	265	0	5	0.655	192.0	960.0	0.3333333333333333
8877	168	0	5	0.4125	164.2	821.0	0.0
8878	175	0	5	0.43	88.4	442.0	0.3333333333333333
8879	205	0	5	0.505	203.0	1015.0	0.0
8880	319	0	5	0.79	217.4	1087.0	0.3333333333333333
8881	208	0	5	0.5125	114.4	572.0	0.6666666666666666
8882	383	1	4	0.955	214.8	1074.0	1.0
8883	382	0	5	0.9475	95.6	478.0	0.6666666666666666
8884	42	0	5	0.0975	30.4	152.0	0.0
8885	322	0	5	0.7975	129.6	648.0	0.6666666666666666
8886	53	0	5	0.125	29.8	149.0	0.3333333333333333
8887	231	1	4	0.575	83.8	419.0	1.0
8888	223	0	5	0.55	74.6	373.0	0.6666666666666666
8889	308	0	5	0.7625	89.2	446.0	0.6666666666666666
8890	63	0	5	0.15	61.0	305.0	0.3333333333333333
8891	45	0	5	0.105	43.0	215.0	0.0
8892	65	0	5	0.155	63.0	315.0	0.0
8893	123	0	5	0.3	85.0	425.0	0.0
8894	207	0	5	0.51	153.8	769.0	0.6666666666666666
8895	319	0	5	0.79	148.4	742.0	0.3333333333333333
8896	272	0	5	0.6725	206.4	1032.0	0.6666666666666666
8897	197	0	5	0.485	50.2	251.0	0.3333333333333333
8898	253	0	5	0.625	119.8	599.0	0.3333333333333333
8899	180	1	4	0.4475	48.8	244.0	1.0
8900	238	0	5	0.5875	192.8	964.0	0.3333333333333333
8901	313	0	5	0.775	293.0	1465.0	0.6666666666666666
8902	137	0	5	0.335	124.6	623.0	0.3333333333333333
8903	398	0	5	0.9875	303.2	1516.0	0.6666666666666666
8904	109	0	5	0.265	54.8	274.0	0.6666666666666666
8905	199	0	5	0.49	104.2	521.0	0.6666666666666666
8906	299	0	5	0.74	237.6	1188.0	0.3333333333333333
8907	195	0	5	0.48	160.6	803.0	0.3333333333333333
8908	157	0	5	0.385	76.4	382.0	0.0
8909	142	0	5	0.3475	36.4	182.0	0.3333333333333333
8910	126	0	5	0.3075	119.0	595.0	0.0
8911	153	0	5	0.375	123.4	617.0	0.0
8912	386	0	5	0.9575	218.0	1090.0	0.6666666666666666
8913	199	0	5	0.49	45.2	226.0	0.3333333333333333
8914	297	0	5	0.735	219.6	1098.0	0.0
8915	204	0	5	0.5025	97.4	487.0	0.6666666666666666
8916	205	0	5	0.505	203.0	1015.0	0.0
8917	327	0	5	0.81	228.0	1140.0	0.6666666666666666
8918	69	0	5	0.165	67.0	335.0	0.0
8919	59	0	5	0.14	55.4	277.0	0.6666666666666666
8920	195	0	5	0.48	116.2	581.0	0.0
8921	256	0	5	0.6325	179.0	895.0	0.3333333333333333
8922	41	0	5	0.095	39.0	195.0	0.0
8923	198	0	5	0.4875	98.4	492.0	0.6666666666666666
8924	135	0	5	0.33	133.0	665.0	0.3333333333333333
8925	34	0	5	0.0775	32.0	160.0	0.0
8926	389	0	5	0.965	107.0	535.0	0.6666666666666666
8927	98	0	5	0.2375	95.2	476.0	0.3333333333333333
8928	119	0	5	0.29	80.4	402.0	0.0
8929	349	0	5	0.865	108.4	542.0	0.3333333333333333
8930	218	0	5	0.5375	76.6	383.0	0.3333333333333333
8931	338	0	5	0.8375	270.2	1351.0	0.6666666666666666
8932	64	0	5	0.1525	48.4	242.0	0.3333333333333333
8933	208	1	4	0.5175	163.4	817.0	1.0
8934	294	0	5	0.7275	172.8	864.0	0.6666666666666666
8935	92	0	5	0.2225	55.2	276.0	0.3333333333333333
8936	291	1	4	0.725	258.6	1293.0	1.0
8937	279	0	5	0.69	79.4	397.0	0.3333333333333333
8938	369	0	5	0.915	167.8	839.0	0.6666666666666666
8939	381	0	5	0.945	244.8	1224.0	0.6666666666666666
8940	170	0	5	0.4175	102.6	513.0	0.6666666666666666
8941	321	0	5	0.795	240.6	1203.0	0.6666666666666666
8942	47	0	5	0.11	35.4	177.0	0.3333333333333333
8943	179	0	5	0.44	139.6	698.0	0.0
8944	352	0	5	0.8725	110.2	551.0	0.6666666666666666
8945	54	0	5	0.1275	52.0	260.0	0.0
8946	128	0	5	0.3125	64.4	322.0	0.3333333333333333
8947	230	0	5	0.5675	92.8	464.0	0.6666666666666666
8948	183	0	5	0.45	164.6	823.0	0.3333333333333333
8949	151	0	5	0.37	149.0	745.0	0.0
8950	120	0	5	0.2925	81.8	409.0	0.3333333333333333
8951	259	0	5	0.64	143.0	715.0	0.3333333333333333
8952	155	0	5	0.38	59.4	297.0	0.3333333333333333
8953	304	0	5	0.7525	191.2	956.0	0.3333333333333333
8954	307	0	5	0.76	132.0	660.0	0.6666666666666666
8955	228	0	5	0.5625	162.4	812.0	0.3333333333333333
8956	83	0	5	0.2	81.0	405.0	0.0
8957	221	0	5	0.545	166.2	831.0	0.3333333333333333
8958	339	0	5	0.84	265.6	1328.0	0.6666666666666666
8959	42	0	5	0.0975	40.0	200.0	0.0
8960	144	0	5	0.3525	106.0	530.0	0.3333333333333333
8961	273	0	5	0.675	133.4	667.0	0.6666666666666666
8962	43	0	5	0.1	41.0	205.0	0.0
8963	292	0	5	0.7225	196.4	982.0	0.3333333333333333
8964	140	0	5	0.3425	138.0	690.0	0.0
8965	368	1	4	0.9175	234.2	1171.0	1.0
8966	361	1	4	0.9	197.2	986.0	1.0
8967	149	0	5	0.365	121.2	606.0	0.3333333333333333
8968	367	0	5	0.91	162.4	812.0	0.6666666666666666
8969	286	0	5	0.7075	122.0	610.0	0.0
8970	216	0	5	0.5325	107.8	539.0	0.3333333333333333
8971	70	0	5	0.1675	68.0	340.0	0.0
8972	371	0	5	0.92	222.6	1113.0	0.3333333333333333
8973	220	0	5	0.5425	218.0	1090.0	0.3333333333333333
8974	112	0	5	0.2725	69.2	346.0	0.0
8975	213	0	5	0.525	182.2	911.0	0.3333333333333333
8976	375	0	5	0.93	274.2	1371.0	0.6666666666666666
8977	309	0	5	0.765	67.0	335.0	0.6666666666666666
8978	401	0	5	0.995	231.0	1155.0	0.6666666666666666
8979	378	0	5	0.9375	171.4	857.0	0.6666666666666666
8980	113	0	5	0.275	97.8	489.0	0.3333333333333333
8981	385	1	4	0.96	90.2	451.0	1.0
8982	226	1	4	0.5625	109.0	545.0	1.0
8983	33	0	5	0.075	31.0	155.0	0.0
8984	136	0	5	0.3325	92.2	461.0	0.0
8985	342	0	5	0.8475	186.8	934.0	0.6666666666666666
8986	166	0	5	0.4075	164.0	820.0	0.0
8987	205	0	5	0.505	180.0	900.0	0.3333333333333333
8988	357	0	5	0.885	140.6	703.0	0.3333333333333333
8989	357	0	5	0.885	280.2	1401.0	0.6666666666666666
8990	224	0	5	0.5525	116.4	582.0	0.3333333333333333
8991	74	0	5	0.1775	58.8	294.0	0.0
8992	270	0	5	0.6675	186.8	934.0	0.0
8993	209	1	3	0.52	99.8	499.0	1.0
8994	137	0	5	0.335	135.0	675.0	0.0
8995	306	0	5	0.7575	157.2	786.0	0.6666666666666666
8996	13	0	5	0.025	11.0	55.0	0.0
8997	298	0	5	0.7375	185.6	928.0	0.3333333333333333
8998	374	0	5	0.9275	316.0	1580.0	0.6666666666666666
8999	166	1	4	0.4125	96.2	481.0	1.0
9000	259	0	5	0.64	121.8	609.0	0.6666666666666666
9001	335	0	5	0.83	135.4	677.0	0.6666666666666666
9002	214	0	5	0.5275	96.8	484.0	0.0
9003	240	0	5	0.5925	76.4	382.0	0.6666666666666666
9004	357	1	3	0.89	220.0	1100.0	1.0
9005	188	0	5	0.4625	152.8	764.0	0.3333333333333333
9006	224	0	5	0.5525	102.8	514.0	0.3333333333333333
9007	244	0	5	0.6025	224.8	1124.0	0.3333333333333333
9008	187	0	5	0.46	153.0	765.0	0.0
9009	117	0	5	0.285	115.0	575.0	0.0
9010	146	0	5	0.3575	118.0	590.0	0.3333333333333333
9011	334	0	5	0.8275	261.6	1308.0	0.6666666666666666
9012	25	0	5	0.055	23.0	115.0	0.0
9013	324	0	5	0.8025	240.2	1201.0	0.6666666666666666
9014	279	0	5	0.69	84.0	420.0	0.6666666666666666
9015	83	0	5	0.2	78.0	390.0	0.0
9016	288	0	5	0.7125	124.6	623.0	0.6666666666666666
9017	215	0	5	0.53	119.6	598.0	0.3333333333333333
9018	189	0	5	0.465	97.0	485.0	0.3333333333333333
9019	121	0	5	0.295	51.8	259.0	0.3333333333333333
9020	221	1	4	0.55	171.8	859.0	1.0
9021	39	0	5	0.09	9.8	49.0	0.6666666666666666
9022	290	1	4	0.7225	90.8	454.0	1.0
9023	260	0	5	0.6425	211.6	1058.0	0.3333333333333333
9024	175	1	4	0.435	147.0	735.0	1.0
9025	298	0	5	0.7375	224.2	1121.0	0.6666666666666666
9026	332	0	5	0.8225	141.2	706.0	0.6666666666666666
9027	247	0	5	0.61	158.4	792.0	0.6666666666666666
9028	386	0	5	0.9575	160.8	804.0	0.6666666666666666
9029	107	0	5	0.26	77.4	387.0	0.3333333333333333
9030	112	0	5	0.2725	54.8	274.0	0.3333333333333333
9031	47	0	5	0.11	27.6	138.0	0.3333333333333333
9032	66	0	5	0.1575	37.6	188.0	0.3333333333333333
9033	274	0	5	0.6775	159.2	796.0	0.6666666666666666
9034	343	0	5	0.85	100.2	501.0	0.3333333333333333
9035	336	0	5	0.8325	158.0	790.0	0.6666666666666666
9036	245	0	5	0.605	243.0	1215.0	0.0
9037	286	0	5	0.7075	162.2	811.0	0.6666666666666666
9038	114	0	5	0.2775	90.4	452.0	0.3333333333333333
9039	334	0	5	0.8275	253.6	1268.0	0.3333333333333333
9040	359	0	5	0.89	166.4	832.0	0.6666666666666666
9041	375	0	5	0.93	284.4	1422.0	0.6666666666666666
9042	89	0	5	0.215	87.0	435.0	0.0
9043	198	0	5	0.4875	194.8	974.0	0.0
9044	136	0	5	0.3325	111.2	556.0	0.3333333333333333
9045	44	0	5	0.1025	42.0	210.0	0.0
9046	216	0	5	0.5325	155.2	776.0	0.3333333333333333
9047	168	0	5	0.4125	86.0	430.0	0.6666666666666666
9048	130	0	5	0.3175	121.6	608.0	0.0
9049	71	0	5	0.17	69.0	345.0	0.0
9050	2	0	5	0.0	0.0	0.0	0.0
9051	144	0	5	0.3525	38.2	191.0	0.6666666666666666
9052	345	1	4	0.86	246.4	1232.0	1.0
9053	107	1	4	0.265	30.2	151.0	1.0
9054	395	0	5	0.98	98.2	491.0	0.6666666666666666
9055	147	0	5	0.36	130.6	653.0	0.3333333333333333
9056	53	0	5	0.125	46.2	231.0	0.3333333333333333
9057	372	0	5	0.9225	258.2	1291.0	0.6666666666666666
9058	159	0	5	0.39	157.0	785.0	0.0
9059	195	0	5	0.48	94.2	471.0	0.0
9060	345	0	5	0.855	102.4	512.0	0.3333333333333333
9061	370	0	5	0.9175	214.4	1072.0	0.6666666666666666
9062	279	0	5	0.69	122.2	611.0	0.6666666666666666
9063	387	0	5	0.96	324.4	1622.0	0.6666666666666666
9064	323	1	4	0.805	178.2	891.0	1.0
9065	261	0	5	0.645	142.2	711.0	0.3333333333333333
9066	71	0	5	0.17	29.8	149.0	0.3333333333333333
9067	112	0	5	0.2725	102.6	513.0	0.3333333333333333
9068	248	0	5	0.6125	162.2	811.0	0.3333333333333333
9069	309	0	5	0.765	146.2	731.0	0.6666666666666666
9070	166	0	5	0.4075	140.8	704.0	0.3333333333333333
9071	58	0	5	0.1375	51.2	256.0	0.0
9072	370	0	5	0.9175	199.6	998.0	0.6666666666666666
9073	94	0	5	0.2275	73.6	368.0	0.3333333333333333
9074	55	0	5	0.13	13.8	69.0	0.3333333333333333
9075	36	0	5	0.0825	32.4	162.0	0.3333333333333333
9076	381	1	3	0.95	246.6	1233.0	1.0
9077	201	0	5	0.495	166.4	832.0	0.3333333333333333
9078	189	1	4	0.47	102.6	513.0	1.0
9079	193	0	5	0.475	67.0	335.0	0.6666666666666666
9080	237	1	4	0.59	219.6	1098.0	1.0
9081	57	0	5	0.135	55.0	275.0	0.0
9082	389	0	5	0.965	266.2	1331.0	0.3333333333333333
9083	71	0	5	0.17	69.0	345.0	0.0
9084	39	0	5	0.09	17.0	85.0	0.6666666666666666
9085	265	0	5	0.655	135.2	676.0	0.6666666666666666
9086	165	0	5	0.405	72.8	364.0	0.6666666666666666
9087	110	0	5	0.2675	74.8	374.0	0.3333333333333333
9088	7	0	5	0.01	5.0	25.0	0.0
9089	266	0	5	0.6575	114.6	573.0	0.6666666666666666
9090	159	0	5	0.39	82.4	412.0	0.3333333333333333
9091	370	0	5	0.9175	175.4	877.0	0.6666666666666666
9092	120	0	5	0.2925	92.4	462.0	0.0
9093	41	0	5	0.095	30.6	153.0	0.0
9094	386	0	5	0.9575	116.8	584.0	0.6666666666666666
9095	14	0	5	0.0275	12.0	60.0	0.0
9096	344	0	5	0.8525	152.0	760.0	0.6666666666666666
9097	120	0	5	0.2925	63.4	317.0	0.3333333333333333
9098	357	0	5	0.885	217.0	1085.0	0.6666666666666666
9099	315	0	5	0.78	200.2	1001.0	0.6666666666666666
9100	248	0	5	0.6125	152.4	762.0	0.3333333333333333
9101	89	0	5	0.215	63.8	319.0	0.0
9102	259	0	5	0.64	191.8	959.0	0.6666666666666666
9103	199	0	5	0.49	148.8	744.0	0.3333333333333333
9104	65	0	5	0.155	20.6	103.0	0.3333333333333333
9105	278	0	5	0.6875	130.8	654.0	0.3333333333333333
9106	272	0	5	0.6725	166.8	834.0	0.3333333333333333
9107	249	0	5	0.615	166.4	832.0	0.6666666666666666
9108	159	0	5	0.39	80.2	401.0	0.3333333333333333
9109	248	0	5	0.6125	108.0	540.0	0.3333333333333333
9110	209	0	5	0.515	108.6	543.0	0.6666666666666666
9111	101	0	5	0.245	91.4	457.0	0.0
9112	274	0	5	0.6775	114.2	571.0	0.6666666666666666
9113	151	0	5	0.37	93.8	469.0	0.3333333333333333
9114	352	0	5	0.8725	160.4	802.0	0.3333333333333333
9115	393	1	4	0.98	129.6	648.0	1.0
9116	115	0	5	0.28	105.8	529.0	0.3333333333333333
9117	392	1	4	0.9775	275.6	1378.0	1.0
9118	394	0	5	0.9775	236.6	1183.0	0.6666666666666666
9119	6	0	5	0.0075	4.0	20.0	0.0
9120	363	1	4	0.905	122.0	610.0	1.0
9121	99	0	5	0.24	80.2	401.0	0.3333333333333333
9122	158	0	5	0.3875	156.0	780.0	0.0
9123	139	0	5	0.34	75.4	377.0	0.3333333333333333
9124	391	1	4	0.975	146.4	732.0	1.0
9125	2	0	5	0.0	0.0	0.0	0.0
9126	217	0	5	0.535	190.2	951.0	0.3333333333333333
9127	149	0	5	0.365	97.8	489.0	0.3333333333333333
9128	331	1	4	0.825	263.2	1316.0	1.0
9129	327	0	5	0.81	288.0	1440.0	0.0
9130	63	0	5	0.15	61.0	305.0	0.0
9131	175	1	4	0.435	61.0	305.0	1.0
9132	313	0	5	0.775	179.8	899.0	0.0
9133	246	0	5	0.6075	125.8	629.0	0.6666666666666666
9134	220	0	5	0.5425	103.2	516.0	0.3333333333333333
9135	185	0	5	0.455	109.6	548.0	0.3333333333333333
9136	24	0	5	0.0525	22.0	110.0	0.0
9137	7	0	5	0.01	5.0	25.0	0.0
9138	178	0	5	0.4375	58.0	290.0	0.6666666666666666
9139	91	0	5	0.22	69.8	349.0	0.0
9140	193	0	5	0.475	171.4	857.0	0.3333333333333333
9141	253	0	5	0.625	216.6	1083.0	0.3333333333333333
9142	120	0	5	0.2925	118.0	590.0	0.0
9143	18	0	5	0.0375	16.0	80.0	0.0
9144	39	0	5	0.09	26.6	133.0	0.3333333333333333
9145	391	1	4	0.975	279.6	1398.0	1.0
9146	171	0	5	0.42	157.4	787.0	0.3333333333333333
9147	214	0	5	0.5275	129.6	648.0	0.3333333333333333
9148	152	0	5	0.3725	132.4	662.0	0.3333333333333333
9149	281	0	5	0.695	173.4	867.0	0.3333333333333333
9150	190	0	5	0.4675	147.0	735.0	0.6666666666666666
9151	393	1	4	0.98	204.2	1021.0	1.0
9152	261	0	5	0.645	160.6	803.0	0.3333333333333333
9153	90	0	5	0.2175	80.0	400.0	0.0
9154	164	0	5	0.4025	53.2	266.0	0.0
9155	274	0	5	0.6775	111.6	558.0	0.3333333333333333
9156	243	0	5	0.6	110.6	553.0	0.3333333333333333
9157	167	0	5	0.41	99.6	498.0	0.6666666666666666
9158	50	0	5	0.1175	34.0	170.0	0.3333333333333333
9159	86	0	5	0.2075	48.2	241.0	0.3333333333333333
9160	170	0	5	0.4175	135.2	676.0	0.3333333333333333
9161	75	0	5	0.18	27.4	137.0	0.0
9162	139	0	5	0.34	91.0	455.0	0.3333333333333333
9163	376	1	4	0.9375	108.8	544.0	1.0
9164	104	0	5	0.2525	82.0	410.0	0.0
9165	127	0	5	0.31	125.0	625.0	0.0
9166	355	0	5	0.88	197.8	989.0	0.3333333333333333
9167	128	0	5	0.3125	54.6	273.0	0.3333333333333333
9168	13	0	5	0.025	11.0	55.0	0.0
9169	234	0	5	0.5775	117.8	589.0	0.3333333333333333
9170	238	0	5	0.5875	108.8	544.0	0.6666666666666666
9171	335	0	5	0.83	208.0	1040.0	0.3333333333333333
9172	57	0	5	0.135	55.0	275.0	0.0
9173	193	0	5	0.475	167.0	835.0	0.3333333333333333
9174	353	0	5	0.875	119.4	597.0	0.6666666666666666
9175	148	0	5	0.3625	117.2	586.0	0.3333333333333333
9176	46	0	5	0.1075	32.4	162.0	0.3333333333333333
9177	135	0	5	0.33	94.2	471.0	0.3333333333333333
9178	160	0	5	0.3925	135.0	675.0	0.3333333333333333
9179	155	0	5	0.38	122.8	614.0	0.0
9180	175	0	5	0.43	133.4	667.0	0.3333333333333333
9181	270	0	5	0.6675	268.0	1340.0	0.0
9182	31	0	5	0.07	29.0	145.0	0.0
9183	309	0	5	0.765	172.4	862.0	0.6666666666666666
9184	222	0	5	0.5475	195.2	976.0	0.3333333333333333
9185	368	0	5	0.9125	196.8	984.0	0.6666666666666666
9186	266	0	5	0.6575	140.0	700.0	0.3333333333333333
9187	193	0	5	0.475	161.8	809.0	0.3333333333333333
9188	316	0	5	0.7825	152.0	760.0	0.6666666666666666
9189	156	0	5	0.3825	63.0	315.0	0.3333333333333333
9190	232	1	4	0.5775	110.4	552.0	1.0
9191	185	0	5	0.455	139.0	695.0	0.3333333333333333
9192	162	0	5	0.3975	118.4	592.0	0.3333333333333333
9193	252	0	5	0.6225	97.8	489.0	0.3333333333333333
9194	129	0	5	0.315	127.0	635.0	0.0
9195	264	0	5	0.6525	210.0	1050.0	0.3333333333333333
9196	221	0	5	0.545	141.6	708.0	0.3333333333333333
9197	221	0	5	0.545	124.8	624.0	0.0
9198	322	0	5	0.7975	118.4	592.0	0.6666666666666666
9199	243	0	5	0.6	67.4	337.0	0.3333333333333333
9200	248	0	5	0.6125	213.2	1066.0	0.3333333333333333
9201	202	0	5	0.4975	77.6	388.0	0.3333333333333333
9202	203	0	5	0.5	81.0	405.0	0.6666666666666666
9203	189	0	5	0.465	48.6	243.0	0.3333333333333333
9204	104	0	5	0.2525	102.0	510.0	0.0
9205	373	1	4	0.93	341.4	1707.0	1.0
9206	72	0	5	0.1725	70.0	350.0	0.0
9207	282	0	5	0.6975	76.8	384.0	0.3333333333333333
9208	155	1	4	0.385	65.4	327.0	1.0
9209	73	0	5	0.175	49.8	249.0	0.3333333333333333
9210	9	0	5	0.015	7.0	35.0	0.0
9211	49	0	5	0.115	39.4	197.0	0.3333333333333333
9212	120	0	5	0.2925	74.2	371.0	0.3333333333333333
9213	229	0	5	0.565	159.0	795.0	0.0
9214	30	0	5	0.0675	28.0	140.0	0.0
9215	131	0	5	0.32	112.8	564.0	0.0
9216	27	0	5	0.06	14.6	73.0	0.3333333333333333
9217	241	0	5	0.595	113.2	566.0	0.0
9218	260	0	5	0.6425	206.8	1034.0	0.0
9219	320	0	5	0.7925	243.6	1218.0	0.0
9220	341	0	5	0.845	258.6	1293.0	0.3333333333333333
9221	335	0	5	0.83	189.6	948.0	0.6666666666666666
9222	252	0	5	0.6225	179.2	896.0	0.3333333333333333
9223	126	0	5	0.3075	105.6	528.0	0.0
9224	270	0	5	0.6675	128.2	641.0	0.0
9225	338	0	5	0.8375	204.0	1020.0	0.3333333333333333
9226	142	0	5	0.3475	93.4	467.0	0.3333333333333333
9227	210	0	5	0.5175	188.2	941.0	0.6666666666666666
9228	67	0	5	0.16	30.2	151.0	0.3333333333333333
9229	210	0	5	0.5175	110.8	554.0	0.3333333333333333
9230	16	0	5	0.0325	10.8	54.0	0.0
9231	290	1	4	0.7225	221.4	1107.0	1.0
9232	370	0	5	0.9175	175.4	877.0	0.6666666666666666
9233	206	0	5	0.5075	126.2	631.0	0.6666666666666666
9234	264	0	5	0.6525	175.6	878.0	0.3333333333333333
9235	288	0	5	0.7125	273.8	1369.0	0.3333333333333333
9236	342	1	4	0.8525	226.0	1130.0	1.0
9237	362	1	4	0.9025	211.2	1056.0	1.0
9238	238	0	5	0.5875	154.4	772.0	0.6666666666666666
9239	337	0	5	0.835	95.8	479.0	0.6666666666666666
9240	386	0	5	0.9575	261.4	1307.0	0.6666666666666666
9241	173	0	5	0.425	85.0	425.0	0.3333333333333333
9242	340	0	5	0.8425	177.2	886.0	0.0
9243	53	0	5	0.125	51.0	255.0	0.0
9244	129	0	5	0.315	103.8	519.0	0.3333333333333333
9245	190	0	5	0.4675	93.6	468.0	0.6666666666666666
9246	377	0	5	0.935	288.4	1442.0	0.3333333333333333
9247	398	0	5	0.9875	224.0	1120.0	0.6666666666666666
9248	77	0	5	0.185	75.0	375.0	0.0
9249	377	0	5	0.935	219.8	1099.0	0.6666666666666666
9250	63	0	5	0.15	61.0	305.0	0.0
9251	390	0	5	0.9675	190.2	951.0	0.6666666666666666
9252	306	0	5	0.7575	227.2	1136.0	0.3333333333333333
9253	8	0	5	0.0125	6.0	30.0	0.0
9254	247	0	5	0.61	173.4	867.0	0.3333333333333333
9255	73	0	5	0.175	57.6	288.0	0.3333333333333333
9256	261	1	3	0.65	249.6	1248.0	1.0
9257	393	1	4	0.98	129.8	649.0	1.0
9258	301	0	5	0.745	251.6	1258.0	0.6666666666666666
9259	124	0	5	0.3025	119.2	596.0	0.0
9260	135	0	5	0.33	133.0	665.0	0.0
9261	329	1	4	0.82	101.0	505.0	1.0
9262	285	0	5	0.705	197.8	989.0	0.6666666666666666
9263	363	0	5	0.9	236.2	1181.0	0.3333333333333333
9264	285	0	5	0.705	168.2	841.0	0.3333333333333333
9265	273	0	5	0.675	77.4	387.0	0.6666666666666666
9266	285	0	5	0.705	72.6	363.0	0.3333333333333333
9267	94	0	5	0.2275	74.0	370.0	0.3333333333333333
9268	109	0	5	0.265	91.0	455.0	0.0
9269	202	0	5	0.4975	90.4	452.0	0.0
9270	2	0	5	0.0	0.0	0.0	0.0
9271	80	0	5	0.1925	40.4	202.0	0.0
9272	124	0	5	0.3025	81.8	409.0	0.6666666666666666
9273	66	0	5	0.1575	64.0	320.0	0.0
9274	311	0	5	0.77	109.4	547.0	0.3333333333333333
9275	254	0	5	0.6275	208.0	1040.0	0.3333333333333333
9276	387	0	5	0.96	187.0	935.0	0.6666666666666666
9277	178	0	5	0.4375	65.2	326.0	0.3333333333333333
9278	108	0	5	0.2625	57.2	286.0	0.3333333333333333
9279	221	1	3	0.55	147.6	738.0	1.0
9280	199	0	5	0.49	75.6	378.0	0.3333333333333333
9281	212	0	5	0.5225	122.8	614.0	0.3333333333333333
9282	323	0	5	0.8	273.2	1366.0	0.3333333333333333
9283	400	0	5	0.9925	193.2	966.0	0.6666666666666666
9284	167	0	5	0.41	152.2	761.0	0.3333333333333333
9285	127	0	5	0.31	71.6	358.0	0.0
9286	169	0	5	0.415	101.6	508.0	0.0
9287	172	0	5	0.4225	160.8	804.0	0.0
9288	390	0	5	0.9675	246.4	1232.0	0.6666666666666666
9289	331	0	5	0.82	90.2	451.0	0.6666666666666666
9290	70	0	5	0.1675	44.0	220.0	0.3333333333333333
9291	241	0	5	0.595	209.0	1045.0	0.3333333333333333
9292	300	0	5	0.7425	166.6	833.0	0.6666666666666666
9293	224	0	5	0.5525	63.0	315.0	0.6666666666666666
9294	373	0	5	0.925	184.4	922.0	0.6666666666666666
9295	225	0	5	0.555	155.4	777.0	0.3333333333333333
9296	239	1	4	0.595	63.4	317.0	1.0
9297	235	0	5	0.58	139.8	699.0	0.3333333333333333
9298	219	0	5	0.54	193.4	967.0	0.3333333333333333
9299	21	0	5	0.045	19.0	95.0	0.0
9300	122	0	5	0.2975	103.2	516.0	0.3333333333333333
9301	325	0	5	0.805	105.4	527.0	0.6666666666666666
9302	24	0	5	0.0525	22.0	110.0	0.0
9303	167	0	5	0.41	158.6	793.0	0.0
9304	190	0	5	0.4675	188.0	940.0	0.0
9305	350	0	5	0.8675	246.6	1233.0	0.6666666666666666
9306	203	0	5	0.5	165.4	827.0	0.6666666666666666
9307	342	1	4	0.8525	248.0	1240.0	1.0
9308	323	0	5	0.8	138.2	691.0	0.6666666666666666
9309	170	0	5	0.4175	138.0	690.0	0.3333333333333333
9310	85	0	5	0.205	83.0	415.0	0.0
9311	99	0	5	0.24	97.0	485.0	0.0
9312	179	0	5	0.44	112.2	561.0	0.3333333333333333
9313	328	0	5	0.8125	206.0	1030.0	0.6666666666666666
9314	230	0	5	0.5675	117.0	585.0	0.3333333333333333
9315	21	0	5	0.045	19.0	95.0	0.0
9316	127	0	5	0.31	123.6	618.0	0.0
9317	215	0	5	0.53	210.0	1050.0	0.0
9318	47	0	5	0.11	41.8	209.0	0.3333333333333333
9319	26	0	5	0.0575	9.6	48.0	0.3333333333333333
9320	28	0	5	0.0625	26.0	130.0	0.0
9321	226	0	5	0.5575	196.0	980.0	0.3333333333333333
9322	257	0	5	0.635	159.0	795.0	0.0
9323	48	0	5	0.1125	46.0	230.0	0.0
9324	184	0	5	0.4525	89.6	448.0	0.6666666666666666
9325	260	0	5	0.6425	119.6	598.0	0.3333333333333333
9326	324	0	5	0.8025	163.6	818.0	0.6666666666666666
9327	379	1	4	0.945	232.2	1161.0	1.0
9328	316	1	4	0.7875	154.8	774.0	1.0
9329	62	0	5	0.1475	30.4	152.0	0.3333333333333333
9330	223	0	5	0.55	148.2	741.0	0.0
9331	292	0	5	0.7225	84.4	422.0	0.6666666666666666
9332	174	0	5	0.4275	166.8	834.0	0.0
9333	157	0	5	0.385	134.2	671.0	0.3333333333333333
9334	245	0	5	0.605	177.8	889.0	0.3333333333333333
9335	70	0	5	0.1675	68.0	340.0	0.0
9336	94	0	5	0.2275	51.2	256.0	0.3333333333333333
9337	277	0	5	0.685	128.6	643.0	0.6666666666666666
9338	119	0	5	0.29	31.0	155.0	0.6666666666666666
9339	23	0	5	0.05	21.0	105.0	0.0
9340	283	0	5	0.7	109.6	548.0	0.3333333333333333
9341	14	0	5	0.0275	12.0	60.0	0.0
9342	319	0	5	0.79	73.0	365.0	0.3333333333333333
9343	312	0	5	0.7725	171.6	858.0	0.6666666666666666
9344	80	0	5	0.1925	78.0	390.0	0.0
9345	294	1	4	0.7325	161.2	806.0	1.0
9346	249	0	5	0.615	162.4	812.0	0.6666666666666666
9347	234	0	5	0.5775	116.4	582.0	0.6666666666666666
9348	287	0	5	0.71	159.0	795.0	0.6666666666666666
9349	357	1	4	0.89	89.8	449.0	1.0
9350	189	0	5	0.465	187.0	935.0	0.0
9351	102	0	5	0.2475	65.2	326.0	0.0
9352	179	0	5	0.44	137.0	685.0	0.6666666666666666
9353	245	0	5	0.605	217.2	1086.0	0.3333333333333333
9354	86	0	5	0.2075	84.0	420.0	0.0
9355	333	0	5	0.825	175.2	876.0	0.6666666666666666
9356	239	0	5	0.59	168.2	841.0	0.3333333333333333
9357	190	0	5	0.4675	119.2	596.0	0.3333333333333333
9358	62	0	5	0.1475	46.8	234.0	0.3333333333333333
9359	144	0	5	0.3525	142.0	710.0	0.0
9360	309	0	5	0.765	255.4	1277.0	0.3333333333333333
9361	305	1	4	0.76	190.4	952.0	1.0
9362	236	0	5	0.5825	146.8	734.0	0.3333333333333333
9363	278	0	5	0.6875	154.0	770.0	0.3333333333333333
9364	277	0	5	0.685	137.4	687.0	0.3333333333333333
9365	331	0	5	0.82	320.2	1601.0	0.6666666666666666
9366	258	0	5	0.6375	138.8	694.0	0.3333333333333333
9367	141	0	5	0.345	55.8	279.0	0.6666666666666666
9368	138	0	5	0.3375	103.6	518.0	0.3333333333333333
9369	174	0	5	0.4275	169.6	848.0	0.0
9370	292	1	4	0.7275	80.8	404.0	1.0
9371	222	0	5	0.5475	155.6	778.0	0.3333333333333333
9372	290	0	5	0.7175	179.2	896.0	0.3333333333333333
9373	307	0	5	0.76	213.2	1066.0	0.6666666666666666
9374	204	0	5	0.5025	125.2	626.0	0.3333333333333333
9375	91	0	5	0.22	54.2	271.0	0.0
9376	30	0	5	0.0675	28.0	140.0	0.3333333333333333
9377	35	0	5	0.08	33.0	165.0	0.0
9378	349	0	5	0.865	192.2	961.0	0.6666666666666666
9379	390	0	5	0.9675	203.2	1016.0	0.6666666666666666
9380	210	0	5	0.5175	138.4	692.0	0.6666666666666666
9381	63	0	5	0.15	57.6	288.0	0.3333333333333333
9382	317	1	4	0.79	165.0	825.0	1.0
9383	331	0	5	0.82	277.4	1387.0	0.6666666666666666
9384	40	0	5	0.0925	38.0	190.0	0.0
9385	250	0	5	0.6175	210.0	1050.0	0.3333333333333333
9386	107	0	5	0.26	101.8	509.0	0.3333333333333333
9387	352	0	5	0.8725	126.6	633.0	0.3333333333333333
9388	24	0	5	0.0525	19.2	96.0	0.0
9389	29	0	5	0.065	18.6	93.0	0.3333333333333333
9390	61	0	5	0.145	59.0	295.0	0.0
9391	111	0	5	0.27	109.0	545.0	0.0
9392	314	0	5	0.7775	257.6	1288.0	0.6666666666666666
9393	240	0	5	0.5925	172.6	863.0	0.3333333333333333
9394	329	0	5	0.815	91.8	459.0	0.6666666666666666
9395	291	0	5	0.72	194.0	970.0	0.6666666666666666
9396	275	0	5	0.68	122.6	613.0	0.6666666666666666
9397	333	0	5	0.825	227.2	1136.0	0.3333333333333333
9398	164	0	5	0.4025	96.0	480.0	0.0
9399	399	0	5	0.99	205.2	1026.0	0.6666666666666666
9400	248	1	4	0.6175	58.4	292.0	1.0
9401	173	0	5	0.425	105.4	527.0	0.3333333333333333
9402	65	0	5	0.155	40.6	203.0	0.3333333333333333
9403	248	1	4	0.6175	184.6	923.0	1.0
9404	105	0	5	0.255	103.0	515.0	0.0
9405	309	0	5	0.765	126.2	631.0	0.6666666666666666
9406	265	0	5	0.655	87.6	438.0	0.6666666666666666
9407	247	0	5	0.61	140.0	700.0	0.3333333333333333
9408	130	0	5	0.3175	42.0	210.0	0.3333333333333333
9409	117	0	5	0.285	96.2	481.0	0.3333333333333333
9410	155	0	5	0.38	129.2	646.0	0.3333333333333333
9411	200	1	4	0.4975	107.0	535.0	1.0
9412	252	0	5	0.6225	182.0	910.0	0.3333333333333333
9413	89	0	5	0.215	60.2	301.0	0.3333333333333333
9414	82	0	5	0.1975	61.6	308.0	0.3333333333333333
9415	45	0	5	0.105	33.4	167.0	0.3333333333333333
9416	171	0	5	0.42	43.4	217.0	0.3333333333333333
9417	6	0	5	0.0075	4.0	20.0	0.0
9418	103	0	5	0.25	87.8	439.0	0.3333333333333333
9419	185	0	5	0.455	76.2	381.0	0.3333333333333333
9420	317	0	5	0.785	231.6	1158.0	0.3333333333333333
9421	209	0	5	0.515	88.2	441.0	0.6666666666666666
9422	208	0	5	0.5125	52.2	261.0	0.6666666666666666
9423	393	0	5	0.975	115.0	575.0	0.6666666666666666
9424	378	0	5	0.9375	257.6	1288.0	0.6666666666666666
9425	328	0	5	0.8125	262.8	1314.0	0.3333333333333333
9426	175	0	5	0.43	92.2	461.0	0.3333333333333333
9427	182	0	5	0.4475	70.4	352.0	0.6666666666666666
9428	41	0	5	0.095	34.6	173.0	0.0
9429	133	0	5	0.325	54.8	274.0	0.3333333333333333
9430	284	1	4	0.7075	122.4	612.0	1.0
9431	197	0	5	0.485	98.2	491.0	0.0
9432	318	0	5	0.7875	264.0	1320.0	0.3333333333333333
9433	198	0	5	0.4875	101.2	506.0	0.3333333333333333
9434	119	0	5	0.29	42.6	213.0	0.0
9435	334	0	5	0.8275	252.6	1263.0	0.6666666666666666
9436	73	0	5	0.175	39.0	195.0	0.6666666666666666
9437	287	1	4	0.715	128.4	642.0	1.0
9438	50	0	5	0.1175	48.0	240.0	0.0
9439	201	0	5	0.495	90.0	450.0	0.6666666666666666
9440	368	0	5	0.9125	202.0	1010.0	0.3333333333333333
9441	270	0	5	0.6675	149.8	749.0	0.3333333333333333
9442	104	0	5	0.2525	66.0	330.0	0.3333333333333333
9443	12	0	5	0.0225	10.0	50.0	0.0
9444	249	0	5	0.615	134.8	674.0	0.0
9445	115	0	5	0.28	80.6	403.0	0.6666666666666666
9446	60	0	5	0.1425	58.0	290.0	0.0
9447	345	0	5	0.855	204.6	1023.0	0.6666666666666666
9448	293	0	5	0.725	172.4	862.0	0.6666666666666666
9449	177	0	5	0.435	56.4	282.0	0.6666666666666666
9450	242	0	5	0.5975	229.4	1147.0	0.3333333333333333
9451	35	0	5	0.08	33.0	165.0	0.0
9452	130	0	5	0.3175	113.0	565.0	0.0
9453	275	0	5	0.68	207.8	1039.0	0.6666666666666666
9454	21	0	5	0.045	19.0	95.0	0.0
9455	380	0	5	0.9425	230.8	1154.0	0.6666666666666666
9456	88	0	5	0.2125	36.2	181.0	0.3333333333333333
9457	160	0	5	0.3925	137.2	686.0	0.3333333333333333
9458	2	0	5	0.0	0.0	0.0	0.0
9459	162	0	5	0.3975	160.0	800.0	0.0
9460	241	0	5	0.595	193.8	969.0	0.3333333333333333
9461	393	0	5	0.975	242.4	1212.0	0.6666666666666666
9462	240	0	5	0.5925	183.2	916.0	0.3333333333333333
9463	110	0	5	0.2675	104.8	524.0	0.0
9464	203	0	5	0.5	185.8	929.0	0.3333333333333333
9465	237	0	5	0.585	188.8	944.0	0.6666666666666666
9466	304	1	4	0.7575	196.8	984.0	1.0
9467	152	0	5	0.3725	150.0	750.0	0.0
9468	272	1	4	0.6775	226.4	1132.0	1.0
9469	150	0	5	0.3675	68.4	342.0	0.0
9470	387	0	5	0.96	193.4	967.0	0.6666666666666666
9471	103	0	5	0.25	95.8	479.0	0.3333333333333333
9472	132	0	5	0.3225	126.0	630.0	0.3333333333333333
9473	199	0	5	0.49	110.0	550.0	0.3333333333333333
9474	237	0	5	0.585	209.4	1047.0	0.3333333333333333
9475	157	0	5	0.385	100.6	503.0	0.0
9476	337	0	5	0.835	246.6	1233.0	0.6666666666666666
9477	241	0	5	0.595	108.6	543.0	0.3333333333333333
9478	244	1	4	0.6075	68.0	340.0	1.0
9479	239	0	5	0.59	136.6	683.0	0.6666666666666666
9480	283	0	5	0.7	233.8	1169.0	0.3333333333333333
9481	252	0	5	0.6225	156.2	781.0	0.6666666666666666
9482	153	0	5	0.375	151.0	755.0	0.0
9483	216	0	5	0.5325	156.8	784.0	0.3333333333333333
9484	232	0	5	0.5725	93.2	466.0	0.3333333333333333
9485	400	1	4	0.9975	96.8	484.0	1.0
9486	205	0	5	0.505	140.2	701.0	0.3333333333333333
9487	196	0	5	0.4825	149.6	748.0	0.6666666666666666
9488	20	0	5	0.0425	18.0	90.0	0.0
9489	200	0	5	0.4925	165.8	829.0	0.6666666666666666
9490	355	0	5	0.88	237.8	1189.0	0.6666666666666666
9491	127	0	5	0.31	80.6	403.0	0.0
9492	67	0	5	0.16	61.8	309.0	0.3333333333333333
9493	384	0	5	0.9525	173.0	865.0	0.6666666666666666
9494	230	0	5	0.5675	211.8	1059.0	0.0
9495	328	0	5	0.8125	178.8	894.0	0.6666666666666666
9496	66	0	5	0.1575	40.4	202.0	0.3333333333333333
9497	181	0	5	0.445	166.2	831.0	0.0
9498	125	0	5	0.305	70.2	351.0	0.6666666666666666
9499	307	0	5	0.76	63.4	317.0	0.3333333333333333
9500	327	1	4	0.815	156.4	782.0	1.0
9501	3	0	5	0.0025	0.2	1.0	0.3333333333333333
9502	98	0	5	0.2375	60.6	303.0	0.3333333333333333
9503	6	0	5	0.0075	4.0	20.0	0.0
9504	242	0	5	0.5975	92.0	460.0	0.3333333333333333
9505	134	0	5	0.3275	132.0	660.0	0.0
9506	254	0	5	0.6275	238.4	1192.0	0.3333333333333333
9507	287	0	5	0.71	259.0	1295.0	0.3333333333333333
9508	316	0	5	0.7825	291.6	1458.0	0.0
9509	74	0	5	0.1775	51.2	256.0	0.3333333333333333
9510	19	0	5	0.04	17.0	85.0	0.0
9511	224	1	4	0.5575	204.6	1023.0	1.0
9512	336	0	5	0.8325	180.0	900.0	0.6666666666666666
9513	334	0	5	0.8275	268.8	1344.0	0.3333333333333333
9514	18	0	5	0.0375	14.4	72.0	0.0
9515	365	0	5	0.905	164.2	821.0	0.6666666666666666
9516	93	0	5	0.225	33.4	167.0	0.3333333333333333
9517	255	0	5	0.63	112.6	563.0	0.6666666666666666
9518	54	0	5	0.1275	32.4	162.0	0.6666666666666666
9519	111	0	5	0.27	99.6	498.0	0.0
9520	70	0	5	0.1675	34.4	172.0	0.3333333333333333
9521	46	0	5	0.1075	44.0	220.0	0.0
9522	287	1	4	0.715	175.0	875.0	1.0
9523	274	0	5	0.6775	172.6	863.0	0.6666666666666666
9524	101	0	5	0.245	64.2	321.0	0.3333333333333333
9525	114	0	5	0.2775	82.4	412.0	0.0
9526	362	0	5	0.8975	249.4	1247.0	0.3333333333333333
9527	264	0	5	0.6525	80.0	400.0	0.6666666666666666
9528	332	0	5	0.8225	224.0	1120.0	0.6666666666666666
9529	372	0	5	0.9225	204.6	1023.0	0.3333333333333333
9530	323	0	5	0.8	125.8	629.0	0.0
9531	13	0	5	0.025	11.0	55.0	0.0
9532	81	0	5	0.195	51.4	257.0	0.3333333333333333
9533	214	0	5	0.5275	99.2	496.0	0.6666666666666666
9534	218	0	5	0.5375	143.0	715.0	0.6666666666666666
9535	278	0	5	0.6875	166.8	834.0	0.6666666666666666
9536	101	0	5	0.245	46.6	233.0	0.0
9537	346	0	5	0.8575	272.8	1364.0	0.3333333333333333
9538	96	0	5	0.2325	94.0	470.0	0.0
9539	203	0	5	0.5	201.0	1005.0	0.0
9540	271	0	5	0.67	148.2	741.0	0.3333333333333333
9541	299	0	5	0.74	221.6	1108.0	0.6666666666666666
9542	392	1	4	0.9775	126.4	632.0	1.0
9543	76	0	5	0.1825	74.0	370.0	0.0
9544	258	0	5	0.6375	165.6	828.0	0.3333333333333333
9545	377	0	5	0.935	243.0	1215.0	0.3333333333333333
9546	86	0	5	0.2075	84.0	420.0	0.0
9547	382	1	4	0.9525	165.6	828.0	1.0
9548	11	0	5	0.02	9.0	45.0	0.0
9549	197	0	5	0.485	85.4	427.0	0.3333333333333333
9550	391	0	5	0.97	282.2	1411.0	0.6666666666666666
9551	281	0	5	0.695	173.6	868.0	0.6666666666666666
9552	354	0	5	0.8775	258.0	1290.0	0.3333333333333333
9553	169	0	5	0.415	141.8	709.0	0.0
9554	27	0	5	0.06	25.0	125.0	0.0
9555	367	0	5	0.91	202.6	1013.0	0.6666666666666666
9556	382	0	5	0.9475	210.4	1052.0	0.6666666666666666
9557	249	0	5	0.615	212.0	1060.0	0.0
9558	58	0	5	0.1375	56.0	280.0	0.0
9559	353	0	5	0.875	267.4	1337.0	0.3333333333333333
9560	285	0	5	0.705	232.6	1163.0	0.0
9561	284	0	5	0.7025	101.2	506.0	0.6666666666666666
9562	374	0	5	0.9275	204.6	1023.0	0.6666666666666666
9563	260	0	5	0.6425	185.0	925.0	0.3333333333333333
9564	145	0	5	0.355	60.8	304.0	0.0
9565	282	0	5	0.6975	111.6	558.0	0.0
9566	318	0	5	0.7875	252.8	1264.0	0.3333333333333333
9567	128	0	5	0.3125	90.0	450.0	0.6666666666666666
9568	253	0	5	0.625	223.0	1115.0	0.6666666666666666
9569	326	0	5	0.8075	286.2	1431.0	0.6666666666666666
9570	10	0	5	0.0175	8.0	40.0	0.0
9571	210	0	5	0.5175	190.4	952.0	0.3333333333333333
9572	328	0	5	0.8125	173.4	867.0	0.6666666666666666
9573	154	0	5	0.3775	132.8	664.0	0.3333333333333333
9574	98	0	5	0.2375	55.2	276.0	0.0
9575	375	0	5	0.93	213.4	1067.0	0.6666666666666666
9576	320	1	3	0.7975	193.8	969.0	1.0
9577	137	0	5	0.335	126.6	633.0	0.3333333333333333
9578	174	0	5	0.4275	55.6	278.0	0.6666666666666666
9579	218	0	5	0.5375	166.0	830.0	0.6666666666666666
9580	261	1	3	0.65	155.4	777.0	1.0
9581	190	0	5	0.4675	67.0	335.0	0.6666666666666666
9582	260	0	5	0.6425	77.4	387.0	0.3333333333333333
9583	113	0	5	0.275	85.2	426.0	0.3333333333333333
9584	23	0	5	0.05	6.6	33.0	0.3333333333333333
9585	122	0	5	0.2975	120.0	600.0	0.0
9586	47	0	5	0.11	45.0	225.0	0.0
9587	331	0	5	0.82	185.0	925.0	0.6666666666666666
9588	108	0	5	0.2625	73.2	366.0	0.0
9589	177	0	5	0.435	175.0	875.0	0.0
9590	355	1	4	0.885	181.4	907.0	1.0
9591	195	0	5	0.48	116.6	583.0	0.3333333333333333
9592	280	0	5	0.6925	160.6	803.0	0.3333333333333333
9593	155	0	5	0.38	134.4	672.0	0.3333333333333333
9594	401	0	4	0.9975	113.8	569.0	0.6666666666666666
9595	387	1	4	0.965	108.6	543.0	1.0
9596	328	0	5	0.8125	195.6	978.0	0.6666666666666666
9597	148	0	5	0.3625	146.0	730.0	0.0
9598	88	0	5	0.2125	77.2	386.0	0.3333333333333333
9599	355	0	5	0.88	291.2	1456.0	0.3333333333333333
9600	196	0	5	0.4825	191.2	956.0	0.0
9601	348	0	5	0.8625	233.4	1167.0	0.3333333333333333
9602	336	0	5	0.8325	261.0	1305.0	0.6666666666666666
9603	235	0	5	0.58	146.8	734.0	0.6666666666666666
9604	143	0	5	0.35	58.0	290.0	0.6666666666666666
9605	361	0	5	0.895	189.8	949.0	0.6666666666666666
9606	309	0	5	0.765	219.6	1098.0	0.3333333333333333
9607	83	0	5	0.2	17.8	89.0	0.3333333333333333
9608	276	0	5	0.6825	152.0	760.0	0.6666666666666666
9609	143	0	5	0.35	141.0	705.0	0.0
9610	353	0	5	0.875	219.4	1097.0	0.6666666666666666
9611	46	0	5	0.1075	44.0	220.0	0.0
9612	218	0	5	0.5375	164.0	820.0	0.6666666666666666
9613	201	0	5	0.495	199.0	995.0	0.3333333333333333
9614	95	0	5	0.23	85.0	425.0	0.6666666666666666
9615	204	0	5	0.5025	75.6	378.0	0.0
9616	166	0	5	0.4075	72.8	364.0	0.3333333333333333
9617	40	0	5	0.0925	38.0	190.0	0.0
9618	28	0	5	0.0625	17.0	85.0	0.3333333333333333
9619	41	0	5	0.095	25.2	126.0	0.3333333333333333
9620	17	0	5	0.035	15.0	75.0	0.0
9621	105	0	5	0.255	92.2	461.0	0.3333333333333333
9622	360	0	5	0.8925	208.2	1041.0	0.3333333333333333
9623	271	0	5	0.67	269.0	1345.0	0.0
9624	40	0	5	0.0925	38.0	190.0	0.0
9625	232	0	5	0.5725	50.8	254.0	0.3333333333333333
9626	113	0	5	0.275	90.6	453.0	0.3333333333333333
9627	392	0	5	0.9725	288.0	1440.0	0.6666666666666666
9628	24	0	5	0.0525	20.4	102.0	0.3333333333333333
9629	383	0	5	0.95	229.8	1149.0	0.6666666666666666
9630	333	1	4	0.83	217.6	1088.0	1.0
9631	166	0	5	0.4075	72.8	364.0	0.3333333333333333
9632	32	0	5	0.0725	19.2	96.0	0.0
9633	250	0	5	0.6175	236.8	1184.0	0.0
9634	7	0	5	0.01	5.0	25.0	0.0
9635	281	1	4	0.7	77.0	385.0	1.0
9636	93	0	5	0.225	75.8	379.0	0.3333333333333333
9637	217	0	5	0.535	148.4	742.0	0.0
9638	132	0	5	0.3225	88.6	443.0	0.3333333333333333
9639	375	0	5	0.93	150.4	752.0	0.3333333333333333
9640	368	1	4	0.9175	96.4	482.0	1.0
9641	238	0	5	0.5875	141.2	706.0	0.6666666666666666
9642	252	0	5	0.6225	234.8	1174.0	0.0
9643	355	1	4	0.885	245.8	1229.0	1.0
9644	111	0	5	0.27	107.8	539.0	0.3333333333333333
9645	43	0	5	0.1	41.0	205.0	0.0
9646	211	0	5	0.52	193.4	967.0	0.3333333333333333
9647	102	0	5	0.2475	83.2	416.0	0.0
9648	337	0	5	0.835	83.0	415.0	0.6666666666666666
9649	255	0	5	0.63	141.0	705.0	0.6666666666666666
9650	120	0	5	0.2925	70.8	354.0	0.3333333333333333
9651	27	0	5	0.06	25.0	125.0	0.0
9652	302	0	5	0.7475	195.0	975.0	0.3333333333333333
9653	274	0	5	0.6775	167.0	835.0	0.6666666666666666
9654	250	1	4	0.6225	213.8	1069.0	1.0
9655	224	0	5	0.5525	170.6	853.0	0.3333333333333333
9656	306	0	5	0.7575	253.0	1265.0	0.3333333333333333
9657	344	0	5	0.8525	160.8	804.0	0.6666666666666666
9658	335	1	4	0.835	149.2	746.0	1.0
9659	290	1	4	0.7225	224.8	1124.0	1.0
9660	180	0	5	0.4425	129.2	646.0	0.3333333333333333
9661	31	0	5	0.07	21.0	105.0	0.0
9662	237	0	5	0.585	93.4	467.0	0.3333333333333333
9663	331	1	4	0.825	138.2	691.0	1.0
9664	380	0	5	0.9425	318.4	1592.0	0.0
9665	113	0	5	0.275	46.2	231.0	0.6666666666666666
9666	277	1	4	0.69	223.4	1117.0	1.0
9667	11	0	5	0.02	9.0	45.0	0.0
9668	158	0	5	0.3875	156.0	780.0	0.0
9669	355	0	5	0.88	243.2	1216.0	0.6666666666666666
9670	28	0	5	0.0625	26.0	130.0	0.0
9671	400	0	5	0.9925	255.4	1277.0	0.6666666666666666
9672	86	0	5	0.2075	56.4	282.0	0.3333333333333333
9673	239	0	5	0.59	230.2	1151.0	0.0
9674	390	1	4	0.9725	225.2	1126.0	1.0
9675	373	0	5	0.925	247.0	1235.0	0.6666666666666666
9676	186	0	5	0.4575	161.2	806.0	0.0
9677	200	0	5	0.4925	81.2	406.0	0.6666666666666666
9678	45	0	5	0.105	34.0	170.0	0.3333333333333333
9679	310	0	5	0.7675	242.8	1214.0	0.6666666666666666
9680	358	0	5	0.8875	193.0	965.0	0.6666666666666666
9681	51	0	5	0.12	49.0	245.0	0.0
9682	296	0	5	0.7325	254.0	1270.0	0.3333333333333333
9683	370	0	5	0.9175	130.8	654.0	0.6666666666666666
9684	11	0	5	0.02	9.0	45.0	0.0
9685	67	0	5	0.16	65.0	325.0	0.0
9686	318	1	4	0.7925	254.2	1271.0	1.0
9687	344	0	5	0.8525	183.4	917.0	0.6666666666666666
9688	401	0	4	0.9975	87.2	436.0	0.6666666666666666
9689	105	0	5	0.255	49.0	245.0	0.3333333333333333
9690	126	0	5	0.3075	56.2	281.0	0.3333333333333333
9691	331	0	5	0.82	141.8	709.0	0.6666666666666666
9692	127	0	5	0.31	105.6	528.0	0.3333333333333333
9693	282	0	5	0.6975	231.0	1155.0	0.0
9694	355	0	5	0.88	194.2	971.0	0.3333333333333333
9695	242	0	5	0.5975	201.2	1006.0	0.3333333333333333
9696	176	0	5	0.4325	135.0	675.0	0.0
9697	308	1	4	0.7675	124.8	624.0	1.0
9698	240	0	5	0.5925	111.6	558.0	0.6666666666666666
9699	327	0	5	0.81	142.4	712.0	0.6666666666666666
9700	135	0	5	0.33	133.0	665.0	0.0
9701	289	0	5	0.715	123.8	619.0	0.6666666666666666
9702	238	0	5	0.5875	82.4	412.0	0.0
9703	93	0	5	0.225	91.0	455.0	0.0
9704	157	0	5	0.385	132.6	663.0	0.3333333333333333
9705	15	0	5	0.03	13.0	65.0	0.0
9706	368	0	5	0.9125	116.4	582.0	0.6666666666666666
9707	272	0	5	0.6725	169.6	848.0	0.6666666666666666
9708	103	0	5	0.25	37.0	185.0	0.6666666666666666
9709	8	0	5	0.0125	6.0	30.0	0.0
9710	224	0	5	0.5525	201.2	1006.0	0.6666666666666666
9711	74	0	5	0.1775	72.0	360.0	0.0
9712	212	0	5	0.5225	73.4	367.0	0.3333333333333333
9713	126	0	5	0.3075	56.2	281.0	0.0
9714	173	0	5	0.425	131.0	655.0	0.3333333333333333
9715	377	0	5	0.935	227.6	1138.0	0.6666666666666666
9716	114	0	5	0.2775	54.6	273.0	0.3333333333333333
9717	43	0	5	0.1	17.8	89.0	0.6666666666666666
9718	175	0	5	0.43	145.6	728.0	0.3333333333333333
9719	383	1	4	0.955	257.4	1287.0	1.0
9720	169	0	5	0.415	64.2	321.0	0.0
9721	111	0	5	0.27	33.8	169.0	0.3333333333333333
9722	204	0	5	0.5025	142.6	713.0	0.3333333333333333
9723	345	0	5	0.855	88.4	442.0	0.6666666666666666
9724	313	0	5	0.775	253.6	1268.0	0.6666666666666666
9725	259	0	5	0.64	79.4	397.0	0.3333333333333333
9726	271	0	5	0.67	80.6	403.0	0.3333333333333333
9727	18	0	5	0.0375	16.0	80.0	0.0
9728	85	0	5	0.205	83.0	415.0	0.0
9729	273	0	5	0.675	111.4	557.0	0.6666666666666666
9730	139	0	5	0.34	89.8	449.0	0.3333333333333333
9731	33	0	5	0.075	31.0	155.0	0.0
9732	302	0	5	0.7475	195.2	976.0	0.3333333333333333
9733	256	1	4	0.6375	169.0	845.0	1.0
9734	280	0	5	0.6925	205.6	1028.0	0.3333333333333333
9735	81	0	5	0.195	79.0	395.0	0.3333333333333333
9736	120	0	5	0.2925	88.4	442.0	0.3333333333333333
9737	365	0	5	0.905	103.8	519.0	0.3333333333333333
9738	290	0	5	0.7175	171.0	855.0	0.3333333333333333
9739	52	0	5	0.1225	47.4	237.0	0.3333333333333333
9740	26	0	5	0.0575	24.0	120.0	0.0
9741	120	0	5	0.2925	71.6	358.0	0.0
9742	29	0	5	0.065	27.0	135.0	0.0
9743	40	0	5	0.0925	38.0	190.0	0.0
9744	328	0	5	0.8125	262.8	1314.0	0.3333333333333333
9745	145	0	5	0.355	101.4	507.0	0.3333333333333333
9746	348	0	5	0.8625	102.4	512.0	0.6666666666666666
9747	229	0	5	0.565	189.0	945.0	0.6666666666666666
9748	156	0	5	0.3825	154.0	770.0	0.0
9749	292	1	4	0.7275	135.2	676.0	1.0
9750	85	0	5	0.205	83.0	415.0	0.0
9751	322	0	5	0.7975	135.8	679.0	0.3333333333333333
9752	59	0	5	0.14	25.8	129.0	0.0
9753	314	0	5	0.7775	90.4	452.0	0.6666666666666666
9754	141	0	5	0.345	125.0	625.0	0.3333333333333333
9755	116	0	5	0.2825	80.4	402.0	0.3333333333333333
9756	130	0	5	0.3175	128.0	640.0	0.3333333333333333
9757	125	0	5	0.305	123.0	615.0	0.0
9758	30	0	5	0.0675	28.0	140.0	0.0
9759	306	0	5	0.7575	125.2	626.0	0.3333333333333333
9760	241	0	5	0.595	165.4	827.0	0.3333333333333333
9761	283	0	5	0.7	153.0	765.0	0.6666666666666666
9762	302	0	5	0.7475	258.4	1292.0	0.3333333333333333
9763	39	0	5	0.09	15.8	79.0	0.3333333333333333
9764	210	0	5	0.5175	178.2	891.0	0.3333333333333333
9765	16	0	5	0.0325	14.0	70.0	0.0
9766	9	0	5	0.015	7.0	35.0	0.0
9767	176	0	5	0.4325	127.6	638.0	0.3333333333333333
9768	374	0	5	0.9275	80.8	404.0	0.6666666666666666
9769	204	0	5	0.5025	127.6	638.0	0.3333333333333333
9770	113	0	5	0.275	66.6	333.0	0.3333333333333333
9771	302	0	5	0.7475	166.6	833.0	0.6666666666666666
9772	319	0	5	0.79	114.2	571.0	0.6666666666666666
9773	182	0	5	0.4475	111.2	556.0	0.0
9774	222	0	5	0.5475	145.6	728.0	0.3333333333333333
9775	373	0	5	0.925	261.6	1308.0	0.6666666666666666
9776	280	0	5	0.6925	202.8	1014.0	0.3333333333333333
9777	266	0	5	0.6575	148.8	744.0	0.6666666666666666
9778	241	1	4	0.6	156.4	782.0	1.0
9779	352	0	5	0.8725	229.6	1148.0	0.3333333333333333
9780	164	0	5	0.4025	143.2	716.0	0.3333333333333333
9781	124	0	5	0.3025	54.8	274.0	0.0
9782	25	0	5	0.055	23.0	115.0	0.0
9783	332	0	5	0.8225	195.0	975.0	0.6666666666666666
9784	322	0	5	0.7975	195.4	977.0	0.3333333333333333
9785	143	0	5	0.35	69.8	349.0	0.3333333333333333
9786	317	0	5	0.785	191.4	957.0	0.6666666666666666
9787	85	0	5	0.205	57.8	289.0	0.0
9788	111	0	5	0.27	88.0	440.0	0.0
9789	297	0	5	0.735	98.6	493.0	0.6666666666666666
9790	19	0	5	0.04	17.0	85.0	0.0
9791	203	0	5	0.5	183.0	915.0	0.3333333333333333
9792	328	1	4	0.8175	109.6	548.0	1.0
9793	373	0	5	0.925	285.4	1427.0	0.6666666666666666
9794	206	0	5	0.5075	129.0	645.0	0.3333333333333333
9795	196	0	5	0.4825	136.6	683.0	0.3333333333333333
9796	368	0	5	0.9125	186.0	930.0	0.3333333333333333
9797	117	0	5	0.285	115.0	575.0	0.0
9798	388	0	5	0.9625	220.0	1100.0	0.6666666666666666
9799	328	0	5	0.8125	194.2	971.0	0.3333333333333333
9800	305	1	4	0.76	219.6	1098.0	1.0
9801	32	0	5	0.0725	30.0	150.0	0.0
9802	67	0	5	0.16	65.0	325.0	0.0
9803	356	0	5	0.8825	255.6	1278.0	0.3333333333333333
9804	334	0	5	0.8275	215.6	1078.0	0.3333333333333333
9805	198	0	5	0.4875	40.8	204.0	0.0
9806	159	0	5	0.39	150.6	753.0	0.3333333333333333
9807	38	0	5	0.0875	36.0	180.0	0.0
9808	102	0	5	0.2475	95.2	476.0	0.3333333333333333
9809	280	1	4	0.6975	255.6	1278.0	1.0
9810	249	0	5	0.615	214.8	1074.0	0.6666666666666666
9811	207	1	4	0.515	186.0	930.0	1.0
9812	144	0	5	0.3525	101.2	506.0	0.3333333333333333
9813	284	0	5	0.7025	190.6	953.0	0.6666666666666666
9814	29	0	5	0.065	27.0	135.0	0.0
9815	139	0	5	0.34	56.0	280.0	0.6666666666666666
9816	208	0	5	0.5125	128.0	640.0	0.6666666666666666
9817	263	0	5	0.65	139.2	696.0	0.0
9818	207	0	5	0.51	107.4	537.0	0.6666666666666666
9819	307	0	5	0.76	75.4	377.0	0.6666666666666666
9820	175	0	5	0.43	149.8	749.0	0.0
9821	263	0	5	0.65	165.0	825.0	0.6666666666666666
9822	230	0	5	0.5675	60.2	301.0	0.6666666666666666
9823	209	0	5	0.515	121.4	607.0	0.3333333333333333
9824	63	0	5	0.15	45.4	227.0	0.0
9825	208	0	5	0.5125	115.2	576.0	0.3333333333333333
9826	233	1	4	0.58	118.8	594.0	1.0
9827	371	0	5	0.92	226.6	1133.0	0.6666666666666666
9828	354	0	5	0.8775	178.8	894.0	0.6666666666666666
9829	116	0	5	0.2825	73.6	368.0	0.3333333333333333
9830	188	0	5	0.4625	132.6	663.0	0.0
9831	362	0	5	0.8975	184.0	920.0	0.6666666666666666
9832	299	0	5	0.74	221.6	1108.0	0.3333333333333333
9833	366	0	5	0.9075	131.8	659.0	0.6666666666666666
9834	244	0	5	0.6025	194.0	970.0	0.6666666666666666
9835	201	0	5	0.495	100.6	503.0	0.6666666666666666
9836	11	0	5	0.02	9.0	45.0	0.0
9837	278	1	4	0.6925	115.6	578.0	1.0
9838	103	0	5	0.25	89.8	449.0	0.0
9839	212	0	5	0.5225	88.4	442.0	0.6666666666666666
9840	206	0	5	0.5075	184.0	920.0	0.0
9841	326	0	5	0.8075	296.8	1484.0	0.3333333333333333
9842	93	0	5	0.225	69.4	347.0	0.3333333333333333
9843	231	1	4	0.575	202.6	1013.0	1.0
9844	132	0	5	0.3225	115.6	578.0	0.3333333333333333
9845	105	0	5	0.255	76.0	380.0	0.6666666666666666
9846	69	0	5	0.165	40.6	203.0	0.3333333333333333
9847	309	0	5	0.765	161.4	807.0	0.3333333333333333
9848	266	0	5	0.6575	84.4	422.0	0.6666666666666666
9849	125	0	5	0.305	78.2	391.0	0.0
9850	381	0	5	0.945	204.2	1021.0	0.6666666666666666
9851	27	0	5	0.06	25.0	125.0	0.0
9852	11	0	5	0.02	9.0	45.0	0.0
9853	20	0	5	0.0425	18.0	90.0	0.0
9854	119	0	5	0.29	117.0	585.0	0.0
9855	38	0	5	0.0875	36.0	180.0	0.0
9856	298	0	5	0.7375	143.6	718.0	0.3333333333333333
9857	225	0	5	0.555	60.6	303.0	0.6666666666666666
9858	335	0	5	0.83	190.4	952.0	0.6666666666666666
9859	76	0	5	0.1825	60.4	302.0	0.3333333333333333
9860	297	0	5	0.735	216.0	1080.0	0.6666666666666666
9861	231	0	5	0.57	145.8	729.0	0.3333333333333333
9862	325	0	5	0.805	237.0	1185.0	0.6666666666666666
9863	193	0	5	0.475	137.6	688.0	0.6666666666666666
9864	74	0	5	0.1775	49.8	249.0	0.3333333333333333
9865	168	0	5	0.4125	94.0	470.0	0.3333333333333333
9866	41	0	5	0.095	36.2	181.0	0.3333333333333333
9867	337	1	4	0.84	100.6	503.0	1.0
9868	122	0	5	0.2975	76.6	383.0	0.3333333333333333
9869	287	0	5	0.71	198.4	992.0	0.3333333333333333
9870	319	0	5	0.79	129.8	649.0	0.3333333333333333
9871	160	0	5	0.3925	96.6	483.0	0.3333333333333333
9872	187	0	5	0.46	50.6	253.0	0.3333333333333333
9873	310	0	5	0.7675	291.8	1459.0	0.6666666666666666
9874	189	0	5	0.465	102.2	511.0	0.3333333333333333
9875	249	0	5	0.615	168.2	841.0	0.6666666666666666
9876	176	0	5	0.4325	114.4	572.0	0.6666666666666666
9877	21	0	5	0.045	13.6	68.0	0.0
9878	162	0	5	0.3975	157.6	788.0	0.0
9879	192	0	5	0.4725	110.6	553.0	0.6666666666666666
9880	41	0	5	0.095	35.8	179.0	0.0
9881	366	0	5	0.9075	182.4	912.0	0.3333333333333333
9882	380	0	5	0.9425	194.6	973.0	0.6666666666666666
9883	30	0	5	0.0675	28.0	140.0	0.3333333333333333
9884	133	0	5	0.325	124.0	620.0	0.3333333333333333
9885	212	0	5	0.5225	127.2	636.0	0.3333333333333333
9886	258	0	5	0.6375	69.6	348.0	0.6666666666666666
9887	208	0	5	0.5125	200.8	1004.0	0.3333333333333333
9888	199	0	5	0.49	55.4	277.0	0.3333333333333333
9889	267	0	5	0.66	186.6	933.0	0.3333333333333333
9890	48	0	5	0.1125	33.2	166.0	0.3333333333333333
9891	155	0	5	0.38	67.4	337.0	0.3333333333333333
9892	340	0	5	0.8425	278.6	1393.0	0.6666666666666666
9893	364	0	5	0.9025	246.0	1230.0	0.6666666666666666
9894	265	0	5	0.655	150.6	753.0	0.3333333333333333
9895	133	0	5	0.325	100.4	502.0	0.0
9896	389	0	5	0.965	330.4	1652.0	0.6666666666666666
9897	253	1	4	0.63	61.4	307.0	1.0
9898	369	0	5	0.915	260.2	1301.0	0.6666666666666666
9899	252	0	5	0.6225	193.6	968.0	0.3333333333333333
9900	234	1	4	0.5825	130.2	651.0	1.0
9901	240	0	5	0.5925	141.8	709.0	0.3333333333333333
9902	69	0	5	0.165	67.0	335.0	0.0
9903	4	0	5	0.0025	2.0	10.0	0.0
9904	196	1	4	0.4875	155.6	778.0	1.0
9905	243	0	5	0.6	106.6	533.0	0.3333333333333333
9906	182	0	5	0.4475	60.6	303.0	0.3333333333333333
9907	101	1	4	0.25	56.6	283.0	1.0
9908	230	1	4	0.5725	175.6	878.0	1.0
9909	116	0	5	0.2825	114.0	570.0	0.0
9910	366	0	5	0.9075	251.0	1255.0	0.6666666666666666
9911	249	0	5	0.615	144.4	722.0	0.6666666666666666
9912	370	0	5	0.9175	89.8	449.0	0.6666666666666666
9913	231	1	4	0.575	88.2	441.0	1.0
9914	144	0	5	0.3525	106.8	534.0	0.0
9915	22	0	5	0.0475	19.2	96.0	0.3333333333333333
9916	172	0	5	0.4225	102.0	510.0	0.3333333333333333
9917	249	0	5	0.615	213.4	1067.0	0.3333333333333333
9918	52	0	5	0.1225	23.2	116.0	0.3333333333333333
9919	139	0	5	0.34	100.8	504.0	0.6666666666666666
9920	15	0	5	0.03	13.0	65.0	0.0
9921	308	0	5	0.7625	127.0	635.0	0.0
9922	201	0	5	0.495	80.6	403.0	0.3333333333333333
9923	186	0	5	0.4575	140.2	701.0	0.6666666666666666
9924	330	0	5	0.8175	197.2	986.0	0.3333333333333333
9925	222	0	5	0.5475	102.0	510.0	0.3333333333333333
9926	275	0	5	0.68	128.4	642.0	0.6666666666666666
9927	273	0	5	0.675	206.2	1031.0	0.6666666666666666
9928	396	0	5	0.9825	284.8	1424.0	0.6666666666666666
9929	327	0	5	0.81	134.4	672.0	0.3333333333333333
9930	130	0	5	0.3175	118.4	592.0	0.6666666666666666
9931	238	0	5	0.5875	71.2	356.0	0.3333333333333333
9932	288	0	5	0.7125	219.8	1099.0	0.6666666666666666
9933	136	0	5	0.3325	79.2	396.0	0.3333333333333333
9934	300	0	5	0.7425	72.8	364.0	0.6666666666666666
9935	219	0	5	0.54	129.2	646.0	0.6666666666666666
9936	274	0	5	0.6775	177.2	886.0	0.3333333333333333
9937	265	0	5	0.655	116.6	583.0	0.6666666666666666
9938	164	0	5	0.4025	146.6	733.0	0.6666666666666666
9939	283	0	5	0.7	238.0	1190.0	0.3333333333333333
9940	45	0	5	0.105	43.0	215.0	0.0
9941	113	0	5	0.275	66.2	331.0	0.3333333333333333
9942	92	0	5	0.2225	76.8	384.0	0.0
9943	73	0	5	0.175	52.6	263.0	0.3333333333333333
9944	174	0	5	0.4275	136.0	680.0	0.3333333333333333
9945	80	0	5	0.1925	78.0	390.0	0.0
9946	400	0	5	0.9925	244.4	1222.0	0.6666666666666666
9947	290	0	5	0.7175	142.6	713.0	0.6666666666666666
9948	188	0	5	0.4625	165.4	827.0	0.0
9949	206	0	5	0.5075	165.8	829.0	0.0
9950	263	0	5	0.65	169.6	848.0	0.3333333333333333
9951	364	0	5	0.9025	228.6	1143.0	0.3333333333333333
9952	378	1	4	0.9425	180.2	901.0	1.0
9953	147	0	5	0.36	94.2	471.0	0.6666666666666666
9954	189	0	5	0.465	111.4	557.0	0.0
9955	308	0	5	0.7625	161.0	805.0	0.3333333333333333
9956	116	0	5	0.2825	64.0	320.0	0.3333333333333333
9957	320	0	5	0.7925	223.6	1118.0	0.3333333333333333
9958	217	0	5	0.535	189.0	945.0	0.0
9959	138	0	5	0.3375	129.6	648.0	0.3333333333333333
9960	359	1	4	0.895	123.0	615.0	1.0
9961	120	0	5	0.2925	107.4	537.0	0.3333333333333333
9962	32	0	5	0.0725	30.0	150.0	0.0
9963	49	0	5	0.115	26.2	131.0	0.3333333333333333
9964	391	1	4	0.975	276.4	1382.0	1.0
9965	53	0	5	0.125	49.8	249.0	0.0
9966	77	0	5	0.185	35.4	177.0	0.0
9967	341	0	5	0.845	183.2	916.0	0.3333333333333333
9968	233	0	5	0.575	212.2	1061.0	0.0
9969	124	0	5	0.3025	30.8	154.0	0.3333333333333333
9970	90	0	5	0.2175	88.0	440.0	0.0
9971	100	0	5	0.2425	93.2	466.0	0.0
9972	188	0	5	0.4625	149.2	746.0	0.0
9973	84	0	5	0.2025	53.6	268.0	0.6666666666666666
9974	81	0	5	0.195	79.0	395.0	0.0
9975	255	0	5	0.63	105.4	527.0	0.6666666666666666
9976	154	0	5	0.3775	90.6	453.0	0.0
9977	381	0	5	0.945	248.0	1240.0	0.6666666666666666
9978	341	0	5	0.845	217.6	1088.0	0.6666666666666666
9979	217	0	5	0.535	101.4	507.0	0.6666666666666666
9980	175	0	5	0.43	131.0	655.0	0.6666666666666666
9981	18	0	5	0.0375	16.0	80.0	0.0
9982	163	0	5	0.4	95.0	475.0	0.3333333333333333
9983	385	0	5	0.955	220.6	1103.0	0.6666666666666666
9984	310	0	5	0.7675	245.0	1225.0	0.3333333333333333
9985	12	0	5	0.0225	10.0	50.0	0.0
9986	326	0	5	0.8075	167.0	835.0	0.3333333333333333
9987	254	0	5	0.6275	99.4	497.0	0.6666666666666666
9988	41	0	5	0.095	39.0	195.0	0.0
9989	74	0	5	0.1775	72.0	360.0	0.0
9990	114	0	5	0.2775	112.0	560.0	0.0
9991	382	0	5	0.9475	308.6	1543.0	0.6666666666666666
9992	252	0	5	0.6225	190.8	954.0	0.0
9993	117	0	5	0.285	50.8	254.0	0.6666666666666666
9994	98	0	5	0.2375	79.6	398.0	0.0
9995	68	0	5	0.1625	54.8	274.0	0.0
9996	80	0	5	0.1925	56.0	280.0	0.3333333333333333
9997	258	0	5	0.6375	195.6	978.0	0.0
9998	4	0	5	0.0025	2.0	10.0	0.0
9999	315	0	5	0.78	191.6	958.0	0.6666666666666666
10000	237	0	5	0.585	101.8	509.0	0.3333333333333333
10001	325	0	5	0.805	180.0	900.0	0.3333333333333333
10002	158	1	4	0.3925	92.4	462.0	1.0
10003	170	1	4	0.4225	60.0	300.0	1.0
10004	37	0	5	0.085	22.2	111.0	0.0
10005	114	0	5	0.2775	112.0	560.0	0.0
10006	235	0	5	0.58	154.0	770.0	0.6666666666666666
10007	124	0	5	0.3025	71.6	358.0	0.3333333333333333
10008	355	0	5	0.88	233.0	1165.0	0.3333333333333333
10009	307	0	5	0.76	271.2	1356.0	0.3333333333333333
10010	151	0	5	0.37	127.8	639.0	0.0
10011	372	0	5	0.9225	267.0	1335.0	0.6666666666666666
10012	324	0	5	0.8025	242.4	1212.0	0.0
10013	121	0	5	0.295	119.0	595.0	0.0
10014	66	0	5	0.1575	64.0	320.0	0.0
10015	184	0	5	0.4525	168.8	844.0	0.3333333333333333
10016	217	0	5	0.535	205.4	1027.0	0.0
10017	394	1	4	0.9825	91.6	458.0	1.0
10018	106	0	5	0.2575	104.0	520.0	0.0
10019	152	0	5	0.3725	136.8	684.0	0.0
10020	339	0	5	0.84	154.0	770.0	0.6666666666666666
10021	317	0	5	0.785	204.6	1023.0	0.6666666666666666
10022	144	0	5	0.3525	113.6	568.0	0.6666666666666666
10023	388	0	5	0.9625	209.6	1048.0	0.3333333333333333
10024	135	0	5	0.33	99.4	497.0	0.0
10025	233	0	5	0.575	204.6	1023.0	0.0
10026	230	0	5	0.5675	109.4	547.0	0.6666666666666666
10027	83	0	5	0.2	53.4	267.0	0.6666666666666666
10028	34	0	5	0.0775	32.0	160.0	0.0
10029	312	0	5	0.7725	192.2	961.0	0.6666666666666666
10030	149	1	4	0.37	85.0	425.0	1.0
10031	330	0	5	0.8175	132.6	663.0	0.6666666666666666
10032	306	0	5	0.7575	143.2	716.0	0.3333333333333333
10033	169	0	5	0.415	167.0	835.0	0.0
10034	79	0	5	0.19	77.0	385.0	0.0
10035	189	0	5	0.465	89.8	449.0	0.3333333333333333
10036	376	0	5	0.9325	255.0	1275.0	0.6666666666666666
10037	223	0	5	0.55	144.2	721.0	0.3333333333333333
10038	272	0	5	0.6725	112.4	562.0	0.3333333333333333
10039	243	0	5	0.6	219.0	1095.0	0.0
10040	348	0	5	0.8625	196.8	984.0	0.6666666666666666
10041	111	0	5	0.27	109.0	545.0	0.0
10042	222	0	5	0.5475	154.2	771.0	0.0
10043	188	0	5	0.4625	130.6	653.0	0.3333333333333333
10044	214	0	5	0.5275	100.4	502.0	0.3333333333333333
10045	186	0	5	0.4575	110.8	554.0	0.3333333333333333
10046	388	0	5	0.9625	109.2	546.0	0.6666666666666666
10047	121	0	5	0.295	87.2	436.0	0.3333333333333333
10048	16	0	5	0.0325	14.0	70.0	0.0
10049	271	0	5	0.67	209.6	1048.0	0.3333333333333333
10050	39	0	5	0.09	17.0	85.0	0.3333333333333333
10051	86	0	5	0.2075	84.0	420.0	0.0
10052	109	0	5	0.265	93.2	466.0	0.3333333333333333
10053	22	0	5	0.0475	20.0	100.0	0.0
10054	266	0	5	0.6575	195.2	976.0	0.3333333333333333
10055	266	1	4	0.6625	116.6	583.0	1.0
10056	315	0	5	0.78	286.6	1433.0	0.3333333333333333
10057	76	0	5	0.1825	57.6	288.0	0.3333333333333333
10058	301	0	5	0.745	161.0	805.0	0.6666666666666666
10059	100	0	5	0.2425	50.2	251.0	0.3333333333333333
10060	96	0	5	0.2325	92.0	460.0	0.0
10061	100	0	5	0.2425	97.4	487.0	0.3333333333333333
10062	258	0	5	0.6375	75.2	376.0	0.3333333333333333
10063	250	0	5	0.6175	206.4	1032.0	0.6666666666666666
10064	237	0	5	0.585	231.4	1157.0	0.3333333333333333
10065	13	0	5	0.025	10.6	53.0	0.3333333333333333
10066	386	0	5	0.9575	244.4	1222.0	0.6666666666666666
10067	79	1	4	0.195	42.6	213.0	1.0
10068	174	0	5	0.4275	138.2	691.0	0.6666666666666666
10069	125	0	5	0.305	123.0	615.0	0.0
10070	47	0	5	0.11	29.0	145.0	0.0
10071	374	0	5	0.9275	138.6	693.0	0.3333333333333333
10072	389	0	5	0.965	174.8	874.0	0.6666666666666666
10073	50	0	5	0.1175	34.8	174.0	0.3333333333333333
10074	314	0	5	0.7775	207.6	1038.0	0.6666666666666666
10075	198	0	5	0.4875	132.4	662.0	0.0
10076	48	0	5	0.1125	46.0	230.0	0.0
10077	325	1	4	0.81	106.6	533.0	1.0
10078	396	0	5	0.9825	133.0	665.0	0.6666666666666666
10079	391	0	5	0.97	104.8	524.0	0.6666666666666666
10080	334	0	5	0.8275	181.0	905.0	0.6666666666666666
10081	45	0	5	0.105	28.6	143.0	0.0
10082	311	0	5	0.77	90.8	454.0	0.3333333333333333
10083	352	1	4	0.8775	118.0	590.0	1.0
10084	85	0	5	0.205	83.0	415.0	0.0
10085	163	1	4	0.405	57.4	287.0	1.0
10086	142	0	5	0.3475	98.4	492.0	0.3333333333333333
10087	380	1	4	0.9475	255.6	1278.0	1.0
10088	135	0	5	0.33	125.8	629.0	0.0
10089	310	0	5	0.7675	119.4	597.0	0.6666666666666666
10090	305	0	5	0.755	303.0	1515.0	0.0
10091	148	0	5	0.3625	123.4	617.0	0.3333333333333333
10092	21	0	5	0.045	19.0	95.0	0.0
10093	158	0	5	0.3875	43.2	216.0	0.3333333333333333
10094	352	1	4	0.8775	152.4	762.0	1.0
10095	13	0	5	0.025	4.6	23.0	0.3333333333333333
10096	267	0	5	0.66	229.6	1148.0	0.3333333333333333
10097	336	1	4	0.8375	134.4	672.0	1.0
10098	205	0	5	0.505	51.8	259.0	0.3333333333333333
10099	369	0	5	0.915	229.6	1148.0	0.3333333333333333
10100	100	0	5	0.2425	82.4	412.0	0.3333333333333333
10101	285	0	5	0.705	128.2	641.0	0.3333333333333333
10102	196	0	5	0.4825	134.8	674.0	0.3333333333333333
10103	123	0	5	0.3	40.0	200.0	0.3333333333333333
10104	208	0	5	0.5125	173.2	866.0	0.0
10105	97	0	5	0.235	95.0	475.0	0.0
10106	236	0	5	0.5825	86.4	432.0	0.3333333333333333
10107	215	0	5	0.53	163.4	817.0	0.0
10108	165	0	5	0.405	65.4	327.0	0.3333333333333333
10109	92	0	5	0.2225	79.6	398.0	0.3333333333333333
10110	52	0	5	0.1225	48.4	242.0	0.0
10111	401	0	3	0.9975	216.2	1081.0	0.6666666666666666
10112	178	0	5	0.4375	143.6	718.0	0.3333333333333333
10113	15	0	5	0.03	13.0	65.0	0.0
10114	78	0	5	0.1875	37.0	185.0	0.3333333333333333
10115	215	0	5	0.53	192.2	961.0	0.3333333333333333
10116	110	0	5	0.2675	73.2	366.0	0.0
10117	269	0	5	0.665	197.6	988.0	0.3333333333333333
10118	140	0	5	0.3425	125.6	628.0	0.3333333333333333
10119	144	0	5	0.3525	86.8	434.0	0.3333333333333333
10120	295	1	4	0.735	220.0	1100.0	1.0
10121	86	0	5	0.2075	56.0	280.0	0.3333333333333333
10122	37	0	5	0.085	19.0	95.0	0.3333333333333333
10123	126	0	5	0.3075	124.0	620.0	0.0
10124	184	0	5	0.4525	95.6	478.0	0.3333333333333333
10125	313	0	5	0.775	199.4	997.0	0.3333333333333333
10126	345	0	5	0.855	269.4	1347.0	0.3333333333333333
10127	235	0	5	0.58	191.0	955.0	0.3333333333333333
10128	203	0	5	0.5	185.4	927.0	0.3333333333333333
10129	289	1	4	0.72	188.8	944.0	1.0
10130	87	0	5	0.21	38.6	193.0	0.3333333333333333
10131	292	0	5	0.7225	189.2	946.0	0.3333333333333333
10132	78	0	5	0.1875	65.8	329.0	0.3333333333333333
10133	258	1	4	0.6425	142.8	714.0	1.0
10134	384	0	5	0.9525	243.2	1216.0	0.6666666666666666
10135	142	0	5	0.3475	121.6	608.0	0.3333333333333333
10136	323	0	5	0.8	188.2	941.0	0.3333333333333333
10137	210	0	5	0.5175	148.2	741.0	0.3333333333333333
10138	15	0	5	0.03	13.0	65.0	0.0
10139	266	0	5	0.6575	182.0	910.0	0.3333333333333333
10140	22	0	5	0.0475	16.0	80.0	0.3333333333333333
10141	293	0	5	0.725	170.4	852.0	0.3333333333333333
10142	29	0	5	0.065	27.0	135.0	0.0
10143	357	0	5	0.885	222.6	1113.0	0.3333333333333333
10144	96	0	5	0.2325	37.8	189.0	0.3333333333333333
10145	252	0	5	0.6225	62.8	314.0	0.6666666666666666
10146	156	1	4	0.3875	145.6	728.0	1.0
10147	287	0	5	0.71	266.6	1333.0	0.6666666666666666
10148	255	0	5	0.63	179.4	897.0	0.3333333333333333
10149	255	0	5	0.63	170.2	851.0	0.3333333333333333
10150	173	0	5	0.425	124.8	624.0	0.3333333333333333
10151	198	1	3	0.4925	103.8	519.0	1.0
10152	329	1	4	0.82	177.0	885.0	1.0
10153	136	0	5	0.3325	86.4	432.0	0.0
10154	175	0	5	0.43	169.0	845.0	0.0
10155	377	0	5	0.935	269.8	1349.0	0.6666666666666666
10156	207	0	5	0.51	110.8	554.0	0.3333333333333333
10157	361	0	5	0.895	86.2	431.0	0.3333333333333333
10158	271	0	5	0.67	129.4	647.0	0.6666666666666666
10159	56	0	5	0.1325	33.6	168.0	0.3333333333333333
10160	185	0	5	0.455	95.4	477.0	0.0
10161	201	0	5	0.495	169.4	847.0	0.3333333333333333
10162	178	0	5	0.4375	134.4	672.0	0.3333333333333333
10163	380	0	5	0.9425	161.6	808.0	0.6666666666666666
10164	113	0	5	0.275	111.0	555.0	0.0
10165	289	0	5	0.715	103.8	519.0	0.6666666666666666
10166	342	0	5	0.8475	162.2	811.0	0.3333333333333333
10167	123	0	5	0.3	85.4	427.0	0.3333333333333333
10168	205	0	5	0.505	90.2	451.0	0.3333333333333333
10169	59	0	5	0.14	52.0	260.0	0.0
10170	13	0	5	0.025	11.0	55.0	0.0
10171	64	0	5	0.1525	62.0	310.0	0.3333333333333333
10172	252	0	5	0.6225	204.0	1020.0	0.6666666666666666
10173	119	0	5	0.29	50.6	253.0	0.6666666666666666
10174	329	1	3	0.82	248.2	1241.0	1.0
10175	255	1	4	0.635	156.2	781.0	1.0
10176	284	0	5	0.7025	110.0	550.0	0.6666666666666666
10177	379	1	4	0.945	266.8	1334.0	1.0
10178	68	0	5	0.1625	62.4	312.0	0.3333333333333333
10179	302	1	4	0.7525	180.8	904.0	1.0
10180	231	0	5	0.57	229.0	1145.0	0.0
10181	265	0	5	0.655	81.4	407.0	0.6666666666666666
10182	31	0	5	0.07	23.0	115.0	0.0
10183	291	0	5	0.72	167.8	839.0	0.6666666666666666
10184	394	1	4	0.9825	161.8	809.0	1.0
10185	149	0	5	0.365	84.0	420.0	0.3333333333333333
10186	234	0	5	0.5775	211.2	1056.0	0.0
10187	201	1	4	0.5	66.6	333.0	1.0
10188	104	0	5	0.2525	102.0	510.0	0.0
10189	335	1	4	0.835	154.2	771.0	1.0
10190	145	0	5	0.355	43.0	215.0	0.3333333333333333
10191	22	0	5	0.0475	20.0	100.0	0.0
10192	194	0	5	0.4775	133.2	666.0	0.3333333333333333
10193	181	0	5	0.445	148.0	740.0	0.6666666666666666
10194	332	0	5	0.8225	234.0	1170.0	0.6666666666666666
10195	396	1	4	0.9875	246.8	1234.0	1.0
10196	167	0	5	0.41	99.0	495.0	0.3333333333333333
10197	85	0	5	0.205	83.0	415.0	0.0
10198	332	0	5	0.8225	237.2	1186.0	0.6666666666666666
10199	346	1	4	0.8625	264.0	1320.0	1.0
10200	255	0	5	0.63	153.0	765.0	0.3333333333333333
10201	332	0	5	0.8225	236.0	1180.0	0.6666666666666666
10202	43	0	5	0.1	41.0	205.0	0.0
10203	389	0	5	0.965	176.6	883.0	0.6666666666666666
10204	9	0	5	0.015	7.0	35.0	0.0
10205	273	0	5	0.675	191.2	956.0	0.6666666666666666
10206	345	0	5	0.855	171.0	855.0	0.6666666666666666
10207	302	0	5	0.7475	250.2	1251.0	0.3333333333333333
10208	133	0	5	0.325	123.4	617.0	0.0
10209	192	0	5	0.4725	101.2	506.0	0.6666666666666666
10210	38	0	5	0.0875	36.0	180.0	0.0
10211	349	0	5	0.865	177.0	885.0	0.6666666666666666
10212	373	0	5	0.925	277.4	1387.0	0.6666666666666666
10213	266	0	5	0.6575	128.0	640.0	0.6666666666666666
10214	320	1	4	0.7975	200.2	1001.0	1.0
10215	186	0	5	0.4575	184.0	920.0	0.0
10216	138	0	5	0.3375	83.4	417.0	0.3333333333333333
10217	179	0	5	0.44	157.0	785.0	0.3333333333333333
10218	244	0	5	0.6025	140.0	700.0	0.6666666666666666
10219	281	0	5	0.695	144.4	722.0	0.0
10220	277	0	5	0.685	210.0	1050.0	0.3333333333333333
10221	185	0	5	0.455	63.0	315.0	0.3333333333333333
10222	233	1	4	0.58	127.2	636.0	1.0
10223	250	0	5	0.6175	167.2	836.0	0.3333333333333333
10224	285	0	5	0.705	202.0	1010.0	0.3333333333333333
10225	324	1	4	0.8075	187.8	939.0	1.0
10226	104	0	5	0.2525	98.8	494.0	0.3333333333333333
10227	330	0	5	0.8175	250.8	1254.0	0.3333333333333333
10228	11	0	5	0.02	9.0	45.0	0.0
10229	223	0	5	0.55	164.0	820.0	0.6666666666666666
10230	170	1	4	0.4225	88.4	442.0	1.0
10231	20	0	5	0.0425	4.0	20.0	0.0
10232	366	0	5	0.9075	140.2	701.0	0.3333333333333333
10233	145	0	5	0.355	132.4	662.0	0.3333333333333333
10234	364	0	5	0.9025	265.0	1325.0	0.6666666666666666
10235	282	0	5	0.6975	63.8	319.0	0.6666666666666666
10236	166	0	5	0.4075	117.6	588.0	0.3333333333333333
10237	42	0	5	0.0975	21.4	107.0	0.3333333333333333
10238	173	0	5	0.425	115.8	579.0	0.6666666666666666
10239	180	0	5	0.4425	178.0	890.0	0.0
10240	375	0	5	0.93	148.8	744.0	0.6666666666666666
10241	78	0	5	0.1875	40.4	202.0	0.3333333333333333
10242	221	0	5	0.545	117.2	586.0	0.6666666666666666
10243	69	0	5	0.165	48.0	240.0	0.3333333333333333
10244	78	0	5	0.1875	76.0	380.0	0.0
10245	206	0	5	0.5075	168.4	842.0	0.0
10246	398	0	5	0.9875	310.8	1554.0	0.6666666666666666
10247	107	0	5	0.26	61.2	306.0	0.3333333333333333
10248	357	0	5	0.885	239.2	1196.0	0.3333333333333333
10249	209	0	5	0.515	95.0	475.0	0.3333333333333333
10250	68	0	5	0.1625	50.8	254.0	0.3333333333333333
10251	113	1	4	0.28	44.2	221.0	1.0
10252	389	0	5	0.965	257.2	1286.0	0.6666666666666666
10253	248	1	4	0.6175	68.0	340.0	1.0
10254	215	0	5	0.53	145.4	727.0	0.0
10255	177	0	5	0.435	128.2	641.0	0.6666666666666666
10256	105	0	5	0.255	88.8	444.0	0.3333333333333333
10257	282	1	4	0.7025	137.0	685.0	1.0
10258	75	0	5	0.18	36.2	181.0	0.3333333333333333
10259	51	1	4	0.125	13.4	67.0	1.0
10260	168	0	5	0.4125	123.0	615.0	0.6666666666666666
10261	224	0	5	0.5525	163.4	817.0	0.3333333333333333
10262	355	1	3	0.885	186.6	933.0	1.0
10263	72	0	5	0.1725	56.6	283.0	0.3333333333333333
10264	252	0	5	0.6225	176.8	884.0	0.3333333333333333
10265	110	0	5	0.2675	108.0	540.0	0.0
10266	234	0	5	0.5775	196.4	982.0	0.6666666666666666
10267	145	0	5	0.355	108.6	543.0	0.3333333333333333
10268	286	0	5	0.7075	147.8	739.0	0.6666666666666666
10269	300	0	5	0.7425	185.2	926.0	0.6666666666666666
10270	203	0	5	0.5	137.8	689.0	0.3333333333333333
10271	342	0	5	0.8475	118.6	593.0	0.3333333333333333
10272	158	0	5	0.3875	126.8	634.0	0.3333333333333333
10273	304	0	5	0.7525	228.2	1141.0	0.6666666666666666
10274	2	0	5	0.0	0.0	0.0	0.0
10275	170	1	4	0.4225	116.0	580.0	1.0
10276	291	0	5	0.72	116.8	584.0	0.3333333333333333
10277	40	0	5	0.0925	38.0	190.0	0.0
10278	152	0	5	0.3725	119.0	595.0	0.3333333333333333
10279	82	0	5	0.1975	51.4	257.0	0.0
10280	25	0	5	0.055	23.0	115.0	0.0
10281	204	0	5	0.5025	88.6	443.0	0.3333333333333333
10282	31	0	5	0.07	29.0	145.0	0.0
10283	40	0	5	0.0925	38.0	190.0	0.0
10284	15	0	5	0.03	13.0	65.0	0.3333333333333333
10285	102	0	5	0.2475	81.6	408.0	0.3333333333333333
10286	397	0	5	0.985	187.2	936.0	0.6666666666666666
10287	330	0	5	0.8175	82.4	412.0	0.6666666666666666
10288	371	0	5	0.92	219.8	1099.0	0.6666666666666666
10289	95	0	5	0.23	68.6	343.0	0.3333333333333333
10290	344	0	5	0.8525	239.6	1198.0	0.3333333333333333
10291	379	0	5	0.94	152.0	760.0	0.6666666666666666
10292	292	0	5	0.7225	234.8	1174.0	0.3333333333333333
10293	78	0	5	0.1875	76.0	380.0	0.0
10294	397	0	5	0.985	286.2	1431.0	0.6666666666666666
10295	277	0	5	0.685	178.2	891.0	0.3333333333333333
10296	59	0	5	0.14	35.4	177.0	0.3333333333333333
10297	141	0	5	0.345	91.6	458.0	0.3333333333333333
10298	38	0	5	0.0875	7.8	39.0	0.3333333333333333
10299	194	0	5	0.4775	179.0	895.0	0.3333333333333333
10300	358	0	5	0.8875	250.8	1254.0	0.6666666666666666
10301	91	0	5	0.22	59.8	299.0	0.3333333333333333
10302	284	0	5	0.7025	218.6	1093.0	0.3333333333333333
10303	206	0	5	0.5075	147.0	735.0	0.6666666666666666
10304	30	0	5	0.0675	28.0	140.0	0.0
10305	136	0	5	0.3325	84.2	421.0	0.3333333333333333
10306	262	0	5	0.6475	154.0	770.0	0.6666666666666666
10307	185	0	5	0.455	50.6	253.0	0.3333333333333333
10308	394	0	5	0.9775	129.4	647.0	0.6666666666666666
10309	338	0	5	0.8375	227.0	1135.0	0.3333333333333333
10310	396	0	5	0.9825	255.0	1275.0	0.6666666666666666
10311	160	0	5	0.3925	117.4	587.0	0.3333333333333333
10312	16	0	5	0.0325	14.0	70.0	0.0
10313	148	0	5	0.3625	129.4	647.0	0.3333333333333333
10314	221	0	5	0.545	115.0	575.0	0.6666666666666666
10315	336	0	5	0.8325	198.0	990.0	0.3333333333333333
10316	291	0	5	0.72	190.6	953.0	0.6666666666666666
10317	358	0	5	0.8875	227.2	1136.0	0.6666666666666666
10318	399	1	4	0.995	121.0	605.0	1.0
10319	290	0	5	0.7175	159.6	798.0	0.6666666666666666
10320	381	0	5	0.945	195.2	976.0	0.6666666666666666
10321	39	0	5	0.09	37.0	185.0	0.0
10322	207	0	5	0.51	196.0	980.0	0.6666666666666666
10323	295	0	5	0.73	126.8	634.0	0.3333333333333333
10324	383	0	5	0.95	255.4	1277.0	0.6666666666666666
10325	178	0	5	0.4375	108.4	542.0	0.6666666666666666
10326	118	1	4	0.2925	62.0	310.0	1.0
10327	304	1	4	0.7575	83.4	417.0	1.0
10328	117	0	5	0.285	58.2	291.0	0.3333333333333333
10329	123	0	5	0.3	59.4	297.0	0.3333333333333333
10330	69	0	5	0.165	44.2	221.0	0.0
10331	384	0	5	0.9525	345.8	1729.0	0.3333333333333333
10332	14	0	5	0.0275	7.2	36.0	0.3333333333333333
10333	125	0	5	0.305	87.4	437.0	0.3333333333333333
10334	27	0	5	0.06	25.0	125.0	0.0
10335	138	0	5	0.3375	120.4	602.0	0.3333333333333333
10336	138	0	5	0.3375	99.2	496.0	0.6666666666666666
10337	290	0	5	0.7175	142.2	711.0	0.3333333333333333
10338	77	0	5	0.185	75.0	375.0	0.0
10339	121	0	5	0.295	90.2	451.0	0.3333333333333333
10340	251	0	5	0.62	162.2	811.0	0.6666666666666666
10341	280	1	4	0.6975	131.0	655.0	1.0
10342	9	0	5	0.015	7.0	35.0	0.0
10343	97	0	5	0.235	93.2	466.0	0.0
10344	264	0	5	0.6525	86.0	430.0	0.3333333333333333
10345	222	0	5	0.5475	125.4	627.0	0.6666666666666666
10346	307	0	5	0.76	184.4	922.0	0.3333333333333333
10347	282	0	5	0.6975	71.2	356.0	0.6666666666666666
10348	72	0	5	0.1725	70.0	350.0	0.0
10349	14	0	5	0.0275	12.0	60.0	0.0
10350	164	0	5	0.4025	126.6	633.0	0.3333333333333333
10351	156	0	5	0.3825	86.8	434.0	0.6666666666666666
10352	55	0	5	0.13	53.0	265.0	0.0
10353	288	0	5	0.7125	123.0	615.0	0.6666666666666666
10354	80	0	5	0.1925	62.0	310.0	0.6666666666666666
10355	171	0	5	0.42	123.4	617.0	0.3333333333333333
10356	124	0	5	0.3025	121.4	607.0	0.0
10357	303	0	5	0.75	146.4	732.0	0.6666666666666666
10358	8	0	5	0.0125	4.8	24.0	0.3333333333333333
10359	329	0	5	0.815	207.4	1037.0	0.6666666666666666
10360	123	0	5	0.3	92.2	461.0	0.3333333333333333
10361	125	0	5	0.305	61.4	307.0	0.3333333333333333
10362	389	1	4	0.97	250.4	1252.0	1.0
10363	128	0	5	0.3125	113.8	569.0	0.3333333333333333
10364	11	0	5	0.02	3.6	18.0	0.3333333333333333
10365	67	0	5	0.16	26.6	133.0	0.3333333333333333
10366	99	0	5	0.24	77.8	389.0	0.3333333333333333
10367	60	0	5	0.1425	58.0	290.0	0.0
10368	198	0	5	0.4875	95.2	476.0	0.6666666666666666
10369	370	0	5	0.9175	222.6	1113.0	0.6666666666666666
10370	362	0	5	0.8975	112.4	562.0	0.6666666666666666
10371	26	0	5	0.0575	24.0	120.0	0.0
10372	223	1	3	0.555	122.4	612.0	1.0
10373	231	0	5	0.57	59.2	296.0	0.6666666666666666
10374	46	0	5	0.1075	44.0	220.0	0.0
10375	346	0	5	0.8575	153.0	765.0	0.6666666666666666
10376	207	0	5	0.51	82.4	412.0	0.6666666666666666
10377	312	0	5	0.7725	165.4	827.0	0.3333333333333333
10378	361	0	5	0.895	284.4	1422.0	0.6666666666666666
10379	308	0	5	0.7625	190.2	951.0	0.3333333333333333
10380	202	0	5	0.4975	177.8	889.0	0.3333333333333333
10381	151	0	5	0.37	132.8	664.0	0.0
10382	289	0	5	0.715	133.2	666.0	0.3333333333333333
10383	190	0	5	0.4675	145.4	727.0	0.6666666666666666
10384	58	0	5	0.1375	56.0	280.0	0.0
10385	191	0	5	0.47	77.0	385.0	0.3333333333333333
10386	271	0	5	0.67	246.2	1231.0	0.3333333333333333
10387	219	0	5	0.54	199.0	995.0	0.0
10388	266	0	5	0.6575	221.2	1106.0	0.6666666666666666
10389	19	0	5	0.04	17.0	85.0	0.0
10390	385	0	5	0.955	234.6	1173.0	0.6666666666666666
10391	144	0	5	0.3525	94.6	473.0	0.0
10392	355	0	5	0.88	150.2	751.0	0.3333333333333333
10393	5	0	5	0.005	3.0	15.0	0.0
10394	322	0	5	0.7975	205.6	1028.0	0.6666666666666666
10395	332	0	5	0.8225	144.4	722.0	0.6666666666666666
10396	43	0	5	0.1	21.8	109.0	0.3333333333333333
10397	187	0	5	0.46	90.4	452.0	0.6666666666666666
10398	289	0	5	0.715	182.6	913.0	0.6666666666666666
10399	136	0	5	0.3325	50.6	253.0	0.3333333333333333
10400	51	0	5	0.12	33.0	165.0	0.3333333333333333
10401	66	0	5	0.1575	64.0	320.0	0.0
10402	65	0	5	0.155	63.0	315.0	0.0
10403	69	0	5	0.165	59.2	296.0	0.0
10404	307	0	5	0.76	136.8	684.0	0.6666666666666666
10405	361	0	5	0.895	241.0	1205.0	0.6666666666666666
10406	180	0	5	0.4425	178.0	890.0	0.0
10407	332	0	5	0.8225	162.2	811.0	0.6666666666666666
10408	347	1	4	0.865	138.8	694.0	1.0
10409	9	0	5	0.015	7.0	35.0	0.0
10410	114	0	5	0.2775	72.8	364.0	0.3333333333333333
10411	35	0	5	0.08	9.0	45.0	0.6666666666666666
10412	279	0	5	0.69	205.8	1029.0	0.6666666666666666
10413	65	0	5	0.155	48.6	243.0	0.3333333333333333
10414	392	0	5	0.9725	160.4	802.0	0.6666666666666666
10415	244	0	5	0.6025	196.4	982.0	0.6666666666666666
10416	46	0	5	0.1075	43.2	216.0	0.0
10417	62	0	5	0.1475	56.0	280.0	0.3333333333333333
10418	170	0	5	0.4175	136.2	681.0	0.3333333333333333
10419	335	0	5	0.83	185.0	925.0	0.6666666666666666
10420	272	0	5	0.6725	270.0	1350.0	0.0
10421	167	0	5	0.41	108.6	543.0	0.3333333333333333
10422	356	0	5	0.8825	287.2	1436.0	0.6666666666666666
10423	83	0	5	0.2	66.2	331.0	0.3333333333333333
10424	256	0	5	0.6325	72.6	363.0	0.6666666666666666
10425	200	0	5	0.4925	127.8	639.0	0.6666666666666666
10426	307	1	4	0.765	202.8	1014.0	1.0
10427	149	0	5	0.365	34.2	171.0	0.3333333333333333
10428	45	0	5	0.105	43.0	215.0	0.0
10429	294	0	5	0.7275	216.6	1083.0	0.3333333333333333
10430	226	0	5	0.5575	198.4	992.0	0.3333333333333333
10431	349	1	4	0.87	162.8	814.0	1.0
10432	159	0	5	0.39	92.8	464.0	0.3333333333333333
10433	327	0	5	0.81	78.6	393.0	0.6666666666666666
10434	331	1	4	0.825	154.0	770.0	1.0
10435	397	0	5	0.985	196.6	983.0	0.6666666666666666
10436	359	1	4	0.895	177.6	888.0	1.0
10437	306	0	5	0.7575	280.6	1403.0	0.6666666666666666
10438	132	0	5	0.3225	124.6	623.0	0.0
10439	319	0	5	0.79	79.6	398.0	0.6666666666666666
10440	183	0	5	0.45	152.2	761.0	0.3333333333333333
10441	139	0	5	0.34	137.0	685.0	0.0
10442	373	1	4	0.93	220.4	1102.0	1.0
10443	241	0	5	0.595	210.2	1051.0	0.3333333333333333
10444	202	0	5	0.4975	108.0	540.0	0.3333333333333333
10445	36	0	5	0.0825	34.0	170.0	0.0
10446	292	0	5	0.7225	237.6	1188.0	0.6666666666666666
10447	106	0	5	0.2575	104.0	520.0	0.0
10448	297	0	5	0.735	270.4	1352.0	0.6666666666666666
10449	133	0	5	0.325	113.8	569.0	0.3333333333333333
10450	80	0	5	0.1925	48.8	244.0	0.3333333333333333
10451	126	0	5	0.3075	67.2	336.0	0.6666666666666666
10452	393	0	5	0.975	115.0	575.0	0.6666666666666666
10453	77	0	5	0.185	75.0	375.0	0.0
10454	340	0	5	0.8425	184.0	920.0	0.6666666666666666
10455	248	0	5	0.6125	204.2	1021.0	0.0
10456	254	0	5	0.6275	173.6	868.0	0.6666666666666666
10457	367	0	5	0.91	212.6	1063.0	0.6666666666666666
10458	115	0	5	0.28	83.6	418.0	0.0
10459	137	0	5	0.335	98.6	493.0	0.0
10460	4	0	5	0.0025	2.0	10.0	0.0
10461	315	0	5	0.78	190.6	953.0	0.6666666666666666
10462	326	0	5	0.8075	155.2	776.0	0.6666666666666666
10463	182	0	5	0.4475	163.8	819.0	0.3333333333333333
10464	103	0	5	0.25	88.2	441.0	0.6666666666666666
10465	323	0	5	0.8	230.6	1153.0	0.6666666666666666
10466	154	0	5	0.3775	57.6	288.0	0.3333333333333333
10467	184	0	5	0.4525	143.6	718.0	0.0
10468	142	0	5	0.3475	107.0	535.0	0.3333333333333333
10469	199	1	4	0.495	91.8	459.0	1.0
10470	233	0	5	0.575	196.8	984.0	0.3333333333333333
10471	172	0	5	0.4225	144.0	720.0	0.3333333333333333
10472	30	0	5	0.0675	28.0	140.0	0.0
10473	392	0	5	0.9725	247.2	1236.0	0.6666666666666666
10474	250	0	5	0.6175	109.8	549.0	0.6666666666666666
10475	236	0	5	0.5825	58.0	290.0	0.6666666666666666
10476	323	0	5	0.8	99.4	497.0	0.6666666666666666
10477	230	0	5	0.5675	228.0	1140.0	0.3333333333333333
10478	382	0	5	0.9475	182.6	913.0	0.6666666666666666
10479	105	0	5	0.255	87.4	437.0	0.0
10480	294	0	5	0.7275	124.6	623.0	0.3333333333333333
10481	290	0	5	0.7175	114.4	572.0	0.6666666666666666
10482	338	0	5	0.8375	213.0	1065.0	0.3333333333333333
10483	148	0	5	0.3625	52.2	261.0	0.0
10484	260	0	5	0.6425	142.2	711.0	0.3333333333333333
10485	39	0	5	0.09	17.8	89.0	0.3333333333333333
10486	294	0	5	0.7275	108.4	542.0	0.6666666666666666
10487	327	0	5	0.81	253.8	1269.0	0.3333333333333333
10488	127	0	5	0.31	125.0	625.0	0.0
10489	246	0	5	0.6075	228.8	1144.0	0.3333333333333333
10490	170	0	5	0.4175	107.2	536.0	0.3333333333333333
10491	261	0	5	0.645	155.8	779.0	0.3333333333333333
10492	320	0	5	0.7925	194.8	974.0	0.3333333333333333
10493	236	0	5	0.5825	182.2	911.0	0.3333333333333333
10494	202	0	5	0.4975	141.4	707.0	0.3333333333333333
10495	126	0	5	0.3075	70.8	354.0	0.3333333333333333
10496	4	0	5	0.0025	2.0	10.0	0.0
10497	160	0	5	0.3925	141.8	709.0	0.0
10498	182	0	5	0.4475	140.4	702.0	0.6666666666666666
10499	296	0	5	0.7325	233.6	1168.0	0.3333333333333333
10500	32	0	5	0.0725	30.0	150.0	0.0
10501	219	1	4	0.545	110.2	551.0	1.0
10502	334	0	5	0.8275	186.2	931.0	0.6666666666666666
10503	138	0	5	0.3375	111.6	558.0	0.6666666666666666
10504	305	0	5	0.755	106.8	534.0	0.6666666666666666
10505	39	0	5	0.09	18.6	93.0	0.3333333333333333
10506	178	0	5	0.4375	108.2	541.0	0.3333333333333333
10507	216	0	5	0.5325	182.4	912.0	0.3333333333333333
10508	283	0	5	0.7	191.8	959.0	0.3333333333333333
10509	316	0	5	0.7825	232.0	1160.0	0.3333333333333333
10510	382	0	5	0.9475	292.8	1464.0	0.6666666666666666
10511	271	0	5	0.67	109.0	545.0	0.6666666666666666
10512	297	0	5	0.735	156.0	780.0	0.6666666666666666
10513	339	0	5	0.84	282.4	1412.0	0.6666666666666666
10514	160	1	4	0.3975	96.0	480.0	1.0
10515	21	0	5	0.045	19.0	95.0	0.0
10516	342	1	4	0.8525	290.0	1450.0	1.0
10517	369	0	5	0.915	103.0	515.0	0.6666666666666666
10518	71	0	5	0.17	69.0	345.0	0.0
10519	319	0	5	0.79	186.6	933.0	0.6666666666666666
10520	143	0	5	0.35	89.4	447.0	0.3333333333333333
10521	220	1	4	0.5475	133.6	668.0	1.0
10522	102	0	5	0.2475	100.0	500.0	0.0
10523	401	0	4	0.9975	245.0	1225.0	0.6666666666666666
10524	217	0	5	0.535	173.6	868.0	0.0
10525	226	0	5	0.5575	118.6	593.0	0.3333333333333333
10526	303	0	5	0.75	171.4	857.0	0.3333333333333333
10527	209	0	5	0.515	128.6	643.0	0.0
10528	36	0	5	0.0825	34.0	170.0	0.0
10529	284	0	5	0.7025	141.2	706.0	0.6666666666666666
10530	81	0	5	0.195	67.0	335.0	0.0
10531	91	0	5	0.22	50.6	253.0	0.3333333333333333
10532	359	0	5	0.89	276.0	1380.0	0.6666666666666666
10533	379	0	5	0.94	154.6	773.0	0.6666666666666666
10534	330	1	4	0.8225	176.4	882.0	1.0
10535	386	1	4	0.9625	143.6	718.0	1.0
10536	105	0	5	0.255	27.8	139.0	0.3333333333333333
10537	264	0	5	0.6525	151.4	757.0	0.3333333333333333
10538	135	0	5	0.33	107.4	537.0	0.3333333333333333
10539	175	0	5	0.43	139.4	697.0	0.3333333333333333
10540	24	0	5	0.0525	22.0	110.0	0.0
10541	110	0	5	0.2675	105.2	526.0	0.3333333333333333
10542	342	1	4	0.8525	111.8	559.0	1.0
10543	251	0	5	0.62	236.2	1181.0	0.3333333333333333
10544	168	0	5	0.4125	87.2	436.0	0.6666666666666666
10545	246	0	5	0.6075	172.0	860.0	0.6666666666666666
10546	25	0	5	0.055	23.0	115.0	0.0
10547	108	0	5	0.2625	106.0	530.0	0.0
10548	279	1	4	0.695	97.4	487.0	1.0
10549	344	0	5	0.8525	231.6	1158.0	0.3333333333333333
10550	316	0	5	0.7825	275.0	1375.0	0.6666666666666666
10551	19	0	5	0.04	17.0	85.0	0.0
10552	107	0	5	0.26	78.6	393.0	0.0
10553	150	0	5	0.3675	144.4	722.0	0.0
10554	211	0	5	0.52	126.6	633.0	0.3333333333333333
10555	356	0	5	0.8825	185.4	927.0	0.6666666666666666
10556	149	0	5	0.365	68.6	343.0	0.3333333333333333
10557	319	0	5	0.79	262.8	1314.0	0.3333333333333333
10558	291	0	5	0.72	185.4	927.0	0.3333333333333333
10559	75	0	5	0.18	72.6	363.0	0.0
10560	208	0	5	0.5125	172.2	861.0	0.3333333333333333
10561	49	0	5	0.115	30.8	154.0	0.3333333333333333
10562	165	0	5	0.405	98.8	494.0	0.6666666666666666
10563	136	0	5	0.3325	125.2	626.0	0.0
10564	74	0	5	0.1775	54.4	272.0	0.3333333333333333
10565	212	0	5	0.5225	110.4	552.0	0.6666666666666666
10566	91	0	5	0.22	89.0	445.0	0.0
10567	172	0	5	0.4225	112.2	561.0	0.3333333333333333
10568	18	0	5	0.0375	16.0	80.0	0.0
10569	26	0	5	0.0575	12.0	60.0	0.3333333333333333
10570	195	0	5	0.48	139.8	699.0	0.3333333333333333
10571	336	1	4	0.8375	218.0	1090.0	1.0
10572	356	0	5	0.8825	175.6	878.0	0.6666666666666666
10573	379	0	5	0.94	125.4	627.0	0.6666666666666666
10574	135	0	5	0.33	133.0	665.0	0.0
10575	161	0	5	0.395	139.4	697.0	0.3333333333333333
10576	215	0	5	0.53	141.6	708.0	0.0
10577	190	0	5	0.4675	69.6	348.0	0.6666666666666666
10578	191	1	4	0.475	122.6	613.0	1.0
10579	367	0	5	0.91	189.2	946.0	0.6666666666666666
10580	130	0	5	0.3175	128.0	640.0	0.0
10581	376	0	5	0.9325	304.8	1524.0	0.6666666666666666
10582	234	0	5	0.5775	225.4	1127.0	0.0
10583	19	0	5	0.04	15.2	76.0	0.3333333333333333
10584	146	0	5	0.3575	115.8	579.0	0.0
10585	358	0	5	0.8875	115.8	579.0	0.6666666666666666
10586	199	0	5	0.49	190.4	952.0	0.3333333333333333
10587	401	0	5	0.995	145.4	727.0	0.6666666666666666
10588	9	0	5	0.015	7.0	35.0	0.0
10589	234	0	5	0.5775	223.4	1117.0	0.3333333333333333
10590	144	0	5	0.3525	142.0	710.0	0.0
10591	379	1	4	0.945	197.0	985.0	1.0
10592	264	0	5	0.6525	172.6	863.0	0.6666666666666666
10593	4	0	5	0.0025	2.0	10.0	0.0
10594	165	0	5	0.405	60.4	302.0	0.0
10595	392	0	5	0.9725	185.0	925.0	0.6666666666666666
10596	167	0	5	0.41	165.0	825.0	0.0
10597	207	0	5	0.51	187.8	939.0	0.3333333333333333
10598	18	0	5	0.0375	16.0	80.0	0.0
10599	61	0	5	0.145	28.4	142.0	0.0
10600	16	0	5	0.0325	14.0	70.0	0.0
10601	218	0	5	0.5375	70.4	352.0	0.6666666666666666
10602	148	0	5	0.3625	42.8	214.0	0.3333333333333333
10603	228	0	5	0.5625	183.4	917.0	0.6666666666666666
10604	73	0	5	0.175	25.8	129.0	0.6666666666666666
10605	198	0	5	0.4875	175.8	879.0	0.3333333333333333
10606	55	0	5	0.13	53.0	265.0	0.0
10607	224	1	4	0.5575	118.0	590.0	1.0
10608	365	1	4	0.91	308.2	1541.0	1.0
10609	217	0	5	0.535	183.8	919.0	0.3333333333333333
10610	306	0	5	0.7575	261.0	1305.0	0.6666666666666666
10611	259	0	5	0.64	154.8	774.0	0.6666666666666666
10612	139	1	4	0.345	128.0	640.0	1.0
10613	282	0	5	0.6975	218.0	1090.0	0.3333333333333333
10614	177	0	5	0.435	113.8	569.0	0.3333333333333333
10615	110	0	5	0.2675	29.6	148.0	0.0
10616	241	0	5	0.595	159.6	798.0	0.3333333333333333
10617	165	0	5	0.405	99.4	497.0	0.0
10618	369	0	5	0.915	274.0	1370.0	0.6666666666666666
10619	392	0	5	0.9725	113.6	568.0	0.6666666666666666
10620	36	0	5	0.0825	34.0	170.0	0.0
10621	360	0	5	0.8925	96.0	480.0	0.6666666666666666
10622	342	1	4	0.8525	202.8	1014.0	1.0
10623	150	0	5	0.3675	148.0	740.0	0.0
10624	342	0	5	0.8475	162.6	813.0	0.6666666666666666
10625	122	0	5	0.2975	84.0	420.0	0.3333333333333333
10626	372	0	5	0.9225	163.6	818.0	0.6666666666666666
10627	203	0	5	0.5	170.8	854.0	0.3333333333333333
10628	327	1	4	0.815	119.8	599.0	1.0
10629	304	1	4	0.7575	186.0	930.0	1.0
10630	208	1	4	0.5175	170.8	854.0	1.0
10631	212	1	4	0.5275	51.2	256.0	1.0
10632	350	0	5	0.8675	200.4	1002.0	0.3333333333333333
10633	125	0	5	0.305	96.4	482.0	0.6666666666666666
10634	78	0	5	0.1875	61.4	307.0	0.3333333333333333
10635	372	1	4	0.9275	101.6	508.0	1.0
10636	175	0	5	0.43	162.2	811.0	0.0
10637	179	0	5	0.44	132.8	664.0	0.6666666666666666
10638	271	0	5	0.67	134.4	672.0	0.3333333333333333
10639	41	0	5	0.095	26.6	133.0	0.3333333333333333
10640	132	0	5	0.3225	75.2	376.0	0.0
10641	6	0	5	0.0075	4.0	20.0	0.0
10642	266	0	5	0.6575	128.0	640.0	0.6666666666666666
10643	94	0	5	0.2275	61.6	308.0	0.3333333333333333
10644	139	1	4	0.345	95.8	479.0	1.0
10645	371	0	5	0.92	237.2	1186.0	0.6666666666666666
10646	289	0	5	0.715	240.2	1201.0	0.6666666666666666
10647	33	0	5	0.075	29.8	149.0	0.0
10648	206	0	5	0.5075	70.4	352.0	0.6666666666666666
10649	345	0	5	0.855	227.8	1139.0	0.6666666666666666
10650	383	1	4	0.955	259.4	1297.0	1.0
10651	97	0	5	0.235	87.4	437.0	0.0
10652	66	0	5	0.1575	53.8	269.0	0.3333333333333333
10653	329	0	5	0.815	113.8	569.0	0.6666666666666666
10654	390	1	4	0.9725	120.6	603.0	1.0
10655	130	0	5	0.3175	113.6	568.0	0.3333333333333333
10656	267	0	5	0.66	116.2	581.0	0.6666666666666666
10657	99	0	5	0.24	49.6	248.0	0.6666666666666666
10658	33	0	5	0.075	23.4	117.0	0.3333333333333333
10659	53	0	5	0.125	43.0	215.0	0.3333333333333333
10660	237	0	5	0.585	213.4	1067.0	0.3333333333333333
10661	110	0	5	0.2675	89.4	447.0	0.0
10662	194	0	5	0.4775	125.6	628.0	0.3333333333333333
10663	93	0	5	0.225	91.0	455.0	0.0
10664	280	0	5	0.6925	90.4	452.0	0.6666666666666666
10665	47	0	5	0.11	45.0	225.0	0.0
10666	139	1	4	0.345	62.2	311.0	1.0
10667	392	0	5	0.9725	196.0	980.0	0.6666666666666666
10668	96	0	5	0.2325	94.0	470.0	0.0
10669	205	0	5	0.505	120.2	601.0	0.3333333333333333
10670	323	0	5	0.8	189.0	945.0	0.3333333333333333
10671	353	1	4	0.88	225.4	1127.0	1.0
10672	40	0	5	0.0925	27.6	138.0	0.3333333333333333
10673	32	0	5	0.0725	30.0	150.0	0.0
10674	214	0	5	0.5275	165.4	827.0	0.6666666666666666
10675	338	0	5	0.8375	120.6	603.0	0.6666666666666666
10676	235	0	5	0.58	140.6	703.0	0.3333333333333333
10677	315	0	5	0.78	119.8	599.0	0.3333333333333333
10678	398	1	4	0.9925	215.0	1075.0	1.0
10679	211	0	5	0.52	107.4	537.0	0.6666666666666666
10680	324	1	4	0.8075	132.6	663.0	1.0
10681	268	0	5	0.6625	113.0	565.0	0.6666666666666666
10682	89	0	5	0.215	26.2	131.0	0.3333333333333333
10683	376	1	4	0.9375	137.6	688.0	1.0
10684	135	0	5	0.33	81.4	407.0	0.0
10685	168	1	4	0.4175	114.2	571.0	1.0
10686	378	0	5	0.9375	189.8	949.0	0.6666666666666666
10687	292	0	5	0.7225	247.6	1238.0	0.0
10688	243	0	5	0.6	53.0	265.0	0.6666666666666666
10689	320	0	5	0.7925	184.6	923.0	0.6666666666666666
10690	86	0	5	0.2075	36.6	183.0	0.0
10691	163	0	5	0.4	141.8	709.0	0.3333333333333333
10692	131	1	4	0.325	91.8	459.0	1.0
10693	200	0	5	0.4925	180.4	902.0	0.0
10694	289	0	5	0.715	139.6	698.0	0.6666666666666666
10695	335	0	5	0.83	178.8	894.0	0.3333333333333333
10696	209	0	5	0.515	148.8	744.0	0.6666666666666666
10697	196	0	5	0.4825	130.0	650.0	0.3333333333333333
10698	109	0	5	0.265	53.8	269.0	0.6666666666666666
10699	289	0	5	0.715	117.8	589.0	0.6666666666666666
10700	82	0	5	0.1975	80.0	400.0	0.0
10701	71	0	5	0.17	69.0	345.0	0.0
10702	108	0	5	0.2625	36.4	182.0	0.3333333333333333
10703	212	0	5	0.5225	91.8	459.0	0.3333333333333333
10704	106	0	5	0.2575	44.8	224.0	0.3333333333333333
10705	175	0	5	0.43	106.6	533.0	0.3333333333333333
10706	111	0	5	0.27	83.4	417.0	0.3333333333333333
10707	148	0	5	0.3625	101.0	505.0	0.3333333333333333
10708	291	0	5	0.72	205.0	1025.0	0.3333333333333333
10709	233	0	5	0.575	141.0	705.0	0.3333333333333333
10710	256	0	5	0.6325	148.8	744.0	0.3333333333333333
10711	357	1	4	0.89	201.2	1006.0	1.0
10712	343	0	5	0.85	144.2	721.0	0.6666666666666666
10713	231	0	5	0.57	117.8	589.0	0.3333333333333333
10714	241	0	5	0.595	219.4	1097.0	0.0
10715	69	0	5	0.165	67.0	335.0	0.0
10716	300	1	4	0.7475	185.4	927.0	1.0
10717	95	0	5	0.23	42.0	210.0	0.0
10718	278	0	5	0.6875	258.4	1292.0	0.0
10719	151	0	5	0.37	138.6	693.0	0.0
10720	221	1	4	0.55	105.8	529.0	1.0
10721	342	0	5	0.8475	265.4	1327.0	0.3333333333333333
10722	239	1	4	0.595	71.0	355.0	1.0
10723	303	1	4	0.755	206.4	1032.0	1.0
10724	62	0	5	0.1475	37.6	188.0	0.0
10725	194	0	5	0.4775	123.2	616.0	0.3333333333333333
10726	283	0	5	0.7	195.0	975.0	0.6666666666666666
10727	25	0	5	0.055	11.8	59.0	0.3333333333333333
10728	294	0	5	0.7275	110.6	553.0	0.6666666666666666
10729	275	0	5	0.68	197.4	987.0	0.6666666666666666
10730	5	0	5	0.005	0.6	3.0	0.0
10731	230	0	5	0.5675	71.6	358.0	0.3333333333333333
10732	224	0	5	0.5525	103.6	518.0	0.3333333333333333
10733	230	0	5	0.5675	109.0	545.0	0.6666666666666666
10734	372	0	5	0.9225	270.6	1353.0	0.6666666666666666
10735	74	0	5	0.1775	38.4	192.0	0.3333333333333333
10736	92	0	5	0.2225	75.0	375.0	0.3333333333333333
10737	33	0	5	0.075	31.0	155.0	0.0
10738	309	0	5	0.765	143.2	716.0	0.3333333333333333
10739	198	0	5	0.4875	121.6	608.0	0.3333333333333333
10740	241	0	5	0.595	216.0	1080.0	0.0
10741	309	1	4	0.77	153.4	767.0	1.0
10742	248	0	5	0.6125	130.0	650.0	0.6666666666666666
10743	155	0	5	0.38	153.0	765.0	0.3333333333333333
10744	310	1	4	0.7725	262.2	1311.0	1.0
10745	236	0	5	0.5825	66.0	330.0	0.3333333333333333
10746	7	0	5	0.01	5.0	25.0	0.0
10747	354	0	5	0.8775	244.0	1220.0	0.3333333333333333
10748	57	0	5	0.135	50.6	253.0	0.0
10749	70	0	5	0.1675	68.0	340.0	0.0
10750	177	0	5	0.435	133.0	665.0	0.3333333333333333
10751	37	0	5	0.085	35.0	175.0	0.0
10752	97	0	5	0.235	47.0	235.0	0.0
10753	132	0	5	0.3225	121.6	608.0	0.0
10754	99	0	5	0.24	37.8	189.0	0.3333333333333333
10755	17	0	5	0.035	15.0	75.0	0.0
10756	284	1	4	0.7075	224.4	1122.0	1.0
10757	138	0	5	0.3375	112.0	560.0	0.0
10758	230	0	5	0.5675	133.0	665.0	0.3333333333333333
10759	46	0	5	0.1075	39.2	196.0	0.3333333333333333
10760	227	0	5	0.56	72.2	361.0	0.6666666666666666
10761	221	1	4	0.55	126.0	630.0	1.0
10762	158	0	5	0.3875	116.4	582.0	0.0
10763	258	0	5	0.6375	133.2	666.0	0.3333333333333333
10764	154	0	5	0.3775	68.8	344.0	0.3333333333333333
10765	53	0	5	0.125	51.0	255.0	0.0
10766	38	0	5	0.0875	36.0	180.0	0.0
10767	30	0	5	0.0675	21.2	106.0	0.0
10768	177	0	5	0.435	74.6	373.0	0.6666666666666666
10769	222	0	5	0.5475	152.6	763.0	0.3333333333333333
10770	259	0	5	0.64	217.0	1085.0	0.3333333333333333
10771	47	0	5	0.11	30.0	150.0	0.0
10772	99	0	5	0.24	87.0	435.0	0.0
10773	151	0	5	0.37	131.0	655.0	0.3333333333333333
10774	292	0	5	0.7225	127.4	637.0	0.3333333333333333
10775	396	0	5	0.9825	220.0	1100.0	0.6666666666666666
10776	182	0	5	0.4475	157.2	786.0	0.0
10777	209	0	5	0.515	124.6	623.0	0.6666666666666666
10778	346	0	5	0.8575	177.6	888.0	0.6666666666666666
10779	163	0	5	0.4	145.4	727.0	0.3333333333333333
10780	166	0	5	0.4075	111.2	556.0	0.6666666666666666
10781	300	0	5	0.7425	264.0	1320.0	0.0
10782	94	0	5	0.2275	43.2	216.0	0.3333333333333333
10783	229	0	5	0.565	137.4	687.0	0.6666666666666666
10784	364	0	5	0.9025	197.4	987.0	0.6666666666666666
10785	177	0	5	0.435	75.8	379.0	0.3333333333333333
10786	323	0	5	0.8	200.2	1001.0	0.6666666666666666
10787	243	0	5	0.6	112.6	563.0	0.6666666666666666
10788	375	0	5	0.93	142.2	711.0	0.6666666666666666
10789	209	0	5	0.515	54.2	271.0	0.0
10790	188	0	5	0.4625	155.2	776.0	0.3333333333333333
10791	225	0	5	0.555	89.6	448.0	0.0
10792	118	0	5	0.2875	66.4	332.0	0.3333333333333333
10793	173	0	5	0.425	96.6	483.0	0.3333333333333333
10794	240	0	5	0.5925	186.8	934.0	0.3333333333333333
10795	254	0	5	0.6275	165.6	828.0	0.6666666666666666
10796	114	0	5	0.2775	49.6	248.0	0.3333333333333333
10797	269	0	5	0.665	103.6	518.0	0.6666666666666666
10798	182	0	5	0.4475	136.4	682.0	0.3333333333333333
10799	188	0	5	0.4625	136.0	680.0	0.3333333333333333
10800	139	1	4	0.345	75.8	379.0	1.0
10801	259	0	5	0.64	138.2	691.0	0.0
10802	224	0	5	0.5525	136.8	684.0	0.3333333333333333
10803	149	0	5	0.365	81.8	409.0	0.6666666666666666
10804	377	1	4	0.94	319.0	1595.0	1.0
10805	104	0	5	0.2525	102.0	510.0	0.0
10806	64	0	5	0.1525	62.0	310.0	0.0
10807	384	0	5	0.9525	144.4	722.0	0.6666666666666666
10808	159	0	5	0.39	143.4	717.0	0.3333333333333333
10809	210	0	5	0.5175	169.2	846.0	0.0
10810	332	1	4	0.8275	179.8	899.0	1.0
10811	185	0	5	0.455	106.2	531.0	0.6666666666666666
10812	201	0	5	0.495	189.0	945.0	0.3333333333333333
10813	131	0	5	0.32	106.8	534.0	0.0
10814	5	0	5	0.005	3.0	15.0	0.0
10815	215	0	5	0.53	132.6	663.0	0.6666666666666666
10816	186	0	5	0.4575	136.4	682.0	0.3333333333333333
10817	225	0	5	0.555	153.0	765.0	0.3333333333333333
10818	253	0	5	0.625	192.0	960.0	0.3333333333333333
10819	80	0	5	0.1925	76.8	384.0	0.0
10820	380	1	4	0.9475	212.0	1060.0	1.0
10821	98	0	5	0.2375	76.8	384.0	0.6666666666666666
10822	55	0	5	0.13	33.8	169.0	0.3333333333333333
10823	95	0	5	0.23	23.4	117.0	0.3333333333333333
10824	392	1	4	0.9775	161.8	809.0	1.0
10825	94	0	5	0.2275	34.4	172.0	0.3333333333333333
10826	160	0	5	0.3925	92.0	460.0	0.3333333333333333
10827	309	0	5	0.765	255.4	1277.0	0.3333333333333333
10828	350	0	5	0.8675	166.0	830.0	0.6666666666666666
10829	163	0	5	0.4	115.0	575.0	0.3333333333333333
10830	112	0	5	0.2725	110.0	550.0	0.0
10831	124	0	5	0.3025	102.8	514.0	0.6666666666666666
10832	71	0	5	0.17	16.2	81.0	0.3333333333333333
10833	206	0	5	0.5075	139.4	697.0	0.3333333333333333
10834	334	0	5	0.8275	203.8	1019.0	0.6666666666666666
10835	398	0	5	0.9875	231.2	1156.0	0.6666666666666666
10836	372	0	5	0.9225	144.4	722.0	0.6666666666666666
10837	389	0	5	0.965	143.0	715.0	0.6666666666666666
10838	263	0	5	0.65	195.6	978.0	0.6666666666666666
10839	157	0	5	0.385	93.8	469.0	0.3333333333333333
10840	382	0	5	0.9475	145.0	725.0	0.6666666666666666
10841	357	0	5	0.885	145.2	726.0	0.6666666666666666
10842	32	0	5	0.0725	30.0	150.0	0.0
10843	270	1	4	0.6725	127.6	638.0	1.0
10844	253	0	5	0.625	244.6	1223.0	0.3333333333333333
10845	135	0	5	0.33	80.6	403.0	0.3333333333333333
10846	93	0	5	0.225	40.6	203.0	0.3333333333333333
10847	17	0	5	0.035	14.4	72.0	0.3333333333333333
10848	43	0	5	0.1	20.0	100.0	0.3333333333333333
10849	168	0	5	0.4125	161.2	806.0	0.0
10850	25	0	5	0.055	16.6	83.0	0.3333333333333333
10851	166	0	5	0.4075	164.0	820.0	0.0
10852	370	0	5	0.9175	222.4	1112.0	0.6666666666666666
10853	84	0	5	0.2025	56.8	284.0	0.0
10854	340	0	5	0.8425	270.4	1352.0	0.3333333333333333
10855	113	0	5	0.275	111.0	555.0	0.0
10856	270	0	5	0.6675	208.8	1044.0	0.6666666666666666
10857	201	0	5	0.495	82.0	410.0	0.0
10858	223	0	5	0.55	194.6	973.0	0.0
10859	168	0	5	0.4125	158.0	790.0	0.6666666666666666
10860	141	0	5	0.345	139.0	695.0	0.0
10861	273	0	5	0.675	189.4	947.0	0.6666666666666666
10862	228	0	5	0.5625	226.0	1130.0	0.0
10863	180	0	5	0.4425	160.0	800.0	0.3333333333333333
10864	245	0	5	0.605	198.8	994.0	0.6666666666666666
10865	229	0	5	0.565	140.6	703.0	0.3333333333333333
10866	368	0	5	0.9125	208.8	1044.0	0.3333333333333333
10867	368	0	5	0.9125	128.0	640.0	0.6666666666666666
10868	9	0	5	0.015	7.0	35.0	0.0
10869	115	0	5	0.28	55.6	278.0	0.3333333333333333
10870	268	0	5	0.6625	226.4	1132.0	0.3333333333333333
10871	338	0	5	0.8375	244.0	1220.0	0.6666666666666666
10872	344	0	5	0.8525	170.2	851.0	0.6666666666666666
10873	60	0	5	0.1425	26.2	131.0	0.3333333333333333
10874	333	0	5	0.825	112.2	561.0	0.0
10875	237	0	5	0.585	117.6	588.0	0.3333333333333333
10876	98	0	5	0.2375	53.4	267.0	0.0
10877	5	0	5	0.005	3.0	15.0	0.0
10878	345	0	5	0.855	219.4	1097.0	0.6666666666666666
10879	258	1	4	0.6425	124.4	622.0	1.0
10880	95	0	5	0.23	60.6	303.0	0.3333333333333333
10881	394	0	5	0.9775	136.8	684.0	0.6666666666666666
10882	275	1	4	0.685	172.0	860.0	1.0
10883	86	0	5	0.2075	68.8	344.0	0.0
10884	381	0	5	0.945	101.0	505.0	0.6666666666666666
10885	16	0	5	0.0325	14.0	70.0	0.0
10886	145	0	5	0.355	131.6	658.0	0.0
10887	256	0	5	0.6325	148.4	742.0	0.0
10888	254	1	4	0.6325	144.8	724.0	1.0
10889	109	0	5	0.265	28.6	143.0	0.3333333333333333
10890	263	0	5	0.65	64.2	321.0	0.6666666666666666
10891	314	0	5	0.7775	116.8	584.0	0.6666666666666666
10892	87	0	5	0.21	70.2	351.0	0.3333333333333333
10893	209	0	5	0.515	166.8	834.0	0.3333333333333333
10894	243	0	5	0.6	174.0	870.0	0.6666666666666666
10895	323	0	5	0.8	193.0	965.0	0.6666666666666666
10896	259	0	5	0.64	189.8	949.0	0.6666666666666666
10897	223	0	5	0.55	197.8	989.0	0.3333333333333333
10898	190	0	5	0.4675	161.2	806.0	0.6666666666666666
10899	262	0	5	0.6475	179.6	898.0	0.3333333333333333
10900	143	0	5	0.35	126.6	633.0	0.3333333333333333
10901	171	0	5	0.42	169.0	845.0	0.0
10902	192	0	5	0.4725	121.2	606.0	0.3333333333333333
10903	279	0	5	0.69	121.0	605.0	0.6666666666666666
10904	232	0	5	0.5725	121.2	606.0	0.3333333333333333
10905	241	0	5	0.595	113.4	567.0	0.3333333333333333
10906	162	0	5	0.3975	160.0	800.0	0.0
10907	314	0	5	0.7775	199.0	995.0	0.3333333333333333
10908	113	0	5	0.275	111.0	555.0	0.0
10909	184	0	5	0.4525	179.6	898.0	0.0
10910	228	0	5	0.5625	223.0	1115.0	0.0
10911	53	0	5	0.125	50.0	250.0	0.3333333333333333
10912	401	0	4	0.9975	159.2	796.0	0.6666666666666666
10913	267	0	5	0.66	173.0	865.0	0.3333333333333333
10914	334	0	5	0.8275	136.0	680.0	0.6666666666666666
10915	217	0	5	0.535	147.8	739.0	0.3333333333333333
10916	296	0	5	0.7325	66.8	334.0	0.6666666666666666
10917	214	0	5	0.5275	211.2	1056.0	0.3333333333333333
10918	149	0	5	0.365	93.4	467.0	0.3333333333333333
10919	120	0	5	0.2925	101.8	509.0	0.0
10920	312	0	5	0.7725	185.6	928.0	0.6666666666666666
10921	331	1	4	0.825	119.8	599.0	1.0
10922	127	0	5	0.31	63.8	319.0	0.0
10923	317	1	4	0.79	168.4	842.0	1.0
10924	46	0	5	0.1075	44.0	220.0	0.0
10925	80	0	5	0.1925	75.2	376.0	0.0
10926	29	0	5	0.065	27.0	135.0	0.0
10927	130	0	5	0.3175	128.0	640.0	0.0
10928	144	0	5	0.3525	83.8	419.0	0.3333333333333333
10929	360	0	5	0.8925	169.4	847.0	0.6666666666666666
10930	176	0	5	0.4325	135.0	675.0	0.3333333333333333
10931	266	0	5	0.6575	220.8	1104.0	0.3333333333333333
10932	328	1	4	0.8175	107.2	536.0	1.0
10933	324	0	5	0.8025	232.4	1162.0	0.6666666666666666
10934	345	0	5	0.855	202.8	1014.0	0.6666666666666666
10935	292	1	4	0.7275	195.0	975.0	1.0
10936	80	0	5	0.1925	33.4	167.0	0.3333333333333333
10937	163	0	5	0.4	115.4	577.0	0.3333333333333333
10938	269	0	5	0.665	135.4	677.0	0.3333333333333333
10939	226	0	5	0.5575	203.2	1016.0	0.0
10940	29	0	5	0.065	27.0	135.0	0.0
10941	343	1	4	0.855	180.8	904.0	1.0
10942	118	0	5	0.2875	106.4	532.0	0.0
10943	337	1	4	0.84	131.8	659.0	1.0
10944	351	0	5	0.87	175.0	875.0	0.3333333333333333
10945	76	0	5	0.1825	50.4	252.0	0.0
10946	187	0	5	0.46	130.8	654.0	0.0
10947	387	0	5	0.96	226.0	1130.0	0.6666666666666666
10948	82	0	5	0.1975	80.0	400.0	0.0
10949	307	0	5	0.76	156.2	781.0	0.6666666666666666
10950	299	0	5	0.74	241.0	1205.0	0.3333333333333333
10951	313	0	5	0.775	234.4	1172.0	0.6666666666666666
10952	158	0	5	0.3875	71.0	355.0	0.6666666666666666
10953	296	0	5	0.7325	157.2	786.0	0.6666666666666666
10954	122	0	5	0.2975	33.6	168.0	0.3333333333333333
10955	172	0	5	0.4225	105.2	526.0	0.6666666666666666
10956	167	0	5	0.41	53.8	269.0	0.3333333333333333
10957	105	1	4	0.26	42.8	214.0	1.0
10958	366	0	5	0.9075	240.8	1204.0	0.6666666666666666
10959	146	1	4	0.3625	57.2	286.0	1.0
10960	84	0	5	0.2025	41.2	206.0	0.0
10961	98	0	5	0.2375	96.0	480.0	0.0
10962	49	0	5	0.115	39.6	198.0	0.3333333333333333
10963	163	0	5	0.4	130.8	654.0	0.0
10964	390	0	5	0.9675	266.4	1332.0	0.3333333333333333
10965	123	0	5	0.3	71.0	355.0	0.3333333333333333
10966	168	0	5	0.4125	166.0	830.0	0.3333333333333333
10967	93	0	5	0.225	91.0	455.0	0.0
10968	229	0	5	0.565	123.2	616.0	0.3333333333333333
10969	355	0	5	0.88	174.0	870.0	0.6666666666666666
10970	277	0	5	0.685	211.4	1057.0	0.6666666666666666
10971	188	0	5	0.4625	129.2	646.0	0.3333333333333333
10972	304	1	4	0.7575	161.6	808.0	1.0
10973	381	0	5	0.945	98.2	491.0	0.6666666666666666
10974	118	0	5	0.2875	87.2	436.0	0.0
10975	317	0	5	0.785	92.6	463.0	0.3333333333333333
10976	137	0	5	0.335	39.8	199.0	0.3333333333333333
10977	134	0	5	0.3275	65.4	327.0	0.3333333333333333
10978	263	0	5	0.65	160.0	800.0	0.6666666666666666
10979	153	0	5	0.375	57.4	287.0	0.3333333333333333
10980	312	0	5	0.7725	135.2	676.0	0.3333333333333333
10981	193	0	5	0.475	191.0	955.0	0.0
10982	64	0	5	0.1525	62.0	310.0	0.0
10983	94	0	5	0.2275	45.6	228.0	0.3333333333333333
10984	252	0	5	0.6225	170.4	852.0	0.6666666666666666
10985	303	0	5	0.75	180.4	902.0	0.3333333333333333
10986	202	0	5	0.4975	191.0	955.0	0.0
10987	352	0	5	0.8725	238.8	1194.0	0.6666666666666666
10988	10	0	5	0.0175	8.0	40.0	0.0
10989	307	0	5	0.76	203.0	1015.0	0.6666666666666666
10990	207	0	5	0.51	153.0	765.0	0.3333333333333333
10991	164	1	4	0.4075	103.8	519.0	1.0
10992	313	0	5	0.775	246.6	1233.0	0.6666666666666666
10993	260	0	5	0.6425	253.2	1266.0	0.3333333333333333
10994	13	0	5	0.025	5.4	27.0	0.0
10995	185	0	5	0.455	95.0	475.0	0.6666666666666666
10996	95	0	5	0.23	82.2	411.0	0.3333333333333333
10997	71	0	5	0.17	38.4	192.0	0.3333333333333333
10998	301	0	5	0.745	187.2	936.0	0.6666666666666666
10999	91	0	5	0.22	73.8	369.0	0.3333333333333333
11000	96	0	5	0.2325	74.0	370.0	0.3333333333333333
11001	67	0	5	0.16	65.0	325.0	0.0
11002	224	0	5	0.5525	135.6	678.0	0.6666666666666666
11003	322	0	5	0.7975	285.2	1426.0	0.3333333333333333
11004	70	0	5	0.1675	52.8	264.0	0.0
11005	236	0	5	0.5825	97.8	489.0	0.3333333333333333
11006	325	0	5	0.805	216.6	1083.0	0.6666666666666666
11007	281	0	5	0.695	112.2	561.0	0.6666666666666666
11008	148	0	5	0.3625	143.0	715.0	0.0
11009	314	0	5	0.7775	91.4	457.0	0.3333333333333333
11010	262	0	5	0.6475	254.0	1270.0	0.0
11011	123	0	5	0.3	94.6	473.0	0.6666666666666666
11012	164	0	5	0.4025	127.2	636.0	0.0
11013	261	0	5	0.645	192.6	963.0	0.3333333333333333
11014	226	0	5	0.5575	154.8	774.0	0.6666666666666666
11015	98	0	5	0.2375	66.4	332.0	0.3333333333333333
11016	322	0	5	0.7975	241.8	1209.0	0.6666666666666666
11017	170	0	5	0.4175	168.0	840.0	0.0
11018	166	0	5	0.4075	84.0	420.0	0.6666666666666666
11019	272	0	5	0.6725	142.0	710.0	0.3333333333333333
11020	355	0	5	0.88	244.2	1221.0	0.6666666666666666
11021	144	0	5	0.3525	97.2	486.0	0.3333333333333333
11022	36	0	5	0.0825	32.2	161.0	0.3333333333333333
11023	91	0	5	0.22	89.0	445.0	0.0
11024	67	0	5	0.16	65.0	325.0	0.0
11025	117	0	5	0.285	110.6	553.0	0.3333333333333333
11026	227	0	5	0.56	176.8	884.0	0.3333333333333333
11027	115	0	5	0.28	48.2	241.0	0.6666666666666666
11028	77	0	5	0.185	69.6	348.0	0.3333333333333333
11029	172	0	5	0.4225	79.2	396.0	0.3333333333333333
11030	390	0	5	0.9675	243.8	1219.0	0.3333333333333333
11031	25	0	5	0.055	23.0	115.0	0.0
11032	256	0	5	0.6325	150.4	752.0	0.6666666666666666
11033	235	0	5	0.58	145.0	725.0	0.3333333333333333
11034	148	0	5	0.3625	112.4	562.0	0.3333333333333333
11035	269	0	5	0.665	198.6	993.0	0.3333333333333333
11036	119	0	5	0.29	27.4	137.0	0.3333333333333333
11037	267	1	4	0.665	187.0	935.0	1.0
11038	78	0	5	0.1875	71.2	356.0	0.3333333333333333
11039	253	0	5	0.625	165.6	828.0	0.3333333333333333
11040	306	1	4	0.7625	128.4	642.0	1.0
11041	85	0	5	0.205	39.2	196.0	0.6666666666666666
11042	121	0	5	0.295	97.6	488.0	0.3333333333333333
11043	145	0	5	0.355	143.0	715.0	0.0
11044	318	1	4	0.7925	95.6	478.0	1.0
11045	397	0	5	0.985	331.4	1657.0	0.3333333333333333
11046	388	0	5	0.9625	219.6	1098.0	0.6666666666666666
11047	79	0	5	0.19	77.0	385.0	0.0
11048	177	0	5	0.435	166.8	834.0	0.0
11049	245	0	5	0.605	114.6	573.0	0.6666666666666666
11050	194	0	5	0.4775	126.4	632.0	0.6666666666666666
11051	158	0	5	0.3875	56.0	280.0	0.3333333333333333
11052	110	0	5	0.2675	108.0	540.0	0.0
11053	250	0	5	0.6175	108.0	540.0	0.6666666666666666
11054	187	0	5	0.46	167.0	835.0	0.0
11055	294	0	5	0.7275	168.2	841.0	0.6666666666666666
11056	75	0	5	0.18	47.0	235.0	0.3333333333333333
11057	144	0	5	0.3525	116.8	584.0	0.3333333333333333
11058	295	0	5	0.73	151.8	759.0	0.3333333333333333
11059	18	0	5	0.0375	16.0	80.0	0.0
11060	310	0	5	0.7675	164.4	822.0	0.6666666666666666
11061	143	0	5	0.35	129.0	645.0	0.3333333333333333
11062	133	0	5	0.325	112.6	563.0	0.3333333333333333
11063	73	0	5	0.175	71.0	355.0	0.0
11064	250	0	5	0.6175	191.2	956.0	0.6666666666666666
11065	156	1	4	0.3875	94.0	470.0	1.0
11066	119	0	5	0.29	99.8	499.0	0.3333333333333333
11067	257	0	5	0.635	178.2	891.0	0.6666666666666666
11068	339	0	5	0.84	203.8	1019.0	0.6666666666666666
11069	60	0	5	0.1425	58.0	290.0	0.0
11070	46	0	5	0.1075	44.0	220.0	0.0
11071	108	0	5	0.2625	26.0	130.0	0.3333333333333333
11072	218	0	5	0.5375	213.2	1066.0	0.0
11073	187	0	5	0.46	54.6	273.0	0.6666666666666666
11074	277	0	5	0.685	80.6	403.0	0.3333333333333333
11075	110	0	5	0.2675	91.6	458.0	0.0
11076	101	0	5	0.245	93.4	467.0	0.3333333333333333
11077	110	0	5	0.2675	48.0	240.0	0.6666666666666666
11078	371	0	5	0.92	189.6	948.0	0.6666666666666666
11079	35	0	5	0.08	33.0	165.0	0.0
11080	312	0	5	0.7725	136.6	683.0	0.6666666666666666
11081	312	0	5	0.7725	158.8	794.0	0.6666666666666666
11082	108	0	5	0.2625	32.8	164.0	0.6666666666666666
11083	92	0	5	0.2225	87.2	436.0	0.0
11084	82	0	5	0.1975	39.0	195.0	0.0
11085	346	0	5	0.8575	155.8	779.0	0.6666666666666666
11086	140	0	5	0.3425	73.0	365.0	0.6666666666666666
11087	99	0	5	0.24	82.0	410.0	0.3333333333333333
11088	364	0	5	0.9025	84.4	422.0	0.3333333333333333
11089	232	0	5	0.5725	154.2	771.0	0.3333333333333333
11090	256	0	5	0.6325	140.6	703.0	0.6666666666666666
11091	331	1	4	0.825	83.8	419.0	1.0
11092	79	0	5	0.19	71.4	357.0	0.3333333333333333
11093	194	0	5	0.4775	120.6	603.0	0.6666666666666666
11094	184	0	5	0.4525	142.0	710.0	0.3333333333333333
11095	320	0	5	0.7925	183.6	918.0	0.6666666666666666
11096	226	0	5	0.5575	184.8	924.0	0.3333333333333333
11097	197	0	5	0.485	170.2	851.0	0.6666666666666666
11098	54	0	5	0.1275	52.0	260.0	0.0
11099	145	0	5	0.355	87.4	437.0	0.0
11100	75	0	5	0.18	73.0	365.0	0.0
11101	341	0	5	0.845	172.2	861.0	0.6666666666666666
11102	174	0	5	0.4275	127.2	636.0	0.3333333333333333
11103	270	0	5	0.6675	137.4	687.0	0.6666666666666666
11104	123	0	5	0.3	83.6	418.0	0.3333333333333333
11105	374	0	5	0.9275	216.8	1084.0	0.6666666666666666
11106	137	0	5	0.335	107.2	536.0	0.6666666666666666
11107	14	0	5	0.0275	12.0	60.0	0.0
11108	301	0	5	0.745	163.2	816.0	0.3333333333333333
11109	311	0	5	0.77	237.4	1187.0	0.6666666666666666
11110	248	0	5	0.6125	197.2	986.0	0.3333333333333333
11111	33	0	5	0.075	31.0	155.0	0.0
11112	169	0	5	0.415	167.0	835.0	0.3333333333333333
11113	339	0	5	0.84	223.6	1118.0	0.3333333333333333
11114	218	0	5	0.5375	190.4	952.0	0.0
11115	42	1	4	0.1025	29.2	146.0	1.0
11116	143	0	5	0.35	62.4	312.0	0.3333333333333333
11117	135	0	5	0.33	102.2	511.0	0.3333333333333333
11118	95	0	5	0.23	85.2	426.0	0.3333333333333333
11119	132	0	5	0.3225	116.0	580.0	0.6666666666666666
11120	401	0	5	0.995	95.0	475.0	0.6666666666666666
11121	172	0	5	0.4225	143.4	717.0	0.6666666666666666
11122	133	0	5	0.325	131.0	655.0	0.0
11123	171	0	5	0.42	105.4	527.0	0.0
11124	270	0	5	0.6675	241.2	1206.0	0.3333333333333333
11125	401	0	5	0.995	122.4	612.0	0.6666666666666666
11126	137	0	5	0.335	103.0	515.0	0.3333333333333333
11127	267	0	5	0.66	244.2	1221.0	0.6666666666666666
11128	46	0	5	0.1075	44.0	220.0	0.0
11129	179	0	5	0.44	139.0	695.0	0.3333333333333333
11130	148	0	5	0.3625	82.8	414.0	0.3333333333333333
11131	326	0	5	0.8075	180.4	902.0	0.6666666666666666
11132	298	0	5	0.7375	89.6	448.0	0.0
11133	258	1	4	0.6425	147.6	738.0	1.0
11134	268	0	5	0.6625	222.6	1113.0	0.3333333333333333
11135	9	0	5	0.015	7.0	35.0	0.0
11136	201	0	5	0.495	171.2	856.0	0.3333333333333333
11137	364	0	5	0.9025	226.2	1131.0	0.3333333333333333
11138	209	0	5	0.515	175.4	877.0	0.3333333333333333
11139	231	0	5	0.57	173.2	866.0	0.3333333333333333
11140	33	0	5	0.075	31.0	155.0	0.0
11141	383	0	5	0.95	121.4	607.0	0.6666666666666666
11142	141	0	5	0.345	139.0	695.0	0.0
11143	8	0	5	0.0125	6.0	30.0	0.0
11144	319	0	5	0.79	221.6	1108.0	0.3333333333333333
11145	197	0	5	0.485	138.2	691.0	0.3333333333333333
11146	165	0	5	0.405	155.8	779.0	0.0
11147	251	1	4	0.625	98.6	493.0	1.0
11148	48	0	5	0.1125	33.4	167.0	0.0
11149	147	0	5	0.36	111.6	558.0	0.3333333333333333
11150	139	0	5	0.34	33.8	169.0	0.6666666666666666
11151	364	0	5	0.9025	287.6	1438.0	0.6666666666666666
11152	359	0	5	0.89	118.0	590.0	0.3333333333333333
11153	339	0	5	0.84	289.2	1446.0	0.3333333333333333
11154	339	1	4	0.845	163.4	817.0	1.0
11155	312	1	4	0.7775	308.8	1544.0	1.0
11156	44	0	5	0.1025	27.0	135.0	0.3333333333333333
11157	285	0	5	0.705	128.0	640.0	0.6666666666666666
11158	345	1	4	0.86	280.4	1402.0	1.0
11159	379	0	5	0.94	214.8	1074.0	0.6666666666666666
11160	12	0	5	0.0225	10.0	50.0	0.0
11161	84	0	5	0.2025	82.0	410.0	0.0
11162	45	0	5	0.105	41.4	207.0	0.0
11163	36	0	5	0.0825	34.0	170.0	0.0
11164	352	0	5	0.8725	246.8	1234.0	0.6666666666666666
11165	27	0	5	0.06	24.4	122.0	0.3333333333333333
11166	244	0	5	0.6025	177.2	886.0	0.3333333333333333
11167	279	0	5	0.69	230.4	1152.0	0.3333333333333333
11168	8	0	5	0.0125	6.0	30.0	0.0
11169	337	0	5	0.835	203.8	1019.0	0.6666666666666666
11170	378	0	5	0.9375	186.0	930.0	0.6666666666666666
11171	251	1	4	0.625	163.0	815.0	1.0
11172	242	0	5	0.5975	190.2	951.0	0.6666666666666666
11173	297	0	5	0.735	164.2	821.0	0.6666666666666666
11174	343	0	5	0.85	194.6	973.0	0.0
11175	178	0	5	0.4375	176.0	880.0	0.0
11176	153	0	5	0.375	74.6	373.0	0.3333333333333333
11177	56	0	5	0.1325	54.0	270.0	0.0
11178	15	0	5	0.03	13.0	65.0	0.0
11179	348	0	5	0.8625	151.4	757.0	0.0
11180	87	0	5	0.21	43.4	217.0	0.6666666666666666
11181	261	1	4	0.65	114.4	572.0	1.0
11182	270	0	5	0.6675	138.6	693.0	0.6666666666666666
11183	373	0	5	0.925	217.8	1089.0	0.6666666666666666
11184	49	0	5	0.115	30.2	151.0	0.3333333333333333
11185	92	0	5	0.2225	90.0	450.0	0.0
11186	162	0	5	0.3975	145.6	728.0	0.0
11187	81	0	5	0.195	25.4	127.0	0.3333333333333333
11188	193	0	5	0.475	118.4	592.0	0.0
11189	58	0	5	0.1375	45.2	226.0	0.0
11190	177	0	5	0.435	107.6	538.0	0.6666666666666666
11191	227	0	5	0.56	169.6	848.0	0.3333333333333333
11192	205	0	5	0.505	61.4	307.0	0.3333333333333333
11193	135	0	5	0.33	128.2	641.0	0.0
11194	130	0	5	0.3175	122.8	614.0	0.0
11195	99	0	5	0.24	52.0	260.0	0.3333333333333333
11196	31	0	5	0.07	29.0	145.0	0.0
11197	240	0	5	0.5925	177.2	886.0	0.3333333333333333
11198	180	0	5	0.4425	100.6	503.0	0.3333333333333333
11199	252	0	5	0.6225	183.6	918.0	0.6666666666666666
11200	327	0	5	0.81	218.6	1093.0	0.3333333333333333
11201	349	0	5	0.865	101.4	507.0	0.6666666666666666
11202	134	0	5	0.3275	42.6	213.0	0.3333333333333333
11203	379	0	5	0.94	129.8	649.0	0.6666666666666666
11204	137	0	5	0.335	115.4	577.0	0.0
11205	166	0	5	0.4075	46.4	232.0	0.3333333333333333
11206	182	0	5	0.4475	137.2	686.0	0.0
11207	31	0	5	0.07	29.0	145.0	0.0
11208	189	0	5	0.465	109.6	548.0	0.6666666666666666
11209	90	0	5	0.2175	64.6	323.0	0.3333333333333333
11210	354	1	4	0.8825	141.8	709.0	1.0
11211	301	0	5	0.745	211.4	1057.0	0.3333333333333333
11212	138	0	5	0.3375	129.2	646.0	0.0
11213	75	0	5	0.18	61.4	307.0	0.0
11214	247	0	5	0.61	149.8	749.0	0.3333333333333333
11215	196	0	5	0.4825	111.2	556.0	0.3333333333333333
11216	343	0	5	0.85	196.4	982.0	0.3333333333333333
11217	321	0	5	0.795	121.6	608.0	0.6666666666666666
11218	194	0	5	0.4775	104.4	522.0	0.0
11219	118	0	5	0.2875	84.4	422.0	0.0
11220	246	0	5	0.6075	125.2	626.0	0.3333333333333333
11221	142	0	5	0.3475	63.6	318.0	0.3333333333333333
11222	326	0	5	0.8075	240.6	1203.0	0.0
11223	166	0	5	0.4075	150.6	753.0	0.3333333333333333
11224	161	0	5	0.395	118.2	591.0	0.6666666666666666
11225	105	0	5	0.255	87.0	435.0	0.3333333333333333
11226	313	1	4	0.78	93.0	465.0	1.0
11227	391	0	5	0.97	319.8	1599.0	0.6666666666666666
11228	275	0	5	0.68	183.0	915.0	0.3333333333333333
11229	72	0	5	0.1725	52.4	262.0	0.3333333333333333
11230	267	0	5	0.66	209.8	1049.0	0.6666666666666666
11231	189	0	5	0.465	129.6	648.0	0.3333333333333333
11232	53	0	5	0.125	43.6	218.0	0.3333333333333333
11233	290	0	5	0.7175	209.4	1047.0	0.3333333333333333
11234	56	0	5	0.1325	54.0	270.0	0.0
11235	220	1	4	0.5475	192.8	964.0	1.0
11236	51	0	5	0.12	39.8	199.0	0.0
11237	251	0	5	0.62	249.0	1245.0	0.0
11238	136	0	5	0.3325	105.0	525.0	0.6666666666666666
11239	6	0	5	0.0075	4.0	20.0	0.0
11240	136	1	4	0.3375	30.4	152.0	1.0
11241	263	0	5	0.65	122.6	613.0	0.6666666666666666
11242	384	0	5	0.9525	135.6	678.0	0.3333333333333333
11243	84	0	5	0.2025	61.6	308.0	0.0
11244	171	0	5	0.42	103.8	519.0	0.3333333333333333
11245	159	0	5	0.39	150.4	752.0	0.3333333333333333
11246	44	0	5	0.1025	42.0	210.0	0.0
11247	141	0	5	0.345	95.8	479.0	0.3333333333333333
11248	264	1	4	0.6575	165.2	826.0	1.0
11249	170	0	5	0.4175	168.0	840.0	0.0
11250	193	0	5	0.475	191.0	955.0	0.0
11251	362	0	5	0.8975	198.2	991.0	0.3333333333333333
11252	238	1	4	0.5925	180.8	904.0	1.0
11253	148	0	5	0.3625	72.2	361.0	0.3333333333333333
11254	251	0	5	0.62	140.6	703.0	0.3333333333333333
11255	304	0	5	0.7525	205.4	1027.0	0.6666666666666666
11256	256	0	5	0.6325	100.0	500.0	0.3333333333333333
11257	112	0	5	0.2725	84.8	424.0	0.3333333333333333
11258	247	0	5	0.61	177.8	889.0	0.3333333333333333
11259	140	0	5	0.3425	83.0	415.0	0.3333333333333333
11260	36	0	5	0.0825	34.0	170.0	0.0
11261	184	0	5	0.4525	112.4	562.0	0.3333333333333333
11262	203	0	5	0.5	85.0	425.0	0.3333333333333333
11263	16	0	5	0.0325	14.0	70.0	0.0
11264	342	0	5	0.8475	247.8	1239.0	0.3333333333333333
11265	115	0	5	0.28	93.2	466.0	0.3333333333333333
11266	383	0	5	0.95	147.8	739.0	0.6666666666666666
11267	378	0	5	0.9375	138.4	692.0	0.6666666666666666
11268	81	0	5	0.195	79.0	395.0	0.0
11269	391	0	5	0.97	243.2	1216.0	0.6666666666666666
11270	90	0	5	0.2175	62.4	312.0	0.3333333333333333
11271	73	1	4	0.18	23.4	117.0	1.0
11272	338	1	4	0.8425	329.6	1648.0	1.0
11273	53	0	5	0.125	48.0	240.0	0.3333333333333333
11274	150	0	5	0.3675	131.8	659.0	0.0
11275	105	0	5	0.255	47.8	239.0	0.0
11276	74	0	5	0.1775	41.4	207.0	0.6666666666666666
11277	370	1	4	0.9225	101.8	509.0	1.0
11278	148	0	5	0.3625	88.8	444.0	0.3333333333333333
11279	349	0	5	0.865	293.2	1466.0	0.6666666666666666
11280	31	0	5	0.07	29.0	145.0	0.0
11281	157	0	5	0.385	65.6	328.0	0.3333333333333333
11282	222	0	5	0.5475	215.4	1077.0	0.6666666666666666
11283	155	0	5	0.38	49.2	246.0	0.6666666666666666
11284	14	0	5	0.0275	12.0	60.0	0.0
11285	141	0	5	0.345	126.4	632.0	0.3333333333333333
11286	163	0	5	0.4	103.0	515.0	0.3333333333333333
11287	235	0	5	0.58	175.8	879.0	0.3333333333333333
11288	129	0	5	0.315	43.8	219.0	0.3333333333333333
11289	123	0	5	0.3	89.8	449.0	0.3333333333333333
11290	249	1	4	0.62	145.8	729.0	1.0
11291	124	0	5	0.3025	96.4	482.0	0.3333333333333333
11292	82	0	5	0.1975	30.4	152.0	0.6666666666666666
11293	137	0	5	0.335	87.2	436.0	0.3333333333333333
11294	93	0	5	0.225	51.6	258.0	0.6666666666666666
11295	213	0	5	0.525	102.4	512.0	0.6666666666666666
11296	100	0	5	0.2425	98.0	490.0	0.0
11297	78	0	5	0.1875	76.0	380.0	0.0
11298	271	0	5	0.67	149.0	745.0	0.6666666666666666
11299	73	0	5	0.175	71.0	355.0	0.0
11300	336	0	5	0.8325	116.8	584.0	0.6666666666666666
11301	198	0	5	0.4875	87.8	439.0	0.3333333333333333
11302	146	0	5	0.3575	124.6	623.0	0.0
11303	18	0	5	0.0375	16.0	80.0	0.0
11304	277	0	5	0.685	185.8	929.0	0.3333333333333333
11305	194	0	5	0.4775	159.6	798.0	0.3333333333333333
11306	159	0	5	0.39	157.0	785.0	0.0
11307	264	1	4	0.6575	182.4	912.0	1.0
11308	80	0	5	0.1925	70.8	354.0	0.0
11309	240	0	5	0.5925	198.2	991.0	0.3333333333333333
11310	267	0	5	0.66	191.0	955.0	0.6666666666666666
11311	93	0	5	0.225	59.0	295.0	0.0
11312	160	0	5	0.3925	158.0	790.0	0.0
11313	114	0	5	0.2775	24.0	120.0	0.3333333333333333
11314	342	1	4	0.8525	295.6	1478.0	1.0
11315	182	0	5	0.4475	93.2	466.0	0.6666666666666666
11316	364	0	5	0.9025	169.8	849.0	0.6666666666666666
11317	15	0	5	0.03	13.0	65.0	0.0
11318	162	0	5	0.3975	138.8	694.0	0.3333333333333333
11319	69	0	5	0.165	67.0	335.0	0.0
11320	46	0	5	0.1075	44.0	220.0	0.0
11321	187	0	5	0.46	115.6	578.0	0.3333333333333333
11322	334	0	5	0.8275	186.8	934.0	0.6666666666666666
11323	112	0	5	0.2725	71.6	358.0	0.3333333333333333
11324	10	0	5	0.0175	8.0	40.0	0.0
11325	154	0	5	0.3775	96.0	480.0	0.3333333333333333
11326	188	0	5	0.4625	111.2	556.0	0.3333333333333333
11327	168	0	5	0.4125	92.4	462.0	0.3333333333333333
11328	378	0	5	0.9375	253.4	1267.0	0.6666666666666666
11329	272	0	5	0.6725	158.2	791.0	0.6666666666666666
11330	247	0	5	0.61	96.4	482.0	0.6666666666666666
11331	267	0	5	0.66	128.0	640.0	0.3333333333333333
11332	149	0	5	0.365	144.0	720.0	0.3333333333333333
11333	319	0	5	0.79	212.4	1062.0	0.6666666666666666
11334	50	0	5	0.1175	46.4	232.0	0.3333333333333333
11335	326	0	5	0.8075	211.8	1059.0	0.6666666666666666
11336	78	0	5	0.1875	56.8	284.0	0.3333333333333333
11337	115	0	5	0.28	50.6	253.0	0.3333333333333333
11338	340	1	4	0.8475	321.6	1608.0	1.0
11339	4	0	5	0.0025	2.0	10.0	0.0
11340	266	0	5	0.6575	231.6	1158.0	0.6666666666666666
11341	211	0	5	0.52	185.8	929.0	0.6666666666666666
11342	366	0	5	0.9075	91.2	456.0	0.6666666666666666
11343	224	0	5	0.5525	125.4	627.0	0.3333333333333333
11344	367	1	4	0.915	79.8	399.0	1.0
11345	111	0	5	0.27	76.8	384.0	0.3333333333333333
11346	200	0	5	0.4925	90.8	454.0	0.3333333333333333
11347	107	0	5	0.26	55.2	276.0	0.3333333333333333
11348	141	0	5	0.345	137.0	685.0	0.3333333333333333
11349	391	0	5	0.97	118.4	592.0	0.6666666666666666
11350	363	0	5	0.9	323.4	1617.0	0.3333333333333333
11351	192	0	5	0.4725	51.6	258.0	0.3333333333333333
11352	173	0	5	0.425	61.4	307.0	0.6666666666666666
11353	191	0	5	0.47	131.0	655.0	0.3333333333333333
11354	239	0	5	0.59	208.8	1044.0	0.3333333333333333
11355	300	0	5	0.7425	138.6	693.0	0.6666666666666666
11356	161	0	5	0.395	72.8	364.0	0.3333333333333333
11357	164	0	5	0.4025	88.4	442.0	0.6666666666666666
11358	142	1	4	0.3525	73.2	366.0	1.0
11359	121	0	5	0.295	106.8	534.0	0.3333333333333333
11360	266	0	5	0.6575	180.6	903.0	0.3333333333333333
11361	153	0	5	0.375	151.0	755.0	0.0
11362	196	0	5	0.4825	114.8	574.0	0.0
11363	290	0	5	0.7175	275.6	1378.0	0.3333333333333333
11364	344	1	4	0.8575	117.2	586.0	1.0
11365	157	0	5	0.385	93.6	468.0	0.3333333333333333
11366	160	0	5	0.3925	137.6	688.0	0.0
11367	105	0	5	0.255	103.0	515.0	0.0
11368	308	0	5	0.7625	102.4	512.0	0.6666666666666666
11369	169	0	5	0.415	125.8	629.0	0.3333333333333333
11370	143	0	5	0.35	73.6	368.0	0.3333333333333333
11371	222	0	5	0.5475	210.4	1052.0	0.3333333333333333
11372	219	0	5	0.54	112.0	560.0	0.6666666666666666
11373	43	0	5	0.1	41.0	205.0	0.0
11374	187	0	5	0.46	172.6	863.0	0.6666666666666666
11375	136	0	5	0.3325	134.0	670.0	0.0
11376	367	0	5	0.91	206.6	1033.0	0.6666666666666666
11377	348	0	5	0.8625	105.2	526.0	0.6666666666666666
11378	177	1	4	0.44	135.4	677.0	1.0
11379	384	0	5	0.9525	185.6	928.0	0.6666666666666666
11380	356	1	4	0.8875	243.8	1219.0	1.0
11381	54	0	5	0.1275	39.2	196.0	0.3333333333333333
11382	318	0	5	0.7875	248.6	1243.0	0.6666666666666666
11383	183	0	5	0.45	91.0	455.0	0.6666666666666666
11384	65	0	5	0.155	35.4	177.0	0.3333333333333333
11385	250	0	5	0.6175	142.8	714.0	0.6666666666666666
11386	249	0	5	0.615	122.2	611.0	0.3333333333333333
11387	46	0	5	0.1075	44.0	220.0	0.0
11388	367	0	5	0.91	305.6	1528.0	0.6666666666666666
11389	196	0	5	0.4825	167.6	838.0	0.6666666666666666
11390	185	0	5	0.455	92.4	462.0	0.6666666666666666
11391	193	0	5	0.475	124.8	624.0	0.6666666666666666
11392	179	0	5	0.44	153.4	767.0	0.3333333333333333
11393	355	0	5	0.88	137.0	685.0	0.6666666666666666
11394	337	0	5	0.835	289.8	1449.0	0.3333333333333333
11395	367	0	5	0.91	238.6	1193.0	0.6666666666666666
11396	245	1	4	0.61	123.6	618.0	1.0
11397	209	0	5	0.515	163.2	816.0	0.6666666666666666
11398	212	0	5	0.5225	131.6	658.0	0.6666666666666666
11399	253	0	5	0.625	251.0	1255.0	0.0
11400	18	0	5	0.0375	16.0	80.0	0.0
11401	319	0	5	0.79	292.2	1461.0	0.0
11402	240	0	5	0.5925	194.0	970.0	0.3333333333333333
11403	234	0	5	0.5775	62.0	310.0	0.6666666666666666
11404	298	0	5	0.7375	129.6	648.0	0.6666666666666666
11405	280	0	5	0.6925	216.0	1080.0	0.6666666666666666
11406	177	0	5	0.435	175.0	875.0	0.0
11407	188	0	5	0.4625	153.6	768.0	0.0
11408	153	0	5	0.375	151.0	755.0	0.0
11409	33	0	5	0.075	27.4	137.0	0.3333333333333333
11410	373	0	5	0.925	267.0	1335.0	0.6666666666666666
11411	265	0	5	0.655	202.6	1013.0	0.6666666666666666
11412	308	0	5	0.7625	115.6	578.0	0.3333333333333333
11413	344	0	5	0.8525	251.6	1258.0	0.3333333333333333
11414	273	0	5	0.675	171.4	857.0	0.6666666666666666
11415	102	0	5	0.2475	91.6	458.0	0.3333333333333333
11416	61	0	5	0.145	59.0	295.0	0.0
11417	87	0	5	0.21	43.8	219.0	0.3333333333333333
11418	6	0	5	0.0075	4.0	20.0	0.0
11419	186	0	5	0.4575	138.8	694.0	0.3333333333333333
11420	357	0	5	0.885	228.6	1143.0	0.6666666666666666
11421	375	0	5	0.93	76.2	381.0	0.6666666666666666
11422	71	0	5	0.17	49.4	247.0	0.6666666666666666
11423	324	0	5	0.8025	109.0	545.0	0.6666666666666666
11424	264	0	5	0.6525	158.0	790.0	0.3333333333333333
11425	228	0	5	0.5625	77.8	389.0	0.3333333333333333
11426	398	0	5	0.9875	206.4	1032.0	0.6666666666666666
11427	199	0	5	0.49	125.4	627.0	0.3333333333333333
11428	350	0	5	0.8675	196.2	981.0	0.6666666666666666
11429	231	0	5	0.57	56.8	284.0	0.0
11430	84	0	5	0.2025	82.0	410.0	0.0
11431	95	0	5	0.23	77.4	387.0	0.0
11432	318	0	5	0.7875	137.8	689.0	0.3333333333333333
11433	53	0	5	0.125	51.0	255.0	0.0
11434	165	1	4	0.41	117.8	589.0	1.0
11435	98	0	5	0.2375	72.6	363.0	0.3333333333333333
11436	77	0	5	0.185	51.8	259.0	0.0
11437	145	0	5	0.355	142.4	712.0	0.0
11438	344	1	4	0.8575	186.2	931.0	1.0
11439	242	0	5	0.5975	153.2	766.0	0.0
11440	84	0	5	0.2025	82.0	410.0	0.0
11441	67	0	5	0.16	21.6	108.0	0.3333333333333333
11442	141	0	5	0.345	137.4	687.0	0.3333333333333333
11443	180	0	5	0.4425	145.4	727.0	0.3333333333333333
11444	161	0	5	0.395	33.4	167.0	0.6666666666666666
11445	353	1	4	0.88	115.2	576.0	1.0
11446	264	0	5	0.6525	112.0	560.0	0.3333333333333333
11447	205	0	5	0.505	107.4	537.0	0.6666666666666666
11448	77	0	5	0.185	33.4	167.0	0.3333333333333333
11449	131	0	5	0.32	64.2	321.0	0.3333333333333333
11450	316	1	4	0.7875	154.4	772.0	1.0
11451	204	0	5	0.5025	60.4	302.0	0.3333333333333333
11452	385	0	5	0.955	163.6	818.0	0.6666666666666666
11453	22	0	5	0.0475	20.0	100.0	0.0
11454	340	0	5	0.8425	182.8	914.0	0.6666666666666666
11455	142	0	5	0.3475	89.6	448.0	0.3333333333333333
11456	287	0	5	0.71	231.0	1155.0	0.0
11457	59	0	5	0.14	37.0	185.0	0.0
11458	82	0	5	0.1975	64.0	320.0	0.3333333333333333
11459	360	0	5	0.8925	214.8	1074.0	0.6666666666666666
11460	121	0	5	0.295	119.0	595.0	0.0
11461	206	0	5	0.5075	95.8	479.0	0.6666666666666666
11462	367	0	5	0.91	177.0	885.0	0.6666666666666666
11463	287	0	5	0.71	210.0	1050.0	0.3333333333333333
11464	230	0	5	0.5675	94.6	473.0	0.6666666666666666
11465	157	0	5	0.385	68.0	340.0	0.3333333333333333
11466	82	0	5	0.1975	78.6	393.0	0.0
11467	126	0	5	0.3075	63.0	315.0	0.0
11468	278	0	5	0.6875	196.8	984.0	0.6666666666666666
11469	178	0	5	0.4375	84.0	420.0	0.6666666666666666
11470	145	0	5	0.355	130.2	651.0	0.0
11471	253	0	5	0.625	166.4	832.0	0.3333333333333333
11472	2	0	5	0.0	0.0	0.0	0.0
11473	329	0	5	0.815	140.0	700.0	0.6666666666666666
11474	338	0	5	0.8375	195.0	975.0	0.3333333333333333
11475	214	0	5	0.5275	181.2	906.0	0.3333333333333333
11476	350	1	4	0.8725	156.6	783.0	1.0
11477	306	0	5	0.7575	247.8	1239.0	0.3333333333333333
11478	151	0	5	0.37	76.4	382.0	0.0
11479	327	0	5	0.81	96.2	481.0	0.6666666666666666
11480	307	0	5	0.76	187.4	937.0	0.3333333333333333
11481	118	0	5	0.2875	27.2	136.0	0.6666666666666666
11482	13	0	5	0.025	11.0	55.0	0.0
11483	99	0	5	0.24	97.0	485.0	0.0
11484	247	0	5	0.61	120.0	600.0	0.0
11485	285	0	5	0.705	215.2	1076.0	0.6666666666666666
11486	26	0	5	0.0575	24.0	120.0	0.0
11487	224	0	5	0.5525	116.6	583.0	0.6666666666666666
11488	153	0	5	0.375	77.4	387.0	0.3333333333333333
11489	245	0	5	0.605	218.6	1093.0	0.3333333333333333
11490	278	0	5	0.6875	150.8	754.0	0.6666666666666666
11491	55	0	5	0.13	48.2	241.0	0.0
11492	263	0	5	0.65	207.0	1035.0	0.0
11493	253	0	5	0.625	120.2	601.0	0.6666666666666666
11494	322	0	5	0.7975	131.2	656.0	0.6666666666666666
11495	218	0	5	0.5375	104.8	524.0	0.6666666666666666
11496	362	0	5	0.8975	124.8	624.0	0.6666666666666666
11497	91	0	5	0.22	81.6	408.0	0.3333333333333333
11498	183	1	4	0.455	39.0	195.0	1.0
11499	212	0	5	0.5225	88.4	442.0	0.3333333333333333
11500	275	1	4	0.685	81.2	406.0	1.0
11501	365	0	5	0.905	234.0	1170.0	0.6666666666666666
11502	368	0	5	0.9125	95.2	476.0	0.6666666666666666
11503	231	0	5	0.57	128.2	641.0	0.6666666666666666
11504	23	0	5	0.05	21.0	105.0	0.0
11505	58	0	5	0.1375	56.0	280.0	0.0
11506	285	0	5	0.705	209.0	1045.0	0.3333333333333333
11507	296	0	5	0.7325	136.8	684.0	0.6666666666666666
11508	173	0	5	0.425	100.6	503.0	0.3333333333333333
11509	118	0	5	0.2875	116.0	580.0	0.0
11510	167	1	4	0.415	95.2	476.0	1.0
11511	401	0	4	0.9975	194.6	973.0	0.6666666666666666
11512	391	0	5	0.97	241.0	1205.0	0.6666666666666666
11513	213	0	5	0.525	211.0	1055.0	0.0
11514	171	0	5	0.42	93.8	469.0	0.3333333333333333
11515	361	1	4	0.9	165.8	829.0	1.0
11516	203	0	5	0.5	125.8	629.0	0.3333333333333333
11517	332	0	5	0.8225	158.8	794.0	0.3333333333333333
11518	198	0	5	0.4875	124.0	620.0	0.6666666666666666
11519	91	0	5	0.22	76.4	382.0	0.0
11520	384	0	5	0.9525	149.2	746.0	0.3333333333333333
11521	389	0	5	0.965	109.2	546.0	0.6666666666666666
11522	153	0	5	0.375	91.8	459.0	0.0
11523	286	0	5	0.7075	77.2	386.0	0.3333333333333333
11524	184	0	5	0.4525	118.4	592.0	0.3333333333333333
11525	77	0	5	0.185	65.0	325.0	0.3333333333333333
11526	206	0	5	0.5075	157.2	786.0	0.0
11527	359	0	5	0.89	317.0	1585.0	0.6666666666666666
11528	265	0	5	0.655	170.6	853.0	0.3333333333333333
11529	328	1	4	0.8175	148.4	742.0	1.0
11530	2	0	5	0.0	0.0	0.0	0.0
11531	92	0	5	0.2225	77.6	388.0	0.0
11532	14	0	5	0.0275	12.0	60.0	0.0
11533	285	0	5	0.705	150.6	753.0	0.3333333333333333
11534	346	1	4	0.8625	95.6	478.0	1.0
11535	54	0	5	0.1275	47.0	235.0	0.3333333333333333
11536	200	1	4	0.4975	101.4	507.0	1.0
11537	318	0	5	0.7875	240.2	1201.0	0.6666666666666666
11538	85	0	5	0.205	74.6	373.0	0.0
11539	349	0	5	0.865	214.2	1071.0	0.6666666666666666
11540	83	0	5	0.2	81.0	405.0	0.0
11541	83	1	4	0.205	54.2	271.0	1.0
11542	393	1	4	0.98	196.6	983.0	1.0
11543	386	1	4	0.9625	126.6	633.0	1.0
11544	24	0	5	0.0525	14.8	74.0	0.0
11545	81	0	5	0.195	65.4	327.0	0.0
11546	114	0	5	0.2775	97.6	488.0	0.3333333333333333
11547	191	0	5	0.47	145.0	725.0	0.6666666666666666
11548	116	0	5	0.2825	104.4	522.0	0.3333333333333333
11549	145	0	5	0.355	143.0	715.0	0.0
11550	210	0	5	0.5175	197.8	989.0	0.6666666666666666
11551	359	0	5	0.89	217.6	1088.0	0.6666666666666666
11552	92	0	5	0.2225	53.4	267.0	0.0
11553	63	0	5	0.15	61.0	305.0	0.0
11554	119	0	5	0.29	33.0	165.0	0.3333333333333333
11555	316	0	5	0.7825	104.4	522.0	0.6666666666666666
11556	328	0	5	0.8125	223.6	1118.0	0.3333333333333333
11557	364	1	4	0.9075	225.6	1128.0	1.0
11558	197	0	5	0.485	154.6	773.0	0.3333333333333333
11559	365	1	4	0.91	175.8	879.0	1.0
11560	250	0	5	0.6175	127.2	636.0	0.6666666666666666
11561	49	0	5	0.115	47.0	235.0	0.0
11562	26	0	5	0.0575	24.0	120.0	0.0
11563	195	0	5	0.48	76.2	381.0	0.6666666666666666
11564	16	0	5	0.0325	14.0	70.0	0.0
11565	181	0	5	0.445	179.0	895.0	0.3333333333333333
11566	207	0	5	0.51	171.4	857.0	0.3333333333333333
11567	108	0	5	0.2625	106.0	530.0	0.0
11568	212	0	5	0.5225	190.0	950.0	0.3333333333333333
11569	157	0	5	0.385	120.2	601.0	0.0
11570	354	0	5	0.8775	270.8	1354.0	0.6666666666666666
11571	32	0	5	0.0725	26.8	134.0	0.0
11572	100	0	5	0.2425	94.0	470.0	0.0
11573	340	0	5	0.8425	136.4	682.0	0.3333333333333333
11574	12	0	5	0.0225	10.0	50.0	0.0
11575	351	0	5	0.87	225.0	1125.0	0.3333333333333333
11576	37	0	5	0.085	35.0	175.0	0.0
11577	340	0	5	0.8425	147.0	735.0	0.3333333333333333
11578	375	0	5	0.93	106.2	531.0	0.6666666666666666
11579	125	0	5	0.305	110.4	552.0	0.3333333333333333
11580	86	0	5	0.2075	65.6	328.0	0.3333333333333333
11581	230	0	5	0.5675	165.0	825.0	0.3333333333333333
11582	223	0	5	0.55	145.8	729.0	0.3333333333333333
11583	83	0	5	0.2	71.4	357.0	0.0
11584	99	0	5	0.24	56.8	284.0	0.3333333333333333
11585	181	0	5	0.445	66.2	331.0	0.6666666666666666
11586	220	0	5	0.5425	161.2	806.0	0.0
11587	334	0	5	0.8275	216.8	1084.0	0.3333333333333333
11588	69	0	5	0.165	57.8	289.0	0.0
11589	355	1	4	0.885	264.2	1321.0	1.0
11590	73	0	5	0.175	42.2	211.0	0.3333333333333333
11591	94	0	5	0.2275	92.0	460.0	0.0
11592	390	0	5	0.9675	132.4	662.0	0.6666666666666666
11593	141	0	5	0.345	81.0	405.0	0.6666666666666666
11594	258	0	5	0.6375	171.6	858.0	0.3333333333333333
11595	180	0	5	0.4425	106.0	530.0	0.0
11596	200	0	5	0.4925	100.8	504.0	0.6666666666666666
11597	265	0	5	0.655	206.6	1033.0	0.0
11598	145	0	5	0.355	101.0	505.0	0.6666666666666666
11599	61	0	5	0.145	59.0	295.0	0.0
11600	361	0	5	0.895	315.4	1577.0	0.6666666666666666
11601	161	0	5	0.395	132.4	662.0	0.3333333333333333
11602	131	1	4	0.325	73.2	366.0	1.0
11603	245	0	5	0.605	148.4	742.0	0.6666666666666666
11604	183	0	5	0.45	155.0	775.0	0.3333333333333333
11605	116	0	5	0.2825	81.8	409.0	0.3333333333333333
11606	138	0	5	0.3375	102.4	512.0	0.3333333333333333
11607	129	0	5	0.315	127.0	635.0	0.0
11608	106	0	5	0.2575	98.6	493.0	0.3333333333333333
11609	363	1	4	0.905	128.4	642.0	1.0
11610	162	0	5	0.3975	160.0	800.0	0.3333333333333333
11611	368	0	5	0.9125	199.0	995.0	0.6666666666666666
11612	359	1	4	0.895	125.0	625.0	1.0
11613	301	0	5	0.745	200.2	1001.0	0.3333333333333333
11614	356	0	5	0.8825	174.0	870.0	0.6666666666666666
11615	190	0	5	0.4675	188.0	940.0	0.0
11616	370	0	5	0.9175	105.8	529.0	0.3333333333333333
11617	342	0	5	0.8475	209.2	1046.0	0.6666666666666666
11618	302	0	5	0.7475	214.4	1072.0	0.3333333333333333
11619	166	0	5	0.4075	51.2	256.0	0.3333333333333333
11620	286	0	5	0.7075	193.2	966.0	0.6666666666666666
11621	305	0	5	0.755	79.4	397.0	0.3333333333333333
11622	334	0	5	0.8275	193.0	965.0	0.3333333333333333
11623	35	0	5	0.08	33.0	165.0	0.0
11624	380	0	5	0.9425	287.0	1435.0	0.3333333333333333
11625	96	0	5	0.2325	73.6	368.0	0.3333333333333333
11626	88	0	5	0.2125	34.6	173.0	0.3333333333333333
11627	246	0	5	0.6075	121.4	607.0	0.3333333333333333
11628	9	0	5	0.015	7.0	35.0	0.0
11629	160	0	5	0.3925	104.8	524.0	0.3333333333333333
11630	259	0	5	0.64	183.4	917.0	0.3333333333333333
11631	132	0	5	0.3225	118.0	590.0	0.6666666666666666
11632	220	0	5	0.5425	163.6	818.0	0.3333333333333333
11633	229	0	5	0.565	163.4	817.0	0.6666666666666666
11634	190	0	5	0.4675	119.2	596.0	0.3333333333333333
11635	205	0	5	0.505	130.2	651.0	0.0
11636	27	0	5	0.06	25.0	125.0	0.0
11637	238	0	5	0.5875	74.6	373.0	0.6666666666666666
11638	44	0	5	0.1025	34.4	172.0	0.3333333333333333
11639	98	0	5	0.2375	68.0	340.0	0.0
11640	137	0	5	0.335	134.6	673.0	0.3333333333333333
11641	401	0	4	0.9975	123.2	616.0	0.6666666666666666
11642	163	0	5	0.4	83.2	416.0	0.6666666666666666
11643	250	0	5	0.6175	229.8	1149.0	0.3333333333333333
11644	103	0	5	0.25	101.0	505.0	0.0
11645	134	0	5	0.3275	95.2	476.0	0.3333333333333333
11646	158	0	5	0.3875	131.8	659.0	0.6666666666666666
11647	140	0	5	0.3425	116.8	584.0	0.3333333333333333
11648	63	0	5	0.15	43.4	217.0	0.3333333333333333
11649	237	0	5	0.585	132.2	661.0	0.3333333333333333
11650	247	0	5	0.61	245.0	1225.0	0.0
11651	100	0	5	0.2425	55.4	277.0	0.0
11652	270	0	5	0.6675	216.2	1081.0	0.0
11653	381	0	5	0.945	223.8	1119.0	0.6666666666666666
11654	244	0	5	0.6025	144.8	724.0	0.6666666666666666
11655	55	0	5	0.13	53.0	265.0	0.0
11656	321	0	5	0.795	97.6	488.0	0.6666666666666666
11657	277	0	5	0.685	191.2	956.0	0.3333333333333333
11658	326	1	4	0.8125	191.6	958.0	1.0
11659	273	0	5	0.675	181.0	905.0	0.3333333333333333
11660	212	1	4	0.5275	95.2	476.0	1.0
11661	18	0	5	0.0375	16.0	80.0	0.0
11662	258	1	4	0.6425	97.2	486.0	1.0
11663	126	0	5	0.3075	116.2	581.0	0.3333333333333333
11664	216	0	5	0.5325	143.6	718.0	0.0
11665	162	0	5	0.3975	103.6	518.0	0.3333333333333333
11666	39	0	5	0.09	37.0	185.0	0.0
11667	88	0	5	0.2125	86.0	430.0	0.0
11668	348	1	4	0.8675	203.6	1018.0	1.0
11669	226	0	5	0.5575	120.8	604.0	0.3333333333333333
11670	146	0	5	0.3575	143.0	715.0	0.0
11671	158	0	5	0.3875	45.0	225.0	0.3333333333333333
11672	167	0	5	0.41	75.4	377.0	0.3333333333333333
11673	48	0	5	0.1125	46.0	230.0	0.3333333333333333
11674	235	0	5	0.58	214.2	1071.0	0.3333333333333333
11675	86	0	5	0.2075	39.0	195.0	0.3333333333333333
11676	325	0	5	0.805	197.0	985.0	0.6666666666666666
11677	326	0	5	0.8075	106.0	530.0	0.6666666666666666
11678	387	1	4	0.965	220.8	1104.0	1.0
11679	213	0	5	0.525	110.0	550.0	0.3333333333333333
11680	284	0	5	0.7025	158.2	791.0	0.6666666666666666
11681	246	1	4	0.6125	203.6	1018.0	1.0
11682	192	0	5	0.4725	164.4	822.0	0.6666666666666666
11683	83	0	5	0.2	81.0	405.0	0.0
11684	27	0	5	0.06	17.0	85.0	0.3333333333333333
11685	298	0	5	0.7375	182.0	910.0	0.3333333333333333
11686	378	0	5	0.9375	300.0	1500.0	0.6666666666666666
11687	207	0	5	0.51	194.6	973.0	0.0
11688	257	0	5	0.635	86.4	432.0	0.3333333333333333
11689	350	0	5	0.8675	141.8	709.0	0.6666666666666666
11690	129	0	5	0.315	107.4	537.0	0.0
11691	390	1	4	0.9725	254.8	1274.0	1.0
11692	234	1	3	0.5825	153.8	769.0	1.0
11693	117	0	5	0.285	115.0	575.0	0.0
11694	16	0	5	0.0325	14.0	70.0	0.0
11695	37	0	5	0.085	31.0	155.0	0.0
11696	65	0	5	0.155	41.6	208.0	0.3333333333333333
11697	198	0	5	0.4875	150.0	750.0	0.3333333333333333
11698	117	0	5	0.285	53.8	269.0	0.0
11699	177	0	5	0.435	153.0	765.0	0.3333333333333333
11700	250	0	5	0.6175	221.6	1108.0	0.3333333333333333
11701	29	0	5	0.065	12.6	63.0	0.0
11702	379	0	5	0.94	229.4	1147.0	0.6666666666666666
11703	191	0	5	0.47	108.2	541.0	0.0
11704	232	0	5	0.5725	77.8	389.0	0.6666666666666666
11705	206	0	5	0.5075	140.4	702.0	0.3333333333333333
11706	71	0	5	0.17	69.0	345.0	0.0
11707	163	0	5	0.4	55.4	277.0	0.3333333333333333
11708	234	0	5	0.5775	214.0	1070.0	0.3333333333333333
11709	334	1	4	0.8325	138.8	694.0	1.0
11710	349	0	5	0.865	231.0	1155.0	0.6666666666666666
11711	43	0	5	0.1	22.6	113.0	0.3333333333333333
11712	273	0	5	0.675	125.8	629.0	0.0
11713	122	0	5	0.2975	84.4	422.0	0.3333333333333333
11714	140	0	5	0.3425	138.0	690.0	0.0
11715	84	0	5	0.2025	82.0	410.0	0.0
11716	247	0	5	0.61	127.0	635.0	0.6666666666666666
11717	6	0	5	0.0075	4.0	20.0	0.0
11718	322	0	5	0.7975	236.4	1182.0	0.6666666666666666
11719	233	0	5	0.575	150.2	751.0	0.6666666666666666
11720	389	0	5	0.965	131.4	657.0	0.6666666666666666
11721	125	0	5	0.305	101.0	505.0	0.3333333333333333
11722	185	1	4	0.46	65.4	327.0	1.0
11723	144	0	5	0.3525	69.4	347.0	0.3333333333333333
11724	241	0	5	0.595	178.4	892.0	0.0
11725	340	0	5	0.8425	108.0	540.0	0.6666666666666666
11726	153	0	5	0.375	151.0	755.0	0.0
11727	289	0	5	0.715	231.8	1159.0	0.6666666666666666
11728	302	0	5	0.7475	212.0	1060.0	0.6666666666666666
11729	119	0	5	0.29	42.0	210.0	0.6666666666666666
11730	254	0	5	0.6275	252.0	1260.0	0.3333333333333333
11731	229	0	5	0.565	145.4	727.0	0.6666666666666666
11732	364	0	5	0.9025	263.4	1317.0	0.6666666666666666
11733	54	0	5	0.1275	10.6	53.0	0.0
11734	155	0	5	0.38	149.4	747.0	0.3333333333333333
11735	199	0	5	0.49	84.4	422.0	0.3333333333333333
11736	197	0	5	0.485	165.0	825.0	0.3333333333333333
11737	365	0	5	0.905	168.4	842.0	0.6666666666666666
11738	150	0	5	0.3675	88.0	440.0	0.6666666666666666
11739	240	1	4	0.5975	187.2	936.0	1.0
11740	331	0	5	0.82	77.0	385.0	0.6666666666666666
11741	290	0	5	0.7175	150.2	751.0	0.0
11742	166	0	5	0.4075	114.8	574.0	0.0
11743	100	0	5	0.2425	51.2	256.0	0.3333333333333333
11744	110	0	5	0.2675	84.6	423.0	0.6666666666666666
11745	221	0	5	0.545	96.6	483.0	0.6666666666666666
11746	96	0	5	0.2325	82.0	410.0	0.0
11747	13	0	5	0.025	11.0	55.0	0.0
11748	208	0	5	0.5125	119.6	598.0	0.6666666666666666
11749	276	0	5	0.6825	88.4	442.0	0.3333333333333333
11750	89	0	5	0.215	81.6	408.0	0.3333333333333333
11751	290	0	5	0.7175	142.8	714.0	0.6666666666666666
11752	180	0	5	0.4425	164.2	821.0	0.0
11753	391	0	5	0.97	136.4	682.0	0.6666666666666666
11754	289	0	5	0.715	186.2	931.0	0.6666666666666666
11755	321	0	5	0.795	164.2	821.0	0.6666666666666666
11756	337	0	5	0.835	91.0	455.0	0.3333333333333333
11757	54	0	5	0.1275	10.8	54.0	0.0
11758	141	0	5	0.345	112.8	564.0	0.3333333333333333
11759	260	1	4	0.6475	152.6	763.0	1.0
11760	340	0	5	0.8425	269.0	1345.0	0.0
11761	199	0	5	0.49	144.6	723.0	0.3333333333333333
11762	211	0	5	0.52	171.8	859.0	0.3333333333333333
11763	214	1	4	0.5325	124.6	623.0	1.0
11764	368	0	5	0.9125	268.2	1341.0	0.6666666666666666
11765	84	0	5	0.2025	80.8	404.0	0.3333333333333333
11766	237	0	5	0.585	159.6	798.0	0.6666666666666666
11767	35	0	5	0.08	33.0	165.0	0.0
11768	99	1	4	0.245	67.8	339.0	1.0
11769	337	0	5	0.835	230.2	1151.0	0.6666666666666666
11770	381	0	5	0.945	225.2	1126.0	0.6666666666666666
11771	136	1	4	0.3375	72.0	360.0	1.0
11772	223	0	5	0.55	163.2	816.0	0.3333333333333333
11773	264	0	5	0.6525	262.0	1310.0	0.0
11774	388	0	5	0.9625	256.6	1283.0	0.6666666666666666
11775	382	0	5	0.9475	216.6	1083.0	0.3333333333333333
11776	207	0	5	0.51	129.6	648.0	0.3333333333333333
11777	304	0	5	0.7525	243.8	1219.0	0.3333333333333333
11778	237	0	5	0.585	162.0	810.0	0.3333333333333333
11779	263	0	5	0.65	159.0	795.0	0.6666666666666666
11780	73	0	5	0.175	33.6	168.0	0.3333333333333333
11781	253	1	4	0.63	113.8	569.0	1.0
11782	306	1	4	0.7625	181.2	906.0	1.0
11783	14	0	5	0.0275	12.0	60.0	0.0
11784	85	0	5	0.205	59.0	295.0	0.3333333333333333
11785	223	0	5	0.55	71.0	355.0	0.6666666666666666
11786	291	0	5	0.72	210.4	1052.0	0.6666666666666666
11787	252	0	5	0.6225	140.2	701.0	0.3333333333333333
11788	146	0	5	0.3575	125.6	628.0	0.3333333333333333
11789	332	0	5	0.8225	198.0	990.0	0.3333333333333333
11790	376	0	5	0.9325	240.6	1203.0	0.0
11791	382	0	5	0.9475	285.6	1428.0	0.6666666666666666
11792	396	0	5	0.9825	249.0	1245.0	0.6666666666666666
11793	152	0	5	0.3725	120.8	604.0	0.0
11794	315	0	5	0.78	207.4	1037.0	0.6666666666666666
11795	339	1	4	0.845	222.8	1114.0	1.0
11796	138	0	5	0.3375	136.0	680.0	0.0
11797	317	1	4	0.79	194.2	971.0	1.0
11798	267	0	5	0.66	114.6	573.0	0.6666666666666666
11799	283	0	5	0.7	193.6	968.0	0.6666666666666666
11800	300	0	5	0.7425	149.2	746.0	0.6666666666666666
11801	294	0	5	0.7275	230.6	1153.0	0.6666666666666666
11802	27	0	5	0.06	25.0	125.0	0.0
11803	223	1	4	0.555	188.2	941.0	1.0
11804	104	0	5	0.2525	49.2	246.0	0.0
11805	157	0	5	0.385	97.4	487.0	0.3333333333333333
11806	218	0	5	0.5375	83.2	416.0	0.3333333333333333
11807	199	0	5	0.49	148.0	740.0	0.3333333333333333
11808	323	0	5	0.8	147.0	735.0	0.6666666666666666
11809	131	0	5	0.32	56.2	281.0	0.6666666666666666
11810	127	0	5	0.31	68.0	340.0	0.3333333333333333
11811	126	0	5	0.3075	115.6	578.0	0.3333333333333333
11812	58	0	5	0.1375	56.0	280.0	0.3333333333333333
11813	165	0	5	0.405	121.6	608.0	0.3333333333333333
11814	133	0	5	0.325	47.0	235.0	0.3333333333333333
11815	380	1	4	0.9475	360.4	1802.0	1.0
11816	332	0	5	0.8225	274.2	1371.0	0.3333333333333333
11817	76	0	5	0.1825	74.0	370.0	0.0
11818	332	1	4	0.8275	191.6	958.0	1.0
11819	46	0	5	0.1075	23.0	115.0	0.0
11820	38	0	5	0.0875	7.8	39.0	0.3333333333333333
11821	394	0	5	0.9775	249.6	1248.0	0.6666666666666666
11822	318	0	5	0.7875	163.8	819.0	0.6666666666666666
11823	9	0	5	0.015	7.0	35.0	0.0
11824	96	0	5	0.2325	94.0	470.0	0.0
11825	258	0	5	0.6375	225.8	1129.0	0.3333333333333333
11826	96	0	5	0.2325	94.0	470.0	0.0
11827	127	0	5	0.31	97.8	489.0	0.3333333333333333
11828	64	0	5	0.1525	24.0	120.0	0.6666666666666666
11829	386	0	5	0.9575	193.0	965.0	0.6666666666666666
11830	274	0	5	0.6775	84.4	422.0	0.3333333333333333
11831	268	0	5	0.6625	156.8	784.0	0.6666666666666666
11832	155	0	5	0.38	93.4	467.0	0.3333333333333333
11833	83	0	5	0.2	52.2	261.0	0.3333333333333333
11834	146	0	5	0.3575	80.8	404.0	0.3333333333333333
11835	11	0	5	0.02	9.0	45.0	0.0
11836	312	0	5	0.7725	160.8	804.0	0.3333333333333333
11837	324	0	5	0.8025	164.0	820.0	0.6666666666666666
11838	35	0	5	0.08	33.0	165.0	0.0
11839	260	0	5	0.6425	183.6	918.0	0.0
11840	349	0	5	0.865	167.8	839.0	0.6666666666666666
11841	191	0	5	0.47	137.2	686.0	0.3333333333333333
11842	218	0	5	0.5375	183.0	915.0	0.6666666666666666
11843	41	0	5	0.095	23.6	118.0	0.3333333333333333
11844	55	0	5	0.13	33.0	165.0	0.0
11845	153	0	5	0.375	96.0	480.0	0.6666666666666666
11846	146	0	5	0.3575	123.6	618.0	0.0
11847	309	0	5	0.765	151.6	758.0	0.6666666666666666
11848	298	0	5	0.7375	271.2	1356.0	0.3333333333333333
11849	397	0	5	0.985	222.6	1113.0	0.6666666666666666
11850	177	0	5	0.435	153.0	765.0	0.0
11851	278	0	5	0.6875	155.4	777.0	0.3333333333333333
11852	336	0	5	0.8325	158.0	790.0	0.3333333333333333
11853	79	0	5	0.19	64.2	321.0	0.3333333333333333
11854	54	0	5	0.1275	17.6	88.0	0.3333333333333333
11855	125	0	5	0.305	123.0	615.0	0.0
11856	146	0	5	0.3575	144.0	720.0	0.0
11857	24	0	5	0.0525	22.0	110.0	0.0
11858	113	0	5	0.275	103.6	518.0	0.6666666666666666
11859	5	0	5	0.005	3.0	15.0	0.0
11860	13	0	5	0.025	11.0	55.0	0.0
11861	188	0	5	0.4625	147.4	737.0	0.0
11862	370	1	4	0.9225	305.6	1528.0	1.0
11863	220	0	5	0.5425	193.2	966.0	0.0
11864	132	0	5	0.3225	130.0	650.0	0.0
11865	180	0	5	0.4425	164.0	820.0	0.0
11866	338	0	5	0.8375	235.8	1179.0	0.6666666666666666
11867	180	0	5	0.4425	86.8	434.0	0.6666666666666666
11868	400	0	5	0.9925	211.4	1057.0	0.6666666666666666
11869	102	0	5	0.2475	46.0	230.0	0.3333333333333333
11870	104	0	5	0.2525	71.4	357.0	0.3333333333333333
11871	176	1	4	0.4375	57.6	288.0	1.0
11872	239	0	5	0.59	48.0	240.0	0.6666666666666666
11873	328	1	4	0.8175	106.4	532.0	1.0
11874	372	0	5	0.9225	220.0	1100.0	0.6666666666666666
11875	357	0	5	0.885	224.6	1123.0	0.6666666666666666
11876	179	0	5	0.44	75.0	375.0	0.3333333333333333
11877	160	0	5	0.3925	158.0	790.0	0.0
11878	147	0	5	0.36	47.4	237.0	0.0
11879	273	0	5	0.675	174.6	873.0	0.6666666666666666
11880	331	0	5	0.82	121.0	605.0	0.6666666666666666
11881	115	0	5	0.28	101.6	508.0	0.0
11882	294	0	5	0.7275	179.6	898.0	0.6666666666666666
11883	292	0	5	0.7225	228.0	1140.0	0.3333333333333333
11884	81	0	5	0.195	58.4	292.0	0.3333333333333333
11885	41	0	5	0.095	39.0	195.0	0.0
11886	308	0	5	0.7625	269.4	1347.0	0.3333333333333333
11887	159	0	5	0.39	101.8	509.0	0.3333333333333333
11888	13	0	5	0.025	11.0	55.0	0.0
11889	180	0	5	0.4425	165.6	828.0	0.6666666666666666
11890	23	0	5	0.05	12.0	60.0	0.3333333333333333
11891	95	0	5	0.23	93.0	465.0	0.0
11892	65	0	5	0.155	52.6	263.0	0.3333333333333333
11893	347	0	5	0.86	237.4	1187.0	0.6666666666666666
11894	279	0	5	0.69	138.4	692.0	0.6666666666666666
11895	54	0	5	0.1275	52.0	260.0	0.0
11896	359	0	5	0.89	149.8	749.0	0.6666666666666666
11897	79	0	5	0.19	48.2	241.0	0.3333333333333333
11898	105	0	5	0.255	98.6	493.0	0.3333333333333333
11899	189	0	5	0.465	106.0	530.0	0.0
11900	263	0	5	0.65	200.6	1003.0	0.6666666666666666
11901	308	0	5	0.7625	184.4	922.0	0.6666666666666666
11902	109	0	5	0.265	107.0	535.0	0.0
11903	314	1	4	0.7825	179.6	898.0	1.0
11904	370	0	5	0.9175	248.0	1240.0	0.6666666666666666
11905	373	0	5	0.925	154.2	771.0	0.6666666666666666
11906	96	0	5	0.2325	94.0	470.0	0.0
11907	188	0	5	0.4625	118.0	590.0	0.0
11908	117	0	5	0.285	24.6	123.0	0.0
11909	151	0	5	0.37	120.8	604.0	0.3333333333333333
11910	163	0	5	0.4	108.2	541.0	0.3333333333333333
11911	119	0	5	0.29	98.6	493.0	0.3333333333333333
11912	107	0	5	0.26	63.8	319.0	0.3333333333333333
11913	374	0	5	0.9275	223.8	1119.0	0.6666666666666666
11914	109	0	5	0.265	57.0	285.0	0.3333333333333333
11915	180	0	5	0.4425	122.8	614.0	0.0
11916	272	0	5	0.6725	129.2	646.0	0.6666666666666666
11917	382	0	5	0.9475	181.8	909.0	0.6666666666666666
11918	107	0	5	0.26	105.0	525.0	0.0
11919	331	0	5	0.82	271.6	1358.0	0.6666666666666666
11920	146	0	5	0.3575	99.0	495.0	0.0
11921	314	0	5	0.7775	169.8	849.0	0.3333333333333333
11922	364	1	4	0.9075	180.8	904.0	1.0
11923	307	0	5	0.76	252.8	1264.0	0.0
11924	18	0	5	0.0375	16.0	80.0	0.0
11925	159	0	5	0.39	62.6	313.0	0.0
11926	301	0	5	0.745	114.6	573.0	0.3333333333333333
11927	36	0	5	0.0825	8.4	42.0	0.0
11928	111	0	5	0.27	100.6	503.0	0.3333333333333333
11929	111	0	5	0.27	55.4	277.0	0.3333333333333333
11930	64	0	5	0.1525	27.8	139.0	0.3333333333333333
11931	199	0	5	0.49	59.2	296.0	0.6666666666666666
11932	385	1	4	0.96	280.0	1400.0	1.0
11933	14	0	5	0.0275	12.0	60.0	0.3333333333333333
11934	200	0	5	0.4925	126.0	630.0	0.3333333333333333
11935	251	0	5	0.62	131.0	655.0	0.6666666666666666
11936	48	0	5	0.1125	46.0	230.0	0.0
11937	238	0	5	0.5875	106.8	534.0	0.6666666666666666
11938	91	0	5	0.22	69.8	349.0	0.3333333333333333
11939	332	0	5	0.8225	245.6	1228.0	0.6666666666666666
11940	103	0	5	0.25	75.2	376.0	0.3333333333333333
11941	64	0	5	0.1525	42.4	212.0	0.0
11942	105	0	5	0.255	103.0	515.0	0.0
11943	224	0	5	0.5525	62.0	310.0	0.3333333333333333
11944	79	0	5	0.19	59.6	298.0	0.6666666666666666
11945	334	0	5	0.8275	164.2	821.0	0.3333333333333333
11946	344	1	4	0.8575	246.6	1233.0	1.0
11947	232	0	5	0.5725	183.2	916.0	0.3333333333333333
11948	319	0	5	0.79	188.6	943.0	0.6666666666666666
11949	282	0	5	0.6975	191.6	958.0	0.0
11950	243	0	5	0.6	172.4	862.0	0.3333333333333333
11951	219	0	5	0.54	142.2	711.0	0.3333333333333333
11952	55	0	5	0.13	45.8	229.0	0.3333333333333333
11953	399	0	5	0.99	129.6	648.0	0.6666666666666666
11954	227	0	5	0.56	191.6	958.0	0.0
11955	189	0	5	0.465	135.4	677.0	0.3333333333333333
11956	131	0	5	0.32	110.8	554.0	0.3333333333333333
11957	269	0	5	0.665	134.0	670.0	0.3333333333333333
11958	146	0	5	0.3575	97.6	488.0	0.0
11959	40	0	5	0.0925	27.2	136.0	0.3333333333333333
11960	92	0	5	0.2225	77.6	388.0	0.3333333333333333
11961	83	0	5	0.2	81.0	405.0	0.0
11962	194	0	5	0.4775	83.8	419.0	0.6666666666666666
11963	156	0	5	0.3825	77.2	386.0	0.3333333333333333
11964	337	1	4	0.84	219.4	1097.0	1.0
11965	41	0	5	0.095	39.0	195.0	0.0
11966	304	1	4	0.7575	228.6	1143.0	1.0
11967	299	0	5	0.74	180.6	903.0	0.6666666666666666
11968	241	0	5	0.595	102.2	511.0	0.3333333333333333
11969	54	0	5	0.1275	43.0	215.0	0.0
11970	211	0	5	0.52	127.4	637.0	0.3333333333333333
11971	73	0	5	0.175	71.0	355.0	0.0
11972	150	0	5	0.3675	122.4	612.0	0.0
11973	259	0	5	0.64	197.8	989.0	0.6666666666666666
11974	62	0	5	0.1475	39.6	198.0	0.3333333333333333
11975	117	0	5	0.285	68.8	344.0	0.3333333333333333
11976	47	0	5	0.11	45.0	225.0	0.0
11977	289	0	5	0.715	238.8	1194.0	0.3333333333333333
11978	210	0	5	0.5175	177.4	887.0	0.0
11979	138	0	5	0.3375	96.8	484.0	0.0
11980	47	0	5	0.11	27.8	139.0	0.0
11981	358	0	5	0.8875	263.6	1318.0	0.3333333333333333
11982	256	0	5	0.6325	162.4	812.0	0.3333333333333333
11983	32	0	5	0.0725	30.0	150.0	0.0
11984	215	0	5	0.53	92.4	462.0	0.3333333333333333
11985	238	0	5	0.5875	88.8	444.0	0.3333333333333333
11986	352	0	5	0.8725	192.6	963.0	0.6666666666666666
11987	123	0	5	0.3	39.4	197.0	0.3333333333333333
11988	312	0	5	0.7725	168.2	841.0	0.3333333333333333
11989	53	0	5	0.125	47.4	237.0	0.0
11990	153	0	5	0.375	102.0	510.0	0.6666666666666666
11991	238	1	4	0.5925	133.8	669.0	1.0
11992	343	0	5	0.85	151.4	757.0	0.6666666666666666
11993	396	1	4	0.9875	247.8	1239.0	1.0
11994	306	0	5	0.7575	226.6	1133.0	0.6666666666666666
11995	310	1	4	0.7725	166.0	830.0	1.0
11996	57	0	5	0.135	55.0	275.0	0.0
11997	196	0	5	0.4825	135.6	678.0	0.3333333333333333
11998	368	0	5	0.9125	121.4	607.0	0.6666666666666666
11999	146	0	5	0.3575	121.2	606.0	0.0
12000	60	0	5	0.1425	55.0	275.0	0.3333333333333333
12001	249	0	5	0.615	134.2	671.0	0.6666666666666666
12002	46	0	5	0.1075	30.8	154.0	0.3333333333333333
12003	142	0	5	0.3475	81.4	407.0	0.0
12004	179	0	5	0.44	151.8	759.0	0.0
12005	229	0	5	0.565	168.6	843.0	0.6666666666666666
12006	252	1	4	0.6275	117.2	586.0	1.0
12007	251	0	5	0.62	225.2	1126.0	0.6666666666666666
12008	143	0	5	0.35	113.2	566.0	0.0
12009	162	0	5	0.3975	137.0	685.0	0.3333333333333333
12010	319	0	5	0.79	181.2	906.0	0.6666666666666666
12011	124	0	5	0.3025	122.0	610.0	0.0
12012	179	0	5	0.44	177.0	885.0	0.3333333333333333
12013	129	0	5	0.315	114.4	572.0	0.3333333333333333
12014	365	0	5	0.905	234.2	1171.0	0.6666666666666666
12015	136	0	5	0.3325	134.0	670.0	0.0
12016	91	0	5	0.22	46.4	232.0	0.6666666666666666
12017	209	1	4	0.52	116.6	583.0	1.0
12018	370	1	4	0.9225	174.4	872.0	1.0
12019	32	0	5	0.0725	30.0	150.0	0.0
12020	304	0	5	0.7525	252.4	1262.0	0.0
12021	119	0	5	0.29	117.0	585.0	0.0
12022	125	0	5	0.305	107.4	537.0	0.6666666666666666
12023	190	0	5	0.4675	52.8	264.0	0.6666666666666666
12024	337	1	4	0.84	199.4	997.0	1.0
12025	138	0	5	0.3375	96.8	484.0	0.6666666666666666
12026	348	0	5	0.8625	156.4	782.0	0.6666666666666666
12027	387	1	4	0.965	280.2	1401.0	1.0
12028	198	0	5	0.4875	48.0	240.0	0.6666666666666666
12029	314	0	5	0.7775	139.0	695.0	0.6666666666666666
12030	179	0	5	0.44	177.0	885.0	0.0
12031	390	0	5	0.9675	284.8	1424.0	0.6666666666666666
12032	60	0	5	0.1425	57.6	288.0	0.0
12033	244	0	5	0.6025	180.8	904.0	0.3333333333333333
12034	211	0	5	0.52	127.0	635.0	0.0
12035	149	0	5	0.365	90.0	450.0	0.0
12036	327	0	5	0.81	121.8	609.0	0.6666666666666666
12037	386	1	4	0.9625	195.2	976.0	1.0
12038	32	0	5	0.0725	30.0	150.0	0.0
12039	251	0	5	0.62	169.0	845.0	0.3333333333333333
12040	75	0	5	0.18	24.4	122.0	0.3333333333333333
12041	213	0	5	0.525	179.6	898.0	0.6666666666666666
12042	51	0	5	0.12	32.6	163.0	0.6666666666666666
12043	148	0	5	0.3625	146.0	730.0	0.0
12044	367	0	5	0.91	256.6	1283.0	0.6666666666666666
12045	333	0	5	0.825	93.0	465.0	0.3333333333333333
12046	368	0	5	0.9125	229.2	1146.0	0.6666666666666666
12047	127	0	5	0.31	88.6	443.0	0.3333333333333333
12048	375	1	4	0.935	101.4	507.0	1.0
12049	142	0	5	0.3475	100.0	500.0	0.3333333333333333
12050	159	1	4	0.395	122.6	613.0	1.0
12051	243	1	4	0.605	172.2	861.0	1.0
12052	90	0	5	0.2175	20.0	100.0	0.3333333333333333
12053	87	0	5	0.21	58.6	293.0	0.0
12054	66	0	5	0.1575	59.2	296.0	0.3333333333333333
12055	176	0	5	0.4325	101.8	509.0	0.3333333333333333
12056	326	0	5	0.8075	127.4	637.0	0.6666666666666666
12057	123	0	5	0.3	121.0	605.0	0.0
12058	180	0	5	0.4425	144.4	722.0	0.3333333333333333
12059	160	1	4	0.3975	104.0	520.0	1.0
12060	27	0	5	0.06	5.0	25.0	0.3333333333333333
12061	377	0	5	0.935	185.6	928.0	0.6666666666666666
12062	390	0	5	0.9675	177.2	886.0	0.6666666666666666
12063	349	0	5	0.865	195.6	978.0	0.3333333333333333
12064	182	0	5	0.4475	102.4	512.0	0.6666666666666666
12065	317	0	5	0.785	267.6	1338.0	0.6666666666666666
12066	200	0	5	0.4925	198.0	990.0	0.0
12067	202	0	5	0.4975	200.0	1000.0	0.0
12068	190	0	5	0.4675	160.0	800.0	0.0
12069	52	0	5	0.1225	50.0	250.0	0.0
12070	191	0	5	0.47	123.4	617.0	0.6666666666666666
12071	277	0	5	0.685	198.2	991.0	0.3333333333333333
12072	184	0	5	0.4525	111.6	558.0	0.3333333333333333
12073	111	0	5	0.27	109.0	545.0	0.0
12074	397	1	4	0.99	226.2	1131.0	1.0
12075	291	0	5	0.72	134.0	670.0	0.6666666666666666
12076	202	1	4	0.5025	130.8	654.0	1.0
12077	83	0	5	0.2	25.0	125.0	0.0
12078	313	0	5	0.775	170.4	852.0	0.3333333333333333
12079	208	0	5	0.5125	117.2	586.0	0.6666666666666666
12080	260	0	5	0.6425	230.8	1154.0	0.0
12081	109	0	5	0.265	77.8	389.0	0.3333333333333333
12082	313	0	5	0.775	75.0	375.0	0.3333333333333333
12083	276	1	3	0.6875	201.6	1008.0	1.0
12084	303	0	5	0.75	207.0	1035.0	0.3333333333333333
12085	287	0	5	0.71	196.8	984.0	0.3333333333333333
12086	66	0	5	0.1575	64.0	320.0	0.0
12087	45	0	5	0.105	43.0	215.0	0.0
12088	253	0	5	0.625	159.8	799.0	0.3333333333333333
12089	194	0	5	0.4775	187.6	938.0	0.0
12090	193	0	5	0.475	100.2	501.0	0.0
12091	104	0	5	0.2525	102.0	510.0	0.0
12092	141	0	5	0.345	52.2	261.0	0.6666666666666666
12093	341	0	5	0.845	216.0	1080.0	0.6666666666666666
12094	401	0	4	0.9975	223.6	1118.0	0.6666666666666666
12095	152	0	5	0.3725	150.0	750.0	0.0
12096	236	0	5	0.5825	66.6	333.0	0.3333333333333333
12097	309	0	5	0.765	108.0	540.0	0.6666666666666666
12098	224	0	5	0.5525	112.4	562.0	0.6666666666666666
12099	351	1	4	0.875	75.8	379.0	1.0
12100	247	0	5	0.61	169.4	847.0	0.3333333333333333
12101	221	0	5	0.545	110.8	554.0	0.3333333333333333
12102	229	0	5	0.565	212.0	1060.0	0.3333333333333333
12103	286	0	5	0.7075	224.6	1123.0	0.3333333333333333
12104	332	0	5	0.8225	141.0	705.0	0.3333333333333333
12105	226	0	5	0.5575	56.4	282.0	0.3333333333333333
12106	354	0	5	0.8775	305.8	1529.0	0.3333333333333333
12107	387	0	5	0.96	287.6	1438.0	0.6666666666666666
12108	98	0	5	0.2375	45.6	228.0	0.3333333333333333
12109	401	0	3	0.9975	241.2	1206.0	0.6666666666666666
12110	137	0	5	0.335	122.2	611.0	0.0
12111	199	0	5	0.49	140.2	701.0	0.6666666666666666
12112	166	0	5	0.4075	91.2	456.0	0.0
12113	250	0	5	0.6175	112.0	560.0	0.3333333333333333
12114	370	0	5	0.9175	152.6	763.0	0.6666666666666666
12115	228	1	4	0.5675	172.6	863.0	1.0
12116	37	0	5	0.085	28.8	144.0	0.0
12117	267	0	5	0.66	223.6	1118.0	0.0
12118	54	0	5	0.1275	52.0	260.0	0.0
12119	105	0	5	0.255	71.4	357.0	0.3333333333333333
12120	147	0	5	0.36	41.8	209.0	0.3333333333333333
12121	378	0	5	0.9375	228.8	1144.0	0.6666666666666666
12122	209	0	5	0.515	154.6	773.0	0.3333333333333333
12123	159	0	5	0.39	50.2	251.0	0.3333333333333333
12124	228	0	5	0.5625	119.6	598.0	0.6666666666666666
12125	199	0	5	0.49	74.4	372.0	0.3333333333333333
12126	259	0	5	0.64	119.6	598.0	0.6666666666666666
12127	131	0	5	0.32	86.2	431.0	0.0
12128	333	0	5	0.825	156.0	780.0	0.6666666666666666
12129	193	0	5	0.475	152.6	763.0	0.6666666666666666
12130	270	0	5	0.6675	123.8	619.0	0.3333333333333333
12131	150	0	5	0.3675	75.2	376.0	0.6666666666666666
12132	323	0	5	0.8	119.0	595.0	0.6666666666666666
12133	289	0	5	0.715	157.0	785.0	0.6666666666666666
12134	54	0	5	0.1275	27.2	136.0	0.3333333333333333
12135	162	0	5	0.3975	128.6	643.0	0.3333333333333333
12136	390	0	5	0.9675	105.6	528.0	0.6666666666666666
12137	323	1	4	0.805	113.8	569.0	1.0
12138	111	0	5	0.27	70.6	353.0	0.3333333333333333
12139	224	0	5	0.5525	85.2	426.0	0.6666666666666666
12140	331	0	5	0.82	243.0	1215.0	0.0
12141	366	0	5	0.9075	129.2	646.0	0.3333333333333333
12142	9	0	5	0.015	7.0	35.0	0.0
12143	353	0	5	0.875	239.8	1199.0	0.3333333333333333
12144	88	0	5	0.2125	75.6	378.0	0.3333333333333333
12145	131	0	5	0.32	46.6	233.0	0.0
12146	252	0	5	0.6225	212.0	1060.0	0.3333333333333333
12147	87	0	5	0.21	85.0	425.0	0.0
12148	285	0	5	0.705	177.4	887.0	0.3333333333333333
12149	328	0	5	0.8125	235.6	1178.0	0.3333333333333333
12150	181	0	5	0.445	99.4	497.0	0.3333333333333333
12151	205	0	5	0.505	66.2	331.0	0.0
12152	195	0	5	0.48	157.8	789.0	0.6666666666666666
12153	132	0	5	0.3225	94.0	470.0	0.6666666666666666
12154	192	0	5	0.4725	155.6	778.0	0.0
12155	175	0	5	0.43	84.2	421.0	0.3333333333333333
12156	179	0	5	0.44	137.6	688.0	0.3333333333333333
12157	129	0	5	0.315	72.2	361.0	0.3333333333333333
12158	316	0	5	0.7825	303.0	1515.0	0.3333333333333333
12159	104	1	4	0.2575	32.4	162.0	1.0
12160	204	0	5	0.5025	104.4	522.0	0.3333333333333333
12161	269	0	5	0.665	114.2	571.0	0.3333333333333333
12162	5	0	5	0.005	3.0	15.0	0.0
12163	358	0	5	0.8875	281.0	1405.0	0.6666666666666666
12164	234	0	5	0.5775	125.6	628.0	0.3333333333333333
12165	131	0	5	0.32	85.0	425.0	0.0
12166	240	0	5	0.5925	143.6	718.0	0.3333333333333333
12167	108	0	5	0.2625	106.0	530.0	0.0
12168	340	1	4	0.8475	70.4	352.0	1.0
12169	95	0	5	0.23	93.0	465.0	0.0
12170	114	0	5	0.2775	91.0	455.0	0.0
12171	347	1	4	0.865	158.2	791.0	1.0
12172	258	1	4	0.6425	87.2	436.0	1.0
12173	79	0	5	0.19	48.2	241.0	0.3333333333333333
12174	289	0	5	0.715	123.8	619.0	0.6666666666666666
12175	343	1	4	0.855	88.8	444.0	1.0
12176	218	0	5	0.5375	182.4	912.0	0.3333333333333333
12177	242	0	5	0.5975	216.4	1082.0	0.3333333333333333
12178	129	0	5	0.315	127.0	635.0	0.0
12179	174	0	5	0.4275	129.4	647.0	0.3333333333333333
12180	153	0	5	0.375	96.2	481.0	0.3333333333333333
12181	226	0	5	0.5575	183.8	919.0	0.3333333333333333
12182	323	1	4	0.805	72.6	363.0	1.0
12183	182	0	5	0.4475	179.6	898.0	0.3333333333333333
12184	86	0	5	0.2075	44.8	224.0	0.6666666666666666
12185	293	0	5	0.725	181.0	905.0	0.3333333333333333
12186	79	0	5	0.19	65.4	327.0	0.6666666666666666
12187	93	0	5	0.225	82.2	411.0	0.3333333333333333
12188	177	1	4	0.44	172.2	861.0	1.0
12189	378	0	5	0.9375	85.0	425.0	0.6666666666666666
12190	263	0	5	0.65	189.0	945.0	0.6666666666666666
12191	337	0	5	0.835	253.4	1267.0	0.3333333333333333
12192	199	0	5	0.49	39.4	197.0	0.6666666666666666
12193	164	0	5	0.4025	118.4	592.0	0.0
12194	389	0	5	0.965	180.6	903.0	0.6666666666666666
12195	227	0	5	0.56	139.8	699.0	0.6666666666666666
12196	7	0	5	0.01	5.0	25.0	0.0
12197	72	0	5	0.1725	70.0	350.0	0.0
12198	150	0	5	0.3675	98.6	493.0	0.6666666666666666
12199	353	0	5	0.875	154.4	772.0	0.6666666666666666
12200	358	0	5	0.8875	255.8	1279.0	0.6666666666666666
12201	210	0	5	0.5175	186.6	933.0	0.3333333333333333
12202	347	0	5	0.86	192.6	963.0	0.3333333333333333
12203	337	0	5	0.835	309.2	1546.0	0.6666666666666666
12204	268	0	5	0.6625	134.0	670.0	0.6666666666666666
12205	126	0	5	0.3075	65.0	325.0	0.6666666666666666
12206	86	0	5	0.2075	77.8	389.0	0.0
12207	93	0	5	0.225	90.2	451.0	0.3333333333333333
12208	25	0	5	0.055	23.0	115.0	0.0
12209	339	0	5	0.84	151.6	758.0	0.6666666666666666
12210	348	0	5	0.8625	190.4	952.0	0.3333333333333333
12211	202	0	5	0.4975	200.0	1000.0	0.0
12212	244	0	5	0.6025	100.4	502.0	0.6666666666666666
12213	150	0	5	0.3675	148.0	740.0	0.0
12214	311	1	4	0.775	235.2	1176.0	1.0
12215	186	0	5	0.4575	139.2	696.0	0.6666666666666666
12216	264	0	5	0.6525	189.2	946.0	0.3333333333333333
12217	241	0	5	0.595	181.6	908.0	0.6666666666666666
12218	95	0	5	0.23	74.6	373.0	0.6666666666666666
12219	210	1	4	0.5225	79.6	398.0	1.0
12220	310	0	5	0.7675	162.2	811.0	0.6666666666666666
12221	333	0	5	0.825	320.6	1603.0	0.0
12222	180	0	5	0.4425	107.2	536.0	0.6666666666666666
12223	92	0	5	0.2225	73.2	366.0	0.0
12224	33	0	5	0.075	25.8	129.0	0.3333333333333333
12225	342	0	5	0.8475	178.2	891.0	0.6666666666666666
12226	167	0	5	0.41	77.8	389.0	0.6666666666666666
12227	181	0	5	0.445	179.0	895.0	0.0
12228	369	1	4	0.92	163.0	815.0	1.0
12229	180	0	5	0.4425	105.0	525.0	0.0
12230	148	0	5	0.3625	110.6	553.0	0.3333333333333333
12231	263	1	4	0.655	190.2	951.0	1.0
12232	123	0	5	0.3	87.0	435.0	0.6666666666666666
12233	87	0	5	0.21	29.8	149.0	0.6666666666666666
12234	249	0	5	0.615	194.8	974.0	0.3333333333333333
12235	395	0	5	0.98	251.6	1258.0	0.6666666666666666
12236	236	0	5	0.5825	143.6	718.0	0.3333333333333333
12237	39	0	5	0.09	33.0	165.0	0.3333333333333333
12238	19	0	5	0.04	14.4	72.0	0.0
12239	131	0	5	0.32	106.4	532.0	0.3333333333333333
12240	55	0	5	0.13	53.0	265.0	0.0
12241	44	0	5	0.1025	35.4	177.0	0.0
12242	223	0	5	0.55	79.2	396.0	0.6666666666666666
12243	94	0	5	0.2275	28.8	144.0	0.3333333333333333
12244	104	0	5	0.2525	61.2	306.0	0.3333333333333333
12245	175	0	5	0.43	101.0	505.0	0.3333333333333333
12246	364	0	5	0.9025	277.6	1388.0	0.6666666666666666
12247	302	0	5	0.7475	251.2	1256.0	0.3333333333333333
12248	80	0	5	0.1925	78.0	390.0	0.0
12249	221	1	3	0.55	109.4	547.0	1.0
12250	245	0	5	0.605	211.2	1056.0	0.3333333333333333
12251	353	0	5	0.875	185.4	927.0	0.6666666666666666
12252	292	0	5	0.7225	187.4	937.0	0.3333333333333333
12253	385	0	5	0.955	264.8	1324.0	0.6666666666666666
12254	195	0	5	0.48	50.8	254.0	0.6666666666666666
12255	191	0	5	0.47	169.4	847.0	0.3333333333333333
12256	90	0	5	0.2175	58.6	293.0	0.3333333333333333
12257	85	0	5	0.205	74.6	373.0	0.3333333333333333
12258	92	0	5	0.2225	58.8	294.0	0.0
12259	215	0	5	0.53	108.8	544.0	0.6666666666666666
12260	352	1	4	0.8775	92.8	464.0	1.0
12261	189	0	5	0.465	67.8	339.0	0.3333333333333333
12262	271	0	5	0.67	195.6	978.0	0.6666666666666666
12263	330	0	5	0.8175	137.6	688.0	0.3333333333333333
12264	136	0	5	0.3325	75.6	378.0	0.3333333333333333
12265	230	0	5	0.5675	209.0	1045.0	0.3333333333333333
12266	388	1	4	0.9675	202.4	1012.0	1.0
12267	95	0	5	0.23	70.2	351.0	0.3333333333333333
12268	255	0	5	0.63	184.8	924.0	0.3333333333333333
12269	24	0	5	0.0525	22.0	110.0	0.0
12270	16	0	5	0.0325	14.0	70.0	0.0
12271	40	0	5	0.0925	31.2	156.0	0.3333333333333333
12272	284	0	5	0.7025	212.0	1060.0	0.6666666666666666
12273	31	0	5	0.07	29.0	145.0	0.0
12274	393	0	5	0.975	198.6	993.0	0.6666666666666666
12275	366	0	5	0.9075	254.2	1271.0	0.6666666666666666
12276	371	0	5	0.92	99.0	495.0	0.6666666666666666
12277	83	0	5	0.2	81.0	405.0	0.0
12278	363	0	5	0.9	255.0	1275.0	0.6666666666666666
12279	386	0	5	0.9575	257.6	1288.0	0.6666666666666666
12280	57	0	5	0.135	45.4	227.0	0.3333333333333333
12281	109	1	4	0.27	43.4	217.0	1.0
12282	260	0	5	0.6425	168.6	843.0	0.3333333333333333
12283	292	0	5	0.7225	174.8	874.0	0.6666666666666666
12284	7	0	5	0.01	5.0	25.0	0.0
12285	319	0	5	0.79	210.4	1052.0	0.6666666666666666
12286	269	0	5	0.665	110.2	551.0	0.6666666666666666
12287	192	0	5	0.4725	136.0	680.0	0.6666666666666666
12288	43	0	5	0.1	41.0	205.0	0.0
12289	236	0	5	0.5825	70.0	350.0	0.3333333333333333
12290	33	0	5	0.075	28.0	140.0	0.3333333333333333
12291	173	1	3	0.43	110.6	553.0	1.0
12292	2	0	5	0.0	0.0	0.0	0.0
12293	300	1	4	0.7475	226.0	1130.0	1.0
12294	289	0	5	0.715	186.0	930.0	0.6666666666666666
12295	182	0	5	0.4475	53.2	266.0	0.3333333333333333
12296	276	0	5	0.6825	140.8	704.0	0.3333333333333333
12297	315	0	5	0.78	88.2	441.0	0.6666666666666666
12298	363	0	5	0.9	147.8	739.0	0.6666666666666666
12299	221	0	5	0.545	84.6	423.0	0.6666666666666666
12300	200	0	5	0.4925	50.8	254.0	0.6666666666666666
12301	401	0	4	0.9975	217.6	1088.0	0.6666666666666666
12302	309	0	5	0.765	231.0	1155.0	0.6666666666666666
12303	271	0	5	0.67	222.4	1112.0	0.3333333333333333
12304	119	0	5	0.29	89.6	448.0	0.3333333333333333
12305	78	0	5	0.1875	69.2	346.0	0.3333333333333333
12306	134	0	5	0.3275	58.2	291.0	0.3333333333333333
12307	142	0	5	0.3475	140.0	700.0	0.0
12308	329	0	5	0.815	129.0	645.0	0.3333333333333333
12309	168	0	5	0.4125	151.0	755.0	0.0
12310	261	0	5	0.645	156.6	783.0	0.3333333333333333
12311	338	0	5	0.8375	196.0	980.0	0.6666666666666666
12312	167	0	5	0.41	35.4	177.0	0.6666666666666666
12313	218	0	5	0.5375	95.6	478.0	0.3333333333333333
12314	15	0	5	0.03	13.0	65.0	0.0
12315	49	0	5	0.115	47.0	235.0	0.0
12316	399	1	4	0.995	164.6	823.0	1.0
12317	91	0	5	0.22	38.4	192.0	0.6666666666666666
12318	206	0	5	0.5075	77.6	388.0	0.6666666666666666
12319	54	0	5	0.1275	49.8	249.0	0.3333333333333333
12320	98	0	5	0.2375	58.4	292.0	0.3333333333333333
12321	5	0	5	0.005	3.0	15.0	0.0
12322	379	0	5	0.94	225.6	1128.0	0.3333333333333333
12323	334	0	5	0.8275	262.2	1311.0	0.3333333333333333
12324	22	0	5	0.0475	20.0	100.0	0.0
12325	264	0	5	0.6525	211.2	1056.0	0.3333333333333333
12326	228	0	5	0.5625	164.8	824.0	0.6666666666666666
12327	60	0	5	0.1425	58.0	290.0	0.0
12328	145	0	5	0.355	143.0	715.0	0.0
12329	374	0	5	0.9275	214.2	1071.0	0.6666666666666666
12330	231	0	5	0.57	139.2	696.0	0.3333333333333333
12331	79	0	5	0.19	53.0	265.0	0.0
12332	193	0	5	0.475	191.0	955.0	0.0
12333	298	0	5	0.7375	184.4	922.0	0.3333333333333333
12334	105	0	5	0.255	91.6	458.0	0.0
12335	48	0	5	0.1125	43.6	218.0	0.0
12336	275	0	5	0.68	152.6	763.0	0.6666666666666666
12337	290	0	5	0.7175	88.0	440.0	0.6666666666666666
12338	386	0	5	0.9575	84.8	424.0	0.3333333333333333
12339	272	0	5	0.6725	253.6	1268.0	0.3333333333333333
12340	325	0	5	0.805	111.2	556.0	0.3333333333333333
12341	5	0	5	0.005	3.0	15.0	0.0
12342	260	0	5	0.6425	77.2	386.0	0.3333333333333333
12343	298	0	5	0.7375	72.8	364.0	0.3333333333333333
12344	41	0	5	0.095	10.2	51.0	0.3333333333333333
12345	330	0	5	0.8175	95.2	476.0	0.3333333333333333
12346	95	0	5	0.23	63.4	317.0	0.3333333333333333
12347	86	0	5	0.2075	61.6	308.0	0.0
12348	271	0	5	0.67	215.0	1075.0	0.3333333333333333
12349	394	0	5	0.9775	127.6	638.0	0.6666666666666666
12350	104	0	5	0.2525	102.0	510.0	0.0
12351	124	0	5	0.3025	98.8	494.0	0.3333333333333333
12352	215	0	5	0.53	125.8	629.0	0.3333333333333333
12353	251	0	5	0.62	170.4	852.0	0.3333333333333333
12354	313	0	5	0.775	277.0	1385.0	0.3333333333333333
12355	60	0	5	0.1425	58.0	290.0	0.0
12356	291	0	5	0.72	265.6	1328.0	0.3333333333333333
12357	222	0	5	0.5475	84.4	422.0	0.6666666666666666
12358	244	0	5	0.6025	108.2	541.0	0.3333333333333333
12359	262	0	5	0.6475	233.0	1165.0	0.6666666666666666
12360	187	0	5	0.46	112.6	563.0	0.3333333333333333
12361	229	0	5	0.565	83.6	418.0	0.3333333333333333
12362	179	0	5	0.44	153.8	769.0	0.6666666666666666
12363	120	0	5	0.2925	106.6	533.0	0.0
12364	341	1	4	0.85	221.4	1107.0	1.0
12365	5	0	5	0.005	3.0	15.0	0.0
12366	282	1	4	0.7025	222.0	1110.0	1.0
12367	60	0	5	0.1425	35.6	178.0	0.3333333333333333
12368	30	0	5	0.0675	28.0	140.0	0.0
12369	119	0	5	0.29	62.0	310.0	0.3333333333333333
12370	230	0	5	0.5675	155.4	777.0	0.6666666666666666
12371	245	0	5	0.605	92.6	463.0	0.6666666666666666
12372	233	0	5	0.575	107.0	535.0	0.3333333333333333
12373	57	0	5	0.135	55.0	275.0	0.0
12374	353	0	5	0.875	234.6	1173.0	0.6666666666666666
12375	347	1	4	0.865	114.2	571.0	1.0
12376	128	0	5	0.3125	126.0	630.0	0.0
12377	304	0	5	0.7525	233.4	1167.0	0.6666666666666666
12378	168	0	5	0.4125	125.4	627.0	0.3333333333333333
12379	244	0	5	0.6025	201.2	1006.0	0.3333333333333333
12380	215	0	5	0.53	144.6	723.0	0.3333333333333333
12381	57	0	5	0.135	55.0	275.0	0.0
12382	79	0	5	0.19	77.0	385.0	0.0
12383	40	0	5	0.0925	31.2	156.0	0.3333333333333333
12384	172	0	5	0.4225	108.0	540.0	0.6666666666666666
12385	194	0	5	0.4775	167.2	836.0	0.3333333333333333
12386	174	0	5	0.4275	167.8	839.0	0.3333333333333333
12387	368	0	5	0.9125	200.2	1001.0	0.6666666666666666
12388	112	0	5	0.2725	110.0	550.0	0.0
12389	395	0	5	0.98	353.6	1768.0	0.6666666666666666
12390	203	0	5	0.5	172.0	860.0	0.3333333333333333
12391	165	0	5	0.405	119.8	599.0	0.0
12392	196	0	5	0.4825	99.6	498.0	0.0
12393	117	0	5	0.285	29.0	145.0	0.6666666666666666
12394	252	0	5	0.6225	160.4	802.0	0.3333333333333333
12395	167	1	4	0.415	142.2	711.0	1.0
12396	158	0	5	0.3875	156.0	780.0	0.0
12397	120	0	5	0.2925	91.6	458.0	0.6666666666666666
12398	306	0	5	0.7575	191.2	956.0	0.3333333333333333
12399	290	1	4	0.7225	66.8	334.0	1.0
12400	111	0	5	0.27	44.2	221.0	0.3333333333333333
12401	213	0	5	0.525	134.6	673.0	0.6666666666666666
12402	70	0	5	0.1675	68.0	340.0	0.0
12403	267	0	5	0.66	215.8	1079.0	0.3333333333333333
12404	315	1	4	0.785	243.0	1215.0	1.0
12405	39	0	5	0.09	37.0	185.0	0.0
12406	161	0	5	0.395	72.6	363.0	0.6666666666666666
12407	356	0	5	0.8825	171.0	855.0	0.6666666666666666
12408	333	0	5	0.825	240.2	1201.0	0.3333333333333333
12409	270	0	5	0.6675	224.0	1120.0	0.3333333333333333
12410	207	0	5	0.51	164.2	821.0	0.3333333333333333
12411	217	0	5	0.535	165.8	829.0	0.3333333333333333
12412	286	0	5	0.7075	219.2	1096.0	0.3333333333333333
12413	375	0	5	0.93	290.0	1450.0	0.6666666666666666
12414	185	0	5	0.455	183.0	915.0	0.3333333333333333
12415	220	0	5	0.5425	145.8	729.0	0.3333333333333333
12416	79	1	4	0.195	61.2	306.0	1.0
12417	298	1	4	0.7425	120.8	604.0	1.0
12418	174	0	5	0.4275	155.4	777.0	0.0
12419	295	0	5	0.73	228.0	1140.0	0.3333333333333333
12420	283	0	5	0.7	221.8	1109.0	0.6666666666666666
12421	95	0	5	0.23	69.0	345.0	0.0
12422	267	0	5	0.66	142.6	713.0	0.3333333333333333
12423	284	0	5	0.7025	87.0	435.0	0.0
12424	239	0	5	0.59	232.4	1162.0	0.3333333333333333
12425	88	0	5	0.2125	78.6	393.0	0.0
12426	206	0	5	0.5075	50.4	252.0	0.6666666666666666
12427	209	0	5	0.515	205.4	1027.0	0.3333333333333333
12428	94	0	5	0.2275	92.0	460.0	0.0
12429	352	0	5	0.8725	158.8	794.0	0.3333333333333333
12430	210	0	5	0.5175	73.4	367.0	0.3333333333333333
12431	161	0	5	0.395	131.0	655.0	0.3333333333333333
12432	179	0	5	0.44	149.8	749.0	0.0
12433	321	0	5	0.795	255.0	1275.0	0.6666666666666666
12434	195	0	5	0.48	193.0	965.0	0.0
12435	256	0	5	0.6325	161.4	807.0	0.3333333333333333
12436	240	0	5	0.5925	238.0	1190.0	0.3333333333333333
12437	290	0	5	0.7175	155.2	776.0	0.6666666666666666
12438	24	0	5	0.0525	18.0	90.0	0.0
12439	40	0	5	0.0925	38.0	190.0	0.0
12440	52	0	5	0.1225	15.6	78.0	0.3333333333333333
12441	108	0	5	0.2625	88.4	442.0	0.3333333333333333
12442	163	0	5	0.4	130.4	652.0	0.3333333333333333
12443	180	0	5	0.4425	164.0	820.0	0.3333333333333333
12444	36	0	5	0.0825	34.0	170.0	0.0
12445	308	0	5	0.7625	237.8	1189.0	0.3333333333333333
12446	123	0	5	0.3	85.6	428.0	0.3333333333333333
12447	352	0	5	0.8725	106.8	534.0	0.3333333333333333
12448	348	0	5	0.8625	142.4	712.0	0.6666666666666666
12449	190	0	5	0.4675	124.0	620.0	0.6666666666666666
12450	80	0	5	0.1925	72.0	360.0	0.0
12451	14	0	5	0.0275	10.2	51.0	0.3333333333333333
12452	94	0	5	0.2275	84.8	424.0	0.3333333333333333
12453	178	0	5	0.4375	92.0	460.0	0.6666666666666666
12454	10	0	5	0.0175	7.2	36.0	0.0
12455	342	0	5	0.8475	245.2	1226.0	0.6666666666666666
12456	34	0	5	0.0775	32.0	160.0	0.0
12457	235	0	5	0.58	148.6	743.0	0.3333333333333333
12458	304	0	5	0.7525	150.0	750.0	0.3333333333333333
12459	358	0	5	0.8875	159.4	797.0	0.3333333333333333
12460	165	0	5	0.405	137.0	685.0	0.6666666666666666
12461	390	0	5	0.9675	185.2	926.0	0.3333333333333333
12462	392	0	5	0.9725	173.8	869.0	0.6666666666666666
12463	307	0	5	0.76	182.0	910.0	0.6666666666666666
12464	54	0	5	0.1275	22.4	112.0	0.3333333333333333
12465	141	0	5	0.345	84.6	423.0	0.3333333333333333
12466	11	0	5	0.02	9.0	45.0	0.0
12467	241	0	5	0.595	107.6	538.0	0.6666666666666666
12468	259	0	5	0.64	108.2	541.0	0.3333333333333333
12469	287	1	4	0.715	131.8	659.0	1.0
12470	101	0	5	0.245	65.4	327.0	0.0
12471	168	0	5	0.4125	114.6	573.0	0.0
12472	307	0	5	0.76	160.4	802.0	0.6666666666666666
12473	172	0	5	0.4225	137.6	688.0	0.0
12474	265	0	5	0.655	107.4	537.0	0.6666666666666666
12475	264	0	5	0.6525	77.2	386.0	0.3333333333333333
12476	165	0	5	0.405	148.0	740.0	0.3333333333333333
12477	233	0	5	0.575	53.4	267.0	0.3333333333333333
12478	388	1	4	0.9675	140.0	700.0	1.0
12479	77	0	5	0.185	66.2	331.0	0.3333333333333333
12480	290	1	4	0.7225	104.8	524.0	1.0
12481	192	0	5	0.4725	136.8	684.0	0.0
12482	260	0	5	0.6425	169.2	846.0	0.3333333333333333
12483	266	0	5	0.6575	157.6	788.0	0.3333333333333333
12484	108	0	5	0.2625	93.4	467.0	0.0
12485	357	0	5	0.885	168.8	844.0	0.6666666666666666
12486	302	0	5	0.7475	223.6	1118.0	0.6666666666666666
12487	235	0	5	0.58	123.2	616.0	0.0
12488	12	0	5	0.0225	2.2	11.0	0.6666666666666666
12489	128	0	5	0.3125	36.8	184.0	0.6666666666666666
12490	90	0	5	0.2175	88.0	440.0	0.0
12491	283	0	5	0.7	179.8	899.0	0.6666666666666666
12492	46	0	5	0.1075	24.2	121.0	0.3333333333333333
12493	5	0	5	0.005	3.0	15.0	0.0
12494	197	0	5	0.485	61.2	306.0	0.6666666666666666
12495	69	0	5	0.165	58.6	293.0	0.0
12496	227	0	5	0.56	186.6	933.0	0.3333333333333333
12497	204	0	5	0.5025	133.0	665.0	0.0
12498	239	0	5	0.59	201.6	1008.0	0.6666666666666666
12499	236	0	5	0.5825	195.2	976.0	0.0
12500	80	0	5	0.1925	78.0	390.0	0.0
12501	127	0	5	0.31	110.6	553.0	0.0
12502	332	0	5	0.8225	256.4	1282.0	0.3333333333333333
12503	196	1	4	0.4875	136.2	681.0	1.0
12504	158	0	5	0.3875	65.2	326.0	0.6666666666666666
12505	260	1	4	0.6475	106.6	533.0	1.0
12506	294	0	5	0.7275	91.4	457.0	0.6666666666666666
12507	77	0	5	0.185	61.0	305.0	0.3333333333333333
12508	218	0	5	0.5375	183.4	917.0	0.6666666666666666
12509	255	0	5	0.63	198.8	994.0	0.6666666666666666
12510	370	0	5	0.9175	80.0	400.0	0.6666666666666666
12511	67	0	5	0.16	65.0	325.0	0.0
12512	88	0	5	0.2125	61.2	306.0	0.3333333333333333
12513	244	0	5	0.6025	98.4	492.0	0.3333333333333333
12514	72	0	5	0.1725	65.8	329.0	0.0
12515	304	0	5	0.7525	178.0	890.0	0.3333333333333333
12516	145	0	5	0.355	134.0	670.0	0.3333333333333333
12517	316	0	5	0.7825	127.6	638.0	0.6666666666666666
12518	257	0	5	0.635	200.4	1002.0	0.6666666666666666
12519	317	0	5	0.785	255.8	1279.0	0.6666666666666666
12520	101	0	5	0.245	99.0	495.0	0.0
12521	226	0	5	0.5575	132.4	662.0	0.3333333333333333
12522	362	0	5	0.8975	246.6	1233.0	0.6666666666666666
12523	395	0	5	0.98	247.6	1238.0	0.6666666666666666
12524	278	1	4	0.6925	188.2	941.0	1.0
12525	207	0	5	0.51	144.6	723.0	0.3333333333333333
12526	254	1	4	0.6325	63.8	319.0	1.0
12527	227	0	5	0.56	210.0	1050.0	0.3333333333333333
12528	63	0	5	0.15	61.0	305.0	0.0
12529	324	0	5	0.8025	113.4	567.0	0.6666666666666666
12530	260	0	5	0.6425	141.6	708.0	0.3333333333333333
12531	327	0	5	0.81	129.4	647.0	0.6666666666666666
12532	394	1	4	0.9825	107.8	539.0	1.0
12533	385	1	4	0.96	201.4	1007.0	1.0
12534	323	0	5	0.8	91.8	459.0	0.6666666666666666
12535	106	0	5	0.2575	92.0	460.0	0.3333333333333333
12536	193	0	5	0.475	169.0	845.0	0.3333333333333333
12537	107	0	5	0.26	56.2	281.0	0.3333333333333333
12538	365	1	4	0.91	273.8	1369.0	1.0
12539	183	0	5	0.45	114.6	573.0	0.0
12540	98	0	5	0.2375	71.2	356.0	0.6666666666666666
12541	208	0	5	0.5125	206.0	1030.0	0.0
12542	266	0	5	0.6575	164.2	821.0	0.3333333333333333
12543	177	0	5	0.435	172.6	863.0	0.3333333333333333
12544	57	0	5	0.135	51.0	255.0	0.0
12545	268	0	5	0.6625	156.2	781.0	0.0
12546	257	1	4	0.64	123.6	618.0	1.0
12547	280	0	5	0.6925	165.6	828.0	0.3333333333333333
12548	322	1	4	0.8025	150.8	754.0	1.0
12549	46	0	5	0.1075	44.0	220.0	0.0
12550	300	0	5	0.7425	165.4	827.0	0.3333333333333333
12551	231	0	5	0.57	179.6	898.0	0.3333333333333333
12552	241	0	5	0.595	89.0	445.0	0.3333333333333333
12553	192	0	5	0.4725	89.8	449.0	0.3333333333333333
12554	127	0	5	0.31	125.0	625.0	0.0
12555	335	0	5	0.83	279.4	1397.0	0.3333333333333333
12556	308	0	5	0.7625	226.0	1130.0	0.0
12557	330	0	5	0.8175	138.2	691.0	0.6666666666666666
12558	239	1	4	0.595	198.2	991.0	1.0
12559	38	0	5	0.0875	22.4	112.0	0.3333333333333333
12560	296	0	5	0.7325	164.4	822.0	0.3333333333333333
12561	19	0	5	0.04	14.6	73.0	0.3333333333333333
12562	188	0	5	0.4625	52.8	264.0	0.6666666666666666
12563	351	1	4	0.875	148.0	740.0	1.0
12564	143	0	5	0.35	114.6	573.0	0.0
12565	246	0	5	0.6075	85.2	426.0	0.3333333333333333
12566	246	0	5	0.6075	190.8	954.0	0.0
12567	86	0	5	0.2075	84.0	420.0	0.0
12568	380	1	4	0.9475	156.0	780.0	1.0
12569	298	0	5	0.7375	123.2	616.0	0.3333333333333333
12570	331	0	5	0.82	163.4	817.0	0.3333333333333333
12571	82	1	4	0.2025	73.6	368.0	1.0
12572	53	0	5	0.125	39.4	197.0	0.0
12573	391	0	5	0.97	197.0	985.0	0.6666666666666666
12574	318	0	5	0.7875	206.6	1033.0	0.3333333333333333
12575	341	0	5	0.845	166.2	831.0	0.6666666666666666
12576	330	0	5	0.8175	146.0	730.0	0.3333333333333333
12577	127	0	5	0.31	56.0	280.0	0.0
12578	102	0	5	0.2475	81.6	408.0	0.3333333333333333
12579	102	0	5	0.2475	100.0	500.0	0.0
12580	232	0	5	0.5725	138.2	691.0	0.6666666666666666
12581	38	0	5	0.0875	36.0	180.0	0.0
12582	291	0	5	0.72	131.0	655.0	0.6666666666666666
12583	223	0	5	0.55	65.2	326.0	0.6666666666666666
12584	174	0	5	0.4275	156.4	782.0	0.3333333333333333
12585	295	0	5	0.73	220.6	1103.0	0.3333333333333333
12586	31	0	5	0.07	20.6	103.0	0.0
12587	344	0	5	0.8525	78.8	394.0	0.6666666666666666
12588	327	0	5	0.81	100.4	502.0	0.6666666666666666
12589	92	0	5	0.2225	85.2	426.0	0.0
12590	27	0	5	0.06	25.0	125.0	0.0
12591	317	0	5	0.785	161.6	808.0	0.6666666666666666
12592	311	0	5	0.77	118.6	593.0	0.3333333333333333
12593	202	0	5	0.4975	99.2	496.0	0.0
12594	307	1	4	0.765	219.2	1096.0	1.0
12595	150	0	5	0.3675	148.0	740.0	0.0
12596	334	0	5	0.8275	116.6	583.0	0.3333333333333333
12597	255	0	5	0.63	188.2	941.0	0.3333333333333333
12598	246	0	5	0.6075	93.4	467.0	0.3333333333333333
12599	339	0	5	0.84	106.6	533.0	0.6666666666666666
12600	260	0	5	0.6425	128.4	642.0	0.3333333333333333
12601	93	0	5	0.225	60.6	303.0	0.3333333333333333
12602	14	0	5	0.0275	12.0	60.0	0.0
12603	339	0	5	0.84	159.4	797.0	0.6666666666666666
12604	228	0	5	0.5625	81.6	408.0	0.6666666666666666
12605	225	0	5	0.555	57.4	287.0	0.3333333333333333
12606	22	0	5	0.0475	12.8	64.0	0.3333333333333333
12607	377	1	4	0.94	288.4	1442.0	1.0
12608	334	0	5	0.8275	263.2	1316.0	0.0
12609	283	0	5	0.7	281.0	1405.0	0.0
12610	144	0	5	0.3525	104.8	524.0	0.3333333333333333
12611	274	0	5	0.6775	214.2	1071.0	0.6666666666666666
12612	97	0	5	0.235	42.2	211.0	0.3333333333333333
12613	195	0	5	0.48	109.6	548.0	0.3333333333333333
12614	401	0	5	0.995	91.4	457.0	0.6666666666666666
12615	140	0	5	0.3425	97.6	488.0	0.0
12616	93	0	5	0.225	91.0	455.0	0.0
12617	83	0	5	0.2	81.0	405.0	0.0
12618	312	0	5	0.7725	162.8	814.0	0.6666666666666666
12619	364	1	4	0.9075	248.6	1243.0	1.0
12620	303	1	4	0.755	195.0	975.0	1.0
12621	116	0	5	0.2825	70.0	350.0	0.3333333333333333
12622	27	0	5	0.06	20.8	104.0	0.3333333333333333
12623	88	0	5	0.2125	86.0	430.0	0.0
12624	226	0	5	0.5575	201.0	1005.0	0.0
12625	212	0	5	0.5225	116.0	580.0	0.6666666666666666
12626	392	0	5	0.9725	237.4	1187.0	0.6666666666666666
12627	170	0	5	0.4175	86.4	432.0	0.3333333333333333
12628	262	1	4	0.6525	164.4	822.0	1.0
12629	248	0	5	0.6125	187.2	936.0	0.3333333333333333
12630	236	0	5	0.5825	219.6	1098.0	0.6666666666666666
12631	43	0	5	0.1	41.0	205.0	0.0
12632	324	1	4	0.8075	186.8	934.0	1.0
12633	317	0	5	0.785	273.4	1367.0	0.3333333333333333
12634	58	0	5	0.1375	56.0	280.0	0.0
12635	401	0	4	0.9975	288.4	1442.0	0.6666666666666666
12636	308	0	5	0.7625	170.8	854.0	0.6666666666666666
12637	141	0	5	0.345	48.6	243.0	0.0
12638	328	0	5	0.8125	169.4	847.0	0.3333333333333333
12639	272	0	5	0.6725	202.8	1014.0	0.3333333333333333
12640	332	1	4	0.8275	229.8	1149.0	1.0
12641	167	0	5	0.41	69.0	345.0	0.3333333333333333
12642	234	0	5	0.5775	61.2	306.0	0.6666666666666666
12643	344	0	5	0.8525	210.0	1050.0	0.6666666666666666
12644	340	0	5	0.8425	136.0	680.0	0.3333333333333333
12645	163	0	5	0.4	106.4	532.0	0.3333333333333333
12646	278	1	4	0.6925	133.6	668.0	1.0
12647	374	0	5	0.9275	176.2	881.0	0.6666666666666666
12648	163	0	5	0.4	90.6	453.0	0.3333333333333333
12649	255	0	5	0.63	168.8	844.0	0.3333333333333333
12650	99	0	5	0.24	97.0	485.0	0.0
12651	91	0	5	0.22	78.6	393.0	0.6666666666666666
12652	355	0	5	0.88	200.2	1001.0	0.3333333333333333
12653	193	0	5	0.475	91.4	457.0	0.6666666666666666
12654	280	0	5	0.6925	189.4	947.0	0.0
12655	298	0	5	0.7375	183.6	918.0	0.6666666666666666
12656	72	0	5	0.1725	30.4	152.0	0.3333333333333333
12657	65	0	5	0.155	63.0	315.0	0.3333333333333333
12658	300	0	5	0.7425	144.4	722.0	0.0
12659	341	1	4	0.85	257.4	1287.0	1.0
12660	348	0	5	0.8625	154.2	771.0	0.6666666666666666
12661	172	0	5	0.4225	72.2	361.0	0.3333333333333333
12662	185	0	5	0.455	160.6	803.0	0.0
12663	145	0	5	0.355	143.0	715.0	0.0
12664	347	0	5	0.86	272.8	1364.0	0.3333333333333333
12665	239	1	4	0.595	123.6	618.0	1.0
12666	125	0	5	0.305	120.2	601.0	0.3333333333333333
12667	63	0	5	0.15	20.2	101.0	0.3333333333333333
12668	50	0	5	0.1175	48.0	240.0	0.0
12669	225	0	5	0.555	179.8	899.0	0.6666666666666666
12670	88	0	5	0.2125	65.6	328.0	0.6666666666666666
12671	239	0	5	0.59	166.6	833.0	0.3333333333333333
12672	137	0	5	0.335	135.0	675.0	0.3333333333333333
12673	291	0	5	0.72	156.2	781.0	0.6666666666666666
12674	282	0	5	0.6975	69.6	348.0	0.0
12675	294	0	5	0.7275	195.6	978.0	0.3333333333333333
12676	206	0	5	0.5075	119.4	597.0	0.3333333333333333
12677	383	0	5	0.95	232.2	1161.0	0.6666666666666666
12678	108	0	5	0.2625	84.4	422.0	0.3333333333333333
12679	194	0	5	0.4775	55.2	276.0	0.3333333333333333
12680	261	0	5	0.645	149.6	748.0	0.6666666666666666
12681	178	0	5	0.4375	141.8	709.0	0.6666666666666666
12682	372	0	5	0.9225	219.2	1096.0	0.6666666666666666
12683	172	0	5	0.4225	120.0	600.0	0.3333333333333333
12684	137	0	5	0.335	70.2	351.0	0.3333333333333333
12685	264	0	5	0.6525	133.2	666.0	0.6666666666666666
12686	392	1	4	0.9775	237.2	1186.0	1.0
12687	30	0	5	0.0675	23.2	116.0	0.3333333333333333
12688	346	0	5	0.8575	189.4	947.0	0.6666666666666666
12689	323	0	5	0.8	192.8	964.0	0.6666666666666666
12690	25	0	5	0.055	21.4	107.0	0.0
12691	58	0	5	0.1375	47.2	236.0	0.0
12692	323	0	5	0.8	191.4	957.0	0.6666666666666666
12693	133	0	5	0.325	97.8	489.0	0.3333333333333333
12694	358	0	5	0.8875	302.0	1510.0	0.3333333333333333
12695	2	0	5	0.0	0.0	0.0	0.0
12696	278	0	5	0.6875	240.8	1204.0	0.3333333333333333
12697	99	0	5	0.24	71.4	357.0	0.0
12698	12	0	5	0.0225	10.0	50.0	0.0
12699	333	0	5	0.825	299.4	1497.0	0.3333333333333333
12700	159	0	5	0.39	141.4	707.0	0.6666666666666666
12701	7	0	5	0.01	5.0	25.0	0.0
12702	235	0	5	0.58	202.2	1011.0	0.3333333333333333
12703	115	0	5	0.28	113.0	565.0	0.3333333333333333
12704	290	1	4	0.7225	213.4	1067.0	1.0
12705	170	0	5	0.4175	108.8	544.0	0.0
12706	208	0	5	0.5125	149.6	748.0	0.3333333333333333
12707	335	0	5	0.83	171.8	859.0	0.6666666666666666
12708	114	0	5	0.2775	102.4	512.0	0.3333333333333333
12709	304	0	5	0.7525	214.6	1073.0	0.6666666666666666
12710	298	0	5	0.7375	165.4	827.0	0.6666666666666666
12711	271	0	5	0.67	105.0	525.0	0.3333333333333333
12712	42	0	5	0.0975	35.4	177.0	0.3333333333333333
12713	28	0	5	0.0625	26.0	130.0	0.0
12714	140	0	5	0.3425	90.8	454.0	0.3333333333333333
12715	272	0	5	0.6725	147.6	738.0	0.3333333333333333
12716	118	0	5	0.2875	96.6	483.0	0.3333333333333333
12717	144	0	5	0.3525	84.0	420.0	0.0
12718	210	0	5	0.5175	146.8	734.0	0.3333333333333333
12719	159	0	5	0.39	48.2	241.0	0.3333333333333333
12720	17	0	5	0.035	15.0	75.0	0.0
12721	84	0	5	0.2025	82.0	410.0	0.3333333333333333
12722	351	0	5	0.87	129.0	645.0	0.3333333333333333
12723	304	0	5	0.7525	127.0	635.0	0.3333333333333333
12724	269	0	5	0.665	113.0	565.0	0.6666666666666666
12725	193	0	5	0.475	38.6	193.0	0.3333333333333333
12726	273	0	5	0.675	167.8	839.0	0.3333333333333333
12727	108	0	5	0.2625	106.0	530.0	0.0
12728	223	1	4	0.555	107.6	538.0	1.0
12729	297	0	5	0.735	165.0	825.0	0.6666666666666666
12730	257	0	5	0.635	71.8	359.0	0.6666666666666666
12731	90	0	5	0.2175	88.0	440.0	0.0
12732	214	0	5	0.5275	118.0	590.0	0.6666666666666666
12733	379	0	5	0.94	156.4	782.0	0.6666666666666666
12734	131	0	5	0.32	118.8	594.0	0.0
12735	205	0	5	0.505	140.0	700.0	0.6666666666666666
12736	318	0	5	0.7875	122.0	610.0	0.6666666666666666
12737	41	0	5	0.095	31.8	159.0	0.0
12738	79	0	5	0.19	52.6	263.0	0.3333333333333333
12739	396	0	5	0.9825	160.0	800.0	0.6666666666666666
12740	43	0	5	0.1	41.0	205.0	0.0
12741	120	0	5	0.2925	118.0	590.0	0.0
12742	191	0	5	0.47	182.4	912.0	0.3333333333333333
12743	63	0	5	0.15	40.6	203.0	0.0
12744	284	0	5	0.7025	192.2	961.0	0.6666666666666666
12745	199	0	5	0.49	109.8	549.0	0.3333333333333333
12746	232	0	5	0.5725	90.8	454.0	0.3333333333333333
12747	144	0	5	0.3525	97.0	485.0	0.3333333333333333
12748	83	0	5	0.2	73.0	365.0	0.3333333333333333
12749	167	0	5	0.41	113.2	566.0	0.3333333333333333
12750	299	0	5	0.74	224.6	1123.0	0.6666666666666666
12751	400	0	5	0.9925	133.2	666.0	0.6666666666666666
12752	164	0	5	0.4025	124.6	623.0	0.6666666666666666
12753	307	0	5	0.76	252.6	1263.0	0.3333333333333333
12754	224	0	5	0.5525	204.8	1024.0	0.0
12755	269	0	5	0.665	267.0	1335.0	0.3333333333333333
12756	238	0	5	0.5875	172.8	864.0	0.3333333333333333
12757	212	0	5	0.5225	89.2	446.0	0.3333333333333333
12758	375	0	5	0.93	295.6	1478.0	0.6666666666666666
12759	199	0	5	0.49	74.6	373.0	0.3333333333333333
12760	198	0	5	0.4875	164.2	821.0	0.3333333333333333
12761	330	1	4	0.8225	131.2	656.0	1.0
12762	120	0	5	0.2925	32.4	162.0	0.3333333333333333
12763	215	0	5	0.53	72.6	363.0	0.3333333333333333
12764	343	0	5	0.85	129.4	647.0	0.6666666666666666
12765	77	0	5	0.185	66.0	330.0	0.3333333333333333
12766	284	0	5	0.7025	262.8	1314.0	0.3333333333333333
12767	164	0	5	0.4025	122.8	614.0	0.3333333333333333
12768	116	0	5	0.2825	109.2	546.0	0.3333333333333333
12769	346	1	4	0.8625	227.6	1138.0	1.0
12770	129	0	5	0.315	83.2	416.0	0.0
12771	8	0	5	0.0125	6.0	30.0	0.0
12772	320	0	5	0.7925	138.0	690.0	0.6666666666666666
12773	293	0	5	0.725	221.2	1106.0	0.6666666666666666
12774	301	0	5	0.745	104.6	523.0	0.6666666666666666
12775	350	0	5	0.8675	173.4	867.0	0.6666666666666666
12776	340	0	5	0.8425	179.6	898.0	0.6666666666666666
12777	293	0	5	0.725	210.6	1053.0	0.3333333333333333
12778	232	0	5	0.5725	135.8	679.0	0.0
12779	356	1	4	0.8875	274.0	1370.0	1.0
12780	243	0	5	0.6	160.0	800.0	0.3333333333333333
12781	333	0	5	0.825	219.2	1096.0	0.0
12782	172	1	4	0.4275	117.6	588.0	1.0
12783	80	0	5	0.1925	64.4	322.0	0.0
12784	206	0	5	0.5075	178.6	893.0	0.6666666666666666
12785	333	0	5	0.825	220.6	1103.0	0.6666666666666666
12786	161	0	5	0.395	118.6	593.0	0.3333333333333333
12787	4	0	5	0.0025	2.0	10.0	0.0
12788	351	1	4	0.875	160.8	804.0	1.0
12789	372	0	5	0.9225	264.6	1323.0	0.6666666666666666
12790	323	1	4	0.805	161.4	807.0	1.0
12791	16	0	5	0.0325	14.0	70.0	0.0
12792	168	0	5	0.4125	136.2	681.0	0.0
12793	34	0	5	0.0775	32.0	160.0	0.0
12794	170	0	5	0.4175	71.2	356.0	0.3333333333333333
12795	366	0	5	0.9075	177.2	886.0	0.6666666666666666
12796	362	0	5	0.8975	102.0	510.0	0.3333333333333333
12797	206	0	5	0.5075	84.0	420.0	0.6666666666666666
12798	179	0	5	0.44	87.8	439.0	0.0
12799	267	0	5	0.66	259.6	1298.0	0.3333333333333333
12800	178	0	5	0.4375	49.6	248.0	0.0
12801	279	0	5	0.69	140.2	701.0	0.6666666666666666
12802	231	0	5	0.57	186.8	934.0	0.3333333333333333
12803	357	0	5	0.885	133.4	667.0	0.6666666666666666
12804	310	0	5	0.7675	256.2	1281.0	0.0
12805	184	0	5	0.4525	69.2	346.0	0.6666666666666666
12806	78	0	5	0.1875	69.8	349.0	0.6666666666666666
12807	182	1	4	0.4525	72.4	362.0	1.0
12808	230	0	5	0.5675	190.0	950.0	0.3333333333333333
12809	128	0	5	0.3125	89.2	446.0	0.3333333333333333
12810	199	0	5	0.49	113.6	568.0	0.6666666666666666
12811	396	1	4	0.9875	274.2	1371.0	1.0
12812	168	0	5	0.4125	161.8	809.0	0.3333333333333333
12813	373	0	5	0.925	197.4	987.0	0.6666666666666666
12814	44	0	5	0.1025	35.2	176.0	0.0
12815	264	1	4	0.6575	149.2	746.0	1.0
12816	228	0	5	0.5625	165.2	826.0	0.3333333333333333
12817	156	0	5	0.3825	89.0	445.0	0.6666666666666666
12818	3	0	5	0.0025	0.4	2.0	0.3333333333333333
12819	211	0	5	0.52	158.4	792.0	0.3333333333333333
12820	42	0	5	0.0975	40.0	200.0	0.0
12821	269	0	5	0.665	107.2	536.0	0.6666666666666666
12822	23	0	5	0.05	21.0	105.0	0.0
12823	79	0	5	0.19	67.0	335.0	0.0
12824	205	0	5	0.505	86.2	431.0	0.6666666666666666
12825	5	0	5	0.005	3.0	15.0	0.0
12826	311	0	5	0.77	255.8	1279.0	0.3333333333333333
12827	106	0	5	0.2575	96.0	480.0	0.3333333333333333
12828	262	0	5	0.6475	241.6	1208.0	0.0
12829	44	0	5	0.1025	25.4	127.0	0.6666666666666666
12830	399	0	5	0.99	197.6	988.0	0.6666666666666666
12831	220	0	5	0.5425	69.2	346.0	0.6666666666666666
12832	57	0	5	0.135	47.4	237.0	0.3333333333333333
12833	138	0	5	0.3375	85.2	426.0	0.3333333333333333
12834	277	0	5	0.685	190.2	951.0	0.6666666666666666
12835	172	0	5	0.4225	113.8	569.0	0.6666666666666666
12836	382	1	4	0.9525	258.0	1290.0	1.0
12837	374	0	5	0.9275	100.0	500.0	0.6666666666666666
12838	71	0	5	0.17	69.0	345.0	0.0
12839	28	0	5	0.0625	26.0	130.0	0.0
12840	294	1	4	0.7325	84.4	422.0	1.0
12841	16	0	5	0.0325	8.0	40.0	0.3333333333333333
12842	354	0	5	0.8775	180.6	903.0	0.6666666666666666
12843	354	0	5	0.8775	240.4	1202.0	0.6666666666666666
12844	201	0	5	0.495	138.8	694.0	0.3333333333333333
12845	287	0	5	0.71	182.4	912.0	0.3333333333333333
12846	256	1	4	0.6375	94.4	472.0	1.0
12847	217	0	5	0.535	163.0	815.0	0.6666666666666666
12848	111	0	5	0.27	78.6	393.0	0.3333333333333333
12849	209	0	5	0.515	124.8	624.0	0.0
12850	57	0	5	0.135	51.4	257.0	0.0
12851	135	0	5	0.33	94.6	473.0	0.0
12852	338	0	5	0.8375	189.6	948.0	0.6666666666666666
12853	346	0	5	0.8575	163.2	816.0	0.6666666666666666
12854	123	1	4	0.305	71.0	355.0	1.0
12855	288	1	4	0.7175	184.2	921.0	1.0
12856	42	0	5	0.0975	40.0	200.0	0.0
12857	275	0	5	0.68	177.0	885.0	0.6666666666666666
12858	73	0	5	0.175	65.0	325.0	0.0
12859	139	0	5	0.34	58.4	292.0	0.3333333333333333
12860	64	0	5	0.1525	59.6	298.0	0.0
12861	354	0	5	0.8775	108.8	544.0	0.6666666666666666
12862	129	0	5	0.315	64.0	320.0	0.0
12863	281	0	5	0.695	185.2	926.0	0.6666666666666666
12864	336	0	5	0.8325	237.6	1188.0	0.3333333333333333
12865	203	0	5	0.5	188.2	941.0	0.0
12866	307	1	4	0.765	118.6	593.0	1.0
12867	278	0	5	0.6875	276.0	1380.0	0.0
12868	257	0	5	0.635	207.2	1036.0	0.3333333333333333
12869	294	0	5	0.7275	281.2	1406.0	0.3333333333333333
12870	284	0	5	0.7025	161.2	806.0	0.6666666666666666
12871	322	0	5	0.7975	68.2	341.0	0.6666666666666666
12872	126	0	5	0.3075	78.4	392.0	0.3333333333333333
12873	299	0	5	0.74	181.4	907.0	0.6666666666666666
12874	157	0	5	0.385	155.0	775.0	0.0
12875	333	1	4	0.83	84.0	420.0	1.0
12876	312	1	4	0.7775	87.2	436.0	1.0
12877	311	0	5	0.77	209.8	1049.0	0.3333333333333333
12878	204	0	5	0.5025	128.2	641.0	0.6666666666666666
12879	127	0	5	0.31	81.0	405.0	0.3333333333333333
12880	100	0	5	0.2425	62.4	312.0	0.3333333333333333
12881	147	0	5	0.36	108.6	543.0	0.0
12882	113	0	5	0.275	78.0	390.0	0.3333333333333333
12883	126	0	5	0.3075	95.2	476.0	0.3333333333333333
12884	335	0	5	0.83	262.6	1313.0	0.6666666666666666
12885	3	0	5	0.0025	0.2	1.0	0.3333333333333333
12886	321	0	5	0.795	177.8	889.0	0.3333333333333333
12887	111	0	5	0.27	106.4	532.0	0.3333333333333333
12888	75	0	5	0.18	73.0	365.0	0.0
12889	167	0	5	0.41	134.2	671.0	0.3333333333333333
12890	292	0	5	0.7225	162.4	812.0	0.0
12891	378	0	5	0.9375	198.6	993.0	0.6666666666666666
12892	152	0	5	0.3725	150.0	750.0	0.0
12893	178	0	5	0.4375	162.8	814.0	0.0
12894	141	0	5	0.345	102.2	511.0	0.3333333333333333
12895	374	0	5	0.9275	265.2	1326.0	0.6666666666666666
12896	247	1	4	0.615	95.8	479.0	1.0
12897	286	0	5	0.7075	134.8	674.0	0.3333333333333333
12898	257	0	5	0.635	142.8	714.0	0.3333333333333333
12899	82	0	5	0.1975	80.0	400.0	0.0
12900	236	0	5	0.5825	197.4	987.0	0.3333333333333333
12901	78	0	5	0.1875	64.2	321.0	0.0
12902	164	0	5	0.4025	143.0	715.0	0.6666666666666666
12903	215	0	5	0.53	191.8	959.0	0.3333333333333333
12904	228	0	5	0.5625	213.0	1065.0	0.3333333333333333
12905	324	0	5	0.8025	219.8	1099.0	0.6666666666666666
12906	303	0	5	0.75	228.6	1143.0	0.3333333333333333
12907	203	0	5	0.5	115.2	576.0	0.3333333333333333
12908	46	0	5	0.1075	44.0	220.0	0.0
12909	300	0	5	0.7425	234.2	1171.0	0.6666666666666666
12910	387	0	5	0.96	159.6	798.0	0.6666666666666666
12911	79	0	5	0.19	59.0	295.0	0.0
12912	372	0	5	0.9225	316.8	1584.0	0.6666666666666666
12913	171	0	5	0.42	85.2	426.0	0.3333333333333333
12914	160	0	5	0.3925	88.0	440.0	0.3333333333333333
12915	8	0	5	0.0125	6.0	30.0	0.0
12916	349	0	5	0.865	162.6	813.0	0.6666666666666666
12917	31	0	5	0.07	29.0	145.0	0.0
12918	21	0	5	0.045	19.0	95.0	0.0
12919	92	0	5	0.2225	90.0	450.0	0.0
12920	35	0	5	0.08	28.2	141.0	0.3333333333333333
12921	128	0	5	0.3125	60.0	300.0	0.0
12922	401	0	5	0.995	222.0	1110.0	0.6666666666666666
12923	189	0	5	0.465	134.2	671.0	0.3333333333333333
12924	282	0	5	0.6975	118.0	590.0	0.6666666666666666
12925	232	0	5	0.5725	230.0	1150.0	0.0
12926	126	0	5	0.3075	103.8	519.0	0.0
12927	263	1	4	0.655	130.2	651.0	1.0
12928	159	0	5	0.39	75.4	377.0	0.3333333333333333
12929	381	0	5	0.945	214.0	1070.0	0.6666666666666666
12930	348	0	5	0.8625	212.8	1064.0	0.6666666666666666
12931	180	0	5	0.4425	178.0	890.0	0.0
12932	252	0	5	0.6225	51.6	258.0	0.3333333333333333
12933	342	0	5	0.8475	280.2	1401.0	0.6666666666666666
12934	178	0	5	0.4375	102.4	512.0	0.3333333333333333
12935	52	0	5	0.1225	50.0	250.0	0.0
12936	385	0	5	0.955	301.0	1505.0	0.6666666666666666
12937	81	0	5	0.195	63.8	319.0	0.3333333333333333
12938	240	0	5	0.5925	109.6	548.0	0.0
12939	369	1	4	0.92	219.0	1095.0	1.0
12940	32	0	5	0.0725	30.0	150.0	0.0
12941	208	0	5	0.5125	117.4	587.0	0.3333333333333333
12942	114	0	5	0.2775	90.6	453.0	0.0
12943	272	0	5	0.6725	135.6	678.0	0.6666666666666666
12944	381	0	5	0.945	83.0	415.0	0.6666666666666666
12945	346	0	5	0.8575	152.0	760.0	0.6666666666666666
12946	250	0	5	0.6175	138.4	692.0	0.6666666666666666
12947	371	0	5	0.92	301.6	1508.0	0.6666666666666666
12948	302	0	5	0.7475	152.8	764.0	0.6666666666666666
12949	266	1	4	0.6625	232.8	1164.0	1.0
12950	276	1	4	0.6875	97.6	488.0	1.0
12951	247	0	5	0.61	204.0	1020.0	0.3333333333333333
12952	302	0	5	0.7475	178.6	893.0	0.6666666666666666
12953	107	1	4	0.265	40.6	203.0	1.0
12954	375	0	5	0.93	185.4	927.0	0.6666666666666666
12955	191	0	5	0.47	145.2	726.0	0.6666666666666666
12956	337	1	4	0.84	184.2	921.0	1.0
12957	310	1	4	0.7725	215.0	1075.0	1.0
12958	251	0	5	0.62	236.4	1182.0	0.0
12959	310	0	5	0.7675	217.4	1087.0	0.3333333333333333
12960	28	0	5	0.0625	25.6	128.0	0.0
12961	186	0	5	0.4575	142.4	712.0	0.3333333333333333
12962	239	0	5	0.59	113.4	567.0	0.6666666666666666
12963	90	0	5	0.2175	88.0	440.0	0.0
12964	389	0	5	0.965	127.6	638.0	0.6666666666666666
12965	216	0	5	0.5325	191.2	956.0	0.3333333333333333
12966	148	0	5	0.3625	146.0	730.0	0.0
12967	273	0	5	0.675	155.8	779.0	0.0
12968	113	0	5	0.275	103.6	518.0	0.6666666666666666
12969	386	0	5	0.9575	218.6	1093.0	0.6666666666666666
12970	28	0	5	0.0625	23.6	118.0	0.0
12971	370	0	5	0.9175	158.4	792.0	0.6666666666666666
12972	159	0	5	0.39	123.4	617.0	0.6666666666666666
12973	338	0	5	0.8375	282.4	1412.0	0.6666666666666666
12974	246	0	5	0.6075	113.2	566.0	0.3333333333333333
12975	374	0	5	0.9275	202.4	1012.0	0.6666666666666666
12976	33	0	5	0.075	31.0	155.0	0.0
12977	314	0	5	0.7775	195.4	977.0	0.6666666666666666
12978	315	0	5	0.78	122.2	611.0	0.3333333333333333
12979	262	0	5	0.6475	144.8	724.0	0.3333333333333333
12980	233	0	5	0.575	231.0	1155.0	0.0
12981	168	0	5	0.4125	108.4	542.0	0.3333333333333333
12982	205	1	4	0.51	122.6	613.0	1.0
12983	213	0	5	0.525	125.6	628.0	0.3333333333333333
12984	296	0	5	0.7325	223.0	1115.0	0.6666666666666666
12985	263	0	5	0.65	85.0	425.0	0.3333333333333333
12986	111	0	5	0.27	94.2	471.0	0.0
12987	307	0	5	0.76	198.6	993.0	0.3333333333333333
12988	34	0	5	0.0775	26.0	130.0	0.3333333333333333
12989	112	0	5	0.2725	110.0	550.0	0.0
12990	263	0	5	0.65	169.8	849.0	0.3333333333333333
12991	269	0	5	0.665	90.2	451.0	0.6666666666666666
12992	377	0	5	0.935	143.4	717.0	0.6666666666666666
12993	260	1	4	0.6475	140.8	704.0	1.0
12994	216	0	5	0.5325	167.8	839.0	0.3333333333333333
12995	50	0	5	0.1175	14.4	72.0	0.0
12996	196	0	5	0.4825	137.6	688.0	0.3333333333333333
12997	71	0	5	0.17	59.8	299.0	0.3333333333333333
12998	194	0	5	0.4775	55.2	276.0	0.3333333333333333
12999	386	0	5	0.9575	182.0	910.0	0.6666666666666666
13000	340	0	5	0.8425	260.0	1300.0	0.3333333333333333
13001	194	0	5	0.4775	148.8	744.0	0.3333333333333333
13002	68	0	5	0.1625	35.4	177.0	0.0
13003	174	0	5	0.4275	124.6	623.0	0.3333333333333333
13004	203	0	5	0.5	148.8	744.0	0.3333333333333333
13005	77	0	5	0.185	60.6	303.0	0.0
13006	168	0	5	0.4125	95.6	478.0	0.3333333333333333
13007	158	0	5	0.3875	110.2	551.0	0.3333333333333333
13008	287	0	5	0.71	173.4	867.0	0.6666666666666666
13009	401	0	5	0.995	246.8	1234.0	0.6666666666666666
13010	347	0	5	0.86	148.2	741.0	0.6666666666666666
13011	212	0	5	0.5225	113.2	566.0	0.3333333333333333
13012	284	0	5	0.7025	152.0	760.0	0.6666666666666666
13013	342	0	5	0.8475	216.0	1080.0	0.6666666666666666
13014	49	0	5	0.115	31.8	159.0	0.6666666666666666
13015	323	1	4	0.805	138.0	690.0	1.0
13016	260	1	4	0.6475	160.0	800.0	1.0
13017	92	0	5	0.2225	90.0	450.0	0.0
13018	336	0	5	0.8325	214.0	1070.0	0.3333333333333333
13019	158	0	5	0.3875	111.6	558.0	0.6666666666666666
13020	169	0	5	0.415	94.4	472.0	0.0
13021	76	0	5	0.1825	44.4	222.0	0.3333333333333333
13022	37	0	5	0.085	35.0	175.0	0.0
13023	202	0	5	0.4975	130.0	650.0	0.6666666666666666
13024	101	0	5	0.245	99.0	495.0	0.0
13025	338	0	5	0.8375	120.0	600.0	0.3333333333333333
13026	280	0	5	0.6925	69.2	346.0	0.3333333333333333
13027	232	0	5	0.5725	140.0	700.0	0.6666666666666666
13028	141	0	5	0.345	96.6	483.0	0.3333333333333333
13029	311	0	5	0.77	224.0	1120.0	0.6666666666666666
13030	266	0	5	0.6575	217.4	1087.0	0.0
13031	269	0	5	0.665	125.4	627.0	0.3333333333333333
13032	296	0	5	0.7325	254.8	1274.0	0.3333333333333333
13033	329	0	5	0.815	213.0	1065.0	0.3333333333333333
13034	241	0	5	0.595	104.2	521.0	0.6666666666666666
13035	209	0	5	0.515	127.4	637.0	0.3333333333333333
13036	354	1	4	0.8825	219.4	1097.0	1.0
13037	80	0	5	0.1925	78.0	390.0	0.0
13038	188	0	5	0.4625	178.0	890.0	0.3333333333333333
13039	299	0	5	0.74	225.4	1127.0	0.0
13040	49	0	5	0.115	47.0	235.0	0.0
13041	212	0	5	0.5225	177.0	885.0	0.6666666666666666
13042	310	0	5	0.7675	148.4	742.0	0.6666666666666666
13043	380	1	4	0.9475	239.0	1195.0	1.0
13044	103	0	5	0.25	80.6	403.0	0.3333333333333333
13045	381	1	4	0.95	309.4	1547.0	1.0
13046	157	0	5	0.385	59.0	295.0	0.0
13047	249	0	5	0.615	67.0	335.0	0.3333333333333333
13048	144	0	5	0.3525	109.2	546.0	0.3333333333333333
13049	108	0	5	0.2625	106.0	530.0	0.0
13050	56	0	5	0.1325	54.0	270.0	0.0
13051	31	0	5	0.07	23.4	117.0	0.3333333333333333
13052	79	0	5	0.19	69.8	349.0	0.3333333333333333
13053	371	0	5	0.92	233.0	1165.0	0.6666666666666666
13054	31	0	5	0.07	28.4	142.0	0.0
13055	333	0	5	0.825	140.8	704.0	0.6666666666666666
13056	389	0	5	0.965	213.6	1068.0	0.6666666666666666
13057	320	0	5	0.7925	184.6	923.0	0.3333333333333333
13058	246	0	5	0.6075	223.6	1118.0	0.3333333333333333
13059	359	0	5	0.89	160.4	802.0	0.6666666666666666
13060	126	0	5	0.3075	55.6	278.0	0.3333333333333333
13061	170	0	5	0.4175	157.8	789.0	0.3333333333333333
13062	33	0	5	0.075	31.0	155.0	0.0
13063	49	0	5	0.115	47.0	235.0	0.0
13064	231	0	5	0.57	176.0	880.0	0.3333333333333333
13065	130	0	5	0.3175	117.2	586.0	0.3333333333333333
13066	276	0	5	0.6825	64.8	324.0	0.0
13067	204	1	4	0.5075	166.6	833.0	1.0
13068	223	0	5	0.55	179.8	899.0	0.3333333333333333
13069	91	0	5	0.22	86.2	431.0	0.0
13070	98	0	5	0.2375	79.2	396.0	0.3333333333333333
13071	324	1	4	0.8075	224.2	1121.0	1.0
13072	190	0	5	0.4675	63.6	318.0	0.6666666666666666
13073	214	0	5	0.5275	102.8	514.0	0.3333333333333333
13074	295	0	5	0.73	124.2	621.0	0.3333333333333333
13075	193	0	5	0.475	105.8	529.0	0.3333333333333333
13076	280	0	5	0.6925	115.6	578.0	0.6666666666666666
13077	264	0	5	0.6525	166.6	833.0	0.6666666666666666
13078	399	0	5	0.99	204.0	1020.0	0.6666666666666666
13079	367	0	5	0.91	199.8	999.0	0.6666666666666666
13080	311	0	5	0.77	83.6	418.0	0.0
13081	356	0	5	0.8825	159.0	795.0	0.6666666666666666
13082	196	0	5	0.4825	194.0	970.0	0.0
13083	215	0	5	0.53	137.4	687.0	0.0
13084	288	0	5	0.7125	190.6	953.0	0.3333333333333333
13085	89	0	5	0.215	79.4	397.0	0.3333333333333333
13086	175	0	5	0.43	44.4	222.0	0.3333333333333333
13087	286	0	5	0.7075	128.0	640.0	0.6666666666666666
13088	77	0	5	0.185	47.4	237.0	0.0
13089	149	0	5	0.365	95.8	479.0	0.3333333333333333
13090	129	0	5	0.315	124.4	622.0	0.3333333333333333
13091	294	0	5	0.7275	215.6	1078.0	0.3333333333333333
13092	342	1	4	0.8525	286.0	1430.0	1.0
13093	98	0	5	0.2375	66.8	334.0	0.0
13094	337	0	5	0.835	249.2	1246.0	0.6666666666666666
13095	92	0	5	0.2225	87.4	437.0	0.0
13096	381	1	4	0.95	268.2	1341.0	1.0
13097	80	0	5	0.1925	78.0	390.0	0.0
13098	268	0	5	0.6625	111.6	558.0	0.3333333333333333
13099	96	0	5	0.2325	94.0	470.0	0.0
13100	157	0	5	0.385	100.2	501.0	0.3333333333333333
13101	184	0	5	0.4525	126.2	631.0	0.3333333333333333
13102	77	0	5	0.185	75.0	375.0	0.0
13103	265	0	5	0.655	263.0	1315.0	0.3333333333333333
13104	372	0	5	0.9225	216.0	1080.0	0.6666666666666666
13105	62	0	5	0.1475	47.6	238.0	0.3333333333333333
13106	128	0	5	0.3125	79.6	398.0	0.6666666666666666
13107	315	0	5	0.78	195.0	975.0	0.6666666666666666
13108	136	0	5	0.3325	91.6	458.0	0.3333333333333333
13109	130	0	5	0.3175	64.2	321.0	0.3333333333333333
13110	117	0	5	0.285	67.0	335.0	0.0
13111	365	0	5	0.905	294.6	1473.0	0.6666666666666666
13112	374	0	5	0.9275	355.0	1775.0	0.6666666666666666
13113	247	0	5	0.61	157.0	785.0	0.6666666666666666
13114	174	0	5	0.4275	109.0	545.0	0.3333333333333333
13115	292	0	5	0.7225	143.6	718.0	0.6666666666666666
13116	352	0	5	0.8725	286.4	1432.0	0.6666666666666666
13117	19	0	5	0.04	17.0	85.0	0.0
13118	157	0	5	0.385	107.0	535.0	0.3333333333333333
13119	39	0	5	0.09	19.8	99.0	0.3333333333333333
13120	272	0	5	0.6725	87.8	439.0	0.3333333333333333
13121	162	0	5	0.3975	78.0	390.0	0.6666666666666666
13122	194	0	5	0.4775	113.4	567.0	0.3333333333333333
13123	395	0	5	0.98	202.6	1013.0	0.6666666666666666
13124	360	0	5	0.8925	225.6	1128.0	0.6666666666666666
13125	352	0	5	0.8725	196.6	983.0	0.6666666666666666
13126	101	0	5	0.245	99.0	495.0	0.0
13127	195	0	5	0.48	118.8	594.0	0.3333333333333333
13128	22	0	5	0.0475	20.0	100.0	0.0
13129	101	0	5	0.245	96.6	483.0	0.6666666666666666
13130	323	0	5	0.8	137.0	685.0	0.0
13131	35	0	5	0.08	27.2	136.0	0.3333333333333333
13132	295	1	4	0.735	137.6	688.0	1.0
13133	169	0	5	0.415	117.8	589.0	0.3333333333333333
13134	25	0	5	0.055	23.0	115.0	0.0
13135	257	1	4	0.64	103.4	517.0	1.0
13136	209	0	5	0.515	146.8	734.0	0.6666666666666666
13137	359	1	4	0.895	138.2	691.0	1.0
13138	397	0	5	0.985	255.8	1279.0	0.6666666666666666
13139	386	0	5	0.9575	170.2	851.0	0.6666666666666666
13140	53	0	5	0.125	51.0	255.0	0.0
13141	228	1	4	0.5675	111.2	556.0	1.0
13142	117	0	5	0.285	113.6	568.0	0.3333333333333333
13143	167	0	5	0.41	114.2	571.0	0.3333333333333333
13144	244	0	5	0.6025	178.4	892.0	0.6666666666666666
13145	391	0	5	0.97	217.6	1088.0	0.3333333333333333
13146	184	0	5	0.4525	182.0	910.0	0.0
13147	217	0	5	0.535	207.0	1035.0	0.3333333333333333
13148	313	0	5	0.775	272.4	1362.0	0.3333333333333333
13149	240	0	5	0.5925	148.4	742.0	0.3333333333333333
13150	178	0	5	0.4375	64.2	321.0	0.6666666666666666
13151	99	0	5	0.24	85.0	425.0	0.3333333333333333
13152	57	0	5	0.135	55.0	275.0	0.0
13153	105	0	5	0.255	75.8	379.0	0.6666666666666666
13154	259	0	5	0.64	97.0	485.0	0.3333333333333333
13155	162	0	5	0.3975	118.2	591.0	0.3333333333333333
13156	77	0	5	0.185	23.0	115.0	0.0
13157	183	0	5	0.45	37.4	187.0	0.3333333333333333
13158	371	0	5	0.92	153.2	766.0	0.6666666666666666
13159	207	0	5	0.51	138.6	693.0	0.3333333333333333
13160	257	0	5	0.635	210.6	1053.0	0.3333333333333333
13161	127	0	5	0.31	125.0	625.0	0.0
13162	79	0	5	0.19	15.4	77.0	0.3333333333333333
13163	219	1	4	0.545	111.8	559.0	1.0
13164	296	0	5	0.7325	196.6	983.0	0.6666666666666666
13165	206	0	5	0.5075	77.6	388.0	0.3333333333333333
13166	301	0	5	0.745	272.6	1363.0	0.3333333333333333
13167	269	0	5	0.665	218.6	1093.0	0.0
13168	255	0	5	0.63	155.2	776.0	0.6666666666666666
13169	10	0	5	0.0175	8.0	40.0	0.0
13170	289	0	5	0.715	191.0	955.0	0.6666666666666666
13171	358	0	5	0.8875	202.6	1013.0	0.3333333333333333
13172	47	0	5	0.11	45.0	225.0	0.0
13173	245	0	5	0.605	233.4	1167.0	0.3333333333333333
13174	185	0	5	0.455	113.4	567.0	0.6666666666666666
13175	204	0	5	0.5025	135.8	679.0	0.6666666666666666
13176	151	0	5	0.37	114.6	573.0	0.0
13177	216	0	5	0.5325	64.0	320.0	0.3333333333333333
13178	238	0	5	0.5875	107.8	539.0	0.3333333333333333
13179	395	0	5	0.98	151.4	757.0	0.6666666666666666
13180	251	0	5	0.62	184.0	920.0	0.6666666666666666
13181	166	0	5	0.4075	92.6	463.0	0.3333333333333333
13182	247	0	5	0.61	233.2	1166.0	0.3333333333333333
13183	298	1	4	0.7425	133.2	666.0	1.0
13184	22	0	5	0.0475	20.0	100.0	0.0
13185	73	0	5	0.175	53.4	267.0	0.0
13186	257	0	5	0.635	103.2	516.0	0.6666666666666666
13187	17	0	5	0.035	15.0	75.0	0.0
13188	127	0	5	0.31	94.4	472.0	0.0
13189	328	0	5	0.8125	198.4	992.0	0.6666666666666666
13190	244	0	5	0.6025	209.0	1045.0	0.3333333333333333
13191	87	0	5	0.21	84.2	421.0	0.0
13192	317	0	5	0.785	154.8	774.0	0.3333333333333333
13193	349	0	5	0.865	135.4	677.0	0.3333333333333333
13194	396	0	5	0.9825	98.0	490.0	0.6666666666666666
13195	237	0	5	0.585	128.8	644.0	0.6666666666666666
13196	140	0	5	0.3425	78.0	390.0	0.3333333333333333
13197	148	0	5	0.3625	65.4	327.0	0.6666666666666666
13198	284	1	4	0.7075	115.2	576.0	1.0
13199	202	0	5	0.4975	200.0	1000.0	0.0
13200	40	0	5	0.0925	38.0	190.0	0.0
13201	315	0	5	0.78	264.0	1320.0	0.3333333333333333
13202	383	0	5	0.95	289.0	1445.0	0.6666666666666666
13203	208	0	5	0.5125	206.0	1030.0	0.0
13204	113	0	5	0.275	111.0	555.0	0.0
13205	360	0	5	0.8925	284.4	1422.0	0.6666666666666666
13206	48	0	5	0.1125	46.0	230.0	0.0
13207	64	0	5	0.1525	53.6	268.0	0.3333333333333333
13208	144	0	5	0.3525	99.0	495.0	0.0
13209	383	0	5	0.95	174.2	871.0	0.3333333333333333
13210	98	0	5	0.2375	88.4	442.0	0.3333333333333333
13211	298	0	5	0.7375	290.6	1453.0	0.3333333333333333
13212	307	0	5	0.76	246.0	1230.0	0.3333333333333333
13213	288	0	5	0.7125	263.6	1318.0	0.3333333333333333
13214	242	0	5	0.5975	212.4	1062.0	0.0
13215	116	0	5	0.2825	53.2	266.0	0.3333333333333333
13216	197	0	5	0.485	138.6	693.0	0.0
13217	26	0	5	0.0575	24.0	120.0	0.0
13218	210	0	5	0.5175	88.0	440.0	0.0
13219	177	0	5	0.435	84.6	423.0	0.0
13220	256	1	4	0.6375	153.2	766.0	1.0
13221	205	0	5	0.505	81.4	407.0	0.3333333333333333
13222	18	0	5	0.0375	16.0	80.0	0.0
13223	317	0	5	0.785	143.2	716.0	0.3333333333333333
13224	323	0	5	0.8	226.6	1133.0	0.3333333333333333
13225	226	0	5	0.5575	185.6	928.0	0.3333333333333333
13226	159	0	5	0.39	124.8	624.0	0.3333333333333333
13227	268	0	5	0.6625	113.0	565.0	0.6666666666666666
13228	243	0	5	0.6	128.8	644.0	0.3333333333333333
13229	288	0	5	0.7125	94.6	473.0	0.6666666666666666
13230	180	0	5	0.4425	55.6	278.0	0.6666666666666666
13231	58	0	5	0.1375	43.0	215.0	0.6666666666666666
13232	215	0	5	0.53	158.6	793.0	0.6666666666666666
13233	320	0	5	0.7925	217.8	1089.0	0.3333333333333333
13234	196	0	5	0.4825	138.0	690.0	0.3333333333333333
13235	341	0	5	0.845	319.4	1597.0	0.3333333333333333
13236	19	0	5	0.04	17.0	85.0	0.0
13237	358	0	5	0.8875	219.4	1097.0	0.6666666666666666
13238	252	0	5	0.6225	107.2	536.0	0.3333333333333333
13239	134	0	5	0.3275	44.8	224.0	0.0
13240	87	0	5	0.21	85.0	425.0	0.0
13241	9	0	5	0.015	7.0	35.0	0.0
13242	313	0	5	0.775	219.0	1095.0	0.3333333333333333
13243	134	0	5	0.3275	129.0	645.0	0.0
13244	15	0	5	0.03	13.0	65.0	0.0
13245	370	1	4	0.9225	188.4	942.0	1.0
13246	73	0	5	0.175	60.2	301.0	0.3333333333333333
13247	75	0	5	0.18	73.0	365.0	0.0
13248	181	0	5	0.445	110.2	551.0	0.3333333333333333
13249	190	0	5	0.4675	80.8	404.0	0.0
13250	240	0	5	0.5925	100.8	504.0	0.3333333333333333
13251	388	1	4	0.9675	320.0	1600.0	1.0
13252	53	0	5	0.125	32.2	161.0	0.3333333333333333
13253	393	0	5	0.975	281.4	1407.0	0.6666666666666666
13254	183	0	5	0.45	111.0	555.0	0.6666666666666666
13255	132	0	5	0.3225	79.6	398.0	0.3333333333333333
13256	332	0	5	0.8225	160.0	800.0	0.6666666666666666
13257	277	0	5	0.685	164.0	820.0	0.6666666666666666
13258	47	0	5	0.11	45.0	225.0	0.0
13259	298	0	5	0.7375	132.4	662.0	0.6666666666666666
13260	196	0	5	0.4825	89.2	446.0	0.3333333333333333
13261	295	0	5	0.73	167.6	838.0	0.3333333333333333
13262	249	0	5	0.615	170.2	851.0	0.3333333333333333
13263	202	0	5	0.4975	182.4	912.0	0.0
13264	73	1	4	0.18	33.0	165.0	1.0
13265	7	0	5	0.01	5.0	25.0	0.0
13266	108	0	5	0.2625	87.6	438.0	0.3333333333333333
13267	350	0	5	0.8675	177.2	886.0	0.6666666666666666
13268	381	0	5	0.945	183.6	918.0	0.6666666666666666
13269	384	0	5	0.9525	316.8	1584.0	0.6666666666666666
13270	128	0	5	0.3125	60.6	303.0	0.0
13271	119	0	5	0.29	63.4	317.0	0.0
13272	80	0	5	0.1925	75.6	378.0	0.0
13273	219	0	5	0.54	163.4	817.0	0.0
13274	237	0	5	0.585	226.8	1134.0	0.3333333333333333
13275	104	0	5	0.2525	45.6	228.0	0.0
13276	399	1	4	0.995	129.0	645.0	1.0
13277	223	0	5	0.55	143.2	716.0	0.6666666666666666
13278	391	1	4	0.975	91.0	455.0	1.0
13279	227	0	5	0.56	101.6	508.0	0.6666666666666666
13280	216	0	5	0.5325	64.4	322.0	0.3333333333333333
13281	310	0	5	0.7675	181.8	909.0	0.6666666666666666
13282	134	0	5	0.3275	82.8	414.0	0.3333333333333333
13283	279	0	5	0.69	251.8	1259.0	0.3333333333333333
13284	230	0	5	0.5675	93.4	467.0	0.3333333333333333
13285	327	0	5	0.81	201.4	1007.0	0.6666666666666666
13286	372	0	5	0.9225	263.0	1315.0	0.6666666666666666
13287	125	0	5	0.305	53.4	267.0	0.3333333333333333
13288	234	0	5	0.5775	118.0	590.0	0.6666666666666666
13289	185	0	5	0.455	183.0	915.0	0.0
13290	89	0	5	0.215	60.6	303.0	0.3333333333333333
13291	166	0	5	0.4075	67.8	339.0	0.0
13292	55	0	5	0.13	33.0	165.0	0.0
13293	308	0	5	0.7625	161.0	805.0	0.3333333333333333
13294	327	0	5	0.81	245.8	1229.0	0.3333333333333333
13295	269	0	5	0.665	106.8	534.0	0.3333333333333333
13296	393	1	4	0.98	203.6	1018.0	1.0
13297	358	1	4	0.8925	103.6	518.0	1.0
13298	122	0	5	0.2975	52.0	260.0	0.6666666666666666
13299	318	0	5	0.7875	251.2	1256.0	0.0
13300	72	0	5	0.1725	65.6	328.0	0.0
13301	204	0	5	0.5025	200.2	1001.0	0.0
13302	326	0	5	0.8075	178.8	894.0	0.6666666666666666
13303	67	0	5	0.16	63.8	319.0	0.0
13304	259	0	5	0.64	225.2	1126.0	0.0
13305	117	0	5	0.285	106.0	530.0	0.3333333333333333
13306	378	0	5	0.9375	291.6	1458.0	0.3333333333333333
13307	357	0	5	0.885	189.4	947.0	0.6666666666666666
13308	41	0	5	0.095	25.4	127.0	0.6666666666666666
13309	174	0	5	0.4275	153.4	767.0	0.3333333333333333
13310	390	0	5	0.9675	307.6	1538.0	0.6666666666666666
13311	159	0	5	0.39	85.6	428.0	0.0
13312	237	0	5	0.585	173.8	869.0	0.3333333333333333
13313	115	0	5	0.28	113.0	565.0	0.0
13314	150	0	5	0.3675	77.6	388.0	0.6666666666666666
13315	172	0	5	0.4225	141.8	709.0	0.3333333333333333
13316	181	0	5	0.445	129.4	647.0	0.6666666666666666
13317	234	0	5	0.5775	188.2	941.0	0.0
13318	172	0	5	0.4225	124.8	624.0	0.3333333333333333
13319	171	0	5	0.42	114.0	570.0	0.6666666666666666
13320	381	0	5	0.945	130.2	651.0	0.6666666666666666
13321	360	0	5	0.8925	175.4	877.0	0.6666666666666666
13322	187	0	5	0.46	41.0	205.0	0.6666666666666666
13323	243	0	5	0.6	231.4	1157.0	0.3333333333333333
13324	367	1	4	0.915	111.8	559.0	1.0
13325	353	0	5	0.875	172.4	862.0	0.6666666666666666
13326	237	1	4	0.59	195.0	975.0	1.0
13327	316	1	4	0.7875	114.0	570.0	1.0
13328	53	0	5	0.125	51.0	255.0	0.0
13329	184	1	4	0.4575	159.2	796.0	1.0
13330	216	0	5	0.5325	101.4	507.0	0.6666666666666666
13331	87	0	5	0.21	68.6	343.0	0.0
13332	29	0	5	0.065	25.8	129.0	0.0
13333	278	0	5	0.6875	262.8	1314.0	0.3333333333333333
13334	193	0	5	0.475	143.4	717.0	0.3333333333333333
13335	314	0	5	0.7775	167.6	838.0	0.3333333333333333
13336	285	0	5	0.705	63.4	317.0	0.3333333333333333
13337	385	0	5	0.955	272.0	1360.0	0.6666666666666666
13338	74	0	5	0.1775	52.4	262.0	0.3333333333333333
13339	336	0	5	0.8325	179.8	899.0	0.6666666666666666
13340	369	0	5	0.915	148.6	743.0	0.6666666666666666
13341	289	0	5	0.715	89.6	448.0	0.6666666666666666
13342	125	0	5	0.305	123.0	615.0	0.0
13343	109	0	5	0.265	78.2	391.0	0.0
13344	92	0	5	0.2225	86.4	432.0	0.0
13345	230	0	5	0.5675	150.8	754.0	0.6666666666666666
13346	90	0	5	0.2175	88.0	440.0	0.3333333333333333
13347	145	0	5	0.355	143.0	715.0	0.0
13348	258	0	5	0.6375	211.0	1055.0	0.6666666666666666
13349	96	0	5	0.2325	34.0	170.0	0.3333333333333333
13350	115	0	5	0.28	83.0	415.0	0.3333333333333333
13351	400	0	5	0.9925	240.2	1201.0	0.6666666666666666
13352	186	0	5	0.4575	121.0	605.0	0.0
13353	15	0	5	0.03	13.0	65.0	0.0
13354	118	0	5	0.2875	36.8	184.0	0.0
13355	119	0	5	0.29	103.0	515.0	0.0
13356	99	0	5	0.24	97.0	485.0	0.0
13357	298	0	5	0.7375	197.6	988.0	0.3333333333333333
13358	84	0	5	0.2025	82.0	410.0	0.0
13359	374	0	5	0.9275	169.0	845.0	0.6666666666666666
13360	152	0	5	0.3725	72.0	360.0	0.3333333333333333
13361	212	0	5	0.5225	184.0	920.0	0.3333333333333333
13362	382	1	4	0.9525	255.8	1279.0	1.0
13363	51	0	5	0.12	49.0	245.0	0.0
13364	169	0	5	0.415	125.8	629.0	0.3333333333333333
13365	18	0	5	0.0375	16.0	80.0	0.0
13366	370	0	5	0.9175	187.6	938.0	0.3333333333333333
13367	183	0	5	0.45	174.2	871.0	0.3333333333333333
13368	309	0	5	0.765	257.8	1289.0	0.3333333333333333
13369	67	0	5	0.16	65.0	325.0	0.0
13370	264	0	5	0.6525	211.4	1057.0	0.0
13371	100	0	5	0.2425	98.0	490.0	0.0
13372	397	0	5	0.985	111.2	556.0	0.3333333333333333
13373	70	0	5	0.1675	53.8	269.0	0.3333333333333333
13374	64	0	5	0.1525	62.0	310.0	0.0
13375	26	0	5	0.0575	24.0	120.0	0.0
13376	267	0	5	0.66	138.4	692.0	0.3333333333333333
13377	48	0	5	0.1125	46.0	230.0	0.0
13378	355	0	5	0.88	299.8	1499.0	0.3333333333333333
13379	149	0	5	0.365	132.0	660.0	0.3333333333333333
13380	190	0	5	0.4675	188.0	940.0	0.0
13381	101	0	5	0.245	99.0	495.0	0.3333333333333333
13382	183	0	5	0.45	125.8	629.0	0.3333333333333333
13383	256	1	4	0.6375	121.6	608.0	1.0
13384	129	0	5	0.315	41.4	207.0	0.3333333333333333
13385	277	1	4	0.69	135.0	675.0	1.0
13386	249	0	5	0.615	209.8	1049.0	0.3333333333333333
13387	84	0	5	0.2025	82.0	410.0	0.0
13388	182	0	5	0.4475	172.4	862.0	0.3333333333333333
13389	300	0	5	0.7425	184.0	920.0	0.6666666666666666
13390	93	0	5	0.225	77.8	389.0	0.0
13391	388	0	5	0.9625	151.0	755.0	0.6666666666666666
13392	56	0	5	0.1325	54.0	270.0	0.0
13393	383	0	5	0.95	275.0	1375.0	0.6666666666666666
13394	377	0	5	0.935	143.0	715.0	0.6666666666666666
13395	294	0	5	0.7275	128.8	644.0	0.6666666666666666
13396	221	0	5	0.545	141.4	707.0	0.6666666666666666
13397	336	0	5	0.8325	254.8	1274.0	0.0
13398	125	0	5	0.305	108.8	544.0	0.0
13399	112	0	5	0.2725	93.8	469.0	0.3333333333333333
13400	369	0	5	0.915	265.2	1326.0	0.6666666666666666
13401	127	0	5	0.31	116.2	581.0	0.3333333333333333
13402	67	0	5	0.16	65.0	325.0	0.0
13403	118	0	5	0.2875	88.4	442.0	0.3333333333333333
13404	153	0	5	0.375	68.8	344.0	0.3333333333333333
13405	297	0	5	0.735	172.4	862.0	0.6666666666666666
13406	363	1	4	0.905	135.2	676.0	1.0
13407	149	1	4	0.37	55.4	277.0	1.0
13408	153	0	5	0.375	137.4	687.0	0.0
13409	56	0	5	0.1325	52.0	260.0	0.3333333333333333
13410	169	0	5	0.415	167.0	835.0	0.0
13411	280	0	5	0.6925	231.8	1159.0	0.3333333333333333
13412	11	0	5	0.02	9.0	45.0	0.0
13413	84	0	5	0.2025	82.0	410.0	0.0
13414	174	1	4	0.4325	145.2	726.0	1.0
13415	37	0	5	0.085	35.0	175.0	0.0
13416	123	0	5	0.3	52.0	260.0	0.0
13417	7	0	5	0.01	5.0	25.0	0.0
13418	208	0	5	0.5125	107.0	535.0	0.0
13419	46	0	5	0.1075	44.0	220.0	0.0
13420	289	0	5	0.715	128.8	644.0	0.6666666666666666
13421	190	0	5	0.4675	185.2	926.0	0.0
13422	27	0	5	0.06	25.0	125.0	0.0
13423	77	0	5	0.185	63.4	317.0	0.6666666666666666
13424	38	0	5	0.0875	32.2	161.0	0.6666666666666666
13425	22	0	5	0.0475	11.6	58.0	0.0
13426	55	0	5	0.13	41.4	207.0	0.3333333333333333
13427	247	0	5	0.61	91.4	457.0	0.6666666666666666
13428	378	0	5	0.9375	169.8	849.0	0.6666666666666666
13429	25	0	5	0.055	9.4	47.0	0.0
13430	169	0	5	0.415	70.4	352.0	0.0
13431	337	0	5	0.835	270.8	1354.0	0.6666666666666666
13432	197	0	5	0.485	157.4	787.0	0.3333333333333333
13433	328	0	5	0.8125	172.0	860.0	0.6666666666666666
13434	270	0	5	0.6675	223.0	1115.0	0.3333333333333333
13435	100	0	5	0.2425	95.6	478.0	0.0
13436	202	0	5	0.4975	200.0	1000.0	0.0
13437	142	0	5	0.3475	140.0	700.0	0.0
13438	14	0	5	0.0275	12.0	60.0	0.0
13439	333	0	5	0.825	179.0	895.0	0.3333333333333333
13440	95	0	5	0.23	82.2	411.0	0.6666666666666666
13441	175	0	5	0.43	78.8	394.0	0.3333333333333333
13442	17	0	5	0.035	15.0	75.0	0.0
13443	159	0	5	0.39	63.0	315.0	0.3333333333333333
13444	269	0	5	0.665	86.6	433.0	0.6666666666666666
13445	18	0	5	0.0375	16.0	80.0	0.0
13446	95	0	5	0.23	93.0	465.0	0.0
13447	133	0	5	0.325	105.0	525.0	0.3333333333333333
13448	290	0	5	0.7175	159.6	798.0	0.6666666666666666
13449	47	0	5	0.11	39.0	195.0	0.6666666666666666
13450	218	0	5	0.5375	120.2	601.0	0.3333333333333333
13451	127	0	5	0.31	119.8	599.0	0.3333333333333333
13452	212	0	5	0.5225	137.8	689.0	0.3333333333333333
13453	189	0	5	0.465	161.0	805.0	0.0
13454	66	0	5	0.1575	64.0	320.0	0.0
13455	381	0	5	0.945	211.2	1056.0	0.6666666666666666
13456	326	0	5	0.8075	202.8	1014.0	0.6666666666666666
13457	126	0	5	0.3075	113.2	566.0	0.0
13458	79	0	5	0.19	18.6	93.0	0.3333333333333333
13459	118	0	5	0.2875	87.8	439.0	0.6666666666666666
13460	251	1	4	0.625	76.6	383.0	1.0
13461	305	0	5	0.755	222.8	1114.0	0.6666666666666666
13462	315	1	4	0.785	118.2	591.0	1.0
13463	103	0	5	0.25	65.8	329.0	0.0
13464	177	0	5	0.435	175.0	875.0	0.3333333333333333
13465	147	0	5	0.36	81.0	405.0	0.3333333333333333
13466	40	0	5	0.0925	37.0	185.0	0.0
13467	377	0	5	0.935	215.8	1079.0	0.6666666666666666
13468	228	0	5	0.5625	183.4	917.0	0.0
13469	342	0	5	0.8475	193.2	966.0	0.3333333333333333
13470	43	0	5	0.1	41.0	205.0	0.0
13471	366	1	4	0.9125	174.8	874.0	1.0
13472	339	0	5	0.84	253.2	1266.0	0.6666666666666666
13473	207	0	5	0.51	111.4	557.0	0.6666666666666666
13474	274	0	5	0.6775	72.0	360.0	0.6666666666666666
13475	260	0	5	0.6425	135.6	678.0	0.3333333333333333
13476	373	0	5	0.925	157.0	785.0	0.6666666666666666
13477	275	0	5	0.68	224.2	1121.0	0.0
13478	50	0	5	0.1175	48.0	240.0	0.0
13479	249	1	4	0.62	193.0	965.0	1.0
13480	261	1	4	0.65	212.4	1062.0	1.0
13481	193	0	5	0.475	104.2	521.0	0.3333333333333333
13482	23	0	5	0.05	19.4	97.0	0.0
13483	291	0	5	0.72	250.0	1250.0	0.0
13484	399	1	4	0.995	150.0	750.0	1.0
13485	269	1	4	0.67	148.2	741.0	1.0
13486	120	0	5	0.2925	118.0	590.0	0.3333333333333333
13487	28	0	5	0.0625	26.0	130.0	0.0
13488	63	0	5	0.15	13.0	65.0	0.3333333333333333
13489	347	1	4	0.865	285.2	1426.0	1.0
13490	111	0	5	0.27	70.6	353.0	0.3333333333333333
13491	303	0	5	0.75	296.2	1481.0	0.3333333333333333
13492	129	0	5	0.315	56.6	283.0	0.6666666666666666
13493	85	0	5	0.205	63.4	317.0	0.3333333333333333
13494	321	0	5	0.795	140.2	701.0	0.6666666666666666
13495	401	0	2	0.9975	256.8	1284.0	0.6666666666666666
13496	363	0	5	0.9	223.4	1117.0	0.6666666666666666
13497	209	0	5	0.515	136.8	684.0	0.3333333333333333
13498	247	0	5	0.61	241.0	1205.0	0.3333333333333333
13499	177	1	4	0.44	137.8	689.0	1.0
13500	259	0	5	0.64	156.8	784.0	0.3333333333333333
13501	199	0	5	0.49	102.8	514.0	0.6666666666666666
13502	115	0	5	0.28	101.8	509.0	0.3333333333333333
13503	86	0	5	0.2075	68.8	344.0	0.3333333333333333
13504	168	0	5	0.4125	163.0	815.0	0.3333333333333333
13505	89	0	5	0.215	66.6	333.0	0.6666666666666666
13506	192	1	4	0.4775	97.2	486.0	1.0
13507	85	0	5	0.205	35.6	178.0	0.0
13508	248	0	5	0.6125	102.8	514.0	0.6666666666666666
13509	315	0	5	0.78	202.8	1014.0	0.6666666666666666
13510	191	0	5	0.47	135.8	679.0	0.3333333333333333
13511	123	0	5	0.3	62.0	310.0	0.6666666666666666
13512	371	0	5	0.92	233.2	1166.0	0.3333333333333333
13513	183	0	5	0.45	134.0	670.0	0.3333333333333333
13514	333	0	5	0.825	206.4	1032.0	0.6666666666666666
13515	62	0	5	0.1475	60.0	300.0	0.0
13516	290	0	5	0.7175	79.2	396.0	0.3333333333333333
13517	241	0	5	0.595	234.0	1170.0	0.6666666666666666
13518	18	0	5	0.0375	16.0	80.0	0.0
13519	354	0	5	0.8775	258.8	1294.0	0.6666666666666666
13520	180	0	5	0.4425	136.4	682.0	0.3333333333333333
13521	104	0	5	0.2525	79.2	396.0	0.0
13522	238	0	5	0.5875	84.4	422.0	0.6666666666666666
13523	211	0	5	0.52	153.6	768.0	0.3333333333333333
13524	249	0	5	0.615	79.8	399.0	0.6666666666666666
13525	181	0	5	0.445	82.0	410.0	0.3333333333333333
13526	106	0	5	0.2575	104.0	520.0	0.0
13527	102	0	5	0.2475	89.0	445.0	0.3333333333333333
13528	268	0	5	0.6625	115.4	577.0	0.3333333333333333
13529	193	0	5	0.475	125.6	628.0	0.3333333333333333
13530	96	1	4	0.2375	42.0	210.0	1.0
13531	142	0	5	0.3475	79.6	398.0	0.0
13532	401	0	5	0.995	181.8	909.0	0.6666666666666666
13533	35	0	5	0.08	33.0	165.0	0.0
13534	146	0	5	0.3575	57.6	288.0	0.3333333333333333
13535	207	0	5	0.51	90.8	454.0	0.0
13536	120	0	5	0.2925	97.8	489.0	0.6666666666666666
13537	214	0	5	0.5275	52.0	260.0	0.6666666666666666
13538	133	1	4	0.33	105.8	529.0	1.0
13539	333	0	5	0.825	275.8	1379.0	0.6666666666666666
13540	223	1	4	0.555	105.6	528.0	1.0
13541	29	0	5	0.065	26.8	134.0	0.0
13542	73	0	5	0.175	71.0	355.0	0.0
13543	341	1	4	0.85	95.2	476.0	1.0
13544	344	1	4	0.8575	195.6	978.0	1.0
13545	290	0	5	0.7175	114.8	574.0	0.6666666666666666
13546	297	0	5	0.735	135.0	675.0	0.3333333333333333
13547	134	0	5	0.3275	128.4	642.0	0.0
13548	391	0	5	0.97	233.4	1167.0	0.6666666666666666
13549	4	0	5	0.0025	1.2	6.0	0.3333333333333333
13550	292	0	5	0.7225	256.4	1282.0	0.0
13551	293	0	5	0.725	230.0	1150.0	0.3333333333333333
13552	58	0	5	0.1375	56.0	280.0	0.0
13553	121	0	5	0.295	119.0	595.0	0.0
13554	210	0	5	0.5175	196.0	980.0	0.3333333333333333
13555	188	0	5	0.4625	162.4	812.0	0.0
13556	258	0	5	0.6375	216.4	1082.0	0.0
13557	191	0	5	0.47	135.0	675.0	0.6666666666666666
13558	182	0	5	0.4475	164.4	822.0	0.3333333333333333
13559	235	0	5	0.58	179.6	898.0	0.3333333333333333
13560	352	0	5	0.8725	336.4	1682.0	0.3333333333333333
13561	316	0	5	0.7825	176.8	884.0	0.6666666666666666
13562	133	0	5	0.325	100.4	502.0	0.3333333333333333
13563	21	0	5	0.045	18.4	92.0	0.3333333333333333
13564	127	0	5	0.31	93.4	467.0	0.3333333333333333
13565	281	0	5	0.695	217.6	1088.0	0.3333333333333333
13566	382	0	5	0.9475	287.0	1435.0	0.6666666666666666
13567	333	0	5	0.825	156.2	781.0	0.6666666666666666
13568	226	0	5	0.5575	224.0	1120.0	0.0
13569	165	0	5	0.405	114.2	571.0	0.3333333333333333
13570	16	0	5	0.0325	14.0	70.0	0.0
13571	129	0	5	0.315	85.4	427.0	0.3333333333333333
13572	387	1	4	0.965	247.8	1239.0	1.0
13573	17	0	5	0.035	15.0	75.0	0.0
13574	215	0	5	0.53	211.4	1057.0	0.0
13575	35	0	5	0.08	17.8	89.0	0.3333333333333333
13576	21	0	5	0.045	19.0	95.0	0.0
13577	197	0	5	0.485	195.0	975.0	0.0
13578	255	0	5	0.63	183.8	919.0	0.3333333333333333
13579	205	0	5	0.505	136.6	683.0	0.0
13580	211	0	5	0.52	209.0	1045.0	0.3333333333333333
13581	178	0	5	0.4375	144.8	724.0	0.0
13582	124	0	5	0.3025	50.6	253.0	0.0
13583	299	0	5	0.74	127.4	637.0	0.6666666666666666
13584	242	0	5	0.5975	198.8	994.0	0.3333333333333333
13585	15	0	5	0.03	13.0	65.0	0.0
13586	392	0	5	0.9725	138.0	690.0	0.6666666666666666
13587	186	0	5	0.4575	179.6	898.0	0.3333333333333333
13588	379	0	5	0.94	269.4	1347.0	0.6666666666666666
13589	77	0	5	0.185	40.2	201.0	0.0
13590	208	0	5	0.5125	121.6	608.0	0.0
13591	391	1	4	0.975	177.0	885.0	1.0
13592	224	0	5	0.5525	147.6	738.0	0.3333333333333333
13593	27	0	5	0.06	25.0	125.0	0.0
13594	198	0	5	0.4875	128.8	644.0	0.3333333333333333
13595	337	0	5	0.835	176.0	880.0	0.3333333333333333
13596	246	0	5	0.6075	232.0	1160.0	0.3333333333333333
13597	193	0	5	0.475	142.6	713.0	0.0
13598	337	0	5	0.835	162.6	813.0	0.6666666666666666
13599	48	0	5	0.1125	42.6	213.0	0.3333333333333333
13600	293	0	5	0.725	155.4	777.0	0.3333333333333333
13601	148	0	5	0.3625	92.0	460.0	0.3333333333333333
13602	206	0	5	0.5075	157.2	786.0	0.0
13603	215	0	5	0.53	162.2	811.0	0.3333333333333333
13604	249	0	5	0.615	144.8	724.0	0.3333333333333333
13605	137	0	5	0.335	135.0	675.0	0.0
13606	100	0	5	0.2425	98.0	490.0	0.0
13607	355	1	4	0.885	96.6	483.0	1.0
13608	219	0	5	0.54	105.0	525.0	0.6666666666666666
13609	374	1	4	0.9325	258.8	1294.0	1.0
13610	302	0	5	0.7475	123.6	618.0	0.6666666666666666
13611	198	0	5	0.4875	170.0	850.0	0.3333333333333333
13612	26	0	5	0.0575	24.0	120.0	0.0
13613	195	0	5	0.48	126.4	632.0	0.3333333333333333
13614	348	0	5	0.8625	243.0	1215.0	0.6666666666666666
13615	352	1	4	0.8775	75.0	375.0	1.0
13616	363	1	4	0.905	237.0	1185.0	1.0
13617	187	0	5	0.46	168.2	841.0	0.3333333333333333
13618	315	0	5	0.78	125.8	629.0	0.6666666666666666
13619	239	1	4	0.595	206.2	1031.0	1.0
13620	312	0	5	0.7725	270.8	1354.0	0.3333333333333333
13621	98	0	5	0.2375	66.4	332.0	0.3333333333333333
13622	304	0	5	0.7525	113.6	568.0	0.3333333333333333
13623	393	1	4	0.98	174.8	874.0	1.0
13624	293	0	5	0.725	258.4	1292.0	0.3333333333333333
13625	289	1	4	0.72	120.6	603.0	1.0
13626	157	0	5	0.385	93.0	465.0	0.0
13627	318	1	4	0.7925	145.6	728.0	1.0
13628	16	0	5	0.0325	14.0	70.0	0.0
13629	263	0	5	0.65	237.6	1188.0	0.3333333333333333
13630	281	0	5	0.695	122.6	613.0	0.3333333333333333
13631	48	0	5	0.1125	40.8	204.0	0.3333333333333333
13632	10	0	5	0.0175	8.0	40.0	0.0
13633	338	0	5	0.8375	155.0	775.0	0.6666666666666666
13634	224	0	5	0.5525	184.4	922.0	0.3333333333333333
13635	363	0	5	0.9	153.6	768.0	0.6666666666666666
13636	237	1	4	0.59	113.2	566.0	1.0
13637	264	0	5	0.6525	214.8	1074.0	0.3333333333333333
13638	286	0	5	0.7075	232.4	1162.0	0.6666666666666666
13639	97	0	5	0.235	95.0	475.0	0.3333333333333333
13640	134	0	5	0.3275	126.6	633.0	0.3333333333333333
13641	85	0	5	0.205	83.0	415.0	0.0
13642	106	0	5	0.2575	104.0	520.0	0.3333333333333333
13643	70	0	5	0.1675	32.8	164.0	0.3333333333333333
13644	324	0	5	0.8025	164.4	822.0	0.6666666666666666
13645	77	0	5	0.185	53.8	269.0	0.0
13646	331	0	5	0.82	197.8	989.0	0.3333333333333333
13647	215	0	5	0.53	115.8	579.0	0.3333333333333333
13648	47	0	5	0.11	40.6	203.0	0.0
13649	344	0	5	0.8525	250.8	1254.0	0.6666666666666666
13650	186	0	5	0.4575	128.6	643.0	0.3333333333333333
13651	218	0	5	0.5375	97.8	489.0	0.0
13652	226	0	5	0.5575	125.0	625.0	0.3333333333333333
13653	364	0	5	0.9025	184.4	922.0	0.6666666666666666
13654	349	1	4	0.87	198.6	993.0	1.0
13655	347	1	4	0.865	280.2	1401.0	1.0
13656	401	0	4	0.9975	148.0	740.0	0.6666666666666666
13657	150	0	5	0.3675	110.0	550.0	0.3333333333333333
13658	171	0	5	0.42	126.6	633.0	0.6666666666666666
13659	387	0	5	0.96	281.4	1407.0	0.6666666666666666
13660	316	1	4	0.7875	117.8	589.0	1.0
13661	187	0	5	0.46	74.0	370.0	0.3333333333333333
13662	298	0	5	0.7375	165.2	826.0	0.6666666666666666
13663	137	0	5	0.335	80.4	402.0	0.3333333333333333
13664	219	0	5	0.54	204.2	1021.0	0.3333333333333333
13665	123	0	5	0.3	59.8	299.0	0.3333333333333333
13666	101	0	5	0.245	99.0	495.0	0.0
13667	88	0	5	0.2125	86.0	430.0	0.0
13668	131	0	5	0.32	77.2	386.0	0.3333333333333333
13669	371	1	4	0.925	256.6	1283.0	1.0
13670	399	0	5	0.99	262.8	1314.0	0.6666666666666666
13671	79	0	5	0.19	77.0	385.0	0.0
13672	366	0	5	0.9075	84.6	423.0	0.6666666666666666
13673	143	0	5	0.35	97.4	487.0	0.3333333333333333
13674	38	0	5	0.0875	16.0	80.0	0.3333333333333333
13675	285	1	4	0.71	128.2	641.0	1.0
13676	400	1	4	0.9975	252.6	1263.0	1.0
13677	170	0	5	0.4175	148.2	741.0	0.0
13678	57	0	5	0.135	45.8	229.0	0.3333333333333333
13679	183	0	5	0.45	175.2	876.0	0.3333333333333333
13680	124	0	5	0.3025	119.6	598.0	0.3333333333333333
13681	179	0	5	0.44	89.8	449.0	0.6666666666666666
13682	269	0	5	0.665	146.2	731.0	0.6666666666666666
13683	150	0	5	0.3675	64.8	324.0	0.0
13684	317	1	4	0.79	169.2	846.0	1.0
13685	119	0	5	0.29	82.2	411.0	0.0
13686	362	1	4	0.9025	147.6	738.0	1.0
13687	80	0	5	0.1925	57.2	286.0	0.3333333333333333
13688	291	0	5	0.72	221.2	1106.0	0.3333333333333333
13689	363	0	5	0.9	296.6	1483.0	0.6666666666666666
13690	71	0	5	0.17	69.0	345.0	0.0
13691	126	0	5	0.3075	122.0	610.0	0.3333333333333333
13692	245	0	5	0.605	156.6	783.0	0.3333333333333333
13693	276	1	4	0.6875	213.6	1068.0	1.0
13694	85	0	5	0.205	27.8	139.0	0.3333333333333333
13695	7	0	5	0.01	5.0	25.0	0.0
13696	143	0	5	0.35	140.8	704.0	0.0
13697	319	0	5	0.79	272.0	1360.0	0.3333333333333333
13698	386	1	4	0.9625	129.2	646.0	1.0
13699	283	0	5	0.7	106.6	533.0	0.6666666666666666
13700	144	0	5	0.3525	121.6	608.0	0.0
13701	375	0	5	0.93	145.4	727.0	0.6666666666666666
13702	241	0	5	0.595	109.4	547.0	0.3333333333333333
13703	168	0	5	0.4125	166.0	830.0	0.0
13704	311	1	4	0.775	246.8	1234.0	1.0
13705	266	0	5	0.6575	147.8	739.0	0.6666666666666666
13706	302	0	5	0.7475	86.8	434.0	0.6666666666666666
13707	83	0	5	0.2	65.4	327.0	0.0
13708	233	0	5	0.575	192.6	963.0	0.0
13709	373	1	4	0.93	207.8	1039.0	1.0
13710	326	1	4	0.8125	179.2	896.0	1.0
13711	290	0	5	0.7175	212.6	1063.0	0.6666666666666666
13712	276	0	5	0.6825	270.0	1350.0	0.3333333333333333
13713	251	0	5	0.62	216.2	1081.0	0.3333333333333333
13714	73	0	5	0.175	30.8	154.0	0.3333333333333333
13715	226	0	5	0.5575	208.0	1040.0	0.6666666666666666
13716	63	0	5	0.15	61.0	305.0	0.0
13717	281	1	4	0.7	168.4	842.0	1.0
13718	224	0	5	0.5525	100.6	503.0	0.3333333333333333
13719	155	0	5	0.38	153.0	765.0	0.0
13720	111	0	5	0.27	106.6	533.0	0.3333333333333333
13721	235	0	5	0.58	129.4	647.0	0.6666666666666666
13722	223	0	5	0.55	181.8	909.0	0.0
13723	49	0	5	0.115	47.0	235.0	0.0
13724	382	0	5	0.9475	128.8	644.0	0.6666666666666666
13725	227	0	5	0.56	216.2	1081.0	0.0
13726	94	0	5	0.2275	92.0	460.0	0.0
13727	354	0	5	0.8775	116.8	584.0	0.6666666666666666
13728	126	0	5	0.3075	116.2	581.0	0.3333333333333333
13729	78	0	5	0.1875	44.0	220.0	0.3333333333333333
13730	172	0	5	0.4225	98.0	490.0	0.3333333333333333
13731	354	0	5	0.8775	230.4	1152.0	0.3333333333333333
13732	155	0	5	0.38	93.0	465.0	0.0
13733	318	0	5	0.7875	150.2	751.0	0.6666666666666666
13734	81	0	5	0.195	77.0	385.0	0.3333333333333333
13735	9	0	5	0.015	7.0	35.0	0.0
13736	294	0	5	0.7275	266.8	1334.0	0.3333333333333333
13737	191	0	5	0.47	97.4	487.0	0.6666666666666666
13738	203	0	5	0.5	112.4	562.0	0.6666666666666666
13739	226	0	5	0.5575	176.8	884.0	0.3333333333333333
13740	140	0	5	0.3425	78.8	394.0	0.3333333333333333
13741	178	0	5	0.4375	115.0	575.0	0.0
13742	317	0	5	0.785	144.2	721.0	0.6666666666666666
13743	153	0	5	0.375	69.4	347.0	0.3333333333333333
13744	393	0	5	0.975	247.8	1239.0	0.6666666666666666
13745	370	0	5	0.9175	267.6	1338.0	0.6666666666666666
13746	366	1	4	0.9125	184.0	920.0	1.0
13747	314	0	5	0.7775	137.2	686.0	0.6666666666666666
13748	112	0	5	0.2725	110.0	550.0	0.0
13749	338	1	4	0.8425	73.2	366.0	1.0
13750	261	1	4	0.65	78.2	391.0	1.0
13751	401	0	4	0.9975	181.0	905.0	0.6666666666666666
13752	141	0	5	0.345	139.0	695.0	0.0
13753	259	0	5	0.64	159.4	797.0	0.3333333333333333
13754	349	0	5	0.865	253.8	1269.0	0.6666666666666666
13755	302	0	5	0.7475	141.0	705.0	0.6666666666666666
13756	121	0	5	0.295	60.6	303.0	0.3333333333333333
13757	51	0	5	0.12	49.0	245.0	0.0
13758	114	0	5	0.2775	70.0	350.0	0.3333333333333333
13759	387	0	5	0.96	193.8	969.0	0.6666666666666666
13760	279	0	5	0.69	227.0	1135.0	0.6666666666666666
13761	281	0	5	0.695	148.0	740.0	0.6666666666666666
13762	25	0	5	0.055	23.0	115.0	0.0
13763	358	0	5	0.8875	218.4	1092.0	0.3333333333333333
13764	145	1	4	0.36	106.8	534.0	1.0
13765	344	0	5	0.8525	203.0	1015.0	0.3333333333333333
13766	3	0	5	0.0025	0.6	3.0	0.3333333333333333
13767	337	0	5	0.835	274.2	1371.0	0.0
13768	371	0	5	0.92	235.4	1177.0	0.6666666666666666
13769	162	0	5	0.3975	118.6	593.0	0.3333333333333333
13770	126	0	5	0.3075	95.2	476.0	0.3333333333333333
13771	274	0	5	0.6775	127.6	638.0	0.6666666666666666
13772	34	0	5	0.0775	32.0	160.0	0.0
13773	341	0	5	0.845	248.2	1241.0	0.6666666666666666
13774	324	0	5	0.8025	199.8	999.0	0.6666666666666666
13775	246	0	5	0.6075	137.2	686.0	0.6666666666666666
13776	343	0	5	0.85	161.2	806.0	0.3333333333333333
13777	325	1	4	0.81	154.2	771.0	1.0
13778	183	0	5	0.45	93.8	469.0	0.6666666666666666
13779	350	0	5	0.8675	171.6	858.0	0.6666666666666666
13780	141	0	5	0.345	134.0	670.0	0.3333333333333333
13781	21	0	5	0.045	19.0	95.0	0.0
13782	400	1	4	0.9975	228.8	1144.0	1.0
13783	165	0	5	0.405	35.0	175.0	0.3333333333333333
13784	76	0	5	0.1825	55.6	278.0	0.0
13785	368	1	4	0.9175	152.2	761.0	1.0
13786	155	0	5	0.38	151.8	759.0	0.3333333333333333
13787	367	0	5	0.91	266.4	1332.0	0.6666666666666666
13788	320	0	5	0.7925	134.0	670.0	0.3333333333333333
13789	308	0	5	0.7625	293.2	1466.0	0.0
13790	155	0	5	0.38	41.6	208.0	0.6666666666666666
13791	259	0	5	0.64	213.6	1068.0	0.6666666666666666
13792	246	1	4	0.6125	174.0	870.0	1.0
13793	400	0	5	0.9925	150.6	753.0	0.6666666666666666
13794	335	0	5	0.83	201.4	1007.0	0.6666666666666666
13795	366	0	5	0.9075	228.0	1140.0	0.6666666666666666
13796	396	0	5	0.9825	235.4	1177.0	0.6666666666666666
13797	249	0	5	0.615	231.0	1155.0	0.6666666666666666
13798	313	0	5	0.775	143.8	719.0	0.3333333333333333
13799	70	0	5	0.1675	68.0	340.0	0.0
13800	234	0	5	0.5775	162.6	813.0	0.3333333333333333
13801	68	0	5	0.1625	49.2	246.0	0.0
13802	265	0	5	0.655	161.0	805.0	0.3333333333333333
13803	185	0	5	0.455	162.6	813.0	0.3333333333333333
13804	378	1	4	0.9425	206.8	1034.0	1.0
13805	148	0	5	0.3625	110.0	550.0	0.3333333333333333
13806	194	0	5	0.4775	65.6	328.0	0.3333333333333333
13807	256	0	5	0.6325	160.4	802.0	0.3333333333333333
13808	218	0	5	0.5375	189.2	946.0	0.6666666666666666
13809	91	0	5	0.22	75.0	375.0	0.0
13810	151	0	5	0.37	52.2	261.0	0.3333333333333333
13811	220	0	5	0.5425	69.4	347.0	0.6666666666666666
13812	283	0	5	0.7	178.6	893.0	0.3333333333333333
13813	157	0	5	0.385	142.0	710.0	0.0
13814	145	0	5	0.355	90.2	451.0	0.3333333333333333
13815	313	0	5	0.775	208.6	1043.0	0.6666666666666666
13816	182	0	5	0.4475	92.4	462.0	0.6666666666666666
13817	296	0	5	0.7325	265.2	1326.0	0.0
13818	120	0	5	0.2925	101.8	509.0	0.0
13819	141	0	5	0.345	102.4	512.0	0.3333333333333333
13820	91	0	5	0.22	40.4	202.0	0.3333333333333333
13821	204	0	5	0.5025	117.2	586.0	0.0
13822	209	0	5	0.515	164.0	820.0	0.6666666666666666
13823	236	0	5	0.5825	227.4	1137.0	0.6666666666666666
13824	366	0	5	0.9075	346.0	1730.0	0.0
13825	106	0	5	0.2575	48.8	244.0	0.6666666666666666
13826	157	0	5	0.385	155.0	775.0	0.0
13827	356	0	5	0.8825	254.0	1270.0	0.6666666666666666
13828	140	0	5	0.3425	83.4	417.0	0.0
13829	243	0	5	0.6	60.2	301.0	0.6666666666666666
13830	354	0	5	0.8775	226.4	1132.0	0.6666666666666666
13831	228	1	4	0.5675	158.4	792.0	1.0
13832	31	0	5	0.07	17.0	85.0	0.3333333333333333
13833	278	1	4	0.6925	125.6	628.0	1.0
13834	356	1	4	0.8875	206.6	1033.0	1.0
13835	27	0	5	0.06	25.0	125.0	0.0
13836	186	0	5	0.4575	104.6	523.0	0.3333333333333333
13837	199	0	5	0.49	157.4	787.0	0.0
13838	305	1	4	0.76	125.0	625.0	1.0
13839	185	0	5	0.455	104.4	522.0	0.6666666666666666
13840	37	0	5	0.085	30.2	151.0	0.0
13841	189	0	5	0.465	42.8	214.0	0.6666666666666666
13842	22	0	5	0.0475	20.0	100.0	0.0
13843	362	0	5	0.8975	157.4	787.0	0.6666666666666666
13844	158	0	5	0.3875	115.2	576.0	0.3333333333333333
13845	396	1	4	0.9875	279.6	1398.0	1.0
13846	356	0	5	0.8825	205.8	1029.0	0.3333333333333333
13847	98	0	5	0.2375	72.8	364.0	0.0
13848	60	0	5	0.1425	58.0	290.0	0.0
13849	358	0	5	0.8875	208.4	1042.0	0.6666666666666666
13850	155	0	5	0.38	120.0	600.0	0.3333333333333333
13851	206	1	4	0.5125	61.2	306.0	1.0
13852	31	0	5	0.07	27.8	139.0	0.0
13853	281	0	5	0.695	88.6	443.0	0.3333333333333333
13854	208	0	5	0.5125	153.8	769.0	0.6666666666666666
13855	309	0	5	0.765	217.8	1089.0	0.3333333333333333
13856	361	0	5	0.895	187.4	937.0	0.6666666666666666
13857	15	0	5	0.03	13.0	65.0	0.0
13858	242	0	5	0.5975	197.8	989.0	0.0
13859	94	0	5	0.2275	22.4	112.0	0.3333333333333333
13860	202	1	4	0.5025	143.4	717.0	1.0
13861	175	0	5	0.43	123.6	618.0	0.3333333333333333
13862	387	0	5	0.96	194.6	973.0	0.6666666666666666
13863	171	0	5	0.42	92.6	463.0	0.3333333333333333
13864	327	1	4	0.815	127.4	637.0	1.0
13865	383	0	5	0.95	253.8	1269.0	0.6666666666666666
13866	220	1	4	0.5475	79.2	396.0	1.0
13867	178	0	5	0.4375	76.4	382.0	0.3333333333333333
13868	93	0	5	0.225	77.8	389.0	0.3333333333333333
13869	387	0	5	0.96	316.0	1580.0	0.3333333333333333
13870	98	0	5	0.2375	64.2	321.0	0.3333333333333333
13871	78	0	5	0.1875	55.0	275.0	0.0
13872	84	1	4	0.2075	46.6	233.0	1.0
13873	140	0	5	0.3425	138.0	690.0	0.0
13874	30	0	5	0.0675	13.0	65.0	0.3333333333333333
13875	130	0	5	0.3175	56.4	282.0	0.3333333333333333
13876	56	0	5	0.1325	54.0	270.0	0.0
13877	227	0	5	0.56	136.2	681.0	0.3333333333333333
13878	105	0	5	0.255	41.4	207.0	0.0
13879	302	0	5	0.7475	199.6	998.0	0.6666666666666666
13880	357	0	5	0.885	285.8	1429.0	0.6666666666666666
13881	350	0	5	0.8675	309.2	1546.0	0.6666666666666666
13882	239	0	5	0.59	168.8	844.0	0.6666666666666666
13883	397	0	5	0.985	189.0	945.0	0.6666666666666666
13884	333	0	5	0.825	260.8	1304.0	0.3333333333333333
13885	154	0	5	0.3775	68.6	343.0	0.3333333333333333
13886	179	0	5	0.44	113.4	567.0	0.0
13887	352	0	5	0.8725	133.6	668.0	0.3333333333333333
13888	153	0	5	0.375	95.8	479.0	0.0
13889	293	0	5	0.725	89.2	446.0	0.6666666666666666
13890	126	1	4	0.3125	113.2	566.0	1.0
13891	328	0	5	0.8125	205.6	1028.0	0.3333333333333333
13892	230	0	5	0.5675	138.2	691.0	0.6666666666666666
13893	85	0	5	0.205	75.8	379.0	0.0
13894	312	1	4	0.7775	113.6	568.0	1.0
13895	277	0	5	0.685	206.6	1033.0	0.0
13896	20	0	5	0.0425	18.0	90.0	0.0
13897	175	0	5	0.43	122.6	613.0	0.0
13898	333	1	4	0.83	113.4	567.0	1.0
13899	209	0	5	0.515	157.8	789.0	0.3333333333333333
13900	92	0	5	0.2225	38.8	194.0	0.3333333333333333
13901	5	0	5	0.005	3.0	15.0	0.0
13902	392	0	5	0.9725	81.2	406.0	0.6666666666666666
13903	127	0	5	0.31	125.0	625.0	0.0
13904	337	0	5	0.835	230.6	1153.0	0.6666666666666666
13905	229	0	5	0.565	161.0	805.0	0.3333333333333333
13906	46	0	5	0.1075	40.6	203.0	0.0
13907	269	0	5	0.665	214.6	1073.0	0.0
13908	198	0	5	0.4875	190.8	954.0	0.3333333333333333
13909	211	0	5	0.52	153.6	768.0	0.0
13910	22	0	5	0.0475	20.0	100.0	0.0
13911	53	0	5	0.125	51.0	255.0	0.0
13912	157	0	5	0.385	127.0	635.0	0.3333333333333333
13913	110	0	5	0.2675	81.6	408.0	0.0
13914	262	0	5	0.6475	172.6	863.0	0.3333333333333333
13915	241	0	5	0.595	96.0	480.0	0.3333333333333333
13916	340	0	5	0.8425	238.4	1192.0	0.3333333333333333
13917	150	0	5	0.3675	107.2	536.0	0.3333333333333333
13918	43	0	5	0.1	39.2	196.0	0.0
13919	13	0	5	0.025	11.0	55.0	0.0
13920	158	0	5	0.3875	111.2	556.0	0.3333333333333333
13921	341	0	5	0.845	181.2	906.0	0.6666666666666666
13922	333	0	5	0.825	113.4	567.0	0.3333333333333333
13923	130	0	5	0.3175	108.0	540.0	0.3333333333333333
13924	193	0	5	0.475	149.0	745.0	0.3333333333333333
13925	136	0	5	0.3325	92.4	462.0	0.3333333333333333
13926	193	0	5	0.475	155.8	779.0	0.3333333333333333
13927	38	0	5	0.0875	17.6	88.0	0.0
13928	306	0	5	0.7575	181.6	908.0	0.6666666666666666
13929	30	0	5	0.0675	7.2	36.0	0.3333333333333333
13930	207	1	4	0.515	70.6	353.0	1.0
13931	152	0	5	0.3725	112.4	562.0	0.0
13932	95	0	5	0.23	82.6	413.0	0.3333333333333333
13933	213	0	5	0.525	198.2	991.0	0.3333333333333333
13934	134	0	5	0.3275	73.4	367.0	0.3333333333333333
13935	381	0	5	0.945	253.4	1267.0	0.6666666666666666
13936	63	0	5	0.15	51.4	257.0	0.0
13937	327	0	5	0.81	237.6	1188.0	0.3333333333333333
13938	373	0	5	0.925	220.6	1103.0	0.6666666666666666
13939	342	1	4	0.8525	200.6	1003.0	1.0
13940	293	0	5	0.725	71.0	355.0	0.3333333333333333
13941	314	0	5	0.7775	256.4	1282.0	0.6666666666666666
13942	249	0	5	0.615	191.4	957.0	0.3333333333333333
13943	235	0	5	0.58	219.2	1096.0	0.3333333333333333
13944	361	0	5	0.895	170.0	850.0	0.6666666666666666
13945	325	0	5	0.805	278.2	1391.0	0.3333333333333333
13946	138	0	5	0.3375	90.4	452.0	0.0
13947	315	0	5	0.78	76.2	381.0	0.6666666666666666
13948	371	0	5	0.92	239.4	1197.0	0.3333333333333333
13949	66	0	5	0.1575	21.0	105.0	0.6666666666666666
13950	36	0	5	0.0825	29.4	147.0	0.3333333333333333
13951	217	0	5	0.535	105.0	525.0	0.3333333333333333
13952	174	0	5	0.4275	72.8	364.0	0.6666666666666666
13953	128	1	4	0.3175	86.0	430.0	1.0
13954	207	0	5	0.51	132.2	661.0	0.3333333333333333
13955	399	0	5	0.99	214.8	1074.0	0.6666666666666666
13956	175	1	4	0.435	98.6	493.0	1.0
13957	199	0	5	0.49	119.2	596.0	0.6666666666666666
13958	308	0	5	0.7625	248.0	1240.0	0.3333333333333333
13959	105	0	5	0.255	65.8	329.0	0.6666666666666666
13960	178	0	5	0.4375	170.0	850.0	0.3333333333333333
13961	194	0	5	0.4775	170.4	852.0	0.3333333333333333
13962	52	0	5	0.1225	50.0	250.0	0.0
13963	249	0	5	0.615	183.6	918.0	0.3333333333333333
13964	323	1	4	0.805	136.2	681.0	1.0
13965	60	0	5	0.1425	58.0	290.0	0.0
13966	363	1	4	0.905	99.0	495.0	1.0
13967	340	1	4	0.8475	92.8	464.0	1.0
13968	195	0	5	0.48	85.4	427.0	0.0
13969	253	0	5	0.625	117.4	587.0	0.3333333333333333
13970	124	0	5	0.3025	90.4	452.0	0.3333333333333333
13971	238	0	5	0.5875	143.6	718.0	0.3333333333333333
13972	23	0	5	0.05	21.0	105.0	0.0
13973	355	0	5	0.88	85.0	425.0	0.6666666666666666
13974	334	0	5	0.8275	116.4	582.0	0.6666666666666666
13975	9	0	5	0.015	7.0	35.0	0.0
13976	42	0	5	0.0975	40.0	200.0	0.0
13977	79	0	5	0.19	67.6	338.0	0.0
13978	100	0	5	0.2425	98.0	490.0	0.0
13979	75	0	5	0.18	65.0	325.0	0.3333333333333333
13980	386	1	4	0.9625	174.8	874.0	1.0
13981	181	0	5	0.445	175.2	876.0	0.3333333333333333
13982	288	0	5	0.7125	108.2	541.0	0.3333333333333333
13983	31	0	5	0.07	23.8	119.0	0.0
13984	299	0	5	0.74	222.6	1113.0	0.6666666666666666
13985	54	0	5	0.1275	52.0	260.0	0.0
13986	143	0	5	0.35	119.4	597.0	0.6666666666666666
13987	189	0	5	0.465	183.6	918.0	0.3333333333333333
13988	158	0	5	0.3875	84.4	422.0	0.3333333333333333
13989	206	0	5	0.5075	109.6	548.0	0.6666666666666666
13990	61	0	5	0.145	15.0	75.0	0.3333333333333333
13991	109	0	5	0.265	99.8	499.0	0.3333333333333333
13992	337	0	5	0.835	171.4	857.0	0.6666666666666666
13993	134	0	5	0.3275	116.0	580.0	0.6666666666666666
13994	215	0	5	0.53	134.6	673.0	0.6666666666666666
13995	183	0	5	0.45	171.8	859.0	0.0
13996	35	0	5	0.08	25.4	127.0	0.0
13997	136	0	5	0.3325	133.2	666.0	0.0
13998	209	1	4	0.52	85.4	427.0	1.0
13999	276	0	5	0.6825	206.4	1032.0	0.3333333333333333
14000	114	0	5	0.2775	44.4	222.0	0.3333333333333333
14001	55	0	5	0.13	53.0	265.0	0.3333333333333333
14002	149	0	5	0.365	103.4	517.0	0.3333333333333333
14003	62	0	5	0.1475	54.0	270.0	0.3333333333333333
14004	135	0	5	0.33	57.6	288.0	0.3333333333333333
14005	128	0	5	0.3125	72.4	362.0	0.3333333333333333
14006	345	1	4	0.86	158.6	793.0	1.0
14007	199	0	5	0.49	128.4	642.0	0.3333333333333333
14008	65	0	5	0.155	37.4	187.0	0.3333333333333333
14009	95	0	5	0.23	93.0	465.0	0.0
14010	4	0	5	0.0025	2.0	10.0	0.0
14011	50	0	5	0.1175	48.0	240.0	0.0
14012	351	0	5	0.87	217.0	1085.0	0.6666666666666666
14013	107	0	5	0.26	105.0	525.0	0.3333333333333333
14014	269	0	5	0.665	154.0	770.0	0.6666666666666666
14015	227	0	5	0.56	154.0	770.0	0.3333333333333333
14016	317	0	5	0.785	191.2	956.0	0.6666666666666666
14017	381	0	5	0.945	245.4	1227.0	0.6666666666666666
14018	321	1	4	0.8	204.6	1023.0	1.0
14019	328	0	5	0.8125	201.4	1007.0	0.6666666666666666
14020	64	0	5	0.1525	58.4	292.0	0.0
14021	193	0	5	0.475	73.6	368.0	0.3333333333333333
14022	306	0	5	0.7575	264.4	1322.0	0.3333333333333333
14023	148	0	5	0.3625	146.0	730.0	0.0
14024	4	0	5	0.0025	2.0	10.0	0.0
14025	202	0	5	0.4975	147.2	736.0	0.3333333333333333
14026	48	0	5	0.1125	44.0	220.0	0.3333333333333333
14027	67	0	5	0.16	65.0	325.0	0.0
14028	286	1	4	0.7125	172.4	862.0	1.0
14029	347	0	5	0.86	183.2	916.0	0.6666666666666666
14030	215	0	5	0.53	104.2	521.0	0.3333333333333333
14031	95	0	5	0.23	41.0	205.0	0.3333333333333333
14032	342	0	5	0.8475	119.4	597.0	0.6666666666666666
14033	286	0	5	0.7075	136.4	682.0	0.6666666666666666
14034	294	0	5	0.7275	180.4	902.0	0.0
14035	358	0	5	0.8875	97.6	488.0	0.6666666666666666
14036	186	0	5	0.4575	158.2	791.0	0.6666666666666666
14037	363	0	5	0.9	255.2	1276.0	0.3333333333333333
14038	275	0	5	0.68	184.6	923.0	0.3333333333333333
14039	250	0	5	0.6175	181.2	906.0	0.3333333333333333
14040	256	0	5	0.6325	155.4	777.0	0.6666666666666666
14041	268	0	5	0.6625	266.0	1330.0	0.0
14042	363	1	4	0.905	256.0	1280.0	1.0
14043	353	1	4	0.88	204.6	1023.0	1.0
14044	212	0	5	0.5225	121.6	608.0	0.3333333333333333
14045	328	0	5	0.8125	190.8	954.0	0.3333333333333333
14046	227	0	5	0.56	115.0	575.0	0.6666666666666666
14047	159	0	5	0.39	157.0	785.0	0.0
14048	355	0	5	0.88	213.4	1067.0	0.3333333333333333
14049	39	0	5	0.09	37.0	185.0	0.0
14050	362	1	4	0.9025	234.0	1170.0	1.0
14051	238	0	5	0.5875	180.0	900.0	0.3333333333333333
14052	115	0	5	0.28	113.0	565.0	0.0
14053	166	0	5	0.4075	126.4	632.0	0.3333333333333333
14054	160	0	5	0.3925	76.4	382.0	0.3333333333333333
14055	246	0	5	0.6075	138.0	690.0	0.3333333333333333
14056	257	0	5	0.635	132.0	660.0	0.0
14057	296	0	5	0.7325	192.0	960.0	0.3333333333333333
14058	344	0	5	0.8525	185.6	928.0	0.3333333333333333
14059	92	0	5	0.2225	58.6	293.0	0.3333333333333333
14060	35	0	5	0.08	33.0	165.0	0.0
14061	342	1	4	0.8525	249.8	1249.0	1.0
14062	284	0	5	0.7025	229.6	1148.0	0.6666666666666666
14063	250	0	5	0.6175	188.4	942.0	0.6666666666666666
14064	198	0	5	0.4875	124.0	620.0	0.3333333333333333
14065	300	0	5	0.7425	236.2	1181.0	0.3333333333333333
14066	59	0	5	0.14	56.2	281.0	0.3333333333333333
14067	272	0	5	0.6725	178.4	892.0	0.3333333333333333
14068	123	0	5	0.3	121.0	605.0	0.0
14069	291	0	5	0.72	149.2	746.0	0.0
14070	359	0	5	0.89	189.4	947.0	0.3333333333333333
14071	187	1	4	0.465	174.6	873.0	1.0
14072	235	0	5	0.58	151.4	757.0	0.6666666666666666
14073	173	1	4	0.43	130.0	650.0	1.0
14074	65	0	5	0.155	42.6	213.0	0.0
14075	66	0	5	0.1575	40.8	204.0	0.3333333333333333
14076	293	1	4	0.73	96.6	483.0	1.0
14077	338	1	4	0.8425	232.8	1164.0	1.0
14078	119	0	5	0.29	65.8	329.0	0.3333333333333333
14079	247	0	5	0.61	206.8	1034.0	0.3333333333333333
14080	343	0	5	0.85	219.8	1099.0	0.0
14081	274	0	5	0.6775	182.8	914.0	0.3333333333333333
14082	274	0	5	0.6775	256.0	1280.0	0.0
14083	395	0	5	0.98	143.8	719.0	0.6666666666666666
14084	245	0	5	0.605	184.4	922.0	0.3333333333333333
14085	77	0	5	0.185	75.0	375.0	0.0
14086	48	0	5	0.1125	46.0	230.0	0.0
14087	245	0	5	0.605	243.0	1215.0	0.0
14088	157	0	5	0.385	107.6	538.0	0.6666666666666666
14089	64	0	5	0.1525	60.0	300.0	0.3333333333333333
14090	279	0	5	0.69	128.2	641.0	0.6666666666666666
14091	87	0	5	0.21	70.6	353.0	0.0
14092	42	0	5	0.0975	40.0	200.0	0.0
14093	162	0	5	0.3975	116.4	582.0	0.3333333333333333
14094	220	0	5	0.5425	165.8	829.0	0.6666666666666666
14095	352	0	5	0.8725	210.8	1054.0	0.6666666666666666
14096	362	0	5	0.8975	103.2	516.0	0.6666666666666666
14097	165	0	5	0.405	138.4	692.0	0.3333333333333333
14098	333	0	5	0.825	246.4	1232.0	0.3333333333333333
14099	87	0	5	0.21	69.0	345.0	0.3333333333333333
14100	353	0	5	0.875	176.2	881.0	0.6666666666666666
14101	195	0	5	0.48	179.4	897.0	0.0
14102	212	0	5	0.5225	165.0	825.0	0.6666666666666666
14103	289	1	3	0.72	248.8	1244.0	1.0
14104	265	0	5	0.655	91.8	459.0	0.6666666666666666
14105	302	1	4	0.7525	195.6	978.0	1.0
14106	175	0	5	0.43	153.8	769.0	0.3333333333333333
14107	325	1	4	0.81	102.8	514.0	1.0
14108	240	0	5	0.5925	106.0	530.0	0.3333333333333333
14109	40	0	5	0.0925	38.0	190.0	0.0
14110	341	0	5	0.845	178.6	893.0	0.6666666666666666
14111	355	0	5	0.88	260.0	1300.0	0.6666666666666666
14112	136	0	5	0.3325	82.8	414.0	0.3333333333333333
14113	192	0	5	0.4725	71.4	357.0	0.3333333333333333
14114	243	0	5	0.6	163.4	817.0	0.3333333333333333
14115	231	0	5	0.57	52.2	261.0	0.6666666666666666
14116	264	0	5	0.6525	192.2	961.0	0.6666666666666666
14117	43	0	5	0.1	23.8	119.0	0.3333333333333333
14118	293	0	5	0.725	169.4	847.0	0.6666666666666666
14119	117	0	5	0.285	75.4	377.0	0.0
14120	273	0	5	0.675	179.4	897.0	0.3333333333333333
14121	382	0	5	0.9475	251.6	1258.0	0.3333333333333333
14122	334	1	4	0.8325	263.4	1317.0	1.0
14123	248	0	5	0.6125	88.2	441.0	0.3333333333333333
14124	238	0	5	0.5875	180.6	903.0	0.3333333333333333
14125	340	0	5	0.8425	214.8	1074.0	0.3333333333333333
14126	110	0	5	0.2675	108.0	540.0	0.0
14127	99	0	5	0.24	97.0	485.0	0.0
14128	191	0	5	0.47	85.0	425.0	0.6666666666666666
14129	132	0	5	0.3225	108.8	544.0	0.3333333333333333
14130	71	0	5	0.17	57.8	289.0	0.0
14131	151	1	3	0.375	103.6	518.0	1.0
14132	202	0	5	0.4975	120.6	603.0	0.6666666666666666
14133	107	0	5	0.26	70.2	351.0	0.3333333333333333
14134	76	0	5	0.1825	53.6	268.0	0.3333333333333333
14135	207	0	5	0.51	166.8	834.0	0.3333333333333333
14136	108	0	5	0.2625	106.0	530.0	0.0
14137	393	0	5	0.975	227.2	1136.0	0.6666666666666666
14138	126	0	5	0.3075	90.4	452.0	0.3333333333333333
14139	77	1	4	0.19	66.2	331.0	1.0
14140	216	0	5	0.5325	120.4	602.0	0.3333333333333333
14141	256	0	5	0.6325	119.2	596.0	0.6666666666666666
14142	333	0	5	0.825	202.8	1014.0	0.6666666666666666
14143	397	1	4	0.99	328.0	1640.0	1.0
14144	293	0	5	0.725	270.6	1353.0	0.3333333333333333
14145	289	0	5	0.715	276.4	1382.0	0.3333333333333333
14146	337	0	5	0.835	200.0	1000.0	0.6666666666666666
14147	165	0	5	0.405	108.4	542.0	0.3333333333333333
14148	123	0	5	0.3	54.6	273.0	0.3333333333333333
14149	64	0	5	0.1525	62.0	310.0	0.0
14150	25	0	5	0.055	18.2	91.0	0.3333333333333333
14151	208	0	5	0.5125	184.0	920.0	0.6666666666666666
14152	401	0	4	0.9975	285.0	1425.0	0.6666666666666666
14153	327	0	5	0.81	96.2	481.0	0.6666666666666666
14154	277	0	5	0.685	165.8	829.0	0.3333333333333333
14155	40	0	5	0.0925	38.0	190.0	0.0
14156	169	0	5	0.415	122.0	610.0	0.3333333333333333
14157	392	1	4	0.9775	213.2	1066.0	1.0
14158	399	0	5	0.99	247.8	1239.0	0.6666666666666666
14159	138	0	5	0.3375	114.4	572.0	0.3333333333333333
14160	6	0	5	0.0075	4.0	20.0	0.0
14161	380	0	5	0.9425	294.0	1470.0	0.6666666666666666
14162	352	0	5	0.8725	230.8	1154.0	0.6666666666666666
14163	260	0	5	0.6425	237.2	1186.0	0.6666666666666666
14164	302	0	5	0.7475	170.8	854.0	0.6666666666666666
14165	209	0	5	0.515	88.6	443.0	0.3333333333333333
14166	266	0	5	0.6575	242.0	1210.0	0.6666666666666666
14167	159	0	5	0.39	139.2	696.0	0.3333333333333333
14168	160	0	5	0.3925	158.0	790.0	0.0
14169	317	0	5	0.785	112.4	562.0	0.6666666666666666
14170	152	0	5	0.3725	70.0	350.0	0.0
14171	272	0	5	0.6725	226.0	1130.0	0.3333333333333333
14172	123	0	5	0.3	37.8	189.0	0.3333333333333333
14173	198	1	4	0.4925	68.8	344.0	1.0
14174	197	0	5	0.485	174.6	873.0	0.6666666666666666
14175	320	0	5	0.7925	181.8	909.0	0.6666666666666666
14176	314	0	5	0.7775	269.0	1345.0	0.3333333333333333
14177	234	0	5	0.5775	169.6	848.0	0.3333333333333333
14178	363	0	5	0.9	102.6	513.0	0.6666666666666666
14179	116	0	5	0.2825	112.4	562.0	0.3333333333333333
14180	348	0	5	0.8625	271.2	1356.0	0.0
14181	276	0	5	0.6825	231.6	1158.0	0.3333333333333333
14182	61	0	5	0.145	33.8	169.0	0.3333333333333333
14183	114	0	5	0.2775	97.6	488.0	0.3333333333333333
14184	358	0	5	0.8875	234.0	1170.0	0.6666666666666666
14185	130	0	5	0.3175	79.4	397.0	0.3333333333333333
14186	228	0	5	0.5625	112.4	562.0	0.3333333333333333
14187	114	0	5	0.2775	105.2	526.0	0.3333333333333333
14188	223	0	5	0.55	139.8	699.0	0.6666666666666666
14189	269	0	5	0.665	113.2	566.0	0.6666666666666666
14190	67	0	5	0.16	65.0	325.0	0.0
14191	250	0	5	0.6175	126.4	632.0	0.6666666666666666
14192	10	0	5	0.0175	8.0	40.0	0.0
14193	214	0	5	0.5275	176.0	880.0	0.3333333333333333
14194	299	1	4	0.745	197.2	986.0	1.0
14195	181	0	5	0.445	166.2	831.0	0.0
14196	305	0	5	0.755	145.0	725.0	0.3333333333333333
14197	194	0	5	0.4775	65.6	328.0	0.3333333333333333
14198	105	0	5	0.255	103.0	515.0	0.0
14199	35	0	5	0.08	33.0	165.0	0.0
14200	67	0	5	0.16	38.6	193.0	0.3333333333333333
14201	401	0	5	0.995	264.6	1323.0	0.6666666666666666
14202	159	0	5	0.39	149.8	749.0	0.3333333333333333
14203	182	0	5	0.4475	141.2	706.0	0.3333333333333333
14204	297	0	5	0.735	235.4	1177.0	0.6666666666666666
14205	317	0	5	0.785	200.6	1003.0	0.3333333333333333
14206	216	0	5	0.5325	103.6	518.0	0.6666666666666666
14207	184	0	5	0.4525	118.6	593.0	0.0
14208	316	1	4	0.7875	92.0	460.0	1.0
14209	387	1	4	0.965	261.2	1306.0	1.0
14210	88	0	5	0.2125	86.0	430.0	0.0
14211	44	0	5	0.1025	42.0	210.0	0.0
14212	345	0	5	0.855	197.8	989.0	0.6666666666666666
14213	288	0	5	0.7125	82.4	412.0	0.0
14214	86	0	5	0.2075	80.2	401.0	0.0
14215	131	0	5	0.32	71.0	355.0	0.6666666666666666
14216	90	0	5	0.2175	63.4	317.0	0.0
14217	85	0	5	0.205	67.6	338.0	0.3333333333333333
14218	233	0	5	0.575	139.4	697.0	0.6666666666666666
14219	211	0	5	0.52	87.2	436.0	0.3333333333333333
14220	367	0	5	0.91	117.4	587.0	0.6666666666666666
14221	42	0	5	0.0975	40.0	200.0	0.0
14222	222	0	5	0.5475	202.6	1013.0	0.0
14223	36	0	5	0.0825	34.0	170.0	0.0
14224	311	0	5	0.77	131.4	657.0	0.0
14225	252	1	4	0.6275	127.6	638.0	1.0
14226	266	0	5	0.6575	132.8	664.0	0.3333333333333333
14227	41	0	5	0.095	8.2	41.0	0.0
14228	336	0	5	0.8325	79.4	397.0	0.6666666666666666
14229	320	0	5	0.7925	169.8	849.0	0.6666666666666666
14230	190	0	5	0.4675	148.8	744.0	0.3333333333333333
14231	17	0	5	0.035	15.0	75.0	0.0
14232	341	0	5	0.845	266.0	1330.0	0.6666666666666666
14233	251	0	5	0.62	213.8	1069.0	0.3333333333333333
14234	174	0	5	0.4275	83.2	416.0	0.3333333333333333
14235	391	0	5	0.97	118.6	593.0	0.6666666666666666
14236	62	0	5	0.1475	56.8	284.0	0.0
14237	199	0	5	0.49	128.8	644.0	0.6666666666666666
14238	5	0	5	0.005	3.0	15.0	0.0
14239	314	0	5	0.7775	171.2	856.0	0.6666666666666666
14240	71	0	5	0.17	69.0	345.0	0.0
14241	259	0	5	0.64	224.2	1121.0	0.6666666666666666
14242	231	0	5	0.57	229.0	1145.0	0.6666666666666666
14243	309	0	5	0.765	234.2	1171.0	0.6666666666666666
14244	291	0	5	0.72	160.2	801.0	0.6666666666666666
14245	363	1	4	0.905	206.0	1030.0	1.0
14246	230	0	5	0.5675	86.2	431.0	0.6666666666666666
14247	81	0	5	0.195	70.6	353.0	0.3333333333333333
14248	173	0	5	0.425	82.8	414.0	0.3333333333333333
14249	271	0	5	0.67	96.4	482.0	0.3333333333333333
14250	257	0	5	0.635	172.4	862.0	0.6666666666666666
14251	380	0	5	0.9425	250.0	1250.0	0.6666666666666666
14252	355	0	5	0.88	133.6	668.0	0.3333333333333333
14253	382	0	5	0.9475	195.8	979.0	0.6666666666666666
14254	74	0	5	0.1775	31.8	159.0	0.3333333333333333
14255	272	0	5	0.6725	173.4	867.0	0.3333333333333333
14256	85	0	5	0.205	53.8	269.0	0.0
14257	395	1	3	0.985	177.8	889.0	1.0
14258	161	0	5	0.395	46.8	234.0	0.3333333333333333
14259	372	0	5	0.9225	158.4	792.0	0.6666666666666666
14260	60	1	4	0.1475	15.2	76.0	1.0
14261	107	0	5	0.26	49.0	245.0	0.6666666666666666
14262	374	0	5	0.9275	175.8	879.0	0.6666666666666666
14263	396	0	5	0.9825	315.0	1575.0	0.6666666666666666
14264	325	0	5	0.805	254.8	1274.0	0.3333333333333333
14265	239	0	5	0.59	177.2	886.0	0.3333333333333333
14266	132	0	5	0.3225	75.0	375.0	0.3333333333333333
14267	250	0	5	0.6175	144.8	724.0	0.3333333333333333
14268	185	0	5	0.455	75.4	377.0	0.0
14269	255	0	5	0.63	206.2	1031.0	0.3333333333333333
14270	100	0	5	0.2425	98.0	490.0	0.0
14271	354	0	5	0.8775	266.6	1333.0	0.0
14272	132	0	5	0.3225	60.4	302.0	0.3333333333333333
14273	85	0	5	0.205	83.0	415.0	0.0
14274	301	0	5	0.745	249.6	1248.0	0.6666666666666666
14275	381	0	5	0.945	163.8	819.0	0.6666666666666666
14276	154	0	5	0.3775	127.2	636.0	0.6666666666666666
14277	328	0	5	0.8125	91.6	458.0	0.3333333333333333
14278	242	0	5	0.5975	109.0	545.0	0.3333333333333333
14279	33	0	5	0.075	21.2	106.0	0.6666666666666666
14280	110	0	5	0.2675	106.4	532.0	0.3333333333333333
14281	306	1	4	0.7625	256.0	1280.0	1.0
14282	270	1	4	0.6725	60.4	302.0	1.0
14283	175	0	5	0.43	173.0	865.0	0.3333333333333333
14284	398	0	5	0.9875	210.0	1050.0	0.6666666666666666
14285	55	0	5	0.13	39.0	195.0	0.3333333333333333
14286	302	0	5	0.7475	219.2	1096.0	0.3333333333333333
14287	66	0	5	0.1575	32.0	160.0	0.3333333333333333
14288	267	1	4	0.665	164.4	822.0	1.0
14289	244	0	5	0.6025	169.6	848.0	0.6666666666666666
14290	57	0	5	0.135	55.0	275.0	0.0
14291	360	1	4	0.8975	136.8	684.0	1.0
14292	353	1	4	0.88	218.0	1090.0	1.0
14293	155	0	5	0.38	124.6	623.0	0.3333333333333333
14294	339	0	5	0.84	179.0	895.0	0.6666666666666666
14295	187	0	5	0.46	185.0	925.0	0.0
14296	223	0	5	0.55	202.2	1011.0	0.3333333333333333
14297	348	0	5	0.8625	236.0	1180.0	0.6666666666666666
14298	46	0	5	0.1075	38.2	191.0	0.0
14299	139	0	5	0.34	118.4	592.0	0.3333333333333333
14300	371	1	4	0.925	225.2	1126.0	1.0
14301	67	0	5	0.16	65.0	325.0	0.0
14302	82	0	5	0.1975	38.4	192.0	0.3333333333333333
14303	257	0	5	0.635	86.6	433.0	0.3333333333333333
14304	300	0	5	0.7425	59.8	299.0	0.3333333333333333
14305	395	1	4	0.985	204.8	1024.0	1.0
14306	88	0	5	0.2125	61.0	305.0	0.6666666666666666
14307	317	0	5	0.785	209.8	1049.0	0.6666666666666666
14308	32	0	5	0.0725	30.0	150.0	0.0
14309	274	1	4	0.6825	213.2	1066.0	1.0
14310	127	0	5	0.31	68.6	343.0	0.3333333333333333
14311	242	0	5	0.5975	124.8	624.0	0.6666666666666666
14312	72	0	5	0.1725	58.6	293.0	0.3333333333333333
14313	232	0	5	0.5725	81.2	406.0	0.6666666666666666
14314	228	0	5	0.5625	213.0	1065.0	0.3333333333333333
14315	94	0	5	0.2275	77.8	389.0	0.0
14316	331	0	5	0.82	211.8	1059.0	0.3333333333333333
14317	330	0	5	0.8175	78.4	392.0	0.6666666666666666
14318	186	0	5	0.4575	184.0	920.0	0.3333333333333333
14319	165	0	5	0.405	88.6	443.0	0.3333333333333333
14320	233	0	5	0.575	99.8	499.0	0.6666666666666666
14321	106	0	5	0.2575	69.2	346.0	0.3333333333333333
14322	105	0	5	0.255	42.2	211.0	0.3333333333333333
14323	282	0	5	0.6975	166.2	831.0	0.3333333333333333
14324	70	0	5	0.1675	42.8	214.0	0.0
14325	398	0	5	0.9875	176.4	882.0	0.6666666666666666
14326	158	1	4	0.3925	92.2	461.0	1.0
14327	252	0	5	0.6225	112.4	562.0	0.3333333333333333
14328	172	0	5	0.4225	78.6	393.0	0.6666666666666666
14329	347	0	5	0.86	208.6	1043.0	0.6666666666666666
14330	279	0	5	0.69	253.2	1266.0	0.3333333333333333
14331	106	0	5	0.2575	75.6	378.0	0.3333333333333333
14332	231	0	5	0.57	123.0	615.0	0.3333333333333333
14333	239	0	5	0.59	218.0	1090.0	0.3333333333333333
14334	284	1	4	0.7075	124.8	624.0	1.0
14335	182	0	5	0.4475	142.8	714.0	0.3333333333333333
14336	55	0	5	0.13	53.0	265.0	0.0
14337	124	0	5	0.3025	72.6	363.0	0.3333333333333333
14338	278	0	5	0.6875	145.0	725.0	0.3333333333333333
14339	243	0	5	0.6	115.6	578.0	0.3333333333333333
14340	332	1	4	0.8275	75.2	376.0	1.0
14341	285	0	5	0.705	124.4	622.0	0.6666666666666666
14342	392	0	5	0.9725	345.2	1726.0	0.6666666666666666
14343	228	0	5	0.5625	145.0	725.0	0.0
14344	192	0	5	0.4725	117.2	586.0	0.0
14345	84	0	5	0.2025	58.0	290.0	0.3333333333333333
14346	27	0	5	0.06	25.0	125.0	0.0
14347	202	0	5	0.4975	152.2	761.0	0.3333333333333333
14348	245	0	5	0.605	165.8	829.0	0.3333333333333333
14349	348	0	5	0.8625	184.6	923.0	0.3333333333333333
14350	201	0	5	0.495	146.6	733.0	0.3333333333333333
14351	267	1	4	0.665	161.2	806.0	1.0
14352	327	0	5	0.81	273.0	1365.0	0.6666666666666666
14353	70	0	5	0.1675	68.0	340.0	0.0
14354	393	0	5	0.975	141.4	707.0	0.6666666666666666
14355	290	0	5	0.7175	232.0	1160.0	0.6666666666666666
14356	110	0	5	0.2675	58.2	291.0	0.3333333333333333
14357	311	1	4	0.775	190.4	952.0	1.0
14358	201	0	5	0.495	159.8	799.0	0.0
14359	14	0	5	0.0275	12.0	60.0	0.0
14360	18	0	5	0.0375	16.0	80.0	0.0
14361	236	0	5	0.5825	142.4	712.0	0.3333333333333333
14362	208	0	5	0.5125	164.4	822.0	0.3333333333333333
14363	340	0	5	0.8425	215.2	1076.0	0.6666666666666666
14364	119	0	5	0.29	67.8	339.0	0.3333333333333333
14365	322	0	5	0.7975	128.6	643.0	0.3333333333333333
14366	364	0	5	0.9025	212.8	1064.0	0.6666666666666666
14367	275	0	5	0.68	253.2	1266.0	0.0
14368	350	0	5	0.8675	215.8	1079.0	0.6666666666666666
14369	279	1	4	0.695	179.0	895.0	1.0
14370	291	0	5	0.72	150.4	752.0	0.6666666666666666
14371	104	0	5	0.2525	94.0	470.0	0.3333333333333333
14372	81	0	5	0.195	79.0	395.0	0.0
14373	175	0	5	0.43	105.2	526.0	0.3333333333333333
14374	278	0	5	0.6875	160.6	803.0	0.3333333333333333
14375	72	0	5	0.1725	51.4	257.0	0.0
14376	38	0	5	0.0875	36.0	180.0	0.0
14377	289	0	5	0.715	143.8	719.0	0.3333333333333333
14378	239	0	5	0.59	155.4	777.0	0.3333333333333333
14379	273	1	4	0.68	90.6	453.0	1.0
14380	323	0	5	0.8	254.2	1271.0	0.6666666666666666
14381	202	0	5	0.4975	200.0	1000.0	0.0
14382	331	0	5	0.82	223.4	1117.0	0.3333333333333333
14383	67	0	5	0.16	54.4	272.0	0.6666666666666666
14384	197	0	5	0.485	127.0	635.0	0.6666666666666666
14385	284	0	5	0.7025	113.0	565.0	0.3333333333333333
14386	223	0	5	0.55	163.4	817.0	0.0
14387	206	0	5	0.5075	75.6	378.0	0.0
14388	294	0	5	0.7275	79.2	396.0	0.3333333333333333
14389	151	0	5	0.37	125.4	627.0	0.0
14390	271	0	5	0.67	165.6	828.0	0.6666666666666666
14391	112	0	5	0.2725	52.4	262.0	0.3333333333333333
14392	120	0	5	0.2925	115.6	578.0	0.0
14393	129	0	5	0.315	38.2	191.0	0.6666666666666666
14394	395	1	4	0.985	193.8	969.0	1.0
14395	245	0	5	0.605	229.8	1149.0	0.3333333333333333
14396	89	0	5	0.215	75.8	379.0	0.0
14397	30	0	5	0.0675	28.0	140.0	0.0
14398	146	0	5	0.3575	133.0	665.0	0.0
14399	53	0	5	0.125	51.0	255.0	0.0
14400	350	0	5	0.8675	306.0	1530.0	0.3333333333333333
14401	366	0	5	0.9075	253.0	1265.0	0.6666666666666666
14402	108	0	5	0.2625	90.0	450.0	0.0
14403	213	0	5	0.525	186.4	932.0	0.3333333333333333
14404	43	0	5	0.1	39.2	196.0	0.0
14405	86	0	5	0.2075	55.8	279.0	0.0
14406	91	0	5	0.22	36.2	181.0	0.3333333333333333
14407	350	0	5	0.8675	148.8	744.0	0.6666666666666666
14408	216	0	5	0.5325	188.8	944.0	0.3333333333333333
14409	19	0	5	0.04	17.0	85.0	0.0
14410	177	0	5	0.435	129.0	645.0	0.6666666666666666
14411	302	0	5	0.7475	115.2	576.0	0.6666666666666666
14412	243	0	5	0.6	114.4	572.0	0.3333333333333333
14413	84	0	5	0.2025	31.6	158.0	0.0
14414	346	0	5	0.8575	155.6	778.0	0.3333333333333333
14415	126	0	5	0.3075	60.4	302.0	0.6666666666666666
14416	245	0	5	0.605	193.8	969.0	0.0
14417	167	0	5	0.41	77.2	386.0	0.3333333333333333
14418	215	0	5	0.53	137.0	685.0	0.3333333333333333
14419	259	0	5	0.64	257.0	1285.0	0.0
14420	4	0	5	0.0025	2.0	10.0	0.0
14421	144	0	5	0.3525	94.0	470.0	0.3333333333333333
14422	269	0	5	0.665	131.0	655.0	0.3333333333333333
14423	213	1	4	0.53	95.0	475.0	1.0
14424	310	0	5	0.7675	201.6	1008.0	0.3333333333333333
14425	115	0	5	0.28	69.4	347.0	0.3333333333333333
14426	187	0	5	0.46	92.0	460.0	0.3333333333333333
14427	247	0	5	0.61	166.6	833.0	0.3333333333333333
14428	230	0	5	0.5675	91.2	456.0	0.3333333333333333
14429	7	0	5	0.01	5.0	25.0	0.0
14430	318	0	5	0.7875	199.6	998.0	0.3333333333333333
14431	34	0	5	0.0775	32.0	160.0	0.0
14432	259	1	4	0.645	207.0	1035.0	1.0
14433	271	0	5	0.67	131.4	657.0	0.3333333333333333
14434	6	0	5	0.0075	4.0	20.0	0.0
14435	20	0	5	0.0425	18.0	90.0	0.0
14436	166	0	5	0.4075	121.2	606.0	0.0
14437	398	0	5	0.9875	227.0	1135.0	0.6666666666666666
14438	225	0	5	0.555	172.6	863.0	0.3333333333333333
14439	54	0	5	0.1275	52.0	260.0	0.0
14440	393	1	3	0.98	174.4	872.0	1.0
14441	261	0	5	0.645	111.8	559.0	0.3333333333333333
14442	193	0	5	0.475	138.4	692.0	0.6666666666666666
14443	88	0	5	0.2125	41.2	206.0	0.0
14444	275	0	5	0.68	109.4	547.0	0.3333333333333333
14445	365	0	5	0.905	144.8	724.0	0.6666666666666666
14446	194	1	4	0.4825	178.4	892.0	1.0
14447	62	0	5	0.1475	60.0	300.0	0.0
14448	232	0	5	0.5725	186.8	934.0	0.3333333333333333
14449	20	0	5	0.0425	18.0	90.0	0.0
14450	332	0	5	0.8225	217.6	1088.0	0.3333333333333333
14451	317	0	5	0.785	63.2	316.0	0.6666666666666666
14452	354	0	5	0.8775	195.6	978.0	0.6666666666666666
14453	54	0	5	0.1275	52.0	260.0	0.0
14454	362	0	5	0.8975	224.4	1122.0	0.6666666666666666
14455	306	0	5	0.7575	187.2	936.0	0.3333333333333333
14456	250	0	5	0.6175	107.2	536.0	0.3333333333333333
14457	158	0	5	0.3875	146.6	733.0	0.0
14458	56	0	5	0.1325	43.8	219.0	0.3333333333333333
14459	305	0	5	0.755	115.4	577.0	0.3333333333333333
14460	138	0	5	0.3375	136.0	680.0	0.0
14461	8	0	5	0.0125	6.0	30.0	0.0
14462	363	0	5	0.9	193.4	967.0	0.3333333333333333
14463	401	0	4	0.9975	233.8	1169.0	0.6666666666666666
14464	152	0	5	0.3725	106.8	534.0	0.0
14465	268	0	5	0.6625	201.2	1006.0	0.3333333333333333
14466	361	0	5	0.895	133.4	667.0	0.6666666666666666
14467	171	0	5	0.42	169.0	845.0	0.0
14468	317	0	5	0.785	148.6	743.0	0.6666666666666666
14469	59	0	5	0.14	57.0	285.0	0.0
14470	362	0	5	0.8975	168.8	844.0	0.6666666666666666
14471	209	0	5	0.515	164.2	821.0	0.3333333333333333
14472	269	0	5	0.665	249.4	1247.0	0.3333333333333333
14473	317	0	5	0.785	219.0	1095.0	0.3333333333333333
14474	175	0	5	0.43	72.2	361.0	0.6666666666666666
14475	392	0	5	0.9725	118.0	590.0	0.6666666666666666
14476	273	0	5	0.675	139.6	698.0	0.0
14477	384	0	5	0.9525	285.6	1428.0	0.6666666666666666
14478	199	0	5	0.49	163.0	815.0	0.6666666666666666
14479	174	0	5	0.4275	61.6	308.0	0.3333333333333333
14480	71	0	5	0.17	22.6	113.0	0.3333333333333333
14481	67	0	5	0.16	65.0	325.0	0.0
14482	85	0	5	0.205	53.8	269.0	0.0
14483	325	0	5	0.805	219.6	1098.0	0.6666666666666666
14484	349	0	5	0.865	223.4	1117.0	0.6666666666666666
14485	15	0	5	0.03	11.4	57.0	0.3333333333333333
14486	205	0	5	0.505	152.6	763.0	0.3333333333333333
14487	204	0	5	0.5025	172.4	862.0	0.3333333333333333
14488	335	0	5	0.83	266.8	1334.0	0.6666666666666666
14489	308	0	5	0.7625	178.8	894.0	0.6666666666666666
14490	400	0	5	0.9925	251.8	1259.0	0.6666666666666666
14491	238	0	5	0.5875	183.2	916.0	0.0
14492	74	0	5	0.1775	72.0	360.0	0.0
14493	255	0	5	0.63	90.8	454.0	0.6666666666666666
14494	233	0	5	0.575	203.8	1019.0	0.3333333333333333
14495	19	0	5	0.04	17.0	85.0	0.0
14496	201	0	5	0.495	199.0	995.0	0.0
14497	385	1	4	0.96	350.4	1752.0	1.0
14498	376	1	4	0.9375	120.8	604.0	1.0
14499	314	0	5	0.7775	158.2	791.0	0.3333333333333333
14500	308	0	5	0.7625	247.4	1237.0	0.6666666666666666
14501	195	0	5	0.48	119.8	599.0	0.0
14502	55	0	5	0.13	38.0	190.0	0.3333333333333333
14503	39	0	5	0.09	28.0	140.0	0.3333333333333333
14504	377	0	5	0.935	250.6	1253.0	0.6666666666666666
14505	228	0	5	0.5625	220.4	1102.0	0.3333333333333333
14506	162	0	5	0.3975	133.4	667.0	0.3333333333333333
14507	378	0	5	0.9375	165.0	825.0	0.6666666666666666
14508	230	0	5	0.5675	151.2	756.0	0.3333333333333333
14509	167	0	5	0.41	37.8	189.0	0.6666666666666666
14510	290	0	5	0.7175	133.8	669.0	0.3333333333333333
14511	363	0	5	0.9	292.4	1462.0	0.6666666666666666
14512	186	0	5	0.4575	176.8	884.0	0.3333333333333333
14513	299	1	4	0.745	81.4	407.0	1.0
14514	283	0	5	0.7	217.8	1089.0	0.0
14515	373	0	5	0.925	275.2	1376.0	0.6666666666666666
14516	126	0	5	0.3075	84.4	422.0	0.0
14517	271	0	5	0.67	84.2	421.0	0.3333333333333333
14518	57	0	5	0.135	55.0	275.0	0.0
14519	265	0	5	0.655	204.6	1023.0	0.3333333333333333
14520	137	0	5	0.335	135.0	675.0	0.0
14521	202	0	5	0.4975	60.0	300.0	0.6666666666666666
14522	179	0	5	0.44	42.8	214.0	0.3333333333333333
14523	94	0	5	0.2275	91.2	456.0	0.0
14524	351	0	5	0.87	261.8	1309.0	0.6666666666666666
14525	128	0	5	0.3125	107.2	536.0	0.0
14526	293	0	5	0.725	267.0	1335.0	0.3333333333333333
14527	93	0	5	0.225	61.6	308.0	0.3333333333333333
14528	225	0	5	0.555	168.8	844.0	0.6666666666666666
14529	281	0	5	0.695	148.6	743.0	0.3333333333333333
14530	125	0	5	0.305	115.8	579.0	0.3333333333333333
14531	121	0	5	0.295	43.8	219.0	0.6666666666666666
14532	230	0	5	0.5675	118.6	593.0	0.3333333333333333
14533	188	0	5	0.4625	168.8	844.0	0.3333333333333333
14534	373	0	5	0.925	254.2	1271.0	0.6666666666666666
14535	24	0	5	0.0525	14.8	74.0	0.3333333333333333
14536	130	1	3	0.3225	72.6	363.0	1.0
14537	161	0	5	0.395	121.4	607.0	0.0
14538	150	0	5	0.3675	92.4	462.0	0.0
14539	327	0	5	0.81	213.4	1067.0	0.6666666666666666
14540	188	0	5	0.4625	112.4	562.0	0.3333333333333333
14541	367	1	4	0.915	218.6	1093.0	1.0
14542	226	0	5	0.5575	139.2	696.0	0.3333333333333333
14543	173	0	5	0.425	119.0	595.0	0.0
14544	399	0	5	0.99	103.4	517.0	0.6666666666666666
14545	125	0	5	0.305	103.8	519.0	0.3333333333333333
14546	18	0	5	0.0375	16.0	80.0	0.0
14547	246	0	5	0.6075	119.0	595.0	0.0
14548	182	0	5	0.4475	89.8	449.0	0.6666666666666666
14549	230	0	5	0.5675	171.4	857.0	0.3333333333333333
14550	237	0	5	0.585	182.8	914.0	0.3333333333333333
14551	184	1	4	0.4575	92.0	460.0	1.0
14552	319	0	5	0.79	200.6	1003.0	0.6666666666666666
14553	52	0	5	0.1225	47.2	236.0	0.0
14554	277	0	5	0.685	183.0	915.0	0.3333333333333333
14555	14	0	5	0.0275	12.0	60.0	0.0
14556	11	0	5	0.02	9.0	45.0	0.0
14557	201	0	5	0.495	109.2	546.0	0.3333333333333333
14558	17	0	5	0.035	15.0	75.0	0.0
14559	122	0	5	0.2975	96.0	480.0	0.3333333333333333
14560	190	0	5	0.4675	42.0	210.0	0.3333333333333333
14561	28	0	5	0.0625	26.0	130.0	0.0
14562	203	1	4	0.505	108.4	542.0	1.0
14563	385	0	5	0.955	182.0	910.0	0.6666666666666666
14564	143	0	5	0.35	125.8	629.0	0.0
14565	182	0	5	0.4475	180.0	900.0	0.0
14566	13	0	5	0.025	4.4	22.0	0.3333333333333333
14567	132	0	5	0.3225	57.4	287.0	0.0
14568	288	0	5	0.7125	205.2	1026.0	0.3333333333333333
14569	273	0	5	0.675	238.8	1194.0	0.6666666666666666
14570	229	0	5	0.565	156.8	784.0	0.3333333333333333
14571	262	0	5	0.6475	183.2	916.0	0.0
14572	302	0	5	0.7475	98.0	490.0	0.6666666666666666
14573	139	0	5	0.34	85.0	425.0	0.3333333333333333
14574	283	0	5	0.7	215.4	1077.0	0.3333333333333333
14575	225	1	4	0.56	93.8	469.0	1.0
14576	250	0	5	0.6175	233.0	1165.0	0.3333333333333333
14577	213	1	4	0.53	96.2	481.0	1.0
14578	277	0	5	0.685	190.0	950.0	0.6666666666666666
14579	227	0	5	0.56	136.4	682.0	0.6666666666666666
14580	254	0	5	0.6275	102.0	510.0	0.3333333333333333
14581	334	0	5	0.8275	152.6	763.0	0.3333333333333333
14582	28	0	5	0.0625	24.4	122.0	0.3333333333333333
14583	32	0	5	0.0725	30.0	150.0	0.0
14584	224	1	2	0.5575	165.2	826.0	1.0
14585	217	0	5	0.535	198.8	994.0	0.0
14586	43	0	5	0.1	41.0	205.0	0.0
14587	132	1	4	0.3275	70.8	354.0	1.0
14588	165	0	5	0.405	124.4	622.0	0.0
14589	397	0	5	0.985	242.2	1211.0	0.3333333333333333
14590	203	0	5	0.5	95.4	477.0	0.3333333333333333
14591	284	0	5	0.7025	121.2	606.0	0.3333333333333333
14592	39	0	5	0.09	37.0	185.0	0.0
14593	222	0	5	0.5475	193.2	966.0	0.3333333333333333
14594	198	0	5	0.4875	93.4	467.0	0.3333333333333333
14595	239	0	5	0.59	237.0	1185.0	0.3333333333333333
14596	199	0	5	0.49	107.2	536.0	0.3333333333333333
14597	60	0	5	0.1425	58.0	290.0	0.0
14598	26	0	5	0.0575	23.4	117.0	0.0
14599	78	0	5	0.1875	76.0	380.0	0.0
14600	67	0	5	0.16	57.8	289.0	0.0
14601	332	0	5	0.8225	201.2	1006.0	0.3333333333333333
14602	391	1	4	0.975	216.2	1081.0	1.0
14603	301	0	5	0.745	228.4	1142.0	0.3333333333333333
14604	337	1	4	0.84	88.2	441.0	1.0
14605	92	0	5	0.2225	48.4	242.0	0.3333333333333333
14606	360	1	4	0.8975	201.4	1007.0	1.0
14607	214	0	5	0.5275	187.6	938.0	0.6666666666666666
14608	144	0	5	0.3525	142.0	710.0	0.0
14609	190	0	5	0.4675	187.0	935.0	0.3333333333333333
14610	308	0	5	0.7625	207.6	1038.0	0.6666666666666666
14611	154	0	5	0.3775	87.4	437.0	0.6666666666666666
14612	60	0	5	0.1425	58.0	290.0	0.0
14613	43	0	5	0.1	41.0	205.0	0.3333333333333333
14614	285	0	5	0.705	207.4	1037.0	0.6666666666666666
14615	297	0	5	0.735	245.8	1229.0	0.3333333333333333
14616	183	0	5	0.45	91.0	455.0	0.3333333333333333
14617	200	0	5	0.4925	184.4	922.0	0.3333333333333333
14618	106	0	5	0.2575	104.0	520.0	0.0
14619	350	0	5	0.8675	200.0	1000.0	0.6666666666666666
14620	102	0	5	0.2475	20.4	102.0	0.3333333333333333
14621	387	0	5	0.96	204.4	1022.0	0.6666666666666666
14622	310	1	3	0.7725	140.6	703.0	1.0
14623	170	0	5	0.4175	123.4	617.0	0.0
14624	112	0	5	0.2725	110.0	550.0	0.0
14625	145	0	5	0.355	135.0	675.0	0.3333333333333333
14626	20	0	5	0.0425	18.0	90.0	0.0
14627	138	0	5	0.3375	73.2	366.0	0.6666666666666666
14628	320	0	5	0.7925	145.6	728.0	0.6666666666666666
14629	124	0	5	0.3025	110.0	550.0	0.3333333333333333
14630	186	0	5	0.4575	126.4	632.0	0.6666666666666666
14631	126	0	5	0.3075	58.6	293.0	0.0
14632	40	0	5	0.0925	38.0	190.0	0.0
14633	367	0	5	0.91	261.4	1307.0	0.6666666666666666
14634	351	1	4	0.875	105.4	527.0	1.0
14635	269	0	5	0.665	138.0	690.0	0.3333333333333333
14636	126	0	5	0.3075	50.0	250.0	0.3333333333333333
14637	58	0	5	0.1375	28.0	140.0	0.3333333333333333
14638	162	0	5	0.3975	76.8	384.0	0.3333333333333333
14639	371	0	5	0.92	151.0	755.0	0.6666666666666666
14640	81	0	5	0.195	79.0	395.0	0.0
14641	283	0	5	0.7	108.2	541.0	0.0
14642	179	0	5	0.44	162.6	813.0	0.3333333333333333
14643	233	0	5	0.575	145.8	729.0	0.6666666666666666
14644	315	0	5	0.78	269.0	1345.0	0.0
14645	47	0	5	0.11	45.0	225.0	0.0
14646	44	0	5	0.1025	31.8	159.0	0.3333333333333333
14647	173	0	5	0.425	119.6	598.0	0.3333333333333333
14648	210	0	5	0.5175	153.4	767.0	0.3333333333333333
14649	249	1	4	0.62	181.6	908.0	1.0
14650	165	0	5	0.405	135.8	679.0	0.3333333333333333
14651	332	0	5	0.8225	180.0	900.0	0.0
14652	75	0	5	0.18	73.0	365.0	0.0
14653	95	0	5	0.23	56.0	280.0	0.0
14654	243	1	4	0.605	108.2	541.0	1.0
14655	236	0	5	0.5825	135.2	676.0	0.3333333333333333
14656	323	0	5	0.8	302.8	1514.0	0.3333333333333333
14657	92	0	5	0.2225	51.0	255.0	0.0
14658	217	0	5	0.535	214.2	1071.0	0.3333333333333333
14659	110	0	5	0.2675	101.2	506.0	0.3333333333333333
14660	254	0	5	0.6275	219.2	1096.0	0.3333333333333333
14661	265	0	5	0.655	109.8	549.0	0.3333333333333333
14662	182	0	5	0.4475	124.2	621.0	0.3333333333333333
14663	106	0	5	0.2575	103.2	516.0	0.3333333333333333
14664	200	0	5	0.4925	132.0	660.0	0.0
14665	99	0	5	0.24	44.8	224.0	0.3333333333333333
14666	297	0	5	0.735	280.0	1400.0	0.3333333333333333
14667	268	0	5	0.6625	172.2	861.0	0.3333333333333333
14668	382	0	5	0.9475	180.0	900.0	0.6666666666666666
14669	394	1	4	0.9825	162.8	814.0	1.0
14670	118	0	5	0.2875	69.8	349.0	0.3333333333333333
14671	236	0	5	0.5825	205.2	1026.0	0.6666666666666666
14672	381	1	4	0.95	292.4	1462.0	1.0
14673	278	0	5	0.6875	135.2	676.0	0.3333333333333333
14674	353	0	5	0.875	243.8	1219.0	0.6666666666666666
14675	313	0	5	0.775	156.6	783.0	0.3333333333333333
14676	103	0	5	0.25	66.6	333.0	0.3333333333333333
14677	365	0	5	0.905	200.0	1000.0	0.6666666666666666
14678	202	0	5	0.4975	114.2	571.0	0.0
14679	131	0	5	0.32	112.2	561.0	0.0
14680	299	0	5	0.74	201.0	1005.0	0.6666666666666666
14681	239	0	5	0.59	162.4	812.0	0.3333333333333333
14682	172	0	5	0.4225	54.0	270.0	0.3333333333333333
14683	75	0	5	0.18	54.4	272.0	0.0
14684	246	0	5	0.6075	185.8	929.0	0.3333333333333333
14685	238	0	5	0.5875	124.2	621.0	0.6666666666666666
14686	218	0	5	0.5375	77.4	387.0	0.3333333333333333
14687	155	0	5	0.38	117.4	587.0	0.3333333333333333
14688	284	0	5	0.7025	134.6	673.0	0.6666666666666666
14689	291	0	5	0.72	194.0	970.0	0.6666666666666666
14690	367	0	5	0.91	180.8	904.0	0.6666666666666666
14691	237	0	5	0.585	165.6	828.0	0.0
14692	148	0	5	0.3625	91.0	455.0	0.6666666666666666
14693	249	0	5	0.615	205.4	1027.0	0.6666666666666666
14694	39	0	5	0.09	37.0	185.0	0.0
14695	328	0	5	0.8125	224.0	1120.0	0.3333333333333333
14696	250	0	5	0.6175	237.4	1187.0	0.3333333333333333
14697	328	0	5	0.8125	268.8	1344.0	0.6666666666666666
14698	51	0	5	0.12	41.8	209.0	0.3333333333333333
14699	194	0	5	0.4775	122.0	610.0	0.0
14700	38	0	5	0.0875	36.0	180.0	0.0
14701	103	0	5	0.25	93.4	467.0	0.0
14702	104	0	5	0.2525	89.6	448.0	0.0
14703	351	0	5	0.87	270.4	1352.0	0.6666666666666666
14704	174	0	5	0.4275	164.8	824.0	0.3333333333333333
14705	160	0	5	0.3925	75.8	379.0	0.0
14706	133	0	5	0.325	123.2	616.0	0.3333333333333333
14707	164	0	5	0.4025	109.0	545.0	0.3333333333333333
14708	213	1	4	0.53	136.6	683.0	1.0
14709	137	0	5	0.335	135.0	675.0	0.0
14710	178	0	5	0.4375	121.2	606.0	0.0
14711	317	0	5	0.785	243.2	1216.0	0.3333333333333333
14712	192	0	5	0.4725	174.6	873.0	0.0
14713	102	0	5	0.2475	81.4	407.0	0.0
14714	206	0	5	0.5075	89.0	445.0	0.3333333333333333
14715	79	0	5	0.19	77.0	385.0	0.0
14716	41	0	5	0.095	39.0	195.0	0.0
14717	244	0	5	0.6025	154.0	770.0	0.0
14718	332	0	5	0.8225	175.6	878.0	0.6666666666666666
14719	222	0	5	0.5475	208.0	1040.0	0.6666666666666666
14720	168	0	5	0.4125	166.0	830.0	0.0
14721	390	0	5	0.9675	90.6	453.0	0.6666666666666666
14722	59	0	5	0.14	48.4	242.0	0.0
14723	355	0	5	0.88	285.8	1429.0	0.6666666666666666
14724	103	0	5	0.25	89.8	449.0	0.3333333333333333
14725	99	0	5	0.24	61.0	305.0	0.3333333333333333
14726	294	0	5	0.7275	191.6	958.0	0.3333333333333333
14727	109	0	5	0.265	107.0	535.0	0.3333333333333333
14728	276	0	5	0.6825	158.2	791.0	0.6666666666666666
14729	327	0	5	0.81	132.2	661.0	0.6666666666666666
14730	49	0	5	0.115	32.0	160.0	0.0
14731	216	0	5	0.5325	162.0	810.0	0.3333333333333333
14732	51	0	5	0.12	49.0	245.0	0.0
14733	185	0	5	0.455	65.8	329.0	0.3333333333333333
14734	292	0	5	0.7225	165.8	829.0	0.3333333333333333
14735	292	0	5	0.7225	162.6	813.0	0.3333333333333333
14736	262	0	5	0.6475	192.6	963.0	0.6666666666666666
14737	234	0	5	0.5775	160.4	802.0	0.3333333333333333
14738	154	0	5	0.3775	106.2	531.0	0.3333333333333333
14739	150	0	5	0.3675	115.0	575.0	0.6666666666666666
14740	292	0	5	0.7225	214.4	1072.0	0.6666666666666666
14741	74	0	5	0.1775	61.6	308.0	0.3333333333333333
14742	350	0	5	0.8675	161.0	805.0	0.6666666666666666
14743	388	0	5	0.9625	85.4	427.0	0.6666666666666666
14744	182	0	5	0.4475	174.4	872.0	0.3333333333333333
14745	222	0	5	0.5475	52.8	264.0	0.3333333333333333
14746	5	0	5	0.005	3.0	15.0	0.0
14747	230	0	5	0.5675	58.4	292.0	0.6666666666666666
14748	141	0	5	0.345	98.0	490.0	0.6666666666666666
14749	22	0	5	0.0475	20.0	100.0	0.0
14750	85	0	5	0.205	48.4	242.0	0.3333333333333333
14751	131	0	5	0.32	115.2	576.0	0.6666666666666666
14752	39	0	5	0.09	37.0	185.0	0.0
14753	336	0	5	0.8325	247.2	1236.0	0.3333333333333333
14754	234	0	5	0.5775	64.2	321.0	0.6666666666666666
14755	379	0	5	0.94	224.6	1123.0	0.6666666666666666
14756	79	0	5	0.19	29.0	145.0	0.6666666666666666
14757	136	0	5	0.3325	121.6	608.0	0.3333333333333333
14758	400	0	5	0.9925	198.6	993.0	0.6666666666666666
14759	331	0	5	0.82	238.2	1191.0	0.6666666666666666
14760	85	0	5	0.205	64.4	322.0	0.0
14761	350	1	4	0.8725	232.0	1160.0	1.0
14762	382	0	5	0.9475	269.6	1348.0	0.6666666666666666
14763	204	0	5	0.5025	147.4	737.0	0.0
14764	328	0	5	0.8125	128.0	640.0	0.6666666666666666
14765	160	0	5	0.3925	75.0	375.0	0.3333333333333333
14766	150	0	5	0.3675	101.6	508.0	0.3333333333333333
14767	62	0	5	0.1475	32.4	162.0	0.3333333333333333
14768	272	0	5	0.6725	106.8	534.0	0.6666666666666666
14769	366	0	5	0.9075	180.4	902.0	0.6666666666666666
14770	356	1	4	0.8875	129.6	648.0	1.0
14771	201	0	5	0.495	46.2	231.0	0.3333333333333333
14772	195	0	5	0.48	129.4	647.0	0.0
14773	175	0	5	0.43	137.0	685.0	0.3333333333333333
14774	190	0	5	0.4675	129.8	649.0	0.3333333333333333
14775	125	0	5	0.305	111.8	559.0	0.3333333333333333
14776	77	0	5	0.185	75.0	375.0	0.0
14777	135	0	5	0.33	109.0	545.0	0.3333333333333333
14778	180	0	5	0.4425	137.2	686.0	0.0
14779	191	0	5	0.47	89.6	448.0	0.6666666666666666
14780	241	0	5	0.595	93.6	468.0	0.6666666666666666
14781	78	0	5	0.1875	60.0	300.0	0.3333333333333333
14782	80	0	5	0.1925	78.0	390.0	0.0
14783	34	0	5	0.0775	32.0	160.0	0.0
14784	98	0	5	0.2375	71.6	358.0	0.3333333333333333
14785	133	0	5	0.325	127.2	636.0	0.0
14786	260	0	5	0.6425	122.4	612.0	0.3333333333333333
14787	126	0	5	0.3075	84.6	423.0	0.6666666666666666
14788	268	0	5	0.6625	197.4	987.0	0.0
14789	20	0	5	0.0425	18.0	90.0	0.0
14790	75	0	5	0.18	39.4	197.0	0.3333333333333333
14791	254	0	5	0.6275	96.8	484.0	0.6666666666666666
14792	201	0	5	0.495	188.2	941.0	0.0
14793	111	0	5	0.27	95.0	475.0	0.3333333333333333
14794	346	0	5	0.8575	238.0	1190.0	0.3333333333333333
14795	193	0	5	0.475	168.0	840.0	0.3333333333333333
14796	249	0	5	0.615	78.2	391.0	0.3333333333333333
14797	196	0	5	0.4825	194.0	970.0	0.0
14798	368	0	5	0.9125	142.2	711.0	0.6666666666666666
14799	357	0	5	0.885	226.2	1131.0	0.0
14800	252	0	5	0.6225	183.0	915.0	0.3333333333333333
14801	43	0	5	0.1	41.0	205.0	0.0
14802	302	0	5	0.7475	142.4	712.0	0.6666666666666666
14803	64	0	5	0.1525	62.0	310.0	0.0
14804	62	0	5	0.1475	60.0	300.0	0.0
14805	349	0	5	0.865	200.6	1003.0	0.3333333333333333
14806	237	0	5	0.585	114.6	573.0	0.3333333333333333
14807	148	0	5	0.3625	35.6	178.0	0.3333333333333333
14808	260	1	4	0.6475	99.2	496.0	1.0
14809	124	0	5	0.3025	116.0	580.0	0.0
14810	391	0	5	0.97	345.8	1729.0	0.6666666666666666
14811	233	0	5	0.575	150.6	753.0	0.3333333333333333
14812	97	0	5	0.235	93.2	466.0	0.3333333333333333
14813	161	0	5	0.395	99.0	495.0	0.0
14814	218	1	4	0.5425	150.8	754.0	1.0
14815	57	0	5	0.135	25.6	128.0	0.6666666666666666
14816	386	0	5	0.9575	219.8	1099.0	0.3333333333333333
14817	145	0	5	0.355	106.2	531.0	0.3333333333333333
14818	141	1	4	0.35	101.8	509.0	1.0
14819	300	0	5	0.7425	124.4	622.0	0.6666666666666666
14820	25	0	5	0.055	23.0	115.0	0.0
14821	317	0	5	0.785	106.0	530.0	0.3333333333333333
14822	374	0	5	0.9275	325.6	1628.0	0.6666666666666666
14823	196	0	5	0.4825	85.4	427.0	0.6666666666666666
14824	152	0	5	0.3725	50.6	253.0	0.6666666666666666
14825	182	1	4	0.4525	140.0	700.0	1.0
14826	101	0	5	0.245	92.6	463.0	0.0
14827	95	0	5	0.23	93.0	465.0	0.0
14828	148	0	5	0.3625	113.2	566.0	0.3333333333333333
14829	54	0	5	0.1275	26.4	132.0	0.3333333333333333
14830	234	0	5	0.5775	108.0	540.0	0.6666666666666666
14831	261	0	5	0.645	189.6	948.0	0.3333333333333333
14832	42	0	5	0.0975	40.0	200.0	0.0
14833	43	0	5	0.1	41.0	205.0	0.0
14834	204	0	5	0.5025	163.4	817.0	0.6666666666666666
14835	91	0	5	0.22	78.6	393.0	0.0
14836	179	0	5	0.44	81.4	407.0	0.3333333333333333
14837	124	0	5	0.3025	95.4	477.0	0.6666666666666666
14838	255	0	5	0.63	140.2	701.0	0.3333333333333333
14839	323	0	5	0.8	215.0	1075.0	0.3333333333333333
14840	179	0	5	0.44	122.4	612.0	0.3333333333333333
14841	204	0	5	0.5025	159.2	796.0	0.3333333333333333
14842	43	0	5	0.1	41.0	205.0	0.0
14843	395	0	5	0.98	303.6	1518.0	0.6666666666666666
14844	270	0	5	0.6675	220.2	1101.0	0.6666666666666666
14845	340	0	5	0.8425	249.2	1246.0	0.6666666666666666
14846	114	1	4	0.2825	24.4	122.0	1.0
14847	155	0	5	0.38	97.8	489.0	0.6666666666666666
14848	15	0	5	0.03	13.0	65.0	0.0
14849	42	0	5	0.0975	40.0	200.0	0.0
14850	181	1	4	0.45	132.2	661.0	1.0
14851	175	0	5	0.43	45.8	229.0	0.3333333333333333
14852	378	0	5	0.9375	212.0	1060.0	0.3333333333333333
14853	165	1	4	0.41	112.2	561.0	1.0
14854	312	0	5	0.7725	231.0	1155.0	0.6666666666666666
14855	374	0	5	0.9275	175.2	876.0	0.6666666666666666
14856	47	0	5	0.11	45.0	225.0	0.0
14857	135	0	5	0.33	77.8	389.0	0.6666666666666666
14858	193	0	5	0.475	68.6	343.0	0.3333333333333333
14859	116	0	5	0.2825	114.0	570.0	0.0
14860	264	1	4	0.6575	76.0	380.0	1.0
14861	290	0	5	0.7175	177.8	889.0	0.0
14862	126	0	5	0.3075	124.0	620.0	0.0
14863	76	0	5	0.1825	27.6	138.0	0.3333333333333333
14864	227	0	5	0.56	156.6	783.0	0.3333333333333333
14865	34	0	5	0.0775	32.0	160.0	0.0
14866	270	0	5	0.6675	170.8	854.0	0.3333333333333333
14867	104	0	5	0.2525	76.8	384.0	0.3333333333333333
14868	239	0	5	0.59	154.2	771.0	0.3333333333333333
14869	107	0	5	0.26	38.6	193.0	0.3333333333333333
14870	282	0	5	0.6975	197.2	986.0	0.3333333333333333
14871	368	0	5	0.9125	271.8	1359.0	0.3333333333333333
14872	278	0	5	0.6875	162.6	813.0	0.6666666666666666
14873	330	0	5	0.8175	249.2	1246.0	0.0
14874	159	0	5	0.39	70.8	354.0	0.6666666666666666
14875	120	0	5	0.2925	118.0	590.0	0.0
14876	364	1	4	0.9075	134.4	672.0	1.0
14877	348	1	4	0.8675	263.4	1317.0	1.0
14878	270	1	4	0.6725	55.6	278.0	1.0
14879	344	0	5	0.8525	226.4	1132.0	0.6666666666666666
14880	359	0	5	0.89	276.8	1384.0	0.6666666666666666
14881	76	0	5	0.1825	38.8	194.0	0.3333333333333333
14882	19	0	5	0.04	17.0	85.0	0.0
14883	102	0	5	0.2475	100.0	500.0	0.0
14884	233	0	5	0.575	131.8	659.0	0.6666666666666666
14885	131	0	5	0.32	129.0	645.0	0.0
14886	188	0	5	0.4625	105.6	528.0	0.3333333333333333
14887	270	0	5	0.6675	169.0	845.0	0.6666666666666666
14888	313	0	5	0.775	89.8	449.0	0.3333333333333333
14889	246	0	5	0.6075	159.6	798.0	0.6666666666666666
14890	366	0	5	0.9075	246.0	1230.0	0.6666666666666666
14891	31	0	5	0.07	26.6	133.0	0.0
14892	83	0	5	0.2	61.8	309.0	0.3333333333333333
14893	141	0	5	0.345	135.8	679.0	0.0
14894	128	0	5	0.3125	121.0	605.0	0.3333333333333333
14895	280	0	5	0.6925	170.0	850.0	0.3333333333333333
14896	362	0	5	0.8975	189.6	948.0	0.6666666666666666
14897	86	0	5	0.2075	68.0	340.0	0.3333333333333333
14898	151	0	5	0.37	137.4	687.0	0.3333333333333333
14899	221	0	5	0.545	163.2	816.0	0.3333333333333333
14900	125	0	5	0.305	81.0	405.0	0.3333333333333333
14901	93	0	5	0.225	91.0	455.0	0.0
14902	332	0	5	0.8225	160.4	802.0	0.6666666666666666
14903	109	0	5	0.265	79.4	397.0	0.0
14904	343	0	5	0.85	187.4	937.0	0.6666666666666666
14905	252	1	4	0.6275	52.0	260.0	1.0
14906	315	1	4	0.785	82.2	411.0	1.0
14907	304	0	5	0.7525	212.0	1060.0	0.3333333333333333
14908	271	0	5	0.67	93.0	465.0	0.3333333333333333
14909	96	0	5	0.2325	88.4	442.0	0.0
14910	130	0	5	0.3175	128.0	640.0	0.0
14911	321	0	5	0.795	171.4	857.0	0.6666666666666666
14912	165	0	5	0.405	68.2	341.0	0.3333333333333333
14913	247	0	5	0.61	183.0	915.0	0.3333333333333333
14914	101	0	5	0.245	29.4	147.0	0.3333333333333333
14915	244	0	5	0.6025	118.4	592.0	0.3333333333333333
14916	348	0	5	0.8625	90.4	452.0	0.6666666666666666
14917	44	0	5	0.1025	18.0	90.0	0.3333333333333333
14918	89	0	5	0.215	49.8	249.0	0.0
14919	269	0	5	0.665	201.2	1006.0	0.6666666666666666
14920	351	0	5	0.87	165.4	827.0	0.3333333333333333
14921	183	0	5	0.45	64.6	323.0	0.3333333333333333
14922	168	0	5	0.4125	93.6	468.0	0.3333333333333333
14923	124	0	5	0.3025	106.8	534.0	0.0
14924	70	0	5	0.1675	43.2	216.0	0.3333333333333333
14925	5	0	5	0.005	3.0	15.0	0.0
14926	386	1	4	0.9625	311.4	1557.0	1.0
14927	381	1	4	0.95	268.4	1342.0	1.0
14928	335	0	5	0.83	145.0	725.0	0.6666666666666666
14929	308	0	5	0.7625	192.4	962.0	0.3333333333333333
14930	110	0	5	0.2675	105.0	525.0	0.3333333333333333
14931	266	0	5	0.6575	247.2	1236.0	0.3333333333333333
14932	338	0	5	0.8375	138.8	694.0	0.6666666666666666
14933	393	0	5	0.975	153.2	766.0	0.6666666666666666
14934	355	0	5	0.88	244.2	1221.0	0.3333333333333333
14935	401	0	5	0.995	147.4	737.0	0.6666666666666666
14936	137	0	5	0.335	99.4	497.0	0.3333333333333333
14937	362	1	4	0.9025	273.2	1366.0	1.0
14938	311	0	5	0.77	185.8	929.0	0.6666666666666666
14939	80	0	5	0.1925	78.0	390.0	0.0
14940	327	0	5	0.81	259.6	1298.0	0.6666666666666666
14941	256	0	5	0.6325	84.4	422.0	0.3333333333333333
14942	42	0	5	0.0975	40.0	200.0	0.0
14943	289	0	5	0.715	159.0	795.0	0.3333333333333333
14944	4	0	5	0.0025	2.0	10.0	0.0
14945	339	0	5	0.84	87.4	437.0	0.6666666666666666
14946	352	0	5	0.8725	160.0	800.0	0.3333333333333333
14947	86	0	5	0.2075	82.8	414.0	0.0
14948	332	0	5	0.8225	122.8	614.0	0.3333333333333333
14949	162	0	5	0.3975	110.8	554.0	0.3333333333333333
14950	229	0	5	0.565	213.0	1065.0	0.3333333333333333
14951	77	0	5	0.185	75.0	375.0	0.0
14952	27	0	5	0.06	25.0	125.0	0.0
14953	69	0	5	0.165	26.8	134.0	0.0
14954	182	0	5	0.4475	76.2	381.0	0.6666666666666666
14955	31	0	5	0.07	29.0	145.0	0.0
14956	164	0	5	0.4025	157.2	786.0	0.0
14957	224	0	5	0.5525	170.4	852.0	0.3333333333333333
14958	143	0	5	0.35	100.8	504.0	0.3333333333333333
14959	239	0	5	0.59	126.4	632.0	0.3333333333333333
14960	329	0	5	0.815	197.8	989.0	0.6666666666666666
14961	328	0	5	0.8125	154.4	772.0	0.6666666666666666
14962	200	0	5	0.4925	198.0	990.0	0.0
14963	262	1	4	0.6525	141.2	706.0	1.0
14964	253	0	5	0.625	207.4	1037.0	0.6666666666666666
14965	201	0	5	0.495	77.4	387.0	0.6666666666666666
14966	254	0	5	0.6275	116.8	584.0	0.3333333333333333
14967	132	0	5	0.3225	120.8	604.0	0.3333333333333333
14968	36	0	5	0.0825	34.0	170.0	0.0
14969	231	0	5	0.57	210.6	1053.0	0.0
14970	240	0	5	0.5925	110.0	550.0	0.6666666666666666
14971	98	0	5	0.2375	84.2	421.0	0.0
14972	53	0	5	0.125	51.0	255.0	0.0
14973	191	0	5	0.47	159.8	799.0	0.0
14974	60	0	5	0.1425	49.2	246.0	0.3333333333333333
14975	281	0	5	0.695	134.0	670.0	0.3333333333333333
14976	166	0	5	0.4075	159.2	796.0	0.3333333333333333
14977	387	0	5	0.96	240.6	1203.0	0.6666666666666666
14978	128	0	5	0.3125	126.0	630.0	0.0
14979	52	0	5	0.1225	50.0	250.0	0.0
14980	49	0	5	0.115	24.6	123.0	0.0
14981	70	0	5	0.1675	59.6	298.0	0.3333333333333333
14982	85	0	5	0.205	83.0	415.0	0.0
14983	245	0	5	0.605	136.2	681.0	0.3333333333333333
14984	240	0	5	0.5925	164.0	820.0	0.3333333333333333
14985	35	0	5	0.08	33.0	165.0	0.0
14986	357	0	5	0.885	229.4	1147.0	0.6666666666666666
14987	268	0	5	0.6625	121.0	605.0	0.3333333333333333
14988	129	0	5	0.315	68.6	343.0	0.6666666666666666
14989	118	0	5	0.2875	113.4	567.0	0.0
14990	280	0	5	0.6925	196.4	982.0	0.3333333333333333
14991	150	0	5	0.3675	128.4	642.0	0.0
14992	115	0	5	0.28	107.0	535.0	0.3333333333333333
14993	37	0	5	0.085	26.6	133.0	0.0
14994	2	0	5	0.0	0.0	0.0	0.0
14995	38	0	5	0.0875	36.0	180.0	0.0
14996	56	0	5	0.1325	39.6	198.0	0.3333333333333333
14997	262	0	5	0.6475	226.8	1134.0	0.0
14998	238	0	5	0.5875	135.2	676.0	0.3333333333333333
14999	133	0	5	0.325	73.8	369.0	0.3333333333333333
15000	335	1	4	0.835	102.2	511.0	1.0
15001	255	0	5	0.63	133.4	667.0	0.6666666666666666
15002	347	0	5	0.86	125.4	627.0	0.6666666666666666
15003	269	0	5	0.665	155.2	776.0	0.6666666666666666
15004	368	0	5	0.9125	313.2	1566.0	0.3333333333333333
15005	361	0	5	0.895	191.8	959.0	0.6666666666666666
15006	382	0	5	0.9475	251.2	1256.0	0.6666666666666666
15007	401	0	4	0.9975	166.0	830.0	0.6666666666666666
15008	166	0	5	0.4075	148.8	744.0	0.6666666666666666
15009	397	1	4	0.99	273.2	1366.0	1.0
15010	141	0	5	0.345	98.2	491.0	0.3333333333333333
15011	286	1	4	0.7125	223.0	1115.0	1.0
15012	108	0	5	0.2625	46.0	230.0	0.6666666666666666
15013	236	0	5	0.5825	125.2	626.0	0.6666666666666666
15014	75	0	5	0.18	43.6	218.0	0.0
15015	357	0	5	0.885	180.8	904.0	0.6666666666666666
15016	183	0	5	0.45	101.4	507.0	0.3333333333333333
15017	328	0	5	0.8125	134.4	672.0	0.6666666666666666
15018	159	0	5	0.39	157.0	785.0	0.3333333333333333
15019	242	0	5	0.5975	240.0	1200.0	0.0
15020	146	0	5	0.3575	87.4	437.0	0.6666666666666666
15021	252	0	5	0.6225	118.6	593.0	0.3333333333333333
15022	111	0	5	0.27	109.0	545.0	0.0
15023	148	0	5	0.3625	57.0	285.0	0.6666666666666666
15024	356	0	5	0.8825	291.4	1457.0	0.3333333333333333
15025	251	0	5	0.62	88.0	440.0	0.6666666666666666
15026	301	1	4	0.75	233.0	1165.0	1.0
15027	143	0	5	0.35	104.4	522.0	0.3333333333333333
15028	211	0	5	0.52	173.8	869.0	0.3333333333333333
15029	264	0	5	0.6525	116.8	584.0	0.3333333333333333
15030	285	1	4	0.71	151.4	757.0	1.0
15031	66	0	5	0.1575	64.0	320.0	0.0
15032	399	1	4	0.995	251.0	1255.0	1.0
15033	198	0	5	0.4875	146.4	732.0	0.3333333333333333
15034	74	0	5	0.1775	55.6	278.0	0.3333333333333333
15035	369	0	5	0.915	208.2	1041.0	0.6666666666666666
15036	364	0	5	0.9025	146.2	731.0	0.6666666666666666
15037	172	0	5	0.4225	42.0	210.0	0.0
15038	113	0	5	0.275	104.2	521.0	0.3333333333333333
15039	268	0	5	0.6625	170.4	852.0	0.3333333333333333
15040	149	0	5	0.365	76.2	381.0	0.3333333333333333
15041	188	0	5	0.4625	115.2	576.0	0.3333333333333333
15042	277	0	5	0.685	168.2	841.0	0.6666666666666666
15043	50	0	5	0.1175	32.8	164.0	0.6666666666666666
15044	235	0	5	0.58	158.4	792.0	0.3333333333333333
15045	291	0	5	0.72	123.4	617.0	0.3333333333333333
15046	271	0	5	0.67	139.4	697.0	0.3333333333333333
15047	316	1	4	0.7875	191.6	958.0	1.0
15048	72	0	5	0.1725	29.8	149.0	0.0
15049	396	0	5	0.9825	242.2	1211.0	0.6666666666666666
15050	195	0	5	0.48	190.2	951.0	0.0
15051	188	0	5	0.4625	186.0	930.0	0.0
15052	401	0	4	0.9975	234.0	1170.0	0.6666666666666666
15053	345	0	5	0.855	253.6	1268.0	0.6666666666666666
15054	160	0	5	0.3925	98.0	490.0	0.0
15055	232	0	5	0.5725	97.2	486.0	0.6666666666666666
15056	120	0	5	0.2925	118.0	590.0	0.0
15057	221	0	5	0.545	165.4	827.0	0.3333333333333333
15058	84	0	5	0.2025	47.8	239.0	0.3333333333333333
15059	228	0	5	0.5625	101.4	507.0	0.6666666666666666
15060	386	0	5	0.9575	214.8	1074.0	0.6666666666666666
15061	296	1	4	0.7375	172.0	860.0	1.0
15062	285	0	5	0.705	124.6	623.0	0.3333333333333333
15063	120	0	5	0.2925	83.6	418.0	0.0
15064	294	0	5	0.7275	222.0	1110.0	0.6666666666666666
15065	299	0	5	0.74	224.0	1120.0	0.6666666666666666
15066	293	0	5	0.725	253.2	1266.0	0.3333333333333333
15067	43	0	5	0.1	35.0	175.0	0.0
15068	370	0	5	0.9175	119.8	599.0	0.6666666666666666
15069	283	0	5	0.7	159.2	796.0	0.6666666666666666
15070	284	0	5	0.7025	201.6	1008.0	0.0
15071	231	0	5	0.57	115.4	577.0	0.3333333333333333
15072	35	0	5	0.08	29.4	147.0	0.0
15073	50	0	5	0.1175	48.0	240.0	0.0
15074	250	0	5	0.6175	214.4	1072.0	0.3333333333333333
15075	274	0	5	0.6775	84.0	420.0	0.3333333333333333
15076	376	1	4	0.9375	152.0	760.0	1.0
15077	113	0	5	0.275	111.0	555.0	0.0
15078	256	0	5	0.6325	180.0	900.0	0.3333333333333333
15079	217	0	5	0.535	183.8	919.0	0.6666666666666666
15080	124	0	5	0.3025	105.8	529.0	0.0
15081	272	1	4	0.6775	110.0	550.0	1.0
15082	135	0	5	0.33	103.0	515.0	0.3333333333333333
15083	339	0	5	0.84	188.6	943.0	0.6666666666666666
15084	261	1	3	0.65	179.8	899.0	1.0
15085	142	0	5	0.3475	124.6	623.0	0.3333333333333333
15086	217	0	5	0.535	129.8	649.0	0.6666666666666666
15087	316	0	5	0.7825	214.4	1072.0	0.6666666666666666
15088	301	0	5	0.745	189.8	949.0	0.6666666666666666
15089	201	0	5	0.495	177.8	889.0	0.6666666666666666
15090	398	1	4	0.9925	88.2	441.0	1.0
15091	234	0	5	0.5775	169.4	847.0	0.3333333333333333
15092	339	0	5	0.84	257.4	1287.0	0.6666666666666666
15093	376	1	4	0.9375	211.4	1057.0	1.0
15094	353	0	5	0.875	255.0	1275.0	0.6666666666666666
15095	252	0	5	0.6225	191.2	956.0	0.3333333333333333
15096	318	1	4	0.7925	195.4	977.0	1.0
15097	288	0	5	0.7125	183.2	916.0	0.3333333333333333
15098	337	0	5	0.835	212.8	1064.0	0.3333333333333333
15099	75	0	5	0.18	73.0	365.0	0.0
15100	153	0	5	0.375	112.0	560.0	0.3333333333333333
15101	272	0	5	0.6725	171.6	858.0	0.0
15102	333	0	5	0.825	154.8	774.0	0.3333333333333333
15103	80	1	4	0.1975	53.8	269.0	1.0
15104	371	1	4	0.925	208.4	1042.0	1.0
15105	200	1	4	0.4975	56.8	284.0	1.0
15106	368	0	5	0.9125	256.0	1280.0	0.3333333333333333
15107	115	0	5	0.28	98.2	491.0	0.3333333333333333
15108	4	0	5	0.0025	2.0	10.0	0.0
15109	386	0	5	0.9575	305.8	1529.0	0.6666666666666666
15110	245	0	5	0.605	73.8	369.0	0.6666666666666666
15111	23	0	5	0.05	21.0	105.0	0.0
15112	64	0	5	0.1525	62.0	310.0	0.0
15113	125	0	5	0.305	102.2	511.0	0.3333333333333333
15114	363	0	5	0.9	277.4	1387.0	0.3333333333333333
15115	212	0	5	0.5225	115.4	577.0	0.6666666666666666
15116	202	0	5	0.4975	186.6	933.0	0.0
15117	167	0	5	0.41	104.2	521.0	0.6666666666666666
15118	195	1	4	0.485	95.0	475.0	1.0
15119	341	0	5	0.845	71.8	359.0	0.6666666666666666
15120	129	0	5	0.315	50.0	250.0	0.3333333333333333
15121	318	0	5	0.7875	242.8	1214.0	0.3333333333333333
15122	110	0	5	0.2675	36.0	180.0	0.6666666666666666
15123	179	1	4	0.445	76.8	384.0	1.0
15124	298	0	5	0.7375	124.6	623.0	0.6666666666666666
15125	46	0	5	0.1075	27.8	139.0	0.3333333333333333
15126	254	0	5	0.6275	160.8	804.0	0.6666666666666666
15127	139	0	5	0.34	71.8	359.0	0.3333333333333333
15128	57	0	5	0.135	50.6	253.0	0.3333333333333333
15129	119	0	5	0.29	78.0	390.0	0.3333333333333333
15130	240	0	5	0.5925	201.0	1005.0	0.0
15131	83	0	5	0.2	41.4	207.0	0.3333333333333333
15132	317	0	5	0.785	165.2	826.0	0.3333333333333333
15133	38	0	5	0.0875	36.0	180.0	0.0
15134	355	0	5	0.88	117.8	589.0	0.6666666666666666
15135	168	0	5	0.4125	139.6	698.0	0.3333333333333333
15136	11	0	5	0.02	9.0	45.0	0.0
15137	210	0	5	0.5175	192.4	962.0	0.3333333333333333
15138	302	0	5	0.7475	120.0	600.0	0.3333333333333333
15139	168	0	5	0.4125	114.0	570.0	0.3333333333333333
15140	293	0	5	0.725	104.2	521.0	0.6666666666666666
15141	80	0	5	0.1925	78.0	390.0	0.0
15142	31	0	5	0.07	25.8	129.0	0.3333333333333333
15143	156	0	5	0.3825	53.2	266.0	0.6666666666666666
15144	339	0	5	0.84	250.4	1252.0	0.6666666666666666
15145	205	0	5	0.505	147.0	735.0	0.3333333333333333
15146	220	0	5	0.5425	218.0	1090.0	0.0
15147	102	0	5	0.2475	62.8	314.0	0.0
15148	361	0	5	0.895	212.6	1063.0	0.3333333333333333
15149	315	0	5	0.78	208.6	1043.0	0.6666666666666666
15150	42	0	5	0.0975	23.2	116.0	0.0
15151	91	0	5	0.22	74.4	372.0	0.0
15152	103	0	5	0.25	101.0	505.0	0.0
15153	260	1	4	0.6475	181.2	906.0	1.0
15154	138	0	5	0.3375	96.4	482.0	0.3333333333333333
15155	311	0	5	0.77	168.6	843.0	0.6666666666666666
15156	176	0	5	0.4325	41.2	206.0	0.3333333333333333
15157	80	0	5	0.1925	55.2	276.0	0.3333333333333333
15158	169	0	5	0.415	136.0	680.0	0.3333333333333333
15159	166	1	4	0.4125	115.2	576.0	1.0
15160	185	0	5	0.455	102.8	514.0	0.6666666666666666
15161	100	0	5	0.2425	98.0	490.0	0.0
15162	205	0	5	0.505	150.8	754.0	0.3333333333333333
15163	234	0	5	0.5775	202.0	1010.0	0.6666666666666666
15164	56	0	5	0.1325	54.0	270.0	0.0
15165	383	0	5	0.95	285.4	1427.0	0.3333333333333333
15166	189	0	5	0.465	177.4	887.0	0.3333333333333333
15167	56	0	5	0.1325	46.8	234.0	0.0
15168	383	1	4	0.955	185.2	926.0	1.0
15169	254	0	5	0.6275	216.0	1080.0	0.6666666666666666
15170	398	0	5	0.9875	111.4	557.0	0.6666666666666666
15171	19	0	5	0.04	17.0	85.0	0.0
15172	372	0	5	0.9225	301.0	1505.0	0.6666666666666666
15173	278	0	5	0.6875	235.0	1175.0	0.6666666666666666
15174	189	0	5	0.465	171.4	857.0	0.3333333333333333
15175	361	0	5	0.895	204.0	1020.0	0.6666666666666666
15176	140	0	5	0.3425	112.0	560.0	0.6666666666666666
15177	399	0	5	0.99	243.8	1219.0	0.6666666666666666
15178	365	1	4	0.91	171.2	856.0	1.0
15179	76	0	5	0.1825	74.0	370.0	0.0
15180	184	0	5	0.4525	157.2	786.0	0.3333333333333333
15181	264	1	4	0.6575	169.0	845.0	1.0
15182	41	0	5	0.095	29.8	149.0	0.3333333333333333
15183	51	0	5	0.12	42.6	213.0	0.3333333333333333
15184	136	0	5	0.3325	114.0	570.0	0.3333333333333333
15185	104	0	5	0.2525	69.2	346.0	0.3333333333333333
15186	273	0	5	0.675	192.6	963.0	0.3333333333333333
15187	117	0	5	0.285	82.2	411.0	0.3333333333333333
15188	253	0	5	0.625	139.4	697.0	0.3333333333333333
15189	242	0	5	0.5975	205.2	1026.0	0.0
15190	278	1	4	0.6925	143.6	718.0	1.0
15191	198	0	5	0.4875	87.2	436.0	0.6666666666666666
15192	6	0	5	0.0075	4.0	20.0	0.0
15193	27	0	5	0.06	25.0	125.0	0.0
15194	310	0	5	0.7675	134.6	673.0	0.6666666666666666
15195	183	0	5	0.45	93.0	465.0	0.3333333333333333
15196	235	0	5	0.58	145.4	727.0	0.3333333333333333
15197	258	0	5	0.6375	137.6	688.0	0.3333333333333333
15198	118	0	5	0.2875	111.6	558.0	0.0
15199	205	0	5	0.505	106.2	531.0	0.3333333333333333
15200	55	0	5	0.13	53.0	265.0	0.0
15201	199	0	5	0.49	54.6	273.0	0.3333333333333333
15202	296	0	5	0.7325	266.8	1334.0	0.3333333333333333
15203	308	0	5	0.7625	203.4	1017.0	0.6666666666666666
15204	130	0	5	0.3175	128.0	640.0	0.0
15205	36	0	5	0.0825	34.0	170.0	0.0
15206	324	0	5	0.8025	128.4	642.0	0.3333333333333333
15207	44	0	5	0.1025	42.0	210.0	0.0
15208	278	1	4	0.6925	229.6	1148.0	1.0
15209	326	0	5	0.8075	168.0	840.0	0.6666666666666666
15210	93	0	5	0.225	81.4	407.0	0.3333333333333333
15211	247	0	5	0.61	170.4	852.0	0.3333333333333333
15212	127	0	5	0.31	115.0	575.0	0.3333333333333333
15213	196	1	4	0.4875	162.8	814.0	1.0
15214	319	0	5	0.79	242.0	1210.0	0.6666666666666666
15215	258	0	5	0.6375	159.6	798.0	0.0
15216	345	1	4	0.86	166.8	834.0	1.0
15217	315	0	5	0.78	207.2	1036.0	0.3333333333333333
15218	263	0	5	0.65	217.0	1085.0	0.0
15219	155	0	5	0.38	151.4	757.0	0.3333333333333333
15220	391	1	4	0.975	132.0	660.0	1.0
15221	195	0	5	0.48	66.6	333.0	0.3333333333333333
15222	180	0	5	0.4425	149.8	749.0	0.6666666666666666
15223	323	0	5	0.8	234.4	1172.0	0.6666666666666666
15224	28	1	4	0.0675	16.0	80.0	1.0
15225	390	0	5	0.9675	330.4	1652.0	0.6666666666666666
15226	282	0	5	0.6975	200.0	1000.0	0.3333333333333333
15227	277	0	5	0.685	134.4	672.0	0.6666666666666666
15228	174	0	5	0.4275	86.6	433.0	0.3333333333333333
15229	152	0	5	0.3725	101.2	506.0	0.6666666666666666
15230	113	0	5	0.275	102.2	511.0	0.0
15231	43	0	5	0.1	41.0	205.0	0.0
15232	116	0	5	0.2825	114.0	570.0	0.0
15233	275	0	5	0.68	66.6	333.0	0.3333333333333333
15234	81	0	5	0.195	79.0	395.0	0.0
15235	399	1	4	0.995	165.4	827.0	1.0
15236	356	0	5	0.8825	249.8	1249.0	0.6666666666666666
15237	156	0	5	0.3825	64.6	323.0	0.3333333333333333
15238	339	0	5	0.84	149.8	749.0	0.6666666666666666
15239	149	0	5	0.365	109.6	548.0	0.3333333333333333
15240	257	0	5	0.635	240.8	1204.0	0.0
15241	71	0	5	0.17	69.0	345.0	0.0
15242	323	0	5	0.8	148.8	744.0	0.0
15243	191	0	5	0.47	154.4	772.0	0.3333333333333333
15244	193	0	5	0.475	135.4	677.0	0.6666666666666666
15245	160	0	5	0.3925	57.2	286.0	0.3333333333333333
15246	237	0	5	0.585	208.8	1044.0	0.0
15247	22	0	5	0.0475	20.0	100.0	0.0
15248	153	0	5	0.375	109.0	545.0	0.3333333333333333
15249	203	0	5	0.5	181.8	909.0	0.3333333333333333
15250	35	0	5	0.08	33.0	165.0	0.0
15251	10	0	5	0.0175	8.0	40.0	0.0
15252	177	0	5	0.435	141.6	708.0	0.6666666666666666
15253	143	0	5	0.35	74.0	370.0	0.3333333333333333
15254	194	0	5	0.4775	163.8	819.0	0.0
15255	83	0	5	0.2	29.8	149.0	0.3333333333333333
15256	176	0	5	0.4325	149.0	745.0	0.3333333333333333
15257	159	0	5	0.39	157.0	785.0	0.0
15258	352	0	5	0.8725	283.6	1418.0	0.6666666666666666
15259	278	1	4	0.6925	112.2	561.0	1.0
15260	349	0	5	0.865	192.2	961.0	0.3333333333333333
15261	150	0	5	0.3675	148.0	740.0	0.0
15262	60	0	5	0.1425	44.8	224.0	0.3333333333333333
15263	91	0	5	0.22	89.0	445.0	0.0
15264	355	0	5	0.88	248.2	1241.0	0.3333333333333333
15265	167	0	5	0.41	90.0	450.0	0.3333333333333333
15266	339	0	5	0.84	240.2	1201.0	0.0
15267	263	0	5	0.65	227.0	1135.0	0.6666666666666666
15268	259	0	5	0.64	257.0	1285.0	0.0
15269	317	0	5	0.785	197.0	985.0	0.6666666666666666
15270	191	0	5	0.47	119.0	595.0	0.3333333333333333
15271	97	0	5	0.235	95.0	475.0	0.0
15272	25	0	5	0.055	21.0	105.0	0.0
15273	109	0	5	0.265	86.4	432.0	0.3333333333333333
15274	49	0	5	0.115	22.6	113.0	0.6666666666666666
15275	317	0	5	0.785	153.6	768.0	0.6666666666666666
15276	375	1	4	0.935	210.6	1053.0	1.0
15277	6	0	5	0.0075	4.0	20.0	0.0
15278	366	0	5	0.9075	139.6	698.0	0.6666666666666666
15279	269	0	5	0.665	132.2	661.0	0.6666666666666666
15280	216	0	5	0.5325	150.0	750.0	0.6666666666666666
15281	21	0	5	0.045	10.2	51.0	0.3333333333333333
15282	233	0	5	0.575	134.0	670.0	0.0
15283	356	0	5	0.8825	272.4	1362.0	0.6666666666666666
15284	203	0	5	0.5	201.0	1005.0	0.0
15285	43	0	5	0.1	41.0	205.0	0.0
15286	329	0	5	0.815	95.4	477.0	0.6666666666666666
15287	394	0	5	0.9775	157.6	788.0	0.6666666666666666
15288	333	0	5	0.825	160.0	800.0	0.6666666666666666
15289	379	0	5	0.94	190.6	953.0	0.6666666666666666
15290	341	1	4	0.85	132.2	661.0	1.0
15291	39	0	5	0.09	37.0	185.0	0.0
15292	136	0	5	0.3325	88.4	442.0	0.3333333333333333
15293	251	0	5	0.62	189.8	949.0	0.6666666666666666
15294	181	0	5	0.445	98.0	490.0	0.3333333333333333
15295	192	0	5	0.4725	153.6	768.0	0.0
15296	202	0	5	0.4975	200.0	1000.0	0.0
15297	96	0	5	0.2325	49.2	246.0	0.3333333333333333
15298	189	0	5	0.465	92.6	463.0	0.3333333333333333
15299	309	0	5	0.765	104.4	522.0	0.6666666666666666
15300	365	0	5	0.905	179.0	895.0	0.6666666666666666
15301	338	0	5	0.8375	250.8	1254.0	0.6666666666666666
15302	272	0	5	0.6725	251.0	1255.0	0.6666666666666666
15303	173	0	5	0.425	167.4	837.0	0.3333333333333333
15304	324	0	5	0.8025	171.8	859.0	0.6666666666666666
15305	248	1	4	0.6175	61.6	308.0	1.0
15306	376	0	5	0.9325	135.4	677.0	0.6666666666666666
15307	306	0	5	0.7575	235.2	1176.0	0.0
15308	375	0	5	0.93	261.6	1308.0	0.6666666666666666
15309	320	0	5	0.7925	207.2	1036.0	0.0
15310	258	0	5	0.6375	82.0	410.0	0.3333333333333333
15311	389	0	5	0.965	302.4	1512.0	0.6666666666666666
15312	30	0	5	0.0675	28.0	140.0	0.0
15313	310	1	4	0.7725	117.0	585.0	1.0
15314	314	1	4	0.7825	141.0	705.0	1.0
15315	69	0	5	0.165	67.0	335.0	0.0
15316	278	0	5	0.6875	271.2	1356.0	0.0
15317	278	0	5	0.6875	146.4	732.0	0.6666666666666666
15318	149	0	5	0.365	93.6	468.0	0.3333333333333333
15319	188	0	5	0.4625	136.4	682.0	0.3333333333333333
15320	196	0	5	0.4825	118.8	594.0	0.3333333333333333
15321	382	0	5	0.9475	230.6	1153.0	0.6666666666666666
15322	225	0	5	0.555	178.2	891.0	0.6666666666666666
15323	205	0	5	0.505	137.8	689.0	0.3333333333333333
15324	25	0	5	0.055	23.0	115.0	0.0
15325	61	0	5	0.145	59.0	295.0	0.0
15326	258	0	5	0.6375	204.4	1022.0	0.6666666666666666
15327	306	1	3	0.7625	229.2	1146.0	1.0
15328	154	0	5	0.3775	116.0	580.0	0.3333333333333333
15329	85	0	5	0.205	72.0	360.0	0.3333333333333333
15330	391	0	5	0.97	206.4	1032.0	0.6666666666666666
15331	157	0	5	0.385	120.6	603.0	0.3333333333333333
15332	25	0	5	0.055	23.0	115.0	0.0
15333	34	0	5	0.0775	32.0	160.0	0.0
15334	147	0	5	0.36	105.8	529.0	0.3333333333333333
15335	213	1	4	0.53	104.2	521.0	1.0
15336	144	0	5	0.3525	142.0	710.0	0.0
15337	307	0	5	0.76	175.0	875.0	0.6666666666666666
15338	186	0	5	0.4575	129.6	648.0	0.6666666666666666
15339	207	0	5	0.51	156.4	782.0	0.6666666666666666
15340	248	0	5	0.6125	240.0	1200.0	0.0
15341	85	0	5	0.205	63.4	317.0	0.6666666666666666
15342	197	0	5	0.485	77.0	385.0	0.6666666666666666
15343	88	0	5	0.2125	51.6	258.0	0.3333333333333333
15344	104	0	5	0.2525	53.4	267.0	0.3333333333333333
15345	134	0	5	0.3275	68.8	344.0	0.3333333333333333
15346	140	0	5	0.3425	113.6	568.0	0.6666666666666666
15347	285	0	5	0.705	223.8	1119.0	0.3333333333333333
15348	133	0	5	0.325	105.4	527.0	0.0
15349	274	1	4	0.6825	70.8	354.0	1.0
15350	383	0	5	0.95	193.8	969.0	0.6666666666666666
15351	80	0	5	0.1925	45.2	226.0	0.3333333333333333
15352	285	0	5	0.705	260.2	1301.0	0.6666666666666666
15353	372	0	5	0.9225	254.4	1272.0	0.6666666666666666
15354	122	0	5	0.2975	65.0	325.0	0.3333333333333333
15355	242	0	5	0.5975	89.0	445.0	0.6666666666666666
15356	161	0	5	0.395	108.6	543.0	0.3333333333333333
15357	227	0	5	0.56	179.0	895.0	0.3333333333333333
15358	219	0	5	0.54	206.2	1031.0	0.3333333333333333
15359	35	0	5	0.08	33.0	165.0	0.0
15360	268	1	4	0.6675	68.8	344.0	1.0
15361	66	0	5	0.1575	24.6	123.0	0.0
15362	74	0	5	0.1775	72.0	360.0	0.0
15363	365	1	4	0.91	158.0	790.0	1.0
15364	314	0	5	0.7775	231.6	1158.0	0.3333333333333333
15365	154	0	5	0.3775	77.0	385.0	0.3333333333333333
15366	57	0	5	0.135	14.2	71.0	0.3333333333333333
15367	388	0	5	0.9625	163.6	818.0	0.6666666666666666
15368	143	1	4	0.355	109.6	548.0	1.0
15369	7	0	5	0.01	5.0	25.0	0.0
15370	158	0	5	0.3875	68.4	342.0	0.0
15371	274	0	5	0.6775	142.2	711.0	0.3333333333333333
15372	42	0	5	0.0975	40.0	200.0	0.0
15373	371	0	5	0.92	114.2	571.0	0.6666666666666666
15374	284	0	5	0.7025	148.4	742.0	0.6666666666666666
15375	244	1	4	0.6075	120.8	604.0	1.0
15376	21	0	5	0.045	19.0	95.0	0.0
15377	349	0	5	0.865	191.8	959.0	0.3333333333333333
15378	241	0	5	0.595	98.0	490.0	0.3333333333333333
15379	341	1	4	0.85	163.8	819.0	1.0
15380	384	0	5	0.9525	235.0	1175.0	0.6666666666666666
15381	395	1	4	0.985	167.4	837.0	1.0
15382	244	0	5	0.6025	125.4	627.0	0.3333333333333333
15383	130	0	5	0.3175	116.8	584.0	0.3333333333333333
15384	18	0	5	0.0375	12.0	60.0	0.3333333333333333
15385	217	0	5	0.535	119.8	599.0	0.3333333333333333
15386	57	0	5	0.135	23.2	116.0	0.0
15387	283	0	5	0.7	177.0	885.0	0.6666666666666666
15388	327	0	5	0.81	185.0	925.0	0.3333333333333333
15389	270	0	5	0.6675	195.2	976.0	0.0
15390	89	0	5	0.215	36.6	183.0	0.3333333333333333
15391	325	0	5	0.805	207.4	1037.0	0.6666666666666666
15392	270	0	5	0.6675	185.6	928.0	0.6666666666666666
15393	188	1	4	0.4675	181.8	909.0	1.0
15394	138	0	5	0.3375	86.8	434.0	0.3333333333333333
15395	340	0	5	0.8425	88.0	440.0	0.6666666666666666
15396	22	0	5	0.0475	15.8	79.0	0.0
15397	96	0	5	0.2325	48.4	242.0	0.0
15398	105	0	5	0.255	62.0	310.0	0.3333333333333333
15399	13	0	5	0.025	11.0	55.0	0.0
15400	137	0	5	0.335	107.8	539.0	0.0
15401	336	1	4	0.8375	233.0	1165.0	1.0
15402	273	0	5	0.675	168.0	840.0	0.6666666666666666
15403	101	0	5	0.245	99.0	495.0	0.0
15404	380	0	5	0.9425	311.8	1559.0	0.6666666666666666
15405	230	0	5	0.5675	91.6	458.0	0.3333333333333333
15406	75	0	5	0.18	66.0	330.0	0.0
15407	254	0	5	0.6275	217.6	1088.0	0.3333333333333333
15408	393	0	5	0.975	103.4	517.0	0.6666666666666666
15409	83	0	5	0.2	56.2	281.0	0.3333333333333333
15410	386	1	4	0.9625	245.2	1226.0	1.0
15411	302	1	4	0.7525	166.4	832.0	1.0
15412	384	0	5	0.9525	298.0	1490.0	0.6666666666666666
15413	372	1	4	0.9275	238.4	1192.0	1.0
15414	262	0	5	0.6475	205.2	1026.0	0.3333333333333333
15415	371	1	4	0.925	191.4	957.0	1.0
15416	250	0	5	0.6175	220.4	1102.0	0.3333333333333333
15417	302	1	4	0.7525	106.0	530.0	1.0
15418	326	0	5	0.8075	251.4	1257.0	0.6666666666666666
15419	19	0	5	0.04	17.0	85.0	0.0
15420	265	0	5	0.655	57.4	287.0	0.6666666666666666
15421	320	0	5	0.7925	104.0	520.0	0.3333333333333333
15422	354	0	5	0.8775	222.4	1112.0	0.6666666666666666
15423	356	0	5	0.8825	244.0	1220.0	0.6666666666666666
15424	217	0	5	0.535	169.6	848.0	0.6666666666666666
15425	237	0	5	0.585	123.8	619.0	0.3333333333333333
15426	183	0	5	0.45	177.8	889.0	0.3333333333333333
15427	199	0	5	0.49	121.2	606.0	0.6666666666666666
15428	330	0	5	0.8175	202.8	1014.0	0.3333333333333333
15429	140	0	5	0.3425	138.0	690.0	0.0
15430	134	0	5	0.3275	100.4	502.0	0.3333333333333333
15431	320	0	5	0.7925	284.8	1424.0	0.0
15432	156	1	4	0.3875	98.6	493.0	1.0
15433	324	0	5	0.8025	257.6	1288.0	0.6666666666666666
15434	125	0	5	0.305	123.0	615.0	0.0
15435	235	0	5	0.58	136.2	681.0	0.3333333333333333
15436	100	1	4	0.2475	34.4	172.0	1.0
15437	252	0	5	0.6225	91.6	458.0	0.6666666666666666
15438	195	0	5	0.48	164.0	820.0	0.3333333333333333
15439	199	0	5	0.49	136.6	683.0	0.0
15440	15	0	5	0.03	13.0	65.0	0.0
15441	170	0	5	0.4175	84.0	420.0	0.3333333333333333
15442	382	0	5	0.9475	120.4	602.0	0.3333333333333333
15443	385	0	5	0.955	268.4	1342.0	0.6666666666666666
15444	97	0	5	0.235	58.2	291.0	0.3333333333333333
15445	98	0	5	0.2375	96.0	480.0	0.0
15446	151	0	5	0.37	115.8	579.0	0.0
15447	249	0	5	0.615	117.8	589.0	0.6666666666666666
15448	231	0	5	0.57	100.6	503.0	0.6666666666666666
15449	5	0	5	0.005	3.0	15.0	0.0
15450	337	1	4	0.84	138.2	691.0	1.0
15451	377	1	4	0.94	308.8	1544.0	1.0
15452	123	0	5	0.3	75.6	378.0	0.6666666666666666
15453	160	0	5	0.3925	63.6	318.0	0.6666666666666666
15454	208	0	5	0.5125	183.2	916.0	0.0
15455	193	0	5	0.475	160.2	801.0	0.3333333333333333
15456	163	0	5	0.4	59.2	296.0	0.6666666666666666
15457	150	0	5	0.3675	52.8	264.0	0.0
15458	201	0	5	0.495	147.0	735.0	0.3333333333333333
15459	388	0	5	0.9625	103.2	516.0	0.6666666666666666
15460	77	0	5	0.185	67.0	335.0	0.3333333333333333
15461	2	0	5	0.0	0.0	0.0	0.0
15462	305	0	5	0.755	216.4	1082.0	0.6666666666666666
15463	166	0	5	0.4075	132.4	662.0	0.3333333333333333
15464	243	0	5	0.6	168.2	841.0	0.0
15465	61	0	5	0.145	48.8	244.0	0.3333333333333333
15466	354	0	5	0.8775	187.0	935.0	0.6666666666666666
15467	337	0	5	0.835	190.0	950.0	0.3333333333333333
15468	282	0	5	0.6975	93.6	468.0	0.3333333333333333
15469	76	0	5	0.1825	67.4	337.0	0.3333333333333333
15470	162	0	5	0.3975	96.8	484.0	0.0
15471	128	0	5	0.3125	112.4	562.0	0.0
15472	133	0	5	0.325	101.4	507.0	0.0
15473	106	0	5	0.2575	40.8	204.0	0.3333333333333333
15474	363	0	5	0.9	247.2	1236.0	0.3333333333333333
15475	250	1	4	0.6225	139.0	695.0	1.0
15476	179	0	5	0.44	124.2	621.0	0.3333333333333333
15477	338	0	5	0.8375	173.4	867.0	0.6666666666666666
15478	214	0	5	0.5275	117.4	587.0	0.3333333333333333
15479	298	1	4	0.7425	175.4	877.0	1.0
15480	354	0	5	0.8775	212.8	1064.0	0.6666666666666666
15481	12	0	5	0.0225	10.0	50.0	0.0
15482	354	0	5	0.8775	101.6	508.0	0.6666666666666666
15483	295	0	5	0.73	187.0	935.0	0.6666666666666666
15484	268	0	5	0.6625	98.2	491.0	0.6666666666666666
15485	193	0	5	0.475	136.6	683.0	0.3333333333333333
15486	173	0	5	0.425	76.2	381.0	0.3333333333333333
15487	61	0	5	0.145	52.4	262.0	0.3333333333333333
15488	148	0	5	0.3625	40.4	202.0	0.3333333333333333
15489	279	0	5	0.69	212.8	1064.0	0.6666666666666666
15490	310	1	4	0.7725	178.8	894.0	1.0
15491	251	0	5	0.62	142.8	714.0	0.3333333333333333
15492	136	0	5	0.3325	129.6	648.0	0.0
15493	288	0	5	0.7125	154.6	773.0	0.3333333333333333
15494	370	0	5	0.9175	306.4	1532.0	0.3333333333333333
15495	384	0	5	0.9525	187.6	938.0	0.6666666666666666
15496	44	0	5	0.1025	38.4	192.0	0.3333333333333333
15497	108	0	5	0.2625	106.0	530.0	0.0
15498	14	0	5	0.0275	12.0	60.0	0.0
15499	307	1	4	0.765	97.6	488.0	1.0
15500	301	0	5	0.745	79.0	395.0	0.6666666666666666
15501	384	0	5	0.9525	248.0	1240.0	0.6666666666666666
15502	83	0	5	0.2	70.8	354.0	0.0
15503	296	0	5	0.7325	208.4	1042.0	0.3333333333333333
15504	163	0	5	0.4	92.2	461.0	0.3333333333333333
15505	309	0	5	0.765	233.2	1166.0	0.3333333333333333
15506	375	0	5	0.93	263.4	1317.0	0.6666666666666666
15507	342	0	5	0.8475	91.2	456.0	0.3333333333333333
15508	72	0	5	0.1725	66.4	332.0	0.0
15509	64	0	5	0.1525	50.4	252.0	0.0
15510	201	0	5	0.495	75.0	375.0	0.6666666666666666
15511	79	0	5	0.19	76.2	381.0	0.3333333333333333
15512	248	0	5	0.6125	216.2	1081.0	0.3333333333333333
15513	135	0	5	0.33	104.4	522.0	0.3333333333333333
15514	250	1	4	0.6225	93.4	467.0	1.0
15515	195	0	5	0.48	63.8	319.0	0.3333333333333333
15516	170	0	5	0.4175	114.4	572.0	0.3333333333333333
15517	98	0	5	0.2375	96.0	480.0	0.0
15518	221	0	5	0.545	89.2	446.0	0.6666666666666666
15519	165	0	5	0.405	77.4	387.0	0.3333333333333333
15520	220	0	5	0.5425	218.0	1090.0	0.3333333333333333
15521	198	0	5	0.4875	165.4	827.0	0.0
15522	330	0	5	0.8175	203.8	1019.0	0.6666666666666666
15523	147	0	5	0.36	145.0	725.0	0.0
15524	187	0	5	0.46	130.0	650.0	0.3333333333333333
15525	108	0	5	0.2625	106.0	530.0	0.0
15526	371	0	5	0.92	292.6	1463.0	0.6666666666666666
15527	175	0	5	0.43	136.6	683.0	0.3333333333333333
15528	235	0	5	0.58	51.4	257.0	0.3333333333333333
15529	82	0	5	0.1975	66.2	331.0	0.3333333333333333
15530	393	0	5	0.975	294.2	1471.0	0.6666666666666666
15531	139	0	5	0.34	137.0	685.0	0.0
15532	352	1	4	0.8775	218.4	1092.0	1.0
15533	336	0	5	0.8325	200.8	1004.0	0.6666666666666666
15534	182	0	5	0.4475	128.4	642.0	0.3333333333333333
15535	236	0	5	0.5825	132.4	662.0	0.6666666666666666
15536	201	0	5	0.495	146.4	732.0	0.6666666666666666
15537	246	1	4	0.6125	132.6	663.0	1.0
15538	9	0	5	0.015	7.0	35.0	0.0
15539	194	0	5	0.4775	164.4	822.0	0.3333333333333333
15540	56	0	5	0.1325	54.0	270.0	0.0
15541	356	0	5	0.8825	115.4	577.0	0.6666666666666666
15542	259	0	5	0.64	89.0	445.0	0.3333333333333333
15543	152	0	5	0.3725	88.8	444.0	0.6666666666666666
15544	398	1	4	0.9925	201.8	1009.0	1.0
15545	302	0	5	0.7475	136.2	681.0	0.0
15546	236	0	5	0.5825	143.6	718.0	0.3333333333333333
15547	371	0	5	0.92	122.8	614.0	0.6666666666666666
15548	192	1	4	0.4775	146.4	732.0	1.0
15549	28	0	5	0.0625	24.6	123.0	0.3333333333333333
15550	349	0	5	0.865	153.0	765.0	0.3333333333333333
15551	144	0	5	0.3525	118.2	591.0	0.3333333333333333
15552	286	0	5	0.7075	155.8	779.0	0.6666666666666666
15553	140	0	5	0.3425	138.0	690.0	0.0
15554	209	0	5	0.515	109.8	549.0	0.3333333333333333
15555	68	0	5	0.1625	66.0	330.0	0.0
15556	234	0	5	0.5775	160.8	804.0	0.3333333333333333
15557	94	0	5	0.2275	92.0	460.0	0.0
15558	379	0	5	0.94	189.0	945.0	0.6666666666666666
15559	38	0	5	0.0875	36.0	180.0	0.0
15560	44	0	5	0.1025	21.6	108.0	0.0
15561	161	0	5	0.395	118.2	591.0	0.0
15562	319	0	5	0.79	251.4	1257.0	0.6666666666666666
15563	50	0	5	0.1175	40.2	201.0	0.3333333333333333
15564	84	0	5	0.2025	75.4	377.0	0.6666666666666666
15565	368	0	5	0.9125	295.2	1476.0	0.6666666666666666
15566	367	0	5	0.91	114.2	571.0	0.6666666666666666
15567	25	0	5	0.055	23.0	115.0	0.0
15568	334	0	5	0.8275	220.6	1103.0	0.3333333333333333
15569	49	0	5	0.115	47.0	235.0	0.0
15570	345	0	5	0.855	239.4	1197.0	0.6666666666666666
15571	310	0	5	0.7675	166.0	830.0	0.6666666666666666
15572	316	0	5	0.7825	262.8	1314.0	0.3333333333333333
15573	298	0	5	0.7375	185.0	925.0	0.6666666666666666
15574	376	0	5	0.9325	202.2	1011.0	0.3333333333333333
15575	29	0	5	0.065	27.0	135.0	0.0
15576	68	0	5	0.1625	51.6	258.0	0.3333333333333333
15577	80	0	5	0.1925	50.4	252.0	0.3333333333333333
15578	272	0	5	0.6725	123.2	616.0	0.3333333333333333
15579	241	0	5	0.595	161.4	807.0	0.6666666666666666
15580	126	0	5	0.3075	124.0	620.0	0.0
15581	118	0	5	0.2875	51.2	256.0	0.3333333333333333
15582	189	0	5	0.465	172.6	863.0	0.0
15583	392	0	5	0.9725	208.4	1042.0	0.6666666666666666
15584	76	0	5	0.1825	74.0	370.0	0.0
15585	46	0	5	0.1075	36.0	180.0	0.0
15586	37	0	5	0.085	30.2	151.0	0.3333333333333333
15587	65	0	5	0.155	63.0	315.0	0.0
15588	376	0	5	0.9325	187.4	937.0	0.6666666666666666
15589	14	0	5	0.0275	10.4	52.0	0.3333333333333333
15590	255	0	5	0.63	157.8	789.0	0.6666666666666666
15591	227	0	5	0.56	197.2	986.0	0.3333333333333333
15592	77	0	5	0.185	41.4	207.0	0.3333333333333333
15593	284	0	5	0.7025	234.2	1171.0	0.3333333333333333
15594	400	1	4	0.9975	288.0	1440.0	1.0
15595	22	0	5	0.0475	13.6	68.0	0.0
15596	265	0	5	0.655	151.8	759.0	0.3333333333333333
15597	245	0	5	0.605	210.6	1053.0	0.3333333333333333
15598	340	1	4	0.8475	158.8	794.0	1.0
15599	79	0	5	0.19	51.4	257.0	0.3333333333333333
15600	401	0	5	0.995	130.8	654.0	0.6666666666666666
15601	173	0	5	0.425	105.4	527.0	0.3333333333333333
15602	359	0	5	0.89	251.2	1256.0	0.3333333333333333
15603	56	0	5	0.1325	54.0	270.0	0.0
15604	266	0	5	0.6575	159.8	799.0	0.6666666666666666
15605	88	0	5	0.2125	68.4	342.0	0.3333333333333333
15606	102	0	5	0.2475	73.4	367.0	0.3333333333333333
15607	60	0	5	0.1425	39.6	198.0	0.0
15608	314	1	4	0.7825	96.4	482.0	1.0
15609	69	0	5	0.165	67.0	335.0	0.0
15610	308	0	5	0.7625	222.6	1113.0	0.6666666666666666
15611	43	0	5	0.1	41.0	205.0	0.0
15612	220	0	5	0.5425	90.8	454.0	0.3333333333333333
15613	28	0	5	0.0625	9.8	49.0	0.3333333333333333
15614	273	0	5	0.675	103.0	515.0	0.6666666666666666
15615	207	0	5	0.51	146.2	731.0	0.6666666666666666
15616	122	0	5	0.2975	91.2	456.0	0.6666666666666666
15617	189	0	5	0.465	167.8	839.0	0.3333333333333333
15618	195	0	5	0.48	133.8	669.0	0.0
15619	267	0	5	0.66	215.0	1075.0	0.6666666666666666
15620	105	0	5	0.255	55.0	275.0	0.0
15621	109	0	5	0.265	89.8	449.0	0.3333333333333333
15622	209	0	5	0.515	91.8	459.0	0.0
15623	374	1	4	0.9325	169.2	846.0	1.0
15624	294	0	5	0.7275	180.0	900.0	0.6666666666666666
15625	274	0	5	0.6775	68.0	340.0	0.3333333333333333
15626	295	0	5	0.73	207.6	1038.0	0.3333333333333333
15627	126	0	5	0.3075	124.0	620.0	0.0
15628	366	1	4	0.9125	128.0	640.0	1.0
15629	172	0	5	0.4225	162.8	814.0	0.3333333333333333
15630	357	0	5	0.885	132.6	663.0	0.6666666666666666
15631	292	0	5	0.7225	155.2	776.0	0.3333333333333333
15632	250	0	5	0.6175	171.6	858.0	0.3333333333333333
15633	135	0	5	0.33	81.2	406.0	0.3333333333333333
15634	261	0	5	0.645	187.2	936.0	0.6666666666666666
15635	198	0	5	0.4875	179.6	898.0	0.6666666666666666
15636	26	0	5	0.0575	24.0	120.0	0.0
15637	164	0	5	0.4025	132.6	663.0	0.0
15638	71	0	5	0.17	49.2	246.0	0.3333333333333333
15639	223	0	5	0.55	126.8	634.0	0.3333333333333333
15640	231	0	5	0.57	217.6	1088.0	0.3333333333333333
15641	400	1	4	0.9975	88.8	444.0	1.0
15642	238	0	5	0.5875	97.4	487.0	0.3333333333333333
15643	16	0	5	0.0325	14.0	70.0	0.0
15644	75	0	5	0.18	73.0	365.0	0.0
15645	268	0	5	0.6625	144.8	724.0	0.0
15646	187	0	5	0.46	124.6	623.0	0.6666666666666666
15647	400	0	5	0.9925	243.6	1218.0	0.6666666666666666
15648	32	0	5	0.0725	30.0	150.0	0.0
15649	152	0	5	0.3725	130.0	650.0	0.3333333333333333
15650	343	0	5	0.85	189.4	947.0	0.6666666666666666
15651	2	0	5	0.0	0.0	0.0	0.0
15652	355	1	4	0.885	149.8	749.0	1.0
15653	229	0	5	0.565	176.2	881.0	0.6666666666666666
15654	161	0	5	0.395	139.0	695.0	0.3333333333333333
15655	66	0	5	0.1575	61.2	306.0	0.0
15656	339	0	5	0.84	161.2	806.0	0.3333333333333333
15657	331	0	5	0.82	230.6	1153.0	0.3333333333333333
15658	350	1	4	0.8725	159.6	798.0	1.0
15659	386	0	5	0.9575	122.2	611.0	0.6666666666666666
15660	397	1	4	0.99	369.8	1849.0	1.0
15661	22	0	5	0.0475	20.0	100.0	0.0
15662	342	0	5	0.8475	212.8	1064.0	0.6666666666666666
15663	207	0	5	0.51	41.2	206.0	0.3333333333333333
15664	137	0	5	0.335	29.4	147.0	0.0
15665	298	0	5	0.7375	132.4	662.0	0.6666666666666666
15666	68	0	5	0.1625	66.0	330.0	0.0
15667	3	0	5	0.0025	0.2	1.0	0.3333333333333333
15668	135	0	5	0.33	66.6	333.0	0.3333333333333333
15669	234	0	5	0.5775	182.8	914.0	0.3333333333333333
15670	117	0	5	0.285	58.2	291.0	0.3333333333333333
15671	205	0	5	0.505	155.6	778.0	0.3333333333333333
15672	94	0	5	0.2275	70.0	350.0	0.3333333333333333
15673	324	0	5	0.8025	261.2	1306.0	0.3333333333333333
15674	219	0	5	0.54	198.8	994.0	0.6666666666666666
15675	79	0	5	0.19	34.4	172.0	0.0
15676	202	0	5	0.4975	153.6	768.0	0.3333333333333333
15677	239	0	5	0.59	156.4	782.0	0.3333333333333333
15678	401	0	5	0.995	150.2	751.0	0.6666666666666666
15679	146	0	5	0.3575	100.8	504.0	0.0
15680	94	0	5	0.2275	92.0	460.0	0.0
15681	213	0	5	0.525	139.2	696.0	0.6666666666666666
15682	373	0	5	0.925	185.2	926.0	0.6666666666666666
15683	196	0	5	0.4825	95.6	478.0	0.3333333333333333
15684	343	0	5	0.85	185.8	929.0	0.6666666666666666
15685	12	0	5	0.0225	5.8	29.0	0.0
15686	210	0	5	0.5175	171.2	856.0	0.3333333333333333
15687	172	0	5	0.4225	95.4	477.0	0.6666666666666666
15688	67	0	5	0.16	65.0	325.0	0.0
15689	181	0	5	0.445	62.4	312.0	0.6666666666666666
15690	133	0	5	0.325	109.8	549.0	0.3333333333333333
15691	394	1	4	0.9825	233.2	1166.0	1.0
15692	401	0	4	0.9975	174.0	870.0	0.6666666666666666
15693	150	0	5	0.3675	104.8	524.0	0.3333333333333333
15694	126	0	5	0.3075	65.6	328.0	0.3333333333333333
15695	219	0	5	0.54	173.8	869.0	0.6666666666666666
15696	276	0	5	0.6825	166.2	831.0	0.3333333333333333
15697	346	0	5	0.8575	335.8	1679.0	0.3333333333333333
15698	277	0	5	0.685	155.0	775.0	0.6666666666666666
15699	399	0	5	0.99	162.4	812.0	0.6666666666666666
15700	161	0	5	0.395	114.0	570.0	0.0
15701	90	0	5	0.2175	66.0	330.0	0.6666666666666666
15702	273	0	5	0.675	105.4	527.0	0.3333333333333333
15703	267	0	5	0.66	67.4	337.0	0.3333333333333333
15704	161	0	5	0.395	87.0	435.0	0.3333333333333333
15705	298	1	4	0.7425	239.4	1197.0	1.0
15706	228	0	5	0.5625	67.6	338.0	0.6666666666666666
15707	265	0	5	0.655	177.8	889.0	0.6666666666666666
15708	137	1	4	0.34	93.4	467.0	1.0
15709	133	0	5	0.325	131.0	655.0	0.0
15710	341	0	5	0.845	322.0	1610.0	0.0
15711	84	0	5	0.2025	57.6	288.0	0.0
15712	250	1	4	0.6225	128.4	642.0	1.0
15713	28	0	5	0.0625	23.6	118.0	0.3333333333333333
15714	2	0	5	0.0	0.0	0.0	0.0
15715	361	1	4	0.9	93.8	469.0	1.0
15716	309	0	5	0.765	179.8	899.0	0.3333333333333333
15717	255	1	4	0.635	78.4	392.0	1.0
15718	6	0	5	0.0075	4.0	20.0	0.0
15719	84	0	5	0.2025	82.0	410.0	0.0
15720	361	1	4	0.9	267.8	1339.0	1.0
15721	158	0	5	0.3875	51.2	256.0	0.6666666666666666
15722	276	0	5	0.6825	149.2	746.0	0.6666666666666666
15723	349	0	5	0.865	159.8	799.0	0.6666666666666666
15724	259	0	5	0.64	167.8	839.0	0.3333333333333333
15725	25	0	5	0.055	13.4	67.0	0.3333333333333333
15726	268	0	5	0.6625	117.8	589.0	0.3333333333333333
15727	394	0	5	0.9775	174.8	874.0	0.6666666666666666
15728	304	0	5	0.7525	116.4	582.0	0.6666666666666666
15729	399	1	4	0.995	171.8	859.0	1.0
15730	30	0	5	0.0675	25.8	129.0	0.3333333333333333
15731	51	0	5	0.12	49.0	245.0	0.0
15732	306	0	5	0.7575	66.4	332.0	0.6666666666666666
15733	183	0	5	0.45	113.0	565.0	0.3333333333333333
15734	120	0	5	0.2925	25.2	126.0	0.6666666666666666
15735	285	1	4	0.71	155.4	777.0	1.0
15736	83	0	5	0.2	81.0	405.0	0.0
15737	12	0	5	0.0225	10.0	50.0	0.0
15738	298	0	5	0.7375	253.6	1268.0	0.6666666666666666
15739	255	0	5	0.63	52.4	262.0	0.6666666666666666
15740	226	0	5	0.5575	174.4	872.0	0.0
15741	198	0	5	0.4875	174.0	870.0	0.0
15742	371	0	5	0.92	107.0	535.0	0.6666666666666666
15743	339	1	4	0.845	181.8	909.0	1.0
15744	214	0	5	0.5275	60.0	300.0	0.6666666666666666
15745	253	0	5	0.625	251.0	1255.0	0.6666666666666666
15746	15	0	5	0.03	13.0	65.0	0.0
15747	338	0	5	0.8375	115.2	576.0	0.3333333333333333
15748	258	0	5	0.6375	156.8	784.0	0.6666666666666666
15749	160	0	5	0.3925	124.4	622.0	0.3333333333333333
15750	242	1	4	0.6025	166.4	832.0	1.0
15751	23	0	5	0.05	7.8	39.0	0.3333333333333333
15752	64	0	5	0.1525	62.0	310.0	0.0
15753	318	1	4	0.7925	199.2	996.0	1.0
15754	127	0	5	0.31	25.2	126.0	0.0
15755	184	0	5	0.4525	182.0	910.0	0.0
15756	14	0	5	0.0275	12.0	60.0	0.0
15757	3	0	5	0.0025	0.2	1.0	0.3333333333333333
15758	373	1	4	0.93	158.2	791.0	1.0
15759	316	0	5	0.7825	204.6	1023.0	0.3333333333333333
15760	155	0	5	0.38	114.2	571.0	0.6666666666666666
15761	337	0	5	0.835	155.8	779.0	0.6666666666666666
15762	315	0	5	0.78	259.4	1297.0	0.6666666666666666
15763	18	0	5	0.0375	16.0	80.0	0.0
15764	135	0	5	0.33	73.0	365.0	0.3333333333333333
15765	334	0	5	0.8275	153.2	766.0	0.6666666666666666
15766	237	0	5	0.585	100.8	504.0	0.3333333333333333
15767	40	0	5	0.0925	38.0	190.0	0.0
15768	261	0	5	0.645	223.4	1117.0	0.3333333333333333
15769	209	0	5	0.515	130.2	651.0	0.6666666666666666
15770	238	0	5	0.5875	189.0	945.0	0.6666666666666666
15771	184	0	5	0.4525	112.2	561.0	0.3333333333333333
15772	314	0	5	0.7775	219.6	1098.0	0.3333333333333333
15773	167	0	5	0.41	125.2	626.0	0.3333333333333333
15774	80	0	5	0.1925	51.2	256.0	0.3333333333333333
15775	110	0	5	0.2675	65.8	329.0	0.0
15776	96	0	5	0.2325	85.0	425.0	0.3333333333333333
15777	147	0	5	0.36	145.0	725.0	0.0
15778	267	0	5	0.66	263.4	1317.0	0.3333333333333333
15779	377	0	5	0.935	210.2	1051.0	0.3333333333333333
15780	236	0	5	0.5825	203.4	1017.0	0.3333333333333333
15781	141	0	5	0.345	98.8	494.0	0.3333333333333333
15782	384	1	4	0.9575	286.8	1434.0	1.0
15783	290	0	5	0.7175	140.8	704.0	0.6666666666666666
15784	74	0	5	0.1775	72.0	360.0	0.0
15785	107	0	5	0.26	62.4	312.0	0.0
15786	296	0	5	0.7325	109.0	545.0	0.6666666666666666
15787	125	0	5	0.305	85.0	425.0	0.3333333333333333
15788	230	0	5	0.5675	218.8	1094.0	0.3333333333333333
15789	355	0	5	0.88	221.8	1109.0	0.6666666666666666
15790	136	0	5	0.3325	111.6	558.0	0.3333333333333333
15791	245	0	5	0.605	113.4	567.0	0.6666666666666666
15792	188	0	5	0.4625	156.2	781.0	0.3333333333333333
15793	327	0	5	0.81	228.2	1141.0	0.6666666666666666
15794	47	0	5	0.11	39.4	197.0	0.6666666666666666
15795	305	0	5	0.755	63.4	317.0	0.6666666666666666
15796	304	0	5	0.7525	69.6	348.0	0.6666666666666666
15797	234	0	5	0.5775	188.2	941.0	0.6666666666666666
15798	386	0	5	0.9575	273.4	1367.0	0.6666666666666666
15799	162	0	5	0.3975	136.8	684.0	0.3333333333333333
15800	165	0	5	0.405	87.8	439.0	0.3333333333333333
15801	173	0	5	0.425	96.6	483.0	0.3333333333333333
15802	386	0	5	0.9575	101.0	505.0	0.6666666666666666
15803	185	0	5	0.455	109.6	548.0	0.3333333333333333
15804	257	0	5	0.635	66.8	334.0	0.3333333333333333
15805	193	0	5	0.475	95.0	475.0	0.6666666666666666
15806	381	0	5	0.945	182.4	912.0	0.6666666666666666
15807	308	0	5	0.7625	243.0	1215.0	0.0
15808	161	0	5	0.395	94.6	473.0	0.3333333333333333
15809	47	0	5	0.11	34.8	174.0	0.0
15810	203	0	5	0.5	122.6	613.0	0.3333333333333333
15811	72	0	5	0.1725	58.2	291.0	0.3333333333333333
15812	383	0	5	0.95	171.4	857.0	0.6666666666666666
15813	172	0	5	0.4225	137.8	689.0	0.3333333333333333
15814	280	1	4	0.6975	185.2	926.0	1.0
15815	68	0	5	0.1625	34.2	171.0	0.3333333333333333
15816	290	0	5	0.7175	216.8	1084.0	0.6666666666666666
15817	40	0	5	0.0925	34.2	171.0	0.0
15818	303	0	5	0.75	192.8	964.0	0.6666666666666666
15819	306	0	5	0.7575	140.0	700.0	0.0
15820	268	0	5	0.6625	156.0	780.0	0.3333333333333333
15821	318	0	5	0.7875	211.6	1058.0	0.6666666666666666
15822	355	1	4	0.885	218.8	1094.0	1.0
15823	204	0	5	0.5025	90.2	451.0	0.3333333333333333
15824	197	0	5	0.485	130.2	651.0	0.3333333333333333
15825	348	0	5	0.8625	289.2	1446.0	0.3333333333333333
15826	65	0	5	0.155	39.6	198.0	0.6666666666666666
15827	379	0	5	0.94	269.0	1345.0	0.6666666666666666
15828	148	0	5	0.3625	76.4	382.0	0.3333333333333333
15829	328	0	5	0.8125	110.0	550.0	0.6666666666666666
15830	153	0	5	0.375	115.0	575.0	0.3333333333333333
15831	110	0	5	0.2675	84.0	420.0	0.3333333333333333
15832	283	0	5	0.7	116.6	583.0	0.3333333333333333
15833	219	1	4	0.545	165.4	827.0	1.0
15834	267	1	4	0.665	136.6	683.0	1.0
15835	33	0	5	0.075	26.4	132.0	0.0
15836	179	0	5	0.44	143.8	719.0	0.3333333333333333
15837	182	0	5	0.4475	44.8	224.0	0.3333333333333333
15838	185	0	5	0.455	152.0	760.0	0.3333333333333333
15839	24	0	5	0.0525	22.0	110.0	0.0
15840	328	0	5	0.8125	228.8	1144.0	0.6666666666666666
15841	54	0	5	0.1275	50.8	254.0	0.0
15842	67	0	5	0.16	23.4	117.0	0.0
15843	279	0	5	0.69	211.4	1057.0	0.3333333333333333
15844	293	0	5	0.725	167.4	837.0	0.6666666666666666
15845	224	0	5	0.5525	161.2	806.0	0.3333333333333333
15846	112	0	5	0.2725	110.0	550.0	0.0
15847	91	0	5	0.22	20.2	101.0	0.3333333333333333
15848	307	0	5	0.76	287.2	1436.0	0.3333333333333333
15849	110	0	5	0.2675	108.0	540.0	0.0
15850	81	1	4	0.2	66.6	333.0	1.0
15851	107	0	5	0.26	101.4	507.0	0.3333333333333333
15852	190	0	5	0.4675	120.0	600.0	0.3333333333333333
15853	244	0	5	0.6025	192.8	964.0	0.3333333333333333
15854	258	0	5	0.6375	78.4	392.0	0.6666666666666666
15855	295	0	5	0.73	238.8	1194.0	0.3333333333333333
15856	263	0	5	0.65	104.2	521.0	0.6666666666666666
15857	82	1	4	0.2025	53.6	268.0	1.0
15858	216	0	5	0.5325	173.4	867.0	0.3333333333333333
15859	301	0	5	0.745	253.2	1266.0	0.3333333333333333
15860	187	1	4	0.465	126.6	633.0	1.0
15861	220	0	5	0.5425	171.8	859.0	0.0
15862	108	0	5	0.2625	74.0	370.0	0.3333333333333333
15863	6	0	5	0.0075	4.0	20.0	0.0
15864	26	0	5	0.0575	24.0	120.0	0.0
15865	241	1	4	0.6	73.8	369.0	1.0
15866	130	1	4	0.3225	78.4	392.0	1.0
15867	62	0	5	0.1475	42.6	213.0	0.3333333333333333
15868	319	0	5	0.79	242.2	1211.0	0.6666666666666666
15869	378	0	5	0.9375	203.2	1016.0	0.6666666666666666
15870	292	0	5	0.7225	205.4	1027.0	0.6666666666666666
15871	180	0	5	0.4425	136.4	682.0	0.0
15872	98	0	5	0.2375	79.2	396.0	0.3333333333333333
15873	203	0	5	0.5	90.2	451.0	0.6666666666666666
15874	51	0	5	0.12	49.0	245.0	0.0
15875	261	1	4	0.65	99.4	497.0	1.0
15876	251	0	5	0.62	90.6	453.0	0.3333333333333333
15877	252	0	5	0.6225	218.8	1094.0	0.3333333333333333
15878	53	0	5	0.125	41.8	209.0	0.0
15879	176	0	5	0.4325	106.4	532.0	0.3333333333333333
15880	5	0	5	0.005	3.0	15.0	0.0
15881	233	0	5	0.575	136.6	683.0	0.3333333333333333
15882	144	0	5	0.3525	129.6	648.0	0.3333333333333333
15883	122	0	5	0.2975	98.0	490.0	0.3333333333333333
15884	282	1	4	0.7025	58.8	294.0	1.0
15885	212	0	5	0.5225	160.0	800.0	0.6666666666666666
15886	314	0	5	0.7775	191.0	955.0	0.3333333333333333
15887	339	0	5	0.84	187.0	935.0	0.6666666666666666
15888	272	1	4	0.6775	187.6	938.0	1.0
15889	286	0	5	0.7075	113.2	566.0	0.3333333333333333
15890	322	0	5	0.7975	203.4	1017.0	0.6666666666666666
15891	305	0	5	0.755	209.8	1049.0	0.3333333333333333
15892	110	0	5	0.2675	90.4	452.0	0.3333333333333333
15893	342	1	4	0.8525	216.0	1080.0	1.0
15894	172	0	5	0.4225	135.4	677.0	0.6666666666666666
15895	55	0	5	0.13	53.0	265.0	0.0
15896	323	0	5	0.8	116.2	581.0	0.6666666666666666
15897	388	0	5	0.9625	219.4	1097.0	0.6666666666666666
15898	260	0	5	0.6425	65.2	326.0	0.6666666666666666
15899	289	0	5	0.715	238.2	1191.0	0.6666666666666666
15900	93	0	5	0.225	91.0	455.0	0.3333333333333333
15901	62	0	5	0.1475	56.8	284.0	0.0
15902	15	0	5	0.03	13.0	65.0	0.0
15903	13	0	5	0.025	11.0	55.0	0.0
15904	229	1	4	0.57	146.6	733.0	1.0
15905	29	0	5	0.065	27.0	135.0	0.0
15906	260	0	5	0.6425	230.0	1150.0	0.3333333333333333
15907	179	0	5	0.44	111.4	557.0	0.6666666666666666
15908	69	0	5	0.165	67.0	335.0	0.0
15909	66	0	5	0.1575	61.0	305.0	0.3333333333333333
15910	379	0	5	0.94	259.6	1298.0	0.6666666666666666
15911	307	0	5	0.76	97.0	485.0	0.3333333333333333
15912	193	1	4	0.48	103.4	517.0	1.0
15913	8	0	5	0.0125	6.0	30.0	0.0
15914	126	0	5	0.3075	86.8	434.0	0.3333333333333333
15915	358	0	5	0.8875	267.0	1335.0	0.3333333333333333
15916	352	0	5	0.8725	94.4	472.0	0.6666666666666666
15917	390	0	5	0.9675	262.4	1312.0	0.6666666666666666
15918	298	0	5	0.7375	246.0	1230.0	0.3333333333333333
15919	344	0	5	0.8525	109.2	546.0	0.3333333333333333
15920	173	0	5	0.425	47.8	239.0	0.6666666666666666
15921	196	0	5	0.4825	194.0	970.0	0.0
15922	197	0	5	0.485	71.8	359.0	0.6666666666666666
15923	115	0	5	0.28	109.8	549.0	0.3333333333333333
15924	301	0	5	0.745	136.8	684.0	0.6666666666666666
15925	67	0	5	0.16	32.6	163.0	0.0
15926	185	0	5	0.455	90.8	454.0	0.3333333333333333
15927	300	1	4	0.7475	105.6	528.0	1.0
15928	154	0	5	0.3775	132.0	660.0	0.3333333333333333
15929	102	0	5	0.2475	100.0	500.0	0.0
15930	114	0	5	0.2775	98.8	494.0	0.3333333333333333
15931	142	0	5	0.3475	101.6	508.0	0.3333333333333333
15932	161	0	5	0.395	102.2	511.0	0.3333333333333333
15933	286	0	5	0.7075	141.8	709.0	0.3333333333333333
15934	198	0	5	0.4875	195.4	977.0	0.0
15935	317	0	5	0.785	157.8	789.0	0.3333333333333333
15936	66	0	5	0.1575	29.2	146.0	0.3333333333333333
15937	165	0	5	0.405	141.8	709.0	0.3333333333333333
15938	149	0	5	0.365	147.0	735.0	0.0
15939	75	0	5	0.18	73.0	365.0	0.0
15940	183	0	5	0.45	111.8	559.0	0.3333333333333333
15941	135	0	5	0.33	84.2	421.0	0.3333333333333333
15942	375	1	4	0.935	133.4	667.0	1.0
15943	167	0	5	0.41	160.6	803.0	0.0
15944	161	0	5	0.395	159.0	795.0	0.3333333333333333
15945	175	0	5	0.43	112.6	563.0	0.6666666666666666
15946	297	0	5	0.735	115.8	579.0	0.3333333333333333
15947	25	0	5	0.055	23.0	115.0	0.0
15948	195	0	5	0.48	82.2	411.0	0.6666666666666666
15949	212	1	4	0.5275	132.8	664.0	1.0
15950	288	0	5	0.7125	128.0	640.0	0.6666666666666666
15951	101	0	5	0.245	85.8	429.0	0.0
15952	375	0	5	0.93	91.8	459.0	0.3333333333333333
15953	39	0	5	0.09	37.0	185.0	0.0
15954	340	0	5	0.8425	148.8	744.0	0.6666666666666666
15955	201	0	5	0.495	135.2	676.0	0.3333333333333333
15956	211	0	5	0.52	112.8	564.0	0.6666666666666666
15957	140	0	5	0.3425	105.2	526.0	0.6666666666666666
15958	239	0	5	0.59	137.6	688.0	0.6666666666666666
15959	11	0	5	0.02	9.0	45.0	0.0
15960	9	0	5	0.015	7.0	35.0	0.0
15961	278	0	5	0.6875	92.0	460.0	0.3333333333333333
15962	197	0	5	0.485	159.2	796.0	0.0
15963	343	0	5	0.85	148.4	742.0	0.3333333333333333
15964	242	0	5	0.5975	154.4	772.0	0.3333333333333333
15965	312	1	3	0.7775	176.4	882.0	1.0
15966	240	0	5	0.5925	190.6	953.0	0.3333333333333333
15967	215	0	5	0.53	69.6	348.0	0.3333333333333333
15968	76	0	5	0.1825	74.0	370.0	0.0
15969	193	0	5	0.475	127.0	635.0	0.3333333333333333
15970	212	0	5	0.5225	183.6	918.0	0.0
15971	225	0	5	0.555	146.2	731.0	0.3333333333333333
15972	296	0	5	0.7325	156.2	781.0	0.6666666666666666
15973	250	0	5	0.6175	156.8	784.0	0.3333333333333333
15974	280	0	5	0.6925	198.8	994.0	0.3333333333333333
15975	204	0	5	0.5025	79.6	398.0	0.3333333333333333
15976	121	0	5	0.295	84.4	422.0	0.3333333333333333
15977	238	0	5	0.5875	103.6	518.0	0.6666666666666666
15978	89	0	5	0.215	87.0	435.0	0.0
15979	265	1	4	0.66	189.8	949.0	1.0
15980	323	0	5	0.8	190.0	950.0	0.3333333333333333
15981	132	0	5	0.3225	107.0	535.0	0.0
15982	306	0	5	0.7575	179.6	898.0	0.6666666666666666
15983	193	0	5	0.475	166.2	831.0	0.3333333333333333
15984	30	0	5	0.0675	28.0	140.0	0.0
15985	85	0	5	0.205	68.6	343.0	0.3333333333333333
15986	132	0	5	0.3225	117.4	587.0	0.3333333333333333
15987	125	0	5	0.305	84.2	421.0	0.6666666666666666
15988	51	0	5	0.12	49.0	245.0	0.0
15989	356	0	5	0.8825	94.0	470.0	0.6666666666666666
15990	211	0	5	0.52	130.2	651.0	0.0
15991	12	0	5	0.0225	10.0	50.0	0.0
15992	301	0	5	0.745	269.0	1345.0	0.0
15993	237	0	5	0.585	192.0	960.0	0.6666666666666666
15994	294	0	5	0.7275	221.2	1106.0	0.3333333333333333
15995	236	1	4	0.5875	55.4	277.0	1.0
15996	103	0	5	0.25	101.0	505.0	0.0
15997	188	0	5	0.4625	110.0	550.0	0.6666666666666666
15998	337	1	4	0.84	185.2	926.0	1.0
15999	376	0	5	0.9325	208.6	1043.0	0.6666666666666666
16000	225	0	5	0.555	141.4	707.0	0.3333333333333333
16001	166	0	5	0.4075	132.8	664.0	0.3333333333333333
16002	97	0	5	0.235	57.4	287.0	0.3333333333333333
16003	268	0	5	0.6625	217.8	1089.0	0.3333333333333333
16004	316	0	5	0.7825	134.6	673.0	0.3333333333333333
16005	289	0	5	0.715	174.2	871.0	0.6666666666666666
16006	208	0	5	0.5125	178.8	894.0	0.0
16007	111	0	5	0.27	53.8	269.0	0.6666666666666666
16008	29	0	5	0.065	27.0	135.0	0.0
16009	175	0	5	0.43	139.8	699.0	0.3333333333333333
16010	179	0	5	0.44	144.6	723.0	0.3333333333333333
16011	15	0	5	0.03	13.0	65.0	0.0
16012	183	0	5	0.45	136.6	683.0	0.6666666666666666
16013	107	0	5	0.26	81.6	408.0	0.0
16014	142	0	5	0.3475	124.8	624.0	0.3333333333333333
16015	133	0	5	0.325	112.6	563.0	0.3333333333333333
16016	312	1	4	0.7775	107.4	537.0	1.0
16017	183	0	5	0.45	181.0	905.0	0.0
16018	93	0	5	0.225	37.4	187.0	0.3333333333333333
16019	75	0	5	0.18	28.2	141.0	0.0
16020	339	0	5	0.84	111.4	557.0	0.3333333333333333
16021	273	0	5	0.675	131.8	659.0	0.6666666666666666
16022	198	0	5	0.4875	184.2	921.0	0.0
16023	159	0	5	0.39	100.0	500.0	0.3333333333333333
16024	293	0	5	0.725	108.2	541.0	0.3333333333333333
16025	379	0	5	0.94	257.0	1285.0	0.6666666666666666
16026	198	1	4	0.4925	89.0	445.0	1.0
16027	276	1	4	0.6875	229.2	1146.0	1.0
16028	160	0	5	0.3925	52.8	264.0	0.6666666666666666
16029	233	0	5	0.575	77.2	386.0	0.6666666666666666
16030	314	0	5	0.7775	268.0	1340.0	0.3333333333333333
16031	142	0	5	0.3475	136.0	680.0	0.6666666666666666
16032	268	0	5	0.6625	184.4	922.0	0.3333333333333333
16033	12	0	5	0.0225	10.0	50.0	0.0
16034	235	0	5	0.58	188.0	940.0	0.6666666666666666
16035	169	0	5	0.415	165.4	827.0	0.6666666666666666
16036	139	0	5	0.34	123.2	616.0	0.0
16037	325	0	5	0.805	276.0	1380.0	0.6666666666666666
16038	86	0	5	0.2075	54.4	272.0	0.3333333333333333
16039	199	0	5	0.49	185.4	927.0	0.3333333333333333
16040	94	0	5	0.2275	45.6	228.0	0.3333333333333333
16041	206	0	5	0.5075	76.8	384.0	0.6666666666666666
16042	30	0	5	0.0675	20.4	102.0	0.3333333333333333
16043	227	0	5	0.56	163.6	818.0	0.6666666666666666
16044	100	0	5	0.2425	27.2	136.0	0.3333333333333333
16045	93	0	5	0.225	64.6	323.0	0.3333333333333333
16046	121	0	5	0.295	92.6	463.0	0.3333333333333333
16047	126	0	5	0.3075	104.2	521.0	0.0
16048	108	0	5	0.2625	104.4	522.0	0.3333333333333333
16049	111	0	5	0.27	93.0	465.0	0.3333333333333333
16050	379	0	5	0.94	266.0	1330.0	0.6666666666666666
16051	96	0	5	0.2325	94.0	470.0	0.0
16052	66	0	5	0.1575	54.8	274.0	0.0
16053	217	0	5	0.535	107.0	535.0	0.3333333333333333
16054	282	0	5	0.6975	92.6	463.0	0.6666666666666666
16055	55	0	5	0.13	53.0	265.0	0.0
16056	50	0	5	0.1175	23.2	116.0	0.3333333333333333
16057	199	0	5	0.49	166.6	833.0	0.3333333333333333
16058	157	0	5	0.385	77.4	387.0	0.3333333333333333
16059	249	1	4	0.62	121.0	605.0	1.0
16060	395	0	5	0.98	218.8	1094.0	0.6666666666666666
16061	54	0	5	0.1275	41.8	209.0	0.0
16062	228	0	5	0.5625	197.4	987.0	0.6666666666666666
16063	329	0	5	0.815	240.2	1201.0	0.3333333333333333
16064	282	0	5	0.6975	194.2	971.0	0.0
16065	94	0	5	0.2275	86.8	434.0	0.0
16066	195	0	5	0.48	107.4	537.0	0.3333333333333333
16067	246	0	5	0.6075	59.2	296.0	0.0
16068	335	0	5	0.83	109.8	549.0	0.6666666666666666
16069	198	1	4	0.4925	108.4	542.0	1.0
16070	346	0	5	0.8575	141.8	709.0	0.6666666666666666
16071	108	0	5	0.2625	86.8	434.0	0.3333333333333333
16072	43	0	5	0.1	39.8	199.0	0.3333333333333333
16073	253	0	5	0.625	138.2	691.0	0.3333333333333333
16074	207	0	5	0.51	52.0	260.0	0.3333333333333333
16075	32	0	5	0.0725	30.0	150.0	0.0
16076	60	0	5	0.1425	26.8	134.0	0.0
16077	307	0	5	0.76	246.0	1230.0	0.6666666666666666
16078	166	0	5	0.4075	93.8	469.0	0.0
16079	7	0	5	0.01	5.0	25.0	0.0
16080	186	0	5	0.4575	137.8	689.0	0.3333333333333333
16081	191	0	5	0.47	97.6	488.0	0.3333333333333333
16082	285	0	5	0.705	182.6	913.0	0.6666666666666666
16083	71	0	5	0.17	28.2	141.0	0.3333333333333333
16084	169	0	5	0.415	113.0	565.0	0.3333333333333333
16085	106	0	5	0.2575	104.0	520.0	0.0
16086	21	0	5	0.045	16.2	81.0	0.3333333333333333
16087	148	0	5	0.3625	101.2	506.0	0.3333333333333333
16088	282	0	5	0.6975	114.0	570.0	0.3333333333333333
16089	22	0	5	0.0475	20.0	100.0	0.0
16090	73	0	5	0.175	71.0	355.0	0.0
16091	353	0	5	0.875	90.8	454.0	0.6666666666666666
16092	166	0	5	0.4075	123.2	616.0	0.3333333333333333
16093	258	0	5	0.6375	181.8	909.0	0.6666666666666666
16094	34	0	5	0.0775	24.4	122.0	0.3333333333333333
16095	57	0	5	0.135	55.0	275.0	0.0
16096	332	0	5	0.8225	125.8	629.0	0.6666666666666666
16097	270	0	5	0.6675	125.6	628.0	0.3333333333333333
16098	344	0	5	0.8525	123.8	619.0	0.6666666666666666
16099	50	0	5	0.1175	48.0	240.0	0.0
16100	111	0	5	0.27	103.0	515.0	0.3333333333333333
16101	249	0	5	0.615	164.6	823.0	0.3333333333333333
16102	321	0	5	0.795	223.6	1118.0	0.3333333333333333
16103	229	0	5	0.565	108.8	544.0	0.3333333333333333
16104	87	0	5	0.21	81.4	407.0	0.0
16105	298	0	5	0.7375	129.0	645.0	0.6666666666666666
16106	41	0	5	0.095	39.0	195.0	0.0
16107	183	0	5	0.45	118.6	593.0	0.3333333333333333
16108	30	0	5	0.0675	28.0	140.0	0.0
16109	14	0	5	0.0275	12.0	60.0	0.0
16110	298	0	5	0.7375	219.2	1096.0	0.6666666666666666
16111	336	0	5	0.8325	130.0	650.0	0.3333333333333333
16112	212	0	5	0.5225	128.2	641.0	0.3333333333333333
16113	290	0	5	0.7175	246.2	1231.0	0.3333333333333333
16114	346	1	4	0.8625	181.0	905.0	1.0
16115	229	0	5	0.565	136.4	682.0	0.0
16116	234	0	5	0.5775	86.8	434.0	0.6666666666666666
16117	151	0	5	0.37	102.4	512.0	0.3333333333333333
16118	348	0	5	0.8625	239.2	1196.0	0.6666666666666666
16119	393	0	5	0.975	164.4	822.0	0.6666666666666666
16120	331	0	5	0.82	66.0	330.0	0.6666666666666666
16121	171	0	5	0.42	67.4	337.0	0.0
16122	276	0	5	0.6825	121.2	606.0	0.6666666666666666
16123	167	0	5	0.41	104.4	522.0	0.3333333333333333
16124	187	0	5	0.46	139.8	699.0	0.6666666666666666
16125	241	0	5	0.595	161.6	808.0	0.6666666666666666
16126	240	0	5	0.5925	133.2	666.0	0.3333333333333333
16127	22	0	5	0.0475	19.4	97.0	0.0
16128	343	0	5	0.85	239.8	1199.0	0.3333333333333333
16129	389	0	5	0.965	317.0	1585.0	0.6666666666666666
16130	299	0	5	0.74	108.6	543.0	0.6666666666666666
16131	155	0	5	0.38	114.2	571.0	0.3333333333333333
16132	80	0	5	0.1925	78.0	390.0	0.0
16133	297	0	5	0.735	160.2	801.0	0.6666666666666666
16134	123	0	5	0.3	59.4	297.0	0.0
16135	178	1	4	0.4425	78.2	391.0	1.0
16136	324	0	5	0.8025	180.0	900.0	0.6666666666666666
16137	154	0	5	0.3775	128.8	644.0	0.3333333333333333
16138	371	0	5	0.92	244.4	1222.0	0.6666666666666666
16139	127	0	5	0.31	109.2	546.0	0.3333333333333333
16140	280	0	5	0.6925	209.2	1046.0	0.3333333333333333
16141	144	0	5	0.3525	136.6	683.0	0.3333333333333333
16142	112	0	5	0.2725	95.0	475.0	0.3333333333333333
16143	104	0	5	0.2525	102.0	510.0	0.3333333333333333
16144	70	0	5	0.1675	68.0	340.0	0.0
16145	115	0	5	0.28	67.4	337.0	0.3333333333333333
16146	371	1	4	0.925	214.0	1070.0	1.0
16147	110	0	5	0.2675	79.2	396.0	0.0
16148	154	0	5	0.3775	141.6	708.0	0.0
16149	230	0	5	0.5675	208.2	1041.0	0.6666666666666666
16150	363	0	5	0.9	171.0	855.0	0.6666666666666666
16151	163	0	5	0.4	80.2	401.0	0.3333333333333333
16152	191	1	4	0.475	60.6	303.0	1.0
16153	60	0	5	0.1425	54.2	271.0	0.0
16154	394	0	5	0.9775	112.8	564.0	0.6666666666666666
16155	136	0	5	0.3325	82.2	411.0	0.0
16156	338	1	4	0.8425	221.4	1107.0	1.0
16157	256	0	5	0.6325	71.6	358.0	0.6666666666666666
16158	247	0	5	0.61	119.8	599.0	0.6666666666666666
16159	69	0	5	0.165	67.0	335.0	0.0
16160	389	0	5	0.965	208.4	1042.0	0.6666666666666666
16161	218	0	5	0.5375	159.2	796.0	0.6666666666666666
16162	327	0	5	0.81	127.0	635.0	0.6666666666666666
16163	278	0	5	0.6875	84.4	422.0	0.6666666666666666
16164	262	0	5	0.6475	152.0	760.0	0.6666666666666666
16165	346	0	5	0.8575	254.0	1270.0	0.6666666666666666
16166	62	0	5	0.1475	60.0	300.0	0.0
16167	259	0	5	0.64	93.0	465.0	0.6666666666666666
16168	363	0	5	0.9	315.6	1578.0	0.3333333333333333
16169	270	1	4	0.6725	145.6	728.0	1.0
16170	266	0	5	0.6575	124.0	620.0	0.3333333333333333
16171	248	0	5	0.6125	206.8	1034.0	0.6666666666666666
16172	316	0	5	0.7825	141.8	709.0	0.6666666666666666
16173	374	0	5	0.9275	258.6	1293.0	0.6666666666666666
16174	222	0	5	0.5475	76.2	381.0	0.3333333333333333
16175	120	0	5	0.2925	107.8	539.0	0.0
16176	91	0	5	0.22	40.2	201.0	0.0
16177	111	0	5	0.27	105.4	527.0	0.3333333333333333
16178	287	1	4	0.715	63.0	315.0	1.0
16179	177	0	5	0.435	154.2	771.0	0.6666666666666666
16180	394	0	5	0.9775	149.6	748.0	0.6666666666666666
16181	96	0	5	0.2325	81.6	408.0	0.3333333333333333
16182	385	1	4	0.96	204.2	1021.0	1.0
16183	220	0	5	0.5425	87.6	438.0	0.3333333333333333
16184	274	0	5	0.6775	85.6	428.0	0.3333333333333333
16185	328	0	5	0.8125	189.2	946.0	0.6666666666666666
16186	219	0	5	0.54	137.4	687.0	0.6666666666666666
16187	43	0	5	0.1	41.0	205.0	0.0
16188	335	0	5	0.83	164.4	822.0	0.3333333333333333
16189	19	0	5	0.04	17.0	85.0	0.0
16190	181	0	5	0.445	146.4	732.0	0.3333333333333333
16191	201	0	5	0.495	177.4	887.0	0.3333333333333333
16192	93	0	5	0.225	67.4	337.0	0.3333333333333333
16193	324	0	5	0.8025	102.8	514.0	0.3333333333333333
16194	251	0	5	0.62	118.0	590.0	0.3333333333333333
16195	72	0	5	0.1725	34.6	173.0	0.3333333333333333
16196	122	0	5	0.2975	29.6	148.0	0.3333333333333333
16197	343	0	5	0.85	192.2	961.0	0.3333333333333333
16198	111	0	5	0.27	45.0	225.0	0.0
16199	115	0	5	0.28	113.0	565.0	0.0
16200	246	0	5	0.6075	147.2	736.0	0.0
16201	12	0	5	0.0225	10.0	50.0	0.0
16202	175	0	5	0.43	72.2	361.0	0.3333333333333333
16203	68	0	5	0.1625	66.0	330.0	0.0
16204	278	0	5	0.6875	184.0	920.0	0.6666666666666666
16205	181	0	5	0.445	135.4	677.0	0.3333333333333333
16206	378	0	5	0.9375	172.0	860.0	0.6666666666666666
16207	150	0	5	0.3675	88.8	444.0	0.6666666666666666
16208	88	0	5	0.2125	53.0	265.0	0.0
16209	278	0	5	0.6875	260.0	1300.0	0.3333333333333333
16210	315	1	4	0.785	199.8	999.0	1.0
16211	378	0	5	0.9375	323.4	1617.0	0.6666666666666666
16212	226	1	4	0.5625	88.8	444.0	1.0
16213	167	0	5	0.41	140.6	703.0	0.3333333333333333
16214	5	0	5	0.005	3.0	15.0	0.0
16215	91	0	5	0.22	89.0	445.0	0.0
16216	127	0	5	0.31	31.4	157.0	0.3333333333333333
16217	342	0	5	0.8475	212.8	1064.0	0.6666666666666666
16218	61	0	5	0.145	50.6	253.0	0.0
16219	232	0	5	0.5725	181.0	905.0	0.3333333333333333
16220	32	0	5	0.0725	30.0	150.0	0.0
16221	401	0	4	0.9975	188.8	944.0	0.6666666666666666
16222	249	0	5	0.615	197.0	985.0	0.6666666666666666
16223	52	0	5	0.1225	45.2	226.0	0.0
16224	27	0	5	0.06	25.0	125.0	0.0
16225	262	0	5	0.6475	214.4	1072.0	0.3333333333333333
16226	88	0	5	0.2125	59.6	298.0	0.0
16227	145	0	5	0.355	67.0	335.0	0.3333333333333333
16228	274	0	5	0.6775	188.4	942.0	0.3333333333333333
16229	204	1	4	0.5075	158.2	791.0	1.0
16230	66	0	5	0.1575	50.4	252.0	0.3333333333333333
16231	64	0	5	0.1525	34.0	170.0	0.3333333333333333
16232	153	1	4	0.38	41.0	205.0	1.0
16233	313	0	5	0.775	163.2	816.0	0.6666666666666666
16234	81	0	5	0.195	79.0	395.0	0.0
16235	193	0	5	0.475	99.8	499.0	0.3333333333333333
16236	165	0	5	0.405	44.8	224.0	0.3333333333333333
16237	353	0	5	0.875	128.2	641.0	0.6666666666666666
16238	74	0	5	0.1775	36.0	180.0	0.0
16239	119	0	5	0.29	117.0	585.0	0.0
16240	153	1	4	0.38	61.4	307.0	1.0
16241	400	0	5	0.9925	256.4	1282.0	0.6666666666666666
16242	104	0	5	0.2525	22.0	110.0	0.0
16243	327	1	4	0.815	157.4	787.0	1.0
16244	46	0	5	0.1075	44.0	220.0	0.0
16245	255	0	5	0.63	69.8	349.0	0.6666666666666666
16246	198	0	5	0.4875	191.6	958.0	0.3333333333333333
16247	109	0	5	0.265	65.0	325.0	0.3333333333333333
16248	203	0	5	0.5	181.4	907.0	0.6666666666666666
16249	68	0	5	0.1625	54.8	274.0	0.0
16250	198	0	5	0.4875	125.2	626.0	0.3333333333333333
16251	383	0	5	0.95	171.0	855.0	0.6666666666666666
16252	356	0	5	0.8825	254.4	1272.0	0.6666666666666666
16253	134	0	5	0.3275	92.4	462.0	0.0
16254	308	0	5	0.7625	266.4	1332.0	0.6666666666666666
16255	326	1	4	0.8125	211.6	1058.0	1.0
16256	271	0	5	0.67	94.8	474.0	0.3333333333333333
16257	105	0	5	0.255	64.6	323.0	0.3333333333333333
16258	149	0	5	0.365	128.8	644.0	0.3333333333333333
16259	326	0	5	0.8075	113.4	567.0	0.6666666666666666
16260	395	0	5	0.98	160.2	801.0	0.6666666666666666
16261	234	0	5	0.5775	97.8	489.0	0.6666666666666666
16262	138	0	5	0.3375	76.8	384.0	0.6666666666666666
16263	62	0	5	0.1475	49.4	247.0	0.0
16264	363	0	5	0.9	248.8	1244.0	0.6666666666666666
16265	258	0	5	0.6375	97.2	486.0	0.6666666666666666
16266	297	0	5	0.735	148.6	743.0	0.3333333333333333
16267	186	0	5	0.4575	76.0	380.0	0.3333333333333333
16268	232	0	5	0.5725	148.8	744.0	0.6666666666666666
16269	252	0	5	0.6225	148.4	742.0	0.6666666666666666
16270	305	0	5	0.755	119.8	599.0	0.6666666666666666
16271	192	0	5	0.4725	145.0	725.0	0.6666666666666666
16272	296	0	5	0.7325	229.8	1149.0	0.0
16273	15	0	5	0.03	13.0	65.0	0.0
16274	19	0	5	0.04	11.6	58.0	0.3333333333333333
16275	17	0	5	0.035	15.0	75.0	0.0
16276	157	0	5	0.385	50.2	251.0	0.3333333333333333
16277	245	0	5	0.605	110.2	551.0	0.6666666666666666
16278	264	0	5	0.6525	135.0	675.0	0.6666666666666666
16279	170	0	5	0.4175	138.8	694.0	0.0
16280	159	0	5	0.39	73.4	367.0	0.6666666666666666
16281	223	0	5	0.55	221.0	1105.0	0.0
16282	314	1	4	0.7825	206.4	1032.0	1.0
16283	240	0	5	0.5925	91.2	456.0	0.3333333333333333
16284	304	0	5	0.7525	197.6	988.0	0.6666666666666666
16285	26	0	5	0.0575	24.0	120.0	0.0
16286	111	0	5	0.27	109.0	545.0	0.0
16287	250	0	5	0.6175	100.8	504.0	0.6666666666666666
16288	379	0	5	0.94	223.4	1117.0	0.6666666666666666
16289	358	0	5	0.8875	223.8	1119.0	0.3333333333333333
16290	281	0	5	0.695	158.4	792.0	0.6666666666666666
16291	208	0	5	0.5125	59.2	296.0	0.6666666666666666
16292	43	0	5	0.1	29.4	147.0	0.3333333333333333
16293	131	0	5	0.32	129.0	645.0	0.0
16294	128	1	4	0.3175	73.2	366.0	1.0
16295	331	0	5	0.82	215.8	1079.0	0.3333333333333333
16296	21	0	5	0.045	19.0	95.0	0.0
16297	147	0	5	0.36	107.6	538.0	0.0
16298	238	0	5	0.5875	170.0	850.0	0.3333333333333333
16299	368	0	5	0.9125	282.6	1413.0	0.3333333333333333
16300	206	0	5	0.5075	151.8	759.0	0.3333333333333333
16301	280	0	5	0.6925	190.0	950.0	0.6666666666666666
16302	163	0	5	0.4	125.0	625.0	0.6666666666666666
16303	228	0	5	0.5625	79.0	395.0	0.6666666666666666
16304	176	0	5	0.4325	102.4	512.0	0.3333333333333333
16305	173	0	5	0.425	67.0	335.0	0.6666666666666666
16306	158	0	5	0.3875	151.2	756.0	0.3333333333333333
16307	174	0	5	0.4275	83.0	415.0	0.3333333333333333
16308	174	0	5	0.4275	119.8	599.0	0.3333333333333333
16309	360	0	5	0.8925	195.2	976.0	0.3333333333333333
16310	354	1	4	0.8825	221.4	1107.0	1.0
16311	221	0	5	0.545	150.2	751.0	0.3333333333333333
16312	28	0	5	0.0625	25.4	127.0	0.3333333333333333
16313	193	0	5	0.475	170.2	851.0	0.3333333333333333
16314	119	0	5	0.29	117.0	585.0	0.0
16315	375	0	5	0.93	176.0	880.0	0.3333333333333333
16316	287	0	5	0.71	153.0	765.0	0.6666666666666666
16317	180	0	5	0.4425	122.4	612.0	0.3333333333333333
16318	336	0	5	0.8325	181.2	906.0	0.6666666666666666
16319	188	0	5	0.4625	109.8	549.0	0.3333333333333333
16320	387	1	4	0.965	108.6	543.0	1.0
16321	222	0	5	0.5475	92.0	460.0	0.6666666666666666
16322	243	0	5	0.6	193.4	967.0	0.3333333333333333
16323	147	0	5	0.36	117.8	589.0	0.3333333333333333
16324	153	0	5	0.375	115.0	575.0	0.3333333333333333
16325	268	0	5	0.6625	213.8	1069.0	0.6666666666666666
16326	240	0	5	0.5925	177.0	885.0	0.6666666666666666
16327	198	0	5	0.4875	172.8	864.0	0.3333333333333333
16328	253	0	5	0.625	189.0	945.0	0.6666666666666666
16329	193	0	5	0.475	147.0	735.0	0.6666666666666666
16330	266	0	5	0.6575	96.0	480.0	0.6666666666666666
16331	257	0	5	0.635	168.0	840.0	0.3333333333333333
16332	279	0	5	0.69	195.8	979.0	0.3333333333333333
16333	143	1	4	0.355	101.4	507.0	1.0
16334	109	0	5	0.265	76.0	380.0	0.3333333333333333
16335	31	0	5	0.07	18.8	94.0	0.3333333333333333
16336	39	0	5	0.09	37.0	185.0	0.0
16337	182	0	5	0.4475	176.0	880.0	0.0
16338	179	0	5	0.44	163.8	819.0	0.3333333333333333
16339	211	0	5	0.52	162.8	814.0	0.3333333333333333
16340	240	0	5	0.5925	135.0	675.0	0.3333333333333333
16341	180	0	5	0.4425	152.8	764.0	0.0
16342	365	0	5	0.905	287.8	1439.0	0.3333333333333333
16343	91	0	5	0.22	89.0	445.0	0.0
16344	66	0	5	0.1575	64.0	320.0	0.0
16345	161	0	5	0.395	122.4	612.0	0.3333333333333333
16346	255	0	5	0.63	187.4	937.0	0.3333333333333333
16347	262	1	4	0.6525	209.4	1047.0	1.0
16348	5	0	5	0.005	3.0	15.0	0.0
16349	221	0	5	0.545	209.4	1047.0	0.3333333333333333
16350	67	0	5	0.16	65.0	325.0	0.0
16351	120	0	5	0.2925	103.0	515.0	0.3333333333333333
16352	353	1	4	0.88	209.0	1045.0	1.0
16353	16	0	5	0.0325	14.0	70.0	0.0
16354	210	0	5	0.5175	181.6	908.0	0.6666666666666666
16355	254	0	5	0.6275	118.4	592.0	0.3333333333333333
16356	340	0	5	0.8425	258.0	1290.0	0.6666666666666666
16357	34	0	5	0.0775	32.0	160.0	0.0
16358	183	0	5	0.45	122.2	611.0	0.6666666666666666
16359	37	0	5	0.085	35.0	175.0	0.0
16360	239	0	5	0.59	197.4	987.0	0.3333333333333333
16361	142	0	5	0.3475	107.2	536.0	0.3333333333333333
16362	155	0	5	0.38	87.6	438.0	0.0
16363	211	0	5	0.52	120.8	604.0	0.3333333333333333
16364	179	0	5	0.44	167.6	838.0	0.6666666666666666
16365	85	0	5	0.205	57.4	287.0	0.3333333333333333
16366	126	0	5	0.3075	116.8	584.0	0.3333333333333333
16367	267	0	5	0.66	138.4	692.0	0.3333333333333333
16368	235	0	5	0.58	157.8	789.0	0.3333333333333333
16369	259	0	5	0.64	111.8	559.0	0.3333333333333333
16370	228	0	5	0.5625	132.4	662.0	0.6666666666666666
16371	153	0	5	0.375	82.0	410.0	0.0
16372	313	0	5	0.775	193.4	967.0	0.6666666666666666
16373	270	0	5	0.6675	171.6	858.0	0.6666666666666666
16374	169	1	4	0.42	40.2	201.0	1.0
16375	88	0	5	0.2125	86.0	430.0	0.0
16376	213	0	5	0.525	142.4	712.0	0.3333333333333333
16377	308	0	5	0.7625	114.4	572.0	0.6666666666666666
16378	93	0	5	0.225	44.8	224.0	0.3333333333333333
16379	394	0	5	0.9775	186.2	931.0	0.6666666666666666
16380	321	0	5	0.795	140.6	703.0	0.6666666666666666
16381	174	0	5	0.4275	172.0	860.0	0.0
16382	175	0	5	0.43	162.0	810.0	0.3333333333333333
16383	307	0	5	0.76	198.2	991.0	0.3333333333333333
16384	36	0	5	0.0825	34.0	170.0	0.0
16385	379	0	5	0.94	205.2	1026.0	0.6666666666666666
16386	299	0	5	0.74	237.2	1186.0	0.3333333333333333
16387	264	0	5	0.6525	108.4	542.0	0.3333333333333333
16388	274	0	5	0.6775	206.4	1032.0	0.3333333333333333
16389	338	0	5	0.8375	214.8	1074.0	0.3333333333333333
16390	78	0	5	0.1875	76.0	380.0	0.0
16391	2	0	5	0.0	0.0	0.0	0.0
16392	286	0	5	0.7075	124.2	621.0	0.6666666666666666
16393	304	0	5	0.7525	274.6	1373.0	0.3333333333333333
16394	373	1	4	0.93	90.6	453.0	1.0
16395	17	0	5	0.035	15.0	75.0	0.0
16396	103	0	5	0.25	79.6	398.0	0.6666666666666666
16397	78	0	5	0.1875	69.6	348.0	0.0
16398	376	0	5	0.9325	188.0	940.0	0.3333333333333333
16399	76	0	5	0.1825	43.4	217.0	0.3333333333333333
16400	136	0	5	0.3325	134.0	670.0	0.0
16401	195	0	5	0.48	88.0	440.0	0.3333333333333333
16402	301	0	5	0.745	161.0	805.0	0.6666666666666666
16403	256	0	5	0.6325	228.0	1140.0	0.0
16404	189	0	5	0.465	129.4	647.0	0.3333333333333333
16405	117	0	5	0.285	115.0	575.0	0.0
16406	13	0	5	0.025	11.0	55.0	0.0
16407	377	0	5	0.935	196.0	980.0	0.3333333333333333
16408	391	1	4	0.975	179.6	898.0	1.0
16409	120	0	5	0.2925	79.2	396.0	0.0
16410	310	0	5	0.7675	190.4	952.0	0.3333333333333333
16411	169	0	5	0.415	33.8	169.0	0.3333333333333333
16412	268	0	5	0.6625	200.4	1002.0	0.0
16413	401	0	3	0.9975	200.8	1004.0	0.6666666666666666
16414	226	0	5	0.5575	171.6	858.0	0.3333333333333333
16415	129	0	5	0.315	104.0	520.0	0.0
16416	141	0	5	0.345	118.4	592.0	0.0
16417	42	0	5	0.0975	40.0	200.0	0.0
16418	378	1	4	0.9425	143.0	715.0	1.0
16419	397	0	5	0.985	119.0	595.0	0.6666666666666666
16420	294	0	5	0.7275	141.6	708.0	0.6666666666666666
16421	240	0	5	0.5925	80.4	402.0	0.6666666666666666
16422	237	1	4	0.59	105.0	525.0	1.0
16423	305	0	5	0.755	247.4	1237.0	0.0
16424	178	0	5	0.4375	163.8	819.0	0.3333333333333333
16425	224	0	5	0.5525	69.8	349.0	0.6666666666666666
16426	119	0	5	0.29	83.4	417.0	0.3333333333333333
16427	187	0	5	0.46	103.6	518.0	0.6666666666666666
16428	258	0	5	0.6375	210.4	1052.0	0.3333333333333333
16429	321	0	5	0.795	199.2	996.0	0.3333333333333333
16430	145	0	5	0.355	86.4	432.0	0.3333333333333333
16431	261	0	5	0.645	77.8	389.0	0.0
16432	289	0	5	0.715	100.2	501.0	0.6666666666666666
16433	375	0	5	0.93	223.6	1118.0	0.6666666666666666
16434	261	1	4	0.65	216.8	1084.0	1.0
16435	312	0	5	0.7725	197.2	986.0	0.3333333333333333
16436	125	0	5	0.305	76.6	383.0	0.6666666666666666
16437	213	0	5	0.525	159.2	796.0	0.3333333333333333
16438	279	0	5	0.69	185.2	926.0	0.6666666666666666
16439	103	0	5	0.25	62.6	313.0	0.3333333333333333
16440	158	0	5	0.3875	84.8	424.0	0.3333333333333333
16441	348	0	5	0.8625	153.6	768.0	0.6666666666666666
16442	363	0	5	0.9	91.0	455.0	0.6666666666666666
16443	323	0	5	0.8	153.6	768.0	0.3333333333333333
16444	174	1	4	0.4325	115.6	578.0	1.0
16445	210	1	4	0.5225	137.8	689.0	1.0
16446	100	0	5	0.2425	84.6	423.0	0.3333333333333333
16447	130	0	5	0.3175	128.0	640.0	0.0
16448	360	0	5	0.8925	116.8	584.0	0.3333333333333333
16449	25	0	5	0.055	23.0	115.0	0.0
16450	392	0	5	0.9725	164.4	822.0	0.6666666666666666
16451	314	0	5	0.7775	201.6	1008.0	0.3333333333333333
16452	347	0	5	0.86	190.6	953.0	0.3333333333333333
16453	340	1	4	0.8475	165.6	828.0	1.0
16454	96	0	5	0.2325	94.0	470.0	0.0
16455	121	0	5	0.295	64.6	323.0	0.0
16456	275	0	5	0.68	69.4	347.0	0.6666666666666666
16457	272	0	5	0.6725	148.4	742.0	0.6666666666666666
16458	81	0	5	0.195	33.4	167.0	0.3333333333333333
16459	194	0	5	0.4775	129.6	648.0	0.0
16460	87	0	5	0.21	85.0	425.0	0.0
16461	270	0	5	0.6675	187.0	935.0	0.3333333333333333
16462	176	0	5	0.4325	71.4	357.0	0.0
16463	172	0	5	0.4225	80.2	401.0	0.3333333333333333
16464	201	0	5	0.495	122.2	611.0	0.3333333333333333
16465	62	0	5	0.1475	38.0	190.0	0.3333333333333333
16466	52	0	5	0.1225	50.0	250.0	0.0
16467	24	0	5	0.0525	22.0	110.0	0.0
16468	13	0	5	0.025	11.0	55.0	0.0
16469	359	1	4	0.895	234.4	1172.0	1.0
16470	217	0	5	0.535	159.2	796.0	0.6666666666666666
16471	20	0	5	0.0425	18.0	90.0	0.0
16472	102	0	5	0.2475	85.6	428.0	0.0
16473	385	0	5	0.955	251.2	1256.0	0.6666666666666666
16474	141	0	5	0.345	85.4	427.0	0.3333333333333333
16475	57	0	5	0.135	55.0	275.0	0.0
16476	367	1	4	0.915	131.0	655.0	1.0
16477	221	1	4	0.55	85.8	429.0	1.0
16478	173	0	5	0.425	60.6	303.0	0.3333333333333333
16479	383	0	5	0.95	230.6	1153.0	0.6666666666666666
16480	282	1	4	0.7025	129.6	648.0	1.0
16481	67	0	5	0.16	17.0	85.0	0.6666666666666666
16482	177	0	5	0.435	120.4	602.0	0.3333333333333333
16483	143	0	5	0.35	68.0	340.0	0.6666666666666666
16484	77	0	5	0.185	55.8	279.0	0.3333333333333333
16485	239	0	5	0.59	213.4	1067.0	0.3333333333333333
16486	316	0	5	0.7825	134.0	670.0	0.3333333333333333
16487	233	0	5	0.575	231.0	1155.0	0.0
16488	291	0	5	0.72	226.6	1133.0	0.3333333333333333
16489	100	0	5	0.2425	67.4	337.0	0.3333333333333333
16490	332	0	5	0.8225	171.4	857.0	0.6666666666666666
16491	102	0	5	0.2475	86.6	433.0	0.3333333333333333
16492	344	0	5	0.8525	294.4	1472.0	0.6666666666666666
16493	49	0	5	0.115	31.4	157.0	0.3333333333333333
16494	92	0	5	0.2225	60.0	300.0	0.0
16495	215	0	5	0.53	63.8	319.0	0.3333333333333333
16496	319	0	5	0.79	160.0	800.0	0.6666666666666666
16497	312	0	5	0.7725	66.0	330.0	0.3333333333333333
16498	115	0	5	0.28	91.8	459.0	0.3333333333333333
16499	366	0	5	0.9075	169.2	846.0	0.6666666666666666
16500	300	0	5	0.7425	150.2	751.0	0.3333333333333333
16501	48	0	5	0.1125	34.8	174.0	0.0
16502	194	0	5	0.4775	55.2	276.0	0.3333333333333333
16503	225	0	5	0.555	127.6	638.0	0.3333333333333333
16504	178	0	5	0.4375	162.0	810.0	0.3333333333333333
16505	222	1	4	0.5525	117.0	585.0	1.0
16506	193	0	5	0.475	161.0	805.0	0.3333333333333333
16507	306	0	5	0.7575	192.2	961.0	0.6666666666666666
16508	53	0	5	0.125	25.8	129.0	0.3333333333333333
16509	46	0	5	0.1075	19.4	97.0	0.3333333333333333
16510	161	0	5	0.395	32.2	161.0	0.3333333333333333
16511	138	1	4	0.3425	43.4	217.0	1.0
16512	113	0	5	0.275	55.8	279.0	0.3333333333333333
16513	297	0	5	0.735	202.8	1014.0	0.3333333333333333
16514	307	0	5	0.76	211.4	1057.0	0.3333333333333333
16515	213	0	5	0.525	190.6	953.0	0.6666666666666666
16516	220	0	5	0.5425	135.0	675.0	0.6666666666666666
16517	193	1	3	0.48	178.6	893.0	1.0
16518	128	0	5	0.3125	93.2	466.0	0.3333333333333333
16519	95	0	5	0.23	37.6	188.0	0.3333333333333333
16520	187	0	5	0.46	162.2	811.0	0.3333333333333333
16521	60	0	5	0.1425	58.0	290.0	0.0
16522	148	0	5	0.3625	94.4	472.0	0.3333333333333333
16523	247	0	5	0.61	125.8	629.0	0.6666666666666666
16524	158	0	5	0.3875	124.6	623.0	0.3333333333333333
16525	71	0	5	0.17	58.8	294.0	0.0
16526	86	0	5	0.2075	69.2	346.0	0.3333333333333333
16527	267	0	5	0.66	185.0	925.0	0.3333333333333333
16528	362	1	4	0.9025	246.0	1230.0	1.0
16529	108	0	5	0.2625	106.0	530.0	0.3333333333333333
16530	174	0	5	0.4275	114.4	572.0	0.3333333333333333
16531	10	0	5	0.0175	1.6	8.0	0.0
16532	374	0	5	0.9275	136.6	683.0	0.6666666666666666
16533	180	0	5	0.4425	152.8	764.0	0.0
16534	271	0	5	0.67	75.4	377.0	0.3333333333333333
16535	192	0	5	0.4725	134.8	674.0	0.3333333333333333
16536	187	0	5	0.46	98.8	494.0	0.6666666666666666
16537	350	0	5	0.8675	93.0	465.0	0.3333333333333333
16538	6	0	5	0.0075	4.0	20.0	0.0
16539	54	0	5	0.1275	49.2	246.0	0.3333333333333333
16540	161	0	5	0.395	146.2	731.0	0.0
16541	328	0	5	0.8125	141.4	707.0	0.6666666666666666
16542	194	0	5	0.4775	192.0	960.0	0.0
16543	287	0	5	0.71	199.8	999.0	0.3333333333333333
16544	351	0	5	0.87	225.8	1129.0	0.3333333333333333
16545	274	0	5	0.6775	212.0	1060.0	0.3333333333333333
16546	244	0	5	0.6025	123.0	615.0	0.6666666666666666
16547	288	0	5	0.7125	190.0	950.0	0.3333333333333333
16548	310	0	5	0.7675	235.2	1176.0	0.0
16549	259	1	4	0.645	178.2	891.0	1.0
16550	97	0	5	0.235	42.2	211.0	0.6666666666666666
16551	243	0	5	0.6	179.4	897.0	0.6666666666666666
16552	331	0	5	0.82	191.0	955.0	0.6666666666666666
16553	358	0	5	0.8875	133.6	668.0	0.6666666666666666
16554	45	0	5	0.105	43.0	215.0	0.0
16555	389	0	5	0.965	189.4	947.0	0.6666666666666666
16556	69	0	5	0.165	67.0	335.0	0.3333333333333333
16557	103	0	5	0.25	49.8	249.0	0.3333333333333333
16558	352	0	5	0.8725	288.4	1442.0	0.6666666666666666
16559	293	0	5	0.725	149.4	747.0	0.3333333333333333
16560	192	0	5	0.4725	43.6	218.0	0.6666666666666666
16561	162	0	5	0.3975	133.2	666.0	0.0
16562	248	0	5	0.6125	105.0	525.0	0.0
16563	378	0	5	0.9375	315.0	1575.0	0.6666666666666666
16564	352	0	5	0.8725	201.2	1006.0	0.6666666666666666
16565	397	0	5	0.985	175.2	876.0	0.6666666666666666
16566	400	0	5	0.9925	275.0	1375.0	0.6666666666666666
16567	244	1	4	0.6075	177.6	888.0	1.0
16568	113	0	5	0.275	85.4	427.0	0.3333333333333333
16569	240	0	5	0.5925	204.8	1024.0	0.0
16570	190	0	5	0.4675	108.0	540.0	0.3333333333333333
16571	161	0	5	0.395	131.2	656.0	0.3333333333333333
16572	238	0	5	0.5875	161.2	806.0	0.3333333333333333
16573	172	0	5	0.4225	170.0	850.0	0.0
16574	156	0	5	0.3825	64.0	320.0	0.3333333333333333
16575	340	0	5	0.8425	175.0	875.0	0.6666666666666666
16576	100	0	5	0.2425	90.6	453.0	0.3333333333333333
16577	86	0	5	0.2075	21.6	108.0	0.3333333333333333
16578	384	0	5	0.9525	277.6	1388.0	0.6666666666666666
16579	291	0	5	0.72	261.2	1306.0	0.3333333333333333
16580	277	0	5	0.685	218.8	1094.0	0.3333333333333333
16581	388	0	5	0.9625	223.0	1115.0	0.6666666666666666
16582	246	0	5	0.6075	244.0	1220.0	0.0
16583	147	0	5	0.36	132.6	663.0	0.0
16584	76	0	5	0.1825	69.4	347.0	0.3333333333333333
16585	398	0	5	0.9875	260.2	1301.0	0.6666666666666666
16586	193	0	5	0.475	159.8	799.0	0.3333333333333333
16587	159	0	5	0.39	106.6	533.0	0.3333333333333333
16588	367	0	5	0.91	187.0	935.0	0.6666666666666666
16589	165	0	5	0.405	97.2	486.0	0.3333333333333333
16590	179	0	5	0.44	62.6	313.0	0.3333333333333333
16591	242	0	5	0.5975	147.6	738.0	0.3333333333333333
16592	102	0	5	0.2475	57.6	288.0	0.3333333333333333
16593	124	0	5	0.3025	120.4	602.0	0.0
16594	236	0	5	0.5825	104.6	523.0	0.6666666666666666
16595	375	0	5	0.93	188.8	944.0	0.6666666666666666
16596	294	0	5	0.7275	154.8	774.0	0.3333333333333333
16597	271	0	5	0.67	119.4	597.0	0.3333333333333333
16598	309	1	4	0.77	163.4	817.0	1.0
16599	212	0	5	0.5225	117.0	585.0	0.3333333333333333
16600	399	0	5	0.99	167.8	839.0	0.6666666666666666
16601	217	0	5	0.535	124.6	623.0	0.6666666666666666
16602	138	0	5	0.3375	136.0	680.0	0.0
16603	327	1	4	0.815	75.0	375.0	1.0
16604	266	0	5	0.6575	140.2	701.0	0.6666666666666666
16605	43	0	5	0.1	36.2	181.0	0.0
16606	287	0	5	0.71	285.0	1425.0	0.0
16607	49	0	5	0.115	40.2	201.0	0.0
16608	202	0	5	0.4975	150.8	754.0	0.3333333333333333
16609	186	1	4	0.4625	105.6	528.0	1.0
16610	52	0	5	0.1225	50.0	250.0	0.0
16611	153	0	5	0.375	140.2	701.0	0.3333333333333333
16612	238	1	4	0.5925	162.0	810.0	1.0
16613	38	0	5	0.0875	14.4	72.0	0.3333333333333333
16614	352	0	5	0.8725	182.0	910.0	0.3333333333333333
16615	367	0	5	0.91	152.6	763.0	0.6666666666666666
16616	78	0	5	0.1875	46.8	234.0	0.3333333333333333
16617	48	0	5	0.1125	34.0	170.0	0.3333333333333333
16618	103	0	5	0.25	101.0	505.0	0.0
16619	284	0	5	0.7025	131.0	655.0	0.3333333333333333
16620	148	0	5	0.3625	135.6	678.0	0.0
16621	180	0	5	0.4425	178.0	890.0	0.3333333333333333
16622	263	0	5	0.65	205.4	1027.0	0.3333333333333333
16623	317	0	5	0.785	266.2	1331.0	0.3333333333333333
16624	237	0	5	0.585	174.2	871.0	0.3333333333333333
16625	272	0	5	0.6725	265.4	1327.0	0.3333333333333333
16626	317	0	5	0.785	81.4	407.0	0.3333333333333333
16627	179	0	5	0.44	143.6	718.0	0.6666666666666666
16628	164	0	5	0.4025	95.4	477.0	0.0
16629	401	0	4	0.9975	151.2	756.0	0.6666666666666666
16630	152	0	5	0.3725	50.0	250.0	0.3333333333333333
16631	294	1	4	0.7325	218.0	1090.0	1.0
16632	331	0	5	0.82	277.8	1389.0	0.6666666666666666
16633	183	0	5	0.45	60.2	301.0	0.6666666666666666
16634	181	0	5	0.445	179.0	895.0	0.0
16635	165	0	5	0.405	68.2	341.0	0.3333333333333333
16636	213	1	4	0.53	88.2	441.0	1.0
16637	81	0	5	0.195	49.4	247.0	0.3333333333333333
16638	135	0	5	0.33	58.6	293.0	0.3333333333333333
16639	58	0	5	0.1375	46.8	234.0	0.3333333333333333
16640	333	0	5	0.825	241.8	1209.0	0.3333333333333333
16641	170	0	5	0.4175	115.2	576.0	0.3333333333333333
16642	214	1	4	0.5325	154.4	772.0	1.0
16643	125	0	5	0.305	123.0	615.0	0.0
16644	346	0	5	0.8575	149.2	746.0	0.3333333333333333
16645	241	0	5	0.595	214.4	1072.0	0.6666666666666666
16646	324	0	5	0.8025	216.0	1080.0	0.3333333333333333
16647	348	0	5	0.8625	247.0	1235.0	0.6666666666666666
16648	255	1	4	0.635	188.4	942.0	1.0
16649	373	1	4	0.93	284.8	1424.0	1.0
16650	74	0	5	0.1775	72.0	360.0	0.0
16651	112	0	5	0.2725	62.8	314.0	0.3333333333333333
16652	189	0	5	0.465	95.2	476.0	0.6666666666666666
16653	346	0	5	0.8575	236.4	1182.0	0.3333333333333333
16654	204	0	5	0.5025	148.0	740.0	0.0
16655	153	0	5	0.375	75.8	379.0	0.6666666666666666
16656	169	0	5	0.415	86.2	431.0	0.3333333333333333
16657	212	0	5	0.5225	138.4	692.0	0.3333333333333333
16658	149	0	5	0.365	136.8	684.0	0.3333333333333333
16659	373	0	5	0.925	223.2	1116.0	0.3333333333333333
16660	329	0	5	0.815	91.2	456.0	0.6666666666666666
16661	9	0	5	0.015	7.0	35.0	0.0
16662	231	0	5	0.57	159.0	795.0	0.3333333333333333
16663	370	0	5	0.9175	180.2	901.0	0.3333333333333333
16664	79	0	5	0.19	77.0	385.0	0.0
16665	364	0	5	0.9025	323.0	1615.0	0.6666666666666666
16666	258	0	5	0.6375	64.0	320.0	0.3333333333333333
16667	112	0	5	0.2725	110.0	550.0	0.0
16668	165	0	5	0.405	81.8	409.0	0.0
16669	16	0	5	0.0325	14.0	70.0	0.0
16670	25	0	5	0.055	23.0	115.0	0.0
16671	22	0	5	0.0475	20.0	100.0	0.0
16672	115	0	5	0.28	113.0	565.0	0.0
16673	123	0	5	0.3	88.6	443.0	0.0
16674	351	1	4	0.875	240.8	1204.0	1.0
16675	296	0	5	0.7325	175.2	876.0	0.6666666666666666
16676	299	0	5	0.74	123.6	618.0	0.6666666666666666
16677	130	0	5	0.3175	124.2	621.0	0.0
16678	53	0	5	0.125	51.0	255.0	0.0
16679	173	0	5	0.425	128.6	643.0	0.3333333333333333
16680	328	0	5	0.8125	89.2	446.0	0.3333333333333333
16681	124	0	5	0.3025	86.6	433.0	0.6666666666666666
16682	391	0	5	0.97	93.8	469.0	0.6666666666666666
16683	210	0	5	0.5175	170.4	852.0	0.3333333333333333
16684	211	0	5	0.52	102.8	514.0	0.0
16685	263	0	5	0.65	143.4	717.0	0.3333333333333333
16686	144	0	5	0.3525	123.2	616.0	0.0
16687	198	0	5	0.4875	121.6	608.0	0.3333333333333333
16688	162	0	5	0.3975	160.0	800.0	0.0
16689	344	0	5	0.8525	301.8	1509.0	0.6666666666666666
16690	170	0	5	0.4175	92.0	460.0	0.6666666666666666
16691	319	0	5	0.79	110.2	551.0	0.6666666666666666
16692	280	0	5	0.6925	125.2	626.0	0.6666666666666666
16693	279	0	5	0.69	204.2	1021.0	0.0
16694	217	0	5	0.535	148.0	740.0	0.3333333333333333
16695	332	0	5	0.8225	242.4	1212.0	0.6666666666666666
16696	344	1	4	0.8575	181.0	905.0	1.0
16697	143	0	5	0.35	109.0	545.0	0.3333333333333333
16698	63	0	5	0.15	61.0	305.0	0.0
16699	375	0	5	0.93	178.6	893.0	0.6666666666666666
16700	377	1	4	0.94	132.4	662.0	1.0
16701	226	1	4	0.5625	176.8	884.0	1.0
16702	7	0	5	0.01	5.0	25.0	0.0
16703	62	0	5	0.1475	47.4	237.0	0.3333333333333333
16704	211	0	5	0.52	154.6	773.0	0.3333333333333333
16705	354	0	5	0.8775	189.6	948.0	0.6666666666666666
16706	285	0	5	0.705	139.0	695.0	0.3333333333333333
16707	273	1	4	0.68	62.6	313.0	1.0
16708	379	0	5	0.94	213.8	1069.0	0.6666666666666666
16709	103	0	5	0.25	71.0	355.0	0.3333333333333333
16710	17	0	5	0.035	15.0	75.0	0.0
16711	65	0	5	0.155	48.2	241.0	0.0
16712	5	0	5	0.005	3.0	15.0	0.0
16713	310	0	5	0.7675	111.4	557.0	0.6666666666666666
16714	265	0	5	0.655	123.8	619.0	0.6666666666666666
16715	216	0	5	0.5325	177.4	887.0	0.3333333333333333
16716	208	0	5	0.5125	175.8	879.0	0.3333333333333333
16717	283	0	5	0.7	121.8	609.0	0.3333333333333333
16718	240	0	5	0.5925	159.4	797.0	0.6666666666666666
16719	136	0	5	0.3325	109.2	546.0	0.3333333333333333
16720	209	0	5	0.515	93.4	467.0	0.6666666666666666
16721	152	0	5	0.3725	103.2	516.0	0.0
16722	264	1	4	0.6575	81.2	406.0	1.0
16723	231	0	5	0.57	126.8	634.0	0.3333333333333333
16724	137	0	5	0.335	50.2	251.0	0.3333333333333333
16725	204	0	5	0.5025	158.2	791.0	0.3333333333333333
16726	60	0	5	0.1425	48.2	241.0	0.0
16727	128	0	5	0.3125	98.0	490.0	0.3333333333333333
16728	193	0	5	0.475	189.0	945.0	0.6666666666666666
16729	159	0	5	0.39	91.6	458.0	0.6666666666666666
16730	265	0	5	0.655	70.6	353.0	0.6666666666666666
16731	239	0	5	0.59	175.4	877.0	0.6666666666666666
16732	48	0	5	0.1125	41.2	206.0	0.3333333333333333
16733	270	0	5	0.6675	221.4	1107.0	0.0
16734	248	1	4	0.6175	92.4	462.0	1.0
16735	378	0	5	0.9375	103.6	518.0	0.6666666666666666
16736	366	1	4	0.9125	197.4	987.0	1.0
16737	366	0	5	0.9075	326.6	1633.0	0.3333333333333333
16738	361	0	5	0.895	207.2	1036.0	0.6666666666666666
16739	245	0	5	0.605	121.4	607.0	0.6666666666666666
16740	352	1	4	0.8775	178.4	892.0	1.0
16741	326	1	4	0.8125	223.2	1116.0	1.0
16742	184	0	5	0.4525	152.8	764.0	0.3333333333333333
16743	206	0	5	0.5075	126.0	630.0	0.0
16744	137	0	5	0.335	59.8	299.0	0.0
16745	49	0	5	0.115	47.0	235.0	0.0
16746	201	0	5	0.495	113.2	566.0	0.6666666666666666
16747	288	0	5	0.7125	210.8	1054.0	0.3333333333333333
16748	297	0	5	0.735	237.4	1187.0	0.3333333333333333
16749	333	0	5	0.825	220.2	1101.0	0.6666666666666666
16750	339	0	5	0.84	294.6	1473.0	0.3333333333333333
16751	250	0	5	0.6175	78.0	390.0	0.6666666666666666
16752	376	0	5	0.9325	213.4	1067.0	0.6666666666666666
16753	192	1	4	0.4775	96.0	480.0	1.0
16754	218	0	5	0.5375	114.0	570.0	0.3333333333333333
16755	296	0	5	0.7325	138.0	690.0	0.3333333333333333
16756	390	1	4	0.9725	205.6	1028.0	1.0
16757	393	0	5	0.975	216.2	1081.0	0.6666666666666666
16758	298	0	5	0.7375	220.2	1101.0	0.6666666666666666
16759	319	0	5	0.79	161.6	808.0	0.3333333333333333
16760	188	0	5	0.4625	129.6	648.0	0.3333333333333333
16761	229	0	5	0.565	175.2	876.0	0.3333333333333333
16762	392	0	5	0.9725	187.8	939.0	0.6666666666666666
16763	106	0	5	0.2575	23.2	116.0	0.6666666666666666
16764	135	0	5	0.33	108.6	543.0	0.0
16765	98	0	5	0.2375	87.4	437.0	0.0
16766	38	0	5	0.0875	25.6	128.0	0.3333333333333333
16767	191	0	5	0.47	55.4	277.0	0.6666666666666666
16768	392	1	4	0.9775	246.0	1230.0	1.0
16769	172	0	5	0.4225	161.6	808.0	0.3333333333333333
16770	89	0	5	0.215	69.6	348.0	0.0
16771	276	0	5	0.6825	179.0	895.0	0.3333333333333333
16772	367	0	5	0.91	96.4	482.0	0.3333333333333333
16773	221	0	5	0.545	91.8	459.0	0.6666666666666666
16774	338	0	5	0.8375	158.2	791.0	0.6666666666666666
16775	294	0	5	0.7275	177.8	889.0	0.6666666666666666
16776	248	0	5	0.6125	246.0	1230.0	0.0
16777	52	0	5	0.1225	44.8	224.0	0.0
16778	70	0	5	0.1675	68.0	340.0	0.0
16779	343	0	5	0.85	102.8	514.0	0.3333333333333333
16780	138	0	5	0.3375	136.0	680.0	0.0
16781	208	0	5	0.5125	131.4	657.0	0.0
16782	53	0	5	0.125	40.4	202.0	0.3333333333333333
16783	339	0	5	0.84	85.0	425.0	0.6666666666666666
16784	163	0	5	0.4	118.2	591.0	0.0
16785	248	0	5	0.6125	164.2	821.0	0.3333333333333333
16786	280	0	5	0.6925	148.8	744.0	0.6666666666666666
16787	226	0	5	0.5575	93.2	466.0	0.6666666666666666
16788	125	0	5	0.305	123.0	615.0	0.0
16789	310	0	5	0.7675	90.8	454.0	0.6666666666666666
16790	46	0	5	0.1075	43.2	216.0	0.3333333333333333
16791	95	0	5	0.23	74.2	371.0	0.0
16792	336	0	5	0.8325	136.4	682.0	0.6666666666666666
16793	337	1	4	0.84	197.2	986.0	1.0
16794	324	0	5	0.8025	106.0	530.0	0.0
16795	364	0	5	0.9025	239.0	1195.0	0.3333333333333333
16796	202	0	5	0.4975	184.0	920.0	0.3333333333333333
16797	226	0	5	0.5575	134.6	673.0	0.3333333333333333
16798	344	0	5	0.8525	177.4	887.0	0.0
16799	169	0	5	0.415	134.0	670.0	0.3333333333333333
16800	191	1	4	0.475	96.2	481.0	1.0
16801	164	0	5	0.4025	53.4	267.0	0.3333333333333333
16802	46	0	5	0.1075	39.8	199.0	0.3333333333333333
16803	228	0	5	0.5625	169.6	848.0	0.6666666666666666
16804	35	0	5	0.08	27.6	138.0	0.3333333333333333
16805	401	0	5	0.995	194.0	970.0	0.6666666666666666
16806	185	0	5	0.455	89.8	449.0	0.3333333333333333
16807	71	0	5	0.17	16.2	81.0	0.3333333333333333
16808	82	0	5	0.1975	28.8	144.0	0.0
16809	99	0	5	0.24	44.2	221.0	0.6666666666666666
16810	229	1	3	0.57	181.0	905.0	1.0
16811	249	0	5	0.615	206.6	1033.0	0.3333333333333333
16812	38	0	5	0.0875	36.0	180.0	0.3333333333333333
16813	145	0	5	0.355	143.0	715.0	0.0
16814	139	0	5	0.34	121.4	607.0	0.3333333333333333
16815	113	0	5	0.275	111.0	555.0	0.0
16816	198	0	5	0.4875	97.2	486.0	0.0
16817	348	0	5	0.8625	91.6	458.0	0.6666666666666666
16818	275	0	5	0.68	202.6	1013.0	0.0
16819	143	0	5	0.35	109.8	549.0	0.3333333333333333
16820	28	0	5	0.0625	26.0	130.0	0.0
16821	211	0	5	0.52	184.6	923.0	0.3333333333333333
16822	264	0	5	0.6525	240.8	1204.0	0.6666666666666666
16823	260	0	5	0.6425	135.6	678.0	0.3333333333333333
16824	166	0	5	0.4075	92.8	464.0	0.6666666666666666
16825	128	0	5	0.3125	126.0	630.0	0.0
16826	303	0	5	0.75	82.8	414.0	0.3333333333333333
16827	355	0	5	0.88	216.8	1084.0	0.6666666666666666
16828	76	0	5	0.1825	74.0	370.0	0.0
16829	74	0	5	0.1775	55.6	278.0	0.6666666666666666
16830	150	0	5	0.3675	148.0	740.0	0.0
16831	247	0	5	0.61	152.8	764.0	0.3333333333333333
16832	230	0	5	0.5675	228.0	1140.0	0.3333333333333333
16833	119	0	5	0.29	94.2	471.0	0.0
16834	164	0	5	0.4025	68.0	340.0	0.3333333333333333
16835	122	0	5	0.2975	120.0	600.0	0.0
16836	148	0	5	0.3625	102.8	514.0	0.3333333333333333
16837	303	1	4	0.755	208.6	1043.0	1.0
16838	257	0	5	0.635	173.8	869.0	0.3333333333333333
16839	88	0	5	0.2125	65.2	326.0	0.0
16840	290	0	5	0.7175	216.8	1084.0	0.6666666666666666
16841	393	0	5	0.975	193.4	967.0	0.6666666666666666
16842	250	0	5	0.6175	182.4	912.0	0.6666666666666666
16843	186	0	5	0.4575	105.4	527.0	0.3333333333333333
16844	29	0	5	0.065	24.6	123.0	0.0
16845	192	0	5	0.4725	113.6	568.0	0.3333333333333333
16846	143	0	5	0.35	107.6	538.0	0.6666666666666666
16847	112	0	5	0.2725	102.2	511.0	0.3333333333333333
16848	85	0	5	0.205	79.0	395.0	0.0
16849	315	1	4	0.785	122.6	613.0	1.0
16850	286	0	5	0.7075	108.2	541.0	0.6666666666666666
16851	339	0	5	0.84	149.0	745.0	0.6666666666666666
16852	200	0	5	0.4925	56.8	284.0	0.6666666666666666
16853	129	0	5	0.315	127.0	635.0	0.3333333333333333
16854	393	0	5	0.975	255.0	1275.0	0.6666666666666666
16855	294	0	5	0.7275	247.6	1238.0	0.3333333333333333
16856	80	0	5	0.1925	50.2	251.0	0.0
16857	313	0	5	0.775	304.2	1521.0	0.0
16858	337	0	5	0.835	183.4	917.0	0.0
16859	375	0	5	0.93	332.2	1661.0	0.6666666666666666
16860	92	0	5	0.2225	81.0	405.0	0.0
16861	371	0	5	0.92	228.2	1141.0	0.3333333333333333
16862	279	1	4	0.695	85.8	429.0	1.0
16863	288	0	5	0.7125	97.2	486.0	0.6666666666666666
16864	352	1	4	0.8775	101.8	509.0	1.0
16865	310	0	5	0.7675	230.4	1152.0	0.6666666666666666
16866	181	0	5	0.445	171.0	855.0	0.3333333333333333
16867	26	0	5	0.0575	24.0	120.0	0.0
16868	89	0	5	0.215	47.0	235.0	0.3333333333333333
16869	380	0	5	0.9425	235.8	1179.0	0.6666666666666666
16870	261	0	5	0.645	94.8	474.0	0.3333333333333333
16871	58	0	5	0.1375	56.0	280.0	0.0
16872	25	0	5	0.055	23.0	115.0	0.0
16873	143	0	5	0.35	108.6	543.0	0.3333333333333333
16874	240	0	5	0.5925	105.2	526.0	0.3333333333333333
16875	204	0	5	0.5025	73.2	366.0	0.3333333333333333
16876	188	0	5	0.4625	186.0	930.0	0.0
16877	218	0	5	0.5375	211.2	1056.0	0.6666666666666666
16878	102	0	5	0.2475	58.4	292.0	0.0
16879	102	0	5	0.2475	70.0	350.0	0.3333333333333333
16880	49	0	5	0.115	47.0	235.0	0.0
16881	357	0	5	0.885	291.4	1457.0	0.6666666666666666
16882	253	0	5	0.625	205.8	1029.0	0.0
16883	158	0	5	0.3875	84.6	423.0	0.6666666666666666
16884	71	0	5	0.17	69.0	345.0	0.0
16885	195	0	5	0.48	121.6	608.0	0.3333333333333333
16886	157	0	5	0.385	50.6	253.0	0.3333333333333333
16887	12	0	5	0.0225	10.0	50.0	0.0
16888	220	0	5	0.5425	191.2	956.0	0.6666666666666666
16889	63	0	5	0.15	29.2	146.0	0.3333333333333333
16890	313	0	5	0.775	122.6	613.0	0.6666666666666666
16891	139	0	5	0.34	87.2	436.0	0.3333333333333333
16892	161	0	5	0.395	109.6	548.0	0.3333333333333333
16893	349	0	5	0.865	211.4	1057.0	0.6666666666666666
16894	140	0	5	0.3425	34.8	174.0	0.6666666666666666
16895	359	0	5	0.89	319.2	1596.0	0.6666666666666666
16896	11	0	5	0.02	9.0	45.0	0.0
16897	298	1	3	0.7425	202.8	1014.0	1.0
16898	110	0	5	0.2675	100.0	500.0	0.3333333333333333
16899	243	0	5	0.6	112.6	563.0	0.6666666666666666
16900	261	0	5	0.645	113.6	568.0	0.6666666666666666
16901	360	0	5	0.8925	122.0	610.0	0.6666666666666666
16902	126	0	5	0.3075	108.2	541.0	0.0
16903	211	0	5	0.52	183.0	915.0	0.3333333333333333
16904	299	0	5	0.74	174.6	873.0	0.6666666666666666
16905	228	0	5	0.5625	134.6	673.0	0.6666666666666666
16906	300	0	5	0.7425	266.0	1330.0	0.0
16907	228	0	5	0.5625	140.0	700.0	0.0
16908	274	1	4	0.6825	132.8	664.0	1.0
16909	311	0	5	0.77	293.4	1467.0	0.0
16910	245	0	5	0.605	127.0	635.0	0.0
16911	24	0	5	0.0525	22.0	110.0	0.3333333333333333
16912	183	0	5	0.45	97.8	489.0	0.3333333333333333
16913	250	0	5	0.6175	81.8	409.0	0.6666666666666666
16914	65	0	5	0.155	55.2	276.0	0.6666666666666666
16915	230	0	5	0.5675	169.4	847.0	0.3333333333333333
16916	132	0	5	0.3225	116.4	582.0	0.0
16917	29	0	5	0.065	27.0	135.0	0.0
16918	241	0	5	0.595	76.0	380.0	0.6666666666666666
16919	312	0	5	0.7725	215.6	1078.0	0.6666666666666666
16920	249	0	5	0.615	227.2	1136.0	0.3333333333333333
16921	351	0	5	0.87	184.2	921.0	0.6666666666666666
16922	232	0	5	0.5725	90.2	451.0	0.6666666666666666
16923	319	0	5	0.79	211.2	1056.0	0.3333333333333333
16924	76	0	5	0.1825	74.0	370.0	0.0
16925	199	0	5	0.49	114.6	573.0	0.6666666666666666
16926	5	0	5	0.005	3.0	15.0	0.0
16927	340	0	5	0.8425	88.4	442.0	0.3333333333333333
16928	252	1	4	0.6275	65.6	328.0	1.0
16929	123	1	3	0.305	61.2	306.0	1.0
16930	268	0	5	0.6625	209.0	1045.0	0.6666666666666666
16931	295	0	5	0.73	245.0	1225.0	0.3333333333333333
16932	315	0	5	0.78	139.0	695.0	0.6666666666666666
16933	244	0	5	0.6025	116.4	582.0	0.6666666666666666
16934	93	0	5	0.225	45.4	227.0	0.3333333333333333
16935	124	0	5	0.3025	75.2	376.0	0.3333333333333333
16936	116	0	5	0.2825	98.6	493.0	0.3333333333333333
16937	63	0	5	0.15	61.0	305.0	0.0
16938	35	0	5	0.08	29.4	147.0	0.3333333333333333
16939	61	0	5	0.145	59.0	295.0	0.0
16940	277	0	5	0.685	265.6	1328.0	0.3333333333333333
16941	136	0	5	0.3325	75.8	379.0	0.3333333333333333
16942	363	0	5	0.9	295.8	1479.0	0.3333333333333333
16943	250	0	5	0.6175	180.4	902.0	0.6666666666666666
16944	140	0	5	0.3425	138.0	690.0	0.0
16945	232	0	5	0.5725	126.8	634.0	0.6666666666666666
16946	318	1	4	0.7925	169.2	846.0	1.0
16947	85	0	5	0.205	80.6	403.0	0.3333333333333333
16948	399	0	5	0.99	255.8	1279.0	0.6666666666666666
16949	302	0	5	0.7475	220.8	1104.0	0.6666666666666666
16950	382	1	4	0.9525	219.4	1097.0	1.0
16951	60	0	5	0.1425	58.0	290.0	0.0
16952	118	0	5	0.2875	116.0	580.0	0.0
16953	244	0	5	0.6025	242.0	1210.0	0.0
16954	138	0	5	0.3375	106.0	530.0	0.3333333333333333
16955	161	0	5	0.395	92.6	463.0	0.6666666666666666
16956	128	0	5	0.3125	44.4	222.0	0.3333333333333333
16957	344	0	5	0.8525	176.6	883.0	0.6666666666666666
16958	14	0	5	0.0275	9.6	48.0	0.3333333333333333
16959	314	0	5	0.7775	171.2	856.0	0.0
16960	158	0	5	0.3875	121.2	606.0	0.3333333333333333
16961	92	0	5	0.2225	46.0	230.0	0.3333333333333333
16962	291	0	5	0.72	169.2	846.0	0.6666666666666666
16963	155	0	5	0.38	77.6	388.0	0.6666666666666666
16964	218	0	5	0.5375	191.0	955.0	0.0
16965	101	0	5	0.245	85.0	425.0	0.3333333333333333
16966	211	0	5	0.52	169.8	849.0	0.3333333333333333
16967	283	0	5	0.7	281.0	1405.0	0.0
16968	192	0	5	0.4725	137.0	685.0	0.3333333333333333
16969	173	0	5	0.425	106.2	531.0	0.3333333333333333
16970	187	0	5	0.46	73.8	369.0	0.3333333333333333
16971	139	0	5	0.34	82.4	412.0	0.3333333333333333
16972	152	0	5	0.3725	65.4	327.0	0.3333333333333333
16973	86	0	5	0.2075	37.8	189.0	0.0
16974	271	0	5	0.67	73.6	368.0	0.6666666666666666
16975	350	1	4	0.8725	93.0	465.0	1.0
16976	135	1	3	0.335	113.0	565.0	1.0
16977	320	0	5	0.7925	194.8	974.0	0.3333333333333333
16978	393	0	5	0.975	219.2	1096.0	0.6666666666666666
16979	22	0	5	0.0475	9.2	46.0	0.3333333333333333
16980	339	0	5	0.84	232.2	1161.0	0.3333333333333333
16981	45	0	5	0.105	34.8	174.0	0.3333333333333333
16982	168	0	5	0.4125	136.6	683.0	0.0
16983	71	1	4	0.175	60.2	301.0	1.0
16984	35	0	5	0.08	29.0	145.0	0.3333333333333333
16985	72	0	5	0.1725	34.0	170.0	0.3333333333333333
16986	312	0	5	0.7725	168.2	841.0	0.6666666666666666
16987	328	0	5	0.8125	228.4	1142.0	0.6666666666666666
16988	355	0	5	0.88	242.0	1210.0	0.6666666666666666
16989	104	1	4	0.2575	43.2	216.0	1.0
16990	255	1	4	0.635	120.8	604.0	1.0
16991	254	0	5	0.6275	195.4	977.0	0.6666666666666666
16992	233	0	5	0.575	63.0	315.0	0.0
16993	139	0	5	0.34	115.6	578.0	0.3333333333333333
16994	368	0	5	0.9125	203.2	1016.0	0.3333333333333333
16995	140	0	5	0.3425	85.6	428.0	0.3333333333333333
16996	136	0	5	0.3325	48.4	242.0	0.3333333333333333
16997	146	0	5	0.3575	67.2	336.0	0.0
16998	202	0	5	0.4975	175.6	878.0	0.0
16999	24	0	5	0.0525	22.0	110.0	0.0
17000	317	0	5	0.785	211.4	1057.0	0.3333333333333333
17001	225	0	5	0.555	105.0	525.0	0.6666666666666666
17002	80	0	5	0.1925	78.0	390.0	0.0
17003	171	0	5	0.42	96.2	481.0	0.3333333333333333
17004	237	0	5	0.585	140.6	703.0	0.3333333333333333
17005	115	0	5	0.28	38.4	192.0	0.3333333333333333
17006	30	0	5	0.0675	28.0	140.0	0.0
17007	64	0	5	0.1525	38.4	192.0	0.0
17008	212	0	5	0.5225	136.8	684.0	0.3333333333333333
17009	389	1	4	0.97	182.6	913.0	1.0
17010	389	1	4	0.97	366.8	1834.0	1.0
17011	322	0	5	0.7975	225.2	1126.0	0.6666666666666666
17012	367	1	4	0.915	250.2	1251.0	1.0
17013	57	0	5	0.135	41.2	206.0	0.0
17014	297	0	5	0.735	138.0	690.0	0.6666666666666666
17015	300	0	5	0.7425	129.2	646.0	0.3333333333333333
17016	321	0	5	0.795	129.4	647.0	0.3333333333333333
17017	344	1	4	0.8575	235.6	1178.0	1.0
17018	206	0	5	0.5075	159.2	796.0	0.3333333333333333
17019	334	0	5	0.8275	110.8	554.0	0.6666666666666666
17020	283	0	5	0.7	266.4	1332.0	0.3333333333333333
17021	286	0	5	0.7075	198.4	992.0	0.3333333333333333
17022	160	0	5	0.3925	135.6	678.0	0.3333333333333333
17023	262	0	5	0.6475	225.0	1125.0	0.0
17024	335	0	5	0.83	294.0	1470.0	0.6666666666666666
17025	88	0	5	0.2125	66.4	332.0	0.0
17026	345	1	4	0.86	176.6	883.0	1.0
17027	44	0	5	0.1025	37.6	188.0	0.3333333333333333
17028	58	0	5	0.1375	56.0	280.0	0.0
17029	367	0	5	0.91	233.4	1167.0	0.6666666666666666
17030	335	0	5	0.83	193.8	969.0	0.6666666666666666
17031	271	0	5	0.67	185.8	929.0	0.3333333333333333
17032	330	1	4	0.8225	161.6	808.0	1.0
17033	362	1	4	0.9025	173.6	868.0	1.0
17034	210	0	5	0.5175	190.6	953.0	0.0
17035	87	0	5	0.21	85.0	425.0	0.0
17036	369	1	4	0.92	251.0	1255.0	1.0
17037	236	0	5	0.5825	142.4	712.0	0.6666666666666666
17038	215	0	5	0.53	97.6	488.0	0.3333333333333333
17039	257	0	5	0.635	104.8	524.0	0.6666666666666666
17040	150	0	5	0.3675	109.4	547.0	0.3333333333333333
17041	229	0	5	0.565	138.2	691.0	0.3333333333333333
17042	353	1	4	0.88	265.8	1329.0	1.0
17043	92	0	5	0.2225	90.0	450.0	0.0
17044	310	0	5	0.7675	103.2	516.0	0.6666666666666666
17045	176	0	5	0.4325	171.6	858.0	0.0
17046	75	0	5	0.18	45.0	225.0	0.0
17047	47	0	5	0.11	45.0	225.0	0.0
17048	385	0	5	0.955	116.2	581.0	0.3333333333333333
17049	21	0	5	0.045	19.0	95.0	0.0
17050	370	0	5	0.9175	289.8	1449.0	0.6666666666666666
17051	282	0	5	0.6975	113.0	565.0	0.6666666666666666
17052	180	0	5	0.4425	72.4	362.0	0.6666666666666666
17053	345	0	5	0.855	194.2	971.0	0.6666666666666666
17054	236	1	4	0.5875	120.4	602.0	1.0
17055	140	1	4	0.3475	37.6	188.0	1.0
17056	36	0	5	0.0825	34.0	170.0	0.0
17057	387	1	4	0.965	142.2	711.0	1.0
17058	53	0	5	0.125	51.0	255.0	0.0
17059	298	0	5	0.7375	96.4	482.0	0.6666666666666666
17060	99	0	5	0.24	80.4	402.0	0.3333333333333333
17061	39	0	5	0.09	37.0	185.0	0.0
17062	208	1	4	0.5175	130.8	654.0	1.0
17063	164	0	5	0.4025	92.0	460.0	0.6666666666666666
17064	181	0	5	0.445	150.6	753.0	0.3333333333333333
17065	170	0	5	0.4175	131.0	655.0	0.3333333333333333
17066	142	0	5	0.3475	60.8	304.0	0.6666666666666666
17067	242	0	5	0.5975	117.8	589.0	0.3333333333333333
17068	276	0	5	0.6825	269.6	1348.0	0.3333333333333333
17069	150	0	5	0.3675	107.2	536.0	0.3333333333333333
17070	239	0	5	0.59	150.6	753.0	0.3333333333333333
17071	325	0	5	0.805	214.4	1072.0	0.0
17072	157	0	5	0.385	123.0	615.0	0.3333333333333333
17073	24	0	5	0.0525	22.0	110.0	0.0
17074	38	0	5	0.0875	36.0	180.0	0.0
17075	130	0	5	0.3175	103.2	516.0	0.3333333333333333
17076	239	0	5	0.59	217.2	1086.0	0.6666666666666666
17077	388	0	5	0.9625	145.2	726.0	0.6666666666666666
17078	324	0	5	0.8025	160.4	802.0	0.3333333333333333
17079	246	0	5	0.6075	175.4	877.0	0.6666666666666666
17080	235	0	5	0.58	85.0	425.0	0.3333333333333333
17081	4	0	5	0.0025	2.0	10.0	0.0
17082	225	1	4	0.56	92.2	461.0	1.0
17083	396	0	5	0.9825	145.2	726.0	0.6666666666666666
17084	284	1	4	0.7075	113.8	569.0	1.0
17085	66	0	5	0.1575	54.8	274.0	0.0
17086	192	0	5	0.4725	130.2	651.0	0.6666666666666666
17087	86	0	5	0.2075	84.0	420.0	0.0
17088	298	0	5	0.7375	203.6	1018.0	0.3333333333333333
17089	107	1	4	0.265	78.0	390.0	1.0
17090	60	0	5	0.1425	46.2	231.0	0.3333333333333333
17091	118	0	5	0.2875	65.6	328.0	0.3333333333333333
17092	289	0	5	0.715	178.8	894.0	0.3333333333333333
17093	72	0	5	0.1725	61.4	307.0	0.0
17094	76	0	5	0.1825	60.6	303.0	0.3333333333333333
17095	259	0	5	0.64	85.0	425.0	0.3333333333333333
17096	370	0	5	0.9175	215.2	1076.0	0.6666666666666666
17097	210	0	5	0.5175	172.0	860.0	0.3333333333333333
17098	159	0	5	0.39	144.8	724.0	0.3333333333333333
17099	289	1	4	0.72	187.6	938.0	1.0
17100	209	0	5	0.515	155.0	775.0	0.3333333333333333
17101	84	0	5	0.2025	82.0	410.0	0.3333333333333333
17102	127	0	5	0.31	95.0	475.0	0.3333333333333333
17103	134	0	5	0.3275	132.0	660.0	0.0
17104	24	0	5	0.0525	22.0	110.0	0.0
17105	266	0	5	0.6575	90.0	450.0	0.3333333333333333
17106	349	1	4	0.87	126.6	633.0	1.0
17107	9	0	5	0.015	7.0	35.0	0.0
17108	229	0	5	0.565	184.8	924.0	0.3333333333333333
17109	5	0	5	0.005	3.0	15.0	0.0
17110	177	0	5	0.435	59.0	295.0	0.3333333333333333
17111	297	0	5	0.735	182.2	911.0	0.3333333333333333
17112	38	0	5	0.0875	36.0	180.0	0.0
17113	68	0	5	0.1625	41.2	206.0	0.3333333333333333
17114	65	0	5	0.155	28.2	141.0	0.0
17115	369	1	4	0.92	191.8	959.0	1.0
17116	53	0	5	0.125	49.8	249.0	0.3333333333333333
17117	225	1	4	0.56	116.2	581.0	1.0
17118	274	0	5	0.6775	122.0	610.0	0.6666666666666666
17119	132	0	5	0.3225	101.6	508.0	0.0
17120	170	0	5	0.4175	139.8	699.0	0.0
17121	93	0	5	0.225	78.6	393.0	0.3333333333333333
17122	324	0	5	0.8025	163.6	818.0	0.6666666666666666
17123	236	0	5	0.5825	80.0	400.0	0.3333333333333333
17124	333	0	5	0.825	317.0	1585.0	0.3333333333333333
17125	345	0	5	0.855	259.6	1298.0	0.6666666666666666
17126	205	0	5	0.505	131.4	657.0	0.3333333333333333
17127	89	0	5	0.215	82.6	413.0	0.3333333333333333
17128	94	0	5	0.2275	48.0	240.0	0.3333333333333333
17129	56	0	5	0.1325	54.0	270.0	0.0
17130	170	0	5	0.4175	153.0	765.0	0.3333333333333333
17131	72	0	5	0.1725	52.4	262.0	0.3333333333333333
17132	396	0	5	0.9825	288.8	1444.0	0.6666666666666666
17133	195	0	5	0.48	101.8	509.0	0.0
17134	67	0	5	0.16	65.0	325.0	0.0
17135	309	0	5	0.765	243.6	1218.0	0.6666666666666666
17136	247	0	5	0.61	83.4	417.0	0.3333333333333333
17137	350	0	5	0.8675	173.2	866.0	0.6666666666666666
17138	99	1	4	0.245	60.8	304.0	1.0
17139	129	0	5	0.315	127.0	635.0	0.0
17140	107	0	5	0.26	62.4	312.0	0.0
17141	197	0	5	0.485	134.0	670.0	0.6666666666666666
17142	80	0	5	0.1925	78.0	390.0	0.0
17143	143	0	5	0.35	112.2	561.0	0.0
17144	346	0	5	0.8575	283.4	1417.0	0.3333333333333333
17145	320	0	5	0.7925	123.8	619.0	0.3333333333333333
17146	338	0	5	0.8375	232.6	1163.0	0.6666666666666666
17147	150	0	5	0.3675	118.4	592.0	0.0
17148	180	0	5	0.4425	128.2	641.0	0.3333333333333333
17149	225	0	5	0.555	123.4	617.0	0.0
17150	334	0	5	0.8275	186.0	930.0	0.3333333333333333
17151	356	0	5	0.8825	219.0	1095.0	0.6666666666666666
17152	161	0	5	0.395	101.4	507.0	0.3333333333333333
17153	207	0	5	0.51	145.2	726.0	0.3333333333333333
17154	124	0	5	0.3025	43.4	217.0	0.3333333333333333
17155	272	0	5	0.6725	200.2	1001.0	0.0
17156	4	0	5	0.0025	2.0	10.0	0.0
17157	188	0	5	0.4625	176.4	882.0	0.3333333333333333
17158	208	0	5	0.5125	51.6	258.0	0.0
17159	352	0	5	0.8725	335.0	1675.0	0.6666666666666666
17160	23	0	5	0.05	21.0	105.0	0.0
17161	108	0	5	0.2625	80.4	402.0	0.6666666666666666
17162	177	0	5	0.435	94.6	473.0	0.3333333333333333
17163	183	0	5	0.45	154.0	770.0	0.0
17164	266	0	5	0.6575	163.8	819.0	0.6666666666666666
17165	168	0	5	0.4125	126.8	634.0	0.0
17166	211	0	5	0.52	131.4	657.0	0.3333333333333333
17167	381	0	5	0.945	242.6	1213.0	0.6666666666666666
17168	201	0	5	0.495	58.2	291.0	0.6666666666666666
17169	350	1	4	0.8725	242.0	1210.0	1.0
17170	341	1	4	0.85	180.8	904.0	1.0
17171	346	1	4	0.8625	154.8	774.0	1.0
17172	141	0	5	0.345	119.6	598.0	0.0
17173	190	0	5	0.4675	120.8	604.0	0.3333333333333333
17174	111	0	5	0.27	22.0	110.0	0.3333333333333333
17175	375	0	5	0.93	335.0	1675.0	0.6666666666666666
17176	132	0	5	0.3225	61.6	308.0	0.0
17177	146	0	5	0.3575	103.6	518.0	0.3333333333333333
17178	196	0	5	0.4825	85.2	426.0	0.3333333333333333
17179	298	0	5	0.7375	185.6	928.0	0.3333333333333333
17180	151	0	5	0.37	136.6	683.0	0.3333333333333333
17181	108	0	5	0.2625	88.0	440.0	0.0
17182	64	0	5	0.1525	57.8	289.0	0.3333333333333333
17183	67	0	5	0.16	61.4	307.0	0.0
17184	110	0	5	0.2675	51.2	256.0	0.3333333333333333
17185	346	0	5	0.8575	249.6	1248.0	0.6666666666666666
17186	290	0	5	0.7175	222.8	1114.0	0.6666666666666666
17187	324	0	5	0.8025	141.0	705.0	0.6666666666666666
17188	276	0	5	0.6825	128.0	640.0	0.6666666666666666
17189	272	0	5	0.6725	143.4	717.0	0.6666666666666666
17190	221	1	4	0.55	83.2	416.0	1.0
17191	63	0	5	0.15	47.2	236.0	0.6666666666666666
17192	249	0	5	0.615	216.4	1082.0	0.3333333333333333
17193	299	1	4	0.745	222.2	1111.0	1.0
17194	26	0	5	0.0575	24.0	120.0	0.3333333333333333
17195	160	0	5	0.3925	158.0	790.0	0.0
17196	261	0	5	0.645	139.6	698.0	0.3333333333333333
17197	387	0	5	0.96	137.2	686.0	0.6666666666666666
17198	71	0	5	0.17	35.0	175.0	0.3333333333333333
17199	372	0	5	0.9225	266.8	1334.0	0.6666666666666666
17200	294	0	5	0.7275	227.6	1138.0	0.6666666666666666
17201	367	0	5	0.91	225.4	1127.0	0.6666666666666666
17202	324	0	5	0.8025	280.0	1400.0	0.0
17203	69	0	5	0.165	40.6	203.0	0.3333333333333333
17204	385	0	5	0.955	145.0	725.0	0.6666666666666666
17205	180	0	5	0.4425	131.6	658.0	0.3333333333333333
17206	292	0	5	0.7225	149.2	746.0	0.0
17207	216	0	5	0.5325	211.2	1056.0	0.3333333333333333
17208	70	0	5	0.1675	68.0	340.0	0.0
17209	371	1	4	0.925	155.6	778.0	1.0
17210	112	0	5	0.2725	64.4	322.0	0.3333333333333333
17211	158	0	5	0.3875	111.6	558.0	0.3333333333333333
17212	270	0	5	0.6675	204.8	1024.0	0.3333333333333333
17213	71	0	5	0.17	69.0	345.0	0.0
17214	252	0	5	0.6225	179.4	897.0	0.6666666666666666
17215	244	1	4	0.6075	221.4	1107.0	1.0
17216	55	0	5	0.13	53.0	265.0	0.0
17217	383	0	5	0.95	229.4	1147.0	0.6666666666666666
17218	340	0	5	0.8425	268.4	1342.0	0.3333333333333333
17219	382	0	5	0.9475	166.0	830.0	0.6666666666666666
17220	281	0	5	0.695	128.4	642.0	0.3333333333333333
17221	125	0	5	0.305	123.0	615.0	0.3333333333333333
17222	302	0	5	0.7475	154.4	772.0	0.6666666666666666
17223	334	0	5	0.8275	280.6	1403.0	0.3333333333333333
17224	316	0	5	0.7825	153.2	766.0	0.3333333333333333
17225	241	0	5	0.595	151.6	758.0	0.6666666666666666
17226	178	0	5	0.4375	128.8	644.0	0.3333333333333333
17227	127	0	5	0.31	125.0	625.0	0.0
17228	154	0	5	0.3775	152.0	760.0	0.0
17229	280	0	5	0.6925	88.0	440.0	0.6666666666666666
17230	70	0	5	0.1675	68.0	340.0	0.0
17231	370	0	5	0.9175	273.6	1368.0	0.3333333333333333
17232	97	0	5	0.235	70.4	352.0	0.3333333333333333
17233	353	0	5	0.875	207.6	1038.0	0.6666666666666666
17234	235	0	5	0.58	124.0	620.0	0.3333333333333333
17235	297	0	5	0.735	138.4	692.0	0.6666666666666666
17236	199	0	5	0.49	126.6	633.0	0.3333333333333333
17237	60	0	5	0.1425	37.8	189.0	0.3333333333333333
17238	136	0	5	0.3325	134.0	670.0	0.0
17239	327	0	5	0.81	133.4	667.0	0.6666666666666666
17240	223	0	5	0.55	80.8	404.0	0.3333333333333333
17241	164	0	5	0.4025	156.4	782.0	0.3333333333333333
17242	145	0	5	0.355	124.0	620.0	0.3333333333333333
17243	353	0	5	0.875	309.8	1549.0	0.3333333333333333
17244	82	0	5	0.1975	35.2	176.0	0.3333333333333333
17245	94	0	5	0.2275	39.2	196.0	0.6666666666666666
17246	252	0	5	0.6225	181.2	906.0	0.6666666666666666
17247	283	0	5	0.7	195.2	976.0	0.6666666666666666
17248	30	0	5	0.0675	28.0	140.0	0.0
17249	108	0	5	0.2625	67.0	335.0	0.6666666666666666
17250	97	0	5	0.235	92.6	463.0	0.0
17251	168	0	5	0.4125	54.8	274.0	0.3333333333333333
17252	109	0	5	0.265	63.2	316.0	0.3333333333333333
17253	397	0	5	0.985	213.4	1067.0	0.6666666666666666
17254	321	1	4	0.8	250.8	1254.0	1.0
17255	339	0	5	0.84	282.4	1412.0	0.6666666666666666
17256	266	1	4	0.6625	122.8	614.0	1.0
17257	88	0	5	0.2125	79.6	398.0	0.0
17258	241	0	5	0.595	193.4	967.0	0.3333333333333333
17259	102	0	5	0.2475	98.0	490.0	0.3333333333333333
17260	314	0	5	0.7775	179.6	898.0	0.6666666666666666
17261	180	0	5	0.4425	128.0	640.0	0.0
17262	195	0	5	0.48	42.6	213.0	0.6666666666666666
17263	206	0	5	0.5075	62.8	314.0	0.3333333333333333
17264	149	0	5	0.365	109.4	547.0	0.3333333333333333
17265	325	0	5	0.805	151.6	758.0	0.3333333333333333
17266	197	0	5	0.485	133.2	666.0	0.3333333333333333
17267	339	0	5	0.84	116.2	581.0	0.6666666666666666
17268	379	0	5	0.94	177.6	888.0	0.6666666666666666
17269	348	0	5	0.8625	103.6	518.0	0.6666666666666666
17270	171	0	5	0.42	143.0	715.0	0.3333333333333333
17271	391	0	5	0.97	122.4	612.0	0.6666666666666666
17272	85	0	5	0.205	72.0	360.0	0.3333333333333333
17273	370	0	5	0.9175	73.8	369.0	0.6666666666666666
17274	135	0	5	0.33	87.4	437.0	0.0
17275	213	0	5	0.525	134.2	671.0	0.0
17276	116	0	5	0.2825	78.6	393.0	0.3333333333333333
17277	340	0	5	0.8425	153.2	766.0	0.6666666666666666
17278	214	1	4	0.5325	75.6	378.0	1.0
17279	139	0	5	0.34	137.0	685.0	0.0
17280	274	0	5	0.6775	64.8	324.0	0.6666666666666666
17281	265	0	5	0.655	97.8	489.0	0.3333333333333333
17282	200	0	5	0.4925	188.0	940.0	0.3333333333333333
17283	319	0	5	0.79	179.4	897.0	0.6666666666666666
17284	256	0	5	0.6325	115.2	576.0	0.3333333333333333
17285	342	0	5	0.8475	211.2	1056.0	0.3333333333333333
17286	309	0	5	0.765	226.6	1133.0	0.3333333333333333
17287	65	0	5	0.155	63.0	315.0	0.0
17288	313	0	5	0.775	199.4	997.0	0.6666666666666666
17289	154	0	5	0.3775	115.2	576.0	0.6666666666666666
17290	119	0	5	0.29	114.4	572.0	0.0
17291	42	0	5	0.0975	30.0	150.0	0.6666666666666666
17292	118	0	5	0.2875	102.0	510.0	0.0
17293	325	0	5	0.805	235.6	1178.0	0.3333333333333333
17294	238	1	4	0.5925	152.4	762.0	1.0
17295	377	1	4	0.94	156.4	782.0	1.0
17296	200	0	5	0.4925	192.6	963.0	0.0
17297	79	0	5	0.19	77.0	385.0	0.0
17298	195	0	5	0.48	87.2	436.0	0.6666666666666666
17299	216	1	3	0.5375	115.4	577.0	1.0
17300	211	0	5	0.52	144.4	722.0	0.6666666666666666
17301	260	0	5	0.6425	220.4	1102.0	0.3333333333333333
17302	383	1	4	0.955	216.2	1081.0	1.0
17303	214	0	5	0.5275	140.4	702.0	0.3333333333333333
17304	344	0	5	0.8525	286.8	1434.0	0.6666666666666666
17305	193	0	5	0.475	91.8	459.0	0.6666666666666666
17306	200	0	5	0.4925	141.2	706.0	0.3333333333333333
17307	288	0	5	0.7125	196.0	980.0	0.3333333333333333
17308	43	0	5	0.1	41.0	205.0	0.0
17309	280	0	5	0.6925	143.6	718.0	0.6666666666666666
17310	215	0	5	0.53	160.0	800.0	0.3333333333333333
17311	233	0	5	0.575	117.4	587.0	0.3333333333333333
17312	379	0	5	0.94	253.4	1267.0	0.3333333333333333
17313	327	1	4	0.815	118.2	591.0	1.0
17314	23	0	5	0.05	21.0	105.0	0.0
17315	341	1	4	0.85	129.2	646.0	1.0
17316	92	0	5	0.2225	76.0	380.0	0.3333333333333333
17317	379	0	5	0.94	158.8	794.0	0.6666666666666666
17318	51	0	5	0.12	37.0	185.0	0.0
17319	37	0	5	0.085	14.6	73.0	0.0
17320	325	0	5	0.805	182.2	911.0	0.3333333333333333
17321	206	0	5	0.5075	127.2	636.0	0.3333333333333333
17322	308	0	5	0.7625	221.6	1108.0	0.6666666666666666
17323	118	0	5	0.2875	100.4	502.0	0.3333333333333333
17324	373	1	4	0.93	180.2	901.0	1.0
17325	394	1	4	0.9825	301.6	1508.0	1.0
17326	397	0	5	0.985	275.2	1376.0	0.6666666666666666
17327	153	0	5	0.375	139.4	697.0	0.3333333333333333
17328	382	0	5	0.9475	263.4	1317.0	0.6666666666666666
17329	245	0	5	0.605	210.6	1053.0	0.3333333333333333
17330	168	0	5	0.4125	117.8	589.0	0.3333333333333333
17331	232	0	5	0.5725	53.4	267.0	0.6666666666666666
17332	150	0	5	0.3675	81.8	409.0	0.6666666666666666
17333	334	0	5	0.8275	109.6	548.0	0.6666666666666666
17334	316	1	4	0.7875	154.0	770.0	1.0
17335	110	0	5	0.2675	60.2	301.0	0.3333333333333333
17336	314	0	5	0.7775	254.4	1272.0	0.6666666666666666
17337	162	0	5	0.3975	158.8	794.0	0.0
17338	275	0	5	0.68	154.8	774.0	0.6666666666666666
17339	224	0	5	0.5525	193.8	969.0	0.3333333333333333
17340	57	0	5	0.135	55.0	275.0	0.0
17341	212	0	5	0.5225	193.2	966.0	0.3333333333333333
17342	355	0	5	0.88	264.0	1320.0	0.6666666666666666
17343	19	0	5	0.04	17.0	85.0	0.0
17344	12	0	5	0.0225	8.4	42.0	0.3333333333333333
17345	112	0	5	0.2725	105.6	528.0	0.3333333333333333
17346	338	0	5	0.8375	149.6	748.0	0.3333333333333333
17347	211	0	5	0.52	179.0	895.0	0.3333333333333333
17348	237	1	4	0.59	125.8	629.0	1.0
17349	106	0	5	0.2575	98.2	491.0	0.3333333333333333
17350	151	0	5	0.37	120.0	600.0	0.3333333333333333
17351	231	0	5	0.57	163.4	817.0	0.6666666666666666
17352	235	0	5	0.58	133.6	668.0	0.6666666666666666
17353	281	0	5	0.695	172.2	861.0	0.3333333333333333
17354	174	0	5	0.4275	172.0	860.0	0.0
17355	312	0	5	0.7725	258.0	1290.0	0.6666666666666666
17356	240	0	5	0.5925	196.6	983.0	0.3333333333333333
17357	276	0	5	0.6825	164.2	821.0	0.3333333333333333
17358	97	0	5	0.235	72.6	363.0	0.6666666666666666
17359	96	0	5	0.2325	47.8	239.0	0.0
17360	288	0	5	0.7125	210.2	1051.0	0.3333333333333333
17361	143	0	5	0.35	89.4	447.0	0.3333333333333333
17362	336	0	5	0.8325	190.6	953.0	0.6666666666666666
17363	127	0	5	0.31	28.2	141.0	0.3333333333333333
17364	204	0	5	0.5025	107.8	539.0	0.3333333333333333
17365	263	1	4	0.655	171.8	859.0	1.0
17366	39	0	5	0.09	37.0	185.0	0.0
17367	227	0	5	0.56	94.6	473.0	0.3333333333333333
17368	117	0	5	0.285	81.0	405.0	0.3333333333333333
17369	155	0	5	0.38	109.0	545.0	0.6666666666666666
17370	167	0	5	0.41	127.4	637.0	0.3333333333333333
17371	202	0	5	0.4975	188.6	943.0	0.0
17372	195	0	5	0.48	177.4	887.0	0.3333333333333333
17373	130	0	5	0.3175	122.0	610.0	0.0
17374	85	0	5	0.205	61.0	305.0	0.3333333333333333
17375	274	0	5	0.6775	272.0	1360.0	0.0
17376	104	0	5	0.2525	59.4	297.0	0.3333333333333333
17377	17	0	5	0.035	14.6	73.0	0.0
17378	132	0	5	0.3225	95.6	478.0	0.6666666666666666
17379	309	0	5	0.765	260.0	1300.0	0.0
17380	81	0	5	0.195	40.6	203.0	0.3333333333333333
17381	186	0	5	0.4575	165.2	826.0	0.3333333333333333
17382	306	0	5	0.7575	136.8	684.0	0.6666666666666666
17383	368	0	5	0.9125	129.0	645.0	0.6666666666666666
17384	374	0	5	0.9275	334.6	1673.0	0.6666666666666666
17385	58	0	5	0.1375	33.2	166.0	0.0
17386	227	0	5	0.56	167.4	837.0	0.3333333333333333
17387	263	1	4	0.655	179.4	897.0	1.0
17388	387	0	5	0.96	240.4	1202.0	0.6666666666666666
17389	310	1	4	0.7725	148.4	742.0	1.0
17390	45	0	5	0.105	43.0	215.0	0.0
17391	280	0	5	0.6925	227.2	1136.0	0.3333333333333333
17392	43	0	5	0.1	41.0	205.0	0.0
17393	80	0	5	0.1925	77.4	387.0	0.3333333333333333
17394	227	0	5	0.56	142.6	713.0	0.3333333333333333
17395	215	0	5	0.53	65.8	329.0	0.3333333333333333
17396	114	0	5	0.2775	96.0	480.0	0.3333333333333333
17397	215	0	5	0.53	130.6	653.0	0.6666666666666666
17398	271	1	4	0.675	169.2	846.0	1.0
17399	265	0	5	0.655	97.0	485.0	0.3333333333333333
17400	232	0	5	0.5725	186.0	930.0	0.3333333333333333
17401	182	1	4	0.4525	156.0	780.0	1.0
17402	290	0	5	0.7175	204.8	1024.0	0.6666666666666666
17403	299	0	5	0.74	217.8	1089.0	0.3333333333333333
17404	182	0	5	0.4475	70.6	353.0	0.3333333333333333
17405	269	0	5	0.665	147.8	739.0	0.3333333333333333
17406	246	0	5	0.6075	178.4	892.0	0.6666666666666666
17407	238	0	5	0.5875	112.0	560.0	0.6666666666666666
17408	317	0	5	0.785	158.2	791.0	0.3333333333333333
17409	83	0	5	0.2	59.8	299.0	0.3333333333333333
17410	302	0	5	0.7475	169.6	848.0	0.6666666666666666
17411	344	1	4	0.8575	135.8	679.0	1.0
17412	97	0	5	0.235	88.0	440.0	0.3333333333333333
17413	51	0	5	0.12	49.0	245.0	0.0
17414	175	0	5	0.43	57.8	289.0	0.3333333333333333
17415	262	0	5	0.6475	149.2	746.0	0.6666666666666666
17416	182	0	5	0.4475	77.4	387.0	0.3333333333333333
17417	218	0	5	0.5375	110.8	554.0	0.3333333333333333
17418	381	0	5	0.945	122.8	614.0	0.6666666666666666
17419	147	0	5	0.36	132.2	661.0	0.6666666666666666
17420	264	0	5	0.6525	238.0	1190.0	0.0
17421	177	0	5	0.435	145.4	727.0	0.3333333333333333
17422	20	0	5	0.0425	18.0	90.0	0.0
17423	327	1	4	0.815	132.8	664.0	1.0
17424	266	1	4	0.6625	223.4	1117.0	1.0
17425	57	0	5	0.135	55.0	275.0	0.0
17426	68	0	5	0.1625	66.0	330.0	0.0
17427	317	0	5	0.785	113.0	565.0	0.6666666666666666
17428	34	0	5	0.0775	32.0	160.0	0.0
17429	178	0	5	0.4375	119.6	598.0	0.6666666666666666
17430	251	0	5	0.62	207.8	1039.0	0.6666666666666666
17431	224	0	5	0.5525	159.6	798.0	0.3333333333333333
17432	215	0	5	0.53	188.8	944.0	0.0
17433	355	0	5	0.88	208.6	1043.0	0.3333333333333333
17434	262	0	5	0.6475	80.8	404.0	0.3333333333333333
17435	214	0	5	0.5275	104.0	520.0	0.6666666666666666
17436	306	0	5	0.7575	131.2	656.0	0.6666666666666666
17437	380	0	5	0.9425	211.4	1057.0	0.6666666666666666
17438	296	1	4	0.7375	185.2	926.0	1.0
17439	254	0	5	0.6275	125.6	628.0	0.6666666666666666
17440	20	0	5	0.0425	18.0	90.0	0.0
17441	211	0	5	0.52	140.6	703.0	0.3333333333333333
17442	374	0	5	0.9275	269.6	1348.0	0.6666666666666666
17443	255	0	5	0.63	124.8	624.0	0.6666666666666666
17444	199	0	5	0.49	139.0	695.0	0.3333333333333333
17445	103	0	5	0.25	65.0	325.0	0.3333333333333333
17446	340	0	5	0.8425	114.4	572.0	0.6666666666666666
17447	209	0	5	0.515	153.0	765.0	0.3333333333333333
17448	273	0	5	0.675	165.4	827.0	0.6666666666666666
17449	319	0	5	0.79	275.6	1378.0	0.6666666666666666
17450	363	0	5	0.9	133.8	669.0	0.6666666666666666
17451	306	0	5	0.7575	209.2	1046.0	0.3333333333333333
17452	70	0	5	0.1675	56.4	282.0	0.3333333333333333
17453	320	0	5	0.7925	214.0	1070.0	0.0
17454	179	0	5	0.44	167.8	839.0	0.0
17455	80	0	5	0.1925	54.0	270.0	0.0
17456	340	0	5	0.8425	116.4	582.0	0.3333333333333333
17457	266	0	5	0.6575	179.8	899.0	0.6666666666666666
17458	370	0	5	0.9175	228.4	1142.0	0.6666666666666666
17459	266	0	5	0.6575	213.6	1068.0	0.3333333333333333
17460	267	1	4	0.665	67.0	335.0	1.0
17461	315	0	5	0.78	292.6	1463.0	0.6666666666666666
17462	220	0	5	0.5425	119.0	595.0	0.6666666666666666
17463	305	0	5	0.755	160.8	804.0	0.6666666666666666
17464	232	0	5	0.5725	198.6	993.0	0.3333333333333333
17465	122	0	5	0.2975	64.4	322.0	0.6666666666666666
17466	156	0	5	0.3825	154.0	770.0	0.0
17467	177	0	5	0.435	164.6	823.0	0.3333333333333333
17468	180	0	5	0.4425	159.2	796.0	0.0
17469	346	0	5	0.8575	203.4	1017.0	0.6666666666666666
17470	220	0	5	0.5425	90.0	450.0	0.6666666666666666
17471	240	0	5	0.5925	77.4	387.0	0.3333333333333333
17472	329	0	5	0.815	244.8	1224.0	0.6666666666666666
17473	393	0	5	0.975	220.6	1103.0	0.6666666666666666
17474	359	0	5	0.89	192.2	961.0	0.6666666666666666
17475	115	0	5	0.28	113.0	565.0	0.0
17476	314	0	5	0.7775	182.6	913.0	0.6666666666666666
17477	232	0	5	0.5725	52.6	263.0	0.3333333333333333
17478	401	0	4	0.9975	216.0	1080.0	0.6666666666666666
17479	323	0	5	0.8	183.4	917.0	0.6666666666666666
17480	149	0	5	0.365	83.8	419.0	0.3333333333333333
17481	13	0	5	0.025	11.0	55.0	0.0
17482	89	0	5	0.215	78.0	390.0	0.0
17483	180	0	5	0.4425	145.4	727.0	0.3333333333333333
17484	391	1	4	0.975	166.0	830.0	1.0
17485	105	0	5	0.255	52.6	263.0	0.6666666666666666
17486	131	0	5	0.32	88.8	444.0	0.3333333333333333
17487	96	0	5	0.2325	94.0	470.0	0.0
17488	356	0	5	0.8825	274.4	1372.0	0.6666666666666666
17489	100	0	5	0.2425	65.6	328.0	0.0
17490	154	0	5	0.3775	96.0	480.0	0.3333333333333333
17491	44	0	5	0.1025	42.0	210.0	0.0
17492	118	0	5	0.2875	92.8	464.0	0.3333333333333333
17493	206	1	4	0.5125	83.2	416.0	1.0
17494	131	0	5	0.32	129.0	645.0	0.0
17495	291	1	4	0.725	255.0	1275.0	1.0
17496	288	0	5	0.7125	189.6	948.0	0.3333333333333333
17497	121	0	5	0.295	58.2	291.0	0.0
17498	257	0	5	0.635	172.2	861.0	0.3333333333333333
17499	167	0	5	0.41	83.4	417.0	0.0
17500	86	0	5	0.2075	74.8	374.0	0.0
17501	311	0	5	0.77	184.8	924.0	0.3333333333333333
17502	145	0	5	0.355	134.2	671.0	0.3333333333333333
17503	339	0	5	0.84	256.0	1280.0	0.3333333333333333
17504	210	0	5	0.5175	135.2	676.0	0.3333333333333333
17505	126	0	5	0.3075	78.4	392.0	0.6666666666666666
17506	121	0	5	0.295	90.6	453.0	0.0
17507	235	0	5	0.58	74.2	371.0	0.0
17508	151	0	5	0.37	141.2	706.0	0.6666666666666666
17509	181	0	5	0.445	103.8	519.0	0.3333333333333333
17510	6	0	5	0.0075	4.0	20.0	0.0
17511	237	0	5	0.585	99.4	497.0	0.6666666666666666
17512	106	0	5	0.2575	45.4	227.0	0.3333333333333333
17513	306	1	4	0.7625	112.4	562.0	1.0
17514	271	0	5	0.67	265.2	1326.0	0.3333333333333333
17515	349	0	5	0.865	339.2	1696.0	0.3333333333333333
17516	374	0	5	0.9275	251.4	1257.0	0.3333333333333333
17517	325	0	5	0.805	207.4	1037.0	0.6666666666666666
17518	234	0	5	0.5775	188.8	944.0	0.3333333333333333
17519	74	0	5	0.1775	72.0	360.0	0.0
17520	303	0	5	0.75	221.0	1105.0	0.0
17521	140	0	5	0.3425	124.0	620.0	0.0
17522	178	1	4	0.4425	83.8	419.0	1.0
17523	312	0	5	0.7725	217.8	1089.0	0.3333333333333333
17524	128	0	5	0.3125	126.0	630.0	0.0
17525	367	1	4	0.915	259.6	1298.0	1.0
17526	365	0	5	0.905	298.0	1490.0	0.3333333333333333
17527	221	0	5	0.545	145.0	725.0	0.6666666666666666
17528	162	0	5	0.3975	50.6	253.0	0.3333333333333333
17529	24	0	5	0.0525	22.0	110.0	0.0
17530	347	0	5	0.86	274.6	1373.0	0.3333333333333333
17531	131	0	5	0.32	78.6	393.0	0.3333333333333333
17532	208	0	5	0.5125	180.0	900.0	0.6666666666666666
17533	93	0	5	0.225	42.4	212.0	0.0
17534	223	1	4	0.555	148.0	740.0	1.0
17535	130	0	5	0.3175	120.6	603.0	0.6666666666666666
17536	382	0	5	0.9475	216.8	1084.0	0.6666666666666666
17537	270	0	5	0.6675	202.4	1012.0	0.3333333333333333
17538	343	0	5	0.85	97.8	489.0	0.6666666666666666
17539	286	0	5	0.7075	160.0	800.0	0.6666666666666666
17540	298	0	5	0.7375	225.4	1127.0	0.6666666666666666
17541	115	0	5	0.28	93.2	466.0	0.0
17542	347	0	5	0.86	200.6	1003.0	0.3333333333333333
17543	145	0	5	0.355	119.0	595.0	0.3333333333333333
17544	41	0	5	0.095	39.0	195.0	0.0
17545	188	0	5	0.4625	122.8	614.0	0.6666666666666666
17546	59	0	5	0.14	57.0	285.0	0.0
17547	285	0	5	0.705	229.8	1149.0	0.3333333333333333
17548	250	0	5	0.6175	230.8	1154.0	0.0
17549	246	0	5	0.6075	176.0	880.0	0.3333333333333333
17550	259	0	5	0.64	256.2	1281.0	0.6666666666666666
17551	211	0	5	0.52	172.8	864.0	0.3333333333333333
17552	264	1	4	0.6575	168.8	844.0	1.0
17553	243	0	5	0.6	130.6	653.0	0.0
17554	381	0	5	0.945	251.4	1257.0	0.3333333333333333
17555	94	0	5	0.2275	70.8	354.0	0.3333333333333333
17556	71	1	4	0.175	19.0	95.0	1.0
17557	125	0	5	0.305	51.8	259.0	0.3333333333333333
17558	286	0	5	0.7075	184.4	922.0	0.3333333333333333
17559	376	1	4	0.9375	228.8	1144.0	1.0
17560	323	0	5	0.8	124.2	621.0	0.3333333333333333
17561	135	0	5	0.33	133.0	665.0	0.0
17562	390	0	5	0.9675	187.8	939.0	0.6666666666666666
17563	82	0	5	0.1975	53.6	268.0	0.0
17564	157	0	5	0.385	96.8	484.0	0.6666666666666666
17565	322	0	5	0.7975	174.8	874.0	0.3333333333333333
17566	252	0	5	0.6225	110.0	550.0	0.3333333333333333
17567	309	1	4	0.77	99.2	496.0	1.0
17568	352	0	5	0.8725	175.4	877.0	0.6666666666666666
17569	44	0	5	0.1025	42.0	210.0	0.0
17570	67	0	5	0.16	55.2	276.0	0.0
17571	24	0	5	0.0525	22.0	110.0	0.0
17572	77	0	5	0.185	63.6	318.0	0.0
17573	183	0	5	0.45	130.0	650.0	0.3333333333333333
17574	167	1	4	0.415	107.4	537.0	1.0
17575	375	0	5	0.93	249.2	1246.0	0.3333333333333333
17576	112	0	5	0.2725	67.2	336.0	0.6666666666666666
17577	125	0	5	0.305	90.2	451.0	0.6666666666666666
17578	203	0	5	0.5	69.4	347.0	0.6666666666666666
17579	351	0	5	0.87	289.8	1449.0	0.3333333333333333
17580	49	0	5	0.115	47.0	235.0	0.0
17581	283	1	4	0.705	81.2	406.0	1.0
17582	118	0	5	0.2875	65.0	325.0	0.3333333333333333
17583	122	0	5	0.2975	90.0	450.0	0.3333333333333333
17584	124	0	5	0.3025	68.0	340.0	0.0
17585	343	0	5	0.85	195.6	978.0	0.6666666666666666
17586	174	1	3	0.4325	120.0	600.0	1.0
17587	234	0	5	0.5775	108.0	540.0	0.3333333333333333
17588	125	0	5	0.305	78.0	390.0	0.0
17589	316	0	5	0.7825	225.8	1129.0	0.0
17590	254	0	5	0.6275	90.8	454.0	0.3333333333333333
17591	287	0	5	0.71	110.2	551.0	0.3333333333333333
17592	277	0	5	0.685	138.2	691.0	0.3333333333333333
17593	289	0	5	0.715	71.8	359.0	0.6666666666666666
17594	136	0	5	0.3325	27.0	135.0	0.0
17595	272	0	5	0.6725	244.0	1220.0	0.3333333333333333
17596	184	0	5	0.4525	48.4	242.0	0.3333333333333333
17597	308	0	5	0.7625	209.6	1048.0	0.6666666666666666
17598	309	0	5	0.765	245.2	1226.0	0.3333333333333333
17599	159	0	5	0.39	130.6	653.0	0.3333333333333333
17600	401	0	4	0.9975	114.4	572.0	0.6666666666666666
17601	309	0	5	0.765	245.2	1226.0	0.6666666666666666
17602	340	0	5	0.8425	227.4	1137.0	0.3333333333333333
17603	113	0	5	0.275	111.0	555.0	0.0
17604	206	0	5	0.5075	123.2	616.0	0.6666666666666666
17605	331	0	5	0.82	83.4	417.0	0.6666666666666666
17606	83	0	5	0.2	72.4	362.0	0.3333333333333333
17607	21	0	5	0.045	19.0	95.0	0.0
17608	399	0	5	0.99	125.2	626.0	0.6666666666666666
17609	122	0	5	0.2975	42.6	213.0	0.3333333333333333
17610	41	0	5	0.095	39.0	195.0	0.0
17611	180	0	5	0.4425	46.0	230.0	0.3333333333333333
17612	132	0	5	0.3225	62.8	314.0	0.3333333333333333
17613	18	0	5	0.0375	11.8	59.0	0.3333333333333333
17614	2	0	5	0.0	0.0	0.0	0.0
17615	352	0	5	0.8725	257.4	1287.0	0.6666666666666666
17616	336	0	5	0.8325	218.6	1093.0	0.6666666666666666
17617	133	0	5	0.325	98.0	490.0	0.3333333333333333
17618	175	0	5	0.43	150.2	751.0	0.3333333333333333
17619	154	0	5	0.3775	96.0	480.0	0.0
17620	152	0	5	0.3725	138.0	690.0	0.3333333333333333
17621	227	1	4	0.565	157.2	786.0	1.0
17622	173	0	5	0.425	152.0	760.0	0.3333333333333333
17623	239	0	5	0.59	58.6	293.0	0.6666666666666666
17624	371	0	5	0.92	252.4	1262.0	0.6666666666666666
17625	326	1	4	0.8125	136.8	684.0	1.0
17626	142	0	5	0.3475	77.8	389.0	0.6666666666666666
17627	192	0	5	0.4725	84.0	420.0	0.6666666666666666
17628	26	0	5	0.0575	15.6	78.0	0.0
17629	368	0	5	0.9125	251.0	1255.0	0.6666666666666666
17630	399	1	4	0.995	203.2	1016.0	1.0
17631	216	0	5	0.5325	200.4	1002.0	0.6666666666666666
17632	215	0	5	0.53	93.0	465.0	0.6666666666666666
17633	26	0	5	0.0575	22.8	114.0	0.3333333333333333
17634	266	0	5	0.6575	200.0	1000.0	0.3333333333333333
17635	186	0	5	0.4575	138.6	693.0	0.3333333333333333
17636	117	0	5	0.285	87.0	435.0	0.3333333333333333
17637	51	0	5	0.12	49.0	245.0	0.0
17638	153	0	5	0.375	108.6	543.0	0.3333333333333333
17639	48	0	5	0.1125	40.0	200.0	0.3333333333333333
17640	355	0	5	0.88	111.0	555.0	0.6666666666666666
17641	257	0	5	0.635	95.0	475.0	0.3333333333333333
17642	179	0	5	0.44	43.4	217.0	0.0
17643	319	0	5	0.79	243.0	1215.0	0.3333333333333333
17644	368	1	4	0.9175	165.6	828.0	1.0
17645	334	0	5	0.8275	124.0	620.0	0.6666666666666666
17646	225	0	5	0.555	189.0	945.0	0.0
17647	283	0	5	0.7	223.0	1115.0	0.3333333333333333
17648	329	0	5	0.815	234.2	1171.0	0.3333333333333333
17649	326	0	5	0.8075	151.6	758.0	0.3333333333333333
17650	159	0	5	0.39	103.6	518.0	0.0
17651	366	0	5	0.9075	336.0	1680.0	0.3333333333333333
17652	129	0	5	0.315	105.6	528.0	0.6666666666666666
17653	310	0	5	0.7675	180.2	901.0	0.6666666666666666
17654	360	0	5	0.8925	154.0	770.0	0.6666666666666666
17655	99	0	5	0.24	33.8	169.0	0.3333333333333333
17656	273	0	5	0.675	250.6	1253.0	0.3333333333333333
17657	157	0	5	0.385	155.0	775.0	0.0
17658	368	0	5	0.9125	184.8	924.0	0.6666666666666666
17659	104	0	5	0.2525	28.4	142.0	0.3333333333333333
17660	277	0	5	0.685	154.8	774.0	0.6666666666666666
17661	217	0	5	0.535	136.2	681.0	0.6666666666666666
17662	143	0	5	0.35	61.0	305.0	0.3333333333333333
17663	300	0	5	0.7425	178.0	890.0	0.6666666666666666
17664	370	0	5	0.9175	117.6	588.0	0.6666666666666666
17665	99	0	5	0.24	85.8	429.0	0.3333333333333333
17666	240	0	5	0.5925	171.4	857.0	0.6666666666666666
17667	42	0	5	0.0975	8.2	41.0	0.0
17668	30	0	5	0.0675	28.0	140.0	0.0
17669	238	0	5	0.5875	182.6	913.0	0.3333333333333333
17670	194	0	5	0.4775	98.4	492.0	0.3333333333333333
17671	355	0	5	0.88	264.4	1322.0	0.6666666666666666
17672	356	0	5	0.8825	283.6	1418.0	0.6666666666666666
17673	5	0	5	0.005	3.0	15.0	0.0
17674	108	0	5	0.2625	106.0	530.0	0.0
17675	189	0	5	0.465	100.4	502.0	0.6666666666666666
17676	151	0	5	0.37	85.4	427.0	0.3333333333333333
17677	240	0	5	0.5925	201.8	1009.0	0.0
17678	135	0	5	0.33	126.2	631.0	0.0
17679	122	0	5	0.2975	120.0	600.0	0.0
17680	189	0	5	0.465	187.0	935.0	0.0
17681	270	0	5	0.6675	200.4	1002.0	0.3333333333333333
17682	339	0	5	0.84	127.0	635.0	0.6666666666666666
17683	212	0	5	0.5225	114.4	572.0	0.3333333333333333
17684	183	0	5	0.45	89.4	447.0	0.3333333333333333
17685	165	0	5	0.405	109.6	548.0	0.6666666666666666
17686	28	0	5	0.0625	26.0	130.0	0.0
17687	124	0	5	0.3025	73.6	368.0	0.3333333333333333
17688	263	0	5	0.65	163.0	815.0	0.6666666666666666
17689	14	0	5	0.0275	12.0	60.0	0.0
17690	156	0	5	0.3825	118.6	593.0	0.6666666666666666
17691	239	0	5	0.59	201.4	1007.0	0.6666666666666666
17692	211	0	5	0.52	117.6	588.0	0.3333333333333333
17693	267	0	5	0.66	259.0	1295.0	0.0
17694	233	0	5	0.575	133.4	667.0	0.6666666666666666
17695	253	0	5	0.625	104.4	522.0	0.6666666666666666
17696	327	1	4	0.815	239.2	1196.0	1.0
17697	127	0	5	0.31	44.2	221.0	0.3333333333333333
17698	256	0	5	0.6325	128.8	644.0	0.3333333333333333
17699	284	0	5	0.7025	131.4	657.0	0.0
17700	297	0	5	0.735	224.4	1122.0	0.6666666666666666
17701	234	0	5	0.5775	84.6	423.0	0.0
17702	95	0	5	0.23	84.2	421.0	0.0
17703	273	0	5	0.675	217.4	1087.0	0.3333333333333333
17704	256	0	5	0.6325	162.2	811.0	0.0
17705	103	0	5	0.25	76.8	384.0	0.3333333333333333
17706	103	0	5	0.25	101.0	505.0	0.0
17707	95	0	5	0.23	41.4	207.0	0.3333333333333333
17708	186	1	4	0.4625	163.2	816.0	1.0
17709	27	0	5	0.06	25.0	125.0	0.0
17710	240	0	5	0.5925	70.8	354.0	0.3333333333333333
17711	14	0	5	0.0275	12.0	60.0	0.0
17712	137	0	5	0.335	135.0	675.0	0.0
17713	306	0	5	0.7575	275.2	1376.0	0.3333333333333333
17714	272	1	4	0.6775	60.8	304.0	1.0
17715	85	0	5	0.205	83.0	415.0	0.0
17716	11	0	5	0.02	9.0	45.0	0.0
17717	208	0	5	0.5125	166.0	830.0	0.0
17718	26	0	5	0.0575	24.0	120.0	0.0
17719	370	0	5	0.9175	169.6	848.0	0.6666666666666666
17720	288	0	5	0.7125	173.2	866.0	0.3333333333333333
17721	57	0	5	0.135	48.6	243.0	0.3333333333333333
17722	199	0	5	0.49	148.6	743.0	0.6666666666666666
17723	270	0	5	0.6675	185.6	928.0	0.6666666666666666
17724	249	0	5	0.615	129.0	645.0	0.6666666666666666
17725	228	0	5	0.5625	177.0	885.0	0.3333333333333333
17726	293	0	5	0.725	218.4	1092.0	0.6666666666666666
17727	156	0	5	0.3825	133.6	668.0	0.3333333333333333
17728	33	0	5	0.075	25.8	129.0	0.0
17729	78	0	5	0.1875	38.2	191.0	0.3333333333333333
17730	19	0	5	0.04	17.0	85.0	0.0
17731	7	0	5	0.01	5.0	25.0	0.0
17732	105	0	5	0.255	103.0	515.0	0.0
17733	110	0	5	0.2675	108.0	540.0	0.0
17734	205	0	5	0.505	128.2	641.0	0.6666666666666666
17735	180	0	5	0.4425	90.0	450.0	0.3333333333333333
17736	340	1	4	0.8475	155.6	778.0	1.0
17737	229	0	5	0.565	128.6	643.0	0.6666666666666666
17738	84	0	5	0.2025	82.0	410.0	0.3333333333333333
17739	316	0	5	0.7825	156.2	781.0	0.6666666666666666
17740	357	0	5	0.885	102.2	511.0	0.6666666666666666
17741	185	0	5	0.455	149.2	746.0	0.3333333333333333
17742	33	0	5	0.075	31.0	155.0	0.0
17743	155	0	5	0.38	142.0	710.0	0.0
17744	238	0	5	0.5875	182.2	911.0	0.3333333333333333
17745	221	0	5	0.545	114.6	573.0	0.3333333333333333
17746	257	0	5	0.635	83.0	415.0	0.3333333333333333
17747	137	0	5	0.335	88.2	441.0	0.6666666666666666
17748	177	0	5	0.435	148.6	743.0	0.6666666666666666
17749	168	0	5	0.4125	128.0	640.0	0.3333333333333333
17750	320	0	5	0.7925	163.8	819.0	0.0
17751	388	0	5	0.9625	146.4	732.0	0.6666666666666666
17752	361	0	5	0.895	184.6	923.0	0.6666666666666666
17753	278	0	5	0.6875	206.6	1033.0	0.6666666666666666
17754	367	0	5	0.91	169.8	849.0	0.6666666666666666
17755	234	0	5	0.5775	126.0	630.0	0.3333333333333333
17756	246	0	5	0.6075	180.4	902.0	0.3333333333333333
17757	93	0	5	0.225	39.2	196.0	0.6666666666666666
17758	342	0	5	0.8475	177.2	886.0	0.6666666666666666
17759	274	0	5	0.6775	171.2	856.0	0.3333333333333333
17760	116	0	5	0.2825	82.6	413.0	0.3333333333333333
17761	181	0	5	0.445	89.6	448.0	0.0
17762	191	0	5	0.47	112.0	560.0	0.6666666666666666
17763	309	0	5	0.765	307.0	1535.0	0.0
17764	294	0	5	0.7275	292.0	1460.0	0.0
17765	45	0	5	0.105	28.6	143.0	0.3333333333333333
17766	167	0	5	0.41	122.6	613.0	0.6666666666666666
17767	165	0	5	0.405	111.0	555.0	0.3333333333333333
17768	66	0	5	0.1575	44.0	220.0	0.3333333333333333
17769	56	0	5	0.1325	54.0	270.0	0.0
17770	66	0	5	0.1575	37.6	188.0	0.3333333333333333
17771	185	0	5	0.455	161.4	807.0	0.0
17772	190	0	5	0.4675	170.8	854.0	0.3333333333333333
17773	252	0	5	0.6225	110.8	554.0	0.6666666666666666
17774	254	0	5	0.6275	141.6	708.0	0.6666666666666666
17775	31	0	5	0.07	29.0	145.0	0.0
17776	28	0	5	0.0625	26.0	130.0	0.0
17777	400	0	5	0.9925	332.4	1662.0	0.6666666666666666
17778	394	1	4	0.9825	278.0	1390.0	1.0
17779	48	0	5	0.1125	46.0	230.0	0.0
17780	272	0	5	0.6725	171.2	856.0	0.3333333333333333
17781	342	0	5	0.8475	170.8	854.0	0.3333333333333333
17782	21	0	5	0.045	19.0	95.0	0.0
17783	344	1	4	0.8575	184.0	920.0	1.0
17784	22	1	4	0.0525	11.2	56.0	1.0
17785	266	1	4	0.6625	126.4	632.0	1.0
17786	96	0	5	0.2325	94.0	470.0	0.0
17787	310	0	5	0.7675	124.8	624.0	0.3333333333333333
17788	150	0	5	0.3675	115.6	578.0	0.0
17789	155	0	5	0.38	137.0	685.0	0.3333333333333333
17790	179	0	5	0.44	160.4	802.0	0.3333333333333333
17791	253	0	5	0.625	131.6	658.0	0.6666666666666666
17792	5	0	5	0.005	1.0	5.0	0.0
17793	96	0	5	0.2325	79.6	398.0	0.0
17794	196	0	5	0.4825	100.4	502.0	0.0
17795	200	0	5	0.4925	85.2	426.0	0.3333333333333333
17796	270	0	5	0.6675	117.4	587.0	0.0
17797	14	0	5	0.0275	12.0	60.0	0.0
17798	253	0	5	0.625	177.6	888.0	0.3333333333333333
17799	267	0	5	0.66	126.6	633.0	0.3333333333333333
17800	227	0	5	0.56	173.6	868.0	0.6666666666666666
17801	373	0	5	0.925	150.2	751.0	0.6666666666666666
17802	136	0	5	0.3325	109.8	549.0	0.0
17803	139	0	5	0.34	92.2	461.0	0.3333333333333333
17804	108	0	5	0.2625	56.6	283.0	0.0
17805	33	0	5	0.075	31.0	155.0	0.0
17806	134	0	5	0.3275	132.0	660.0	0.0
17807	346	1	4	0.8625	150.8	754.0	1.0
17808	212	0	5	0.5225	148.6	743.0	0.3333333333333333
17809	59	0	5	0.14	57.0	285.0	0.0
17810	296	0	5	0.7325	216.6	1083.0	0.6666666666666666
17811	119	0	5	0.29	109.0	545.0	0.3333333333333333
17812	123	0	5	0.3	121.0	605.0	0.0
17813	147	0	5	0.36	69.8	349.0	0.3333333333333333
17814	120	0	5	0.2925	118.0	590.0	0.0
17815	71	0	5	0.17	17.8	89.0	0.6666666666666666
17816	244	0	5	0.6025	225.2	1126.0	0.3333333333333333
17817	204	0	5	0.5025	99.8	499.0	0.0
17818	120	0	5	0.2925	69.0	345.0	0.3333333333333333
17819	11	0	5	0.02	8.2	41.0	0.3333333333333333
17820	376	1	4	0.9375	154.4	772.0	1.0
17821	163	0	5	0.4	73.4	367.0	0.0
17822	353	0	5	0.875	167.4	837.0	0.3333333333333333
17823	365	0	5	0.905	148.8	744.0	0.6666666666666666
17824	251	0	5	0.62	204.8	1024.0	0.3333333333333333
17825	153	0	5	0.375	59.0	295.0	0.3333333333333333
17826	249	1	4	0.62	132.6	663.0	1.0
17827	91	0	5	0.22	67.4	337.0	0.6666666666666666
17828	172	0	5	0.4225	36.4	182.0	0.3333333333333333
17829	165	0	5	0.405	163.0	815.0	0.0
17830	151	0	5	0.37	144.2	721.0	0.3333333333333333
17831	104	1	4	0.2575	81.0	405.0	1.0
17832	386	0	5	0.9575	129.0	645.0	0.6666666666666666
17833	103	0	5	0.25	101.0	505.0	0.0
17834	239	0	5	0.59	162.6	813.0	0.6666666666666666
17835	156	0	5	0.3825	127.6	638.0	0.3333333333333333
17836	264	0	5	0.6525	182.0	910.0	0.3333333333333333
17837	23	0	5	0.05	21.0	105.0	0.0
17838	153	1	4	0.38	67.2	336.0	1.0
17839	259	0	5	0.64	135.2	676.0	0.3333333333333333
17840	275	1	4	0.685	137.8	689.0	1.0
17841	188	0	5	0.4625	180.2	901.0	0.3333333333333333
17842	99	0	5	0.24	87.6	438.0	0.3333333333333333
17843	362	0	5	0.8975	231.8	1159.0	0.6666666666666666
17844	290	0	5	0.7175	224.8	1124.0	0.6666666666666666
17845	328	0	5	0.8125	223.0	1115.0	0.3333333333333333
17846	381	0	5	0.945	167.0	835.0	0.6666666666666666
17847	174	0	5	0.4275	172.0	860.0	0.0
17848	200	0	5	0.4925	98.0	490.0	0.6666666666666666
17849	356	0	5	0.8825	226.0	1130.0	0.6666666666666666
17850	296	0	5	0.7325	144.2	721.0	0.6666666666666666
17851	130	0	5	0.3175	65.8	329.0	0.6666666666666666
17852	181	0	5	0.445	103.0	515.0	0.3333333333333333
17853	294	0	5	0.7275	86.4	432.0	0.6666666666666666
17854	175	1	4	0.435	52.4	262.0	1.0
17855	260	0	5	0.6425	241.8	1209.0	0.3333333333333333
17856	111	0	5	0.27	72.6	363.0	0.3333333333333333
17857	80	0	5	0.1925	78.0	390.0	0.0
17858	246	0	5	0.6075	244.0	1220.0	0.0
17859	277	0	5	0.685	150.6	753.0	0.3333333333333333
17860	295	0	5	0.73	153.2	766.0	0.3333333333333333
17861	290	0	5	0.7175	117.4	587.0	0.6666666666666666
17862	75	0	5	0.18	61.4	307.0	0.3333333333333333
17863	312	0	5	0.7725	212.0	1060.0	0.6666666666666666
17864	326	0	5	0.8075	119.2	596.0	0.3333333333333333
17865	337	0	5	0.835	164.4	822.0	0.6666666666666666
17866	205	0	5	0.505	135.8	679.0	0.3333333333333333
17867	115	0	5	0.28	113.0	565.0	0.3333333333333333
17868	152	0	5	0.3725	138.8	694.0	0.6666666666666666
17869	153	0	5	0.375	67.6	338.0	0.6666666666666666
17870	55	0	5	0.13	47.2	236.0	0.0
17871	138	0	5	0.3375	126.6	633.0	0.0
17872	135	1	4	0.335	95.6	478.0	1.0
17873	182	0	5	0.4475	147.8	739.0	0.3333333333333333
17874	283	0	5	0.7	258.2	1291.0	0.6666666666666666
17875	164	0	5	0.4025	156.4	782.0	0.3333333333333333
17876	8	0	5	0.0125	6.0	30.0	0.0
17877	128	1	4	0.3175	81.4	407.0	1.0
17878	185	0	5	0.455	37.0	185.0	0.0
17879	82	0	5	0.1975	31.2	156.0	0.3333333333333333
17880	353	0	5	0.875	275.2	1376.0	0.6666666666666666
17881	70	0	5	0.1675	68.0	340.0	0.0
17882	334	0	5	0.8275	186.8	934.0	0.3333333333333333
17883	254	0	5	0.6275	150.2	751.0	0.3333333333333333
17884	15	0	5	0.03	11.0	55.0	0.3333333333333333
17885	125	0	5	0.305	121.4	607.0	0.3333333333333333
17886	336	0	5	0.8325	218.6	1093.0	0.6666666666666666
17887	39	0	5	0.09	37.0	185.0	0.0
17888	309	0	5	0.765	223.2	1116.0	0.6666666666666666
17889	49	0	5	0.115	47.0	235.0	0.0
17890	115	0	5	0.28	29.0	145.0	0.3333333333333333
17891	328	0	5	0.8125	111.2	556.0	0.6666666666666666
17892	275	1	4	0.685	127.8	639.0	1.0
17893	390	1	4	0.9725	138.0	690.0	1.0
17894	318	1	4	0.7925	201.2	1006.0	1.0
17895	123	0	5	0.3	64.2	321.0	0.3333333333333333
17896	326	0	5	0.8075	182.0	910.0	0.6666666666666666
17897	116	0	5	0.2825	113.0	565.0	0.3333333333333333
17898	35	0	5	0.08	33.0	165.0	0.0
17899	367	0	5	0.91	233.0	1165.0	0.3333333333333333
17900	108	0	5	0.2625	29.2	146.0	0.0
17901	316	0	5	0.7825	225.6	1128.0	0.3333333333333333
17902	173	0	5	0.425	59.8	299.0	0.3333333333333333
17903	170	0	5	0.4175	147.0	735.0	0.0
17904	244	0	5	0.6025	139.2	696.0	0.3333333333333333
17905	230	0	5	0.5675	156.8	784.0	0.6666666666666666
17906	251	0	5	0.62	118.8	594.0	0.3333333333333333
17907	307	0	5	0.76	264.2	1321.0	0.3333333333333333
17908	275	0	5	0.68	143.4	717.0	0.3333333333333333
17909	260	1	4	0.6475	88.4	442.0	1.0
17910	68	0	5	0.1625	66.0	330.0	0.0
17911	375	1	4	0.935	103.8	519.0	1.0
17912	359	0	5	0.89	160.4	802.0	0.6666666666666666
17913	208	0	5	0.5125	180.4	902.0	0.0
17914	283	0	5	0.7	129.8	649.0	0.3333333333333333
17915	5	0	5	0.005	3.0	15.0	0.0
17916	180	0	5	0.4425	155.2	776.0	0.3333333333333333
17917	19	0	5	0.04	17.0	85.0	0.0
17918	202	0	5	0.4975	150.2	751.0	0.3333333333333333
17919	156	0	5	0.3825	104.8	524.0	0.0
17920	262	0	5	0.6475	68.8	344.0	0.0
17921	357	0	5	0.885	229.2	1146.0	0.6666666666666666
17922	74	0	5	0.1775	72.0	360.0	0.0
17923	184	0	5	0.4525	113.2	566.0	0.3333333333333333
17924	338	0	5	0.8375	134.4	672.0	0.6666666666666666
17925	51	0	5	0.12	35.0	175.0	0.0
17926	35	0	5	0.08	20.4	102.0	0.6666666666666666
17927	198	0	5	0.4875	75.8	379.0	0.3333333333333333
17928	243	0	5	0.6	107.0	535.0	0.0
17929	281	0	5	0.695	183.6	918.0	0.6666666666666666
17930	206	0	5	0.5075	204.0	1020.0	0.0
17931	146	0	5	0.3575	121.8	609.0	0.6666666666666666
17932	305	0	5	0.755	229.2	1146.0	0.3333333333333333
17933	95	0	5	0.23	62.2	311.0	0.3333333333333333
17934	336	0	5	0.8325	273.2	1366.0	0.3333333333333333
17935	10	0	5	0.0175	8.0	40.0	0.0
17936	126	0	5	0.3075	99.2	496.0	0.3333333333333333
17937	357	0	5	0.885	159.0	795.0	0.6666666666666666
17938	19	0	5	0.04	17.0	85.0	0.0
17939	113	0	5	0.275	76.4	382.0	0.3333333333333333
17940	279	0	5	0.69	137.2	686.0	0.0
17941	268	0	5	0.6625	227.6	1138.0	0.3333333333333333
17942	210	0	5	0.5175	187.0	935.0	0.3333333333333333
17943	235	0	5	0.58	52.4	262.0	0.6666666666666666
17944	283	0	5	0.7	263.2	1316.0	0.3333333333333333
17945	73	0	5	0.175	53.2	266.0	0.3333333333333333
17946	239	0	5	0.59	174.2	871.0	0.6666666666666666
17947	374	0	5	0.9275	214.2	1071.0	0.0
17948	374	1	4	0.9325	133.4	667.0	1.0
17949	289	0	5	0.715	215.6	1078.0	0.0
17950	131	0	5	0.32	98.8	494.0	0.6666666666666666
17951	226	1	4	0.5625	85.0	425.0	1.0
17952	319	0	5	0.79	261.4	1307.0	0.3333333333333333
17953	298	1	4	0.7425	139.6	698.0	1.0
17954	96	0	5	0.2325	94.0	470.0	0.0
17955	289	0	5	0.715	193.2	966.0	0.6666666666666666
17956	309	0	5	0.765	144.6	723.0	0.6666666666666666
17957	319	0	5	0.79	126.0	630.0	0.6666666666666666
17958	278	0	5	0.6875	96.8	484.0	0.3333333333333333
17959	386	0	5	0.9575	230.4	1152.0	0.3333333333333333
17960	199	0	5	0.49	142.2	711.0	0.6666666666666666
17961	246	0	5	0.6075	145.4	727.0	0.6666666666666666
17962	226	0	5	0.5575	123.2	616.0	0.0
17963	244	0	5	0.6025	156.6	783.0	0.6666666666666666
17964	385	0	5	0.955	310.8	1554.0	0.6666666666666666
17965	307	0	5	0.76	140.0	700.0	0.6666666666666666
17966	297	0	5	0.735	174.0	870.0	0.3333333333333333
17967	265	0	5	0.655	207.2	1036.0	0.0
17968	148	0	5	0.3625	127.8	639.0	0.3333333333333333
17969	148	0	5	0.3625	146.0	730.0	0.0
17970	317	1	4	0.79	189.4	947.0	1.0
17971	220	0	5	0.5425	179.0	895.0	0.0
17972	245	0	5	0.605	78.2	391.0	0.3333333333333333
17973	89	0	5	0.215	38.2	191.0	0.3333333333333333
17974	11	0	5	0.02	9.0	45.0	0.0
17975	191	0	5	0.47	144.6	723.0	0.0
17976	147	0	5	0.36	133.8	669.0	0.0
17977	187	0	5	0.46	89.2	446.0	0.6666666666666666
17978	75	0	5	0.18	31.4	157.0	0.6666666666666666
17979	123	0	5	0.3	80.8	404.0	0.3333333333333333
17980	301	1	4	0.75	149.8	749.0	1.0
17981	219	0	5	0.54	140.2	701.0	0.0
17982	78	0	5	0.1875	35.2	176.0	0.3333333333333333
17983	32	0	5	0.0725	30.0	150.0	0.0
17984	322	0	5	0.7975	246.2	1231.0	0.6666666666666666
17985	208	0	5	0.5125	120.6	603.0	0.6666666666666666
17986	286	1	4	0.7125	165.2	826.0	1.0
17987	141	0	5	0.345	139.0	695.0	0.0
17988	52	0	5	0.1225	38.0	190.0	0.3333333333333333
17989	105	0	5	0.255	53.8	269.0	0.3333333333333333
17990	347	0	5	0.86	93.4	467.0	0.6666666666666666
17991	232	0	5	0.5725	144.8	724.0	0.6666666666666666
17992	366	1	4	0.9125	128.4	642.0	1.0
17993	271	0	5	0.67	142.4	712.0	0.3333333333333333
17994	130	0	5	0.3175	104.6	523.0	0.0
17995	279	0	5	0.69	132.0	660.0	0.3333333333333333
17996	166	0	5	0.4075	138.4	692.0	0.3333333333333333
17997	369	0	5	0.915	162.2	811.0	0.6666666666666666
17998	53	0	5	0.125	51.0	255.0	0.0
17999	313	0	5	0.775	238.6	1193.0	0.6666666666666666
18000	115	0	5	0.28	96.8	484.0	0.3333333333333333
18001	264	0	5	0.6525	221.8	1109.0	0.0
18002	251	0	5	0.62	179.4	897.0	0.6666666666666666
18003	344	0	5	0.8525	183.2	916.0	0.6666666666666666
18004	359	1	4	0.895	170.0	850.0	1.0
18005	377	1	4	0.94	139.8	699.0	1.0
18006	103	0	5	0.25	65.4	327.0	0.0
18007	276	0	5	0.6825	165.6	828.0	0.3333333333333333
18008	187	0	5	0.46	152.2	761.0	0.6666666666666666
18009	323	1	4	0.805	223.8	1119.0	1.0
18010	260	1	4	0.6475	106.4	532.0	1.0
18011	45	0	5	0.105	43.0	215.0	0.0
18012	209	0	5	0.515	127.0	635.0	0.6666666666666666
18013	308	0	5	0.7625	80.6	403.0	0.0
18014	42	0	5	0.0975	39.2	196.0	0.3333333333333333
18015	2	0	5	0.0	0.0	0.0	0.0
18016	222	0	5	0.5475	162.4	812.0	0.3333333333333333
18017	213	0	5	0.525	195.6	978.0	0.3333333333333333
18018	253	0	5	0.625	251.0	1255.0	0.0
18019	179	0	5	0.44	109.2	546.0	0.0
18020	280	0	5	0.6925	237.2	1186.0	0.3333333333333333
18021	151	0	5	0.37	127.2	636.0	0.0
18022	260	0	5	0.6425	75.2	376.0	0.6666666666666666
18023	270	0	5	0.6675	132.0	660.0	0.3333333333333333
18024	316	1	4	0.7875	159.2	796.0	1.0
18025	325	0	5	0.805	129.2	646.0	0.6666666666666666
18026	152	0	5	0.3725	126.8	634.0	0.3333333333333333
18027	103	0	5	0.25	92.6	463.0	0.3333333333333333
18028	195	0	5	0.48	45.8	229.0	0.3333333333333333
18029	281	0	5	0.695	207.8	1039.0	0.0
18030	285	0	5	0.705	67.0	335.0	0.6666666666666666
18031	170	0	5	0.4175	97.8	489.0	0.3333333333333333
18032	305	0	5	0.755	261.0	1305.0	0.6666666666666666
18033	126	1	4	0.3125	91.6	458.0	1.0
18034	245	0	5	0.605	166.8	834.0	0.0
18035	254	0	5	0.6275	118.0	590.0	0.3333333333333333
18036	331	1	4	0.825	259.8	1299.0	1.0
18037	284	0	5	0.7025	93.4	467.0	0.6666666666666666
18038	67	0	5	0.16	55.8	279.0	0.3333333333333333
18039	293	0	5	0.725	90.2	451.0	0.6666666666666666
18040	184	1	4	0.4575	154.0	770.0	1.0
18041	125	0	5	0.305	120.6	603.0	0.0
18042	226	0	5	0.5575	149.0	745.0	0.3333333333333333
18043	368	0	5	0.9125	194.0	970.0	0.3333333333333333
18044	263	0	5	0.65	139.2	696.0	0.3333333333333333
18045	134	0	5	0.3275	119.2	596.0	0.3333333333333333
18046	52	0	5	0.1225	50.0	250.0	0.0
18047	105	0	5	0.255	103.0	515.0	0.3333333333333333
18048	169	0	5	0.415	166.6	833.0	0.0
18049	168	1	4	0.4175	73.2	366.0	1.0
18050	240	0	5	0.5925	67.6	338.0	0.6666666666666666
18051	136	0	5	0.3325	84.4	422.0	0.3333333333333333
18052	27	0	5	0.06	5.2	26.0	0.0
18053	312	0	5	0.7725	290.2	1451.0	0.0
18054	165	0	5	0.405	89.8	449.0	0.0
18055	278	0	5	0.6875	119.2	596.0	0.6666666666666666
18056	247	0	5	0.61	153.4	767.0	0.0
18057	90	0	5	0.2175	84.4	422.0	0.0
18058	218	0	5	0.5375	147.2	736.0	0.3333333333333333
18059	108	0	5	0.2625	88.6	443.0	0.3333333333333333
18060	57	0	5	0.135	55.0	275.0	0.0
18061	117	0	5	0.285	100.2	501.0	0.3333333333333333
18062	57	0	5	0.135	52.4	262.0	0.0
18063	176	0	5	0.4325	118.0	590.0	0.3333333333333333
18064	160	0	5	0.3925	95.6	478.0	0.3333333333333333
18065	75	0	5	0.18	73.0	365.0	0.0
18066	29	0	5	0.065	27.0	135.0	0.0
18067	132	0	5	0.3225	115.2	576.0	0.3333333333333333
18068	391	0	5	0.97	258.4	1292.0	0.6666666666666666
18069	44	0	5	0.1025	37.2	186.0	0.0
18070	171	0	5	0.42	62.2	311.0	0.0
18071	193	0	5	0.475	87.8	439.0	0.3333333333333333
18072	282	1	4	0.7025	156.4	782.0	1.0
18073	305	0	5	0.755	102.2	511.0	0.6666666666666666
18074	256	0	5	0.6325	221.0	1105.0	0.3333333333333333
18075	65	0	5	0.155	53.0	265.0	0.3333333333333333
18076	265	0	5	0.655	191.8	959.0	0.3333333333333333
18077	303	0	5	0.75	272.2	1361.0	0.0
18078	343	0	5	0.85	201.8	1009.0	0.6666666666666666
18079	311	1	4	0.775	249.4	1247.0	1.0
18080	369	0	5	0.915	244.0	1220.0	0.6666666666666666
18081	128	0	5	0.3125	106.8	534.0	0.6666666666666666
18082	390	1	4	0.9725	287.6	1438.0	1.0
18083	226	0	5	0.5575	183.6	918.0	0.3333333333333333
18084	388	0	5	0.9625	315.4	1577.0	0.6666666666666666
18085	394	0	5	0.9775	206.4	1032.0	0.6666666666666666
18086	6	0	5	0.0075	4.0	20.0	0.0
18087	242	0	5	0.5975	218.8	1094.0	0.3333333333333333
18088	282	1	4	0.7025	189.2	946.0	1.0
18089	52	0	5	0.1225	50.0	250.0	0.3333333333333333
18090	129	0	5	0.315	62.0	310.0	0.6666666666666666
18091	348	1	4	0.8675	115.4	577.0	1.0
18092	201	0	5	0.495	82.6	413.0	0.0
18093	375	1	4	0.935	208.8	1044.0	1.0
18094	150	0	5	0.3675	89.2	446.0	0.3333333333333333
18095	105	0	5	0.255	92.2	461.0	0.3333333333333333
18096	264	0	5	0.6525	153.6	768.0	0.3333333333333333
18097	71	0	5	0.17	63.8	319.0	0.3333333333333333
18098	352	0	5	0.8725	181.8	909.0	0.3333333333333333
18099	378	0	5	0.9375	198.6	993.0	0.6666666666666666
18100	116	0	5	0.2825	107.6	538.0	0.3333333333333333
18101	280	0	5	0.6925	277.4	1387.0	0.3333333333333333
18102	209	0	5	0.515	159.4	797.0	0.3333333333333333
18103	294	0	5	0.7275	238.4	1192.0	0.3333333333333333
18104	322	0	5	0.7975	238.8	1194.0	0.6666666666666666
18105	205	1	4	0.51	145.0	725.0	1.0
18106	133	0	5	0.325	87.0	435.0	0.3333333333333333
18107	232	0	5	0.5725	166.8	834.0	0.6666666666666666
18108	21	0	5	0.045	17.8	89.0	0.3333333333333333
18109	378	0	5	0.9375	253.6	1268.0	0.3333333333333333
18110	50	0	5	0.1175	48.0	240.0	0.0
18111	170	0	5	0.4175	94.4	472.0	0.3333333333333333
18112	134	0	5	0.3275	119.4	597.0	0.0
18113	344	0	5	0.8525	253.2	1266.0	0.6666666666666666
18114	58	0	5	0.1375	56.0	280.0	0.0
18115	194	0	5	0.4775	126.6	633.0	0.6666666666666666
18116	190	0	5	0.4675	169.2	846.0	0.0
18117	320	0	5	0.7925	218.0	1090.0	0.6666666666666666
18118	18	0	5	0.0375	16.0	80.0	0.0
18119	277	1	4	0.69	180.6	903.0	1.0
18120	16	0	5	0.0325	11.2	56.0	0.3333333333333333
18121	107	1	4	0.265	51.8	259.0	1.0
18122	275	0	5	0.68	265.0	1325.0	0.3333333333333333
18123	209	0	5	0.515	135.6	678.0	0.3333333333333333
18124	9	0	5	0.015	7.0	35.0	0.0
18125	52	0	5	0.1225	50.0	250.0	0.0
18126	32	0	5	0.0725	29.8	149.0	0.0
18127	395	0	5	0.98	243.0	1215.0	0.6666666666666666
18128	145	0	5	0.355	98.2	491.0	0.6666666666666666
18129	32	0	5	0.0725	24.8	124.0	0.3333333333333333
18130	397	0	5	0.985	177.6	888.0	0.6666666666666666
18131	321	0	5	0.795	240.6	1203.0	0.6666666666666666
18132	298	0	5	0.7375	213.6	1068.0	0.6666666666666666
18133	221	1	4	0.55	120.8	604.0	1.0
18134	265	1	4	0.66	138.6	693.0	1.0
18135	103	0	5	0.25	77.4	387.0	0.3333333333333333
18136	311	0	5	0.77	261.2	1306.0	0.3333333333333333
18137	361	0	5	0.895	229.0	1145.0	0.6666666666666666
18138	38	0	5	0.0875	36.0	180.0	0.0
18139	127	0	5	0.31	55.4	277.0	0.0
18140	166	0	5	0.4075	38.4	192.0	0.6666666666666666
18141	143	0	5	0.35	72.2	361.0	0.3333333333333333
18142	379	0	5	0.94	243.4	1217.0	0.6666666666666666
18143	270	0	5	0.6675	203.4	1017.0	0.3333333333333333
18144	188	0	5	0.4625	141.2	706.0	0.6666666666666666
18145	16	0	5	0.0325	14.0	70.0	0.0
18146	112	0	5	0.2725	62.8	314.0	0.3333333333333333
18147	387	0	5	0.96	304.4	1522.0	0.6666666666666666
18148	359	0	5	0.89	224.0	1120.0	0.6666666666666666
18149	276	1	4	0.6875	239.6	1198.0	1.0
18150	33	0	5	0.075	31.0	155.0	0.0
18151	94	0	5	0.2275	92.0	460.0	0.3333333333333333
18152	168	0	5	0.4125	154.8	774.0	0.3333333333333333
18153	202	1	4	0.5025	151.0	755.0	1.0
18154	131	0	5	0.32	123.6	618.0	0.3333333333333333
18155	195	0	5	0.48	70.6	353.0	0.6666666666666666
18156	4	0	5	0.0025	1.4	7.0	0.3333333333333333
18157	336	0	5	0.8325	265.2	1326.0	0.3333333333333333
18158	392	0	5	0.9725	164.6	823.0	0.6666666666666666
18159	169	0	5	0.415	120.2	601.0	0.3333333333333333
18160	378	0	5	0.9375	124.2	621.0	0.6666666666666666
18161	123	0	5	0.3	44.2	221.0	0.0
18162	360	0	5	0.8925	258.0	1290.0	0.6666666666666666
18163	228	0	5	0.5625	129.0	645.0	0.3333333333333333
18164	338	0	5	0.8375	176.0	880.0	0.6666666666666666
18165	78	0	5	0.1875	76.0	380.0	0.0
18166	139	0	5	0.34	130.8	654.0	0.0
18167	157	0	5	0.385	71.8	359.0	0.3333333333333333
18168	31	0	5	0.07	23.6	118.0	0.0
18169	284	0	5	0.7025	173.2	866.0	0.6666666666666666
18170	153	1	4	0.38	61.0	305.0	1.0
18171	259	0	5	0.64	116.8	584.0	0.3333333333333333
18172	198	0	5	0.4875	131.2	656.0	0.6666666666666666
18173	113	0	5	0.275	111.0	555.0	0.0
18174	282	0	5	0.6975	204.8	1024.0	0.3333333333333333
18175	116	0	5	0.2825	101.4	507.0	0.6666666666666666
18176	210	0	5	0.5175	137.2	686.0	0.3333333333333333
18177	387	0	5	0.96	210.4	1052.0	0.6666666666666666
18178	207	0	5	0.51	63.4	317.0	0.3333333333333333
18179	131	0	5	0.32	121.0	605.0	0.0
18180	249	0	5	0.615	210.0	1050.0	0.6666666666666666
18181	14	0	5	0.0275	5.0	25.0	0.0
18182	144	0	5	0.3525	142.0	710.0	0.0
18183	195	0	5	0.48	98.6	493.0	0.3333333333333333
18184	166	0	5	0.4075	104.4	522.0	0.6666666666666666
18185	33	0	5	0.075	29.4	147.0	0.3333333333333333
18186	189	0	5	0.465	83.4	417.0	0.3333333333333333
18187	313	0	5	0.775	215.2	1076.0	0.6666666666666666
18188	177	0	5	0.435	153.0	765.0	0.3333333333333333
18189	333	0	5	0.825	142.2	711.0	0.6666666666666666
18190	299	0	5	0.74	151.4	757.0	0.3333333333333333
18191	308	1	4	0.7675	235.2	1176.0	1.0
18192	267	0	5	0.66	177.4	887.0	0.6666666666666666
18193	276	0	5	0.6825	162.4	812.0	0.3333333333333333
18194	295	1	4	0.735	118.8	594.0	1.0
18195	119	0	5	0.29	59.4	297.0	0.6666666666666666
18196	123	0	5	0.3	77.8	389.0	0.3333333333333333
18197	145	0	5	0.355	143.0	715.0	0.0
18198	70	0	5	0.1675	29.0	145.0	0.0
18199	345	0	5	0.855	247.2	1236.0	0.6666666666666666
18200	205	0	5	0.505	95.4	477.0	0.6666666666666666
18201	142	0	5	0.3475	86.6	433.0	0.6666666666666666
18202	378	0	5	0.9375	169.0	845.0	0.6666666666666666
18203	39	0	5	0.09	37.0	185.0	0.0
18204	258	0	5	0.6375	254.8	1274.0	0.3333333333333333
18205	278	0	5	0.6875	226.2	1131.0	0.3333333333333333
18206	200	0	5	0.4925	94.0	470.0	0.6666666666666666
18207	359	0	5	0.89	265.0	1325.0	0.3333333333333333
18208	129	0	5	0.315	125.4	627.0	0.0
18209	19	0	5	0.04	3.4	17.0	0.3333333333333333
18210	267	0	5	0.66	177.6	888.0	0.6666666666666666
18211	276	0	5	0.6825	210.0	1050.0	0.3333333333333333
18212	147	0	5	0.36	52.8	264.0	0.3333333333333333
18213	208	1	4	0.5175	191.8	959.0	1.0
18214	86	0	5	0.2075	58.8	294.0	0.3333333333333333
18215	221	0	5	0.545	153.2	766.0	0.3333333333333333
18216	323	0	5	0.8	246.2	1231.0	0.6666666666666666
18217	16	0	5	0.0325	14.0	70.0	0.0
18218	234	0	5	0.5775	146.4	732.0	0.3333333333333333
18219	216	0	5	0.5325	111.2	556.0	0.6666666666666666
18220	381	0	5	0.945	303.2	1516.0	0.3333333333333333
18221	349	1	4	0.87	122.0	610.0	1.0
18222	240	0	5	0.5925	182.0	910.0	0.3333333333333333
18223	297	0	5	0.735	277.8	1389.0	0.3333333333333333
18224	174	0	5	0.4275	169.0	845.0	0.0
18225	108	0	5	0.2625	76.0	380.0	0.0
18226	86	0	5	0.2075	72.4	362.0	0.3333333333333333
18227	190	0	5	0.4675	110.0	550.0	0.0
18228	188	1	4	0.4675	103.4	517.0	1.0
18229	196	0	5	0.4825	159.6	798.0	0.6666666666666666
18230	117	0	5	0.285	71.0	355.0	0.0
18231	210	0	5	0.5175	113.2	566.0	0.3333333333333333
18232	11	0	5	0.02	9.0	45.0	0.0
18233	286	0	5	0.7075	173.2	866.0	0.3333333333333333
18234	284	0	5	0.7025	69.4	347.0	0.6666666666666666
18235	272	0	5	0.6725	202.6	1013.0	0.3333333333333333
18236	222	0	5	0.5475	76.8	384.0	0.6666666666666666
18237	372	0	5	0.9225	140.2	701.0	0.6666666666666666
18238	25	0	5	0.055	23.0	115.0	0.0
18239	242	0	5	0.5975	149.4	747.0	0.3333333333333333
18240	362	0	5	0.8975	248.8	1244.0	0.6666666666666666
18241	88	0	5	0.2125	54.8	274.0	0.6666666666666666
18242	150	0	5	0.3675	100.8	504.0	0.3333333333333333
18243	148	0	5	0.3625	54.8	274.0	0.6666666666666666
18244	110	1	4	0.2725	70.0	350.0	1.0
18245	288	0	5	0.7125	85.2	426.0	0.6666666666666666
18246	240	0	5	0.5925	96.2	481.0	0.3333333333333333
18247	103	0	5	0.25	76.0	380.0	0.3333333333333333
18248	236	0	5	0.5825	121.2	606.0	0.0
18249	22	0	5	0.0475	20.0	100.0	0.0
18250	239	0	5	0.59	201.8	1009.0	0.6666666666666666
18251	380	0	5	0.9425	302.4	1512.0	0.3333333333333333
18252	48	0	5	0.1125	46.0	230.0	0.0
18253	209	0	5	0.515	187.8	939.0	0.0
18254	161	0	5	0.395	110.6	553.0	0.3333333333333333
18255	188	0	5	0.4625	109.0	545.0	0.3333333333333333
18256	304	0	5	0.7525	118.2	591.0	0.6666666666666666
18257	27	0	5	0.06	25.0	125.0	0.0
18258	102	0	5	0.2475	98.4	492.0	0.0
18259	298	0	5	0.7375	174.2	871.0	0.6666666666666666
18260	189	0	5	0.465	119.8	599.0	0.3333333333333333
18261	28	0	5	0.0625	26.0	130.0	0.0
18262	102	0	5	0.2475	100.0	500.0	0.3333333333333333
18263	186	0	5	0.4575	128.0	640.0	0.0
18264	171	0	5	0.42	117.6	588.0	0.6666666666666666
18265	252	0	5	0.6225	224.4	1122.0	0.0
18266	135	0	5	0.33	101.8	509.0	0.3333333333333333
18267	148	0	5	0.3625	108.0	540.0	0.0
18268	28	0	5	0.0625	26.0	130.0	0.0
18269	371	0	5	0.92	169.4	847.0	0.6666666666666666
18270	279	0	5	0.69	143.0	715.0	0.3333333333333333
18271	260	1	4	0.6475	179.0	895.0	1.0
18272	12	0	5	0.0225	10.0	50.0	0.0
18273	272	0	5	0.6725	167.4	837.0	0.3333333333333333
18274	354	1	4	0.8825	211.4	1057.0	1.0
18275	190	0	5	0.4675	188.0	940.0	0.0
18276	141	0	5	0.345	107.8	539.0	0.6666666666666666
18277	273	0	5	0.675	264.6	1323.0	0.6666666666666666
18278	85	0	5	0.205	83.0	415.0	0.0
18279	353	0	5	0.875	249.0	1245.0	0.6666666666666666
18280	391	0	5	0.97	113.0	565.0	0.6666666666666666
18281	215	0	5	0.53	209.6	1048.0	0.0
18282	90	0	5	0.2175	88.0	440.0	0.0
18283	39	0	5	0.09	23.2	116.0	0.0
18284	236	0	5	0.5825	58.0	290.0	0.6666666666666666
18285	307	0	5	0.76	143.0	715.0	0.6666666666666666
18286	24	0	5	0.0525	22.0	110.0	0.0
18287	153	0	5	0.375	150.4	752.0	0.3333333333333333
18288	353	0	5	0.875	122.6	613.0	0.6666666666666666
18289	29	0	5	0.065	27.0	135.0	0.0
18290	58	0	5	0.1375	56.0	280.0	0.0
18291	128	0	5	0.3125	116.8	584.0	0.3333333333333333
18292	172	1	4	0.4275	155.0	775.0	1.0
18293	342	0	5	0.8475	281.8	1409.0	0.6666666666666666
18294	66	0	5	0.1575	20.8	104.0	0.3333333333333333
18295	26	0	5	0.0575	24.0	120.0	0.0
18296	205	0	5	0.505	167.0	835.0	0.3333333333333333
18297	327	1	4	0.815	158.0	790.0	1.0
18298	230	0	5	0.5675	179.0	895.0	0.3333333333333333
18299	151	0	5	0.37	93.8	469.0	0.0
18300	304	1	4	0.7575	146.0	730.0	1.0
18301	235	0	5	0.58	187.8	939.0	0.3333333333333333
18302	37	0	5	0.085	35.0	175.0	0.0
18303	71	0	5	0.17	57.8	289.0	0.3333333333333333
18304	55	0	5	0.13	50.0	250.0	0.3333333333333333
18305	203	1	4	0.505	85.4	427.0	1.0
18306	29	0	5	0.065	27.0	135.0	0.0
18307	298	0	5	0.7375	153.2	766.0	0.3333333333333333
18308	50	0	5	0.1175	24.0	120.0	0.3333333333333333
18309	28	0	5	0.0625	18.4	92.0	0.0
18310	263	0	5	0.65	146.6	733.0	0.0
18311	186	0	5	0.4575	171.2	856.0	0.0
18312	194	0	5	0.4775	130.0	650.0	0.3333333333333333
18313	87	0	5	0.21	76.6	383.0	0.3333333333333333
18314	250	1	4	0.6225	87.4	437.0	1.0
18315	210	0	5	0.5175	136.0	680.0	0.0
18316	347	0	5	0.86	327.6	1638.0	0.0
18317	28	0	5	0.0625	26.0	130.0	0.0
18318	194	0	5	0.4775	121.8	609.0	0.0
18319	218	0	5	0.5375	125.6	628.0	0.6666666666666666
18320	344	0	5	0.8525	276.0	1380.0	0.3333333333333333
18321	326	0	5	0.8075	173.8	869.0	0.3333333333333333
18322	7	0	5	0.01	5.0	25.0	0.0
18323	166	0	5	0.4075	119.2	596.0	0.3333333333333333
18324	131	0	5	0.32	129.0	645.0	0.0
18325	133	0	5	0.325	126.2	631.0	0.0
18326	43	0	5	0.1	37.8	189.0	0.3333333333333333
18327	203	0	5	0.5	132.8	664.0	0.6666666666666666
18328	318	0	5	0.7875	152.2	761.0	0.6666666666666666
18329	56	0	5	0.1325	14.8	74.0	0.6666666666666666
18330	282	0	5	0.6975	245.6	1228.0	0.6666666666666666
18331	325	1	4	0.81	181.4	907.0	1.0
18332	17	0	5	0.035	15.0	75.0	0.0
18333	223	1	4	0.555	111.0	555.0	1.0
18334	224	0	5	0.5525	107.2	536.0	0.6666666666666666
18335	351	1	4	0.875	291.8	1459.0	1.0
18336	4	0	5	0.0025	2.0	10.0	0.0
18337	67	0	5	0.16	17.8	89.0	0.3333333333333333
18338	41	0	5	0.095	39.0	195.0	0.0
18339	161	0	5	0.395	54.6	273.0	0.6666666666666666
18340	261	0	5	0.645	184.2	921.0	0.3333333333333333
18341	215	0	5	0.53	96.2	481.0	0.3333333333333333
18342	30	0	5	0.0675	28.0	140.0	0.0
18343	145	0	5	0.355	103.0	515.0	0.6666666666666666
18344	64	0	5	0.1525	62.0	310.0	0.0
18345	401	0	5	0.995	312.0	1560.0	0.6666666666666666
18346	180	0	5	0.4425	111.2	556.0	0.0
18347	232	1	4	0.5775	63.4	317.0	1.0
18348	281	0	5	0.695	167.4	837.0	0.3333333333333333
18349	290	0	5	0.7175	129.8	649.0	0.3333333333333333
18350	263	0	5	0.65	200.2	1001.0	0.3333333333333333
18351	343	0	5	0.85	200.6	1003.0	0.3333333333333333
18352	92	0	5	0.2225	41.6	208.0	0.3333333333333333
18353	62	0	5	0.1475	60.0	300.0	0.0
18354	217	0	5	0.535	181.6	908.0	0.0
18355	341	0	5	0.845	183.0	915.0	0.6666666666666666
18356	245	1	4	0.61	159.0	795.0	1.0
18357	272	0	5	0.6725	208.0	1040.0	0.3333333333333333
18358	54	0	5	0.1275	52.0	260.0	0.0
18359	385	0	5	0.955	229.0	1145.0	0.6666666666666666
18360	307	1	4	0.765	97.6	488.0	1.0
18361	52	0	5	0.1225	45.0	225.0	0.3333333333333333
18362	17	0	5	0.035	15.0	75.0	0.0
18363	348	0	5	0.8625	310.6	1553.0	0.6666666666666666
18364	115	0	5	0.28	113.0	565.0	0.0
18365	391	1	4	0.975	90.2	451.0	1.0
18366	209	0	5	0.515	138.0	690.0	0.3333333333333333
18367	20	0	5	0.0425	11.6	58.0	0.3333333333333333
18368	114	0	5	0.2775	112.0	560.0	0.0
18369	159	0	5	0.39	122.6	613.0	0.3333333333333333
18370	181	0	5	0.445	126.4	632.0	0.6666666666666666
18371	304	1	4	0.7575	153.4	767.0	1.0
18372	349	0	5	0.865	210.6	1053.0	0.6666666666666666
18373	392	1	4	0.9775	209.0	1045.0	1.0
18374	115	0	5	0.28	98.8	494.0	0.3333333333333333
18375	342	0	5	0.8475	216.0	1080.0	0.6666666666666666
18376	162	0	5	0.3975	137.2	686.0	0.3333333333333333
18377	332	0	5	0.8225	260.4	1302.0	0.6666666666666666
18378	262	0	5	0.6475	183.6	918.0	0.3333333333333333
18379	367	0	5	0.91	152.2	761.0	0.6666666666666666
18380	8	0	5	0.0125	6.0	30.0	0.0
18381	377	0	5	0.935	322.4	1612.0	0.6666666666666666
18382	160	0	5	0.3925	158.0	790.0	0.0
18383	364	0	5	0.9025	280.4	1402.0	0.6666666666666666
18384	91	0	5	0.22	89.0	445.0	0.0
18385	389	0	5	0.965	235.8	1179.0	0.6666666666666666
18386	69	0	5	0.165	28.6	143.0	0.6666666666666666
18387	129	0	5	0.315	83.8	419.0	0.6666666666666666
18388	163	0	5	0.4	130.4	652.0	0.3333333333333333
18389	143	0	5	0.35	91.8	459.0	0.3333333333333333
18390	67	0	5	0.16	56.8	284.0	0.0
18391	160	0	5	0.3925	158.0	790.0	0.0
18392	349	0	5	0.865	148.8	744.0	0.6666666666666666
18393	220	0	5	0.5425	182.0	910.0	0.0
18394	288	0	5	0.7125	135.6	678.0	0.3333333333333333
18395	235	0	5	0.58	230.4	1152.0	0.0
18396	289	0	5	0.715	150.0	750.0	0.6666666666666666
18397	323	1	4	0.805	174.6	873.0	1.0
18398	319	0	5	0.79	185.8	929.0	0.6666666666666666
18399	167	0	5	0.41	41.0	205.0	0.6666666666666666
18400	204	0	5	0.5025	64.0	320.0	0.3333333333333333
18401	214	0	5	0.5275	136.4	682.0	0.3333333333333333
18402	248	0	5	0.6125	175.8	879.0	0.6666666666666666
18403	156	0	5	0.3825	85.8	429.0	0.3333333333333333
18404	238	0	5	0.5875	124.4	622.0	0.3333333333333333
18405	56	0	5	0.1325	54.0	270.0	0.0
18406	107	0	5	0.26	85.8	429.0	0.0
18407	238	1	4	0.5925	111.2	556.0	1.0
18408	276	1	4	0.6875	94.8	474.0	1.0
18409	260	0	5	0.6425	160.2	801.0	0.0
18410	347	0	5	0.86	191.0	955.0	0.6666666666666666
18411	16	0	5	0.0325	9.2	46.0	0.0
18412	263	0	5	0.65	170.2	851.0	0.6666666666666666
18413	344	0	5	0.8525	108.4	542.0	0.6666666666666666
18414	242	1	4	0.6025	173.2	866.0	1.0
18415	103	0	5	0.25	44.6	223.0	0.3333333333333333
18416	240	0	5	0.5925	205.2	1026.0	0.0
18417	379	0	5	0.94	225.8	1129.0	0.6666666666666666
18418	232	1	4	0.5775	127.4	637.0	1.0
18419	145	1	4	0.36	42.8	214.0	1.0
18420	142	0	5	0.3475	89.6	448.0	0.6666666666666666
18421	376	0	5	0.9325	176.6	883.0	0.6666666666666666
18422	92	0	5	0.2225	58.4	292.0	0.0
18423	297	0	5	0.735	67.8	339.0	0.6666666666666666
18424	76	0	5	0.1825	74.0	370.0	0.0
18425	382	1	4	0.9525	216.0	1080.0	1.0
18426	289	0	5	0.715	239.0	1195.0	0.3333333333333333
18427	185	0	5	0.455	139.6	698.0	0.3333333333333333
18428	56	0	5	0.1325	23.6	118.0	0.3333333333333333
18429	130	0	5	0.3175	69.6	348.0	0.3333333333333333
18430	137	0	5	0.335	72.6	363.0	0.3333333333333333
18431	184	0	5	0.4525	69.6	348.0	0.6666666666666666
18432	333	0	5	0.825	122.8	614.0	0.6666666666666666
18433	190	0	5	0.4675	149.6	748.0	0.3333333333333333
18434	198	0	5	0.4875	191.6	958.0	0.0
18435	155	0	5	0.38	105.8	529.0	0.0
18436	348	0	5	0.8625	302.4	1512.0	0.6666666666666666
18437	240	0	5	0.5925	206.2	1031.0	0.3333333333333333
18438	355	0	5	0.88	170.2	851.0	0.6666666666666666
18439	73	0	5	0.175	71.0	355.0	0.0
18440	179	0	5	0.44	106.6	533.0	0.6666666666666666
18441	387	1	4	0.965	277.4	1387.0	1.0
18442	354	0	5	0.8775	203.2	1016.0	0.6666666666666666
18443	138	0	5	0.3375	70.4	352.0	0.0
18444	226	0	5	0.5575	153.4	767.0	0.3333333333333333
18445	107	0	5	0.26	33.8	169.0	0.3333333333333333
18446	234	0	5	0.5775	230.2	1151.0	0.0
18447	18	0	5	0.0375	16.0	80.0	0.0
18448	344	0	5	0.8525	272.0	1360.0	0.6666666666666666
18449	251	0	5	0.62	229.2	1146.0	0.3333333333333333
18450	70	0	5	0.1675	68.0	340.0	0.0
18451	30	0	5	0.0675	25.2	126.0	0.0
18452	380	0	5	0.9425	161.8	809.0	0.6666666666666666
18453	345	0	5	0.855	145.0	725.0	0.6666666666666666
18454	143	0	5	0.35	96.2	481.0	0.3333333333333333
18455	386	0	5	0.9575	198.2	991.0	0.6666666666666666
18456	359	0	5	0.89	181.8	909.0	0.6666666666666666
18457	247	0	5	0.61	85.0	425.0	0.3333333333333333
18458	42	0	5	0.0975	24.6	123.0	0.0
18459	192	0	5	0.4725	110.0	550.0	0.6666666666666666
18460	251	0	5	0.62	198.8	994.0	0.6666666666666666
18461	107	0	5	0.26	71.8	359.0	0.3333333333333333
18462	84	0	5	0.2025	79.4	397.0	0.0
18463	401	0	4	0.9975	226.0	1130.0	0.6666666666666666
18464	149	0	5	0.365	61.8	309.0	0.0
18465	363	0	5	0.9	205.8	1029.0	0.6666666666666666
18466	112	0	5	0.2725	85.6	428.0	0.3333333333333333
18467	237	0	5	0.585	49.4	247.0	0.3333333333333333
18468	239	0	5	0.59	81.8	409.0	0.3333333333333333
18469	187	0	5	0.46	89.8	449.0	0.3333333333333333
18470	48	0	5	0.1125	46.0	230.0	0.0
18471	59	0	5	0.14	50.2	251.0	0.3333333333333333
18472	168	0	5	0.4125	41.2	206.0	0.3333333333333333
18473	193	1	4	0.48	80.6	403.0	1.0
18474	371	1	4	0.925	236.6	1183.0	1.0
18475	205	0	5	0.505	104.6	523.0	0.6666666666666666
18476	85	0	5	0.205	40.6	203.0	0.3333333333333333
18477	148	0	5	0.3625	92.4	462.0	0.0
18478	342	1	4	0.8525	223.4	1117.0	1.0
18479	244	0	5	0.6025	113.2	566.0	0.3333333333333333
18480	195	0	5	0.48	135.0	675.0	0.3333333333333333
18481	326	0	5	0.8075	143.0	715.0	0.3333333333333333
18482	179	0	5	0.44	169.0	845.0	0.3333333333333333
18483	288	0	5	0.7125	188.4	942.0	0.3333333333333333
18484	351	0	5	0.87	187.6	938.0	0.6666666666666666
18485	217	0	5	0.535	113.2	566.0	0.6666666666666666
18486	89	0	5	0.215	53.8	269.0	0.3333333333333333
18487	272	0	5	0.6725	114.0	570.0	0.3333333333333333
18488	240	0	5	0.5925	126.4	632.0	0.3333333333333333
18489	92	0	5	0.2225	88.8	444.0	0.0
18490	256	0	5	0.6325	205.0	1025.0	0.3333333333333333
18491	196	0	5	0.4825	132.2	661.0	0.3333333333333333
18492	102	0	5	0.2475	35.4	177.0	0.3333333333333333
18493	344	0	5	0.8525	215.6	1078.0	0.6666666666666666
18494	301	0	5	0.745	274.6	1373.0	0.3333333333333333
18495	120	0	5	0.2925	99.0	495.0	0.3333333333333333
18496	95	0	5	0.23	41.4	207.0	0.3333333333333333
18497	85	0	5	0.205	67.6	338.0	0.6666666666666666
18498	180	0	5	0.4425	69.0	345.0	0.3333333333333333
18499	284	0	5	0.7025	170.8	854.0	0.3333333333333333
18500	328	0	5	0.8125	261.6	1308.0	0.6666666666666666
18501	277	1	4	0.69	148.4	742.0	1.0
18502	363	0	5	0.9	216.6	1083.0	0.6666666666666666
18503	385	0	5	0.955	292.4	1462.0	0.6666666666666666
18504	12	0	5	0.0225	10.0	50.0	0.0
18505	368	0	5	0.9125	181.6	908.0	0.6666666666666666
18506	240	0	5	0.5925	200.0	1000.0	0.6666666666666666
18507	42	0	5	0.0975	30.8	154.0	0.6666666666666666
18508	337	0	5	0.835	311.8	1559.0	0.0
18509	55	0	5	0.13	52.4	262.0	0.0
18510	88	0	5	0.2125	86.0	430.0	0.0
18511	52	0	5	0.1225	40.6	203.0	0.3333333333333333
18512	161	0	5	0.395	38.2	191.0	0.0
18513	183	0	5	0.45	62.8	314.0	0.3333333333333333
18514	106	0	5	0.2575	104.0	520.0	0.0
18515	162	0	5	0.3975	63.8	319.0	0.3333333333333333
18516	240	0	5	0.5925	163.8	819.0	0.6666666666666666
18517	163	0	5	0.4	148.4	742.0	0.3333333333333333
18518	144	0	5	0.3525	133.6	668.0	0.6666666666666666
18519	332	0	5	0.8225	249.4	1247.0	0.6666666666666666
18520	168	0	5	0.4125	70.2	351.0	0.0
18521	155	0	5	0.38	150.6	753.0	0.3333333333333333
18522	142	0	5	0.3475	83.6	418.0	0.3333333333333333
18523	131	0	5	0.32	92.4	462.0	0.6666666666666666
18524	266	0	5	0.6575	156.8	784.0	0.3333333333333333
18525	49	0	5	0.115	11.0	55.0	0.0
18526	162	1	4	0.4025	114.4	572.0	1.0
18527	144	0	5	0.3525	78.8	394.0	0.3333333333333333
18528	235	0	5	0.58	117.2	586.0	0.0
18529	150	0	5	0.3675	57.6	288.0	0.3333333333333333
18530	207	0	5	0.51	205.0	1025.0	0.3333333333333333
18531	103	0	5	0.25	101.0	505.0	0.0
18532	183	0	5	0.45	167.0	835.0	0.6666666666666666
18533	290	0	5	0.7175	112.2	561.0	0.6666666666666666
18534	106	0	5	0.2575	90.8	454.0	0.0
18535	94	0	5	0.2275	92.0	460.0	0.0
18536	105	1	4	0.26	61.8	309.0	1.0
18537	186	0	5	0.4575	184.0	920.0	0.0
18538	307	0	5	0.76	227.6	1138.0	0.6666666666666666
18539	360	0	5	0.8925	189.8	949.0	0.6666666666666666
18540	216	1	4	0.5375	68.0	340.0	1.0
18541	103	0	5	0.25	74.6	373.0	0.3333333333333333
18542	388	0	5	0.9625	169.8	849.0	0.6666666666666666
18543	318	0	5	0.7875	189.0	945.0	0.6666666666666666
18544	331	0	5	0.82	171.8	859.0	0.3333333333333333
18545	117	0	5	0.285	115.0	575.0	0.0
18546	187	0	5	0.46	123.0	615.0	0.3333333333333333
18547	72	0	5	0.1725	70.0	350.0	0.0
18548	254	0	5	0.6275	144.6	723.0	0.3333333333333333
18549	122	0	5	0.2975	68.4	342.0	0.6666666666666666
18550	155	0	5	0.38	153.0	765.0	0.0
18551	15	0	5	0.03	13.0	65.0	0.0
18552	152	0	5	0.3725	81.6	408.0	0.0
18553	32	0	5	0.0725	30.0	150.0	0.0
18554	175	0	5	0.43	127.0	635.0	0.0
18555	194	0	5	0.4775	106.4	532.0	0.0
18556	282	0	5	0.6975	60.0	300.0	0.6666666666666666
18557	302	0	5	0.7475	145.2	726.0	0.0
18558	239	0	5	0.59	169.4	847.0	0.6666666666666666
18559	227	0	5	0.56	225.0	1125.0	0.0
18560	131	0	5	0.32	98.6	493.0	0.3333333333333333
18561	192	0	5	0.4725	177.4	887.0	0.3333333333333333
18562	275	1	4	0.685	103.0	515.0	1.0
18563	3	0	5	0.0025	0.2	1.0	0.3333333333333333
18564	239	1	4	0.595	169.2	846.0	1.0
18565	274	0	5	0.6775	206.6	1033.0	0.6666666666666666
18566	229	0	5	0.565	114.6	573.0	0.6666666666666666
18567	204	0	5	0.5025	73.2	366.0	0.6666666666666666
18568	215	0	5	0.53	158.4	792.0	0.6666666666666666
18569	259	1	4	0.645	116.4	582.0	1.0
18570	147	1	4	0.365	116.0	580.0	1.0
18571	102	0	5	0.2475	72.6	363.0	0.3333333333333333
18572	390	0	5	0.9675	241.8	1209.0	0.6666666666666666
18573	70	0	5	0.1675	57.6	288.0	0.0
18574	384	0	5	0.9525	128.4	642.0	0.6666666666666666
18575	279	0	5	0.69	60.2	301.0	0.6666666666666666
18576	294	1	4	0.7325	189.4	947.0	1.0
18577	260	0	5	0.6425	217.8	1089.0	0.0
18578	35	0	5	0.08	33.0	165.0	0.0
18579	5	0	5	0.005	3.0	15.0	0.0
18580	317	0	5	0.785	188.0	940.0	0.6666666666666666
18581	242	1	4	0.6025	71.6	358.0	1.0
18582	296	0	5	0.7325	191.6	958.0	0.3333333333333333
18583	59	0	5	0.14	57.0	285.0	0.0
18584	222	0	5	0.5475	155.6	778.0	0.6666666666666666
18585	27	0	5	0.06	20.8	104.0	0.3333333333333333
18586	114	0	5	0.2775	93.6	468.0	0.6666666666666666
18587	290	0	5	0.7175	125.4	627.0	0.6666666666666666
18588	52	0	5	0.1225	50.0	250.0	0.0
18589	234	0	5	0.5775	114.0	570.0	0.3333333333333333
18590	198	0	5	0.4875	119.4	597.0	0.3333333333333333
18591	157	0	5	0.385	85.6	428.0	0.3333333333333333
18592	157	0	5	0.385	109.0	545.0	0.6666666666666666
18593	265	0	5	0.655	189.4	947.0	0.3333333333333333
18594	302	0	5	0.7475	177.2	886.0	0.3333333333333333
18595	337	0	5	0.835	240.2	1201.0	0.6666666666666666
18596	125	0	5	0.305	111.8	559.0	0.0
18597	96	0	5	0.2325	94.0	470.0	0.0
18598	366	0	5	0.9075	140.4	702.0	0.3333333333333333
18599	316	1	4	0.7875	116.0	580.0	1.0
18600	9	0	5	0.015	7.0	35.0	0.0
18601	311	0	5	0.77	186.2	931.0	0.3333333333333333
18602	120	0	5	0.2925	47.6	238.0	0.3333333333333333
18603	60	0	5	0.1425	34.4	172.0	0.3333333333333333
18604	56	0	5	0.1325	48.0	240.0	0.0
18605	204	0	5	0.5025	53.2	266.0	0.6666666666666666
18606	23	0	5	0.05	21.0	105.0	0.0
18607	44	0	5	0.1025	42.0	210.0	0.0
18608	187	1	4	0.465	134.4	672.0	1.0
18609	372	1	4	0.9275	172.0	860.0	1.0
18610	175	0	5	0.43	102.6	513.0	0.3333333333333333
18611	261	0	5	0.645	99.4	497.0	0.3333333333333333
18612	378	0	5	0.9375	141.4	707.0	0.6666666666666666
18613	208	0	5	0.5125	174.8	874.0	0.6666666666666666
18614	38	0	5	0.0875	36.0	180.0	0.0
18615	155	0	5	0.38	103.8	519.0	0.3333333333333333
18616	89	0	5	0.215	63.4	317.0	0.0
18617	46	0	5	0.1075	44.0	220.0	0.0
18618	46	0	5	0.1075	18.8	94.0	0.3333333333333333
18619	396	0	5	0.9825	185.8	929.0	0.6666666666666666
18620	171	0	5	0.42	135.6	678.0	0.3333333333333333
18621	377	0	5	0.935	241.2	1206.0	0.6666666666666666
18622	235	0	5	0.58	205.0	1025.0	0.3333333333333333
18623	264	0	5	0.6525	135.8	679.0	0.3333333333333333
18624	247	0	5	0.61	145.8	729.0	0.6666666666666666
18625	320	0	5	0.7925	183.4	917.0	0.6666666666666666
18626	229	0	5	0.565	73.6	368.0	0.3333333333333333
18627	114	0	5	0.2775	93.0	465.0	0.0
18628	259	0	5	0.64	88.8	444.0	0.3333333333333333
18629	184	0	5	0.4525	121.2	606.0	0.6666666666666666
18630	200	0	5	0.4925	162.8	814.0	0.6666666666666666
18631	305	0	5	0.755	193.6	968.0	0.6666666666666666
18632	45	0	5	0.105	43.0	215.0	0.0
18633	124	0	5	0.3025	66.8	334.0	0.6666666666666666
18634	36	0	5	0.0825	32.2	161.0	0.0
18635	105	0	5	0.255	100.6	503.0	0.3333333333333333
18636	305	0	5	0.755	99.0	495.0	0.6666666666666666
18637	179	0	5	0.44	128.8	644.0	0.3333333333333333
18638	214	0	5	0.5275	70.0	350.0	0.3333333333333333
18639	377	1	4	0.94	225.4	1127.0	1.0
18640	37	0	5	0.085	35.0	175.0	0.0
18641	285	0	5	0.705	209.0	1045.0	0.3333333333333333
18642	115	0	5	0.28	113.0	565.0	0.0
18643	277	0	5	0.685	200.0	1000.0	0.3333333333333333
18644	221	0	5	0.545	164.6	823.0	0.3333333333333333
18645	107	0	5	0.26	96.6	483.0	0.3333333333333333
18646	307	0	5	0.76	63.4	317.0	0.6666666666666666
18647	91	0	5	0.22	70.6	353.0	0.3333333333333333
18648	205	0	5	0.505	150.4	752.0	0.6666666666666666
18649	56	0	5	0.1325	54.0	270.0	0.0
18650	299	0	5	0.74	242.2	1211.0	0.3333333333333333
18651	150	0	5	0.3675	29.6	148.0	0.6666666666666666
18652	65	0	5	0.155	63.0	315.0	0.0
18653	391	0	5	0.97	152.8	764.0	0.6666666666666666
18654	251	0	5	0.62	237.8	1189.0	0.0
18655	364	0	5	0.9025	116.4	582.0	0.3333333333333333
18656	75	0	5	0.18	73.0	365.0	0.0
18657	126	0	5	0.3075	104.0	520.0	0.0
18658	134	0	5	0.3275	98.0	490.0	0.3333333333333333
18659	312	0	5	0.7725	175.8	879.0	0.3333333333333333
18660	250	0	5	0.6175	196.2	981.0	0.3333333333333333
18661	137	1	4	0.34	103.2	516.0	1.0
18662	248	0	5	0.6125	204.0	1020.0	0.3333333333333333
18663	387	1	4	0.965	272.0	1360.0	1.0
18664	152	0	5	0.3725	136.4	682.0	0.0
18665	96	0	5	0.2325	94.0	470.0	0.0
18666	231	0	5	0.57	139.8	699.0	0.3333333333333333
18667	157	0	5	0.385	97.4	487.0	0.3333333333333333
18668	330	0	5	0.8175	259.6	1298.0	0.3333333333333333
18669	58	0	5	0.1375	49.6	248.0	0.3333333333333333
18670	212	1	4	0.5275	169.2	846.0	1.0
18671	28	0	5	0.0625	26.0	130.0	0.0
18672	78	0	5	0.1875	76.0	380.0	0.3333333333333333
18673	52	1	4	0.1275	39.8	199.0	1.0
18674	306	0	5	0.7575	174.2	871.0	0.6666666666666666
18675	36	0	5	0.0825	34.0	170.0	0.0
18676	125	0	5	0.305	88.2	441.0	0.3333333333333333
18677	337	0	5	0.835	156.2	781.0	0.6666666666666666
18678	127	0	5	0.31	93.0	465.0	0.0
18679	297	0	5	0.735	173.4	867.0	0.6666666666666666
18680	386	1	4	0.9625	162.8	814.0	1.0
18681	80	0	5	0.1925	71.8	359.0	0.0
18682	27	0	5	0.06	25.0	125.0	0.0
18683	85	0	5	0.205	83.0	415.0	0.0
18684	62	0	5	0.1475	53.4	267.0	0.3333333333333333
18685	342	0	5	0.8475	153.4	767.0	0.6666666666666666
18686	158	0	5	0.3875	128.8	644.0	0.0
18687	41	0	5	0.095	39.0	195.0	0.0
18688	264	0	5	0.6525	164.8	824.0	0.6666666666666666
18689	390	0	5	0.9675	129.6	648.0	0.6666666666666666
18690	73	0	5	0.175	69.2	346.0	0.3333333333333333
18691	234	0	5	0.5775	112.4	562.0	0.6666666666666666
18692	358	0	5	0.8875	173.6	868.0	0.6666666666666666
18693	313	0	5	0.775	150.0	750.0	0.6666666666666666
18694	72	0	5	0.1725	70.0	350.0	0.0
18695	82	0	5	0.1975	38.4	192.0	0.0
18696	345	0	5	0.855	123.6	618.0	0.3333333333333333
18697	324	0	5	0.8025	176.2	881.0	0.6666666666666666
18698	399	0	5	0.99	239.4	1197.0	0.6666666666666666
18699	295	1	4	0.735	93.4	467.0	1.0
18700	303	1	4	0.755	119.2	596.0	1.0
18701	46	0	5	0.1075	25.0	125.0	0.3333333333333333
18702	288	0	5	0.7125	226.6	1133.0	0.3333333333333333
18703	264	0	5	0.6525	110.0	550.0	0.6666666666666666
18704	92	0	5	0.2225	90.0	450.0	0.0
18705	291	0	5	0.72	225.8	1129.0	0.3333333333333333
18706	237	0	5	0.585	196.0	980.0	0.6666666666666666
18707	116	0	5	0.2825	50.0	250.0	0.3333333333333333
18708	312	0	5	0.7725	280.2	1401.0	0.6666666666666666
18709	355	0	5	0.88	207.2	1036.0	0.6666666666666666
18710	172	0	5	0.4225	158.0	790.0	0.3333333333333333
18711	148	0	5	0.3625	106.4	532.0	0.3333333333333333
18712	103	0	5	0.25	80.2	401.0	0.0
18713	268	0	5	0.6625	73.2	366.0	0.3333333333333333
18714	251	0	5	0.62	173.0	865.0	0.3333333333333333
18715	49	0	5	0.115	39.8	199.0	0.0
18716	103	0	5	0.25	77.8	389.0	0.3333333333333333
18717	112	0	5	0.2725	110.0	550.0	0.0
18718	38	0	5	0.0875	25.2	126.0	0.0
18719	181	0	5	0.445	83.2	416.0	0.3333333333333333
18720	44	0	5	0.1025	39.2	196.0	0.0
18721	143	0	5	0.35	83.4	417.0	0.0
18722	265	0	5	0.655	145.0	725.0	0.6666666666666666
18723	341	0	5	0.845	272.4	1362.0	0.3333333333333333
18724	227	0	5	0.56	116.6	583.0	0.3333333333333333
18725	313	0	5	0.775	177.0	885.0	0.3333333333333333
18726	328	1	4	0.8175	162.4	812.0	1.0
18727	80	0	5	0.1925	37.2	186.0	0.3333333333333333
18728	294	0	5	0.7275	128.2	641.0	0.6666666666666666
18729	72	0	5	0.1725	70.0	350.0	0.0
18730	279	0	5	0.69	262.6	1313.0	0.3333333333333333
18731	397	0	5	0.985	136.0	680.0	0.6666666666666666
18732	376	0	5	0.9325	177.2	886.0	0.6666666666666666
18733	340	0	5	0.8425	208.8	1044.0	0.6666666666666666
18734	336	0	5	0.8325	166.4	832.0	0.3333333333333333
18735	226	1	4	0.5625	162.8	814.0	1.0
18736	108	0	5	0.2625	87.6	438.0	0.0
18737	372	1	4	0.9275	186.6	933.0	1.0
18738	112	0	5	0.2725	94.4	472.0	0.0
18739	286	0	5	0.7075	224.0	1120.0	0.6666666666666666
18740	108	0	5	0.2625	51.6	258.0	0.6666666666666666
18741	207	0	5	0.51	140.0	700.0	0.3333333333333333
18742	157	0	5	0.385	117.8	589.0	0.3333333333333333
18743	399	0	5	0.99	110.2	551.0	0.6666666666666666
18744	131	0	5	0.32	78.4	392.0	0.3333333333333333
18745	349	0	5	0.865	234.8	1174.0	0.6666666666666666
18746	148	0	5	0.3625	75.6	378.0	0.6666666666666666
18747	17	0	5	0.035	15.0	75.0	0.0
18748	375	1	4	0.935	111.2	556.0	1.0
18749	395	0	5	0.98	326.0	1630.0	0.6666666666666666
18750	271	0	5	0.67	162.2	811.0	0.0
18751	306	0	5	0.7575	63.2	316.0	0.6666666666666666
18752	318	0	5	0.7875	119.4	597.0	0.6666666666666666
18753	226	0	5	0.5575	82.4	412.0	0.0
18754	50	0	5	0.1175	24.8	124.0	0.3333333333333333
18755	229	0	5	0.565	141.4	707.0	0.6666666666666666
18756	211	0	5	0.52	93.6	468.0	0.3333333333333333
18757	58	0	5	0.1375	28.4	142.0	0.0
18758	168	0	5	0.4125	102.8	514.0	0.3333333333333333
18759	368	1	4	0.9175	257.6	1288.0	1.0
18760	391	0	5	0.97	222.0	1110.0	0.6666666666666666
18761	244	0	5	0.6025	147.2	736.0	0.6666666666666666
18762	29	0	5	0.065	27.0	135.0	0.0
18763	96	0	5	0.2325	57.4	287.0	0.3333333333333333
18764	115	0	5	0.28	66.4	332.0	0.6666666666666666
18765	212	0	5	0.5225	62.0	310.0	0.6666666666666666
18766	42	0	5	0.0975	40.0	200.0	0.0
18767	388	0	5	0.9625	224.0	1120.0	0.6666666666666666
18768	166	0	5	0.4075	82.8	414.0	0.3333333333333333
18769	230	0	5	0.5675	137.6	688.0	0.3333333333333333
18770	263	0	5	0.65	182.6	913.0	0.6666666666666666
18771	286	0	5	0.7075	188.6	943.0	0.0
18772	352	0	5	0.8725	152.4	762.0	0.3333333333333333
18773	336	1	4	0.8375	156.8	784.0	1.0
18774	400	0	5	0.9925	124.8	624.0	0.6666666666666666
18775	214	0	5	0.5275	116.6	583.0	0.3333333333333333
18776	75	0	5	0.18	61.8	309.0	0.3333333333333333
18777	284	1	4	0.7075	175.4	877.0	1.0
18778	68	0	5	0.1625	38.0	190.0	0.3333333333333333
18779	251	0	5	0.62	200.0	1000.0	0.6666666666666666
18780	295	0	5	0.73	132.8	664.0	0.3333333333333333
18781	352	0	5	0.8725	180.8	904.0	0.6666666666666666
18782	260	0	5	0.6425	258.0	1290.0	0.0
18783	237	1	4	0.59	186.2	931.0	1.0
18784	197	0	5	0.485	66.2	331.0	0.6666666666666666
18785	143	0	5	0.35	120.6	603.0	0.0
18786	260	0	5	0.6425	197.6	988.0	0.3333333333333333
18787	282	0	5	0.6975	232.0	1160.0	0.6666666666666666
18788	143	0	5	0.35	48.2	241.0	0.3333333333333333
18789	201	0	5	0.495	135.2	676.0	0.6666666666666666
18790	291	1	4	0.725	149.4	747.0	1.0
18791	236	0	5	0.5825	142.8	714.0	0.0
18792	66	0	5	0.1575	56.2	281.0	0.0
18793	117	0	5	0.285	81.4	407.0	0.3333333333333333
18794	136	0	5	0.3325	134.0	670.0	0.0
18795	98	0	5	0.2375	83.4	417.0	0.3333333333333333
18796	65	0	5	0.155	40.2	201.0	0.3333333333333333
18797	100	0	5	0.2425	60.0	300.0	0.6666666666666666
18798	182	0	5	0.4475	165.2	826.0	0.3333333333333333
18799	125	0	5	0.305	123.0	615.0	0.0
18800	72	0	5	0.1725	53.2	266.0	0.3333333333333333
18801	356	1	4	0.8875	116.8	584.0	1.0
18802	293	0	5	0.725	90.4	452.0	0.6666666666666666
18803	349	1	4	0.87	216.4	1082.0	1.0
18804	310	1	4	0.7725	104.0	520.0	1.0
18805	122	0	5	0.2975	120.0	600.0	0.0
18806	291	0	5	0.72	201.2	1006.0	0.6666666666666666
18807	392	0	5	0.9725	156.8	784.0	0.6666666666666666
18808	119	0	5	0.29	98.4	492.0	0.3333333333333333
18809	275	0	5	0.68	205.8	1029.0	0.6666666666666666
18810	255	0	5	0.63	143.6	718.0	0.3333333333333333
18811	196	0	5	0.4825	179.6	898.0	0.3333333333333333
18812	276	0	5	0.6825	151.4	757.0	0.3333333333333333
18813	74	0	5	0.1775	50.4	252.0	0.3333333333333333
18814	108	0	5	0.2625	80.4	402.0	0.3333333333333333
18815	53	0	5	0.125	50.4	252.0	0.0
18816	216	0	5	0.5325	204.0	1020.0	0.3333333333333333
18817	344	0	5	0.8525	213.8	1069.0	0.6666666666666666
18818	148	0	5	0.3625	109.6	548.0	0.3333333333333333
18819	83	0	5	0.2	81.0	405.0	0.0
18820	323	0	5	0.8	180.6	903.0	0.3333333333333333
18821	277	0	5	0.685	60.2	301.0	0.3333333333333333
18822	195	0	5	0.48	158.8	794.0	0.6666666666666666
18823	241	1	4	0.6	93.2	466.0	1.0
18824	207	0	5	0.51	136.0	680.0	0.0
18825	280	0	5	0.6925	217.2	1086.0	0.0
18826	7	0	5	0.01	5.0	25.0	0.0
18827	24	0	5	0.0525	13.0	65.0	0.0
18828	68	0	5	0.1625	55.8	279.0	0.0
18829	304	0	5	0.7525	212.2	1061.0	0.6666666666666666
18830	279	0	5	0.69	185.8	929.0	0.3333333333333333
18831	332	0	5	0.8225	219.8	1099.0	0.6666666666666666
18832	342	0	5	0.8475	195.2	976.0	0.6666666666666666
18833	373	0	5	0.925	148.6	743.0	0.6666666666666666
18834	295	0	5	0.73	207.8	1039.0	0.6666666666666666
18835	18	0	5	0.0375	14.4	72.0	0.3333333333333333
18836	287	0	5	0.71	114.0	570.0	0.6666666666666666
18837	44	0	5	0.1025	35.0	175.0	0.0
18838	250	0	5	0.6175	179.0	895.0	0.3333333333333333
18839	364	0	5	0.9025	186.8	934.0	0.6666666666666666
18840	173	0	5	0.425	63.8	319.0	0.3333333333333333
18841	320	0	5	0.7925	265.2	1326.0	0.6666666666666666
18842	282	0	5	0.6975	101.0	505.0	0.6666666666666666
18843	377	1	4	0.94	149.0	745.0	1.0
18844	375	0	5	0.93	202.8	1014.0	0.6666666666666666
18845	75	0	5	0.18	54.6	273.0	0.0
18846	36	0	5	0.0825	34.0	170.0	0.0
18847	391	0	5	0.97	320.8	1604.0	0.6666666666666666
18848	54	0	5	0.1275	30.4	152.0	0.0
18849	277	0	5	0.685	151.0	755.0	0.3333333333333333
18850	89	0	5	0.215	87.0	435.0	0.0
18851	127	0	5	0.31	49.0	245.0	0.0
18852	26	0	5	0.0575	24.0	120.0	0.0
18853	395	0	5	0.98	119.0	595.0	0.6666666666666666
18854	192	0	5	0.4725	142.0	710.0	0.3333333333333333
18855	248	1	4	0.6175	162.2	811.0	1.0
18856	242	0	5	0.5975	165.8	829.0	0.6666666666666666
18857	221	0	5	0.545	219.0	1095.0	0.0
18858	163	0	5	0.4	161.0	805.0	0.0
18859	280	0	5	0.6925	233.2	1166.0	0.3333333333333333
18860	220	0	5	0.5425	195.4	977.0	0.3333333333333333
18861	271	0	5	0.67	247.6	1238.0	0.6666666666666666
18862	95	0	5	0.23	57.8	289.0	0.3333333333333333
18863	312	0	5	0.7725	167.2	836.0	0.3333333333333333
18864	173	0	5	0.425	119.6	598.0	0.3333333333333333
18865	274	0	5	0.6775	182.4	912.0	0.6666666666666666
18866	76	0	5	0.1825	70.4	352.0	0.0
18867	210	0	5	0.5175	130.8	654.0	0.3333333333333333
18868	183	0	5	0.45	109.4	547.0	0.0
18869	80	0	5	0.1925	58.2	291.0	0.6666666666666666
18870	118	0	5	0.2875	77.0	385.0	0.3333333333333333
18871	251	0	5	0.62	134.2	671.0	0.3333333333333333
18872	235	0	5	0.58	193.6	968.0	0.6666666666666666
18873	274	0	5	0.6775	139.4	697.0	0.6666666666666666
18874	92	0	5	0.2225	90.0	450.0	0.0
18875	183	0	5	0.45	95.8	479.0	0.3333333333333333
18876	281	0	5	0.695	190.2	951.0	0.3333333333333333
18877	114	0	5	0.2775	47.6	238.0	0.6666666666666666
18878	137	0	5	0.335	133.8	669.0	0.6666666666666666
18879	235	0	5	0.58	178.0	890.0	0.0
18880	215	0	5	0.53	190.2	951.0	0.0
18881	356	1	4	0.8875	169.2	846.0	1.0
18882	233	0	5	0.575	195.6	978.0	0.6666666666666666
18883	104	0	5	0.2525	102.0	510.0	0.0
18884	162	0	5	0.3975	121.2	606.0	0.3333333333333333
18885	285	0	5	0.705	116.8	584.0	0.6666666666666666
18886	357	1	4	0.89	209.8	1049.0	1.0
18887	12	0	5	0.0225	5.2	26.0	0.3333333333333333
18888	307	0	5	0.76	165.6	828.0	0.3333333333333333
18889	281	0	5	0.695	179.8	899.0	0.3333333333333333
18890	158	0	5	0.3875	110.2	551.0	0.3333333333333333
18891	173	0	5	0.425	94.2	471.0	0.6666666666666666
18892	26	0	5	0.0575	19.2	96.0	0.0
18893	272	0	5	0.6725	148.8	744.0	0.6666666666666666
18894	331	0	5	0.82	206.4	1032.0	0.6666666666666666
18895	272	0	5	0.6725	118.6	593.0	0.6666666666666666
18896	308	0	5	0.7625	127.4	637.0	0.6666666666666666
18897	230	0	5	0.5675	171.6	858.0	0.6666666666666666
18898	332	0	5	0.8225	166.6	833.0	0.6666666666666666
18899	217	0	5	0.535	89.4	447.0	0.6666666666666666
18900	110	0	5	0.2675	38.4	192.0	0.3333333333333333
18901	165	0	5	0.405	141.6	708.0	0.3333333333333333
18902	86	0	5	0.2075	38.0	190.0	0.3333333333333333
18903	346	0	5	0.8575	197.6	988.0	0.3333333333333333
18904	50	0	5	0.1175	20.0	100.0	0.3333333333333333
18905	119	0	5	0.29	107.0	535.0	0.0
18906	162	0	5	0.3975	102.4	512.0	0.3333333333333333
18907	126	0	5	0.3075	93.2	466.0	0.3333333333333333
18908	398	0	5	0.9875	258.0	1290.0	0.6666666666666666
18909	122	0	5	0.2975	95.6	478.0	0.0
18910	159	0	5	0.39	101.8	509.0	0.0
18911	287	0	5	0.71	207.8	1039.0	0.3333333333333333
18912	367	0	5	0.91	233.0	1165.0	0.3333333333333333
18913	43	0	5	0.1	34.6	173.0	0.3333333333333333
18914	230	0	5	0.5675	194.6	973.0	0.6666666666666666
18915	83	0	5	0.2	81.0	405.0	0.0
18916	5	0	5	0.005	3.0	15.0	0.0
18917	312	1	4	0.7775	165.6	828.0	1.0
18918	206	0	5	0.5075	204.0	1020.0	0.0
18919	180	0	5	0.4425	107.0	535.0	0.3333333333333333
18920	209	0	5	0.515	123.0	615.0	0.6666666666666666
18921	70	0	5	0.1675	53.2	266.0	0.3333333333333333
18922	382	0	5	0.9475	284.8	1424.0	0.6666666666666666
18923	323	1	4	0.805	291.4	1457.0	1.0
18924	84	0	5	0.2025	82.0	410.0	0.0
18925	284	0	5	0.7025	167.4	837.0	0.6666666666666666
18926	296	0	5	0.7325	146.4	732.0	0.6666666666666666
18927	245	0	5	0.605	126.0	630.0	0.3333333333333333
18928	391	0	5	0.97	171.8	859.0	0.6666666666666666
18929	262	1	4	0.6525	186.0	930.0	1.0
18930	318	0	5	0.7875	155.4	777.0	0.6666666666666666
18931	108	0	5	0.2625	67.6	338.0	0.0
18932	230	1	4	0.5725	116.4	582.0	1.0
18933	103	0	5	0.25	101.0	505.0	0.0
18934	392	0	5	0.9725	233.0	1165.0	0.6666666666666666
18935	296	0	5	0.7325	167.8	839.0	0.3333333333333333
18936	171	0	5	0.42	149.4	747.0	0.3333333333333333
18937	106	0	5	0.2575	102.0	510.0	0.3333333333333333
18938	144	0	5	0.3525	85.8	429.0	0.6666666666666666
18939	252	0	5	0.6225	110.2	551.0	0.6666666666666666
18940	101	0	5	0.245	88.4	442.0	0.0
18941	233	0	5	0.575	130.0	650.0	0.3333333333333333
18942	118	0	5	0.2875	23.4	117.0	0.3333333333333333
18943	159	0	5	0.39	112.2	561.0	0.3333333333333333
18944	86	1	4	0.2125	72.8	364.0	1.0
18945	84	0	5	0.2025	21.0	105.0	0.3333333333333333
18946	219	1	4	0.545	59.4	297.0	1.0
18947	94	0	5	0.2275	92.0	460.0	0.0
18948	391	0	5	0.97	126.6	633.0	0.3333333333333333
18949	309	0	5	0.765	151.0	755.0	0.3333333333333333
18950	168	0	5	0.4125	89.2	446.0	0.6666666666666666
18951	394	0	5	0.9775	305.0	1525.0	0.6666666666666666
18952	385	0	5	0.955	284.6	1423.0	0.6666666666666666
18953	38	0	5	0.0875	33.4	167.0	0.3333333333333333
18954	271	0	5	0.67	208.6	1043.0	0.3333333333333333
18955	28	0	5	0.0625	26.0	130.0	0.0
18956	222	0	5	0.5475	212.6	1063.0	0.0
18957	60	0	5	0.1425	58.0	290.0	0.0
18958	245	0	5	0.605	156.2	781.0	0.6666666666666666
18959	24	0	5	0.0525	13.2	66.0	0.3333333333333333
18960	151	0	5	0.37	122.6	613.0	0.3333333333333333
18961	84	0	5	0.2025	47.6	238.0	0.3333333333333333
18962	80	0	5	0.1925	34.8	174.0	0.3333333333333333
18963	175	0	5	0.43	122.2	611.0	0.6666666666666666
18964	382	1	4	0.9525	240.0	1200.0	1.0
18965	360	1	4	0.8975	258.6	1293.0	1.0
18966	147	1	4	0.365	76.0	380.0	1.0
18967	264	0	5	0.6525	166.0	830.0	0.6666666666666666
18968	177	0	5	0.435	81.4	407.0	0.3333333333333333
18969	294	1	4	0.7325	252.0	1260.0	1.0
18970	387	0	5	0.96	220.4	1102.0	0.3333333333333333
18971	189	0	5	0.465	165.4	827.0	0.3333333333333333
18972	181	0	5	0.445	94.2	471.0	0.3333333333333333
18973	55	0	5	0.13	53.0	265.0	0.0
18974	206	0	5	0.5075	110.6	553.0	0.3333333333333333
18975	235	0	5	0.58	76.2	381.0	0.6666666666666666
18976	16	0	5	0.0325	14.0	70.0	0.0
18977	348	0	5	0.8625	127.6	638.0	0.6666666666666666
18978	137	0	5	0.335	96.6	483.0	0.6666666666666666
18979	312	0	5	0.7725	185.2	926.0	0.6666666666666666
18980	194	0	5	0.4775	52.8	264.0	0.3333333333333333
18981	309	0	5	0.765	242.8	1214.0	0.6666666666666666
18982	93	0	5	0.225	83.4	417.0	0.0
18983	372	0	5	0.9225	105.0	525.0	0.6666666666666666
18984	223	0	5	0.55	140.2	701.0	0.3333333333333333
18985	178	0	5	0.4375	100.8	504.0	0.3333333333333333
18986	23	0	5	0.05	21.0	105.0	0.0
18987	69	0	5	0.165	38.6	193.0	0.6666666666666666
18988	345	0	5	0.855	156.6	783.0	0.3333333333333333
18989	66	0	5	0.1575	64.0	320.0	0.0
18990	263	0	5	0.65	185.6	928.0	0.6666666666666666
18991	91	0	5	0.22	89.0	445.0	0.0
18992	379	0	5	0.94	163.6	818.0	0.6666666666666666
18993	330	0	5	0.8175	114.4	572.0	0.3333333333333333
18994	91	0	5	0.22	89.0	445.0	0.0
18995	41	0	5	0.095	39.0	195.0	0.0
18996	154	0	5	0.3775	109.6	548.0	0.3333333333333333
18997	181	0	5	0.445	108.2	541.0	0.3333333333333333
18998	95	0	5	0.23	79.6	398.0	0.6666666666666666
18999	106	0	5	0.2575	102.4	512.0	0.3333333333333333
19000	66	0	5	0.1575	35.4	177.0	0.3333333333333333
19001	146	0	5	0.3575	68.2	341.0	0.3333333333333333
19002	108	0	5	0.2625	62.0	310.0	0.6666666666666666
19003	332	0	5	0.8225	242.4	1212.0	0.3333333333333333
19004	183	0	5	0.45	93.4	467.0	0.3333333333333333
19005	376	0	5	0.9325	155.2	776.0	0.6666666666666666
19006	215	0	5	0.53	174.6	873.0	0.3333333333333333
19007	321	0	5	0.795	146.6	733.0	0.3333333333333333
19008	178	0	5	0.4375	155.2	776.0	0.0
19009	240	0	5	0.5925	124.2	621.0	0.6666666666666666
19010	10	0	5	0.0175	8.0	40.0	0.0
19011	272	0	5	0.6725	210.2	1051.0	0.6666666666666666
19012	387	0	5	0.96	238.6	1193.0	0.6666666666666666
19013	49	0	5	0.115	33.4	167.0	0.3333333333333333
19014	364	0	5	0.9025	321.4	1607.0	0.3333333333333333
19015	331	0	5	0.82	245.0	1225.0	0.6666666666666666
19016	258	0	5	0.6375	207.8	1039.0	0.3333333333333333
19017	185	0	5	0.455	103.0	515.0	0.3333333333333333
19018	295	0	5	0.73	139.4	697.0	0.3333333333333333
19019	238	0	5	0.5875	160.0	800.0	0.3333333333333333
19020	35	0	5	0.08	33.0	165.0	0.0
19021	361	0	5	0.895	276.4	1382.0	0.6666666666666666
19022	51	0	5	0.12	49.0	245.0	0.0
19023	200	0	5	0.4925	176.0	880.0	0.3333333333333333
19024	128	0	5	0.3125	126.0	630.0	0.0
19025	65	0	5	0.155	63.0	315.0	0.0
19026	51	0	5	0.12	49.0	245.0	0.0
19027	66	0	5	0.1575	33.4	167.0	0.0
19028	38	0	5	0.0875	36.0	180.0	0.0
19029	85	0	5	0.205	68.6	343.0	0.0
19030	54	0	5	0.1275	52.0	260.0	0.0
19031	363	0	5	0.9	87.2	436.0	0.6666666666666666
19032	385	1	4	0.96	221.6	1108.0	1.0
19033	225	0	5	0.555	92.6	463.0	0.6666666666666666
19034	253	1	4	0.63	94.6	473.0	1.0
19035	102	0	5	0.2475	82.0	410.0	0.3333333333333333
19036	244	0	5	0.6025	153.0	765.0	0.6666666666666666
19037	32	0	5	0.0725	30.0	150.0	0.0
19038	328	0	5	0.8125	205.2	1026.0	0.6666666666666666
19039	243	0	5	0.6	142.2	711.0	0.6666666666666666
19040	198	0	5	0.4875	90.4	452.0	0.3333333333333333
19041	219	0	5	0.54	137.0	685.0	0.6666666666666666
19042	195	0	5	0.48	163.4	817.0	0.6666666666666666
19043	388	0	5	0.9625	206.2	1031.0	0.6666666666666666
19044	38	0	5	0.0875	36.0	180.0	0.0
19045	57	0	5	0.135	55.0	275.0	0.0
19046	121	0	5	0.295	119.0	595.0	0.0
19047	384	0	5	0.9525	181.0	905.0	0.6666666666666666
19048	182	0	5	0.4475	73.6	368.0	0.0
19049	72	0	5	0.1725	70.0	350.0	0.0
19050	32	0	5	0.0725	25.4	127.0	0.3333333333333333
19051	307	0	5	0.76	157.6	788.0	0.3333333333333333
19052	159	0	5	0.39	69.4	347.0	0.3333333333333333
19053	401	0	4	0.9975	121.0	605.0	0.6666666666666666
19054	163	0	5	0.4	115.4	577.0	0.3333333333333333
19055	155	0	5	0.38	134.6	673.0	0.3333333333333333
19056	384	0	5	0.9525	251.4	1257.0	0.6666666666666666
19057	324	0	5	0.8025	179.2	896.0	0.6666666666666666
19058	307	0	5	0.76	176.4	882.0	0.6666666666666666
19059	103	0	5	0.25	50.6	253.0	0.3333333333333333
19060	386	0	5	0.9575	301.8	1509.0	0.6666666666666666
19061	380	0	5	0.9425	224.8	1124.0	0.6666666666666666
19062	387	0	5	0.96	207.0	1035.0	0.6666666666666666
19063	121	0	5	0.295	93.4	467.0	0.3333333333333333
19064	344	0	5	0.8525	238.2	1191.0	0.6666666666666666
19065	268	0	5	0.6625	221.2	1106.0	0.0
19066	22	0	5	0.0475	17.4	87.0	0.3333333333333333
19067	31	0	5	0.07	13.8	69.0	0.3333333333333333
19068	170	0	5	0.4175	49.6	248.0	0.0
19069	371	0	5	0.92	198.6	993.0	0.6666666666666666
19070	288	0	5	0.7125	279.6	1398.0	0.3333333333333333
19071	337	1	4	0.84	159.0	795.0	1.0
19072	364	0	5	0.9025	309.6	1548.0	0.6666666666666666
19073	398	0	5	0.9875	191.4	957.0	0.6666666666666666
19074	74	0	5	0.1775	72.0	360.0	0.0
19075	220	0	5	0.5425	189.2	946.0	0.3333333333333333
19076	216	0	5	0.5325	166.2	831.0	0.0
19077	30	0	5	0.0675	5.8	29.0	0.6666666666666666
19078	324	1	4	0.8075	244.0	1220.0	1.0
19079	24	0	5	0.0525	13.2	66.0	0.3333333333333333
19080	399	1	4	0.995	142.0	710.0	1.0
19081	392	1	4	0.9775	157.6	788.0	1.0
19082	198	0	5	0.4875	154.2	771.0	0.3333333333333333
19083	44	0	5	0.1025	42.0	210.0	0.0
19084	83	0	5	0.2	81.0	405.0	0.0
19085	151	1	4	0.375	75.8	379.0	1.0
19086	312	0	5	0.7725	76.4	382.0	0.6666666666666666
19087	184	0	5	0.4525	105.6	528.0	0.0
19088	44	0	5	0.1025	42.0	210.0	0.0
19089	77	0	5	0.185	45.8	229.0	0.0
19090	305	1	4	0.76	209.8	1049.0	1.0
19091	222	0	5	0.5475	55.0	275.0	0.6666666666666666
19092	170	0	5	0.4175	102.0	510.0	0.3333333333333333
19093	302	0	5	0.7475	201.8	1009.0	0.6666666666666666
19094	255	0	5	0.63	195.4	977.0	0.3333333333333333
19095	219	1	4	0.545	136.2	681.0	1.0
19096	237	0	5	0.585	126.0	630.0	0.3333333333333333
19097	122	0	5	0.2975	49.2	246.0	0.3333333333333333
19098	209	0	5	0.515	104.8	524.0	0.0
19099	227	0	5	0.56	112.0	560.0	0.3333333333333333
19100	228	0	5	0.5625	189.8	949.0	0.3333333333333333
19101	5	0	5	0.005	3.0	15.0	0.0
19102	231	0	5	0.57	190.6	953.0	0.3333333333333333
19103	133	0	5	0.325	89.4	447.0	0.3333333333333333
19104	11	0	5	0.02	9.0	45.0	0.0
19105	164	0	5	0.4025	133.2	666.0	0.3333333333333333
19106	24	0	5	0.0525	21.2	106.0	0.0
19107	400	0	5	0.9925	157.2	786.0	0.6666666666666666
19108	372	1	4	0.9275	138.4	692.0	1.0
19109	187	0	5	0.46	96.4	482.0	0.3333333333333333
19110	78	0	5	0.1875	26.4	132.0	0.3333333333333333
19111	10	0	5	0.0175	8.0	40.0	0.0
19112	86	0	5	0.2075	84.0	420.0	0.0
19113	353	0	5	0.875	273.6	1368.0	0.6666666666666666
19114	358	0	5	0.8875	145.2	726.0	0.6666666666666666
19115	162	0	5	0.3975	100.8	504.0	0.6666666666666666
19116	110	0	5	0.2675	81.6	408.0	0.6666666666666666
19117	33	0	5	0.075	27.0	135.0	0.0
19118	112	0	5	0.2725	87.6	438.0	0.3333333333333333
19119	397	0	5	0.985	131.4	657.0	0.6666666666666666
19120	104	0	5	0.2525	71.4	357.0	0.0
19121	153	0	5	0.375	119.4	597.0	0.0
19122	364	0	5	0.9025	171.0	855.0	0.6666666666666666
19123	173	0	5	0.425	171.0	855.0	0.0
19124	140	0	5	0.3425	79.6	398.0	0.6666666666666666
19125	29	0	5	0.065	27.0	135.0	0.0
19126	268	0	5	0.6625	177.4	887.0	0.3333333333333333
19127	352	1	4	0.8775	111.2	556.0	1.0
19128	344	0	5	0.8525	165.6	828.0	0.6666666666666666
19129	221	0	5	0.545	118.8	594.0	0.3333333333333333
19130	171	0	5	0.42	124.6	623.0	0.6666666666666666
19131	164	0	5	0.4025	143.6	718.0	0.3333333333333333
19132	358	0	5	0.8875	138.2	691.0	0.6666666666666666
19133	10	0	5	0.0175	8.0	40.0	0.0
19134	318	0	5	0.7875	107.8	539.0	0.3333333333333333
19135	363	0	5	0.9	281.2	1406.0	0.3333333333333333
19136	218	0	5	0.5375	51.2	256.0	0.6666666666666666
19137	126	0	5	0.3075	52.0	260.0	0.6666666666666666
19138	314	0	5	0.7775	262.2	1311.0	0.6666666666666666
19139	65	0	5	0.155	63.0	315.0	0.0
19140	111	0	5	0.27	61.2	306.0	0.3333333333333333
19141	139	0	5	0.34	43.8	219.0	0.3333333333333333
19142	28	0	5	0.0625	14.8	74.0	0.3333333333333333
19143	287	0	5	0.71	177.8	889.0	0.0
19144	219	0	5	0.54	108.2	541.0	0.3333333333333333
19145	16	0	5	0.0325	14.0	70.0	0.0
19146	368	0	5	0.9125	169.6	848.0	0.6666666666666666
19147	272	0	5	0.6725	140.2	701.0	0.3333333333333333
19148	229	0	5	0.565	127.6	638.0	0.3333333333333333
19149	371	0	5	0.92	200.8	1004.0	0.6666666666666666
19150	111	0	5	0.27	97.4	487.0	0.3333333333333333
19151	46	0	5	0.1075	44.0	220.0	0.0
19152	123	0	5	0.3	63.4	317.0	0.3333333333333333
19153	14	0	5	0.0275	12.0	60.0	0.0
19154	360	0	5	0.8925	102.8	514.0	0.6666666666666666
19155	398	0	5	0.9875	181.2	906.0	0.6666666666666666
19156	12	0	5	0.0225	10.0	50.0	0.0
19157	28	0	5	0.0625	26.0	130.0	0.0
19158	127	0	5	0.31	108.2	541.0	0.3333333333333333
19159	200	1	4	0.4975	121.6	608.0	1.0
19160	370	0	5	0.9175	169.6	848.0	0.6666666666666666
19161	309	0	5	0.765	264.0	1320.0	0.3333333333333333
19162	266	0	5	0.6575	166.4	832.0	0.3333333333333333
19163	82	0	5	0.1975	33.8	169.0	0.0
19164	11	0	5	0.02	9.0	45.0	0.0
19165	72	0	5	0.1725	18.4	92.0	0.0
19166	136	0	5	0.3325	47.2	236.0	0.3333333333333333
19167	399	1	4	0.995	134.4	672.0	1.0
19168	92	0	5	0.2225	47.6	238.0	0.3333333333333333
19169	66	0	5	0.1575	50.2	251.0	0.0
19170	332	0	5	0.8225	202.4	1012.0	0.6666666666666666
19171	282	0	5	0.6975	189.6	948.0	0.6666666666666666
19172	89	0	5	0.215	81.0	405.0	0.0
19173	218	0	5	0.5375	177.6	888.0	0.0
19174	160	0	5	0.3925	102.4	512.0	0.3333333333333333
19175	286	0	5	0.7075	109.4	547.0	0.3333333333333333
19176	386	1	4	0.9625	231.6	1158.0	1.0
19177	8	0	5	0.0125	6.0	30.0	0.0
19178	49	0	5	0.115	31.4	157.0	0.3333333333333333
19179	336	0	5	0.8325	182.4	912.0	0.3333333333333333
19180	394	0	5	0.9775	304.6	1523.0	0.3333333333333333
19181	163	0	5	0.4	119.4	597.0	0.0
19182	104	0	5	0.2525	50.0	250.0	0.3333333333333333
19183	375	0	5	0.93	280.0	1400.0	0.6666666666666666
19184	312	0	5	0.7725	100.8	504.0	0.6666666666666666
19185	394	0	5	0.9775	348.0	1740.0	0.6666666666666666
19186	149	0	5	0.365	147.0	735.0	0.0
19187	129	0	5	0.315	127.0	635.0	0.0
19188	326	0	5	0.8075	188.6	943.0	0.6666666666666666
19189	363	1	4	0.905	191.0	955.0	1.0
19190	308	0	5	0.7625	161.4	807.0	0.6666666666666666
19191	262	0	5	0.6475	139.2	696.0	0.6666666666666666
19192	117	0	5	0.285	74.8	374.0	0.3333333333333333
19193	394	0	5	0.9775	172.0	860.0	0.3333333333333333
19194	312	0	5	0.7725	237.2	1186.0	0.6666666666666666
19195	161	0	5	0.395	115.4	577.0	0.3333333333333333
19196	353	0	5	0.875	351.0	1755.0	0.3333333333333333
19197	66	0	5	0.1575	52.0	260.0	0.3333333333333333
19198	259	1	4	0.645	148.4	742.0	1.0
19199	394	0	5	0.9775	184.4	922.0	0.6666666666666666
19200	80	0	5	0.1925	48.0	240.0	0.6666666666666666
19201	243	0	5	0.6	235.4	1177.0	0.6666666666666666
19202	216	0	5	0.5325	82.8	414.0	0.3333333333333333
19203	9	0	5	0.015	7.0	35.0	0.0
19204	82	0	5	0.1975	24.8	124.0	0.3333333333333333
19205	196	0	5	0.4825	194.0	970.0	0.0
19206	191	0	5	0.47	163.4	817.0	0.3333333333333333
19207	140	0	5	0.3425	64.8	324.0	0.3333333333333333
19208	117	0	5	0.285	73.6	368.0	0.3333333333333333
19209	392	0	5	0.9725	194.2	971.0	0.6666666666666666
19210	119	0	5	0.29	59.4	297.0	0.3333333333333333
19211	43	0	5	0.1	35.4	177.0	0.0
19212	375	1	4	0.935	228.4	1142.0	1.0
19213	29	0	5	0.065	27.0	135.0	0.0
19214	192	0	5	0.4725	190.0	950.0	0.0
19215	14	0	5	0.0275	12.0	60.0	0.0
19216	270	0	5	0.6675	241.8	1209.0	0.3333333333333333
19217	134	0	5	0.3275	86.0	430.0	0.0
19218	246	0	5	0.6075	105.6	528.0	0.3333333333333333
19219	192	0	5	0.4725	141.2	706.0	0.6666666666666666
19220	339	0	5	0.84	141.2	706.0	0.3333333333333333
19221	33	0	5	0.075	17.2	86.0	0.3333333333333333
19222	309	1	4	0.77	166.4	832.0	1.0
19223	182	0	5	0.4475	149.6	748.0	0.3333333333333333
19224	301	0	5	0.745	262.0	1310.0	0.6666666666666666
19225	351	1	4	0.875	239.8	1199.0	1.0
19226	186	0	5	0.4575	114.4	572.0	0.3333333333333333
19227	120	0	5	0.2925	118.0	590.0	0.0
19228	77	0	5	0.185	56.4	282.0	0.3333333333333333
19229	351	0	5	0.87	231.6	1158.0	0.6666666666666666
19230	229	0	5	0.565	171.6	858.0	0.6666666666666666
19231	352	0	5	0.8725	206.4	1032.0	0.6666666666666666
19232	102	0	5	0.2475	75.4	377.0	0.0
19233	275	0	5	0.68	248.2	1241.0	0.3333333333333333
19234	89	0	5	0.215	84.0	420.0	0.3333333333333333
19235	331	0	5	0.82	123.8	619.0	0.6666666666666666
19236	157	0	5	0.385	122.2	611.0	0.3333333333333333
19237	148	0	5	0.3625	118.6	593.0	0.3333333333333333
19238	345	1	4	0.86	128.8	644.0	1.0
19239	267	0	5	0.66	173.0	865.0	0.6666666666666666
19240	55	0	5	0.13	53.0	265.0	0.0
19241	197	0	5	0.485	119.2	596.0	0.6666666666666666
19242	153	0	5	0.375	123.4	617.0	0.0
19243	53	0	5	0.125	32.6	163.0	0.0
19244	189	0	5	0.465	117.4	587.0	0.6666666666666666
19245	61	0	5	0.145	56.6	283.0	0.3333333333333333
19246	236	0	5	0.5825	214.8	1074.0	0.3333333333333333
19247	218	0	5	0.5375	143.6	718.0	0.3333333333333333
19248	218	0	5	0.5375	115.6	578.0	0.6666666666666666
19249	271	1	4	0.675	205.8	1029.0	1.0
19250	400	0	5	0.9925	214.4	1072.0	0.6666666666666666
19251	70	0	5	0.1675	68.0	340.0	0.0
19252	395	0	5	0.98	231.6	1158.0	0.6666666666666666
19253	311	0	5	0.77	263.4	1317.0	0.3333333333333333
19254	167	0	5	0.41	126.2	631.0	0.3333333333333333
19255	387	0	5	0.96	313.6	1568.0	0.3333333333333333
19256	248	0	5	0.6125	157.8	789.0	0.6666666666666666
19257	202	0	5	0.4975	128.4	642.0	0.3333333333333333
19258	222	0	5	0.5475	56.8	284.0	0.3333333333333333
19259	324	0	5	0.8025	282.0	1410.0	0.3333333333333333
19260	203	0	5	0.5	154.2	771.0	0.3333333333333333
19261	386	1	4	0.9625	148.0	740.0	1.0
19262	105	0	5	0.255	67.4	337.0	0.3333333333333333
19263	255	0	5	0.63	150.0	750.0	0.3333333333333333
19264	103	0	5	0.25	100.4	502.0	0.3333333333333333
19265	179	0	5	0.44	133.8	669.0	0.3333333333333333
19266	174	0	5	0.4275	140.0	700.0	0.3333333333333333
19267	181	0	5	0.445	179.0	895.0	0.0
19268	36	0	5	0.0825	34.0	170.0	0.0
19269	146	0	5	0.3575	142.2	711.0	0.0
19270	98	0	5	0.2375	79.2	396.0	0.3333333333333333
19271	200	1	4	0.4975	54.0	270.0	1.0
19272	169	0	5	0.415	43.0	215.0	0.6666666666666666
19273	390	0	5	0.9675	259.8	1299.0	0.6666666666666666
19274	267	0	5	0.66	262.6	1313.0	0.0
19275	320	0	5	0.7925	133.8	669.0	0.6666666666666666
19276	189	0	5	0.465	119.4	597.0	0.6666666666666666
19277	165	0	5	0.405	117.4	587.0	0.3333333333333333
19278	27	0	5	0.06	25.0	125.0	0.0
19279	188	0	5	0.4625	86.4	432.0	0.6666666666666666
19280	126	0	5	0.3075	70.4	352.0	0.3333333333333333
19281	232	0	5	0.5725	49.2	246.0	0.3333333333333333
19282	251	0	5	0.62	93.6	468.0	0.6666666666666666
19283	214	0	5	0.5275	90.4	452.0	0.6666666666666666
19284	120	0	5	0.2925	118.0	590.0	0.0
19285	68	0	5	0.1625	57.6	288.0	0.0
19286	215	0	5	0.53	101.0	505.0	0.6666666666666666
19287	99	0	5	0.24	52.2	261.0	0.3333333333333333
19288	241	0	5	0.595	121.8	609.0	0.3333333333333333
19289	122	0	5	0.2975	88.0	440.0	0.0
19290	127	0	5	0.31	56.6	283.0	0.6666666666666666
19291	393	1	4	0.98	268.2	1341.0	1.0
19292	273	0	5	0.675	227.8	1139.0	0.3333333333333333
19293	45	0	5	0.105	15.0	75.0	0.3333333333333333
19294	312	0	5	0.7725	211.4	1057.0	0.6666666666666666
19295	269	0	5	0.665	130.8	654.0	0.3333333333333333
19296	318	1	4	0.7925	161.6	808.0	1.0
19297	176	0	5	0.4325	133.2	666.0	0.6666666666666666
19298	211	0	5	0.52	122.6	613.0	0.6666666666666666
19299	239	0	5	0.59	169.4	847.0	0.3333333333333333
19300	179	1	4	0.445	74.2	371.0	1.0
19301	383	0	5	0.95	186.6	933.0	0.6666666666666666
19302	260	0	5	0.6425	227.0	1135.0	0.6666666666666666
19303	209	0	5	0.515	190.6	953.0	0.3333333333333333
19304	63	0	5	0.15	26.8	134.0	0.3333333333333333
19305	71	0	5	0.17	69.0	345.0	0.0
19306	382	0	5	0.9475	360.8	1804.0	0.6666666666666666
19307	183	0	5	0.45	145.8	729.0	0.3333333333333333
19308	347	0	5	0.86	241.0	1205.0	0.6666666666666666
19309	184	0	5	0.4525	111.2	556.0	0.3333333333333333
19310	245	0	5	0.605	157.0	785.0	0.0
19311	117	0	5	0.285	43.0	215.0	0.6666666666666666
19312	42	0	5	0.0975	26.8	134.0	0.0
19313	204	0	5	0.5025	153.8	769.0	0.0
19314	142	0	5	0.3475	132.4	662.0	0.0
19315	94	0	5	0.2275	65.2	326.0	0.6666666666666666
19316	217	0	5	0.535	81.4	407.0	0.3333333333333333
19317	401	0	3	0.9975	291.6	1458.0	0.6666666666666666
19318	43	0	5	0.1	25.4	127.0	0.3333333333333333
19319	170	0	5	0.4175	82.2	411.0	0.3333333333333333
19320	87	0	5	0.21	85.0	425.0	0.0
19321	210	0	5	0.5175	172.2	861.0	0.3333333333333333
19322	244	0	5	0.6025	124.2	621.0	0.3333333333333333
19323	287	0	5	0.71	165.0	825.0	0.6666666666666666
19324	378	0	5	0.9375	287.0	1435.0	0.3333333333333333
19325	58	0	5	0.1375	56.0	280.0	0.0
19326	130	0	5	0.3175	118.4	592.0	0.3333333333333333
19327	309	1	4	0.77	144.8	724.0	1.0
19328	186	0	5	0.4575	74.4	372.0	0.3333333333333333
19329	220	1	4	0.5475	112.8	564.0	1.0
19330	289	0	5	0.715	193.0	965.0	0.3333333333333333
19331	100	0	5	0.2425	76.0	380.0	0.6666666666666666
19332	318	0	5	0.7875	218.2	1091.0	0.3333333333333333
19333	130	0	5	0.3175	105.8	529.0	0.6666666666666666
19334	141	0	5	0.345	88.6	443.0	0.3333333333333333
19335	2	0	5	0.0	0.0	0.0	0.0
19336	334	1	3	0.8325	180.8	904.0	1.0
19337	162	0	5	0.3975	91.4	457.0	0.3333333333333333
19338	126	0	5	0.3075	124.0	620.0	0.0
19339	216	0	5	0.5325	114.8	574.0	0.3333333333333333
19340	2	0	5	0.0	0.0	0.0	0.0
19341	98	0	5	0.2375	80.0	400.0	0.0
19342	98	0	5	0.2375	42.4	212.0	0.3333333333333333
19343	115	0	5	0.28	93.8	469.0	0.0
19344	171	0	5	0.42	138.6	693.0	0.6666666666666666
19345	226	0	5	0.5575	100.0	500.0	0.6666666666666666
19346	256	0	5	0.6325	195.2	976.0	0.6666666666666666
19347	156	0	5	0.3825	102.4	512.0	0.3333333333333333
19348	366	0	5	0.9075	184.4	922.0	0.6666666666666666
19349	356	0	5	0.8825	192.2	961.0	0.6666666666666666
19350	14	0	5	0.0275	12.0	60.0	0.0
19351	204	0	5	0.5025	117.2	586.0	0.6666666666666666
19352	253	0	5	0.625	227.6	1138.0	0.3333333333333333
19353	119	0	5	0.29	117.0	585.0	0.0
19354	111	0	5	0.27	101.4	507.0	0.0
19355	390	0	5	0.9675	127.6	638.0	0.6666666666666666
19356	202	0	5	0.4975	165.0	825.0	0.3333333333333333
19357	249	0	5	0.615	205.4	1027.0	0.6666666666666666
19358	125	0	5	0.305	74.4	372.0	0.0
19359	214	0	5	0.5275	72.8	364.0	0.3333333333333333
19360	178	0	5	0.4375	102.0	510.0	0.3333333333333333
19361	224	0	5	0.5525	148.8	744.0	0.3333333333333333
19362	337	0	5	0.835	257.2	1286.0	0.6666666666666666
19363	139	0	5	0.34	102.2	511.0	0.3333333333333333
19364	233	0	5	0.575	189.4	947.0	0.0
19365	71	0	5	0.17	63.0	315.0	0.0
19366	15	0	5	0.03	13.0	65.0	0.0
19367	11	0	5	0.02	9.0	45.0	0.0
19368	266	0	5	0.6575	202.4	1012.0	0.3333333333333333
19369	92	0	5	0.2225	90.0	450.0	0.0
19370	39	0	5	0.09	37.0	185.0	0.0
19371	86	0	5	0.2075	72.6	363.0	0.0
19372	250	0	5	0.6175	219.0	1095.0	0.3333333333333333
19373	48	0	5	0.1125	46.0	230.0	0.0
19374	228	0	5	0.5625	139.6	698.0	0.3333333333333333
19375	304	0	5	0.7525	220.8	1104.0	0.6666666666666666
19376	172	0	5	0.4225	112.0	560.0	0.0
19377	267	0	5	0.66	161.6	808.0	0.6666666666666666
19378	123	0	5	0.3	121.0	605.0	0.0
19379	109	0	5	0.265	107.0	535.0	0.0
19380	320	0	5	0.7925	99.0	495.0	0.6666666666666666
19381	77	0	5	0.185	75.0	375.0	0.0
19382	339	0	5	0.84	107.8	539.0	0.3333333333333333
19383	68	0	5	0.1625	62.4	312.0	0.3333333333333333
19384	397	1	3	0.99	164.2	821.0	1.0
19385	50	0	5	0.1175	48.0	240.0	0.0
19386	259	0	5	0.64	177.8	889.0	0.6666666666666666
19387	276	0	5	0.6825	154.8	774.0	0.6666666666666666
19388	270	1	4	0.6725	69.2	346.0	1.0
19389	221	1	4	0.55	85.0	425.0	1.0
19390	278	0	5	0.6875	145.2	726.0	0.6666666666666666
19391	187	0	5	0.46	99.2	496.0	0.0
19392	154	0	5	0.3775	80.8	404.0	0.6666666666666666
19393	111	0	5	0.27	77.8	389.0	0.3333333333333333
19394	246	0	5	0.6075	240.8	1204.0	0.0
19395	28	0	5	0.0625	26.0	130.0	0.0
19396	230	0	5	0.5675	182.2	911.0	0.3333333333333333
19397	370	1	4	0.9225	200.0	1000.0	1.0
19398	286	0	5	0.7075	131.2	656.0	0.0
19399	273	0	5	0.675	224.6	1123.0	0.3333333333333333
19400	140	0	5	0.3425	78.4	392.0	0.3333333333333333
19401	189	1	4	0.47	112.2	561.0	1.0
19402	265	0	5	0.655	96.6	483.0	0.3333333333333333
19403	283	1	4	0.705	113.2	566.0	1.0
19404	201	1	4	0.5	156.6	783.0	1.0
19405	279	0	5	0.69	248.4	1242.0	0.3333333333333333
19406	231	0	5	0.57	93.8	469.0	0.3333333333333333
19407	150	1	4	0.3725	58.8	294.0	1.0
19408	311	0	5	0.77	155.2	776.0	0.6666666666666666
19409	25	0	5	0.055	23.0	115.0	0.0
19410	190	0	5	0.4675	154.2	771.0	0.3333333333333333
19411	16	0	5	0.0325	14.0	70.0	0.0
19412	105	0	5	0.255	103.0	515.0	0.3333333333333333
19413	135	0	5	0.33	133.0	665.0	0.0
19414	76	0	5	0.1825	42.2	211.0	0.3333333333333333
19415	210	0	5	0.5175	95.2	476.0	0.3333333333333333
19416	67	0	5	0.16	63.8	319.0	0.3333333333333333
19417	401	0	3	0.9975	245.6	1228.0	0.6666666666666666
19418	362	0	5	0.8975	227.2	1136.0	0.6666666666666666
19419	270	0	5	0.6675	207.0	1035.0	0.6666666666666666
19420	70	0	5	0.1675	68.0	340.0	0.0
19421	369	0	5	0.915	174.8	874.0	0.6666666666666666
19422	345	0	5	0.855	274.4	1372.0	0.3333333333333333
19423	328	0	5	0.8125	206.6	1033.0	0.6666666666666666
19424	94	0	5	0.2275	92.0	460.0	0.0
19425	117	0	5	0.285	72.2	361.0	0.0
19426	173	0	5	0.425	119.0	595.0	0.6666666666666666
19427	180	0	5	0.4425	177.2	886.0	0.0
19428	32	0	5	0.0725	30.0	150.0	0.0
19429	154	0	5	0.3775	115.4	577.0	0.3333333333333333
19430	68	0	5	0.1625	38.4	192.0	0.3333333333333333
19431	342	0	5	0.8475	185.4	927.0	0.3333333333333333
19432	400	1	3	0.9975	212.6	1063.0	1.0
19433	99	0	5	0.24	88.8	444.0	0.3333333333333333
19434	87	0	5	0.21	54.8	274.0	0.3333333333333333
19435	357	0	5	0.885	224.6	1123.0	0.6666666666666666
19436	162	0	5	0.3975	88.6	443.0	0.3333333333333333
19437	371	0	5	0.92	194.2	971.0	0.6666666666666666
19438	351	0	5	0.87	193.4	967.0	0.6666666666666666
19439	319	0	5	0.79	184.4	922.0	0.3333333333333333
19440	261	0	5	0.645	198.4	992.0	0.3333333333333333
19441	135	0	5	0.33	53.0	265.0	0.3333333333333333
19442	317	1	4	0.79	284.4	1422.0	1.0
19443	72	0	5	0.1725	70.0	350.0	0.3333333333333333
19444	166	0	5	0.4075	78.8	394.0	0.3333333333333333
19445	335	0	5	0.83	316.6	1583.0	0.3333333333333333
19446	174	0	5	0.4275	147.2	736.0	0.0
19447	233	0	5	0.575	132.4	662.0	0.3333333333333333
19448	88	0	5	0.2125	34.4	172.0	0.3333333333333333
19449	176	0	5	0.4325	150.0	750.0	0.0
19450	5	0	5	0.005	3.0	15.0	0.0
19451	44	0	5	0.1025	42.0	210.0	0.0
19452	290	0	5	0.7175	164.2	821.0	0.6666666666666666
19453	260	0	5	0.6425	111.4	557.0	0.3333333333333333
19454	142	0	5	0.3475	117.0	585.0	0.3333333333333333
19455	339	1	4	0.845	230.6	1153.0	1.0
19456	65	0	5	0.155	63.0	315.0	0.0
19457	383	1	4	0.955	188.6	943.0	1.0
19458	3	0	5	0.0025	0.6	3.0	0.0
19459	164	0	5	0.4025	107.6	538.0	0.3333333333333333
19460	383	0	5	0.95	130.2	651.0	0.6666666666666666
19461	290	0	5	0.7175	177.8	889.0	0.3333333333333333
19462	346	0	5	0.8575	228.4	1142.0	0.6666666666666666
19463	13	0	5	0.025	11.0	55.0	0.0
19464	144	0	5	0.3525	60.0	300.0	0.6666666666666666
19465	303	1	4	0.755	137.8	689.0	1.0
19466	328	1	4	0.8175	133.6	668.0	1.0
19467	315	0	5	0.78	248.8	1244.0	0.3333333333333333
19468	274	0	5	0.6775	237.2	1186.0	0.6666666666666666
19469	371	0	5	0.92	83.4	417.0	0.6666666666666666
19470	70	0	5	0.1675	53.6	268.0	0.3333333333333333
19471	300	0	5	0.7425	216.8	1084.0	0.6666666666666666
19472	204	0	5	0.5025	186.4	932.0	0.0
19473	278	0	5	0.6875	145.6	728.0	0.6666666666666666
19474	194	0	5	0.4775	88.0	440.0	0.3333333333333333
19475	189	0	5	0.465	101.0	505.0	0.3333333333333333
19476	58	0	5	0.1375	39.6	198.0	0.0
19477	30	0	5	0.0675	7.2	36.0	0.0
19478	321	0	5	0.795	187.4	937.0	0.3333333333333333
19479	224	0	5	0.5525	148.6	743.0	0.3333333333333333
19480	260	0	5	0.6425	170.4	852.0	0.3333333333333333
19481	57	0	5	0.135	55.0	275.0	0.0
19482	300	0	5	0.7425	214.0	1070.0	0.0
19483	293	0	5	0.725	164.0	820.0	0.3333333333333333
19484	293	0	5	0.725	160.2	801.0	0.6666666666666666
19485	319	1	4	0.795	167.2	836.0	1.0
19486	373	0	5	0.925	271.6	1358.0	0.6666666666666666
19487	59	0	5	0.14	37.8	189.0	0.3333333333333333
19488	243	0	5	0.6	141.4	707.0	0.3333333333333333
19489	357	0	5	0.885	166.8	834.0	0.6666666666666666
19490	341	0	5	0.845	227.0	1135.0	0.6666666666666666
19491	290	0	5	0.7175	229.6	1148.0	0.3333333333333333
19492	33	0	5	0.075	16.6	83.0	0.3333333333333333
19493	368	0	5	0.9125	286.4	1432.0	0.6666666666666666
19494	17	0	5	0.035	15.0	75.0	0.0
19495	251	0	5	0.62	234.8	1174.0	0.6666666666666666
19496	341	0	5	0.845	277.4	1387.0	0.3333333333333333
19497	266	0	5	0.6575	264.0	1320.0	0.0
19498	362	0	5	0.8975	334.0	1670.0	0.0
19499	398	1	4	0.9925	247.4	1237.0	1.0
19500	345	0	5	0.855	255.4	1277.0	0.3333333333333333
19501	91	0	5	0.22	89.0	445.0	0.0
19502	160	0	5	0.3925	126.2	631.0	0.6666666666666666
19503	142	0	5	0.3475	134.8	674.0	0.6666666666666666
19504	168	0	5	0.4125	128.4	642.0	0.3333333333333333
19505	28	0	5	0.0625	18.8	94.0	0.3333333333333333
19506	144	0	5	0.3525	65.6	328.0	0.3333333333333333
19507	373	0	5	0.925	95.2	476.0	0.6666666666666666
19508	279	0	5	0.69	58.6	293.0	0.3333333333333333
19509	216	0	5	0.5325	143.4	717.0	0.3333333333333333
19510	36	0	5	0.0825	34.0	170.0	0.0
19511	80	0	5	0.1925	48.4	242.0	0.0
19512	345	0	5	0.855	138.4	692.0	0.6666666666666666
19513	268	0	5	0.6625	141.0	705.0	0.6666666666666666
19514	221	0	5	0.545	158.2	791.0	0.0
19515	245	1	4	0.61	125.6	628.0	1.0
19516	297	0	5	0.735	115.2	576.0	0.3333333333333333
19517	364	0	5	0.9025	194.2	971.0	0.6666666666666666
19518	399	0	5	0.99	283.0	1415.0	0.6666666666666666
19519	345	0	5	0.855	207.6	1038.0	0.6666666666666666
19520	265	0	5	0.655	97.6	488.0	0.6666666666666666
19521	107	0	5	0.26	83.4	417.0	0.3333333333333333
19522	364	0	5	0.9025	145.2	726.0	0.6666666666666666
19523	329	0	5	0.815	174.8	874.0	0.3333333333333333
19524	341	1	4	0.85	277.6	1388.0	1.0
19525	11	0	5	0.02	6.0	30.0	0.3333333333333333
19526	271	0	5	0.67	163.4	817.0	0.6666666666666666
19527	135	0	5	0.33	117.0	585.0	0.0
19528	60	0	5	0.1425	45.6	228.0	0.3333333333333333
19529	192	0	5	0.4725	141.0	705.0	0.3333333333333333
19530	109	0	5	0.265	76.4	382.0	0.3333333333333333
19531	277	0	5	0.685	83.2	416.0	0.3333333333333333
19532	80	0	5	0.1925	78.0	390.0	0.0
19533	90	0	5	0.2175	87.2	436.0	0.0
19534	249	1	4	0.62	196.4	982.0	1.0
19535	374	0	5	0.9275	215.6	1078.0	0.6666666666666666
19536	199	0	5	0.49	193.8	969.0	0.3333333333333333
19537	145	0	5	0.355	81.2	406.0	0.3333333333333333
19538	211	0	5	0.52	155.4	777.0	0.3333333333333333
19539	211	0	5	0.52	128.0	640.0	0.6666666666666666
19540	143	0	5	0.35	121.0	605.0	0.3333333333333333
19541	50	0	5	0.1175	40.0	200.0	0.0
19542	135	0	5	0.33	27.4	137.0	0.6666666666666666
19543	192	0	5	0.4725	176.4	882.0	0.3333333333333333
19544	277	0	5	0.685	98.4	492.0	0.6666666666666666
19545	81	0	5	0.195	52.0	260.0	0.0
19546	54	0	5	0.1275	52.0	260.0	0.0
19547	369	0	5	0.915	137.0	685.0	0.6666666666666666
19548	347	0	5	0.86	192.2	961.0	0.6666666666666666
19549	335	0	5	0.83	289.8	1449.0	0.6666666666666666
19550	68	0	5	0.1625	46.0	230.0	0.3333333333333333
19551	65	0	5	0.155	63.0	315.0	0.0
19552	374	0	5	0.9275	127.6	638.0	0.6666666666666666
19553	245	0	5	0.605	184.8	924.0	0.3333333333333333
19554	349	0	5	0.865	145.4	727.0	0.6666666666666666
19555	107	0	5	0.26	47.4	237.0	0.3333333333333333
19556	353	1	4	0.88	166.8	834.0	1.0
19557	208	0	5	0.5125	202.8	1014.0	0.6666666666666666
19558	145	0	5	0.355	79.0	395.0	0.3333333333333333
19559	181	0	5	0.445	145.0	725.0	0.3333333333333333
19560	391	0	5	0.97	304.2	1521.0	0.3333333333333333
19561	300	0	5	0.7425	130.8	654.0	0.6666666666666666
19562	319	0	5	0.79	97.8	489.0	0.6666666666666666
19563	218	0	5	0.5375	82.4	412.0	0.3333333333333333
19564	183	0	5	0.45	142.6	713.0	0.3333333333333333
19565	328	1	4	0.8175	144.0	720.0	1.0
19566	235	0	5	0.58	141.0	705.0	0.3333333333333333
19567	94	0	5	0.2275	40.0	200.0	0.3333333333333333
19568	181	0	5	0.445	160.2	801.0	0.3333333333333333
19569	144	0	5	0.3525	88.2	441.0	0.3333333333333333
19570	153	0	5	0.375	66.2	331.0	0.6666666666666666
19571	114	0	5	0.2775	77.4	387.0	0.3333333333333333
19572	84	0	5	0.2025	62.0	310.0	0.0
19573	122	0	5	0.2975	110.0	550.0	0.3333333333333333
19574	149	0	5	0.365	147.0	735.0	0.0
19575	262	0	5	0.6475	228.2	1141.0	0.3333333333333333
19576	192	0	5	0.4725	69.2	346.0	0.0
19577	110	0	5	0.2675	105.6	528.0	0.0
19578	365	0	5	0.905	273.0	1365.0	0.6666666666666666
19579	243	0	5	0.6	99.2	496.0	0.6666666666666666
19580	271	0	5	0.67	224.0	1120.0	0.6666666666666666
19581	309	1	4	0.77	217.0	1085.0	1.0
19582	387	0	5	0.96	123.4	617.0	0.6666666666666666
19583	123	0	5	0.3	67.0	335.0	0.3333333333333333
19584	223	0	5	0.55	143.0	715.0	0.6666666666666666
19585	152	0	5	0.3725	123.6	618.0	0.3333333333333333
19586	172	0	5	0.4225	167.6	838.0	0.0
19587	243	0	5	0.6	148.2	741.0	0.3333333333333333
19588	336	0	5	0.8325	186.6	933.0	0.6666666666666666
19589	316	0	5	0.7825	250.8	1254.0	0.6666666666666666
19590	126	0	5	0.3075	81.2	406.0	0.3333333333333333
19591	18	0	5	0.0375	16.0	80.0	0.0
19592	148	0	5	0.3625	142.8	714.0	0.3333333333333333
19593	219	0	5	0.54	188.2	941.0	0.3333333333333333
19594	400	0	5	0.9925	180.8	904.0	0.6666666666666666
19595	207	0	5	0.51	117.4	587.0	0.6666666666666666
19596	377	0	5	0.935	282.6	1413.0	0.6666666666666666
19597	126	0	5	0.3075	124.0	620.0	0.0
19598	397	0	5	0.985	293.0	1465.0	0.6666666666666666
19599	279	0	5	0.69	233.8	1169.0	0.3333333333333333
19600	171	0	5	0.42	123.8	619.0	0.3333333333333333
19601	197	0	5	0.485	107.8	539.0	0.3333333333333333
19602	331	1	4	0.825	89.4	447.0	1.0
19603	299	0	5	0.74	227.2	1136.0	0.3333333333333333
19604	387	1	4	0.965	206.8	1034.0	1.0
19605	325	0	5	0.805	186.8	934.0	0.6666666666666666
19606	117	0	5	0.285	115.0	575.0	0.0
19607	206	0	5	0.5075	65.6	328.0	0.3333333333333333
19608	239	0	5	0.59	145.8	729.0	0.3333333333333333
19609	218	0	5	0.5375	58.8	294.0	0.3333333333333333
19610	267	0	5	0.66	222.0	1110.0	0.3333333333333333
19611	171	0	5	0.42	153.2	766.0	0.0
19612	239	0	5	0.59	130.8	654.0	0.6666666666666666
19613	190	0	5	0.4675	158.2	791.0	0.0
19614	245	0	5	0.605	132.8	664.0	0.6666666666666666
19615	158	0	5	0.3875	122.0	610.0	0.3333333333333333
19616	346	0	5	0.8575	90.4	452.0	0.6666666666666666
19617	223	0	5	0.55	171.4	857.0	0.3333333333333333
19618	80	1	4	0.1975	54.8	274.0	1.0
19619	207	0	5	0.51	161.0	805.0	0.3333333333333333
19620	107	0	5	0.26	88.6	443.0	0.0
19621	250	0	5	0.6175	182.0	910.0	0.6666666666666666
19622	164	0	5	0.4025	107.2	536.0	0.6666666666666666
19623	283	0	5	0.7	191.0	955.0	0.6666666666666666
19624	318	0	5	0.7875	152.4	762.0	0.6666666666666666
19625	282	0	5	0.6975	169.6	848.0	0.3333333333333333
19626	315	0	5	0.78	163.8	819.0	0.3333333333333333
19627	394	1	4	0.9825	121.2	606.0	1.0
19628	122	0	5	0.2975	77.6	388.0	0.3333333333333333
19629	216	0	5	0.5325	170.0	850.0	0.6666666666666666
19630	240	0	5	0.5925	221.6	1108.0	0.3333333333333333
19631	110	0	5	0.2675	39.2	196.0	0.3333333333333333
19632	140	0	5	0.3425	116.8	584.0	0.3333333333333333
19633	8	0	5	0.0125	6.0	30.0	0.0
19634	381	0	5	0.945	249.0	1245.0	0.6666666666666666
19635	401	0	2	0.9975	289.6	1448.0	0.6666666666666666
19636	247	0	5	0.61	159.2	796.0	0.6666666666666666
19637	197	0	5	0.485	158.8	794.0	0.3333333333333333
19638	239	0	5	0.59	161.8	809.0	0.3333333333333333
19639	138	0	5	0.3375	109.6	548.0	0.0
19640	197	0	5	0.485	109.8	549.0	0.3333333333333333
19641	148	0	5	0.3625	146.0	730.0	0.0
19642	34	0	5	0.0775	14.8	74.0	0.6666666666666666
19643	299	0	5	0.74	192.6	963.0	0.3333333333333333
19644	351	0	5	0.87	177.8	889.0	0.6666666666666666
19645	105	0	5	0.255	94.2	471.0	0.0
19646	291	1	4	0.725	215.4	1077.0	1.0
19647	105	0	5	0.255	83.8	419.0	0.0
19648	300	0	5	0.7425	200.0	1000.0	0.6666666666666666
19649	255	0	5	0.63	168.2	841.0	0.6666666666666666
19650	319	0	5	0.79	196.4	982.0	0.6666666666666666
19651	5	0	5	0.005	3.0	15.0	0.0
19652	259	0	5	0.64	118.4	592.0	0.6666666666666666
19653	104	0	5	0.2525	88.8	444.0	0.3333333333333333
19654	214	0	5	0.5275	187.4	937.0	0.3333333333333333
19655	206	0	5	0.5075	125.6	628.0	0.0
19656	230	0	5	0.5675	60.8	304.0	0.3333333333333333
19657	195	1	4	0.485	64.0	320.0	1.0
19658	380	0	5	0.9425	218.2	1091.0	0.3333333333333333
19659	209	0	5	0.515	112.0	560.0	0.3333333333333333
19660	342	0	5	0.8475	188.8	944.0	0.3333333333333333
19661	216	0	5	0.5325	178.8	894.0	0.0
19662	206	0	5	0.5075	139.6	698.0	0.6666666666666666
19663	365	1	4	0.91	253.0	1265.0	1.0
19664	108	0	5	0.2625	105.6	528.0	0.3333333333333333
19665	63	0	5	0.15	61.0	305.0	0.0
19666	90	0	5	0.2175	81.2	406.0	0.3333333333333333
19667	315	0	5	0.78	193.2	966.0	0.6666666666666666
19668	298	0	5	0.7375	223.2	1116.0	0.6666666666666666
19669	223	0	5	0.55	177.4	887.0	0.3333333333333333
19670	192	0	5	0.4725	139.6	698.0	0.6666666666666666
19671	242	0	5	0.5975	126.8	634.0	0.3333333333333333
19672	77	0	5	0.185	67.2	336.0	0.0
19673	304	1	4	0.7575	111.4	557.0	1.0
19674	110	0	5	0.2675	108.0	540.0	0.0
19675	134	0	5	0.3275	132.0	660.0	0.0
19676	70	0	5	0.1675	68.0	340.0	0.0
19677	153	0	5	0.375	151.0	755.0	0.0
19678	384	1	4	0.9575	216.6	1083.0	1.0
19679	364	0	5	0.9025	222.0	1110.0	0.3333333333333333
19680	327	0	5	0.81	123.4	617.0	0.6666666666666666
19681	177	0	5	0.435	118.4	592.0	0.0
19682	122	0	5	0.2975	101.8	509.0	0.0
19683	179	0	5	0.44	96.8	484.0	0.0
19684	251	0	5	0.62	138.8	694.0	0.3333333333333333
19685	251	0	5	0.62	195.8	979.0	0.6666666666666666
19686	134	0	5	0.3275	48.0	240.0	0.3333333333333333
19687	140	0	5	0.3425	75.6	378.0	0.3333333333333333
19688	231	0	5	0.57	210.6	1053.0	0.6666666666666666
19689	146	0	5	0.3575	91.0	455.0	0.6666666666666666
19690	17	0	5	0.035	15.0	75.0	0.0
19691	181	0	5	0.445	74.0	370.0	0.0
19692	300	1	4	0.7475	212.2	1061.0	1.0
19693	34	0	5	0.0775	29.0	145.0	0.3333333333333333
19694	344	0	5	0.8525	306.4	1532.0	0.3333333333333333
19695	239	0	5	0.59	163.8	819.0	0.3333333333333333
19696	276	0	5	0.6825	100.4	502.0	0.3333333333333333
19697	27	0	5	0.06	20.6	103.0	0.3333333333333333
19698	290	0	5	0.7175	75.2	376.0	0.3333333333333333
19699	315	0	5	0.78	183.2	916.0	0.6666666666666666
19700	336	0	5	0.8325	139.6	698.0	0.6666666666666666
19701	249	0	5	0.615	195.2	976.0	0.3333333333333333
19702	34	0	5	0.0775	32.0	160.0	0.0
19703	123	0	5	0.3	88.2	441.0	0.3333333333333333
19704	116	0	5	0.2825	43.8	219.0	0.3333333333333333
19705	246	0	5	0.6075	133.0	665.0	0.3333333333333333
19706	183	0	5	0.45	73.8	369.0	0.6666666666666666
19707	316	0	5	0.7825	175.8	879.0	0.6666666666666666
19708	205	0	5	0.505	137.8	689.0	0.3333333333333333
19709	244	0	5	0.6025	105.2	526.0	0.3333333333333333
19710	363	0	5	0.9	255.4	1277.0	0.6666666666666666
19711	201	0	5	0.495	119.4	597.0	0.3333333333333333
19712	320	0	5	0.7925	185.2	926.0	0.6666666666666666
19713	273	1	4	0.68	223.6	1118.0	1.0
19714	165	0	5	0.405	153.4	767.0	0.0
19715	286	0	5	0.7075	141.0	705.0	0.3333333333333333
19716	327	0	5	0.81	89.8	449.0	0.6666666666666666
19717	306	1	4	0.7625	260.4	1302.0	1.0
19718	220	0	5	0.5425	108.8	544.0	0.0
19719	38	0	5	0.0875	36.0	180.0	0.0
19720	287	0	5	0.71	190.6	953.0	0.3333333333333333
19721	15	0	5	0.03	13.0	65.0	0.0
19722	73	0	5	0.175	71.0	355.0	0.0
19723	46	0	5	0.1075	33.2	166.0	0.0
19724	294	0	5	0.7275	156.8	784.0	0.3333333333333333
19725	81	0	5	0.195	75.8	379.0	0.3333333333333333
19726	336	0	5	0.8325	107.2	536.0	0.6666666666666666
19727	363	0	5	0.9	95.6	478.0	0.6666666666666666
19728	185	0	5	0.455	96.6	483.0	0.3333333333333333
19729	187	0	5	0.46	78.2	391.0	0.3333333333333333
19730	177	0	5	0.435	164.4	822.0	0.0
19731	97	0	5	0.235	95.0	475.0	0.0
19732	87	0	5	0.21	85.0	425.0	0.0
19733	92	0	5	0.2225	75.6	378.0	0.3333333333333333
19734	203	0	5	0.5	80.8	404.0	0.3333333333333333
19735	234	0	5	0.5775	135.4	677.0	0.6666666666666666
19736	138	0	5	0.3375	87.0	435.0	0.3333333333333333
19737	20	0	5	0.0425	18.0	90.0	0.0
19738	312	0	5	0.7725	310.0	1550.0	0.3333333333333333
19739	168	0	5	0.4125	108.4	542.0	0.3333333333333333
19740	391	0	5	0.97	214.8	1074.0	0.6666666666666666
19741	363	0	5	0.9	291.2	1456.0	0.6666666666666666
19742	290	0	5	0.7175	175.0	875.0	0.3333333333333333
19743	64	0	5	0.1525	62.0	310.0	0.0
19744	206	0	5	0.5075	204.0	1020.0	0.0
19745	303	0	5	0.75	145.8	729.0	0.6666666666666666
19746	109	0	5	0.265	107.0	535.0	0.0
19747	336	0	5	0.8325	149.4	747.0	0.6666666666666666
19748	251	1	4	0.625	100.2	501.0	1.0
19749	76	0	5	0.1825	35.0	175.0	0.6666666666666666
19750	31	0	5	0.07	29.0	145.0	0.0
19751	387	0	5	0.96	109.0	545.0	0.3333333333333333
19752	339	0	5	0.84	197.2	986.0	0.6666666666666666
19753	207	0	5	0.51	194.0	970.0	0.3333333333333333
19754	303	1	4	0.755	145.4	727.0	1.0
19755	76	0	5	0.1825	74.0	370.0	0.0
19756	273	0	5	0.675	164.4	822.0	0.3333333333333333
19757	214	0	5	0.5275	212.0	1060.0	0.3333333333333333
19758	201	0	5	0.495	179.0	895.0	0.0
19759	100	0	5	0.2425	72.2	361.0	0.3333333333333333
19760	400	0	5	0.9925	297.0	1485.0	0.6666666666666666
19761	29	0	5	0.065	27.0	135.0	0.0
19762	15	0	5	0.03	12.2	61.0	0.3333333333333333
19763	263	0	5	0.65	219.0	1095.0	0.3333333333333333
19764	22	0	5	0.0475	20.0	100.0	0.3333333333333333
19765	62	0	5	0.1475	60.0	300.0	0.0
19766	197	0	5	0.485	161.2	806.0	0.3333333333333333
19767	329	1	4	0.82	198.6	993.0	1.0
19768	399	0	5	0.99	248.2	1241.0	0.6666666666666666
19769	136	0	5	0.3325	98.8	494.0	0.6666666666666666
19770	71	0	5	0.17	58.6	293.0	0.3333333333333333
19771	160	0	5	0.3925	156.4	782.0	0.0
19772	265	0	5	0.655	168.6	843.0	0.3333333333333333
19773	401	0	5	0.995	166.8	834.0	0.6666666666666666
19774	81	0	5	0.195	64.6	323.0	0.3333333333333333
19775	264	0	5	0.6525	94.0	470.0	0.6666666666666666
19776	207	0	5	0.51	156.4	782.0	0.3333333333333333
19777	87	0	5	0.21	85.0	425.0	0.0
19778	181	1	4	0.45	87.6	438.0	1.0
19779	176	0	5	0.4325	174.0	870.0	0.0
19780	82	0	5	0.1975	50.6	253.0	0.3333333333333333
19781	237	0	5	0.585	107.4	537.0	0.6666666666666666
19782	213	1	4	0.53	173.6	868.0	1.0
19783	285	0	5	0.705	283.0	1415.0	0.0
19784	332	1	4	0.8275	159.2	796.0	1.0
19785	60	0	5	0.1425	52.0	260.0	0.3333333333333333
19786	382	0	5	0.9475	313.6	1568.0	0.3333333333333333
19787	314	0	5	0.7775	129.6	648.0	0.3333333333333333
19788	266	1	4	0.6625	75.0	375.0	1.0
19789	269	0	5	0.665	182.6	913.0	0.6666666666666666
19790	58	0	5	0.1375	37.2	186.0	0.3333333333333333
19791	374	0	5	0.9275	84.0	420.0	0.6666666666666666
19792	188	0	5	0.4625	106.0	530.0	0.6666666666666666
19793	76	0	5	0.1825	74.0	370.0	0.0
19794	52	0	5	0.1225	50.0	250.0	0.0
19795	58	0	5	0.1375	42.0	210.0	0.3333333333333333
19796	148	0	5	0.3625	76.0	380.0	0.6666666666666666
19797	268	0	5	0.6625	90.0	450.0	0.6666666666666666
19798	46	0	5	0.1075	44.0	220.0	0.0
19799	219	0	5	0.54	181.2	906.0	0.3333333333333333
19800	391	0	5	0.97	128.2	641.0	0.6666666666666666
19801	7	0	5	0.01	5.0	25.0	0.0
19802	264	0	5	0.6525	166.0	830.0	0.3333333333333333
19803	391	1	4	0.975	221.4	1107.0	1.0
19804	179	0	5	0.44	126.0	630.0	0.0
19805	90	0	5	0.2175	88.0	440.0	0.0
19806	277	1	4	0.69	113.8	569.0	1.0
19807	38	0	5	0.0875	36.0	180.0	0.0
19808	39	0	5	0.09	33.4	167.0	0.3333333333333333
19809	78	0	5	0.1875	51.2	256.0	0.0
19810	391	0	5	0.97	330.4	1652.0	0.6666666666666666
19811	114	0	5	0.2775	89.0	445.0	0.3333333333333333
19812	321	0	5	0.795	212.6	1063.0	0.6666666666666666
19813	124	0	5	0.3025	122.0	610.0	0.0
19814	325	1	4	0.81	146.6	733.0	1.0
19815	379	1	4	0.945	138.0	690.0	1.0
19816	256	1	4	0.6375	110.6	553.0	1.0
19817	148	0	5	0.3625	60.2	301.0	0.3333333333333333
19818	82	0	5	0.1975	32.4	162.0	0.0
19819	94	0	5	0.2275	30.8	154.0	0.3333333333333333
19820	168	1	4	0.4175	65.0	325.0	1.0
19821	80	0	5	0.1925	42.8	214.0	0.3333333333333333
19822	46	0	5	0.1075	44.0	220.0	0.0
19823	215	0	5	0.53	117.0	585.0	0.3333333333333333
19824	246	0	5	0.6075	225.2	1126.0	0.3333333333333333
19825	400	0	5	0.9925	249.0	1245.0	0.6666666666666666
19826	357	1	4	0.89	259.0	1295.0	1.0
19827	219	0	5	0.54	170.4	852.0	0.3333333333333333
19828	8	0	5	0.0125	6.0	30.0	0.0
19829	286	0	5	0.7075	98.0	490.0	0.6666666666666666
19830	170	0	5	0.4175	120.2	601.0	0.3333333333333333
19831	336	0	5	0.8325	226.8	1134.0	0.6666666666666666
19832	29	0	5	0.065	27.0	135.0	0.0
19833	354	0	5	0.8775	291.8	1459.0	0.3333333333333333
19834	49	0	5	0.115	37.8	189.0	0.3333333333333333
19835	225	0	5	0.555	102.6	513.0	0.6666666666666666
19836	401	0	4	0.9975	292.8	1464.0	0.6666666666666666
19837	149	0	5	0.365	39.8	199.0	0.3333333333333333
19838	356	0	5	0.8825	247.2	1236.0	0.3333333333333333
19839	326	0	5	0.8075	112.8	564.0	0.3333333333333333
19840	275	0	5	0.68	186.0	930.0	0.6666666666666666
19841	291	0	5	0.72	219.2	1096.0	0.3333333333333333
19842	202	0	5	0.4975	103.6	518.0	0.3333333333333333
19843	237	0	5	0.585	120.2	601.0	0.6666666666666666
19844	285	0	5	0.705	118.2	591.0	0.6666666666666666
19845	209	1	4	0.52	104.2	521.0	1.0
19846	109	0	5	0.265	73.4	367.0	0.0
19847	389	0	5	0.965	299.8	1499.0	0.6666666666666666
19848	336	1	4	0.8375	252.4	1262.0	1.0
19849	127	0	5	0.31	120.2	601.0	0.3333333333333333
19850	98	0	5	0.2375	67.2	336.0	0.3333333333333333
19851	111	0	5	0.27	78.6	393.0	0.0
19852	82	0	5	0.1975	48.4	242.0	0.6666666666666666
19853	392	0	5	0.9725	159.0	795.0	0.6666666666666666
19854	248	0	5	0.6125	71.0	355.0	0.0
19855	264	0	5	0.6525	76.8	384.0	0.3333333333333333
19856	226	0	5	0.5575	140.4	702.0	0.3333333333333333
19857	45	0	5	0.105	43.0	215.0	0.0
19858	361	0	5	0.895	291.6	1458.0	0.6666666666666666
19859	377	0	5	0.935	165.4	827.0	0.3333333333333333
19860	222	0	5	0.5475	168.0	840.0	0.6666666666666666
19861	149	0	5	0.365	65.8	329.0	0.3333333333333333
19862	233	0	5	0.575	150.4	752.0	0.3333333333333333
19863	211	0	5	0.52	100.8	504.0	0.3333333333333333
19864	132	0	5	0.3225	89.8	449.0	0.6666666666666666
19865	59	0	5	0.14	57.0	285.0	0.0
19866	195	0	5	0.48	151.6	758.0	0.0
19867	287	1	4	0.715	138.4	692.0	1.0
19868	223	0	5	0.55	178.4	892.0	0.3333333333333333
19869	179	0	5	0.44	153.8	769.0	0.6666666666666666
19870	361	1	4	0.9	184.6	923.0	1.0
19871	351	0	5	0.87	159.0	795.0	0.6666666666666666
19872	286	0	5	0.7075	228.0	1140.0	0.3333333333333333
19873	252	1	4	0.6275	196.8	984.0	1.0
19874	209	0	5	0.515	153.0	765.0	0.3333333333333333
19875	172	0	5	0.4225	105.0	525.0	0.3333333333333333
19876	355	0	5	0.88	267.8	1339.0	0.3333333333333333
19877	50	0	5	0.1175	48.0	240.0	0.0
19878	166	0	5	0.4075	56.8	284.0	0.3333333333333333
19879	380	0	5	0.9425	137.0	685.0	0.6666666666666666
19880	377	0	5	0.935	166.8	834.0	0.6666666666666666
19881	310	0	5	0.7675	256.6	1283.0	0.6666666666666666
19882	48	0	5	0.1125	46.0	230.0	0.0
19883	174	0	5	0.4275	167.8	839.0	0.0
19884	291	0	5	0.72	122.8	614.0	0.3333333333333333
19885	89	0	5	0.215	87.0	435.0	0.0
19886	392	1	4	0.9775	219.8	1099.0	1.0
19887	123	0	5	0.3	121.0	605.0	0.0
19888	374	0	5	0.9275	280.4	1402.0	0.3333333333333333
19889	187	0	5	0.46	132.2	661.0	0.6666666666666666
19890	140	1	4	0.3475	115.6	578.0	1.0
19891	140	0	5	0.3425	109.2	546.0	0.3333333333333333
19892	18	0	5	0.0375	16.0	80.0	0.0
19893	317	0	5	0.785	219.8	1099.0	0.3333333333333333
19894	280	0	5	0.6925	243.0	1215.0	0.6666666666666666
19895	300	1	4	0.7475	123.4	617.0	1.0
19896	304	0	5	0.7525	260.6	1303.0	0.6666666666666666
19897	234	0	5	0.5775	227.2	1136.0	0.6666666666666666
19898	325	0	5	0.805	171.8	859.0	0.3333333333333333
19899	192	0	5	0.4725	145.4	727.0	0.6666666666666666
19900	86	0	5	0.2075	84.0	420.0	0.0
19901	264	0	5	0.6525	222.8	1114.0	0.3333333333333333
19902	163	0	5	0.4	147.2	736.0	0.0
19903	379	1	4	0.945	230.6	1153.0	1.0
19904	82	0	5	0.1975	75.4	377.0	0.0
19905	249	0	5	0.615	80.2	401.0	0.3333333333333333
19906	188	0	5	0.4625	186.0	930.0	0.0
19907	359	0	5	0.89	258.0	1290.0	0.3333333333333333
19908	296	0	5	0.7325	189.4	947.0	0.6666666666666666
19909	71	0	5	0.17	39.2	196.0	0.3333333333333333
19910	346	0	5	0.8575	144.8	724.0	0.3333333333333333
19911	328	0	5	0.8125	285.8	1429.0	0.6666666666666666
19912	235	0	5	0.58	198.8	994.0	0.0
19913	138	0	5	0.3375	115.2	576.0	0.0
19914	120	0	5	0.2925	110.8	554.0	0.0
19915	199	0	5	0.49	95.6	478.0	0.3333333333333333
19916	214	0	5	0.5275	165.2	826.0	0.3333333333333333
19917	364	1	4	0.9075	92.2	461.0	1.0
19918	241	0	5	0.595	120.2	601.0	0.6666666666666666
19919	165	0	5	0.405	146.0	730.0	0.3333333333333333
19920	125	0	5	0.305	107.6	538.0	0.3333333333333333
19921	370	0	5	0.9175	245.6	1228.0	0.6666666666666666
19922	152	0	5	0.3725	114.8	574.0	0.0
19923	66	0	5	0.1575	40.6	203.0	0.0
19924	216	0	5	0.5325	143.4	717.0	0.6666666666666666
19925	200	0	5	0.4925	151.0	755.0	0.3333333333333333
19926	257	1	4	0.64	57.0	285.0	1.0
19927	153	0	5	0.375	65.4	327.0	0.3333333333333333
19928	294	0	5	0.7275	178.2	891.0	0.3333333333333333
19929	257	0	5	0.635	157.4	787.0	0.3333333333333333
19930	372	0	5	0.9225	157.8	789.0	0.3333333333333333
19931	276	0	5	0.6825	125.8	629.0	0.6666666666666666
19932	111	0	5	0.27	81.8	409.0	0.3333333333333333
19933	65	0	5	0.155	63.0	315.0	0.0
19934	288	0	5	0.7125	173.4	867.0	0.3333333333333333
19935	310	0	5	0.7675	206.8	1034.0	0.6666666666666666
19936	343	0	5	0.85	74.2	371.0	0.3333333333333333
19937	253	1	4	0.63	147.4	737.0	1.0
19938	342	0	5	0.8475	181.2	906.0	0.6666666666666666
19939	56	0	5	0.1325	54.0	270.0	0.0
19940	239	0	5	0.59	233.6	1168.0	0.3333333333333333
19941	140	0	5	0.3425	130.2	651.0	0.3333333333333333
19942	61	0	5	0.145	57.8	289.0	0.3333333333333333
19943	271	0	5	0.67	60.2	301.0	0.6666666666666666
19944	358	0	5	0.8875	267.0	1335.0	0.3333333333333333
19945	258	0	5	0.6375	182.4	912.0	0.3333333333333333
19946	208	0	5	0.5125	102.4	512.0	0.6666666666666666
19947	16	0	5	0.0325	14.0	70.0	0.0
19948	350	0	5	0.8675	101.2	506.0	0.6666666666666666
19949	299	0	5	0.74	225.6	1128.0	0.3333333333333333
19950	367	0	5	0.91	156.6	783.0	0.6666666666666666
19951	185	0	5	0.455	95.0	475.0	0.3333333333333333
19952	261	0	5	0.645	160.8	804.0	0.3333333333333333
19953	184	0	5	0.4525	173.2	866.0	0.6666666666666666
19954	124	0	5	0.3025	94.6	473.0	0.3333333333333333
19955	375	1	4	0.935	156.0	780.0	1.0
19956	168	0	5	0.4125	93.6	468.0	0.6666666666666666
19957	280	0	5	0.6925	146.6	733.0	0.3333333333333333
19958	314	1	4	0.7825	85.2	426.0	1.0
19959	314	0	5	0.7775	216.8	1084.0	0.3333333333333333
19960	273	0	5	0.675	247.0	1235.0	0.0
19961	306	0	5	0.7575	239.2	1196.0	0.3333333333333333
19962	328	0	5	0.8125	274.8	1374.0	0.6666666666666666
19963	361	1	4	0.9	147.4	737.0	1.0
19964	4	0	5	0.0025	2.0	10.0	0.0
19965	274	0	5	0.6775	179.6	898.0	0.3333333333333333
19966	205	0	5	0.505	139.6	698.0	0.6666666666666666
19967	90	0	5	0.2175	88.0	440.0	0.0
19968	134	0	5	0.3275	82.4	412.0	0.0
19969	146	0	5	0.3575	90.8	454.0	0.3333333333333333
19970	233	0	5	0.575	144.6	723.0	0.0
19971	60	0	5	0.1425	53.2	266.0	0.3333333333333333
19972	311	0	5	0.77	132.6	663.0	0.3333333333333333
19973	240	0	5	0.5925	182.4	912.0	0.0
19974	377	0	5	0.935	211.2	1056.0	0.6666666666666666
19975	279	0	5	0.69	234.6	1173.0	0.3333333333333333
19976	107	0	5	0.26	90.8	454.0	0.0
19977	143	0	5	0.35	108.0	540.0	0.3333333333333333
19978	218	0	5	0.5375	77.4	387.0	0.6666666666666666
19979	330	0	5	0.8175	203.4	1017.0	0.3333333333333333
19980	237	0	5	0.585	170.6	853.0	0.0
19981	204	0	5	0.5025	136.8	684.0	0.0
19982	155	0	5	0.38	153.0	765.0	0.0
19983	174	0	5	0.4275	79.6	398.0	0.3333333333333333
19984	117	0	5	0.285	115.0	575.0	0.0
19985	296	1	4	0.7375	142.8	714.0	1.0
19986	122	1	4	0.3025	82.8	414.0	1.0
19987	357	0	5	0.885	226.0	1130.0	0.6666666666666666
19988	242	0	5	0.5975	201.2	1006.0	0.0
19989	319	0	5	0.79	97.0	485.0	0.3333333333333333
19990	171	0	5	0.42	81.0	405.0	0.3333333333333333
19991	178	0	5	0.4375	47.2	236.0	0.6666666666666666
19992	146	0	5	0.3575	74.8	374.0	0.6666666666666666
19993	341	1	4	0.85	198.2	991.0	1.0
19994	383	0	5	0.95	295.0	1475.0	0.6666666666666666
19995	231	0	5	0.57	196.2	981.0	0.6666666666666666
19996	393	0	5	0.975	172.2	861.0	0.6666666666666666
19997	325	0	5	0.805	173.8	869.0	0.6666666666666666
19998	290	0	5	0.7175	225.6	1128.0	0.3333333333333333
19999	113	0	5	0.275	30.2	151.0	0.3333333333333333
20000	77	0	5	0.185	52.6	263.0	0.0
20001	117	0	5	0.285	115.0	575.0	0.0
20002	236	0	5	0.5825	116.2	581.0	0.3333333333333333
20003	203	0	5	0.5	172.8	864.0	0.6666666666666666
20004	300	0	5	0.7425	227.4	1137.0	0.6666666666666666
20005	335	0	5	0.83	146.6	733.0	0.6666666666666666
20006	343	0	5	0.85	141.2	706.0	0.3333333333333333
20007	185	0	5	0.455	141.0	705.0	0.6666666666666666
20008	12	0	5	0.0225	10.0	50.0	0.0
20009	2	0	5	0.0	0.0	0.0	0.0
20010	59	0	5	0.14	57.0	285.0	0.0
20011	318	0	5	0.7875	141.6	708.0	0.3333333333333333
20012	248	0	5	0.6125	171.6	858.0	0.6666666666666666
20013	129	0	5	0.315	123.6	618.0	0.0
20014	146	0	5	0.3575	88.0	440.0	0.3333333333333333
20015	285	0	5	0.705	159.6	798.0	0.6666666666666666
20016	327	0	5	0.81	187.0	935.0	0.6666666666666666
20017	243	0	5	0.6	150.6	753.0	0.6666666666666666
20018	126	0	5	0.3075	55.6	278.0	0.0
20019	273	0	5	0.675	154.2	771.0	0.6666666666666666
20020	73	0	5	0.175	71.0	355.0	0.0
20021	53	0	5	0.125	51.0	255.0	0.0
20022	108	0	5	0.2625	106.0	530.0	0.0
20023	230	0	5	0.5675	103.0	515.0	0.6666666666666666
20024	153	0	5	0.375	106.2	531.0	0.3333333333333333
20025	199	0	5	0.49	147.8	739.0	0.3333333333333333
20026	170	0	5	0.4175	78.4	392.0	0.3333333333333333
20027	273	0	5	0.675	202.2	1011.0	0.3333333333333333
20028	365	0	5	0.905	112.6	563.0	0.6666666666666666
20029	381	0	5	0.945	152.8	764.0	0.6666666666666666
20030	204	0	5	0.5025	91.2	456.0	0.3333333333333333
20031	132	0	5	0.3225	130.0	650.0	0.0
20032	32	0	5	0.0725	30.0	150.0	0.0
20033	76	0	5	0.1825	46.0	230.0	0.3333333333333333
20034	139	0	5	0.34	112.6	563.0	0.3333333333333333
20035	333	0	5	0.825	165.4	827.0	0.3333333333333333
20036	54	0	5	0.1275	52.0	260.0	0.0
20037	117	0	5	0.285	105.8	529.0	0.0
20038	296	0	5	0.7325	245.0	1225.0	0.3333333333333333
20039	198	1	4	0.4925	42.0	210.0	1.0
20040	263	0	5	0.65	173.4	867.0	0.3333333333333333
20041	226	0	5	0.5575	129.6	648.0	0.3333333333333333
20042	293	1	3	0.73	168.8	844.0	1.0
20043	60	0	5	0.1425	18.0	90.0	0.3333333333333333
20044	333	1	4	0.83	290.4	1452.0	1.0
20045	290	0	5	0.7175	219.0	1095.0	0.3333333333333333
20046	26	0	5	0.0575	19.2	96.0	0.3333333333333333
20047	209	0	5	0.515	121.0	605.0	0.3333333333333333
20048	173	0	5	0.425	83.4	417.0	0.0
20049	384	1	4	0.9575	199.2	996.0	1.0
20050	98	0	5	0.2375	43.2	216.0	0.6666666666666666
20051	158	0	5	0.3875	131.6	658.0	0.0
20052	329	1	4	0.82	197.4	987.0	1.0
20053	179	0	5	0.44	79.8	399.0	0.3333333333333333
20054	184	0	5	0.4525	66.2	331.0	0.3333333333333333
20055	379	1	4	0.945	219.6	1098.0	1.0
20056	177	0	5	0.435	136.0	680.0	0.3333333333333333
20057	2	0	5	0.0	0.0	0.0	0.0
20058	115	0	5	0.28	63.8	319.0	0.0
20059	257	0	5	0.635	112.8	564.0	0.6666666666666666
20060	340	0	5	0.8425	212.8	1064.0	0.6666666666666666
20061	14	0	5	0.0275	12.0	60.0	0.0
20062	234	0	5	0.5775	218.4	1092.0	0.3333333333333333
20063	50	0	5	0.1175	42.0	210.0	0.0
20064	5	0	5	0.005	3.0	15.0	0.0
20065	282	0	5	0.6975	129.6	648.0	0.6666666666666666
20066	36	0	5	0.0825	34.0	170.0	0.0
20067	174	0	5	0.4275	168.4	842.0	0.0
20068	224	0	5	0.5525	118.4	592.0	0.6666666666666666
20069	100	0	5	0.2425	98.0	490.0	0.0
20070	299	0	5	0.74	110.6	553.0	0.6666666666666666
20071	362	1	4	0.9025	245.6	1228.0	1.0
20072	91	0	5	0.22	47.4	237.0	0.6666666666666666
20073	167	0	5	0.41	49.8	249.0	0.3333333333333333
20074	293	0	5	0.725	234.8	1174.0	0.3333333333333333
20075	261	0	5	0.645	214.2	1071.0	0.3333333333333333
20076	388	1	3	0.9675	361.0	1805.0	1.0
20077	122	0	5	0.2975	55.2	276.0	0.0
20078	10	0	5	0.0175	8.0	40.0	0.0
20079	74	0	5	0.1775	36.0	180.0	0.0
20080	234	0	5	0.5775	134.8	674.0	0.3333333333333333
20081	379	1	4	0.945	118.2	591.0	1.0
20082	232	0	5	0.5725	186.8	934.0	0.3333333333333333
20083	170	1	4	0.4225	54.8	274.0	1.0
20084	386	0	5	0.9575	291.6	1458.0	0.6666666666666666
20085	216	1	4	0.5375	49.6	248.0	1.0
20086	200	0	5	0.4925	185.0	925.0	0.3333333333333333
20087	133	0	5	0.325	93.8	469.0	0.0
20088	214	0	5	0.5275	132.8	664.0	0.3333333333333333
20089	399	1	4	0.995	252.4	1262.0	1.0
20090	132	0	5	0.3225	111.6	558.0	0.3333333333333333
20091	281	0	5	0.695	255.4	1277.0	0.0
20092	157	0	5	0.385	154.2	771.0	0.3333333333333333
20093	5	0	5	0.005	3.0	15.0	0.0
20094	111	0	5	0.27	109.0	545.0	0.0
20095	58	0	5	0.1375	36.8	184.0	0.3333333333333333
20096	277	0	5	0.685	145.4	727.0	0.3333333333333333
20097	58	0	5	0.1375	56.0	280.0	0.0
20098	125	0	5	0.305	63.0	315.0	0.3333333333333333
20099	198	0	5	0.4875	121.2	606.0	0.0
20100	335	0	5	0.83	245.8	1229.0	0.3333333333333333
20101	325	0	5	0.805	220.0	1100.0	0.3333333333333333
20102	193	0	5	0.475	129.0	645.0	0.3333333333333333
20103	394	1	4	0.9825	235.6	1178.0	1.0
20104	300	0	5	0.7425	158.8	794.0	0.3333333333333333
20105	122	0	5	0.2975	120.0	600.0	0.0
20106	29	0	5	0.065	27.0	135.0	0.0
20107	230	0	5	0.5675	179.4	897.0	0.3333333333333333
20108	193	1	4	0.48	131.0	655.0	1.0
20109	224	0	5	0.5525	151.8	759.0	0.3333333333333333
20110	198	0	5	0.4875	150.8	754.0	0.3333333333333333
20111	109	0	5	0.265	63.0	315.0	0.3333333333333333
20112	369	0	5	0.915	126.2	631.0	0.6666666666666666
20113	237	0	5	0.585	225.6	1128.0	0.6666666666666666
20114	180	0	5	0.4425	161.2	806.0	0.3333333333333333
20115	191	0	5	0.47	171.2	856.0	0.0
20116	187	0	5	0.46	46.6	233.0	0.6666666666666666
20117	199	0	5	0.49	137.0	685.0	0.3333333333333333
20118	191	0	5	0.47	129.8	649.0	0.6666666666666666
20119	357	0	5	0.885	127.8	639.0	0.6666666666666666
20120	67	0	5	0.16	27.4	137.0	0.6666666666666666
20121	348	0	5	0.8625	101.8	509.0	0.6666666666666666
20122	128	0	5	0.3125	89.2	446.0	0.3333333333333333
20123	315	1	3	0.785	196.2	981.0	1.0
20124	394	0	5	0.9775	135.2	676.0	0.6666666666666666
20125	365	0	5	0.905	204.6	1023.0	0.6666666666666666
20126	202	0	5	0.4975	155.0	775.0	0.3333333333333333
20127	22	0	5	0.0475	14.0	70.0	0.0
20128	337	0	5	0.835	191.0	955.0	0.6666666666666666
20129	190	0	5	0.4675	76.8	384.0	0.6666666666666666
20130	202	0	5	0.4975	163.6	818.0	0.3333333333333333
20131	202	1	4	0.5025	126.8	634.0	1.0
20132	159	0	5	0.39	137.2	686.0	0.3333333333333333
20133	291	0	5	0.72	75.0	375.0	0.6666666666666666
20134	252	1	4	0.6275	128.6	643.0	1.0
20135	152	0	5	0.3725	150.0	750.0	0.0
20136	131	0	5	0.32	114.0	570.0	0.0
20137	301	0	5	0.745	238.0	1190.0	0.3333333333333333
20138	278	1	4	0.6925	155.2	776.0	1.0
20139	120	0	5	0.2925	118.0	590.0	0.0
20140	310	0	5	0.7675	155.2	776.0	0.0
20141	121	0	5	0.295	99.6	498.0	0.3333333333333333
20142	136	0	5	0.3325	81.2	406.0	0.0
20143	16	0	5	0.0325	14.0	70.0	0.0
20144	85	0	5	0.205	83.0	415.0	0.0
20145	92	0	5	0.2225	54.0	270.0	0.0
20146	220	0	5	0.5425	143.2	716.0	0.3333333333333333
20147	214	0	5	0.5275	186.0	930.0	0.6666666666666666
20148	198	0	5	0.4875	114.8	574.0	0.3333333333333333
20149	82	0	5	0.1975	80.0	400.0	0.0
20150	142	0	5	0.3475	118.4	592.0	0.0
20151	400	0	5	0.9925	155.2	776.0	0.6666666666666666
20152	296	0	5	0.7325	239.8	1199.0	0.3333333333333333
20153	340	0	5	0.8425	189.4	947.0	0.3333333333333333
20154	142	1	4	0.3525	130.0	650.0	1.0
20155	242	0	5	0.5975	126.0	630.0	0.3333333333333333
20156	390	1	4	0.9725	302.6	1513.0	1.0
20157	398	0	5	0.9875	158.4	792.0	0.6666666666666666
20158	360	0	5	0.8925	178.2	891.0	0.6666666666666666
20159	209	0	5	0.515	179.8	899.0	0.3333333333333333
20160	132	0	5	0.3225	94.0	470.0	0.3333333333333333
20161	346	0	5	0.8575	207.0	1035.0	0.6666666666666666
20162	378	1	4	0.9425	313.8	1569.0	1.0
20163	242	0	5	0.5975	86.4	432.0	0.3333333333333333
20164	199	0	5	0.49	197.0	985.0	0.3333333333333333
20165	139	0	5	0.34	95.4	477.0	0.3333333333333333
20166	210	0	5	0.5175	92.8	464.0	0.6666666666666666
20167	391	0	5	0.97	248.2	1241.0	0.6666666666666666
20168	144	0	5	0.3525	71.6	358.0	0.3333333333333333
20169	180	0	5	0.4425	92.8	464.0	0.3333333333333333
20170	211	0	5	0.52	209.0	1045.0	0.0
20171	285	0	5	0.705	217.0	1085.0	0.6666666666666666
20172	155	0	5	0.38	108.0	540.0	0.3333333333333333
20173	329	0	5	0.815	324.6	1623.0	0.3333333333333333
20174	26	0	5	0.0575	24.0	120.0	0.0
20175	307	0	5	0.76	119.8	599.0	0.6666666666666666
20176	121	0	5	0.295	115.0	575.0	0.3333333333333333
20177	363	1	4	0.905	98.4	492.0	1.0
20178	71	0	5	0.17	37.0	185.0	0.3333333333333333
20179	390	1	4	0.9725	235.2	1176.0	1.0
20180	362	0	5	0.8975	285.8	1429.0	0.6666666666666666
20181	214	0	5	0.5275	98.4	492.0	0.3333333333333333
20182	312	0	5	0.7725	114.8	574.0	0.6666666666666666
20183	349	0	5	0.865	286.6	1433.0	0.3333333333333333
20184	312	0	5	0.7725	203.6	1018.0	0.6666666666666666
20185	348	1	4	0.8675	109.6	548.0	1.0
20186	263	0	5	0.65	228.8	1144.0	0.0
20187	244	0	5	0.6025	224.0	1120.0	0.0
20188	159	1	4	0.395	106.6	533.0	1.0
20189	279	0	5	0.69	102.8	514.0	0.6666666666666666
20190	254	0	5	0.6275	66.0	330.0	0.6666666666666666
20191	307	0	5	0.76	226.2	1131.0	0.3333333333333333
20192	116	0	5	0.2825	96.6	483.0	0.0
20193	70	0	5	0.1675	20.0	100.0	0.3333333333333333
20194	323	0	5	0.8	231.0	1155.0	0.0
20195	237	0	5	0.585	156.0	780.0	0.3333333333333333
20196	102	0	5	0.2475	67.6	338.0	0.3333333333333333
20197	202	0	5	0.4975	158.4	792.0	0.3333333333333333
20198	210	0	5	0.5175	157.0	785.0	0.6666666666666666
20199	6	0	5	0.0075	4.0	20.0	0.0
20200	210	1	4	0.5225	180.4	902.0	1.0
20201	264	0	5	0.6525	241.6	1208.0	0.0
20202	144	0	5	0.3525	107.6	538.0	0.0
20203	365	0	5	0.905	254.2	1271.0	0.3333333333333333
20204	199	0	5	0.49	77.0	385.0	0.3333333333333333
20205	350	0	5	0.8675	311.6	1558.0	0.6666666666666666
20206	90	0	5	0.2175	88.0	440.0	0.0
20207	50	0	5	0.1175	44.0	220.0	0.3333333333333333
20208	291	0	5	0.72	167.4	837.0	0.0
20209	215	0	5	0.53	94.2	471.0	0.6666666666666666
20210	5	0	5	0.005	3.0	15.0	0.0
20211	371	1	4	0.925	170.2	851.0	1.0
20212	49	0	5	0.115	45.4	227.0	0.0
20213	139	0	5	0.34	34.6	173.0	0.3333333333333333
20214	227	0	5	0.56	141.0	705.0	0.3333333333333333
20215	194	0	5	0.4775	154.4	772.0	0.3333333333333333
20216	295	0	5	0.73	242.8	1214.0	0.3333333333333333
20217	367	0	5	0.91	322.2	1611.0	0.6666666666666666
20218	147	0	5	0.36	43.4	217.0	0.6666666666666666
20219	159	0	5	0.39	120.0	600.0	0.6666666666666666
20220	196	0	5	0.4825	137.6	688.0	0.6666666666666666
20221	60	0	5	0.1425	58.0	290.0	0.0
20222	199	0	5	0.49	95.8	479.0	0.3333333333333333
20223	176	0	5	0.4325	45.2	226.0	0.6666666666666666
20224	59	0	5	0.14	57.0	285.0	0.0
20225	260	0	5	0.6425	212.0	1060.0	0.3333333333333333
20226	78	0	5	0.1875	60.6	303.0	0.3333333333333333
20227	333	0	5	0.825	120.8	604.0	0.6666666666666666
20228	227	0	5	0.56	114.6	573.0	0.3333333333333333
20229	162	0	5	0.3975	110.2	551.0	0.3333333333333333
20230	141	0	5	0.345	79.4	397.0	0.3333333333333333
20231	295	0	5	0.73	128.2	641.0	0.6666666666666666
20232	265	1	4	0.66	166.2	831.0	1.0
20233	308	0	5	0.7625	220.6	1103.0	0.6666666666666666
20234	243	0	5	0.6	171.4	857.0	0.3333333333333333
20235	327	0	5	0.81	105.8	529.0	0.6666666666666666
20236	29	0	5	0.065	14.4	72.0	0.3333333333333333
20237	206	0	5	0.5075	76.8	384.0	0.6666666666666666
20238	330	0	5	0.8175	174.4	872.0	0.3333333333333333
20239	149	0	5	0.365	115.2	576.0	0.3333333333333333
20240	158	0	5	0.3875	79.8	399.0	0.3333333333333333
20241	155	0	5	0.38	70.8	354.0	0.0
20242	11	0	5	0.02	3.4	17.0	0.3333333333333333
20243	170	0	5	0.4175	159.0	795.0	0.3333333333333333
20244	120	0	5	0.2925	118.0	590.0	0.0
20245	106	0	5	0.2575	101.0	505.0	0.0
20246	115	1	4	0.285	46.2	231.0	1.0
20247	393	1	4	0.98	289.8	1449.0	1.0
20248	283	1	4	0.705	131.8	659.0	1.0
20249	217	0	5	0.535	212.4	1062.0	0.3333333333333333
20250	185	0	5	0.455	104.2	521.0	0.3333333333333333
20251	235	1	4	0.585	197.4	987.0	1.0
20252	65	0	5	0.155	63.0	315.0	0.0
20253	305	0	5	0.755	97.2	486.0	0.6666666666666666
20254	66	0	5	0.1575	64.0	320.0	0.0
20255	275	0	5	0.68	259.4	1297.0	0.0
20256	225	0	5	0.555	123.0	615.0	0.6666666666666666
20257	229	0	5	0.565	227.0	1135.0	0.3333333333333333
20258	353	0	5	0.875	322.6	1613.0	0.6666666666666666
20259	23	0	5	0.05	21.0	105.0	0.0
20260	100	0	5	0.2425	98.0	490.0	0.0
20261	265	0	5	0.655	184.8	924.0	0.6666666666666666
20262	396	0	5	0.9825	374.6	1873.0	0.6666666666666666
20263	222	1	4	0.5525	117.8	589.0	1.0
20264	163	0	5	0.4	101.8	509.0	0.0
20265	74	0	5	0.1775	37.6	188.0	0.0
20266	238	0	5	0.5875	161.0	805.0	0.6666666666666666
20267	203	0	5	0.5	99.0	495.0	0.6666666666666666
20268	378	0	5	0.9375	140.0	700.0	0.6666666666666666
20269	70	0	5	0.1675	56.8	284.0	0.3333333333333333
20270	6	0	5	0.0075	4.0	20.0	0.0
20271	390	0	5	0.9675	212.0	1060.0	0.6666666666666666
20272	361	0	5	0.895	209.2	1046.0	0.6666666666666666
20273	276	0	5	0.6825	271.4	1357.0	0.3333333333333333
20274	103	0	5	0.25	90.6	453.0	0.6666666666666666
20275	213	1	4	0.53	154.6	773.0	1.0
20276	240	0	5	0.5925	115.0	575.0	0.3333333333333333
20277	187	0	5	0.46	90.8	454.0	0.3333333333333333
20278	308	0	5	0.7625	207.4	1037.0	0.6666666666666666
20279	140	0	5	0.3425	73.4	367.0	0.3333333333333333
20280	249	0	5	0.615	148.4	742.0	0.3333333333333333
20281	55	0	5	0.13	53.0	265.0	0.0
20282	395	0	5	0.98	210.8	1054.0	0.6666666666666666
20283	104	0	5	0.2525	92.4	462.0	0.3333333333333333
20284	82	0	5	0.1975	69.0	345.0	0.3333333333333333
20285	356	0	5	0.8825	182.6	913.0	0.6666666666666666
20286	250	0	5	0.6175	92.0	460.0	0.6666666666666666
20287	261	0	5	0.645	111.8	559.0	0.6666666666666666
20288	340	0	5	0.8425	241.6	1208.0	0.6666666666666666
20289	116	0	5	0.2825	70.8	354.0	0.3333333333333333
20290	177	0	5	0.435	136.2	681.0	0.3333333333333333
20291	45	0	5	0.105	29.0	145.0	0.3333333333333333
20292	211	0	5	0.52	74.0	370.0	0.3333333333333333
20293	22	0	5	0.0475	19.6	98.0	0.3333333333333333
20294	289	0	5	0.715	192.2	961.0	0.3333333333333333
20295	286	0	5	0.7075	118.8	594.0	0.3333333333333333
20296	96	0	5	0.2325	83.6	418.0	0.0
20297	212	0	5	0.5225	174.0	870.0	0.3333333333333333
20298	297	0	5	0.735	268.2	1341.0	0.3333333333333333
20299	10	0	5	0.0175	8.0	40.0	0.0
20300	75	0	5	0.18	58.8	294.0	0.0
20301	271	0	5	0.67	174.2	871.0	0.3333333333333333
20302	400	1	4	0.9975	239.4	1197.0	1.0
20303	184	0	5	0.4525	165.6	828.0	0.3333333333333333
20304	103	0	5	0.25	101.0	505.0	0.0
20305	62	0	5	0.1475	60.0	300.0	0.0
20306	219	0	5	0.54	148.6	743.0	0.0
20307	164	0	5	0.4025	125.4	627.0	0.6666666666666666
20308	286	0	5	0.7075	225.6	1128.0	0.6666666666666666
20309	96	0	5	0.2325	88.8	444.0	0.0
20310	320	0	5	0.7925	212.2	1061.0	0.3333333333333333
20311	83	0	5	0.2	71.2	356.0	0.0
20312	42	0	5	0.0975	35.2	176.0	0.3333333333333333
20313	236	0	5	0.5825	124.8	624.0	0.3333333333333333
20314	401	0	4	0.9975	116.8	584.0	0.6666666666666666
20315	28	0	5	0.0625	26.0	130.0	0.0
20316	306	0	5	0.7575	68.0	340.0	0.6666666666666666
20317	314	0	5	0.7775	238.8	1194.0	0.6666666666666666
20318	323	0	5	0.8	151.2	756.0	0.3333333333333333
20319	3	0	5	0.0025	0.4	2.0	0.3333333333333333
20320	190	0	5	0.4675	148.0	740.0	0.0
20321	394	1	4	0.9825	198.2	991.0	1.0
20322	65	0	5	0.155	61.6	308.0	0.0
20323	340	0	5	0.8425	151.2	756.0	0.6666666666666666
20324	228	0	5	0.5625	188.6	943.0	0.6666666666666666
20325	118	0	5	0.2875	97.6	488.0	0.3333333333333333
20326	101	0	5	0.245	45.4	227.0	0.3333333333333333
20327	267	0	5	0.66	223.2	1116.0	0.3333333333333333
20328	99	0	5	0.24	96.6	483.0	0.0
20329	214	1	4	0.5325	122.2	611.0	1.0
20330	219	0	5	0.54	122.2	611.0	0.0
20331	20	0	5	0.0425	18.0	90.0	0.3333333333333333
20332	116	0	5	0.2825	83.6	418.0	0.3333333333333333
20333	7	0	5	0.01	2.6	13.0	0.3333333333333333
20334	248	0	5	0.6125	179.6	898.0	0.3333333333333333
20335	373	0	5	0.925	130.2	651.0	0.6666666666666666
20336	82	0	5	0.1975	56.0	280.0	0.3333333333333333
20337	369	0	5	0.915	231.4	1157.0	0.3333333333333333
20338	125	0	5	0.305	51.0	255.0	0.3333333333333333
20339	214	1	4	0.5325	137.4	687.0	1.0
20340	374	0	5	0.9275	340.2	1701.0	0.6666666666666666
20341	107	0	5	0.26	93.8	469.0	0.3333333333333333
20342	279	0	5	0.69	195.0	975.0	0.3333333333333333
20343	185	1	4	0.46	62.2	311.0	1.0
20344	304	0	5	0.7525	174.4	872.0	0.6666666666666666
20345	154	0	5	0.3775	60.2	301.0	0.3333333333333333
20346	194	1	4	0.4825	41.2	206.0	1.0
20347	152	0	5	0.3725	88.8	444.0	0.3333333333333333
20348	359	1	4	0.895	299.6	1498.0	1.0
20349	143	0	5	0.35	106.6	533.0	0.0
20350	182	0	5	0.4475	180.0	900.0	0.3333333333333333
20351	361	0	5	0.895	271.0	1355.0	0.3333333333333333
20352	170	0	5	0.4175	111.2	556.0	0.3333333333333333
20353	107	0	5	0.26	89.0	445.0	0.0
20354	205	0	5	0.505	159.6	798.0	0.6666666666666666
20355	376	0	5	0.9325	134.0	670.0	0.6666666666666666
20356	235	0	5	0.58	51.8	259.0	0.3333333333333333
20357	28	0	5	0.0625	26.0	130.0	0.0
20358	50	0	5	0.1175	37.2	186.0	0.3333333333333333
20359	138	0	5	0.3375	104.8	524.0	0.3333333333333333
20360	234	0	5	0.5775	166.0	830.0	0.6666666666666666
20361	142	0	5	0.3475	85.6	428.0	0.0
20362	202	0	5	0.4975	165.2	826.0	0.0
20363	155	0	5	0.38	116.2	581.0	0.6666666666666666
20364	181	0	5	0.445	114.2	571.0	0.3333333333333333
20365	132	0	5	0.3225	130.0	650.0	0.0
20366	143	0	5	0.35	98.2	491.0	0.3333333333333333
20367	340	0	5	0.8425	98.6	493.0	0.6666666666666666
20368	157	0	5	0.385	102.8	514.0	0.3333333333333333
20369	73	0	5	0.175	68.2	341.0	0.0
20370	147	1	4	0.365	89.4	447.0	1.0
20371	389	0	5	0.965	311.0	1555.0	0.6666666666666666
20372	389	0	5	0.965	232.2	1161.0	0.6666666666666666
20373	377	1	4	0.94	174.8	874.0	1.0
20374	67	0	5	0.16	53.4	267.0	0.0
20375	400	0	5	0.9925	373.2	1866.0	0.6666666666666666
20376	216	0	5	0.5325	129.0	645.0	0.3333333333333333
20377	166	1	4	0.4125	34.8	174.0	1.0
20378	307	0	5	0.76	63.4	317.0	0.6666666666666666
20379	76	0	5	0.1825	74.0	370.0	0.0
20380	43	0	5	0.1	29.0	145.0	0.3333333333333333
20381	38	0	5	0.0875	34.2	171.0	0.3333333333333333
20382	160	0	5	0.3925	125.2	626.0	0.3333333333333333
20383	340	0	5	0.8425	93.2	466.0	0.6666666666666666
20384	160	0	5	0.3925	82.8	414.0	0.6666666666666666
20385	258	0	5	0.6375	152.8	764.0	0.3333333333333333
20386	238	0	5	0.5875	130.4	652.0	0.3333333333333333
20387	171	0	5	0.42	66.8	334.0	0.6666666666666666
20388	359	0	5	0.89	204.6	1023.0	0.3333333333333333
20389	206	0	5	0.5075	198.8	994.0	0.6666666666666666
20390	312	1	4	0.7775	263.6	1318.0	1.0
20391	289	0	5	0.715	167.0	835.0	0.3333333333333333
20392	99	0	5	0.24	97.0	485.0	0.0
20393	80	0	5	0.1925	78.0	390.0	0.0
20394	313	0	5	0.775	131.0	655.0	0.6666666666666666
20395	120	1	3	0.2975	94.4	472.0	1.0
20396	393	0	5	0.975	140.2	701.0	0.6666666666666666
20397	361	0	5	0.895	234.2	1171.0	0.6666666666666666
20398	256	0	5	0.6325	115.2	576.0	0.6666666666666666
20399	102	0	5	0.2475	73.6	368.0	0.3333333333333333
20400	57	0	5	0.135	38.2	191.0	0.3333333333333333
20401	232	0	5	0.5725	81.6	408.0	0.6666666666666666
20402	321	0	5	0.795	216.4	1082.0	0.6666666666666666
20403	236	0	5	0.5825	199.8	999.0	0.3333333333333333
20404	382	0	5	0.9475	242.6	1213.0	0.6666666666666666
20405	120	0	5	0.2925	67.6	338.0	0.0
20406	351	1	4	0.875	92.6	463.0	1.0
20407	280	0	5	0.6925	205.4	1027.0	0.0
20408	338	1	4	0.8425	98.6	493.0	1.0
20409	202	0	5	0.4975	144.2	721.0	0.0
20410	123	0	5	0.3	74.2	371.0	0.3333333333333333
20411	134	0	5	0.3275	113.2	566.0	0.3333333333333333
20412	177	0	5	0.435	49.4	247.0	0.3333333333333333
20413	43	0	5	0.1	13.8	69.0	0.3333333333333333
20414	56	0	5	0.1325	54.0	270.0	0.0
20415	384	0	5	0.9525	142.8	714.0	0.6666666666666666
20416	259	0	5	0.64	227.6	1138.0	0.0
20417	369	0	5	0.915	308.2	1541.0	0.6666666666666666
20418	260	0	5	0.6425	164.8	824.0	0.3333333333333333
20419	181	0	5	0.445	179.0	895.0	0.0
20420	318	0	5	0.7875	188.8	944.0	0.6666666666666666
20421	100	0	5	0.2425	61.2	306.0	0.3333333333333333
20422	367	0	5	0.91	353.6	1768.0	0.3333333333333333
20423	191	1	4	0.475	40.6	203.0	1.0
20424	209	0	5	0.515	178.2	891.0	0.6666666666666666
20425	282	1	4	0.7025	154.2	771.0	1.0
20426	196	0	5	0.4825	121.2	606.0	0.3333333333333333
20427	215	0	5	0.53	139.4	697.0	0.6666666666666666
20428	217	0	5	0.535	210.8	1054.0	0.3333333333333333
20429	41	0	5	0.095	39.0	195.0	0.0
20430	122	0	5	0.2975	74.6	373.0	0.6666666666666666
20431	247	0	5	0.61	143.4	717.0	0.3333333333333333
20432	25	0	5	0.055	23.0	115.0	0.0
20433	233	0	5	0.575	66.2	331.0	0.6666666666666666
20434	189	0	5	0.465	151.8	759.0	0.3333333333333333
20435	116	0	5	0.2825	97.2	486.0	0.3333333333333333
20436	114	0	5	0.2775	110.8	554.0	0.0
20437	88	0	5	0.2125	45.6	228.0	0.6666666666666666
20438	44	0	5	0.1025	42.0	210.0	0.0
20439	135	0	5	0.33	43.4	217.0	0.3333333333333333
20440	230	0	5	0.5675	116.4	582.0	0.6666666666666666
20441	216	0	5	0.5325	88.0	440.0	0.6666666666666666
20442	364	1	3	0.9075	183.6	918.0	1.0
20443	222	0	5	0.5475	127.2	636.0	0.0
20444	60	0	5	0.1425	58.0	290.0	0.0
20445	314	0	5	0.7775	302.0	1510.0	0.6666666666666666
20446	171	0	5	0.42	120.4	602.0	0.6666666666666666
20447	205	0	5	0.505	178.2	891.0	0.0
20448	325	0	5	0.805	204.0	1020.0	0.6666666666666666
20449	167	0	5	0.41	155.4	777.0	0.3333333333333333
20450	260	0	5	0.6425	181.2	906.0	0.3333333333333333
20451	327	0	5	0.81	201.0	1005.0	0.3333333333333333
20452	59	0	5	0.14	40.2	201.0	0.3333333333333333
20453	39	0	5	0.09	33.6	168.0	0.0
20454	12	0	5	0.0225	10.0	50.0	0.0
20455	176	0	5	0.4325	148.2	741.0	0.3333333333333333
20456	386	1	4	0.9625	145.8	729.0	1.0
20457	399	0	5	0.99	199.0	995.0	0.6666666666666666
20458	4	0	5	0.0025	2.0	10.0	0.0
20459	372	1	4	0.9275	200.8	1004.0	1.0
20460	309	0	5	0.765	284.6	1423.0	0.3333333333333333
20461	161	0	5	0.395	156.6	783.0	0.3333333333333333
20462	309	0	5	0.765	136.0	680.0	0.0
20463	116	0	5	0.2825	102.8	514.0	0.3333333333333333
20464	234	0	5	0.5775	223.6	1118.0	0.3333333333333333
20465	174	0	5	0.4275	58.4	292.0	0.6666666666666666
20466	229	0	5	0.565	204.4	1022.0	0.3333333333333333
20467	246	0	5	0.6075	198.4	992.0	0.0
20468	175	0	5	0.43	150.8	754.0	0.3333333333333333
20469	2	0	5	0.0	0.0	0.0	0.0
20470	105	0	5	0.255	70.6	353.0	0.3333333333333333
20471	261	0	5	0.645	142.0	710.0	0.6666666666666666
20472	146	1	4	0.3625	78.2	391.0	1.0
20473	252	0	5	0.6225	179.0	895.0	0.6666666666666666
20474	295	0	5	0.73	123.0	615.0	0.3333333333333333
20475	47	0	5	0.11	25.8	129.0	0.3333333333333333
20476	199	0	5	0.49	149.0	745.0	0.3333333333333333
20477	3	0	5	0.0025	0.2	1.0	0.3333333333333333
20478	318	0	5	0.7875	179.0	895.0	0.6666666666666666
20479	357	0	5	0.885	309.2	1546.0	0.6666666666666666
20480	175	0	5	0.43	138.6	693.0	0.6666666666666666
20481	116	0	5	0.2825	42.0	210.0	0.3333333333333333
20482	72	0	5	0.1725	68.4	342.0	0.3333333333333333
20483	52	0	5	0.1225	15.6	78.0	0.3333333333333333
20484	243	0	5	0.6	232.8	1164.0	0.0
20485	57	0	5	0.135	55.0	275.0	0.0
20486	136	1	4	0.3375	82.4	412.0	1.0
20487	130	0	5	0.3175	117.2	586.0	0.3333333333333333
20488	390	0	5	0.9675	250.2	1251.0	0.3333333333333333
20489	132	0	5	0.3225	39.6	198.0	0.3333333333333333
20490	291	0	5	0.72	191.0	955.0	0.6666666666666666
20491	27	0	5	0.06	25.0	125.0	0.0
20492	75	0	5	0.18	51.4	257.0	0.0
20493	243	0	5	0.6	166.8	834.0	0.3333333333333333
20494	185	0	5	0.455	62.0	310.0	0.3333333333333333
20495	341	0	5	0.845	197.2	986.0	0.6666666666666666
20496	285	1	4	0.71	78.6	393.0	1.0
20497	240	0	5	0.5925	213.0	1065.0	0.3333333333333333
20498	398	0	5	0.9875	132.0	660.0	0.6666666666666666
20499	376	0	5	0.9325	256.2	1281.0	0.6666666666666666
20500	279	0	5	0.69	130.4	652.0	0.3333333333333333
20501	368	0	5	0.9125	291.4	1457.0	0.6666666666666666
20502	261	0	5	0.645	169.0	845.0	0.3333333333333333
20503	312	0	5	0.7725	263.0	1315.0	0.0
20504	382	0	5	0.9475	245.6	1228.0	0.6666666666666666
20505	101	0	5	0.245	99.0	495.0	0.0
20506	96	0	5	0.2325	94.0	470.0	0.3333333333333333
20507	146	0	5	0.3575	110.0	550.0	0.3333333333333333
20508	370	0	5	0.9175	249.4	1247.0	0.6666666666666666
20509	94	0	5	0.2275	79.2	396.0	0.3333333333333333
20510	37	0	5	0.085	35.0	175.0	0.0
20511	73	0	5	0.175	47.0	235.0	0.3333333333333333
20512	369	0	5	0.915	111.8	559.0	0.6666666666666666
20513	238	0	5	0.5875	140.2	701.0	0.3333333333333333
20514	320	0	5	0.7925	135.0	675.0	0.6666666666666666
20515	270	0	5	0.6675	252.6	1263.0	0.6666666666666666
20516	246	0	5	0.6075	212.8	1064.0	0.6666666666666666
20517	50	0	5	0.1175	48.0	240.0	0.0
20518	21	0	5	0.045	19.0	95.0	0.0
20519	361	0	5	0.895	326.6	1633.0	0.3333333333333333
20520	87	0	5	0.21	17.4	87.0	0.3333333333333333
20521	191	0	5	0.47	96.0	480.0	0.0
20522	263	0	5	0.65	185.8	929.0	0.6666666666666666
20523	335	0	5	0.83	238.8	1194.0	0.3333333333333333
20524	343	0	5	0.85	142.4	712.0	0.3333333333333333
20525	334	0	5	0.8275	272.0	1360.0	0.3333333333333333
20526	298	0	5	0.7375	118.8	594.0	0.6666666666666666
20527	250	0	5	0.6175	211.8	1059.0	0.3333333333333333
20528	91	0	5	0.22	78.0	390.0	0.0
20529	268	1	4	0.6675	206.8	1034.0	1.0
20530	78	0	5	0.1875	76.0	380.0	0.0
20531	39	0	5	0.09	37.0	185.0	0.0
20532	186	0	5	0.4575	78.4	392.0	0.3333333333333333
20533	94	0	5	0.2275	87.2	436.0	0.3333333333333333
20534	145	0	5	0.355	91.6	458.0	0.3333333333333333
20535	296	1	4	0.7375	85.6	428.0	1.0
20536	371	0	5	0.92	286.4	1432.0	0.6666666666666666
20537	79	0	5	0.19	77.0	385.0	0.0
20538	105	0	5	0.255	71.2	356.0	0.3333333333333333
20539	31	0	5	0.07	29.0	145.0	0.0
20540	294	1	4	0.7325	169.8	849.0	1.0
20541	190	0	5	0.4675	161.6	808.0	0.3333333333333333
20542	309	0	5	0.765	79.8	399.0	0.6666666666666666
20543	184	0	5	0.4525	158.2	791.0	0.0
20544	231	0	5	0.57	147.8	739.0	0.3333333333333333
20545	201	0	5	0.495	178.4	892.0	0.3333333333333333
20546	246	0	5	0.6075	64.8	324.0	0.6666666666666666
20547	237	0	5	0.585	106.6	533.0	0.0
20548	9	0	5	0.015	7.0	35.0	0.0
20549	356	0	5	0.8825	254.6	1273.0	0.6666666666666666
20550	129	0	5	0.315	97.4	487.0	0.3333333333333333
20551	344	0	5	0.8525	141.0	705.0	0.6666666666666666
20552	210	0	5	0.5175	44.0	220.0	0.6666666666666666
20553	91	0	5	0.22	52.4	262.0	0.6666666666666666
20554	221	0	5	0.545	101.8	509.0	0.3333333333333333
20555	51	0	5	0.12	49.0	245.0	0.0
20556	370	0	5	0.9175	220.8	1104.0	0.6666666666666666
20557	236	1	4	0.5875	83.2	416.0	1.0
20558	357	0	5	0.885	217.6	1088.0	0.6666666666666666
20559	355	1	4	0.885	213.8	1069.0	1.0
20560	286	0	5	0.7075	154.6	773.0	0.6666666666666666
20561	93	1	4	0.23	71.0	355.0	1.0
20562	293	1	4	0.73	244.6	1223.0	1.0
20563	158	1	3	0.3925	144.6	723.0	1.0
20564	262	0	5	0.6475	162.0	810.0	0.6666666666666666
20565	285	0	5	0.705	216.2	1081.0	0.3333333333333333
20566	309	1	4	0.77	252.2	1261.0	1.0
20567	283	0	5	0.7	119.8	599.0	0.3333333333333333
20568	318	0	5	0.7875	205.0	1025.0	0.3333333333333333
20569	306	0	5	0.7575	237.0	1185.0	0.6666666666666666
20570	224	0	5	0.5525	150.6	753.0	0.3333333333333333
20571	294	0	5	0.7275	129.8	649.0	0.3333333333333333
20572	87	0	5	0.21	47.4	237.0	0.3333333333333333
20573	377	0	5	0.935	205.4	1027.0	0.3333333333333333
20574	324	0	5	0.8025	69.2	346.0	0.6666666666666666
20575	280	0	5	0.6925	172.8	864.0	0.6666666666666666
20576	384	1	4	0.9575	79.2	396.0	1.0
20577	178	0	5	0.4375	166.4	832.0	0.3333333333333333
20578	363	0	5	0.9	287.0	1435.0	0.3333333333333333
20579	306	0	5	0.7575	190.0	950.0	0.3333333333333333
20580	145	0	5	0.355	124.8	624.0	0.0
20581	183	0	5	0.45	85.8	429.0	0.6666666666666666
20582	166	0	5	0.4075	119.0	595.0	0.3333333333333333
20583	103	0	5	0.25	101.0	505.0	0.0
20584	141	0	5	0.345	76.6	383.0	0.6666666666666666
20585	364	0	5	0.9025	160.0	800.0	0.6666666666666666
20586	210	0	5	0.5175	88.6	443.0	0.6666666666666666
20587	393	0	5	0.975	172.0	860.0	0.3333333333333333
20588	95	0	5	0.23	33.6	168.0	0.3333333333333333
20589	396	0	5	0.9825	112.8	564.0	0.6666666666666666
20590	163	0	5	0.4	49.8	249.0	0.3333333333333333
20591	311	1	4	0.775	155.4	777.0	1.0
20592	23	0	5	0.05	21.0	105.0	0.0
20593	249	0	5	0.615	98.8	494.0	0.3333333333333333
20594	318	0	5	0.7875	264.6	1323.0	0.3333333333333333
20595	292	0	5	0.7225	224.6	1123.0	0.3333333333333333
20596	169	0	5	0.415	164.4	822.0	0.3333333333333333
20597	369	1	4	0.92	142.2	711.0	1.0
20598	225	0	5	0.555	167.0	835.0	0.6666666666666666
20599	140	0	5	0.3425	100.4	502.0	0.3333333333333333
20600	166	0	5	0.4075	164.0	820.0	0.0
20601	73	0	5	0.175	59.4	297.0	0.3333333333333333
20602	151	1	4	0.375	84.4	422.0	1.0
20603	272	0	5	0.6725	109.2	546.0	0.6666666666666666
20604	212	0	5	0.5225	101.4	507.0	0.3333333333333333
20605	328	0	5	0.8125	118.8	594.0	0.6666666666666666
20606	102	0	5	0.2475	100.0	500.0	0.3333333333333333
20607	275	0	5	0.68	113.4	567.0	0.6666666666666666
20608	294	0	5	0.7275	264.6	1323.0	0.3333333333333333
20609	110	0	5	0.2675	56.8	284.0	0.3333333333333333
20610	154	0	5	0.3775	95.2	476.0	0.3333333333333333
20611	342	0	5	0.8475	315.8	1579.0	0.3333333333333333
20612	361	0	5	0.895	188.8	944.0	0.6666666666666666
20613	261	1	3	0.65	205.0	1025.0	1.0
20614	31	0	5	0.07	29.0	145.0	0.0
20615	135	0	5	0.33	93.4	467.0	0.0
20616	263	0	5	0.65	155.4	777.0	0.3333333333333333
20617	189	0	5	0.465	186.2	931.0	0.3333333333333333
20618	269	0	5	0.665	249.0	1245.0	0.3333333333333333
20619	39	0	5	0.09	21.0	105.0	0.3333333333333333
20620	43	0	5	0.1	16.6	83.0	0.3333333333333333
20621	172	1	4	0.4275	138.8	694.0	1.0
20622	263	0	5	0.65	115.8	579.0	0.6666666666666666
20623	262	0	5	0.6475	133.4	667.0	0.0
20624	349	1	4	0.87	246.6	1233.0	1.0
20625	320	0	5	0.7925	256.2	1281.0	0.0
20626	206	0	5	0.5075	156.4	782.0	0.6666666666666666
20627	47	0	5	0.11	25.8	129.0	0.3333333333333333
20628	385	1	4	0.96	213.8	1069.0	1.0
20629	283	0	5	0.7	181.0	905.0	0.6666666666666666
20630	184	0	5	0.4525	164.4	822.0	0.3333333333333333
20631	159	0	5	0.39	121.6	608.0	0.6666666666666666
20632	61	0	5	0.145	22.2	111.0	0.3333333333333333
20633	401	0	4	0.9975	116.8	584.0	0.6666666666666666
20634	63	0	5	0.15	26.2	131.0	0.3333333333333333
20635	370	0	5	0.9175	181.0	905.0	0.6666666666666666
20636	111	0	5	0.27	63.4	317.0	0.6666666666666666
20637	328	0	5	0.8125	178.8	894.0	0.3333333333333333
20638	211	0	5	0.52	128.6	643.0	0.3333333333333333
20639	294	0	5	0.7275	205.4	1027.0	0.3333333333333333
20640	116	0	5	0.2825	83.6	418.0	0.0
20641	240	0	5	0.5925	203.2	1016.0	0.3333333333333333
20642	237	0	5	0.585	137.0	685.0	0.3333333333333333
20643	23	0	5	0.05	14.2	71.0	0.3333333333333333
20644	161	0	5	0.395	129.0	645.0	0.6666666666666666
20645	181	0	5	0.445	133.4	667.0	0.3333333333333333
20646	152	0	5	0.3725	86.8	434.0	0.6666666666666666
20647	212	0	5	0.5225	136.0	680.0	0.3333333333333333
20648	211	0	5	0.52	209.0	1045.0	0.0
20649	315	0	5	0.78	269.2	1346.0	0.6666666666666666
20650	119	0	5	0.29	98.8	494.0	0.3333333333333333
20651	251	0	5	0.62	183.0	915.0	0.3333333333333333
20652	263	1	4	0.655	189.8	949.0	1.0
20653	176	0	5	0.4325	152.0	760.0	0.3333333333333333
20654	392	1	4	0.9775	90.2	451.0	1.0
20655	210	0	5	0.5175	151.6	758.0	0.6666666666666666
20656	17	0	5	0.035	15.0	75.0	0.3333333333333333
20657	371	1	4	0.925	187.0	935.0	1.0
20658	327	0	5	0.81	178.6	893.0	0.6666666666666666
20659	335	1	4	0.835	174.6	873.0	1.0
20660	192	0	5	0.4725	113.4	567.0	0.3333333333333333
20661	393	0	5	0.975	140.6	703.0	0.6666666666666666
20662	97	0	5	0.235	83.8	419.0	0.0
20663	249	1	4	0.62	118.0	590.0	1.0
20664	248	0	5	0.6125	200.0	1000.0	0.3333333333333333
20665	389	0	5	0.965	193.8	969.0	0.6666666666666666
20666	269	1	4	0.67	98.6	493.0	1.0
20667	190	0	5	0.4675	69.0	345.0	0.3333333333333333
20668	51	0	5	0.12	45.6	228.0	0.3333333333333333
20669	326	0	5	0.8075	173.2	866.0	0.6666666666666666
20670	329	0	5	0.815	180.6	903.0	0.6666666666666666
20671	98	0	5	0.2375	78.4	392.0	0.3333333333333333
20672	160	0	5	0.3925	140.0	700.0	0.0
20673	322	1	4	0.8025	184.8	924.0	1.0
20674	282	0	5	0.6975	104.4	522.0	0.3333333333333333
20675	204	0	5	0.5025	181.8	909.0	0.0
20676	107	0	5	0.26	105.0	525.0	0.0
20677	228	0	5	0.5625	126.4	632.0	0.3333333333333333
20678	48	0	5	0.1125	46.0	230.0	0.0
20679	222	0	5	0.5475	132.4	662.0	0.3333333333333333
20680	273	0	5	0.675	149.4	747.0	0.6666666666666666
20681	328	0	5	0.8125	175.2	876.0	0.6666666666666666
20682	151	0	5	0.37	125.0	625.0	0.3333333333333333
20683	238	0	5	0.5875	93.0	465.0	0.6666666666666666
20684	130	0	5	0.3175	55.4	277.0	0.3333333333333333
20685	207	0	5	0.51	130.2	651.0	0.6666666666666666
20686	203	0	5	0.5	200.6	1003.0	0.3333333333333333
20687	280	0	5	0.6925	243.6	1218.0	0.6666666666666666
20688	104	0	5	0.2525	102.0	510.0	0.0
20689	335	0	5	0.83	181.6	908.0	0.6666666666666666
20690	208	0	5	0.5125	155.4	777.0	0.3333333333333333
20691	375	0	5	0.93	317.2	1586.0	0.0
20692	89	0	5	0.215	87.0	435.0	0.0
20693	360	0	5	0.8925	235.4	1177.0	0.6666666666666666
20694	36	0	5	0.0825	30.0	150.0	0.0
20695	187	0	5	0.46	147.0	735.0	0.3333333333333333
20696	328	0	5	0.8125	181.8	909.0	0.6666666666666666
20697	189	0	5	0.465	126.8	634.0	0.6666666666666666
20698	266	0	5	0.6575	175.6	878.0	0.0
20699	110	0	5	0.2675	41.6	208.0	0.3333333333333333
20700	36	0	5	0.0825	30.8	154.0	0.3333333333333333
20701	192	0	5	0.4725	83.6	418.0	0.3333333333333333
20702	66	0	5	0.1575	57.8	289.0	0.3333333333333333
20703	284	0	5	0.7025	151.8	759.0	0.6666666666666666
20704	249	0	5	0.615	215.2	1076.0	0.0
20705	377	1	4	0.94	181.8	909.0	1.0
20706	191	0	5	0.47	125.0	625.0	0.3333333333333333
20707	263	0	5	0.65	202.4	1012.0	0.3333333333333333
20708	160	0	5	0.3925	51.6	258.0	0.3333333333333333
20709	255	0	5	0.63	127.2	636.0	0.6666666666666666
20710	39	0	5	0.09	37.0	185.0	0.0
20711	228	0	5	0.5625	101.2	506.0	0.3333333333333333
20712	23	0	5	0.05	21.0	105.0	0.0
20713	339	0	5	0.84	222.2	1111.0	0.6666666666666666
20714	370	1	4	0.9225	250.2	1251.0	1.0
20715	233	1	4	0.58	167.4	837.0	1.0
20716	136	0	5	0.3325	75.8	379.0	0.0
20717	121	0	5	0.295	84.2	421.0	0.3333333333333333
20718	367	0	5	0.91	130.4	652.0	0.6666666666666666
20719	340	0	5	0.8425	143.2	716.0	0.6666666666666666
20720	65	0	5	0.155	63.0	315.0	0.0
20721	338	1	4	0.8425	148.4	742.0	1.0
20722	319	0	5	0.79	180.4	902.0	0.6666666666666666
20723	240	0	5	0.5925	196.0	980.0	0.3333333333333333
20724	118	0	5	0.2875	68.6	343.0	0.3333333333333333
20725	324	0	5	0.8025	161.8	809.0	0.6666666666666666
20726	115	0	5	0.28	91.0	455.0	0.6666666666666666
20727	258	0	5	0.6375	107.0	535.0	0.3333333333333333
20728	325	0	5	0.805	132.0	660.0	0.3333333333333333
20729	277	0	5	0.685	201.6	1008.0	0.3333333333333333
20730	205	0	5	0.505	194.8	974.0	0.0
20731	346	0	5	0.8575	99.2	496.0	0.6666666666666666
20732	306	1	3	0.7625	220.2	1101.0	1.0
20733	278	0	5	0.6875	165.4	827.0	0.3333333333333333
20734	395	1	4	0.985	221.6	1108.0	1.0
20735	264	0	5	0.6525	259.4	1297.0	0.6666666666666666
20736	342	0	5	0.8475	136.0	680.0	0.3333333333333333
20737	302	0	5	0.7475	250.4	1252.0	0.3333333333333333
20738	28	0	5	0.0625	26.0	130.0	0.0
20739	197	0	5	0.485	106.6	533.0	0.3333333333333333
20740	363	0	5	0.9	183.4	917.0	0.6666666666666666
20741	390	0	5	0.9675	140.2	701.0	0.6666666666666666
20742	123	0	5	0.3	86.4	432.0	0.3333333333333333
20743	340	1	4	0.8475	171.2	856.0	1.0
20744	17	0	5	0.035	3.2	16.0	0.3333333333333333
20745	343	0	5	0.85	292.4	1462.0	0.3333333333333333
20746	289	0	5	0.715	127.2	636.0	0.6666666666666666
20747	332	0	5	0.8225	97.8	489.0	0.6666666666666666
20748	252	0	5	0.6225	201.2	1006.0	0.3333333333333333
20749	339	0	5	0.84	115.8	579.0	0.3333333333333333
20750	30	0	5	0.0675	23.0	115.0	0.3333333333333333
20751	349	0	5	0.865	228.8	1144.0	0.6666666666666666
20752	343	0	5	0.85	232.2	1161.0	0.6666666666666666
20753	200	0	5	0.4925	134.8	674.0	0.3333333333333333
20754	112	0	5	0.2725	82.8	414.0	0.3333333333333333
20755	299	1	4	0.745	166.2	831.0	1.0
20756	388	1	4	0.9675	104.4	522.0	1.0
20757	310	0	5	0.7675	251.4	1257.0	0.3333333333333333
20758	50	0	5	0.1175	28.8	144.0	0.3333333333333333
20759	245	0	5	0.605	83.0	415.0	0.6666666666666666
20760	37	0	5	0.085	29.8	149.0	0.3333333333333333
20761	346	0	5	0.8575	208.2	1041.0	0.6666666666666666
20762	189	0	5	0.465	123.4	617.0	0.0
20763	121	0	5	0.295	82.2	411.0	0.3333333333333333
20764	171	0	5	0.42	101.8	509.0	0.3333333333333333
20765	226	0	5	0.5575	130.0	650.0	0.0
20766	18	0	5	0.0375	16.0	80.0	0.0
20767	239	0	5	0.59	167.8	839.0	0.6666666666666666
20768	142	1	3	0.3525	130.0	650.0	1.0
20769	207	0	5	0.51	169.4	847.0	0.3333333333333333
20770	278	0	5	0.6875	194.0	970.0	0.6666666666666666
20771	254	0	5	0.6275	99.2	496.0	0.3333333333333333
20772	54	0	5	0.1275	52.0	260.0	0.0
20773	147	0	5	0.36	145.0	725.0	0.0
20774	79	0	5	0.19	60.2	301.0	0.0
20775	255	0	5	0.63	160.2	801.0	0.3333333333333333
20776	326	0	5	0.8075	116.8	584.0	0.6666666666666666
20777	118	0	5	0.2875	81.2	406.0	0.3333333333333333
20778	292	0	5	0.7225	204.4	1022.0	0.6666666666666666
20779	322	0	5	0.7975	260.2	1301.0	0.3333333333333333
20780	346	0	5	0.8575	280.8	1404.0	0.6666666666666666
20781	85	0	5	0.205	83.0	415.0	0.0
20782	230	0	5	0.5675	148.0	740.0	0.3333333333333333
20783	12	0	5	0.0225	10.0	50.0	0.0
20784	118	0	5	0.2875	86.4	432.0	0.3333333333333333
20785	58	0	5	0.1375	24.8	124.0	0.3333333333333333
20786	230	0	5	0.5675	135.4	677.0	0.6666666666666666
20787	241	0	5	0.595	113.6	568.0	0.3333333333333333
20788	262	0	5	0.6475	154.4	772.0	0.6666666666666666
20789	360	0	5	0.8925	237.6	1188.0	0.6666666666666666
20790	327	0	5	0.81	269.4	1347.0	0.3333333333333333
20791	401	0	5	0.995	160.8	804.0	0.6666666666666666
20792	115	0	5	0.28	49.8	249.0	0.0
20793	333	0	5	0.825	154.6	773.0	0.6666666666666666
20794	337	0	5	0.835	192.8	964.0	0.3333333333333333
20795	228	0	5	0.5625	98.0	490.0	0.6666666666666666
20796	30	0	5	0.0675	21.2	106.0	0.3333333333333333
20797	50	0	5	0.1175	47.2	236.0	0.0
20798	165	0	5	0.405	163.0	815.0	0.0
20799	98	0	5	0.2375	95.6	478.0	0.3333333333333333
20800	46	0	5	0.1075	44.0	220.0	0.0
20801	248	0	5	0.6125	142.2	711.0	0.3333333333333333
20802	147	0	5	0.36	113.8	569.0	0.3333333333333333
20803	157	0	5	0.385	66.2	331.0	0.3333333333333333
20804	185	0	5	0.455	147.8	739.0	0.3333333333333333
20805	327	0	5	0.81	192.4	962.0	0.6666666666666666
20806	174	0	5	0.4275	156.4	782.0	0.3333333333333333
20807	267	0	5	0.66	154.8	774.0	0.6666666666666666
20808	372	0	5	0.9225	206.2	1031.0	0.6666666666666666
20809	330	0	5	0.8175	177.0	885.0	0.6666666666666666
20810	352	0	5	0.8725	189.0	945.0	0.3333333333333333
20811	396	0	5	0.9825	172.0	860.0	0.6666666666666666
20812	281	1	4	0.7	179.4	897.0	1.0
20813	318	1	4	0.7925	289.0	1445.0	1.0
20814	28	0	5	0.0625	26.0	130.0	0.0
20815	103	1	4	0.255	81.2	406.0	1.0
20816	45	0	5	0.105	42.4	212.0	0.0
20817	55	0	5	0.13	45.8	229.0	0.0
20818	243	0	5	0.6	122.4	612.0	0.6666666666666666
20819	125	0	5	0.305	79.2	396.0	0.3333333333333333
20820	269	0	5	0.665	218.6	1093.0	0.3333333333333333
20821	365	1	4	0.91	170.6	853.0	1.0
20822	195	0	5	0.48	193.0	965.0	0.0
20823	130	0	5	0.3175	81.2	406.0	0.3333333333333333
20824	252	0	5	0.6225	116.2	581.0	0.6666666666666666
20825	200	0	5	0.4925	61.6	308.0	0.6666666666666666
20826	278	0	5	0.6875	137.2	686.0	0.3333333333333333
20827	266	0	5	0.6575	145.2	726.0	0.6666666666666666
20828	26	0	5	0.0575	24.0	120.0	0.0
20829	292	0	5	0.7225	179.6	898.0	0.3333333333333333
20830	349	0	5	0.865	231.2	1156.0	0.3333333333333333
20831	215	0	5	0.53	110.0	550.0	0.3333333333333333
20832	227	0	5	0.56	170.2	851.0	0.6666666666666666
20833	139	0	5	0.34	93.4	467.0	0.3333333333333333
20834	275	1	4	0.685	56.6	283.0	1.0
20835	212	0	5	0.5225	73.2	366.0	0.6666666666666666
20836	334	0	5	0.8275	257.4	1287.0	0.6666666666666666
20837	150	0	5	0.3675	125.2	626.0	0.3333333333333333
20838	47	0	5	0.11	45.0	225.0	0.0
20839	203	0	5	0.5	93.8	469.0	0.6666666666666666
20840	29	0	5	0.065	27.0	135.0	0.0
20841	78	0	5	0.1875	76.0	380.0	0.0
20842	86	0	5	0.2075	76.8	384.0	0.0
20843	263	0	5	0.65	234.2	1171.0	0.6666666666666666
20844	342	0	5	0.8475	263.0	1315.0	0.6666666666666666
20845	263	0	5	0.65	257.4	1287.0	0.3333333333333333
20846	111	0	5	0.27	103.8	519.0	0.6666666666666666
20847	353	0	5	0.875	217.6	1088.0	0.6666666666666666
20848	20	0	5	0.0425	18.0	90.0	0.0
20849	312	0	5	0.7725	249.2	1246.0	0.3333333333333333
20850	361	0	5	0.895	151.0	755.0	0.6666666666666666
20851	345	0	5	0.855	163.6	818.0	0.6666666666666666
20852	176	0	5	0.4325	129.8	649.0	0.6666666666666666
20853	107	0	5	0.26	96.0	480.0	0.3333333333333333
20854	244	0	5	0.6025	202.6	1013.0	0.3333333333333333
20855	339	0	5	0.84	157.2	786.0	0.6666666666666666
20856	330	0	5	0.8175	268.6	1343.0	0.3333333333333333
20857	73	0	5	0.175	38.6	193.0	0.3333333333333333
20858	224	0	5	0.5525	194.8	974.0	0.6666666666666666
20859	15	0	5	0.03	13.0	65.0	0.0
20860	108	0	5	0.2625	46.0	230.0	0.3333333333333333
20861	299	0	5	0.74	159.6	798.0	0.6666666666666666
20862	74	0	5	0.1775	72.0	360.0	0.0
20863	206	0	5	0.5075	98.4	492.0	0.3333333333333333
20864	185	0	5	0.455	118.2	591.0	0.3333333333333333
20865	293	0	5	0.725	70.2	351.0	0.6666666666666666
20866	370	0	5	0.9175	241.2	1206.0	0.3333333333333333
20867	315	0	5	0.78	248.4	1242.0	0.3333333333333333
20868	294	1	4	0.7325	133.4	667.0	1.0
20869	270	0	5	0.6675	151.0	755.0	0.6666666666666666
20870	118	0	5	0.2875	116.0	580.0	0.0
20871	80	0	5	0.1925	73.8	369.0	0.3333333333333333
20872	393	0	5	0.975	187.0	935.0	0.6666666666666666
20873	156	0	5	0.3825	133.6	668.0	0.3333333333333333
20874	361	0	5	0.895	159.4	797.0	0.6666666666666666
20875	222	0	5	0.5475	137.4	687.0	0.3333333333333333
20876	334	0	5	0.8275	263.8	1319.0	0.6666666666666666
20877	85	0	5	0.205	40.2	201.0	0.3333333333333333
20878	205	0	5	0.505	153.4	767.0	0.3333333333333333
20879	226	0	5	0.5575	134.4	672.0	0.0
20880	188	0	5	0.4625	122.8	614.0	0.3333333333333333
20881	111	0	5	0.27	73.0	365.0	0.0
20882	163	0	5	0.4	161.0	805.0	0.3333333333333333
20883	294	0	5	0.7275	187.2	936.0	0.3333333333333333
20884	101	0	5	0.245	65.0	325.0	0.0
20885	163	0	5	0.4	98.0	490.0	0.6666666666666666
20886	265	0	5	0.655	95.8	479.0	0.3333333333333333
20887	78	0	5	0.1875	76.0	380.0	0.0
20888	334	1	4	0.8325	267.8	1339.0	1.0
20889	392	0	5	0.9725	313.2	1566.0	0.3333333333333333
20890	174	0	5	0.4275	62.2	311.0	0.6666666666666666
20891	211	0	5	0.52	88.0	440.0	0.6666666666666666
20892	381	1	4	0.95	101.0	505.0	1.0
20893	310	0	5	0.7675	239.8	1199.0	0.6666666666666666
20894	259	0	5	0.64	202.6	1013.0	0.6666666666666666
20895	267	1	4	0.665	75.4	377.0	1.0
20896	25	0	5	0.055	23.0	115.0	0.0
20897	304	0	5	0.7525	157.2	786.0	0.3333333333333333
20898	343	0	5	0.85	282.2	1411.0	0.3333333333333333
20899	269	0	5	0.665	146.2	731.0	0.6666666666666666
20900	195	0	5	0.48	193.0	965.0	0.0
20901	28	0	5	0.0625	26.0	130.0	0.0
20902	375	0	5	0.93	101.0	505.0	0.3333333333333333
20903	16	0	5	0.0325	9.8	49.0	0.0
20904	306	0	5	0.7575	116.4	582.0	0.3333333333333333
20905	126	0	5	0.3075	124.0	620.0	0.3333333333333333
20906	302	0	5	0.7475	288.8	1444.0	0.3333333333333333
20907	45	0	5	0.105	29.4	147.0	0.0
20908	254	0	5	0.6275	149.0	745.0	0.6666666666666666
20909	188	0	5	0.4625	161.4	807.0	0.3333333333333333
20910	139	0	5	0.34	116.6	583.0	0.3333333333333333
20911	109	0	5	0.265	107.0	535.0	0.0
20912	358	0	5	0.8875	115.6	578.0	0.3333333333333333
20913	120	0	5	0.2925	84.0	420.0	0.3333333333333333
20914	332	0	5	0.8225	206.4	1032.0	0.6666666666666666
20915	246	0	5	0.6075	120.8	604.0	0.3333333333333333
20916	110	0	5	0.2675	88.4	442.0	0.3333333333333333
20917	327	1	4	0.815	174.6	873.0	1.0
20918	127	0	5	0.31	105.0	525.0	0.3333333333333333
20919	241	0	5	0.595	142.4	712.0	0.3333333333333333
20920	362	0	5	0.8975	223.6	1118.0	0.6666666666666666
20921	392	1	4	0.9775	100.0	500.0	1.0
20922	177	0	5	0.435	89.4	447.0	0.3333333333333333
20923	147	0	5	0.36	81.4	407.0	0.3333333333333333
20924	185	1	4	0.46	115.8	579.0	1.0
20925	264	1	4	0.6575	77.8	389.0	1.0
20926	45	0	5	0.105	43.0	215.0	0.0
20927	354	0	5	0.8775	145.8	729.0	0.6666666666666666
20928	4	0	5	0.0025	2.0	10.0	0.0
20929	319	0	5	0.79	209.6	1048.0	0.6666666666666666
20930	259	0	5	0.64	140.0	700.0	0.3333333333333333
20931	231	1	4	0.575	141.0	705.0	1.0
20932	176	0	5	0.4325	144.4	722.0	0.0
20933	111	0	5	0.27	81.0	405.0	0.6666666666666666
20934	145	0	5	0.355	64.6	323.0	0.6666666666666666
20935	227	0	5	0.56	174.2	871.0	0.0
20936	166	0	5	0.4075	100.8	504.0	0.3333333333333333
20937	378	0	5	0.9375	117.2	586.0	0.6666666666666666
20938	238	0	5	0.5875	149.6	748.0	0.3333333333333333
20939	195	0	5	0.48	122.2	611.0	0.3333333333333333
20940	229	0	5	0.565	150.2	751.0	0.3333333333333333
20941	131	1	4	0.325	104.6	523.0	1.0
20942	384	0	5	0.9525	163.2	816.0	0.6666666666666666
20943	343	0	5	0.85	186.2	931.0	0.6666666666666666
20944	233	0	5	0.575	133.4	667.0	0.3333333333333333
20945	104	0	5	0.2525	96.8	484.0	0.3333333333333333
20946	181	0	5	0.445	136.8	684.0	0.3333333333333333
20947	341	0	5	0.845	125.4	627.0	0.3333333333333333
20948	88	0	5	0.2125	62.8	314.0	0.3333333333333333
20949	220	0	5	0.5425	144.8	724.0	0.6666666666666666
20950	325	0	5	0.805	141.6	708.0	0.6666666666666666
20951	267	0	5	0.66	187.0	935.0	0.3333333333333333
20952	103	0	5	0.25	54.8	274.0	0.3333333333333333
20953	149	0	5	0.365	75.0	375.0	0.0
20954	65	0	5	0.155	27.8	139.0	0.3333333333333333
20955	333	0	5	0.825	236.8	1184.0	0.6666666666666666
20956	151	0	5	0.37	95.8	479.0	0.3333333333333333
20957	260	0	5	0.6425	213.0	1065.0	0.3333333333333333
20958	381	1	4	0.95	174.6	873.0	1.0
20959	292	0	5	0.7225	169.6	848.0	0.3333333333333333
20960	212	0	5	0.5225	174.2	871.0	0.0
20961	234	0	5	0.5775	196.6	983.0	0.3333333333333333
20962	226	0	5	0.5575	79.8	399.0	0.3333333333333333
20963	327	0	5	0.81	159.4	797.0	0.6666666666666666
20964	114	0	5	0.2775	52.6	263.0	0.3333333333333333
20965	121	0	5	0.295	117.0	585.0	0.3333333333333333
20966	209	0	5	0.515	120.0	600.0	0.6666666666666666
20967	230	0	5	0.5675	182.0	910.0	0.6666666666666666
20968	217	0	5	0.535	128.8	644.0	0.3333333333333333
20969	373	0	5	0.925	137.6	688.0	0.6666666666666666
20970	156	0	5	0.3825	98.6	493.0	0.3333333333333333
20971	350	0	5	0.8675	131.4	657.0	0.3333333333333333
20972	179	0	5	0.44	152.6	763.0	0.3333333333333333
20973	235	0	5	0.58	211.4	1057.0	0.6666666666666666
20974	118	0	5	0.2875	32.8	164.0	0.0
20975	231	0	5	0.57	227.4	1137.0	0.6666666666666666
20976	199	0	5	0.49	184.2	921.0	0.3333333333333333
20977	252	0	5	0.6225	114.0	570.0	0.6666666666666666
20978	225	0	5	0.555	169.0	845.0	0.6666666666666666
20979	289	0	5	0.715	213.0	1065.0	0.3333333333333333
20980	239	0	5	0.59	105.0	525.0	0.3333333333333333
20981	398	1	4	0.9925	286.4	1432.0	1.0
20982	137	0	5	0.335	94.2	471.0	0.3333333333333333
20983	202	0	5	0.4975	155.6	778.0	0.3333333333333333
20984	121	0	5	0.295	116.6	583.0	0.3333333333333333
20985	170	0	5	0.4175	146.0	730.0	0.0
20986	268	0	5	0.6625	235.6	1178.0	0.3333333333333333
20987	170	0	5	0.4175	66.8	334.0	0.3333333333333333
20988	342	0	5	0.8475	248.8	1244.0	0.3333333333333333
20989	224	0	5	0.5525	97.4	487.0	0.6666666666666666
20990	235	0	5	0.58	228.2	1141.0	0.3333333333333333
20991	55	0	5	0.13	45.4	227.0	0.0
20992	225	0	5	0.555	95.0	475.0	0.0
20993	66	0	5	0.1575	53.6	268.0	0.3333333333333333
20994	179	0	5	0.44	131.0	655.0	0.3333333333333333
20995	224	0	5	0.5525	188.8	944.0	0.3333333333333333
20996	34	0	5	0.0775	32.0	160.0	0.0
20997	269	0	5	0.665	210.8	1054.0	0.3333333333333333
20998	299	0	5	0.74	136.0	680.0	0.6666666666666666
20999	71	0	5	0.17	43.8	219.0	0.3333333333333333
21000	121	0	5	0.295	119.0	595.0	0.0
21001	99	0	5	0.24	85.0	425.0	0.0
21002	231	0	5	0.57	126.0	630.0	0.3333333333333333
21003	210	0	5	0.5175	185.6	928.0	0.0
21004	138	0	5	0.3375	130.0	650.0	0.6666666666666666
21005	246	0	5	0.6075	158.8	794.0	0.0
21006	343	0	5	0.85	216.0	1080.0	0.3333333333333333
21007	85	0	5	0.205	83.0	415.0	0.0
21008	135	0	5	0.33	133.0	665.0	0.0
21009	206	0	5	0.5075	110.4	552.0	0.3333333333333333
21010	98	0	5	0.2375	96.0	480.0	0.0
21011	379	1	4	0.945	90.2	451.0	1.0
21012	75	0	5	0.18	41.0	205.0	0.0
21013	93	0	5	0.225	35.2	176.0	0.3333333333333333
21014	207	0	5	0.51	82.2	411.0	0.3333333333333333
21015	263	0	5	0.65	236.6	1183.0	0.6666666666666666
21016	189	0	5	0.465	119.0	595.0	0.3333333333333333
21017	252	1	4	0.6275	111.6	558.0	1.0
21018	123	0	5	0.3	110.2	551.0	0.3333333333333333
21019	148	0	5	0.3625	58.0	290.0	0.0
21020	267	0	5	0.66	97.4	487.0	0.0
21021	135	0	5	0.33	103.6	518.0	0.3333333333333333
21022	207	0	5	0.51	101.8	509.0	0.3333333333333333
21023	88	0	5	0.2125	57.2	286.0	0.0
21024	82	0	5	0.1975	45.8	229.0	0.0
21025	270	0	5	0.6675	116.8	584.0	0.3333333333333333
21026	68	0	5	0.1625	66.0	330.0	0.0
21027	155	0	5	0.38	62.4	312.0	0.6666666666666666
21028	198	1	4	0.4925	150.0	750.0	1.0
21029	381	0	5	0.945	310.0	1550.0	0.6666666666666666
21030	254	0	5	0.6275	169.8	849.0	0.6666666666666666
21031	284	0	5	0.7025	168.8	844.0	0.0
21032	399	1	4	0.995	155.6	778.0	1.0
21033	31	0	5	0.07	25.6	128.0	0.0
21034	247	0	5	0.61	187.2	936.0	0.3333333333333333
21035	350	0	5	0.8675	222.2	1111.0	0.6666666666666666
21036	240	0	5	0.5925	238.0	1190.0	0.3333333333333333
21037	296	0	5	0.7325	202.6	1013.0	0.6666666666666666
21038	398	0	5	0.9875	190.0	950.0	0.6666666666666666
21039	154	0	5	0.3775	136.0	680.0	0.3333333333333333
21040	181	0	5	0.445	142.4	712.0	0.3333333333333333
21041	212	0	5	0.5225	126.4	632.0	0.3333333333333333
21042	187	0	5	0.46	185.0	925.0	0.0
21043	105	0	5	0.255	103.0	515.0	0.0
21044	276	0	5	0.6825	230.4	1152.0	0.3333333333333333
21045	212	0	5	0.5225	129.8	649.0	0.3333333333333333
21046	281	0	5	0.695	181.4	907.0	0.6666666666666666
21047	100	0	5	0.2425	78.8	394.0	0.3333333333333333
21048	373	0	5	0.925	166.6	833.0	0.6666666666666666
21049	385	1	4	0.96	121.8	609.0	1.0
21050	248	0	5	0.6125	126.6	633.0	0.6666666666666666
21051	246	1	4	0.6125	153.0	765.0	1.0
21052	130	0	5	0.3175	128.0	640.0	0.0
21053	104	0	5	0.2525	57.8	289.0	0.0
21054	118	0	5	0.2875	95.6	478.0	0.0
21055	134	0	5	0.3275	129.6	648.0	0.0
21056	200	0	5	0.4925	100.8	504.0	0.3333333333333333
21057	138	0	5	0.3375	88.4	442.0	0.0
21058	265	1	4	0.66	91.0	455.0	1.0
21059	332	0	5	0.8225	252.2	1261.0	0.3333333333333333
21060	382	0	5	0.9475	305.6	1528.0	0.6666666666666666
21061	314	0	5	0.7775	203.6	1018.0	0.6666666666666666
21062	77	0	5	0.185	34.8	174.0	0.0
21063	322	0	5	0.7975	158.2	791.0	0.3333333333333333
21064	189	0	5	0.465	155.0	775.0	0.0
21065	172	0	5	0.4225	84.8	424.0	0.3333333333333333
21066	244	0	5	0.6025	120.0	600.0	0.3333333333333333
21067	359	0	5	0.89	182.6	913.0	0.6666666666666666
21068	84	0	5	0.2025	54.8	274.0	0.3333333333333333
21069	163	0	5	0.4	129.2	646.0	0.0
21070	397	0	5	0.985	235.2	1176.0	0.6666666666666666
21071	321	0	5	0.795	86.0	430.0	0.6666666666666666
21072	207	0	5	0.51	202.2	1011.0	0.0
21073	383	0	5	0.95	114.0	570.0	0.6666666666666666
21074	367	0	5	0.91	166.6	833.0	0.3333333333333333
21075	360	0	5	0.8925	177.6	888.0	0.6666666666666666
21076	401	0	5	0.995	159.2	796.0	0.6666666666666666
21077	212	0	5	0.5225	129.6	648.0	0.6666666666666666
21078	293	0	5	0.725	261.6	1308.0	0.6666666666666666
21079	139	0	5	0.34	76.4	382.0	0.3333333333333333
21080	124	0	5	0.3025	73.2	366.0	0.6666666666666666
21081	192	0	5	0.4725	145.2	726.0	0.3333333333333333
21082	32	0	5	0.0725	29.2	146.0	0.0
21083	271	0	5	0.67	117.0	585.0	0.6666666666666666
21084	53	0	5	0.125	43.2	216.0	0.3333333333333333
21085	197	0	5	0.485	158.2	791.0	0.3333333333333333
21086	218	0	5	0.5375	128.8	644.0	0.3333333333333333
21087	194	0	5	0.4775	167.0	835.0	0.3333333333333333
21088	367	1	4	0.915	214.6	1073.0	1.0
21089	337	1	4	0.84	109.0	545.0	1.0
21090	229	0	5	0.565	144.6	723.0	0.3333333333333333
21091	358	0	5	0.8875	196.6	983.0	0.3333333333333333
21092	78	0	5	0.1875	62.2	311.0	0.3333333333333333
21093	316	1	4	0.7875	203.0	1015.0	1.0
21094	272	0	5	0.6725	171.4	857.0	0.3333333333333333
21095	29	0	5	0.065	27.0	135.0	0.0
21096	103	0	5	0.25	101.0	505.0	0.0
21097	194	0	5	0.4775	132.4	662.0	0.3333333333333333
21098	90	0	5	0.2175	70.6	353.0	0.3333333333333333
21099	242	0	5	0.5975	212.2	1061.0	0.3333333333333333
21100	110	0	5	0.2675	72.0	360.0	0.3333333333333333
21101	371	1	4	0.925	204.6	1023.0	1.0
21102	241	0	5	0.595	100.6	503.0	0.6666666666666666
21103	236	0	5	0.5825	131.6	658.0	0.6666666666666666
21104	175	0	5	0.43	124.0	620.0	0.6666666666666666
21105	100	0	5	0.2425	98.0	490.0	0.0
21106	154	0	5	0.3775	52.0	260.0	0.3333333333333333
21107	134	0	5	0.3275	89.4	447.0	0.0
21108	212	0	5	0.5225	122.6	613.0	0.3333333333333333
21109	103	0	5	0.25	70.2	351.0	0.3333333333333333
21110	346	0	5	0.8575	207.0	1035.0	0.6666666666666666
21111	41	0	5	0.095	39.0	195.0	0.0
21112	348	0	5	0.8625	126.8	634.0	0.6666666666666666
21113	228	1	4	0.5675	94.6	473.0	1.0
21114	258	0	5	0.6375	130.6	653.0	0.3333333333333333
21115	135	0	5	0.33	133.0	665.0	0.0
21116	15	0	5	0.03	13.0	65.0	0.0
21117	101	0	5	0.245	64.6	323.0	0.0
21118	246	0	5	0.6075	121.0	605.0	0.0
21119	126	0	5	0.3075	104.4	522.0	0.3333333333333333
21120	304	0	5	0.7525	262.2	1311.0	0.6666666666666666
21121	260	0	5	0.6425	137.4	687.0	0.6666666666666666
21122	272	0	5	0.6725	270.0	1350.0	0.3333333333333333
21123	399	0	5	0.99	177.0	885.0	0.6666666666666666
21124	145	0	5	0.355	116.2	581.0	0.3333333333333333
21125	8	0	5	0.0125	6.0	30.0	0.0
21126	246	0	5	0.6075	128.2	641.0	0.3333333333333333
21127	191	0	5	0.47	111.4	557.0	0.3333333333333333
21128	214	0	5	0.5275	150.8	754.0	0.3333333333333333
21129	306	0	5	0.7575	170.8	854.0	0.6666666666666666
21130	188	0	5	0.4625	70.0	350.0	0.6666666666666666
21131	209	0	5	0.515	125.4	627.0	0.3333333333333333
21132	51	0	5	0.12	41.2	206.0	0.3333333333333333
21133	116	0	5	0.2825	60.8	304.0	0.6666666666666666
21134	379	0	5	0.94	125.6	628.0	0.6666666666666666
21135	119	0	5	0.29	105.8	529.0	0.3333333333333333
21136	31	0	5	0.07	29.0	145.0	0.0
21137	162	0	5	0.3975	58.2	291.0	0.0
21138	272	0	5	0.6725	110.2	551.0	0.6666666666666666
21139	88	0	5	0.2125	75.6	378.0	0.3333333333333333
21140	332	0	5	0.8225	178.6	893.0	0.3333333333333333
21141	322	0	5	0.7975	201.2	1006.0	0.0
21142	129	0	5	0.315	62.6	313.0	0.3333333333333333
21143	148	0	5	0.3625	72.8	364.0	0.3333333333333333
21144	92	0	5	0.2225	90.0	450.0	0.0
21145	191	0	5	0.47	119.8	599.0	0.3333333333333333
21146	291	0	5	0.72	216.2	1081.0	0.0
21147	168	0	5	0.4125	166.0	830.0	0.0
21148	89	0	5	0.215	61.4	307.0	0.3333333333333333
21149	283	0	5	0.7	106.2	531.0	0.6666666666666666
21150	55	0	5	0.13	34.6	173.0	0.0
21151	75	0	5	0.18	73.0	365.0	0.0
21152	325	1	4	0.81	172.2	861.0	1.0
21153	309	0	5	0.765	206.4	1032.0	0.6666666666666666
21154	184	0	5	0.4525	46.8	234.0	0.3333333333333333
21155	88	0	5	0.2125	86.0	430.0	0.0
21156	247	1	4	0.615	145.4	727.0	1.0
21157	72	0	5	0.1725	39.6	198.0	0.6666666666666666
21158	324	0	5	0.8025	64.6	323.0	0.6666666666666666
21159	221	0	5	0.545	133.4	667.0	0.6666666666666666
21160	13	0	5	0.025	11.0	55.0	0.0
21161	145	0	5	0.355	97.2	486.0	0.6666666666666666
21162	160	0	5	0.3925	111.2	556.0	0.3333333333333333
21163	118	0	5	0.2875	70.8	354.0	0.0
21164	116	0	5	0.2825	109.2	546.0	0.3333333333333333
21165	164	0	5	0.4025	57.6	288.0	0.6666666666666666
21166	220	0	5	0.5425	110.6	553.0	0.0
21167	398	0	5	0.9875	178.4	892.0	0.6666666666666666
21168	162	1	4	0.4025	129.4	647.0	1.0
21169	106	0	5	0.2575	79.0	395.0	0.3333333333333333
21170	34	0	5	0.0775	32.0	160.0	0.0
21171	202	0	5	0.4975	181.6	908.0	0.0
21172	376	0	5	0.9325	284.8	1424.0	0.6666666666666666
21173	324	0	5	0.8025	143.8	719.0	0.6666666666666666
21174	221	0	5	0.545	214.8	1074.0	0.0
21175	290	0	5	0.7175	272.8	1364.0	0.3333333333333333
21176	52	0	5	0.1225	43.2	216.0	0.0
21177	201	0	5	0.495	199.0	995.0	0.3333333333333333
21178	355	0	5	0.88	118.0	590.0	0.6666666666666666
21179	307	0	5	0.76	169.4	847.0	0.3333333333333333
21180	223	0	5	0.55	129.0	645.0	0.3333333333333333
21181	64	0	5	0.1525	37.4	187.0	0.3333333333333333
21182	270	0	5	0.6675	225.8	1129.0	0.3333333333333333
21183	330	0	5	0.8175	169.8	849.0	0.3333333333333333
21184	58	0	5	0.1375	38.4	192.0	0.3333333333333333
21185	371	1	4	0.925	197.8	989.0	1.0
21186	17	0	5	0.035	15.0	75.0	0.0
21187	394	0	5	0.9775	304.0	1520.0	0.6666666666666666
21188	199	0	5	0.49	70.8	354.0	0.6666666666666666
21189	255	0	5	0.63	170.6	853.0	0.6666666666666666
21190	386	0	5	0.9575	236.6	1183.0	0.6666666666666666
21191	134	0	5	0.3275	107.2	536.0	0.3333333333333333
21192	194	0	5	0.4775	160.2	801.0	0.3333333333333333
21193	37	0	5	0.085	35.0	175.0	0.0
21194	73	0	5	0.175	39.0	195.0	0.0
21195	327	0	5	0.81	214.2	1071.0	0.6666666666666666
21196	2	0	5	0.0	0.0	0.0	0.0
21197	156	0	5	0.3825	154.0	770.0	0.0
21198	338	0	5	0.8375	238.8	1194.0	0.6666666666666666
21199	84	0	5	0.2025	34.4	172.0	0.3333333333333333
21200	229	0	5	0.565	196.2	981.0	0.0
21201	337	0	5	0.835	221.4	1107.0	0.6666666666666666
21202	239	0	5	0.59	147.8	739.0	0.0
21203	127	0	5	0.31	71.4	357.0	0.3333333333333333
21204	321	0	5	0.795	258.2	1291.0	0.3333333333333333
21205	210	0	5	0.5175	183.4	917.0	0.0
21206	235	0	5	0.58	176.2	881.0	0.3333333333333333
21207	136	0	5	0.3325	134.0	670.0	0.0
21208	244	0	5	0.6025	80.4	402.0	0.3333333333333333
21209	152	0	5	0.3725	150.0	750.0	0.0
21210	242	0	5	0.5975	194.4	972.0	0.0
21211	209	0	5	0.515	104.8	524.0	0.3333333333333333
21212	377	1	4	0.94	224.4	1122.0	1.0
21213	381	1	4	0.95	225.8	1129.0	1.0
21214	100	1	4	0.2475	64.0	320.0	1.0
21215	43	0	5	0.1	32.8	164.0	0.0
21216	300	1	4	0.7475	111.2	556.0	1.0
21217	299	0	5	0.74	223.8	1119.0	0.6666666666666666
21218	383	1	4	0.955	317.2	1586.0	1.0
21219	130	0	5	0.3175	102.8	514.0	0.0
21220	353	1	4	0.88	118.4	592.0	1.0
21221	392	0	5	0.9725	245.2	1226.0	0.6666666666666666
21222	326	1	4	0.8125	186.4	932.0	1.0
21223	264	0	5	0.6525	72.4	362.0	0.6666666666666666
21224	183	0	5	0.45	155.4	777.0	0.0
21225	140	0	5	0.3425	110.8	554.0	0.3333333333333333
21226	353	0	5	0.875	216.2	1081.0	0.6666666666666666
21227	311	0	5	0.77	160.4	802.0	0.3333333333333333
21228	133	0	5	0.325	84.8	424.0	0.3333333333333333
21229	189	0	5	0.465	156.8	784.0	0.3333333333333333
21230	204	0	5	0.5025	132.4	662.0	0.3333333333333333
21231	369	1	4	0.92	205.4	1027.0	1.0
21232	10	0	5	0.0175	8.0	40.0	0.0
21233	191	0	5	0.47	65.8	329.0	0.6666666666666666
21234	238	0	5	0.5875	204.6	1023.0	0.3333333333333333
21235	22	0	5	0.0475	20.0	100.0	0.0
21236	233	0	5	0.575	129.4	647.0	0.3333333333333333
21237	19	0	5	0.04	17.0	85.0	0.0
21238	135	0	5	0.33	110.2	551.0	0.0
21239	111	0	5	0.27	109.0	545.0	0.3333333333333333
21240	56	0	5	0.1325	47.2	236.0	0.3333333333333333
21241	295	0	5	0.73	201.2	1006.0	0.6666666666666666
21242	259	0	5	0.64	173.4	867.0	0.3333333333333333
21243	340	0	5	0.8425	235.6	1178.0	0.6666666666666666
21244	181	0	5	0.445	149.8	749.0	0.6666666666666666
21245	38	0	5	0.0875	33.6	168.0	0.3333333333333333
21246	364	0	5	0.9025	191.6	958.0	0.6666666666666666
21247	136	0	5	0.3325	134.0	670.0	0.0
21248	191	0	5	0.47	143.4	717.0	0.0
21249	262	0	5	0.6475	58.2	291.0	0.3333333333333333
21250	256	0	5	0.6325	122.8	614.0	0.6666666666666666
21251	330	0	5	0.8175	188.6	943.0	0.6666666666666666
21252	289	1	4	0.72	106.6	533.0	1.0
21253	210	0	5	0.5175	124.0	620.0	0.3333333333333333
21254	123	0	5	0.3	73.0	365.0	0.0
21255	89	0	5	0.215	87.0	435.0	0.0
21256	390	0	5	0.9675	226.2	1131.0	0.3333333333333333
21257	197	0	5	0.485	150.2	751.0	0.3333333333333333
21258	183	0	5	0.45	99.4	497.0	0.6666666666666666
21259	322	0	5	0.7975	175.0	875.0	0.3333333333333333
21260	171	0	5	0.42	119.2	596.0	0.3333333333333333
21261	247	0	5	0.61	117.4	587.0	0.6666666666666666
21262	112	0	5	0.2725	110.0	550.0	0.0
21263	282	0	5	0.6975	252.8	1264.0	0.6666666666666666
21264	291	0	5	0.72	192.2	961.0	0.3333333333333333
21265	211	1	3	0.525	114.4	572.0	1.0
21266	327	0	5	0.81	197.4	987.0	0.6666666666666666
21267	18	0	5	0.0375	16.0	80.0	0.0
21268	250	0	5	0.6175	129.2	646.0	0.3333333333333333
21269	168	0	5	0.4125	145.6	728.0	0.3333333333333333
21270	229	0	5	0.565	214.2	1071.0	0.3333333333333333
21271	353	0	5	0.875	256.8	1284.0	0.6666666666666666
21272	354	1	4	0.8825	273.0	1365.0	1.0
21273	265	1	4	0.66	93.0	465.0	1.0
21274	212	0	5	0.5225	106.8	534.0	0.6666666666666666
21275	25	0	5	0.055	12.6	63.0	0.0
21276	331	0	5	0.82	297.4	1487.0	0.3333333333333333
21277	300	0	5	0.7425	200.0	1000.0	0.3333333333333333
21278	104	0	5	0.2525	102.0	510.0	0.0
21279	81	0	5	0.195	35.0	175.0	0.6666666666666666
21280	153	0	5	0.375	105.8	529.0	0.3333333333333333
21281	9	0	5	0.015	7.0	35.0	0.0
21282	392	0	5	0.9725	259.2	1296.0	0.6666666666666666
21283	295	0	5	0.73	72.2	361.0	0.6666666666666666
21284	153	0	5	0.375	146.6	733.0	0.0
21285	379	0	5	0.94	151.6	758.0	0.6666666666666666
21286	329	0	5	0.815	216.8	1084.0	0.6666666666666666
21287	272	1	4	0.6775	99.6	498.0	1.0
21288	183	0	5	0.45	154.6	773.0	0.3333333333333333
21289	258	0	5	0.6375	110.2	551.0	0.3333333333333333
21290	255	0	5	0.63	161.2	806.0	0.0
21291	134	0	5	0.3275	126.0	630.0	0.0
21292	302	0	5	0.7475	115.0	575.0	0.6666666666666666
21293	173	0	5	0.425	115.0	575.0	0.6666666666666666
21294	143	0	5	0.35	76.4	382.0	0.6666666666666666
21295	262	0	5	0.6475	212.2	1061.0	0.3333333333333333
21296	290	0	5	0.7175	227.4	1137.0	0.3333333333333333
21297	61	0	5	0.145	59.0	295.0	0.0
21298	74	0	5	0.1775	72.0	360.0	0.0
21299	271	0	5	0.67	201.2	1006.0	0.3333333333333333
21300	321	0	5	0.795	180.4	902.0	0.3333333333333333
21301	103	0	5	0.25	72.6	363.0	0.3333333333333333
21302	208	0	5	0.5125	138.8	694.0	0.3333333333333333
21303	74	0	5	0.1775	45.2	226.0	0.3333333333333333
21304	30	0	5	0.0675	28.0	140.0	0.0
21305	141	0	5	0.345	111.8	559.0	0.3333333333333333
21306	391	0	5	0.97	263.8	1319.0	0.3333333333333333
21307	327	0	5	0.81	147.8	739.0	0.6666666666666666
21308	213	0	5	0.525	139.0	695.0	0.0
21309	100	0	5	0.2425	96.8	484.0	0.3333333333333333
21310	235	0	5	0.58	125.4	627.0	0.3333333333333333
21311	241	0	5	0.595	106.8	534.0	0.3333333333333333
21312	221	0	5	0.545	115.0	575.0	0.6666666666666666
21313	218	0	5	0.5375	84.0	420.0	0.6666666666666666
21314	174	0	5	0.4275	65.8	329.0	0.3333333333333333
21315	127	0	5	0.31	125.0	625.0	0.0
21316	216	1	4	0.5375	160.8	804.0	1.0
21317	379	0	5	0.94	200.2	1001.0	0.3333333333333333
21318	240	0	5	0.5925	142.0	710.0	0.3333333333333333
21319	294	0	5	0.7275	180.6	903.0	0.3333333333333333
21320	227	1	4	0.565	131.0	655.0	1.0
21321	310	0	5	0.7675	198.2	991.0	0.6666666666666666
21322	279	0	5	0.69	199.6	998.0	0.6666666666666666
21323	325	0	5	0.805	282.2	1411.0	0.6666666666666666
21324	276	0	5	0.6825	197.4	987.0	0.3333333333333333
21325	187	0	5	0.46	82.4	412.0	0.0
21326	96	0	5	0.2325	49.0	245.0	0.3333333333333333
21327	110	0	5	0.2675	63.6	318.0	0.3333333333333333
21328	252	0	5	0.6225	121.4	607.0	0.6666666666666666
21329	300	0	5	0.7425	274.0	1370.0	0.6666666666666666
21330	331	0	5	0.82	293.6	1468.0	0.3333333333333333
21331	232	0	5	0.5725	186.0	930.0	0.3333333333333333
21332	197	0	5	0.485	160.8	804.0	0.6666666666666666
21333	362	0	5	0.8975	220.2	1101.0	0.6666666666666666
21334	285	0	5	0.705	160.0	800.0	0.6666666666666666
21335	33	0	5	0.075	31.0	155.0	0.0
21336	315	0	5	0.78	128.2	641.0	0.3333333333333333
21337	321	1	4	0.8	234.4	1172.0	1.0
21338	161	0	5	0.395	131.6	658.0	0.3333333333333333
21339	393	0	5	0.975	281.4	1407.0	0.6666666666666666
21340	334	1	4	0.8325	172.4	862.0	1.0
21341	116	0	5	0.2825	66.8	334.0	0.0
21342	258	0	5	0.6375	169.2	846.0	0.3333333333333333
21343	25	0	5	0.055	23.0	115.0	0.0
21344	41	0	5	0.095	39.0	195.0	0.0
21345	224	0	5	0.5525	210.0	1050.0	0.3333333333333333
21346	169	0	5	0.415	144.6	723.0	0.3333333333333333
21347	4	0	5	0.0025	2.0	10.0	0.0
21348	267	0	5	0.66	53.0	265.0	0.6666666666666666
21349	44	0	5	0.1025	33.0	165.0	0.3333333333333333
21350	30	0	5	0.0675	28.0	140.0	0.0
21351	319	0	5	0.79	254.2	1271.0	0.3333333333333333
21352	283	1	4	0.705	197.2	986.0	1.0
21353	242	0	5	0.5975	240.0	1200.0	0.0
21354	127	0	5	0.31	103.4	517.0	0.3333333333333333
21355	394	0	5	0.9775	122.4	612.0	0.3333333333333333
21356	237	0	5	0.585	155.8	779.0	0.3333333333333333
21357	78	0	5	0.1875	76.0	380.0	0.0
21358	303	0	5	0.75	253.8	1269.0	0.3333333333333333
21359	182	0	5	0.4475	123.6	618.0	0.6666666666666666
21360	367	0	5	0.91	112.4	562.0	0.6666666666666666
21361	120	0	5	0.2925	106.0	530.0	0.3333333333333333
21362	234	0	5	0.5775	196.8	984.0	0.3333333333333333
21363	302	0	5	0.7475	155.2	776.0	0.6666666666666666
21364	198	0	5	0.4875	81.6	408.0	0.6666666666666666
21365	118	0	5	0.2875	80.4	402.0	0.3333333333333333
21366	384	1	3	0.9575	206.4	1032.0	1.0
21367	182	0	5	0.4475	157.8	789.0	0.6666666666666666
21368	172	0	5	0.4225	117.2	586.0	0.0
21369	335	0	5	0.83	205.0	1025.0	0.3333333333333333
21370	137	0	5	0.335	99.4	497.0	0.0
21371	401	0	4	0.9975	329.6	1648.0	0.6666666666666666
21372	211	0	5	0.52	193.4	967.0	0.3333333333333333
21373	297	0	5	0.735	262.0	1310.0	0.6666666666666666
21374	315	0	5	0.78	195.2	976.0	0.6666666666666666
21375	66	1	4	0.1625	62.0	310.0	1.0
21376	208	0	5	0.5125	194.6	973.0	0.0
21377	238	0	5	0.5875	236.0	1180.0	0.3333333333333333
21378	56	0	5	0.1325	47.4	237.0	0.3333333333333333
21379	58	0	5	0.1375	54.6	273.0	0.0
21380	115	0	5	0.28	65.8	329.0	0.3333333333333333
21381	308	0	5	0.7625	184.8	924.0	0.3333333333333333
21382	78	0	5	0.1875	76.0	380.0	0.0
21383	195	0	5	0.48	166.0	830.0	0.3333333333333333
21384	318	0	5	0.7875	204.4	1022.0	0.3333333333333333
21385	56	0	5	0.1325	52.0	260.0	0.0
21386	57	1	4	0.14	35.8	179.0	1.0
21387	311	0	5	0.77	100.6	503.0	0.3333333333333333
21388	91	0	5	0.22	53.8	269.0	0.3333333333333333
21389	135	0	5	0.33	53.4	267.0	0.0
21390	102	0	5	0.2475	88.8	444.0	0.0
21391	302	1	4	0.7525	105.2	526.0	1.0
21392	150	0	5	0.3675	76.6	383.0	0.6666666666666666
21393	389	0	5	0.965	114.2	571.0	0.6666666666666666
21394	5	0	5	0.005	3.0	15.0	0.0
21395	101	0	5	0.245	57.6	288.0	0.6666666666666666
21396	307	0	5	0.76	112.0	560.0	0.3333333333333333
21397	78	0	5	0.1875	76.0	380.0	0.0
21398	249	0	5	0.615	90.2	451.0	0.6666666666666666
21399	57	0	5	0.135	55.0	275.0	0.3333333333333333
21400	272	0	5	0.6725	158.4	792.0	0.3333333333333333
21401	114	0	5	0.2775	60.4	302.0	0.0
21402	183	0	5	0.45	137.2	686.0	0.6666666666666666
21403	81	0	5	0.195	65.6	328.0	0.6666666666666666
21404	331	0	5	0.82	230.2	1151.0	0.3333333333333333
21405	330	0	5	0.8175	193.8	969.0	0.3333333333333333
21406	289	0	5	0.715	167.8	839.0	0.6666666666666666
21407	146	0	5	0.3575	124.2	621.0	0.0
21408	313	0	5	0.775	223.6	1118.0	0.6666666666666666
21409	96	0	5	0.2325	83.8	419.0	0.3333333333333333
21410	206	0	5	0.5075	96.0	480.0	0.3333333333333333
21411	96	0	5	0.2325	89.6	448.0	0.3333333333333333
21412	213	0	5	0.525	84.6	423.0	0.3333333333333333
21413	151	0	5	0.37	79.4	397.0	0.3333333333333333
21414	84	0	5	0.2025	74.2	371.0	0.3333333333333333
21415	230	0	5	0.5675	114.8	574.0	0.3333333333333333
21416	195	0	5	0.48	177.8	889.0	0.3333333333333333
21417	206	0	5	0.5075	170.6	853.0	0.3333333333333333
21418	37	0	5	0.085	35.0	175.0	0.0
21419	6	0	5	0.0075	4.0	20.0	0.0
21420	228	0	5	0.5625	188.8	944.0	0.3333333333333333
21421	315	0	5	0.78	190.2	951.0	0.6666666666666666
21422	106	0	5	0.2575	104.0	520.0	0.0
21423	238	1	4	0.5925	140.2	701.0	1.0
21424	228	0	5	0.5625	173.0	865.0	0.3333333333333333
21425	30	0	5	0.0675	28.0	140.0	0.0
21426	22	0	5	0.0475	20.0	100.0	0.0
21427	302	0	5	0.7475	76.4	382.0	0.0
21428	30	0	5	0.0675	28.0	140.0	0.0
21429	144	0	5	0.3525	55.0	275.0	0.3333333333333333
21430	234	0	5	0.5775	103.6	518.0	0.3333333333333333
21431	65	0	5	0.155	47.0	235.0	0.0
21432	249	1	4	0.62	164.4	822.0	1.0
21433	338	0	5	0.8375	178.6	893.0	0.6666666666666666
21434	267	1	4	0.665	127.6	638.0	1.0
21435	349	0	5	0.865	222.2	1111.0	0.6666666666666666
21436	263	0	5	0.65	145.8	729.0	0.3333333333333333
21437	396	1	4	0.9875	276.0	1380.0	1.0
21438	292	0	5	0.7225	197.0	985.0	0.6666666666666666
21439	63	0	5	0.15	42.2	211.0	0.0
21440	309	0	5	0.765	196.8	984.0	0.6666666666666666
21441	297	0	5	0.735	71.0	355.0	0.6666666666666666
21442	204	0	5	0.5025	194.4	972.0	0.6666666666666666
21443	129	0	5	0.315	46.2	231.0	0.3333333333333333
21444	152	0	5	0.3725	58.4	292.0	0.3333333333333333
21445	297	0	5	0.735	281.6	1408.0	0.6666666666666666
21446	370	0	5	0.9175	302.2	1511.0	0.6666666666666666
21447	139	0	5	0.34	136.4	682.0	0.3333333333333333
21448	342	0	5	0.8475	149.4	747.0	0.3333333333333333
21449	384	0	5	0.9525	210.8	1054.0	0.6666666666666666
21450	223	0	5	0.55	152.2	761.0	0.0
21451	233	1	4	0.58	176.4	882.0	1.0
21452	115	0	5	0.28	87.8	439.0	0.6666666666666666
21453	87	1	4	0.215	68.6	343.0	1.0
21454	325	0	5	0.805	184.2	921.0	0.6666666666666666
21455	142	0	5	0.3475	116.0	580.0	0.3333333333333333
21456	300	0	5	0.7425	159.0	795.0	0.6666666666666666
21457	90	0	5	0.2175	70.8	354.0	0.0
21458	239	0	5	0.59	199.8	999.0	0.3333333333333333
21459	208	0	5	0.5125	159.0	795.0	0.6666666666666666
21460	65	0	5	0.155	63.0	315.0	0.3333333333333333
21461	289	0	5	0.715	79.8	399.0	0.3333333333333333
21462	25	0	5	0.055	23.0	115.0	0.0
21463	284	0	5	0.7025	204.4	1022.0	0.3333333333333333
21464	206	0	5	0.5075	133.2	666.0	0.6666666666666666
21465	243	0	5	0.6	220.4	1102.0	0.3333333333333333
21466	135	0	5	0.33	128.8	644.0	0.3333333333333333
21467	343	0	5	0.85	144.2	721.0	0.6666666666666666
21468	280	0	5	0.6925	108.4	542.0	0.6666666666666666
21469	327	0	5	0.81	110.4	552.0	0.6666666666666666
21470	252	1	4	0.6275	161.8	809.0	1.0
21471	345	0	5	0.855	225.4	1127.0	0.3333333333333333
21472	34	0	5	0.0775	32.0	160.0	0.0
21473	358	0	5	0.8875	272.2	1361.0	0.6666666666666666
21474	229	0	5	0.565	85.4	427.0	0.3333333333333333
21475	238	0	5	0.5875	109.4	547.0	0.6666666666666666
21476	323	0	5	0.8	252.6	1263.0	0.6666666666666666
21477	324	0	5	0.8025	120.8	604.0	0.6666666666666666
21478	202	0	5	0.4975	104.6	523.0	0.6666666666666666
21479	128	0	5	0.3125	104.8	524.0	0.3333333333333333
21480	195	0	5	0.48	119.2	596.0	0.3333333333333333
21481	61	0	5	0.145	59.0	295.0	0.0
21482	349	0	5	0.865	347.0	1735.0	0.0
21483	241	0	5	0.595	200.6	1003.0	0.6666666666666666
21484	70	0	5	0.1675	68.0	340.0	0.0
21485	193	0	5	0.475	55.6	278.0	0.0
21486	354	0	5	0.8775	161.0	805.0	0.3333333333333333
21487	383	0	5	0.95	137.0	685.0	0.6666666666666666
21488	235	0	5	0.58	207.8	1039.0	0.6666666666666666
21489	18	0	5	0.0375	16.0	80.0	0.0
21490	314	0	5	0.7775	157.6	788.0	0.6666666666666666
21491	144	0	5	0.3525	64.0	320.0	0.3333333333333333
21492	15	0	5	0.03	13.0	65.0	0.0
21493	28	0	5	0.0625	26.0	130.0	0.0
21494	232	0	5	0.5725	98.0	490.0	0.6666666666666666
21495	141	0	5	0.345	55.8	279.0	0.3333333333333333
21496	13	0	5	0.025	11.0	55.0	0.0
21497	146	0	5	0.3575	128.0	640.0	0.3333333333333333
21498	121	0	5	0.295	76.4	382.0	0.3333333333333333
21499	102	0	5	0.2475	64.8	324.0	0.3333333333333333
21500	167	0	5	0.41	83.0	415.0	0.3333333333333333
21501	161	0	5	0.395	85.2	426.0	0.3333333333333333
21502	228	0	5	0.5625	124.0	620.0	0.3333333333333333
21503	76	0	5	0.1825	38.8	194.0	0.3333333333333333
21504	24	0	5	0.0525	22.0	110.0	0.0
21505	352	0	5	0.8725	80.4	402.0	0.6666666666666666
21506	291	0	5	0.72	289.0	1445.0	0.0
21507	388	0	5	0.9625	189.4	947.0	0.6666666666666666
21508	266	0	5	0.6575	101.4	507.0	0.6666666666666666
21509	270	0	5	0.6675	220.0	1100.0	0.3333333333333333
21510	136	0	5	0.3325	87.6	438.0	0.6666666666666666
21511	32	0	5	0.0725	26.8	134.0	0.3333333333333333
21512	131	0	5	0.32	87.6	438.0	0.0
21513	86	0	5	0.2075	84.0	420.0	0.0
21514	189	0	5	0.465	187.0	935.0	0.0
21515	352	0	5	0.8725	281.2	1406.0	0.3333333333333333
21516	377	0	5	0.935	252.6	1263.0	0.6666666666666666
21517	90	0	5	0.2175	69.4	347.0	0.0
21518	31	0	5	0.07	25.6	128.0	0.0
21519	141	0	5	0.345	121.0	605.0	0.0
21520	98	0	5	0.2375	25.6	128.0	0.3333333333333333
21521	196	0	5	0.4825	106.4	532.0	0.3333333333333333
21522	76	0	5	0.1825	74.0	370.0	0.0
21523	398	0	5	0.9875	167.0	835.0	0.6666666666666666
21524	52	0	5	0.1225	36.4	182.0	0.0
21525	146	0	5	0.3575	97.6	488.0	0.0
21526	308	0	5	0.7625	200.4	1002.0	0.3333333333333333
21527	179	0	5	0.44	164.2	821.0	0.3333333333333333
21528	381	0	5	0.945	216.4	1082.0	0.6666666666666666
21529	396	1	4	0.9875	149.6	748.0	1.0
21530	112	0	5	0.2725	89.6	448.0	0.0
21531	264	0	5	0.6525	159.6	798.0	0.3333333333333333
21532	230	0	5	0.5675	228.0	1140.0	0.0
21533	120	0	5	0.2925	49.8	249.0	0.3333333333333333
21534	240	0	5	0.5925	156.0	780.0	0.3333333333333333
21535	348	0	5	0.8625	145.2	726.0	0.6666666666666666
21536	121	0	5	0.295	104.0	520.0	0.3333333333333333
21537	117	0	5	0.285	115.0	575.0	0.0
21538	63	0	5	0.15	41.8	209.0	0.3333333333333333
21539	281	0	5	0.695	166.0	830.0	0.6666666666666666
21540	56	0	5	0.1325	54.0	270.0	0.0
21541	119	0	5	0.29	117.0	585.0	0.0
21542	258	1	4	0.6425	76.4	382.0	1.0
21543	144	0	5	0.3525	42.0	210.0	0.3333333333333333
21544	139	0	5	0.34	101.2	506.0	0.3333333333333333
21545	260	1	4	0.6475	148.2	741.0	1.0
21546	302	0	5	0.7475	226.8	1134.0	0.6666666666666666
21547	77	0	5	0.185	48.6	243.0	0.3333333333333333
21548	184	0	5	0.4525	130.0	650.0	0.3333333333333333
21549	316	1	4	0.7875	115.2	576.0	1.0
21550	252	1	4	0.6275	113.8	569.0	1.0
21551	396	0	5	0.9825	295.6	1478.0	0.6666666666666666
21552	338	0	5	0.8375	141.6	708.0	0.6666666666666666
21553	343	0	5	0.85	156.2	781.0	0.6666666666666666
21554	173	0	5	0.425	71.4	357.0	0.3333333333333333
21555	286	0	5	0.7075	179.2	896.0	0.6666666666666666
21556	253	0	5	0.625	177.2	886.0	0.6666666666666666
21557	306	0	5	0.7575	165.6	828.0	0.6666666666666666
21558	6	0	5	0.0075	4.0	20.0	0.0
21559	121	0	5	0.295	110.4	552.0	0.3333333333333333
21560	280	0	5	0.6925	252.0	1260.0	0.3333333333333333
21561	138	0	5	0.3375	136.0	680.0	0.0
21562	57	0	5	0.135	55.0	275.0	0.0
21563	195	0	5	0.48	189.4	947.0	0.3333333333333333
21564	88	0	5	0.2125	83.2	416.0	0.3333333333333333
21565	385	0	5	0.955	174.6	873.0	0.6666666666666666
21566	144	0	5	0.3525	110.8	554.0	0.6666666666666666
21567	262	0	5	0.6475	150.8	754.0	0.6666666666666666
21568	78	0	5	0.1875	50.4	252.0	0.6666666666666666
21569	145	0	5	0.355	115.8	579.0	0.3333333333333333
21570	178	0	5	0.4375	152.8	764.0	0.0
21571	36	0	5	0.0825	34.0	170.0	0.0
21572	221	0	5	0.545	184.8	924.0	0.0
21573	236	0	5	0.5825	161.2	806.0	0.3333333333333333
21574	93	0	5	0.225	58.0	290.0	0.6666666666666666
21575	216	0	5	0.5325	214.0	1070.0	0.0
21576	218	1	4	0.5425	46.8	234.0	1.0
21577	260	0	5	0.6425	258.0	1290.0	0.0
21578	374	1	4	0.9325	343.2	1716.0	1.0
21579	229	0	5	0.565	136.4	682.0	0.0
21580	21	0	5	0.045	15.0	75.0	0.3333333333333333
21581	186	0	5	0.4575	139.6	698.0	0.3333333333333333
21582	110	0	5	0.2675	88.8	444.0	0.3333333333333333
21583	257	0	5	0.635	107.6	538.0	0.3333333333333333
21584	124	0	5	0.3025	24.8	124.0	0.3333333333333333
21585	154	0	5	0.3775	137.2	686.0	0.3333333333333333
21586	169	0	5	0.415	153.2	766.0	0.0
21587	59	0	5	0.14	49.0	245.0	0.0
21588	315	0	5	0.78	130.0	650.0	0.6666666666666666
21589	355	0	5	0.88	290.2	1451.0	0.3333333333333333
21590	196	0	5	0.4825	102.2	511.0	0.6666666666666666
21591	198	0	5	0.4875	71.2	356.0	0.6666666666666666
21592	332	0	5	0.8225	191.4	957.0	0.6666666666666666
21593	131	0	5	0.32	112.8	564.0	0.0
21594	54	0	5	0.1275	52.0	260.0	0.0
21595	309	0	5	0.765	233.4	1167.0	0.6666666666666666
21596	224	0	5	0.5525	222.0	1110.0	0.6666666666666666
21597	147	0	5	0.36	48.6	243.0	0.0
21598	72	0	5	0.1725	44.2	221.0	0.3333333333333333
21599	259	0	5	0.64	173.6	868.0	0.3333333333333333
21600	275	0	5	0.68	135.4	677.0	0.3333333333333333
21601	215	0	5	0.53	104.8	524.0	0.6666666666666666
21602	307	0	5	0.76	161.8	809.0	0.3333333333333333
21603	401	0	5	0.995	323.4	1617.0	0.6666666666666666
21604	357	0	5	0.885	162.0	810.0	0.3333333333333333
21605	113	0	5	0.275	28.6	143.0	0.3333333333333333
21606	233	0	5	0.575	208.6	1043.0	0.3333333333333333
21607	149	0	5	0.365	127.8	639.0	0.3333333333333333
21608	247	1	4	0.615	172.4	862.0	1.0
21609	370	0	5	0.9175	362.8	1814.0	0.3333333333333333
21610	76	0	5	0.1825	74.0	370.0	0.0
21611	199	0	5	0.49	88.4	442.0	0.3333333333333333
21612	184	0	5	0.4525	59.6	298.0	0.3333333333333333
21613	392	0	5	0.9725	196.2	981.0	0.6666666666666666
21614	60	0	5	0.1425	58.0	290.0	0.0
21615	167	0	5	0.41	131.8	659.0	0.6666666666666666
21616	246	0	5	0.6075	174.8	874.0	0.6666666666666666
21617	199	0	5	0.49	151.4	757.0	0.3333333333333333
21618	309	0	5	0.765	204.8	1024.0	0.0
21619	57	0	5	0.135	55.0	275.0	0.0
21620	355	0	5	0.88	84.2	421.0	0.6666666666666666
21621	333	0	5	0.825	229.4	1147.0	0.6666666666666666
21622	267	1	4	0.665	176.8	884.0	1.0
21623	220	0	5	0.5425	134.6	673.0	0.6666666666666666
21624	92	0	5	0.2225	43.8	219.0	0.3333333333333333
21625	365	0	5	0.905	201.2	1006.0	0.6666666666666666
21626	387	0	5	0.96	179.0	895.0	0.6666666666666666
21627	186	1	4	0.4625	165.8	829.0	1.0
21628	65	0	5	0.155	61.8	309.0	0.0
21629	89	0	5	0.215	45.0	225.0	0.0
21630	386	0	5	0.9575	335.8	1679.0	0.6666666666666666
21631	371	1	4	0.925	161.2	806.0	1.0
21632	305	0	5	0.755	207.8	1039.0	0.3333333333333333
21633	337	0	5	0.835	200.2	1001.0	0.6666666666666666
21634	74	0	5	0.1775	72.0	360.0	0.0
21635	183	0	5	0.45	99.0	495.0	0.3333333333333333
21636	340	1	4	0.8475	268.2	1341.0	1.0
21637	327	0	5	0.81	106.6	533.0	0.6666666666666666
21638	352	0	5	0.8725	301.8	1509.0	0.6666666666666666
21639	220	0	5	0.5425	111.8	559.0	0.6666666666666666
21640	334	1	4	0.8325	135.6	678.0	1.0
21641	244	1	4	0.6075	193.8	969.0	1.0
21642	234	1	3	0.5825	154.0	770.0	1.0
21643	200	0	5	0.4925	154.2	771.0	0.6666666666666666
21644	361	0	5	0.895	143.6	718.0	0.6666666666666666
21645	194	0	5	0.4775	161.4	807.0	0.6666666666666666
21646	318	0	5	0.7875	243.2	1216.0	0.6666666666666666
21647	140	0	5	0.3425	138.0	690.0	0.0
21648	239	0	5	0.59	141.0	705.0	0.3333333333333333
21649	279	0	5	0.69	204.4	1022.0	0.6666666666666666
21650	214	0	5	0.5275	192.6	963.0	0.0
21651	320	1	4	0.7975	178.6	893.0	1.0
21652	267	0	5	0.66	163.0	815.0	0.3333333333333333
21653	294	1	4	0.7325	121.4	607.0	1.0
21654	387	0	5	0.96	181.6	908.0	0.6666666666666666
21655	211	0	5	0.52	111.2	556.0	0.6666666666666666
21656	73	0	5	0.175	71.0	355.0	0.0
21657	353	0	5	0.875	151.6	758.0	0.3333333333333333
21658	20	0	5	0.0425	18.0	90.0	0.0
21659	8	0	5	0.0125	6.0	30.0	0.0
21660	13	0	5	0.025	10.4	52.0	0.3333333333333333
21661	69	0	5	0.165	67.0	335.0	0.0
21662	368	0	5	0.9125	278.4	1392.0	0.6666666666666666
21663	117	0	5	0.285	109.4	547.0	0.0
21664	17	0	5	0.035	15.0	75.0	0.0
21665	346	0	5	0.8575	238.6	1193.0	0.3333333333333333
21666	247	0	5	0.61	218.2	1091.0	0.3333333333333333
21667	238	0	5	0.5875	184.0	920.0	0.3333333333333333
21668	401	0	5	0.995	312.8	1564.0	0.6666666666666666
21669	19	0	5	0.04	17.0	85.0	0.0
21670	216	0	5	0.5325	180.6	903.0	0.0
21671	316	0	5	0.7825	132.2	661.0	0.6666666666666666
21672	307	0	5	0.76	134.2	671.0	0.6666666666666666
21673	366	0	5	0.9075	215.6	1078.0	0.6666666666666666
21674	106	0	5	0.2575	65.8	329.0	0.3333333333333333
21675	342	0	5	0.8475	242.4	1212.0	0.0
21676	309	1	4	0.77	117.8	589.0	1.0
21677	169	0	5	0.415	135.0	675.0	0.0
21678	254	0	5	0.6275	151.2	756.0	0.3333333333333333
21679	68	0	5	0.1625	66.0	330.0	0.0
21680	181	1	4	0.45	82.6	413.0	1.0
21681	127	0	5	0.31	63.4	317.0	0.3333333333333333
21682	347	0	5	0.86	189.4	947.0	0.6666666666666666
21683	240	0	5	0.5925	76.4	382.0	0.0
21684	96	0	5	0.2325	70.4	352.0	0.3333333333333333
21685	140	0	5	0.3425	51.6	258.0	0.3333333333333333
21686	21	0	5	0.045	19.0	95.0	0.0
21687	70	0	5	0.1675	68.0	340.0	0.0
21688	29	0	5	0.065	27.0	135.0	0.0
21689	29	0	5	0.065	27.0	135.0	0.0
21690	46	0	5	0.1075	31.0	155.0	0.3333333333333333
21691	367	0	5	0.91	209.6	1048.0	0.6666666666666666
21692	343	0	5	0.85	169.2	846.0	0.3333333333333333
21693	250	0	5	0.6175	232.4	1162.0	0.3333333333333333
21694	171	0	5	0.42	119.8	599.0	0.3333333333333333
21695	221	0	5	0.545	188.0	940.0	0.3333333333333333
21696	51	0	5	0.12	46.6	233.0	0.3333333333333333
21697	170	0	5	0.4175	167.4	837.0	0.3333333333333333
21698	392	0	5	0.9725	169.8	849.0	0.6666666666666666
21699	369	0	5	0.915	250.8	1254.0	0.6666666666666666
21700	191	0	5	0.47	88.2	441.0	0.3333333333333333
21701	198	0	5	0.4875	168.6	843.0	0.6666666666666666
21702	171	0	5	0.42	148.2	741.0	0.3333333333333333
21703	279	0	5	0.69	68.2	341.0	0.6666666666666666
21704	385	0	5	0.955	305.2	1526.0	0.6666666666666666
21705	205	0	5	0.505	95.0	475.0	0.6666666666666666
21706	152	0	5	0.3725	91.6	458.0	0.3333333333333333
21707	280	0	5	0.6925	232.4	1162.0	0.6666666666666666
21708	208	0	5	0.5125	158.8	794.0	0.3333333333333333
21709	169	0	5	0.415	158.8	794.0	0.6666666666666666
21710	308	0	5	0.7625	101.2	506.0	0.6666666666666666
21711	107	0	5	0.26	77.0	385.0	0.3333333333333333
21712	305	0	5	0.755	133.2	666.0	0.6666666666666666
21713	244	0	5	0.6025	222.2	1111.0	0.6666666666666666
21714	151	0	5	0.37	99.4	497.0	0.3333333333333333
21715	359	0	5	0.89	143.8	719.0	0.6666666666666666
21716	103	0	5	0.25	79.8	399.0	0.3333333333333333
21717	24	0	5	0.0525	17.6	88.0	0.3333333333333333
21718	206	0	5	0.5075	170.4	852.0	0.0
21719	186	0	5	0.4575	127.2	636.0	0.3333333333333333
21720	168	0	5	0.4125	166.0	830.0	0.0
21721	221	0	5	0.545	215.4	1077.0	0.6666666666666666
21722	292	0	5	0.7225	215.6	1078.0	0.6666666666666666
21723	357	0	5	0.885	277.0	1385.0	0.3333333333333333
21724	282	0	5	0.6975	172.0	860.0	0.3333333333333333
21725	364	0	5	0.9025	112.8	564.0	0.6666666666666666
21726	90	0	5	0.2175	71.8	359.0	0.3333333333333333
21727	273	0	5	0.675	248.8	1244.0	0.3333333333333333
21728	106	0	5	0.2575	75.2	376.0	0.0
21729	118	0	5	0.2875	92.8	464.0	0.0
21730	35	0	5	0.08	33.0	165.0	0.0
21731	211	0	5	0.52	158.6	793.0	0.0
21732	238	1	4	0.5925	109.2	546.0	1.0
21733	254	0	5	0.6275	98.4	492.0	0.6666666666666666
21734	26	0	5	0.0575	24.0	120.0	0.0
21735	311	0	5	0.77	150.6	753.0	0.3333333333333333
21736	72	0	5	0.1725	34.0	170.0	0.3333333333333333
21737	34	0	5	0.0775	30.0	150.0	0.3333333333333333
21738	386	0	5	0.9575	98.4	492.0	0.6666666666666666
21739	178	0	5	0.4375	176.0	880.0	0.3333333333333333
21740	107	1	4	0.265	85.6	428.0	1.0
21741	338	0	5	0.8375	148.4	742.0	0.6666666666666666
21742	326	0	5	0.8075	202.8	1014.0	0.3333333333333333
21743	241	0	5	0.595	173.0	865.0	0.0
21744	197	0	5	0.485	96.2	481.0	0.6666666666666666
21745	48	0	5	0.1125	45.6	228.0	0.3333333333333333
21746	218	0	5	0.5375	154.4	772.0	0.3333333333333333
21747	245	0	5	0.605	148.8	744.0	0.3333333333333333
21748	223	0	5	0.55	127.8	639.0	0.6666666666666666
21749	401	0	4	0.9975	276.2	1381.0	0.6666666666666666
21750	239	0	5	0.59	130.8	654.0	0.0
21751	351	0	5	0.87	260.0	1300.0	0.6666666666666666
21752	375	0	5	0.93	80.6	403.0	0.6666666666666666
21753	218	0	5	0.5375	138.4	692.0	0.3333333333333333
21754	200	0	5	0.4925	121.2	606.0	0.6666666666666666
21755	101	0	5	0.245	99.0	495.0	0.0
21756	350	0	5	0.8675	242.0	1210.0	0.6666666666666666
21757	226	0	5	0.5575	146.8	734.0	0.6666666666666666
21758	293	0	5	0.725	289.6	1448.0	0.3333333333333333
21759	184	0	5	0.4525	143.2	716.0	0.3333333333333333
21760	177	1	4	0.44	94.2	471.0	1.0
21761	20	0	5	0.0425	16.2	81.0	0.3333333333333333
21762	93	0	5	0.225	62.2	311.0	0.3333333333333333
21763	226	0	5	0.5575	136.8	684.0	0.3333333333333333
21764	125	0	5	0.305	80.2	401.0	0.6666666666666666
21765	98	0	5	0.2375	79.4	397.0	0.3333333333333333
21766	340	0	5	0.8425	330.6	1653.0	0.6666666666666666
21767	326	0	5	0.8075	196.0	980.0	0.6666666666666666
21768	262	0	5	0.6475	196.8	984.0	0.6666666666666666
21769	212	0	5	0.5225	121.2	606.0	0.6666666666666666
21770	210	0	5	0.5175	124.8	624.0	0.3333333333333333
21771	2	0	5	0.0	0.0	0.0	0.0
21772	48	0	5	0.1125	34.0	170.0	0.3333333333333333
21773	186	0	5	0.4575	111.8	559.0	0.3333333333333333
21774	133	0	5	0.325	73.4	367.0	0.3333333333333333
21775	252	1	4	0.6275	135.2	676.0	1.0
21776	379	1	4	0.945	136.2	681.0	1.0
21777	74	0	5	0.1775	62.4	312.0	0.3333333333333333
21778	70	0	5	0.1675	68.0	340.0	0.0
21779	133	0	5	0.325	117.6	588.0	0.0
21780	375	0	5	0.93	149.4	747.0	0.3333333333333333
21781	183	0	5	0.45	132.2	661.0	0.3333333333333333
21782	237	0	5	0.585	101.8	509.0	0.6666666666666666
21783	318	0	5	0.7875	316.0	1580.0	0.0
21784	112	0	5	0.2725	88.8	444.0	0.3333333333333333
21785	187	0	5	0.46	44.2	221.0	0.0
21786	20	0	5	0.0425	17.2	86.0	0.3333333333333333
21787	400	1	4	0.9975	335.8	1679.0	1.0
21788	94	0	5	0.2275	87.8	439.0	0.3333333333333333
21789	375	0	5	0.93	251.8	1259.0	0.3333333333333333
21790	184	0	5	0.4525	102.6	513.0	0.0
21791	92	0	5	0.2225	78.0	390.0	0.3333333333333333
21792	348	0	5	0.8625	200.6	1003.0	0.6666666666666666
21793	54	0	5	0.1275	52.0	260.0	0.0
21794	332	1	4	0.8275	169.6	848.0	1.0
21795	255	1	4	0.635	140.2	701.0	1.0
21796	323	0	5	0.8	280.4	1402.0	0.3333333333333333
21797	98	0	5	0.2375	42.0	210.0	0.6666666666666666
21798	132	0	5	0.3225	89.4	447.0	0.6666666666666666
21799	340	0	5	0.8425	132.4	662.0	0.6666666666666666
21800	178	0	5	0.4375	90.4	452.0	0.6666666666666666
21801	95	0	5	0.23	61.8	309.0	0.3333333333333333
21802	369	0	5	0.915	249.8	1249.0	0.6666666666666666
21803	304	1	4	0.7575	115.2	576.0	1.0
21804	226	0	5	0.5575	217.0	1085.0	0.3333333333333333
21805	212	0	5	0.5225	48.4	242.0	0.3333333333333333
21806	309	1	4	0.77	138.6	693.0	1.0
21807	337	0	5	0.835	281.0	1405.0	0.6666666666666666
21808	307	0	5	0.76	93.4	467.0	0.6666666666666666
21809	401	0	4	0.9975	87.2	436.0	0.6666666666666666
21810	191	0	5	0.47	70.2	351.0	0.3333333333333333
21811	339	0	5	0.84	137.4	687.0	0.3333333333333333
21812	204	0	5	0.5025	148.0	740.0	0.3333333333333333
21813	339	0	5	0.84	234.4	1172.0	0.3333333333333333
21814	251	0	5	0.62	155.0	775.0	0.6666666666666666
21815	396	0	5	0.9825	291.4	1457.0	0.6666666666666666
21816	232	0	5	0.5725	191.6	958.0	0.0
21817	231	0	5	0.57	189.0	945.0	0.0
21818	229	0	5	0.565	137.0	685.0	0.3333333333333333
21819	344	0	5	0.8525	282.0	1410.0	0.3333333333333333
21820	276	0	5	0.6825	170.8	854.0	0.3333333333333333
21821	368	0	5	0.9125	148.2	741.0	0.6666666666666666
21822	345	0	5	0.855	164.6	823.0	0.6666666666666666
21823	330	0	5	0.8175	88.8	444.0	0.6666666666666666
21824	120	1	4	0.2975	44.0	220.0	1.0
21825	176	0	5	0.4325	115.6	578.0	0.0
21826	27	0	5	0.06	17.0	85.0	0.3333333333333333
21827	38	0	5	0.0875	36.0	180.0	0.0
21828	91	0	5	0.22	31.4	157.0	0.6666666666666666
21829	267	0	5	0.66	164.2	821.0	0.3333333333333333
21830	192	0	5	0.4725	110.6	553.0	0.6666666666666666
21831	168	1	4	0.4175	61.4	307.0	1.0
21832	277	1	3	0.69	255.0	1275.0	1.0
21833	153	0	5	0.375	151.0	755.0	0.0
21834	360	0	5	0.8925	168.4	842.0	0.6666666666666666
21835	159	0	5	0.39	149.0	745.0	0.3333333333333333
21836	162	0	5	0.3975	138.4	692.0	0.0
21837	258	0	5	0.6375	202.8	1014.0	0.6666666666666666
21838	341	1	3	0.85	196.4	982.0	1.0
21839	318	0	5	0.7875	172.0	860.0	0.3333333333333333
21840	241	0	5	0.595	103.4	517.0	0.3333333333333333
21841	363	0	5	0.9	217.8	1089.0	0.6666666666666666
21842	275	0	5	0.68	157.8	789.0	0.3333333333333333
21843	131	0	5	0.32	100.8	504.0	0.0
21844	200	0	5	0.4925	84.6	423.0	0.3333333333333333
21845	196	0	5	0.4825	187.6	938.0	0.6666666666666666
21846	239	0	5	0.59	107.4	537.0	0.3333333333333333
21847	269	0	5	0.665	203.8	1019.0	0.6666666666666666
21848	140	0	5	0.3425	124.6	623.0	0.6666666666666666
21849	347	0	5	0.86	225.4	1127.0	0.6666666666666666
21850	67	0	5	0.16	37.4	187.0	0.0
21851	26	0	5	0.0575	24.0	120.0	0.0
21852	372	1	4	0.9275	220.0	1100.0	1.0
21853	223	0	5	0.55	141.0	705.0	0.3333333333333333
21854	286	1	4	0.7125	152.6	763.0	1.0
21855	193	0	5	0.475	156.0	780.0	0.3333333333333333
21856	344	0	5	0.8525	154.2	771.0	0.3333333333333333
21857	165	0	5	0.405	102.6	513.0	0.3333333333333333
21858	371	0	5	0.92	315.0	1575.0	0.6666666666666666
21859	89	0	5	0.215	87.0	435.0	0.0
21860	372	0	5	0.9225	177.0	885.0	0.6666666666666666
21861	261	0	5	0.645	142.8	714.0	0.6666666666666666
21862	19	0	5	0.04	17.0	85.0	0.0
21863	199	1	4	0.495	169.2	846.0	1.0
21864	103	0	5	0.25	72.2	361.0	0.3333333333333333
21865	393	0	5	0.975	155.6	778.0	0.6666666666666666
21866	401	0	5	0.995	121.6	608.0	0.6666666666666666
21867	114	1	4	0.2825	48.4	242.0	1.0
21868	274	0	5	0.6775	248.0	1240.0	0.3333333333333333
21869	194	0	5	0.4775	78.2	391.0	0.3333333333333333
21870	345	0	5	0.855	224.2	1121.0	0.3333333333333333
21871	171	0	5	0.42	44.2	221.0	0.6666666666666666
21872	243	0	5	0.6	68.8	344.0	0.3333333333333333
21873	207	0	5	0.51	141.0	705.0	0.3333333333333333
21874	218	0	5	0.5375	90.4	452.0	0.6666666666666666
21875	239	0	5	0.59	81.8	409.0	0.6666666666666666
21876	278	0	5	0.6875	211.2	1056.0	0.3333333333333333
21877	300	0	5	0.7425	266.4	1332.0	0.3333333333333333
21878	84	0	5	0.2025	74.0	370.0	0.6666666666666666
21879	355	0	5	0.88	299.4	1497.0	0.6666666666666666
21880	183	0	5	0.45	90.4	452.0	0.3333333333333333
21881	309	0	5	0.765	147.0	735.0	0.3333333333333333
21882	72	0	5	0.1725	70.0	350.0	0.0
21883	211	0	5	0.52	105.0	525.0	0.6666666666666666
21884	55	0	5	0.13	37.0	185.0	0.0
21885	400	0	5	0.9925	354.6	1773.0	0.6666666666666666
21886	82	0	5	0.1975	45.6	228.0	0.3333333333333333
21887	395	1	4	0.985	98.2	491.0	1.0
21888	44	0	5	0.1025	36.8	184.0	0.3333333333333333
21889	96	0	5	0.2325	46.4	232.0	0.0
21890	217	0	5	0.535	140.6	703.0	0.0
21891	115	0	5	0.28	102.0	510.0	0.3333333333333333
21892	182	0	5	0.4475	91.8	459.0	0.3333333333333333
21893	154	0	5	0.3775	118.4	592.0	0.3333333333333333
21894	276	0	5	0.6825	142.8	714.0	0.3333333333333333
21895	366	0	5	0.9075	232.8	1164.0	0.6666666666666666
21896	240	1	4	0.5975	175.6	878.0	1.0
21897	353	0	5	0.875	231.4	1157.0	0.6666666666666666
21898	97	0	5	0.235	53.2	266.0	0.6666666666666666
21899	144	0	5	0.3525	108.0	540.0	0.3333333333333333
21900	264	0	5	0.6525	241.2	1206.0	0.3333333333333333
21901	324	1	4	0.8075	84.8	424.0	1.0
21902	110	0	5	0.2675	103.0	515.0	0.3333333333333333
21903	337	1	4	0.84	276.0	1380.0	1.0
21904	229	0	5	0.565	93.4	467.0	0.0
21905	392	0	5	0.9725	201.4	1007.0	0.6666666666666666
21906	204	0	5	0.5025	151.8	759.0	0.3333333333333333
21907	121	0	5	0.295	119.0	595.0	0.0
21908	300	0	5	0.7425	104.0	520.0	0.3333333333333333
21909	7	0	5	0.01	5.0	25.0	0.0
21910	178	0	5	0.4375	161.6	808.0	0.3333333333333333
21911	7	0	5	0.01	4.6	23.0	0.0
21912	306	0	5	0.7575	272.0	1360.0	0.3333333333333333
21913	374	0	5	0.9275	171.8	859.0	0.6666666666666666
21914	75	0	5	0.18	57.8	289.0	0.3333333333333333
21915	114	0	5	0.2775	75.6	378.0	0.3333333333333333
21916	85	0	5	0.205	83.0	415.0	0.0
21917	124	0	5	0.3025	61.4	307.0	0.3333333333333333
21918	189	0	5	0.465	106.0	530.0	0.3333333333333333
21919	210	0	5	0.5175	76.8	384.0	0.3333333333333333
21920	160	0	5	0.3925	78.2	391.0	0.3333333333333333
21921	206	0	5	0.5075	125.4	627.0	0.3333333333333333
21922	346	0	5	0.8575	342.0	1710.0	0.3333333333333333
21923	245	0	5	0.605	140.6	703.0	0.3333333333333333
21924	90	0	5	0.2175	70.4	352.0	0.3333333333333333
21925	240	0	5	0.5925	224.2	1121.0	0.3333333333333333
21926	100	0	5	0.2425	83.0	415.0	0.3333333333333333
21927	191	0	5	0.47	119.0	595.0	0.3333333333333333
21928	96	0	5	0.2325	87.2	436.0	0.0
21929	227	0	5	0.56	102.6	513.0	0.3333333333333333
21930	164	0	5	0.4025	156.8	784.0	0.3333333333333333
21931	253	0	5	0.625	135.6	678.0	0.6666666666666666
21932	261	0	5	0.645	146.2	731.0	0.6666666666666666
21933	95	0	5	0.23	67.4	337.0	0.3333333333333333
21934	156	0	5	0.3825	98.8	494.0	0.3333333333333333
21935	292	0	5	0.7225	249.2	1246.0	0.0
21936	94	0	5	0.2275	92.0	460.0	0.0
21937	213	0	5	0.525	147.0	735.0	0.3333333333333333
21938	319	1	4	0.795	134.0	670.0	1.0
21939	265	0	5	0.655	165.4	827.0	0.6666666666666666
21940	264	0	5	0.6525	118.2	591.0	0.6666666666666666
21941	205	0	5	0.505	189.2	946.0	0.0
21942	340	1	4	0.8475	198.8	994.0	1.0
21943	288	0	5	0.7125	98.8	494.0	0.6666666666666666
21944	364	1	4	0.9075	175.6	878.0	1.0
21945	368	1	4	0.9175	198.6	993.0	1.0
21946	31	0	5	0.07	28.8	144.0	0.0
21947	391	0	5	0.97	80.4	402.0	0.6666666666666666
21948	330	0	5	0.8175	148.2	741.0	0.3333333333333333
21949	345	1	4	0.86	140.6	703.0	1.0
21950	280	1	4	0.6975	115.6	578.0	1.0
21951	143	0	5	0.35	28.6	143.0	0.3333333333333333
21952	193	0	5	0.475	168.2	841.0	0.3333333333333333
21953	194	0	5	0.4775	164.0	820.0	0.3333333333333333
21954	111	0	5	0.27	109.0	545.0	0.0
21955	105	0	5	0.255	75.2	376.0	0.0
21956	279	0	5	0.69	233.0	1165.0	0.6666666666666666
21957	248	0	5	0.6125	171.6	858.0	0.6666666666666666
21958	292	0	5	0.7225	86.8	434.0	0.6666666666666666
21959	103	0	5	0.25	94.2	471.0	0.3333333333333333
21960	13	0	5	0.025	7.8	39.0	0.3333333333333333
21961	14	0	5	0.0275	12.0	60.0	0.0
21962	111	0	5	0.27	61.8	309.0	0.3333333333333333
21963	382	0	5	0.9475	243.6	1218.0	0.3333333333333333
21964	159	0	5	0.39	89.6	448.0	0.3333333333333333
21965	292	0	5	0.7225	152.6	763.0	0.6666666666666666
21966	296	0	5	0.7325	206.6	1033.0	0.6666666666666666
21967	172	0	5	0.4225	132.0	660.0	0.0
21968	326	1	4	0.8125	138.0	690.0	1.0
21969	181	0	5	0.445	84.6	423.0	0.0
21970	196	0	5	0.4825	143.0	715.0	0.3333333333333333
21971	4	0	5	0.0025	2.0	10.0	0.0
21972	226	0	5	0.5575	92.4	462.0	0.6666666666666666
21973	47	0	5	0.11	21.0	105.0	0.0
21974	289	0	5	0.715	175.0	875.0	0.6666666666666666
21975	283	0	5	0.7	174.4	872.0	0.6666666666666666
21976	72	0	5	0.1725	70.0	350.0	0.0
21977	158	0	5	0.3875	154.6	773.0	0.0
21978	83	0	5	0.2	61.8	309.0	0.3333333333333333
21979	311	1	4	0.775	71.0	355.0	1.0
21980	335	0	5	0.83	117.2	586.0	0.6666666666666666
21981	260	0	5	0.6425	150.6	753.0	0.3333333333333333
21982	240	0	5	0.5925	238.0	1190.0	0.0
21983	155	0	5	0.38	146.4	732.0	0.3333333333333333
21984	113	0	5	0.275	82.2	411.0	0.3333333333333333
21985	241	0	5	0.595	152.2	761.0	0.3333333333333333
21986	323	0	5	0.8	111.6	558.0	0.6666666666666666
21987	183	0	5	0.45	157.2	786.0	0.3333333333333333
21988	320	0	5	0.7925	190.4	952.0	0.6666666666666666
21989	159	1	4	0.395	52.8	264.0	1.0
21990	149	0	5	0.365	118.4	592.0	0.6666666666666666
21991	109	0	5	0.265	92.6	463.0	0.3333333333333333
21992	315	1	4	0.785	242.0	1210.0	1.0
21993	76	0	5	0.1825	66.8	334.0	0.3333333333333333
21994	349	0	5	0.865	221.0	1105.0	0.6666666666666666
21995	380	0	5	0.9425	155.4	777.0	0.3333333333333333
21996	175	0	5	0.43	145.4	727.0	0.0
21997	371	0	5	0.92	87.4	437.0	0.6666666666666666
21998	257	0	5	0.635	117.2	586.0	0.6666666666666666
21999	399	0	5	0.99	271.8	1359.0	0.6666666666666666
22000	337	1	4	0.84	141.6	708.0	1.0
22001	149	0	5	0.365	73.4	367.0	0.3333333333333333
22002	225	0	5	0.555	158.8	794.0	0.3333333333333333
22003	26	0	5	0.0575	24.0	120.0	0.0
22004	345	0	5	0.855	160.2	801.0	0.6666666666666666
22005	366	0	5	0.9075	286.6	1433.0	0.6666666666666666
22006	163	0	5	0.4	118.4	592.0	0.0
22007	5	0	5	0.005	3.0	15.0	0.0
22008	72	0	5	0.1725	52.4	262.0	0.3333333333333333
22009	54	0	5	0.1275	52.0	260.0	0.0
22010	171	0	5	0.42	139.0	695.0	0.6666666666666666
22011	285	1	4	0.71	197.0	985.0	1.0
22012	304	0	5	0.7525	108.2	541.0	0.6666666666666666
22013	332	0	5	0.8225	271.8	1359.0	0.0
22014	270	1	4	0.6725	98.4	492.0	1.0
22015	10	0	5	0.0175	8.0	40.0	0.0
22016	356	1	4	0.8875	194.2	971.0	1.0
22017	378	1	4	0.9425	104.4	522.0	1.0
22018	349	0	5	0.865	157.4	787.0	0.6666666666666666
22019	188	0	5	0.4625	78.8	394.0	0.3333333333333333
22020	225	0	5	0.555	77.4	387.0	0.3333333333333333
22021	218	1	4	0.5425	99.2	496.0	1.0
22022	235	0	5	0.58	217.8	1089.0	0.3333333333333333
22023	235	0	5	0.58	141.8	709.0	0.3333333333333333
22024	265	0	5	0.655	176.0	880.0	0.6666666666666666
22025	158	0	5	0.3875	123.6	618.0	0.0
22026	347	0	5	0.86	179.8	899.0	0.6666666666666666
22027	134	0	5	0.3275	109.0	545.0	0.0
22028	116	0	5	0.2825	69.6	348.0	0.6666666666666666
22029	314	0	5	0.7775	261.0	1305.0	0.6666666666666666
22030	282	0	5	0.6975	126.0	630.0	0.6666666666666666
22031	119	1	4	0.295	71.8	359.0	1.0
22032	222	0	5	0.5475	151.4	757.0	0.6666666666666666
22033	72	0	5	0.1725	59.6	298.0	0.0
22034	299	0	5	0.74	166.0	830.0	0.3333333333333333
22035	149	0	5	0.365	63.0	315.0	0.3333333333333333
22036	6	0	5	0.0075	1.0	5.0	0.0
22037	144	0	5	0.3525	91.4	457.0	0.6666666666666666
22038	39	0	5	0.09	37.0	185.0	0.0
22039	33	0	5	0.075	31.0	155.0	0.0
22040	333	1	4	0.83	225.6	1128.0	1.0
22041	264	0	5	0.6525	217.2	1086.0	0.0
22042	204	0	5	0.5025	116.4	582.0	0.3333333333333333
22043	85	0	5	0.205	74.6	373.0	0.3333333333333333
22044	32	0	5	0.0725	28.0	140.0	0.0
22045	334	0	5	0.8275	268.6	1343.0	0.3333333333333333
22046	113	0	5	0.275	72.6	363.0	0.0
22047	94	0	5	0.2275	92.0	460.0	0.0
22048	175	0	5	0.43	125.6	628.0	0.3333333333333333
22049	149	0	5	0.365	129.8	649.0	0.3333333333333333
22050	32	0	5	0.0725	30.0	150.0	0.0
22051	277	0	5	0.685	171.4	857.0	0.3333333333333333
22052	299	0	5	0.74	183.0	915.0	0.3333333333333333
22053	152	0	5	0.3725	101.0	505.0	0.3333333333333333
22054	386	0	5	0.9575	272.8	1364.0	0.6666666666666666
22055	265	0	5	0.655	220.6	1103.0	0.3333333333333333
22056	23	0	5	0.05	21.0	105.0	0.0
22057	166	0	5	0.4075	155.2	776.0	0.3333333333333333
22058	355	0	5	0.88	247.8	1239.0	0.3333333333333333
22059	118	0	5	0.2875	69.6	348.0	0.3333333333333333
22060	280	1	4	0.6975	146.8	734.0	1.0
22061	306	1	4	0.7625	230.8	1154.0	1.0
22062	377	1	4	0.94	167.4	837.0	1.0
22063	81	0	5	0.195	32.6	163.0	0.3333333333333333
22064	276	0	5	0.6825	152.6	763.0	0.6666666666666666
22065	147	0	5	0.36	100.6	503.0	0.3333333333333333
22066	66	0	5	0.1575	64.0	320.0	0.0
22067	243	0	5	0.6	173.4	867.0	0.3333333333333333
22068	271	0	5	0.67	137.8	689.0	0.6666666666666666
22069	368	0	5	0.9125	298.0	1490.0	0.6666666666666666
22070	227	0	5	0.56	200.2	1001.0	0.3333333333333333
22071	83	0	5	0.2	47.4	237.0	0.6666666666666666
22072	272	0	5	0.6725	181.6	908.0	0.6666666666666666
22073	153	0	5	0.375	109.8	549.0	0.3333333333333333
22074	99	0	5	0.24	62.6	313.0	0.3333333333333333
22075	35	0	5	0.08	33.0	165.0	0.0
22076	204	0	5	0.5025	98.2	491.0	0.6666666666666666
22077	225	0	5	0.555	140.2	701.0	0.3333333333333333
22078	378	0	5	0.9375	284.0	1420.0	0.6666666666666666
22079	287	0	5	0.71	89.0	445.0	0.6666666666666666
22080	297	0	5	0.735	204.6	1023.0	0.6666666666666666
22081	18	0	5	0.0375	16.0	80.0	0.0
22082	91	0	5	0.22	89.0	445.0	0.0
22083	348	1	4	0.8675	188.0	940.0	1.0
22084	258	1	4	0.6425	169.6	848.0	1.0
22085	320	0	5	0.7925	216.0	1080.0	0.6666666666666666
22086	200	0	5	0.4925	101.4	507.0	0.0
22087	204	0	5	0.5025	71.8	359.0	0.3333333333333333
22088	306	1	3	0.7625	255.8	1279.0	1.0
22089	129	0	5	0.315	124.6	623.0	0.6666666666666666
22090	345	0	5	0.855	117.8	589.0	0.6666666666666666
22091	256	0	5	0.6325	158.6	793.0	0.3333333333333333
22092	276	0	5	0.6825	238.8	1194.0	0.3333333333333333
22093	289	0	5	0.715	113.4	567.0	0.3333333333333333
22094	352	0	5	0.8725	209.4	1047.0	0.6666666666666666
22095	239	0	5	0.59	73.0	365.0	0.3333333333333333
22096	381	0	5	0.945	203.2	1016.0	0.6666666666666666
22097	110	0	5	0.2675	106.0	530.0	0.3333333333333333
22098	108	0	5	0.2625	67.2	336.0	0.6666666666666666
22099	248	0	5	0.6125	207.6	1038.0	0.6666666666666666
22100	272	0	5	0.6725	181.6	908.0	0.3333333333333333
22101	219	0	5	0.54	123.4	617.0	0.3333333333333333
22102	34	0	5	0.0775	26.4	132.0	0.3333333333333333
22103	341	0	5	0.845	190.6	953.0	0.6666666666666666
22104	27	0	5	0.06	25.0	125.0	0.0
22105	303	0	5	0.75	253.6	1268.0	0.3333333333333333
22106	203	0	5	0.5	164.8	824.0	0.3333333333333333
22107	265	0	5	0.655	136.4	682.0	0.6666666666666666
22108	282	0	5	0.6975	252.8	1264.0	0.6666666666666666
22109	232	0	5	0.5725	104.4	522.0	0.6666666666666666
22110	323	0	5	0.8	239.0	1195.0	0.3333333333333333
22111	295	0	5	0.73	173.4	867.0	0.6666666666666666
22112	78	0	5	0.1875	76.0	380.0	0.0
22113	208	0	5	0.5125	166.8	834.0	0.3333333333333333
22114	157	0	5	0.385	73.4	367.0	0.3333333333333333
22115	220	0	5	0.5425	43.6	218.0	0.0
22116	99	0	5	0.24	60.4	302.0	0.3333333333333333
22117	265	0	5	0.655	147.6	738.0	0.6666666666666666
22118	340	0	5	0.8425	191.2	956.0	0.3333333333333333
22119	338	0	5	0.8375	284.4	1422.0	0.6666666666666666
22120	169	0	5	0.415	55.0	275.0	0.3333333333333333
22121	87	0	5	0.21	85.0	425.0	0.0
22122	342	0	5	0.8475	147.6	738.0	0.6666666666666666
22123	342	0	5	0.8475	170.4	852.0	0.6666666666666666
22124	250	0	5	0.6175	88.8	444.0	0.3333333333333333
22125	386	0	5	0.9575	310.2	1551.0	0.3333333333333333
22126	165	0	5	0.405	138.2	691.0	0.0
22127	240	0	5	0.5925	89.0	445.0	0.6666666666666666
22128	77	0	5	0.185	31.0	155.0	0.6666666666666666
22129	137	0	5	0.335	135.0	675.0	0.0
22130	37	0	5	0.085	35.0	175.0	0.0
22131	240	0	5	0.5925	155.4	777.0	0.3333333333333333
22132	215	0	5	0.53	163.2	816.0	0.3333333333333333
22133	309	1	4	0.77	136.6	683.0	1.0
22134	267	1	4	0.665	219.8	1099.0	1.0
22135	232	1	4	0.5775	153.6	768.0	1.0
22136	387	0	5	0.96	214.8	1074.0	0.6666666666666666
22137	230	0	5	0.5675	164.8	824.0	0.6666666666666666
22138	378	0	5	0.9375	121.0	605.0	0.6666666666666666
22139	261	0	5	0.645	257.8	1289.0	0.3333333333333333
22140	307	0	5	0.76	210.4	1052.0	0.3333333333333333
22141	254	0	5	0.6275	170.2	851.0	0.3333333333333333
22142	104	0	5	0.2525	96.4	482.0	0.0
22143	125	0	5	0.305	61.8	309.0	0.0
22144	228	0	5	0.5625	151.2	756.0	0.3333333333333333
22145	317	0	5	0.785	178.8	894.0	0.6666666666666666
22146	216	0	5	0.5325	80.6	403.0	0.3333333333333333
22147	114	0	5	0.2775	59.2	296.0	0.3333333333333333
22148	247	0	5	0.61	143.4	717.0	0.3333333333333333
22149	197	0	5	0.485	155.0	775.0	0.6666666666666666
22150	22	0	5	0.0475	20.0	100.0	0.0
22151	270	0	5	0.6675	155.8	779.0	0.3333333333333333
22152	14	0	5	0.0275	12.0	60.0	0.0
22153	289	0	5	0.715	74.2	371.0	0.3333333333333333
22154	165	0	5	0.405	145.0	725.0	0.6666666666666666
22155	345	0	5	0.855	214.4	1072.0	0.6666666666666666
22156	184	0	5	0.4525	60.8	304.0	0.3333333333333333
22157	212	0	5	0.5225	130.8	654.0	0.3333333333333333
22158	223	0	5	0.55	71.6	358.0	0.6666666666666666
22159	86	0	5	0.2075	84.0	420.0	0.0
22160	292	0	5	0.7225	185.2	926.0	0.6666666666666666
22161	399	1	4	0.995	171.2	856.0	1.0
22162	68	0	5	0.1625	59.2	296.0	0.3333333333333333
22163	90	0	5	0.2175	36.4	182.0	0.3333333333333333
22164	278	0	5	0.6875	192.0	960.0	0.6666666666666666
22165	287	0	5	0.71	272.8	1364.0	0.3333333333333333
22166	386	0	5	0.9575	310.2	1551.0	0.6666666666666666
22167	211	0	5	0.52	67.8	339.0	0.3333333333333333
22168	79	0	5	0.19	57.8	289.0	0.3333333333333333
22169	116	0	5	0.2825	76.2	381.0	0.3333333333333333
22170	275	1	4	0.685	59.0	295.0	1.0
22171	16	0	5	0.0325	14.0	70.0	0.0
22172	291	0	5	0.72	151.2	756.0	0.3333333333333333
22173	78	0	5	0.1875	76.0	380.0	0.0
22174	276	0	5	0.6825	158.2	791.0	0.6666666666666666
22175	316	0	5	0.7825	157.8	789.0	0.6666666666666666
22176	192	0	5	0.4725	190.0	950.0	0.0
22177	201	0	5	0.495	51.4	257.0	0.3333333333333333
22178	12	0	5	0.0225	10.0	50.0	0.0
22179	125	0	5	0.305	123.0	615.0	0.3333333333333333
22180	155	0	5	0.38	100.8	504.0	0.3333333333333333
22181	215	0	5	0.53	195.2	976.0	0.6666666666666666
22182	189	0	5	0.465	169.8	849.0	0.6666666666666666
22183	184	0	5	0.4525	84.0	420.0	0.3333333333333333
22184	78	0	5	0.1875	50.2	251.0	0.3333333333333333
22185	222	0	5	0.5475	214.4	1072.0	0.6666666666666666
22186	79	0	5	0.19	77.0	385.0	0.0
22187	354	0	5	0.8775	209.8	1049.0	0.6666666666666666
22188	216	0	5	0.5325	170.8	854.0	0.3333333333333333
22189	105	0	5	0.255	88.6	443.0	0.0
22190	295	0	5	0.73	99.0	495.0	0.3333333333333333
22191	82	0	5	0.1975	72.0	360.0	0.0
22192	186	0	5	0.4575	60.8	304.0	0.3333333333333333
22193	202	0	5	0.4975	151.6	758.0	0.3333333333333333
22194	177	0	5	0.435	175.0	875.0	0.0
22195	218	0	5	0.5375	160.8	804.0	0.3333333333333333
22196	303	1	4	0.755	153.2	766.0	1.0
22197	204	0	5	0.5025	89.2	446.0	0.3333333333333333
22198	249	0	5	0.615	166.6	833.0	0.6666666666666666
22199	394	0	5	0.9775	295.2	1476.0	0.3333333333333333
22200	348	1	4	0.8675	182.2	911.0	1.0
22201	345	0	5	0.855	222.8	1114.0	0.6666666666666666
22202	128	1	4	0.3175	64.2	321.0	1.0
22203	369	0	5	0.915	294.8	1474.0	0.3333333333333333
22204	131	0	5	0.32	90.2	451.0	0.0
22205	331	0	5	0.82	313.4	1567.0	0.6666666666666666
22206	192	0	5	0.4725	104.6	523.0	0.3333333333333333
22207	50	0	5	0.1175	28.2	141.0	0.3333333333333333
22208	201	0	5	0.495	137.4	687.0	0.3333333333333333
22209	81	0	5	0.195	74.6	373.0	0.0
22210	229	0	5	0.565	144.2	721.0	0.0
22211	25	0	5	0.055	23.0	115.0	0.0
22212	181	0	5	0.445	179.0	895.0	0.0
22213	39	0	5	0.09	37.0	185.0	0.0
22214	384	1	4	0.9575	106.4	532.0	1.0
22215	313	0	5	0.775	193.8	969.0	0.3333333333333333
22216	384	1	4	0.9575	343.6	1718.0	1.0
22217	55	0	5	0.13	53.0	265.0	0.0
22218	330	0	5	0.8175	221.2	1106.0	0.6666666666666666
22219	209	0	5	0.515	149.6	748.0	0.6666666666666666
22220	293	0	5	0.725	174.6	873.0	0.0
22221	230	0	5	0.5675	156.2	781.0	0.6666666666666666
22222	20	0	5	0.0425	18.0	90.0	0.0
22223	250	0	5	0.6175	148.2	741.0	0.3333333333333333
22224	107	1	4	0.265	71.0	355.0	1.0
22225	213	0	5	0.525	149.4	747.0	0.3333333333333333
22226	284	0	5	0.7025	166.2	831.0	0.3333333333333333
22227	44	0	5	0.1025	31.6	158.0	0.0
22228	211	0	5	0.52	112.2	561.0	0.6666666666666666
22229	123	0	5	0.3	50.0	250.0	0.3333333333333333
22230	350	0	5	0.8675	118.8	594.0	0.6666666666666666
22231	244	0	5	0.6025	222.4	1112.0	0.3333333333333333
22232	289	1	4	0.72	141.2	706.0	1.0
22233	100	0	5	0.2425	79.4	397.0	0.0
22234	228	0	5	0.5625	142.4	712.0	0.0
22235	187	0	5	0.46	185.0	925.0	0.3333333333333333
22236	279	0	5	0.69	101.0	505.0	0.6666666666666666
22237	275	0	5	0.68	228.6	1143.0	0.6666666666666666
22238	372	1	4	0.9275	352.4	1762.0	1.0
22239	8	0	5	0.0125	6.0	30.0	0.0
22240	283	0	5	0.7	166.4	832.0	0.6666666666666666
22241	234	0	5	0.5775	103.2	516.0	0.6666666666666666
22242	129	0	5	0.315	125.2	626.0	0.3333333333333333
22243	177	0	5	0.435	57.4	287.0	0.6666666666666666
22244	73	0	5	0.175	33.2	166.0	0.3333333333333333
22245	332	0	5	0.8225	180.2	901.0	0.6666666666666666
22246	258	0	5	0.6375	113.2	566.0	0.3333333333333333
22247	363	0	5	0.9	282.6	1413.0	0.6666666666666666
22248	157	1	4	0.39	128.4	642.0	1.0
22249	5	0	5	0.005	3.0	15.0	0.0
22250	310	0	5	0.7675	184.4	922.0	0.6666666666666666
22251	147	1	4	0.365	128.6	643.0	1.0
22252	85	0	5	0.205	72.6	363.0	0.3333333333333333
22253	168	0	5	0.4125	83.8	419.0	0.3333333333333333
22254	285	0	5	0.705	123.6	618.0	0.6666666666666666
22255	156	0	5	0.3825	83.6	418.0	0.3333333333333333
22256	386	0	5	0.9575	167.8	839.0	0.6666666666666666
22257	142	0	5	0.3475	81.4	407.0	0.3333333333333333
22258	240	0	5	0.5925	204.4	1022.0	0.3333333333333333
22259	332	0	5	0.8225	272.6	1363.0	0.6666666666666666
22260	297	0	5	0.735	137.4	687.0	0.6666666666666666
22261	213	0	5	0.525	172.8	864.0	0.6666666666666666
22262	375	0	5	0.93	133.8	669.0	0.6666666666666666
22263	380	1	4	0.9475	171.6	858.0	1.0
22264	140	0	5	0.3425	67.2	336.0	0.6666666666666666
22265	140	1	4	0.3475	122.6	613.0	1.0
22266	276	0	5	0.6825	242.4	1212.0	0.3333333333333333
22267	394	0	5	0.9775	210.2	1051.0	0.6666666666666666
22268	357	1	4	0.89	130.2	651.0	1.0
22269	360	1	4	0.8975	200.8	1004.0	1.0
22270	278	0	5	0.6875	185.2	926.0	0.6666666666666666
22271	237	0	5	0.585	57.4	287.0	0.0
22272	272	0	5	0.6725	157.2	786.0	0.6666666666666666
22273	374	0	5	0.9275	217.8	1089.0	0.6666666666666666
22274	281	1	4	0.7	169.2	846.0	1.0
22275	100	0	5	0.2425	72.8	364.0	0.0
22276	88	0	5	0.2125	35.2	176.0	0.6666666666666666
22277	360	0	5	0.8925	137.2	686.0	0.6666666666666666
22278	147	0	5	0.36	145.0	725.0	0.0
22279	357	0	5	0.885	162.6	813.0	0.6666666666666666
22280	213	0	5	0.525	63.0	315.0	0.3333333333333333
22281	44	0	5	0.1025	42.0	210.0	0.0
22282	224	0	5	0.5525	112.8	564.0	0.6666666666666666
22283	251	0	5	0.62	203.0	1015.0	0.3333333333333333
22284	35	0	5	0.08	33.0	165.0	0.0
22285	141	0	5	0.345	87.8	439.0	0.0
22286	14	0	5	0.0275	12.0	60.0	0.0
22287	210	0	5	0.5175	178.0	890.0	0.3333333333333333
22288	330	0	5	0.8175	127.0	635.0	0.3333333333333333
22289	69	0	5	0.165	56.4	282.0	0.0
22290	247	0	5	0.61	120.4	602.0	0.6666666666666666
22291	299	0	5	0.74	214.0	1070.0	0.6666666666666666
22292	259	0	5	0.64	246.6	1233.0	0.6666666666666666
22293	285	0	5	0.705	89.4	447.0	0.6666666666666666
22294	282	1	3	0.7025	235.8	1179.0	1.0
22295	143	0	5	0.35	127.6	638.0	0.0
22296	169	0	5	0.415	77.2	386.0	0.6666666666666666
22297	39	0	5	0.09	37.0	185.0	0.0
22298	364	0	5	0.9025	153.2	766.0	0.6666666666666666
22299	126	0	5	0.3075	86.2	431.0	0.3333333333333333
22300	367	0	5	0.91	90.0	450.0	0.3333333333333333
22301	282	0	5	0.6975	158.8	794.0	0.6666666666666666
22302	189	0	5	0.465	186.0	930.0	0.0
22303	273	0	5	0.675	206.4	1032.0	0.3333333333333333
22304	387	0	5	0.96	130.8	654.0	0.6666666666666666
22305	80	0	5	0.1925	30.8	154.0	0.0
22306	142	0	5	0.3475	121.4	607.0	0.3333333333333333
22307	337	0	5	0.835	166.4	832.0	0.6666666666666666
22308	171	0	5	0.42	120.8	604.0	0.6666666666666666
22309	275	0	5	0.68	192.0	960.0	0.6666666666666666
22310	396	0	5	0.9825	158.2	791.0	0.6666666666666666
22311	203	0	5	0.5	134.2	671.0	0.0
22312	303	0	5	0.75	121.8	609.0	0.6666666666666666
22313	272	0	5	0.6725	89.0	445.0	0.6666666666666666
22314	144	0	5	0.3525	142.0	710.0	0.0
22315	353	1	4	0.88	204.6	1023.0	1.0
22316	47	0	5	0.11	45.0	225.0	0.0
22317	186	0	5	0.4575	128.0	640.0	0.6666666666666666
22318	226	0	5	0.5575	78.2	391.0	0.3333333333333333
22319	92	0	5	0.2225	46.0	230.0	0.3333333333333333
22320	285	0	5	0.705	168.0	840.0	0.3333333333333333
22321	138	1	4	0.3425	58.6	293.0	1.0
22322	127	0	5	0.31	93.4	467.0	0.0
22323	202	0	5	0.4975	119.0	595.0	0.3333333333333333
22324	68	0	5	0.1625	66.0	330.0	0.0
22325	375	0	5	0.93	203.2	1016.0	0.6666666666666666
22326	127	0	5	0.31	53.6	268.0	0.6666666666666666
22327	389	0	5	0.965	258.2	1291.0	0.6666666666666666
22328	140	0	5	0.3425	121.6	608.0	0.3333333333333333
22329	123	0	5	0.3	43.4	217.0	0.3333333333333333
22330	51	0	5	0.12	49.0	245.0	0.0
22331	234	0	5	0.5775	187.0	935.0	0.3333333333333333
22332	75	0	5	0.18	49.8	249.0	0.3333333333333333
22333	208	0	5	0.5125	168.2	841.0	0.3333333333333333
22334	158	0	5	0.3875	108.8	544.0	0.3333333333333333
22335	262	0	5	0.6475	72.6	363.0	0.6666666666666666
22336	22	0	5	0.0475	20.0	100.0	0.0
22337	225	0	5	0.555	107.0	535.0	0.3333333333333333
22338	9	0	5	0.015	7.0	35.0	0.0
22339	379	1	4	0.945	117.2	586.0	1.0
22340	89	0	5	0.215	87.0	435.0	0.0
22341	275	0	5	0.68	151.4	757.0	0.6666666666666666
22342	260	0	5	0.6425	146.8	734.0	0.6666666666666666
22343	280	0	5	0.6925	161.2	806.0	0.6666666666666666
22344	330	1	4	0.8225	201.0	1005.0	1.0
22345	349	1	4	0.87	105.8	529.0	1.0
22346	401	0	4	0.9975	175.2	876.0	0.6666666666666666
22347	217	0	5	0.535	196.4	982.0	0.0
22348	220	0	5	0.5425	155.2	776.0	0.6666666666666666
22349	208	0	5	0.5125	158.4	792.0	0.6666666666666666
22350	127	0	5	0.31	66.0	330.0	0.6666666666666666
22351	117	0	5	0.285	82.2	411.0	0.3333333333333333
22352	369	0	5	0.915	219.8	1099.0	0.6666666666666666
22353	127	0	5	0.31	80.6	403.0	0.6666666666666666
22354	134	0	5	0.3275	101.4	507.0	0.3333333333333333
22355	327	0	5	0.81	196.6	983.0	0.3333333333333333
22356	223	1	3	0.555	198.4	992.0	1.0
22357	313	0	5	0.775	81.0	405.0	0.3333333333333333
22358	143	0	5	0.35	69.4	347.0	0.3333333333333333
22359	159	0	5	0.39	127.4	637.0	0.3333333333333333
22360	31	0	5	0.07	29.0	145.0	0.0
22361	162	0	5	0.3975	133.6	668.0	0.3333333333333333
22362	288	1	4	0.7175	151.2	756.0	1.0
22363	119	0	5	0.29	111.4	557.0	0.3333333333333333
22364	227	0	5	0.56	170.6	853.0	0.3333333333333333
22365	332	1	4	0.8275	170.4	852.0	1.0
22366	177	0	5	0.435	130.2	651.0	0.0
22367	137	0	5	0.335	130.2	651.0	0.3333333333333333
22368	72	0	5	0.1725	26.0	130.0	0.3333333333333333
22369	376	0	5	0.9325	114.6	573.0	0.3333333333333333
22370	58	0	5	0.1375	56.0	280.0	0.0
22371	213	0	5	0.525	101.8	509.0	0.6666666666666666
22372	119	0	5	0.29	92.6	463.0	0.3333333333333333
22373	213	0	5	0.525	67.8	339.0	0.3333333333333333
22374	382	0	5	0.9475	129.6	648.0	0.6666666666666666
22375	137	0	5	0.335	85.0	425.0	0.3333333333333333
22376	107	0	5	0.26	87.4	437.0	0.0
22377	353	0	5	0.875	91.4	457.0	0.6666666666666666
22378	90	0	5	0.2175	72.8	364.0	0.0
22379	269	0	5	0.665	191.4	957.0	0.3333333333333333
22380	78	0	5	0.1875	76.0	380.0	0.0
22381	335	1	4	0.835	154.6	773.0	1.0
22382	288	0	5	0.7125	181.0	905.0	0.6666666666666666
22383	377	0	5	0.935	182.0	910.0	0.6666666666666666
22384	150	0	5	0.3675	51.2	256.0	0.6666666666666666
22385	219	0	5	0.54	112.0	560.0	0.6666666666666666
22386	107	0	5	0.26	72.0	360.0	0.6666666666666666
22387	288	0	5	0.7125	162.2	811.0	0.6666666666666666
22388	294	1	4	0.7325	120.4	602.0	1.0
22389	267	0	5	0.66	155.0	775.0	0.6666666666666666
22390	112	0	5	0.2725	90.2	451.0	0.3333333333333333
22391	387	0	5	0.96	154.4	772.0	0.6666666666666666
22392	8	0	5	0.0125	6.0	30.0	0.0
22393	184	0	5	0.4525	134.0	670.0	0.0
22394	202	0	5	0.4975	143.2	716.0	0.6666666666666666
22395	136	0	5	0.3325	134.0	670.0	0.0
22396	30	0	5	0.0675	28.0	140.0	0.0
22397	250	0	5	0.6175	136.2	681.0	0.3333333333333333
22398	263	1	4	0.655	125.8	629.0	1.0
22399	316	0	5	0.7825	261.6	1308.0	0.3333333333333333
22400	216	1	4	0.5375	164.4	822.0	1.0
22401	232	0	5	0.5725	89.2	446.0	0.6666666666666666
22402	199	0	5	0.49	169.8	849.0	0.0
22403	216	0	5	0.5325	196.0	980.0	0.3333333333333333
22404	396	1	4	0.9875	310.4	1552.0	1.0
22405	137	1	4	0.34	94.6	473.0	1.0
22406	97	0	5	0.235	69.8	349.0	0.0
22407	246	0	5	0.6075	91.6	458.0	0.3333333333333333
22408	312	0	5	0.7725	134.8	674.0	0.3333333333333333
22409	246	1	3	0.6125	209.4	1047.0	1.0
22410	235	0	5	0.58	199.4	997.0	0.0
22411	277	0	5	0.685	74.6	373.0	0.6666666666666666
22412	174	0	5	0.4275	112.0	560.0	0.0
22413	59	0	5	0.14	46.8	234.0	0.3333333333333333
22414	344	0	5	0.8525	306.0	1530.0	0.3333333333333333
22415	87	1	4	0.215	48.4	242.0	1.0
22416	151	0	5	0.37	87.6	438.0	0.3333333333333333
22417	71	0	5	0.17	58.6	293.0	0.3333333333333333
22418	223	0	5	0.55	193.4	967.0	0.3333333333333333
22419	188	0	5	0.4625	146.0	730.0	0.6666666666666666
22420	172	0	5	0.4225	105.6	528.0	0.3333333333333333
22421	36	0	5	0.0825	34.0	170.0	0.0
22422	348	0	5	0.8625	134.2	671.0	0.6666666666666666
22423	101	0	5	0.245	52.6	263.0	0.3333333333333333
22424	265	0	5	0.655	189.0	945.0	0.3333333333333333
22425	246	1	4	0.6125	205.4	1027.0	1.0
22426	79	0	5	0.19	77.0	385.0	0.0
22427	280	0	5	0.6925	132.2	661.0	0.3333333333333333
22428	335	0	5	0.83	180.8	904.0	0.6666666666666666
22429	249	1	4	0.62	153.4	767.0	1.0
22430	9	0	5	0.015	7.0	35.0	0.0
22431	38	0	5	0.0875	36.0	180.0	0.0
22432	133	0	5	0.325	62.0	310.0	0.0
22433	91	0	5	0.22	46.6	233.0	0.6666666666666666
22434	380	0	5	0.9425	289.2	1446.0	0.6666666666666666
22435	320	0	5	0.7925	257.2	1286.0	0.6666666666666666
22436	74	0	5	0.1775	58.4	292.0	0.0
22437	152	0	5	0.3725	122.8	614.0	0.0
22438	78	0	5	0.1875	70.2	351.0	0.3333333333333333
22439	77	0	5	0.185	48.6	243.0	0.3333333333333333
22440	340	0	5	0.8425	277.6	1388.0	0.6666666666666666
22441	356	0	5	0.8825	258.8	1294.0	0.3333333333333333
22442	362	0	5	0.8975	182.0	910.0	0.6666666666666666
22443	119	0	5	0.29	90.6	453.0	0.3333333333333333
22444	279	0	5	0.69	210.8	1054.0	0.3333333333333333
22445	260	1	4	0.6475	128.6	643.0	1.0
22446	289	0	5	0.715	217.8	1089.0	0.3333333333333333
22447	302	0	5	0.7475	190.0	950.0	0.6666666666666666
22448	384	0	5	0.9525	229.6	1148.0	0.6666666666666666
22449	79	0	5	0.19	67.0	335.0	0.0
22450	244	0	5	0.6025	208.2	1041.0	0.0
22451	203	0	5	0.5	116.4	582.0	0.3333333333333333
22452	327	0	5	0.81	176.2	881.0	0.6666666666666666
22453	309	0	5	0.765	202.2	1011.0	0.6666666666666666
22454	183	0	5	0.45	174.0	870.0	0.3333333333333333
22455	327	0	5	0.81	166.0	830.0	0.3333333333333333
22456	265	1	4	0.66	264.2	1321.0	1.0
22457	140	0	5	0.3425	114.6	573.0	0.3333333333333333
22458	9	0	5	0.015	7.0	35.0	0.0
22459	106	0	5	0.2575	76.0	380.0	0.3333333333333333
22460	380	0	5	0.9425	265.2	1326.0	0.6666666666666666
22461	314	0	5	0.7775	203.0	1015.0	0.3333333333333333
22462	213	0	5	0.525	211.0	1055.0	0.0
22463	337	0	5	0.835	146.2	731.0	0.6666666666666666
22464	57	0	5	0.135	55.0	275.0	0.0
22465	29	0	5	0.065	27.0	135.0	0.0
22466	228	0	5	0.5625	102.0	510.0	0.3333333333333333
22467	58	0	5	0.1375	36.0	180.0	0.3333333333333333
22468	154	0	5	0.3775	49.6	248.0	0.6666666666666666
22469	203	0	5	0.5	61.0	305.0	0.3333333333333333
22470	86	0	5	0.2075	79.8	399.0	0.0
22471	178	0	5	0.4375	149.6	748.0	0.0
22472	180	0	5	0.4425	109.6	548.0	0.6666666666666666
22473	62	0	5	0.1475	52.0	260.0	0.0
22474	286	0	5	0.7075	230.0	1150.0	0.3333333333333333
22475	351	0	5	0.87	267.4	1337.0	0.6666666666666666
22476	275	0	5	0.68	225.2	1126.0	0.3333333333333333
22477	76	0	5	0.1825	74.0	370.0	0.0
22478	178	0	5	0.4375	98.0	490.0	0.3333333333333333
22479	233	0	5	0.575	123.0	615.0	0.3333333333333333
22480	374	1	4	0.9325	301.0	1505.0	1.0
22481	199	0	5	0.49	97.0	485.0	0.3333333333333333
22482	194	0	5	0.4775	93.0	465.0	0.3333333333333333
22483	4	0	5	0.0025	2.0	10.0	0.0
22484	63	0	5	0.15	49.0	245.0	0.3333333333333333
22485	131	0	5	0.32	76.0	380.0	0.0
22486	63	0	5	0.15	37.8	189.0	0.3333333333333333
22487	142	0	5	0.3475	83.2	416.0	0.3333333333333333
22488	132	0	5	0.3225	117.2	586.0	0.0
22489	387	1	4	0.965	219.0	1095.0	1.0
22490	318	0	5	0.7875	197.6	988.0	0.6666666666666666
22491	162	0	5	0.3975	89.0	445.0	0.3333333333333333
22492	117	0	5	0.285	99.8	499.0	0.0
22493	325	0	5	0.805	217.8	1089.0	0.6666666666666666
22494	66	1	4	0.1625	23.8	119.0	1.0
22495	299	1	4	0.745	101.0	505.0	1.0
22496	344	0	5	0.8525	93.2	466.0	0.6666666666666666
22497	342	0	5	0.8475	156.6	783.0	0.3333333333333333
22498	381	0	5	0.945	206.4	1032.0	0.6666666666666666
22499	233	1	4	0.58	109.0	545.0	1.0
22500	223	0	5	0.55	146.6	733.0	0.3333333333333333
22501	28	0	5	0.0625	5.2	26.0	0.0
22502	392	0	5	0.9725	314.0	1570.0	0.6666666666666666
22503	368	0	5	0.9125	306.0	1530.0	0.3333333333333333
22504	124	0	5	0.3025	122.0	610.0	0.0
22505	238	0	5	0.5875	107.4	537.0	0.6666666666666666
22506	231	0	5	0.57	95.4	477.0	0.3333333333333333
22507	21	0	5	0.045	19.0	95.0	0.0
22508	304	0	5	0.7525	302.0	1510.0	0.3333333333333333
22509	363	0	5	0.9	209.4	1047.0	0.6666666666666666
22510	365	0	5	0.905	256.8	1284.0	0.6666666666666666
22511	352	1	4	0.8775	297.6	1488.0	1.0
22512	117	0	5	0.285	46.6	233.0	0.3333333333333333
22513	26	0	5	0.0575	13.8	69.0	0.0
22514	64	0	5	0.1525	22.0	110.0	0.3333333333333333
22515	353	0	5	0.875	203.4	1017.0	0.6666666666666666
22516	357	0	5	0.885	235.4	1177.0	0.3333333333333333
22517	130	0	5	0.3175	103.6	518.0	0.3333333333333333
22518	51	0	5	0.12	49.0	245.0	0.0
22519	383	1	4	0.955	286.2	1431.0	1.0
22520	210	0	5	0.5175	178.0	890.0	0.0
22521	206	0	5	0.5075	138.8	694.0	0.3333333333333333
22522	230	0	5	0.5675	165.6	828.0	0.3333333333333333
22523	18	0	5	0.0375	16.0	80.0	0.0
22524	205	0	5	0.505	99.6	498.0	0.3333333333333333
22525	304	0	5	0.7525	207.2	1036.0	0.6666666666666666
22526	315	0	5	0.78	244.2	1221.0	0.6666666666666666
22527	374	1	4	0.9325	284.0	1420.0	1.0
22528	381	0	5	0.945	304.4	1522.0	0.6666666666666666
22529	348	0	5	0.8625	242.0	1210.0	0.3333333333333333
22530	297	1	4	0.74	211.6	1058.0	1.0
22531	135	0	5	0.33	42.6	213.0	0.0
22532	362	0	5	0.8975	140.4	702.0	0.6666666666666666
22533	342	0	5	0.8475	223.8	1119.0	0.6666666666666666
22534	332	0	5	0.8225	138.6	693.0	0.6666666666666666
22535	223	0	5	0.55	127.8	639.0	0.3333333333333333
22536	255	0	5	0.63	101.6	508.0	0.3333333333333333
22537	230	0	5	0.5675	165.8	829.0	0.6666666666666666
22538	253	0	5	0.625	202.2	1011.0	0.3333333333333333
22539	269	0	5	0.665	151.8	759.0	0.3333333333333333
22540	138	0	5	0.3375	89.4	447.0	0.3333333333333333
22541	80	0	5	0.1925	43.6	218.0	0.3333333333333333
22542	76	0	5	0.1825	56.4	282.0	0.0
22543	51	0	5	0.12	49.0	245.0	0.0
22544	264	0	5	0.6525	189.2	946.0	0.6666666666666666
22545	171	0	5	0.42	41.8	209.0	0.3333333333333333
22546	367	0	5	0.91	276.6	1383.0	0.6666666666666666
22547	313	0	5	0.775	223.8	1119.0	0.3333333333333333
22548	61	0	5	0.145	37.4	187.0	0.3333333333333333
22549	148	0	5	0.3625	106.0	530.0	0.3333333333333333
22550	7	0	5	0.01	5.0	25.0	0.0
22551	333	0	5	0.825	238.0	1190.0	0.0
22552	175	0	5	0.43	57.0	285.0	0.3333333333333333
22553	247	0	5	0.61	52.2	261.0	0.3333333333333333
22554	83	0	5	0.2	75.8	379.0	0.0
22555	32	0	5	0.0725	25.4	127.0	0.0
22556	341	0	5	0.845	102.4	512.0	0.3333333333333333
22557	361	0	5	0.895	105.8	529.0	0.6666666666666666
22558	286	1	4	0.7125	102.8	514.0	1.0
22559	121	0	5	0.295	93.4	467.0	0.3333333333333333
22560	8	0	5	0.0125	6.0	30.0	0.0
22561	151	0	5	0.37	108.2	541.0	0.3333333333333333
22562	170	0	5	0.4175	149.2	746.0	0.0
22563	297	0	5	0.735	219.2	1096.0	0.3333333333333333
22564	93	0	5	0.225	86.8	434.0	0.3333333333333333
22565	184	0	5	0.4525	156.6	783.0	0.0
22566	91	0	5	0.22	75.8	379.0	0.3333333333333333
22567	159	0	5	0.39	152.6	763.0	0.0
22568	137	0	5	0.335	119.0	595.0	0.3333333333333333
22569	33	0	5	0.075	19.0	95.0	0.0
22570	151	0	5	0.37	108.0	540.0	0.3333333333333333
22571	382	0	5	0.9475	163.6	818.0	0.6666666666666666
22572	192	0	5	0.4725	190.0	950.0	0.0
22573	55	0	5	0.13	53.0	265.0	0.0
22574	87	0	5	0.21	77.4	387.0	0.3333333333333333
22575	105	1	4	0.26	72.0	360.0	1.0
22576	118	0	5	0.2875	50.4	252.0	0.6666666666666666
22577	129	0	5	0.315	69.8	349.0	0.3333333333333333
22578	20	0	5	0.0425	18.0	90.0	0.0
22579	22	0	5	0.0475	17.0	85.0	0.3333333333333333
22580	256	0	5	0.6325	244.0	1220.0	0.0
22581	151	0	5	0.37	87.2	436.0	0.3333333333333333
22582	113	0	5	0.275	98.4	492.0	0.3333333333333333
22583	137	0	5	0.335	82.8	414.0	0.3333333333333333
22584	266	0	5	0.6575	164.0	820.0	0.6666666666666666
22585	268	0	5	0.6625	174.2	871.0	0.3333333333333333
22586	129	0	5	0.315	110.2	551.0	0.3333333333333333
22587	247	0	5	0.61	61.0	305.0	0.6666666666666666
22588	2	0	5	0.0	0.0	0.0	0.0
22589	101	0	5	0.245	87.2	436.0	0.3333333333333333
22590	387	0	5	0.96	245.0	1225.0	0.6666666666666666
22591	224	0	5	0.5525	145.2	726.0	0.3333333333333333
22592	106	0	5	0.2575	74.0	370.0	0.0
22593	290	0	5	0.7175	63.2	316.0	0.6666666666666666
22594	298	1	4	0.7425	198.0	990.0	1.0
22595	342	0	5	0.8475	129.2	646.0	0.6666666666666666
22596	284	0	5	0.7025	112.6	563.0	0.3333333333333333
22597	176	0	5	0.4325	142.8	714.0	0.0
22598	278	0	5	0.6875	212.4	1062.0	0.3333333333333333
22599	46	0	5	0.1075	44.0	220.0	0.0
22600	314	0	5	0.7775	191.6	958.0	0.3333333333333333
22601	70	0	5	0.1675	21.6	108.0	0.3333333333333333
22602	219	0	5	0.54	163.6	818.0	0.6666666666666666
22603	228	0	5	0.5625	173.2	866.0	0.3333333333333333
22604	206	0	5	0.5075	136.2	681.0	0.6666666666666666
22605	274	0	5	0.6775	143.4	717.0	0.3333333333333333
22606	245	0	5	0.605	242.6	1213.0	0.0
22607	120	0	5	0.2925	100.0	500.0	0.3333333333333333
22608	169	0	5	0.415	66.4	332.0	0.6666666666666666
22609	258	0	5	0.6375	131.0	655.0	0.6666666666666666
22610	320	0	5	0.7925	165.2	826.0	0.3333333333333333
22611	76	0	5	0.1825	66.8	334.0	0.3333333333333333
22612	82	0	5	0.1975	76.0	380.0	0.3333333333333333
22613	90	0	5	0.2175	88.0	440.0	0.0
22614	333	0	5	0.825	175.0	875.0	0.0
22615	274	1	4	0.6825	198.4	992.0	1.0
22616	206	0	5	0.5075	204.0	1020.0	0.0
22617	363	0	5	0.9	235.6	1178.0	0.3333333333333333
22618	241	0	5	0.595	212.6	1063.0	0.3333333333333333
22619	314	0	5	0.7775	96.8	484.0	0.6666666666666666
22620	47	0	5	0.11	45.0	225.0	0.0
22621	34	0	5	0.0775	32.0	160.0	0.0
22622	93	0	5	0.225	83.8	419.0	0.3333333333333333
22623	270	1	4	0.6725	210.4	1052.0	1.0
22624	283	0	5	0.7	268.4	1342.0	0.6666666666666666
22625	213	0	5	0.525	171.8	859.0	0.0
22626	368	0	5	0.9125	181.4	907.0	0.6666666666666666
22627	3	0	5	0.0025	0.2	1.0	0.3333333333333333
22628	242	0	5	0.5975	199.8	999.0	0.0
22629	108	0	5	0.2625	57.2	286.0	0.6666666666666666
22630	114	0	5	0.2775	112.0	560.0	0.0
22631	141	0	5	0.345	111.0	555.0	0.0
22632	172	0	5	0.4225	129.8	649.0	0.0
22633	401	0	5	0.995	135.8	679.0	0.6666666666666666
22634	153	0	5	0.375	94.6	473.0	0.3333333333333333
22635	281	0	5	0.695	138.4	692.0	0.3333333333333333
22636	275	0	5	0.68	119.0	595.0	0.3333333333333333
22637	212	0	5	0.5225	161.4	807.0	0.3333333333333333
22638	14	0	5	0.0275	12.0	60.0	0.0
22639	236	1	4	0.5875	139.6	698.0	1.0
22640	157	0	5	0.385	100.6	503.0	0.3333333333333333
22641	130	1	4	0.3225	59.4	297.0	1.0
22642	175	0	5	0.43	120.2	601.0	0.3333333333333333
22643	360	1	3	0.8975	277.2	1386.0	1.0
22644	83	0	5	0.2	81.0	405.0	0.0
22645	17	0	5	0.035	15.0	75.0	0.0
22646	312	0	5	0.7725	181.2	906.0	0.3333333333333333
22647	224	0	5	0.5525	75.2	376.0	0.3333333333333333
22648	401	0	4	0.9975	192.0	960.0	0.6666666666666666
22649	399	0	5	0.99	239.4	1197.0	0.6666666666666666
22650	2	0	5	0.0	0.0	0.0	0.0
22651	85	0	5	0.205	69.4	347.0	0.0
22652	241	0	5	0.595	220.6	1103.0	0.3333333333333333
22653	10	0	5	0.0175	8.0	40.0	0.0
22654	284	0	5	0.7025	177.2	886.0	0.3333333333333333
22655	337	1	4	0.84	195.6	978.0	1.0
22656	3	0	5	0.0025	0.2	1.0	0.3333333333333333
22657	266	0	5	0.6575	172.0	860.0	0.6666666666666666
22658	290	0	5	0.7175	102.8	514.0	0.6666666666666666
22659	57	0	5	0.135	55.0	275.0	0.0
22660	301	1	4	0.75	246.2	1231.0	1.0
22661	286	0	5	0.7075	196.2	981.0	0.6666666666666666
22662	242	0	5	0.5975	229.4	1147.0	0.0
22663	334	0	5	0.8275	222.2	1111.0	0.3333333333333333
22664	267	1	4	0.665	234.8	1174.0	1.0
22665	247	0	5	0.61	235.0	1175.0	0.3333333333333333
22666	263	1	4	0.655	170.2	851.0	1.0
22667	276	0	5	0.6825	122.4	612.0	0.6666666666666666
22668	234	0	5	0.5775	143.2	716.0	0.3333333333333333
22669	300	0	5	0.7425	141.6	708.0	0.6666666666666666
22670	216	0	5	0.5325	107.0	535.0	0.3333333333333333
22671	90	0	5	0.2175	58.0	290.0	0.0
22672	202	0	5	0.4975	155.2	776.0	0.0
22673	120	0	5	0.2925	108.0	540.0	0.0
22674	163	0	5	0.4	130.8	654.0	0.0
22675	290	0	5	0.7175	175.2	876.0	0.3333333333333333
22676	236	0	5	0.5825	173.2	866.0	0.6666666666666666
22677	302	0	5	0.7475	251.6	1258.0	0.6666666666666666
22678	195	0	5	0.48	92.2	461.0	0.3333333333333333
22679	103	0	5	0.25	90.6	453.0	0.3333333333333333
22680	140	0	5	0.3425	138.0	690.0	0.0
22681	27	0	5	0.06	23.4	117.0	0.3333333333333333
22682	66	0	5	0.1575	64.0	320.0	0.0
22683	69	0	5	0.165	57.4	287.0	0.6666666666666666
22684	395	0	5	0.98	231.8	1159.0	0.3333333333333333
22685	80	0	5	0.1925	78.0	390.0	0.0
22686	206	0	5	0.5075	142.0	710.0	0.6666666666666666
22687	369	0	5	0.915	235.2	1176.0	0.6666666666666666
22688	220	0	5	0.5425	148.2	741.0	0.3333333333333333
22689	296	1	4	0.7375	189.0	945.0	1.0
22690	329	0	5	0.815	127.8	639.0	0.6666666666666666
22691	217	0	5	0.535	211.2	1056.0	0.3333333333333333
22692	194	0	5	0.4775	74.4	372.0	0.0
22693	251	0	5	0.62	191.4	957.0	0.6666666666666666
22694	234	0	5	0.5775	116.6	583.0	0.3333333333333333
22695	180	1	4	0.4475	94.4	472.0	1.0
22696	109	0	5	0.265	86.6	433.0	0.3333333333333333
22697	212	0	5	0.5225	89.2	446.0	0.0
22698	211	0	5	0.52	114.4	572.0	0.3333333333333333
22699	355	0	5	0.88	162.6	813.0	0.6666666666666666
22700	375	1	4	0.935	184.4	922.0	1.0
22701	32	0	5	0.0725	25.2	126.0	0.3333333333333333
22702	264	0	5	0.6525	138.0	690.0	0.6666666666666666
22703	39	0	5	0.09	22.6	113.0	0.0
22704	278	0	5	0.6875	171.4	857.0	0.6666666666666666
22705	79	0	5	0.19	75.8	379.0	0.0
22706	241	0	5	0.595	84.6	423.0	0.6666666666666666
22707	173	1	4	0.43	76.2	381.0	1.0
22708	77	0	5	0.185	75.0	375.0	0.0
22709	216	0	5	0.5325	89.6	448.0	0.6666666666666666
22710	289	0	5	0.715	121.0	605.0	0.3333333333333333
22711	326	0	5	0.8075	288.8	1444.0	0.3333333333333333
22712	288	0	5	0.7125	117.4	587.0	0.3333333333333333
22713	213	1	4	0.53	150.6	753.0	1.0
22714	42	0	5	0.0975	38.8	194.0	0.0
22715	236	0	5	0.5825	173.2	866.0	0.3333333333333333
22716	291	0	5	0.72	288.4	1442.0	0.0
22717	315	0	5	0.78	255.8	1279.0	0.6666666666666666
22718	332	0	5	0.8225	144.0	720.0	0.6666666666666666
22719	87	0	5	0.21	66.6	333.0	0.3333333333333333
22720	299	0	5	0.74	210.2	1051.0	0.6666666666666666
22721	118	0	5	0.2875	116.0	580.0	0.0
22722	87	1	4	0.215	35.8	179.0	1.0
22723	244	0	5	0.6025	180.0	900.0	0.3333333333333333
22724	146	0	5	0.3575	78.4	392.0	0.6666666666666666
22725	222	0	5	0.5475	162.6	813.0	0.3333333333333333
22726	188	0	5	0.4625	186.0	930.0	0.3333333333333333
22727	171	0	5	0.42	84.2	421.0	0.6666666666666666
22728	373	0	5	0.925	223.4	1117.0	0.6666666666666666
22729	155	0	5	0.38	144.2	721.0	0.3333333333333333
22730	133	0	5	0.325	123.8	619.0	0.3333333333333333
22731	165	0	5	0.405	69.2	346.0	0.6666666666666666
22732	72	0	5	0.1725	43.0	215.0	0.3333333333333333
22733	399	0	5	0.99	266.8	1334.0	0.6666666666666666
22734	338	0	5	0.8375	129.6	648.0	0.6666666666666666
22735	323	0	5	0.8	185.4	927.0	0.6666666666666666
22736	78	0	5	0.1875	61.6	308.0	0.3333333333333333
22737	330	0	5	0.8175	203.6	1018.0	0.0
22738	141	0	5	0.345	98.6	493.0	0.3333333333333333
22739	134	0	5	0.3275	98.0	490.0	0.3333333333333333
22740	303	0	5	0.75	209.4	1047.0	0.3333333333333333
22741	116	0	5	0.2825	83.4	417.0	0.3333333333333333
22742	369	0	5	0.915	170.0	850.0	0.3333333333333333
22743	147	0	5	0.36	43.4	217.0	0.3333333333333333
22744	101	0	5	0.245	91.6	458.0	0.0
22745	260	1	4	0.6475	243.8	1219.0	1.0
22746	285	1	4	0.71	108.2	541.0	1.0
22747	327	0	5	0.81	297.2	1486.0	0.6666666666666666
22748	274	0	5	0.6775	164.4	822.0	0.0
22749	323	0	5	0.8	233.6	1168.0	0.6666666666666666
22750	93	0	5	0.225	91.0	455.0	0.0
22751	325	0	5	0.805	173.6	868.0	0.3333333333333333
22752	311	0	5	0.77	165.2	826.0	0.6666666666666666
22753	209	0	5	0.515	157.0	785.0	0.3333333333333333
22754	298	0	5	0.7375	249.8	1249.0	0.3333333333333333
22755	130	0	5	0.3175	38.4	192.0	0.0
22756	105	0	5	0.255	89.2	446.0	0.3333333333333333
22757	318	0	5	0.7875	141.6	708.0	0.6666666666666666
22758	172	0	5	0.4225	61.0	305.0	0.3333333333333333
22759	300	0	5	0.7425	213.4	1067.0	0.3333333333333333
22760	180	0	5	0.4425	111.2	556.0	0.6666666666666666
22761	211	0	5	0.52	195.8	979.0	0.0
22762	141	0	5	0.345	125.0	625.0	0.0
22763	329	0	5	0.815	249.4	1247.0	0.6666666666666666
22764	227	0	5	0.56	127.0	635.0	0.3333333333333333
22765	330	1	4	0.8225	206.8	1034.0	1.0
22766	239	0	5	0.59	71.0	355.0	0.6666666666666666
22767	71	0	5	0.17	69.0	345.0	0.0
22768	58	0	5	0.1375	56.0	280.0	0.0
22769	278	0	5	0.6875	230.4	1152.0	0.3333333333333333
22770	127	0	5	0.31	47.4	237.0	0.3333333333333333
22771	117	0	5	0.285	67.0	335.0	0.3333333333333333
22772	87	0	5	0.21	71.8	359.0	0.0
22773	319	0	5	0.79	282.6	1413.0	0.3333333333333333
22774	261	0	5	0.645	108.6	543.0	0.3333333333333333
22775	131	0	5	0.32	62.6	313.0	0.3333333333333333
22776	54	0	5	0.1275	52.0	260.0	0.0
22777	16	0	5	0.0325	6.0	30.0	0.3333333333333333
22778	86	0	5	0.2075	84.0	420.0	0.0
22779	61	0	5	0.145	59.0	295.0	0.0
22780	232	0	5	0.5725	154.0	770.0	0.6666666666666666
22781	175	0	5	0.43	151.4	757.0	0.3333333333333333
22782	294	0	5	0.7275	156.2	781.0	0.6666666666666666
22783	370	1	4	0.9225	314.8	1574.0	1.0
22784	229	0	5	0.565	173.0	865.0	0.3333333333333333
22785	373	0	5	0.925	195.0	975.0	0.6666666666666666
22786	201	0	5	0.495	181.0	905.0	0.3333333333333333
22787	182	0	5	0.4475	87.8	439.0	0.6666666666666666
22788	179	1	4	0.445	109.4	547.0	1.0
22789	373	0	5	0.925	166.6	833.0	0.3333333333333333
22790	14	0	5	0.0275	12.0	60.0	0.0
22791	337	0	5	0.835	91.0	455.0	0.3333333333333333
22792	254	0	5	0.6275	128.4	642.0	0.3333333333333333
22793	101	0	5	0.245	76.6	383.0	0.3333333333333333
22794	105	0	5	0.255	39.0	195.0	0.3333333333333333
22795	211	0	5	0.52	137.8	689.0	0.6666666666666666
22796	112	0	5	0.2725	73.0	365.0	0.3333333333333333
22797	256	0	5	0.6325	147.4	737.0	0.3333333333333333
22798	240	1	4	0.5975	62.8	314.0	1.0
22799	348	0	5	0.8625	124.8	624.0	0.6666666666666666
22800	60	0	5	0.1425	56.4	282.0	0.3333333333333333
22801	114	0	5	0.2775	85.2	426.0	0.0
22802	266	0	5	0.6575	211.6	1058.0	0.0
22803	61	0	5	0.145	56.4	282.0	0.3333333333333333
22804	170	0	5	0.4175	102.0	510.0	0.3333333333333333
22805	298	0	5	0.7375	162.4	812.0	0.3333333333333333
22806	15	0	5	0.03	13.0	65.0	0.0
22807	367	0	5	0.91	289.8	1449.0	0.6666666666666666
22808	35	0	5	0.08	30.6	153.0	0.0
22809	240	0	5	0.5925	212.8	1064.0	0.3333333333333333
22810	249	0	5	0.615	143.4	717.0	0.3333333333333333
22811	157	0	5	0.385	95.8	479.0	0.0
22812	252	0	5	0.6225	85.4	427.0	0.3333333333333333
22813	241	0	5	0.595	186.2	931.0	0.0
22814	250	0	5	0.6175	216.0	1080.0	0.3333333333333333
22815	56	0	5	0.1325	54.0	270.0	0.0
22816	326	0	5	0.8075	265.6	1328.0	0.0
22817	73	0	5	0.175	71.0	355.0	0.0
22818	326	0	5	0.8075	158.8	794.0	0.3333333333333333
22819	361	0	5	0.895	130.6	653.0	0.6666666666666666
22820	267	0	5	0.66	149.0	745.0	0.3333333333333333
22821	47	0	5	0.11	45.0	225.0	0.0
22822	362	1	4	0.9025	153.6	768.0	1.0
22823	108	0	5	0.2625	43.6	218.0	0.3333333333333333
22824	34	0	5	0.0775	28.2	141.0	0.3333333333333333
22825	57	0	5	0.135	50.6	253.0	0.3333333333333333
22826	330	0	5	0.8175	200.0	1000.0	0.3333333333333333
22827	317	0	5	0.785	258.6	1293.0	0.6666666666666666
22828	283	0	5	0.7	227.6	1138.0	0.0
22829	37	0	5	0.085	35.0	175.0	0.0
22830	113	0	5	0.275	92.2	461.0	0.3333333333333333
22831	179	0	5	0.44	98.6	493.0	0.6666666666666666
22832	187	0	5	0.46	185.0	925.0	0.0
22833	185	0	5	0.455	79.2	396.0	0.3333333333333333
22834	256	0	5	0.6325	152.6	763.0	0.6666666666666666
22835	190	0	5	0.4675	163.0	815.0	0.0
22836	282	0	5	0.6975	101.0	505.0	0.3333333333333333
22837	152	0	5	0.3725	150.0	750.0	0.0
22838	269	0	5	0.665	158.2	791.0	0.3333333333333333
22839	144	0	5	0.3525	141.2	706.0	0.3333333333333333
22840	245	0	5	0.605	111.8	559.0	0.6666666666666666
22841	273	0	5	0.675	210.2	1051.0	0.3333333333333333
22842	211	0	5	0.52	132.2	661.0	0.6666666666666666
22843	130	0	5	0.3175	103.6	518.0	0.0
22844	222	0	5	0.5475	132.4	662.0	0.3333333333333333
22845	56	0	5	0.1325	36.0	180.0	0.3333333333333333
22846	61	0	5	0.145	56.6	283.0	0.3333333333333333
22847	167	1	4	0.415	93.6	468.0	1.0
22848	392	1	4	0.9775	220.4	1102.0	1.0
22849	159	0	5	0.39	114.2	571.0	0.3333333333333333
22850	372	0	5	0.9225	158.2	791.0	0.6666666666666666
22851	396	0	5	0.9825	218.8	1094.0	0.6666666666666666
22852	47	0	5	0.11	9.2	46.0	0.3333333333333333
22853	5	0	5	0.005	2.2	11.0	0.0
22854	335	1	3	0.835	249.2	1246.0	1.0
22855	209	0	5	0.515	171.0	855.0	0.3333333333333333
22856	178	0	5	0.4375	80.4	402.0	0.3333333333333333
22857	328	0	5	0.8125	271.4	1357.0	0.3333333333333333
22858	250	0	5	0.6175	222.0	1110.0	0.6666666666666666
22859	70	0	5	0.1675	68.0	340.0	0.0
22860	382	0	5	0.9475	201.0	1005.0	0.6666666666666666
22861	117	1	4	0.29	98.8	494.0	1.0
22862	351	0	5	0.87	239.6	1198.0	0.6666666666666666
22863	5	0	5	0.005	3.0	15.0	0.0
22864	384	0	5	0.9525	242.8	1214.0	0.6666666666666666
22865	132	0	5	0.3225	30.8	154.0	0.3333333333333333
22866	358	0	5	0.8875	299.6	1498.0	0.3333333333333333
22867	306	0	5	0.7575	169.6	848.0	0.6666666666666666
22868	33	0	5	0.075	31.0	155.0	0.0
22869	164	0	5	0.4025	72.6	363.0	0.3333333333333333
22870	59	0	5	0.14	57.0	285.0	0.0
22871	196	0	5	0.4825	72.8	364.0	0.6666666666666666
22872	308	1	4	0.7675	70.4	352.0	1.0
22873	206	0	5	0.5075	162.6	813.0	0.3333333333333333
22874	104	0	5	0.2525	102.0	510.0	0.0
22875	213	0	5	0.525	130.2	651.0	0.6666666666666666
22876	147	0	5	0.36	128.2	641.0	0.6666666666666666
22877	77	0	5	0.185	64.2	321.0	0.0
22878	264	0	5	0.6525	170.4	852.0	0.6666666666666666
22879	378	0	5	0.9375	168.0	840.0	0.6666666666666666
22880	365	0	5	0.905	200.6	1003.0	0.3333333333333333
22881	139	0	5	0.34	137.0	685.0	0.0
22882	183	0	5	0.45	42.6	213.0	0.0
22883	15	0	5	0.03	13.0	65.0	0.0
22884	285	0	5	0.705	119.2	596.0	0.6666666666666666
22885	312	1	4	0.7775	242.8	1214.0	1.0
22886	350	0	5	0.8675	271.6	1358.0	0.3333333333333333
22887	295	0	5	0.73	158.4	792.0	0.3333333333333333
22888	201	0	5	0.495	142.6	713.0	0.3333333333333333
22889	347	0	5	0.86	272.2	1361.0	0.3333333333333333
22890	196	0	5	0.4825	127.2	636.0	0.6666666666666666
22891	103	0	5	0.25	20.4	102.0	0.3333333333333333
22892	153	0	5	0.375	137.8	689.0	0.6666666666666666
22893	52	0	5	0.1225	41.2	206.0	0.3333333333333333
22894	209	0	5	0.515	162.6	813.0	0.3333333333333333
22895	179	1	4	0.445	163.6	818.0	1.0
22896	94	0	5	0.2275	92.0	460.0	0.0
22897	147	0	5	0.36	129.4	647.0	0.0
22898	207	0	5	0.51	112.6	563.0	0.0
22899	198	0	5	0.4875	192.8	964.0	0.3333333333333333
22900	290	0	5	0.7175	199.2	996.0	0.6666666666666666
22901	378	0	5	0.9375	258.4	1292.0	0.3333333333333333
22902	281	0	5	0.695	166.6	833.0	0.3333333333333333
22903	57	0	5	0.135	31.6	158.0	0.0
22904	149	1	4	0.37	75.2	376.0	1.0
22905	285	0	5	0.705	78.6	393.0	0.6666666666666666
22906	152	1	4	0.3775	84.8	424.0	1.0
22907	234	0	5	0.5775	226.6	1133.0	0.3333333333333333
22908	98	0	5	0.2375	53.8	269.0	0.3333333333333333
22909	221	0	5	0.545	153.4	767.0	0.6666666666666666
22910	388	0	5	0.9625	235.6	1178.0	0.6666666666666666
22911	204	0	5	0.5025	116.2	581.0	0.6666666666666666
22912	46	0	5	0.1075	15.0	75.0	0.3333333333333333
22913	191	0	5	0.47	157.4	787.0	0.6666666666666666
22914	282	0	5	0.6975	164.8	824.0	0.6666666666666666
22915	264	0	5	0.6525	182.8	914.0	0.3333333333333333
22916	164	0	5	0.4025	102.0	510.0	0.3333333333333333
22917	304	0	5	0.7525	230.0	1150.0	0.6666666666666666
22918	198	0	5	0.4875	196.0	980.0	0.0
22919	75	0	5	0.18	72.6	363.0	0.3333333333333333
22920	6	0	5	0.0075	4.0	20.0	0.0
22921	81	0	5	0.195	40.0	200.0	0.3333333333333333
22922	399	1	4	0.995	87.0	435.0	1.0
22923	369	0	5	0.915	312.0	1560.0	0.6666666666666666
22924	136	0	5	0.3325	85.6	428.0	0.3333333333333333
22925	276	0	5	0.6825	256.2	1281.0	0.6666666666666666
22926	330	0	5	0.8175	160.2	801.0	0.6666666666666666
22927	98	0	5	0.2375	50.4	252.0	0.3333333333333333
22928	218	0	5	0.5375	48.0	240.0	0.3333333333333333
22929	315	0	5	0.78	128.6	643.0	0.6666666666666666
22930	352	0	5	0.8725	182.0	910.0	0.6666666666666666
22931	96	0	5	0.2325	94.0	470.0	0.0
22932	214	0	5	0.5275	137.6	688.0	0.3333333333333333
22933	231	0	5	0.57	198.6	993.0	0.6666666666666666
22934	56	0	5	0.1325	54.0	270.0	0.0
22935	389	0	5	0.965	253.2	1266.0	0.6666666666666666
22936	138	0	5	0.3375	92.8	464.0	0.3333333333333333
22937	203	0	5	0.5	162.6	813.0	0.6666666666666666
22938	392	0	5	0.9725	163.4	817.0	0.6666666666666666
22939	211	0	5	0.52	202.6	1013.0	0.3333333333333333
22940	205	0	5	0.505	123.4	617.0	0.3333333333333333
22941	26	0	5	0.0575	24.0	120.0	0.0
22942	139	0	5	0.34	128.6	643.0	0.3333333333333333
22943	54	0	5	0.1275	42.8	214.0	0.0
22944	394	0	5	0.9775	314.8	1574.0	0.6666666666666666
22945	247	1	4	0.615	140.6	703.0	1.0
22946	172	0	5	0.4225	139.6	698.0	0.3333333333333333
22947	186	0	5	0.4575	184.0	920.0	0.0
22948	146	0	5	0.3575	40.2	201.0	0.6666666666666666
22949	102	0	5	0.2475	100.0	500.0	0.0
22950	203	0	5	0.5	154.0	770.0	0.0
22951	224	0	5	0.5525	222.0	1110.0	0.0
22952	218	0	5	0.5375	123.6	618.0	0.0
22953	161	0	5	0.395	159.0	795.0	0.0
22954	16	0	5	0.0325	14.0	70.0	0.0
22955	267	0	5	0.66	224.8	1124.0	0.0
22956	194	0	5	0.4775	84.0	420.0	0.3333333333333333
22957	376	0	5	0.9325	214.4	1072.0	0.6666666666666666
22958	179	0	5	0.44	175.4	877.0	0.0
22959	26	0	5	0.0575	24.0	120.0	0.0
22960	192	0	5	0.4725	38.4	192.0	0.0
22961	295	0	5	0.73	214.4	1072.0	0.3333333333333333
22962	115	0	5	0.28	113.0	565.0	0.0
22963	265	0	5	0.655	180.2	901.0	0.6666666666666666
22964	341	0	5	0.845	145.0	725.0	0.6666666666666666
22965	380	0	5	0.9425	113.2	566.0	0.6666666666666666
22966	381	0	5	0.945	116.6	583.0	0.6666666666666666
22967	86	0	5	0.2075	53.0	265.0	0.6666666666666666
22968	69	0	5	0.165	42.4	212.0	0.3333333333333333
22969	233	0	5	0.575	193.0	965.0	0.3333333333333333
22970	59	0	5	0.14	45.4	227.0	0.0
22971	222	0	5	0.5475	163.6	818.0	0.3333333333333333
22972	308	0	5	0.7625	130.0	650.0	0.6666666666666666
22973	332	0	5	0.8225	101.0	505.0	0.3333333333333333
22974	231	0	5	0.57	68.2	341.0	0.6666666666666666
22975	132	0	5	0.3225	29.2	146.0	0.6666666666666666
22976	268	0	5	0.6625	160.8	804.0	0.3333333333333333
22977	80	0	5	0.1925	78.0	390.0	0.0
22978	182	0	5	0.4475	132.8	664.0	0.0
22979	60	0	5	0.1425	58.0	290.0	0.0
22980	240	0	5	0.5925	125.2	626.0	0.6666666666666666
22981	202	0	5	0.4975	95.6	478.0	0.6666666666666666
22982	121	0	5	0.295	91.4	457.0	0.0
22983	279	0	5	0.69	169.4	847.0	0.3333333333333333
22984	137	0	5	0.335	76.4	382.0	0.0
22985	288	0	5	0.7125	254.0	1270.0	0.6666666666666666
22986	380	0	5	0.9425	282.2	1411.0	0.6666666666666666
22987	206	0	5	0.5075	60.4	302.0	0.3333333333333333
22988	304	0	5	0.7525	163.2	816.0	0.3333333333333333
22989	268	0	5	0.6625	165.8	829.0	0.3333333333333333
22990	116	0	5	0.2825	72.8	364.0	0.6666666666666666
22991	353	0	5	0.875	264.0	1320.0	0.6666666666666666
22992	170	0	5	0.4175	128.4	642.0	0.0
22993	4	0	5	0.0025	2.0	10.0	0.0
22994	167	0	5	0.41	87.6	438.0	0.0
22995	198	0	5	0.4875	92.2	461.0	0.6666666666666666
22996	56	0	5	0.1325	43.8	219.0	0.6666666666666666
22997	302	1	4	0.7525	234.8	1174.0	1.0
22998	138	0	5	0.3375	91.2	456.0	0.0
22999	68	0	5	0.1625	48.8	244.0	0.3333333333333333
23000	306	0	5	0.7575	268.2	1341.0	0.3333333333333333
23001	246	0	5	0.6075	169.8	849.0	0.3333333333333333
23002	89	0	5	0.215	79.8	399.0	0.3333333333333333
23003	359	0	5	0.89	89.0	445.0	0.6666666666666666
23004	199	0	5	0.49	140.2	701.0	0.3333333333333333
23005	45	0	5	0.105	43.0	215.0	0.0
23006	253	1	4	0.63	231.4	1157.0	1.0
23007	111	0	5	0.27	50.2	251.0	0.0
23008	117	0	5	0.285	107.8	539.0	0.3333333333333333
23009	80	0	5	0.1925	78.0	390.0	0.0
23010	281	0	5	0.695	236.6	1183.0	0.3333333333333333
23011	138	1	4	0.3425	87.8	439.0	1.0
23012	155	0	5	0.38	99.8	499.0	0.3333333333333333
23013	234	0	5	0.5775	200.8	1004.0	0.6666666666666666
23014	239	0	5	0.59	185.0	925.0	0.3333333333333333
23015	246	0	5	0.6075	109.0	545.0	0.3333333333333333
23016	242	0	5	0.5975	124.8	624.0	0.6666666666666666
23017	315	0	5	0.78	209.0	1045.0	0.3333333333333333
23018	224	0	5	0.5525	182.4	912.0	0.3333333333333333
23019	112	0	5	0.2725	27.0	135.0	0.3333333333333333
23020	76	0	5	0.1825	49.8	249.0	0.6666666666666666
23021	321	0	5	0.795	169.6	848.0	0.3333333333333333
23022	163	0	5	0.4	96.4	482.0	0.3333333333333333
23023	333	0	5	0.825	219.2	1096.0	0.6666666666666666
23024	12	0	5	0.0225	10.0	50.0	0.0
23025	150	0	5	0.3675	65.2	326.0	0.0
23026	154	0	5	0.3775	132.8	664.0	0.3333333333333333
23027	201	0	5	0.495	45.0	225.0	0.6666666666666666
23028	180	0	5	0.4425	178.0	890.0	0.0
23029	114	0	5	0.2775	69.2	346.0	0.3333333333333333
23030	88	0	5	0.2125	60.0	300.0	0.3333333333333333
23031	187	0	5	0.46	172.8	864.0	0.3333333333333333
23032	262	0	5	0.6475	221.0	1105.0	0.3333333333333333
23033	156	0	5	0.3825	116.0	580.0	0.6666666666666666
23034	381	0	5	0.945	169.2	846.0	0.6666666666666666
23035	361	0	5	0.895	95.8	479.0	0.0
23036	268	0	5	0.6625	176.4	882.0	0.6666666666666666
23037	251	0	5	0.62	223.8	1119.0	0.0
23038	291	1	4	0.725	181.8	909.0	1.0
23039	293	1	4	0.73	198.6	993.0	1.0
23040	392	0	5	0.9725	170.4	852.0	0.6666666666666666
23041	391	0	5	0.97	228.4	1142.0	0.6666666666666666
23042	89	0	5	0.215	51.4	257.0	0.0
23043	59	0	5	0.14	42.6	213.0	0.3333333333333333
23044	89	0	5	0.215	19.0	95.0	0.6666666666666666
23045	202	0	5	0.4975	168.0	840.0	0.3333333333333333
23046	219	0	5	0.54	79.8	399.0	0.3333333333333333
23047	117	0	5	0.285	104.0	520.0	0.3333333333333333
23048	12	0	5	0.0225	10.0	50.0	0.0
23049	155	0	5	0.38	96.4	482.0	0.6666666666666666
23050	77	0	5	0.185	31.8	159.0	0.3333333333333333
23051	47	0	5	0.11	27.6	138.0	0.0
23052	189	1	4	0.47	120.8	604.0	1.0
23053	307	0	5	0.76	202.6	1013.0	0.3333333333333333
23054	52	0	5	0.1225	50.0	250.0	0.3333333333333333
23055	319	0	5	0.79	269.0	1345.0	0.0
23056	182	0	5	0.4475	157.2	786.0	0.0
23057	268	0	5	0.6625	185.6	928.0	0.6666666666666666
23058	312	0	5	0.7725	177.4	887.0	0.6666666666666666
23059	373	0	5	0.925	123.6	618.0	0.6666666666666666
23060	393	0	5	0.975	263.4	1317.0	0.6666666666666666
23061	278	1	4	0.6925	112.0	560.0	1.0
23062	280	0	5	0.6925	140.6	703.0	0.6666666666666666
23063	136	0	5	0.3325	102.8	514.0	0.3333333333333333
23064	195	0	5	0.48	124.4	622.0	0.3333333333333333
23065	114	0	5	0.2775	74.4	372.0	0.3333333333333333
23066	348	0	5	0.8625	177.4	887.0	0.6666666666666666
23067	259	1	4	0.645	116.6	583.0	1.0
23068	315	0	5	0.78	248.0	1240.0	0.6666666666666666
23069	238	0	5	0.5875	94.2	471.0	0.3333333333333333
23070	145	0	5	0.355	70.6	353.0	0.6666666666666666
23071	231	0	5	0.57	75.8	379.0	0.6666666666666666
23072	274	1	4	0.6825	94.0	470.0	1.0
23073	391	0	5	0.97	159.4	797.0	0.6666666666666666
23074	235	0	5	0.58	216.2	1081.0	0.3333333333333333
23075	184	0	5	0.4525	162.8	814.0	0.0
23076	392	0	5	0.9725	217.6	1088.0	0.6666666666666666
23077	140	0	5	0.3425	99.2	496.0	0.0
23078	272	0	5	0.6725	219.8	1099.0	0.3333333333333333
23079	15	0	5	0.03	13.0	65.0	0.0
23080	6	0	5	0.0075	4.0	20.0	0.0
23081	159	0	5	0.39	122.6	613.0	0.3333333333333333
23082	322	0	5	0.7975	72.8	364.0	0.3333333333333333
23083	314	0	5	0.7775	185.0	925.0	0.3333333333333333
23084	248	0	5	0.6125	120.4	602.0	0.3333333333333333
23085	259	0	5	0.64	150.6	753.0	0.6666666666666666
23086	282	0	5	0.6975	120.8	604.0	0.3333333333333333
23087	168	0	5	0.4125	46.8	234.0	0.3333333333333333
23088	229	0	5	0.565	72.6	363.0	0.6666666666666666
23089	229	0	5	0.565	138.2	691.0	0.3333333333333333
23090	208	0	5	0.5125	206.0	1030.0	0.0
23091	333	0	5	0.825	231.0	1155.0	0.3333333333333333
23092	24	0	5	0.0525	22.0	110.0	0.0
23093	237	0	5	0.585	195.4	977.0	0.6666666666666666
23094	263	1	3	0.655	192.8	964.0	1.0
23095	370	0	5	0.9175	124.0	620.0	0.6666666666666666
23096	137	0	5	0.335	91.8	459.0	0.6666666666666666
23097	44	0	5	0.1025	38.4	192.0	0.0
23098	222	0	5	0.5475	166.0	830.0	0.6666666666666666
23099	197	0	5	0.485	53.4	267.0	0.3333333333333333
23100	385	1	4	0.96	269.2	1346.0	1.0
23101	279	0	5	0.69	177.4	887.0	0.6666666666666666
23102	296	0	5	0.7325	217.2	1086.0	0.6666666666666666
23103	234	0	5	0.5775	106.4	532.0	0.3333333333333333
23104	188	0	5	0.4625	108.8	544.0	0.3333333333333333
23105	358	0	5	0.8875	217.6	1088.0	0.3333333333333333
23106	315	0	5	0.78	227.8	1139.0	0.6666666666666666
23107	168	0	5	0.4125	94.4	472.0	0.6666666666666666
23108	159	0	5	0.39	31.6	158.0	0.3333333333333333
23109	158	0	5	0.3875	125.6	628.0	0.3333333333333333
23110	199	0	5	0.49	197.0	985.0	0.0
23111	152	0	5	0.3725	150.0	750.0	0.0
23112	35	0	5	0.08	26.2	131.0	0.0
23113	327	0	5	0.81	110.0	550.0	0.6666666666666666
23114	181	0	5	0.445	179.0	895.0	0.0
23115	181	1	4	0.45	65.0	325.0	1.0
23116	87	0	5	0.21	32.2	161.0	0.3333333333333333
23117	370	0	5	0.9175	253.6	1268.0	0.3333333333333333
23118	167	0	5	0.41	48.2	241.0	0.6666666666666666
23119	39	0	5	0.09	37.0	185.0	0.0
23120	233	0	5	0.575	231.0	1155.0	0.0
23121	206	1	4	0.5125	162.6	813.0	1.0
23122	197	0	5	0.485	129.6	648.0	0.3333333333333333
23123	290	0	5	0.7175	180.2	901.0	0.6666666666666666
23124	186	0	5	0.4575	90.4	452.0	0.3333333333333333
23125	115	0	5	0.28	33.8	169.0	0.3333333333333333
23126	162	0	5	0.3975	84.0	420.0	0.0
23127	370	0	5	0.9175	147.4	737.0	0.6666666666666666
23128	92	0	5	0.2225	90.0	450.0	0.0
23129	381	0	5	0.945	266.2	1331.0	0.6666666666666666
23130	151	0	5	0.37	74.2	371.0	0.6666666666666666
23131	153	0	5	0.375	121.0	605.0	0.3333333333333333
23132	235	1	4	0.585	79.0	395.0	1.0
23133	233	0	5	0.575	170.6	853.0	0.3333333333333333
23134	2	0	5	0.0	0.0	0.0	0.0
23135	13	0	5	0.025	11.0	55.0	0.0
23136	353	0	5	0.875	123.0	615.0	0.6666666666666666
23137	219	0	5	0.54	150.8	754.0	0.3333333333333333
23138	221	0	5	0.545	104.6	523.0	0.3333333333333333
23139	255	0	5	0.63	89.2	446.0	0.3333333333333333
23140	85	0	5	0.205	74.4	372.0	0.0
23141	90	0	5	0.2175	88.0	440.0	0.0
23142	361	0	5	0.895	250.0	1250.0	0.6666666666666666
23143	228	0	5	0.5625	199.4	997.0	0.3333333333333333
23144	200	0	5	0.4925	83.4	417.0	0.3333333333333333
23145	196	0	5	0.4825	101.8	509.0	0.6666666666666666
23146	400	0	5	0.9925	289.0	1445.0	0.6666666666666666
23147	333	0	5	0.825	95.0	475.0	0.6666666666666666
23148	12	0	5	0.0225	10.0	50.0	0.0
23149	385	0	5	0.955	186.6	933.0	0.6666666666666666
23150	295	0	5	0.73	178.6	893.0	0.6666666666666666
23151	110	0	5	0.2675	30.4	152.0	0.6666666666666666
23152	168	0	5	0.4125	109.6	548.0	0.3333333333333333
23153	389	0	5	0.965	101.4	507.0	0.6666666666666666
23154	98	0	5	0.2375	95.2	476.0	0.0
23155	157	0	5	0.385	112.4	562.0	0.0
23156	375	0	5	0.93	113.8	569.0	0.3333333333333333
23157	363	1	4	0.905	232.6	1163.0	1.0
23158	303	1	4	0.755	272.2	1361.0	1.0
23159	190	0	5	0.4675	143.2	716.0	0.3333333333333333
23160	258	0	5	0.6375	124.6	623.0	0.6666666666666666
23161	103	0	5	0.25	101.0	505.0	0.0
23162	302	0	5	0.7475	185.2	926.0	0.3333333333333333
23163	171	0	5	0.42	129.8	649.0	0.3333333333333333
23164	252	0	5	0.6225	92.2	461.0	0.3333333333333333
23165	184	0	5	0.4525	180.6	903.0	0.3333333333333333
23166	339	0	5	0.84	155.8	779.0	0.3333333333333333
23167	282	0	5	0.6975	182.6	913.0	0.3333333333333333
23168	344	0	5	0.8525	162.8	814.0	0.3333333333333333
23169	104	0	5	0.2525	62.0	310.0	0.3333333333333333
23170	286	0	5	0.7075	133.6	668.0	0.6666666666666666
23171	228	0	5	0.5625	61.6	308.0	0.0
23172	374	0	5	0.9275	274.8	1374.0	0.6666666666666666
23173	151	0	5	0.37	77.0	385.0	0.3333333333333333
23174	66	0	5	0.1575	18.4	92.0	0.3333333333333333
23175	319	0	5	0.79	281.0	1405.0	0.3333333333333333
23176	49	0	5	0.115	41.0	205.0	0.0
23177	394	0	5	0.9775	162.4	812.0	0.6666666666666666
23178	312	0	5	0.7725	162.2	811.0	0.6666666666666666
23179	42	0	5	0.0975	36.4	182.0	0.3333333333333333
23180	152	0	5	0.3725	68.4	342.0	0.3333333333333333
23181	398	0	5	0.9875	276.2	1381.0	0.6666666666666666
23182	85	0	5	0.205	48.6	243.0	0.3333333333333333
23183	316	0	5	0.7825	137.2	686.0	0.3333333333333333
23184	337	0	5	0.835	152.8	764.0	0.3333333333333333
23185	69	0	5	0.165	67.0	335.0	0.0
23186	172	0	5	0.4225	36.8	184.0	0.3333333333333333
23187	217	0	5	0.535	127.0	635.0	0.3333333333333333
23188	69	0	5	0.165	27.0	135.0	0.6666666666666666
23189	143	0	5	0.35	83.8	419.0	0.3333333333333333
23190	323	0	5	0.8	201.0	1005.0	0.6666666666666666
23191	279	0	5	0.69	163.2	816.0	0.3333333333333333
23192	127	0	5	0.31	72.0	360.0	0.3333333333333333
23193	19	0	5	0.04	14.4	72.0	0.3333333333333333
23194	355	0	5	0.88	155.8	779.0	0.6666666666666666
23195	199	0	5	0.49	120.2	601.0	0.6666666666666666
23196	277	1	4	0.69	117.6	588.0	1.0
23197	205	0	5	0.505	193.4	967.0	0.0
23198	333	0	5	0.825	204.6	1023.0	0.6666666666666666
23199	391	0	5	0.97	228.0	1140.0	0.6666666666666666
23200	189	0	5	0.465	155.0	775.0	0.6666666666666666
23201	60	0	5	0.1425	54.8	274.0	0.3333333333333333
23202	357	0	5	0.885	225.8	1129.0	0.6666666666666666
23203	43	0	5	0.1	29.6	148.0	0.0
23204	261	0	5	0.645	187.4	937.0	0.3333333333333333
23205	187	0	5	0.46	117.2	586.0	0.3333333333333333
23206	374	0	5	0.9275	231.6	1158.0	0.6666666666666666
23207	353	0	5	0.875	156.6	783.0	0.6666666666666666
23208	362	0	5	0.8975	176.0	880.0	0.6666666666666666
23209	174	0	5	0.4275	89.0	445.0	0.6666666666666666
23210	337	0	5	0.835	181.0	905.0	0.6666666666666666
23211	304	0	5	0.7525	234.8	1174.0	0.6666666666666666
23212	71	0	5	0.17	69.0	345.0	0.0
23213	399	0	5	0.99	164.8	824.0	0.6666666666666666
23214	298	0	5	0.7375	241.4	1207.0	0.6666666666666666
23215	88	0	5	0.2125	69.8	349.0	0.3333333333333333
23216	186	0	5	0.4575	173.4	867.0	0.0
23217	279	0	5	0.69	192.6	963.0	0.3333333333333333
23218	244	0	5	0.6025	155.4	777.0	0.6666666666666666
23219	46	0	5	0.1075	43.4	217.0	0.3333333333333333
23220	318	0	5	0.7875	249.2	1246.0	0.6666666666666666
23221	52	0	5	0.1225	50.0	250.0	0.0
23222	72	0	5	0.1725	39.4	197.0	0.0
23223	232	0	5	0.5725	138.0	690.0	0.3333333333333333
23224	258	0	5	0.6375	153.0	765.0	0.3333333333333333
23225	69	0	5	0.165	67.0	335.0	0.0
23226	390	0	5	0.9675	149.6	748.0	0.6666666666666666
23227	339	0	5	0.84	89.8	449.0	0.3333333333333333
23228	188	0	5	0.4625	99.4	497.0	0.6666666666666666
23229	193	0	5	0.475	190.2	951.0	0.3333333333333333
23230	293	0	5	0.725	146.6	733.0	0.6666666666666666
23231	300	0	5	0.7425	174.0	870.0	0.3333333333333333
23232	324	0	5	0.8025	134.8	674.0	0.6666666666666666
23233	159	0	5	0.39	145.8	729.0	0.0
23234	117	0	5	0.285	59.2	296.0	0.6666666666666666
23235	143	0	5	0.35	125.0	625.0	0.0
23236	217	0	5	0.535	80.8	404.0	0.6666666666666666
23237	111	0	5	0.27	42.6	213.0	0.6666666666666666
23238	102	0	5	0.2475	95.6	478.0	0.3333333333333333
23239	117	0	5	0.285	104.6	523.0	0.3333333333333333
23240	212	1	4	0.5275	42.8	214.0	1.0
23241	332	1	4	0.8275	147.0	735.0	1.0
23242	314	0	5	0.7775	184.2	921.0	0.3333333333333333
23243	100	0	5	0.2425	98.0	490.0	0.3333333333333333
23244	321	0	5	0.795	270.2	1351.0	0.3333333333333333
23245	224	0	5	0.5525	140.4	702.0	0.3333333333333333
23246	138	0	5	0.3375	132.8	664.0	0.3333333333333333
23247	86	0	5	0.2075	82.2	411.0	0.3333333333333333
23248	72	0	5	0.1725	14.2	71.0	0.3333333333333333
23249	207	0	5	0.51	172.0	860.0	0.3333333333333333
23250	35	0	5	0.08	33.0	165.0	0.0
23251	81	0	5	0.195	62.6	313.0	0.3333333333333333
23252	254	0	5	0.6275	221.2	1106.0	0.6666666666666666
23253	140	0	5	0.3425	112.2	561.0	0.3333333333333333
23254	391	1	4	0.975	150.2	751.0	1.0
23255	143	0	5	0.35	97.6	488.0	0.3333333333333333
23256	207	0	5	0.51	105.8	529.0	0.3333333333333333
23257	133	0	5	0.325	131.0	655.0	0.0
23258	6	0	5	0.0075	4.0	20.0	0.0
23259	231	0	5	0.57	61.4	307.0	0.3333333333333333
23260	214	0	5	0.5275	114.0	570.0	0.6666666666666666
23261	256	0	5	0.6325	142.0	710.0	0.3333333333333333
23262	85	0	5	0.205	83.0	415.0	0.0
23263	287	0	5	0.71	78.6	393.0	0.6666666666666666
23264	346	0	5	0.8575	177.0	885.0	0.6666666666666666
23265	34	0	5	0.0775	32.0	160.0	0.0
23266	191	0	5	0.47	77.4	387.0	0.3333333333333333
23267	291	0	5	0.72	63.4	317.0	0.3333333333333333
23268	344	0	5	0.8525	252.8	1264.0	0.6666666666666666
23269	370	0	5	0.9175	171.4	857.0	0.6666666666666666
23270	288	0	5	0.7125	213.2	1066.0	0.6666666666666666
23271	352	0	5	0.8725	153.2	766.0	0.3333333333333333
23272	145	0	5	0.355	127.4	637.0	0.3333333333333333
23273	67	0	5	0.16	65.0	325.0	0.0
23274	383	1	4	0.955	348.8	1744.0	1.0
23275	347	0	5	0.86	194.0	970.0	0.3333333333333333
23276	77	1	4	0.19	25.6	128.0	1.0
23277	181	0	5	0.445	59.2	296.0	0.3333333333333333
23278	19	0	5	0.04	17.0	85.0	0.0
23279	231	0	5	0.57	109.0	545.0	0.3333333333333333
23280	106	0	5	0.2575	66.4	332.0	0.3333333333333333
23281	330	0	5	0.8175	143.4	717.0	0.3333333333333333
23282	185	0	5	0.455	88.2	441.0	0.3333333333333333
23283	186	0	5	0.4575	75.2	376.0	0.3333333333333333
23284	6	0	5	0.0075	4.0	20.0	0.0
23285	252	0	5	0.6225	209.8	1049.0	0.0
23286	354	1	4	0.8825	186.4	932.0	1.0
23287	280	0	5	0.6925	176.0	880.0	0.3333333333333333
23288	327	0	5	0.81	263.2	1316.0	0.3333333333333333
23289	161	1	4	0.4	144.6	723.0	1.0
23290	246	0	5	0.6075	200.0	1000.0	0.3333333333333333
23291	110	0	5	0.2675	96.6	483.0	0.3333333333333333
23292	337	0	5	0.835	189.8	949.0	0.6666666666666666
23293	239	0	5	0.59	97.6	488.0	0.6666666666666666
23294	212	0	5	0.5225	66.6	333.0	0.6666666666666666
23295	106	0	5	0.2575	71.6	358.0	0.0
23296	334	0	5	0.8275	99.2	496.0	0.6666666666666666
23297	146	0	5	0.3575	91.2	456.0	0.0
23298	87	0	5	0.21	85.0	425.0	0.0
23299	345	0	5	0.855	223.6	1118.0	0.6666666666666666
23300	325	1	4	0.81	221.8	1109.0	1.0
23301	343	1	4	0.855	167.0	835.0	1.0
23302	66	0	5	0.1575	64.0	320.0	0.0
23303	289	0	5	0.715	111.8	559.0	0.3333333333333333
23304	104	0	5	0.2525	67.0	335.0	0.6666666666666666
23305	340	0	5	0.8425	226.4	1132.0	0.3333333333333333
23306	155	0	5	0.38	135.8	679.0	0.3333333333333333
23307	101	0	5	0.245	42.2	211.0	0.3333333333333333
23308	318	0	5	0.7875	228.8	1144.0	0.3333333333333333
23309	109	0	5	0.265	50.6	253.0	0.6666666666666666
23310	150	0	5	0.3675	99.2	496.0	0.3333333333333333
23311	44	0	5	0.1025	42.0	210.0	0.0
23312	392	0	5	0.9725	238.8	1194.0	0.6666666666666666
23313	386	0	5	0.9575	241.8	1209.0	0.6666666666666666
23314	338	0	5	0.8375	97.6	488.0	0.6666666666666666
23315	306	0	5	0.7575	282.4	1412.0	0.0
23316	128	0	5	0.3125	126.0	630.0	0.0
23317	114	0	5	0.2775	112.0	560.0	0.0
23318	180	0	5	0.4425	101.6	508.0	0.3333333333333333
23319	177	0	5	0.435	70.0	350.0	0.3333333333333333
23320	281	0	5	0.695	70.2	351.0	0.6666666666666666
23321	93	0	5	0.225	58.8	294.0	0.3333333333333333
23322	110	0	5	0.2675	91.6	458.0	0.3333333333333333
23323	387	0	5	0.96	226.2	1131.0	0.6666666666666666
23324	141	0	5	0.345	106.0	530.0	0.0
23325	79	0	5	0.19	30.6	153.0	0.3333333333333333
23326	211	0	5	0.52	61.8	309.0	0.0
23327	184	0	5	0.4525	97.2	486.0	0.6666666666666666
23328	250	0	5	0.6175	88.8	444.0	0.6666666666666666
23329	224	0	5	0.5525	160.0	800.0	0.3333333333333333
23330	393	0	5	0.975	282.6	1413.0	0.6666666666666666
23331	98	0	5	0.2375	96.0	480.0	0.3333333333333333
23332	115	0	5	0.28	69.8	349.0	0.3333333333333333
23333	126	0	5	0.3075	124.0	620.0	0.0
23334	44	0	5	0.1025	16.8	84.0	0.3333333333333333
23335	282	0	5	0.6975	149.2	746.0	0.6666666666666666
23336	351	1	4	0.875	188.0	940.0	1.0
23337	188	0	5	0.4625	78.6	393.0	0.3333333333333333
23338	334	0	5	0.8275	165.0	825.0	0.6666666666666666
23339	398	0	5	0.9875	249.2	1246.0	0.6666666666666666
23340	265	0	5	0.655	203.8	1019.0	0.3333333333333333
23341	286	0	5	0.7075	255.2	1276.0	0.3333333333333333
23342	27	0	5	0.06	14.6	73.0	0.0
23343	284	0	5	0.7025	182.0	910.0	0.6666666666666666
23344	365	1	4	0.91	235.2	1176.0	1.0
23345	277	0	5	0.685	201.6	1008.0	0.6666666666666666
23346	162	0	5	0.3975	144.6	723.0	0.3333333333333333
23347	59	0	5	0.14	48.0	240.0	0.3333333333333333
23348	336	0	5	0.8325	191.6	958.0	0.6666666666666666
23349	311	0	5	0.77	146.8	734.0	0.6666666666666666
23350	250	0	5	0.6175	155.2	776.0	0.3333333333333333
23351	174	0	5	0.4275	118.8	594.0	0.3333333333333333
23352	202	0	5	0.4975	130.8	654.0	0.0
23353	308	0	5	0.7625	217.4	1087.0	0.3333333333333333
23354	250	0	5	0.6175	73.6	368.0	0.6666666666666666
23355	292	0	5	0.7225	119.6	598.0	0.3333333333333333
23356	320	0	5	0.7925	281.6	1408.0	0.3333333333333333
23357	65	0	5	0.155	50.6	253.0	0.0
23358	98	0	5	0.2375	96.0	480.0	0.0
23359	16	0	5	0.0325	14.0	70.0	0.0
23360	284	0	5	0.7025	177.0	885.0	0.6666666666666666
23361	319	0	5	0.79	244.8	1224.0	0.6666666666666666
23362	278	0	5	0.6875	159.6	798.0	0.6666666666666666
23363	149	0	5	0.365	94.6	473.0	0.3333333333333333
23364	46	0	5	0.1075	44.0	220.0	0.0
23365	162	0	5	0.3975	136.8	684.0	0.3333333333333333
23366	169	0	5	0.415	124.2	621.0	0.3333333333333333
23367	193	0	5	0.475	150.4	752.0	0.3333333333333333
23368	80	0	5	0.1925	59.2	296.0	0.3333333333333333
23369	388	1	4	0.9675	178.4	892.0	1.0
23370	2	0	5	0.0	0.0	0.0	0.0
23371	198	0	5	0.4875	139.2	696.0	0.3333333333333333
23372	101	0	5	0.245	48.6	243.0	0.3333333333333333
23373	246	0	5	0.6075	128.8	644.0	0.0
23374	179	0	5	0.44	85.6	428.0	0.6666666666666666
23375	69	0	5	0.165	47.8	239.0	0.3333333333333333
23376	324	0	5	0.8025	90.0	450.0	0.3333333333333333
23377	251	1	4	0.625	185.8	929.0	1.0
23378	19	0	5	0.04	17.0	85.0	0.0
23379	90	0	5	0.2175	45.2	226.0	0.6666666666666666
23380	342	0	5	0.8475	88.0	440.0	0.6666666666666666
23381	209	0	5	0.515	163.8	819.0	0.3333333333333333
23382	387	0	5	0.96	298.0	1490.0	0.6666666666666666
23383	259	0	5	0.64	223.4	1117.0	0.3333333333333333
23384	71	0	5	0.17	39.0	195.0	0.3333333333333333
23385	291	1	4	0.725	256.4	1282.0	1.0
23386	161	0	5	0.395	159.0	795.0	0.0
23387	241	0	5	0.595	164.0	820.0	0.3333333333333333
23388	314	0	5	0.7775	180.4	902.0	0.3333333333333333
23389	155	0	5	0.38	116.4	582.0	0.6666666666666666
23390	300	0	5	0.7425	141.6	708.0	0.6666666666666666
23391	199	0	5	0.49	162.2	811.0	0.3333333333333333
23392	367	1	4	0.915	287.6	1438.0	1.0
23393	232	0	5	0.5725	209.2	1046.0	0.3333333333333333
23394	367	0	5	0.91	166.6	833.0	0.6666666666666666
23395	97	0	5	0.235	61.8	309.0	0.3333333333333333
23396	382	1	4	0.9525	193.0	965.0	1.0
23397	35	0	5	0.08	33.0	165.0	0.0
23398	250	1	4	0.6225	175.6	878.0	1.0
23399	180	0	5	0.4425	78.8	394.0	0.6666666666666666
23400	168	0	5	0.4125	80.0	400.0	0.3333333333333333
23401	263	0	5	0.65	113.0	565.0	0.3333333333333333
23402	282	0	5	0.6975	221.6	1108.0	0.6666666666666666
23403	262	0	5	0.6475	245.6	1228.0	0.3333333333333333
23404	380	1	4	0.9475	250.2	1251.0	1.0
23405	281	0	5	0.695	192.6	963.0	0.3333333333333333
23406	358	0	5	0.8875	238.8	1194.0	0.6666666666666666
23407	106	0	5	0.2575	48.2	241.0	0.0
23408	262	0	5	0.6475	117.2	586.0	0.3333333333333333
23409	104	0	5	0.2525	67.0	335.0	0.6666666666666666
23410	388	1	4	0.9675	135.4	677.0	1.0
23411	281	0	5	0.695	218.8	1094.0	0.3333333333333333
23412	318	0	5	0.7875	252.2	1261.0	0.6666666666666666
23413	201	0	5	0.495	49.6	248.0	0.3333333333333333
23414	333	0	5	0.825	110.6	553.0	0.6666666666666666
23415	164	0	5	0.4025	140.4	702.0	0.0
23416	237	0	5	0.585	141.4	707.0	0.3333333333333333
23417	88	0	5	0.2125	34.0	170.0	0.6666666666666666
23418	147	0	5	0.36	130.0	650.0	0.0
23419	383	1	4	0.955	258.0	1290.0	1.0
23420	350	0	5	0.8675	216.2	1081.0	0.6666666666666666
23421	209	0	5	0.515	132.6	663.0	0.0
23422	364	0	5	0.9025	204.8	1024.0	0.6666666666666666
23423	181	0	5	0.445	83.0	415.0	0.3333333333333333
23424	269	0	5	0.665	185.0	925.0	0.6666666666666666
23425	65	0	5	0.155	63.0	315.0	0.0
23426	107	0	5	0.26	72.8	364.0	0.3333333333333333
23427	164	0	5	0.4025	122.0	610.0	0.3333333333333333
23428	164	0	5	0.4025	120.2	601.0	0.6666666666666666
23429	394	0	5	0.9775	235.8	1179.0	0.6666666666666666
23430	351	0	5	0.87	242.2	1211.0	0.3333333333333333
23431	3	0	5	0.0025	0.4	2.0	0.3333333333333333
23432	257	0	5	0.635	150.4	752.0	0.6666666666666666
23433	165	0	5	0.405	163.0	815.0	0.3333333333333333
23434	228	0	5	0.5625	148.4	742.0	0.3333333333333333
23435	49	0	5	0.115	47.0	235.0	0.0
23436	360	0	5	0.8925	175.0	875.0	0.6666666666666666
23437	324	0	5	0.8025	160.4	802.0	0.6666666666666666
23438	175	0	5	0.43	103.0	515.0	0.3333333333333333
23439	172	0	5	0.4225	81.2	406.0	0.3333333333333333
23440	344	1	4	0.8575	114.4	572.0	1.0
23441	268	0	5	0.6625	146.8	734.0	0.3333333333333333
23442	143	0	5	0.35	110.2	551.0	0.6666666666666666
23443	371	0	5	0.92	320.8	1604.0	0.6666666666666666
23444	248	0	5	0.6125	76.4	382.0	0.6666666666666666
23445	214	0	5	0.5275	70.4	352.0	0.3333333333333333
23446	270	0	5	0.6675	200.2	1001.0	0.3333333333333333
23447	225	0	5	0.555	146.6	733.0	0.3333333333333333
23448	265	0	5	0.655	83.8	419.0	0.3333333333333333
23449	40	0	5	0.0925	30.8	154.0	0.3333333333333333
23450	204	0	5	0.5025	166.6	833.0	0.6666666666666666
23451	377	0	5	0.935	115.4	577.0	0.6666666666666666
23452	39	0	5	0.09	37.0	185.0	0.0
23453	124	0	5	0.3025	116.0	580.0	0.0
23454	265	0	5	0.655	189.0	945.0	0.3333333333333333
23455	391	0	5	0.97	217.0	1085.0	0.6666666666666666
23456	126	0	5	0.3075	100.8	504.0	0.3333333333333333
23457	290	0	5	0.7175	156.0	780.0	0.3333333333333333
23458	173	0	5	0.425	113.8	569.0	0.3333333333333333
23459	244	0	5	0.6025	166.2	831.0	0.3333333333333333
23460	247	0	5	0.61	87.4	437.0	0.3333333333333333
23461	302	0	5	0.7475	286.2	1431.0	0.3333333333333333
23462	239	0	5	0.59	212.6	1063.0	0.3333333333333333
23463	128	0	5	0.3125	38.2	191.0	0.3333333333333333
23464	260	0	5	0.6425	174.2	871.0	0.0
23465	102	0	5	0.2475	100.0	500.0	0.0
23466	48	0	5	0.1125	46.0	230.0	0.0
23467	151	0	5	0.37	139.2	696.0	0.0
23468	105	0	5	0.255	103.0	515.0	0.0
23469	400	0	5	0.9925	288.6	1443.0	0.6666666666666666
23470	255	0	5	0.63	250.6	1253.0	0.3333333333333333
23471	248	0	5	0.6125	110.8	554.0	0.6666666666666666
23472	60	0	5	0.1425	27.4	137.0	0.3333333333333333
23473	325	0	5	0.805	195.6	978.0	0.6666666666666666
23474	73	0	5	0.175	71.0	355.0	0.0
23475	25	0	5	0.055	23.0	115.0	0.0
23476	240	0	5	0.5925	153.8	769.0	0.3333333333333333
23477	129	0	5	0.315	77.0	385.0	0.6666666666666666
23478	20	0	5	0.0425	18.0	90.0	0.0
23479	366	0	5	0.9075	226.0	1130.0	0.6666666666666666
23480	20	0	5	0.0425	18.0	90.0	0.0
23481	283	0	5	0.7	247.8	1239.0	0.3333333333333333
23482	35	0	5	0.08	21.4	107.0	0.3333333333333333
23483	288	0	5	0.7125	235.4	1177.0	0.6666666666666666
23484	73	0	5	0.175	35.8	179.0	0.3333333333333333
23485	74	0	5	0.1775	66.0	330.0	0.0
23486	178	0	5	0.4375	120.4	602.0	0.0
23487	269	0	5	0.665	113.4	567.0	0.6666666666666666
23488	197	0	5	0.485	75.0	375.0	0.0
23489	288	0	5	0.7125	129.0	645.0	0.3333333333333333
23490	182	0	5	0.4475	132.6	663.0	0.0
23491	130	0	5	0.3175	107.0	535.0	0.3333333333333333
23492	81	0	5	0.195	71.8	359.0	0.0
23493	271	0	5	0.67	187.4	937.0	0.3333333333333333
23494	333	0	5	0.825	130.6	653.0	0.6666666666666666
23495	236	0	5	0.5825	70.8	354.0	0.6666666666666666
23496	151	0	5	0.37	62.4	312.0	0.6666666666666666
23497	361	0	5	0.895	95.6	478.0	0.6666666666666666
23498	63	0	5	0.15	49.0	245.0	0.0
23499	79	0	5	0.19	75.4	377.0	0.0
23500	219	0	5	0.54	181.0	905.0	0.3333333333333333
23501	374	1	4	0.9325	184.4	922.0	1.0
23502	73	0	5	0.175	71.0	355.0	0.0
23503	211	0	5	0.52	155.0	775.0	0.3333333333333333
23504	223	0	5	0.55	203.4	1017.0	0.3333333333333333
23505	174	0	5	0.4275	121.2	606.0	0.3333333333333333
23506	312	0	5	0.7725	162.4	812.0	0.6666666666666666
23507	169	0	5	0.415	60.6	303.0	0.6666666666666666
23508	195	0	5	0.48	70.6	353.0	0.3333333333333333
23509	54	0	5	0.1275	52.0	260.0	0.0
23510	385	0	5	0.955	288.0	1440.0	0.3333333333333333
23511	185	0	5	0.455	88.2	441.0	0.6666666666666666
23512	333	0	5	0.825	201.2	1006.0	0.6666666666666666
23513	101	0	5	0.245	99.0	495.0	0.0
23514	220	0	5	0.5425	64.4	322.0	0.3333333333333333
23515	193	0	5	0.475	121.6	608.0	0.6666666666666666
23516	226	0	5	0.5575	49.6	248.0	0.3333333333333333
23517	21	0	5	0.045	19.0	95.0	0.0
23518	77	0	5	0.185	50.2	251.0	0.3333333333333333
23519	130	0	5	0.3175	62.4	312.0	0.3333333333333333
23520	92	0	5	0.2225	29.2	146.0	0.3333333333333333
23521	301	0	5	0.745	261.6	1308.0	0.6666666666666666
23522	5	0	5	0.005	3.0	15.0	0.0
23523	244	0	5	0.6025	150.2	751.0	0.6666666666666666
23524	331	0	5	0.82	155.6	778.0	0.6666666666666666
23525	79	0	5	0.19	69.0	345.0	0.0
23526	243	1	4	0.605	62.2	311.0	1.0
23527	401	0	5	0.995	118.0	590.0	0.6666666666666666
23528	168	0	5	0.4125	142.0	710.0	0.0
23529	332	1	4	0.8275	211.2	1056.0	1.0
23530	79	0	5	0.19	21.8	109.0	0.3333333333333333
23531	117	0	5	0.285	23.2	116.0	0.3333333333333333
23532	29	0	5	0.065	27.0	135.0	0.0
23533	308	0	5	0.7625	130.0	650.0	0.3333333333333333
23534	233	0	5	0.575	81.4	407.0	0.6666666666666666
23535	166	0	5	0.4075	91.2	456.0	0.3333333333333333
23536	155	0	5	0.38	144.2	721.0	0.3333333333333333
23537	390	0	5	0.9675	194.4	972.0	0.6666666666666666
23538	140	0	5	0.3425	110.4	552.0	0.3333333333333333
23539	324	0	5	0.8025	170.8	854.0	0.3333333333333333
23540	180	0	5	0.4425	158.8	794.0	0.0
23541	260	0	5	0.6425	201.6	1008.0	0.3333333333333333
23542	393	1	4	0.98	153.8	769.0	1.0
23543	115	0	5	0.28	68.6	343.0	0.0
23544	103	0	5	0.25	32.6	163.0	0.3333333333333333
23545	48	0	5	0.1125	28.4	142.0	0.3333333333333333
23546	246	0	5	0.6075	85.6	428.0	0.6666666666666666
23547	277	1	4	0.69	166.6	833.0	1.0
23548	306	0	5	0.7575	172.4	862.0	0.3333333333333333
23549	294	0	5	0.7275	140.2	701.0	0.6666666666666666
23550	22	0	5	0.0475	8.0	40.0	0.3333333333333333
23551	25	0	5	0.055	19.2	96.0	0.3333333333333333
23552	203	0	5	0.5	130.8	654.0	0.6666666666666666
23553	145	0	5	0.355	98.0	490.0	0.3333333333333333
23554	198	0	5	0.4875	196.0	980.0	0.0
23555	80	0	5	0.1925	48.0	240.0	0.3333333333333333
23556	358	0	5	0.8875	309.0	1545.0	0.6666666666666666
23557	321	0	5	0.795	220.8	1104.0	0.3333333333333333
23558	122	0	5	0.2975	98.8	494.0	0.0
23559	121	0	5	0.295	60.6	303.0	0.3333333333333333
23560	289	0	5	0.715	149.4	747.0	0.6666666666666666
23561	390	0	5	0.9675	203.4	1017.0	0.6666666666666666
23562	139	0	5	0.34	86.6	433.0	0.3333333333333333
23563	84	0	5	0.2025	55.2	276.0	0.3333333333333333
23564	141	0	5	0.345	139.0	695.0	0.0
23565	283	0	5	0.7	256.8	1284.0	0.3333333333333333
23566	263	0	5	0.65	106.2	531.0	0.3333333333333333
23567	373	0	5	0.925	188.0	940.0	0.3333333333333333
23568	339	0	5	0.84	337.0	1685.0	0.3333333333333333
23569	289	1	4	0.72	183.4	917.0	1.0
23570	268	0	5	0.6625	202.4	1012.0	0.3333333333333333
23571	371	0	5	0.92	97.0	485.0	0.6666666666666666
23572	223	0	5	0.55	63.4	317.0	0.3333333333333333
23573	46	0	5	0.1075	44.0	220.0	0.0
23574	334	0	5	0.8275	237.0	1185.0	0.6666666666666666
23575	170	1	4	0.4225	86.4	432.0	1.0
23576	173	0	5	0.425	102.4	512.0	0.6666666666666666
23577	275	0	5	0.68	147.0	735.0	0.3333333333333333
23578	193	0	5	0.475	107.6	538.0	0.6666666666666666
23579	20	0	5	0.0425	18.0	90.0	0.0
23580	194	0	5	0.4775	112.8	564.0	0.6666666666666666
23581	362	0	5	0.8975	329.0	1645.0	0.3333333333333333
23582	110	0	5	0.2675	75.4	377.0	0.3333333333333333
23583	135	0	5	0.33	85.0	425.0	0.3333333333333333
23584	121	0	5	0.295	77.0	385.0	0.3333333333333333
23585	365	0	5	0.905	218.2	1091.0	0.6666666666666666
23586	372	1	4	0.9275	289.2	1446.0	1.0
23587	306	0	5	0.7575	200.8	1004.0	0.6666666666666666
23588	111	0	5	0.27	98.6	493.0	0.3333333333333333
23589	376	0	5	0.9325	157.2	786.0	0.6666666666666666
23590	199	0	5	0.49	142.2	711.0	0.6666666666666666
23591	104	0	5	0.2525	102.0	510.0	0.0
23592	230	0	5	0.5675	160.2	801.0	0.6666666666666666
23593	272	0	5	0.6725	171.8	859.0	0.3333333333333333
23594	228	0	5	0.5625	172.4	862.0	0.6666666666666666
23595	187	0	5	0.46	45.0	225.0	0.6666666666666666
23596	35	0	5	0.08	33.0	165.0	0.0
23597	281	0	5	0.695	247.6	1238.0	0.3333333333333333
23598	385	0	5	0.955	305.6	1528.0	0.6666666666666666
23599	71	0	5	0.17	38.6	193.0	0.3333333333333333
23600	94	0	5	0.2275	82.0	410.0	0.3333333333333333
23601	173	0	5	0.425	102.0	510.0	0.0
23602	195	0	5	0.48	112.2	561.0	0.6666666666666666
23603	2	0	5	0.0	0.0	0.0	0.0
23604	324	0	5	0.8025	210.0	1050.0	0.3333333333333333
23605	240	0	5	0.5925	220.6	1103.0	0.0
23606	219	0	5	0.54	66.6	333.0	0.3333333333333333
23607	142	0	5	0.3475	56.0	280.0	0.3333333333333333
23608	125	0	5	0.305	52.8	264.0	0.0
23609	199	0	5	0.49	197.0	985.0	0.0
23610	93	0	5	0.225	27.8	139.0	0.3333333333333333
23611	180	0	5	0.4425	178.0	890.0	0.0
23612	142	0	5	0.3475	51.2	256.0	0.3333333333333333
23613	310	0	5	0.7675	172.2	861.0	0.6666666666666666
23614	239	0	5	0.59	133.4	667.0	0.0
23615	214	0	5	0.5275	200.6	1003.0	0.0
23616	329	0	5	0.815	214.6	1073.0	0.6666666666666666
23617	281	0	5	0.695	116.2	581.0	0.6666666666666666
23618	35	0	5	0.08	31.2	156.0	0.0
23619	145	0	5	0.355	103.8	519.0	0.3333333333333333
23620	339	0	5	0.84	246.2	1231.0	0.6666666666666666
23621	354	1	4	0.8825	157.6	788.0	1.0
23622	71	0	5	0.17	44.2	221.0	0.0
23623	135	0	5	0.33	112.0	560.0	0.3333333333333333
23624	124	0	5	0.3025	86.8	434.0	0.3333333333333333
23625	187	0	5	0.46	75.0	375.0	0.3333333333333333
23626	59	0	5	0.14	16.0	80.0	0.0
23627	141	0	5	0.345	139.0	695.0	0.0
23628	85	0	5	0.205	70.6	353.0	0.3333333333333333
23629	133	0	5	0.325	76.2	381.0	0.3333333333333333
23630	60	0	5	0.1425	51.4	257.0	0.3333333333333333
23631	348	1	4	0.8675	208.8	1044.0	1.0
23632	216	0	5	0.5325	96.8	484.0	0.3333333333333333
23633	204	0	5	0.5025	145.2	726.0	0.6666666666666666
23634	332	0	5	0.8225	161.2	806.0	0.6666666666666666
23635	322	0	5	0.7975	238.4	1192.0	0.3333333333333333
23636	208	0	5	0.5125	206.0	1030.0	0.0
23637	115	0	5	0.28	101.4	507.0	0.0
23638	360	0	5	0.8925	260.2	1301.0	0.3333333333333333
23639	363	0	5	0.9	270.4	1352.0	0.3333333333333333
23640	124	0	5	0.3025	60.8	304.0	0.3333333333333333
23641	281	0	5	0.695	211.8	1059.0	0.6666666666666666
23642	174	0	5	0.4275	75.4	377.0	0.0
23643	188	0	5	0.4625	79.2	396.0	0.6666666666666666
23644	231	1	4	0.575	151.0	755.0	1.0
23645	401	0	4	0.9975	307.2	1536.0	0.6666666666666666
23646	102	0	5	0.2475	64.6	323.0	0.3333333333333333
23647	282	0	5	0.6975	220.8	1104.0	0.3333333333333333
23648	154	0	5	0.3775	139.2	696.0	0.0
23649	326	0	5	0.8075	131.4	657.0	0.6666666666666666
23650	230	0	5	0.5675	160.4	802.0	0.3333333333333333
23651	109	0	5	0.265	85.0	425.0	0.6666666666666666
23652	42	0	5	0.0975	40.0	200.0	0.0
23653	120	0	5	0.2925	46.8	234.0	0.3333333333333333
23654	347	0	5	0.86	203.2	1016.0	0.6666666666666666
23655	29	0	5	0.065	27.0	135.0	0.3333333333333333
23656	126	0	5	0.3075	102.4	512.0	0.3333333333333333
23657	118	0	5	0.2875	56.8	284.0	0.6666666666666666
23658	200	0	5	0.4925	174.6	873.0	0.6666666666666666
23659	104	0	5	0.2525	102.0	510.0	0.0
23660	148	0	5	0.3625	142.0	710.0	0.3333333333333333
23661	392	0	5	0.9725	303.4	1517.0	0.6666666666666666
23662	5	0	5	0.005	3.0	15.0	0.0
23663	119	0	5	0.29	71.0	355.0	0.3333333333333333
23664	322	0	5	0.7975	182.8	914.0	0.3333333333333333
23665	276	0	5	0.6825	197.2	986.0	0.6666666666666666
23666	319	0	5	0.79	205.8	1029.0	0.3333333333333333
23667	185	0	5	0.455	113.4	567.0	0.6666666666666666
23668	193	0	5	0.475	137.8	689.0	0.3333333333333333
23669	260	0	5	0.6425	195.2	976.0	0.3333333333333333
23670	257	0	5	0.635	225.0	1125.0	0.3333333333333333
23671	278	0	5	0.6875	271.4	1357.0	0.3333333333333333
23672	171	0	5	0.42	157.2	786.0	0.3333333333333333
23673	128	0	5	0.3125	126.0	630.0	0.0
23674	155	0	5	0.38	129.4	647.0	0.3333333333333333
23675	189	0	5	0.465	187.0	935.0	0.0
23676	344	0	5	0.8525	113.2	566.0	0.6666666666666666
23677	334	1	4	0.8325	187.6	938.0	1.0
23678	96	0	5	0.2325	57.2	286.0	0.3333333333333333
23679	177	0	5	0.435	159.4	797.0	0.3333333333333333
23680	104	0	5	0.2525	102.0	510.0	0.0
23681	375	0	5	0.93	275.0	1375.0	0.6666666666666666
23682	119	1	4	0.295	52.8	264.0	1.0
23683	165	0	5	0.405	73.0	365.0	0.3333333333333333
23684	167	0	5	0.41	138.6	693.0	0.6666666666666666
23685	173	0	5	0.425	114.2	571.0	0.3333333333333333
23686	215	0	5	0.53	197.0	985.0	0.3333333333333333
23687	262	0	5	0.6475	92.8	464.0	0.6666666666666666
23688	247	0	5	0.61	220.6	1103.0	0.3333333333333333
23689	342	0	5	0.8475	286.6	1433.0	0.6666666666666666
23690	294	0	5	0.7275	242.4	1212.0	0.6666666666666666
23691	68	0	5	0.1625	20.4	102.0	0.3333333333333333
23692	259	0	5	0.64	231.8	1159.0	0.0
23693	362	0	5	0.8975	183.2	916.0	0.6666666666666666
23694	280	0	5	0.6925	101.2	506.0	0.6666666666666666
23695	59	0	5	0.14	57.0	285.0	0.0
23696	258	0	5	0.6375	181.4	907.0	0.6666666666666666
23697	73	0	5	0.175	51.8	259.0	0.3333333333333333
23698	174	0	5	0.4275	88.0	440.0	0.6666666666666666
23699	43	0	5	0.1	41.0	205.0	0.0
23700	165	0	5	0.405	95.0	475.0	0.3333333333333333
23701	313	0	5	0.775	185.0	925.0	0.6666666666666666
23702	49	0	5	0.115	30.4	152.0	0.3333333333333333
23703	108	0	5	0.2625	91.6	458.0	0.0
23704	167	0	5	0.41	74.6	373.0	0.3333333333333333
23705	134	0	5	0.3275	74.0	370.0	0.6666666666666666
23706	187	0	5	0.46	41.0	205.0	0.6666666666666666
23707	308	0	5	0.7625	214.8	1074.0	0.6666666666666666
23708	131	0	5	0.32	55.2	276.0	0.3333333333333333
23709	35	0	5	0.08	31.2	156.0	0.3333333333333333
23710	39	0	5	0.09	28.6	143.0	0.0
23711	359	1	3	0.895	256.0	1280.0	1.0
23712	185	0	5	0.455	94.2	471.0	0.3333333333333333
23713	150	0	5	0.3675	60.0	300.0	0.3333333333333333
23714	77	0	5	0.185	62.2	311.0	0.3333333333333333
23715	84	0	5	0.2025	62.6	313.0	0.3333333333333333
23716	133	0	5	0.325	63.0	315.0	0.3333333333333333
23717	348	0	5	0.8625	228.8	1144.0	0.6666666666666666
23718	248	0	5	0.6125	234.0	1170.0	0.3333333333333333
23719	139	0	5	0.34	136.2	681.0	0.0
23720	146	0	5	0.3575	144.0	720.0	0.0
23721	68	0	5	0.1625	63.2	316.0	0.0
23722	189	0	5	0.465	158.0	790.0	0.0
23723	367	1	4	0.915	297.4	1487.0	1.0
23724	165	0	5	0.405	136.2	681.0	0.6666666666666666
23725	101	0	5	0.245	68.8	344.0	0.3333333333333333
23726	92	0	5	0.2225	72.0	360.0	0.3333333333333333
23727	277	0	5	0.685	222.8	1114.0	0.6666666666666666
23728	273	0	5	0.675	174.2	871.0	0.6666666666666666
23729	150	0	5	0.3675	51.2	256.0	0.6666666666666666
23730	129	0	5	0.315	59.8	299.0	0.0
23731	69	0	5	0.165	55.2	276.0	0.3333333333333333
23732	279	0	5	0.69	155.8	779.0	0.6666666666666666
23733	260	0	5	0.6425	139.8	699.0	0.6666666666666666
23734	295	0	5	0.73	233.4	1167.0	0.3333333333333333
23735	356	1	4	0.8875	165.6	828.0	1.0
23736	312	0	5	0.7725	243.4	1217.0	0.3333333333333333
23737	196	0	5	0.4825	87.6	438.0	0.3333333333333333
23738	190	0	5	0.4675	117.2	586.0	0.0
23739	338	0	5	0.8375	182.0	910.0	0.6666666666666666
23740	165	0	5	0.405	93.4	467.0	0.3333333333333333
23741	63	0	5	0.15	56.4	282.0	0.0
23742	239	0	5	0.59	89.4	447.0	0.6666666666666666
23743	354	1	4	0.8825	165.2	826.0	1.0
23744	205	0	5	0.505	153.4	767.0	0.6666666666666666
23745	105	0	5	0.255	69.0	345.0	0.3333333333333333
23746	261	0	5	0.645	171.0	855.0	0.3333333333333333
23747	94	0	5	0.2275	62.4	312.0	0.3333333333333333
23748	214	0	5	0.5275	105.8	529.0	0.3333333333333333
23749	76	0	5	0.1825	46.4	232.0	0.3333333333333333
23750	194	0	5	0.4775	157.0	785.0	0.3333333333333333
23751	267	1	4	0.665	217.6	1088.0	1.0
23752	69	0	5	0.165	45.6	228.0	0.6666666666666666
23753	129	0	5	0.315	54.4	272.0	0.3333333333333333
23754	327	0	5	0.81	128.8	644.0	0.3333333333333333
23755	118	0	5	0.2875	86.0	430.0	0.3333333333333333
23756	275	0	5	0.68	111.8	559.0	0.6666666666666666
23757	280	0	5	0.6925	135.2	676.0	0.3333333333333333
23758	253	0	5	0.625	50.4	252.0	0.6666666666666666
23759	12	0	5	0.0225	10.0	50.0	0.0
23760	383	1	4	0.955	300.2	1501.0	1.0
23761	296	0	5	0.7325	139.6	698.0	0.6666666666666666
23762	148	0	5	0.3625	132.2	661.0	0.3333333333333333
23763	183	0	5	0.45	76.6	383.0	0.3333333333333333
23764	222	0	5	0.5475	190.6	953.0	0.3333333333333333
23765	102	0	5	0.2475	72.4	362.0	0.0
23766	333	0	5	0.825	180.0	900.0	0.3333333333333333
23767	322	0	5	0.7975	156.0	780.0	0.6666666666666666
23768	197	0	5	0.485	87.6	438.0	0.3333333333333333
23769	153	0	5	0.375	64.6	323.0	0.3333333333333333
23770	141	0	5	0.345	111.4	557.0	0.0
23771	89	0	5	0.215	53.0	265.0	0.3333333333333333
23772	124	0	5	0.3025	59.2	296.0	0.3333333333333333
23773	332	0	5	0.8225	249.6	1248.0	0.6666666666666666
23774	244	0	5	0.6025	143.8	719.0	0.3333333333333333
23775	181	0	5	0.445	93.4	467.0	0.3333333333333333
23776	58	0	5	0.1375	56.0	280.0	0.0
23777	229	0	5	0.565	190.6	953.0	0.0
23778	207	0	5	0.51	81.0	405.0	0.3333333333333333
23779	86	0	5	0.2075	84.0	420.0	0.0
23780	145	0	5	0.355	31.0	155.0	0.6666666666666666
23781	270	0	5	0.6675	189.0	945.0	0.3333333333333333
23782	62	0	5	0.1475	49.0	245.0	0.3333333333333333
23783	401	0	4	0.9975	186.2	931.0	0.6666666666666666
23784	183	0	5	0.45	181.0	905.0	0.0
23785	43	0	5	0.1	14.2	71.0	0.3333333333333333
23786	173	0	5	0.425	109.0	545.0	0.6666666666666666
23787	153	0	5	0.375	107.6	538.0	0.0
23788	225	0	5	0.555	155.4	777.0	0.3333333333333333
23789	162	0	5	0.3975	146.8	734.0	0.0
23790	170	0	5	0.4175	53.8	269.0	0.3333333333333333
23791	85	0	5	0.205	37.4	187.0	0.3333333333333333
23792	176	0	5	0.4325	98.6	493.0	0.6666666666666666
23793	209	0	5	0.515	50.2	251.0	0.0
23794	276	0	5	0.6825	161.2	806.0	0.6666666666666666
23795	19	0	5	0.04	15.8	79.0	0.3333333333333333
23796	4	0	5	0.0025	2.0	10.0	0.0
23797	365	0	5	0.905	224.6	1123.0	0.6666666666666666
23798	307	0	5	0.76	169.4	847.0	0.6666666666666666
23799	205	0	5	0.505	147.8	739.0	0.3333333333333333
23800	59	0	5	0.14	47.4	237.0	0.3333333333333333
23801	95	0	5	0.23	82.6	413.0	0.3333333333333333
23802	169	0	5	0.415	110.2	551.0	0.0
23803	313	0	5	0.775	281.0	1405.0	0.6666666666666666
23804	234	0	5	0.5775	227.8	1139.0	0.3333333333333333
23805	293	0	5	0.725	203.0	1015.0	0.3333333333333333
23806	84	0	5	0.2025	34.0	170.0	0.3333333333333333
23807	124	0	5	0.3025	122.0	610.0	0.0
23808	223	0	5	0.55	102.8	514.0	0.3333333333333333
23809	379	1	4	0.945	246.0	1230.0	1.0
23810	29	0	5	0.065	27.0	135.0	0.0
23811	56	0	5	0.1325	54.0	270.0	0.0
23812	260	0	5	0.6425	133.0	665.0	0.6666666666666666
23813	238	0	5	0.5875	81.0	405.0	0.3333333333333333
23814	142	0	5	0.3475	114.0	570.0	0.3333333333333333
23815	144	0	5	0.3525	90.6	453.0	0.0
23816	365	0	5	0.905	74.2	371.0	0.6666666666666666
23817	306	0	5	0.7575	229.4	1147.0	0.3333333333333333
23818	61	0	5	0.145	59.0	295.0	0.0
23819	201	0	5	0.495	191.2	956.0	0.3333333333333333
23820	191	1	4	0.475	52.6	263.0	1.0
23821	332	0	5	0.8225	225.0	1125.0	0.6666666666666666
23822	326	0	5	0.8075	271.6	1358.0	0.3333333333333333
23823	311	0	5	0.77	124.8	624.0	0.3333333333333333
23824	171	0	5	0.42	115.8	579.0	0.3333333333333333
23825	328	0	5	0.8125	214.8	1074.0	0.3333333333333333
23826	208	0	5	0.5125	206.0	1030.0	0.0
23827	162	0	5	0.3975	98.2	491.0	0.3333333333333333
23828	278	0	5	0.6875	158.2	791.0	0.3333333333333333
23829	166	0	5	0.4075	65.0	325.0	0.3333333333333333
23830	27	0	5	0.06	25.0	125.0	0.0
23831	204	0	5	0.5025	142.6	713.0	0.0
23832	20	0	5	0.0425	7.6	38.0	0.3333333333333333
23833	40	0	5	0.0925	38.0	190.0	0.0
23834	120	0	5	0.2925	112.8	564.0	0.0
23835	227	1	4	0.565	149.0	745.0	1.0
23836	69	0	5	0.165	55.6	278.0	0.3333333333333333
23837	97	0	5	0.235	77.0	385.0	0.3333333333333333
23838	219	0	5	0.54	153.4	767.0	0.6666666666666666
23839	66	0	5	0.1575	64.0	320.0	0.0
23840	220	0	5	0.5425	58.8	294.0	0.6666666666666666
23841	140	0	5	0.3425	70.8	354.0	0.0
23842	299	1	4	0.745	141.4	707.0	1.0
23843	321	0	5	0.795	219.0	1095.0	0.3333333333333333
23844	350	0	5	0.8675	252.8	1264.0	0.6666666666666666
23845	193	0	5	0.475	117.8	589.0	0.0
23846	333	1	4	0.83	166.0	830.0	1.0
23847	151	0	5	0.37	35.4	177.0	0.6666666666666666
23848	207	0	5	0.51	117.8	589.0	0.6666666666666666
23849	232	0	5	0.5725	140.8	704.0	0.0
23850	216	0	5	0.5325	91.8	459.0	0.6666666666666666
23851	307	0	5	0.76	163.4	817.0	0.3333333333333333
23852	116	0	5	0.2825	109.2	546.0	0.3333333333333333
23853	243	1	4	0.605	59.8	299.0	1.0
23854	260	0	5	0.6425	208.4	1042.0	0.0
23855	116	0	5	0.2825	52.4	262.0	0.3333333333333333
23856	53	0	5	0.125	22.8	114.0	0.0
23857	116	0	5	0.2825	57.0	285.0	0.0
23858	55	0	5	0.13	35.2	176.0	0.6666666666666666
23859	113	0	5	0.275	86.0	430.0	0.0
23860	212	0	5	0.5225	193.6	968.0	0.3333333333333333
23861	60	0	5	0.1425	58.0	290.0	0.0
23862	92	0	5	0.2225	90.0	450.0	0.0
23863	372	0	5	0.9225	146.4	732.0	0.3333333333333333
23864	295	0	5	0.73	121.0	605.0	0.3333333333333333
23865	127	0	5	0.31	109.0	545.0	0.3333333333333333
23866	366	0	5	0.9075	241.2	1206.0	0.6666666666666666
23867	101	0	5	0.245	85.6	428.0	0.3333333333333333
23868	40	0	5	0.0925	38.0	190.0	0.0
23869	356	0	5	0.8825	189.6	948.0	0.6666666666666666
23870	274	0	5	0.6775	166.8	834.0	0.3333333333333333
23871	155	0	5	0.38	32.2	161.0	0.3333333333333333
23872	280	0	5	0.6925	152.0	760.0	0.3333333333333333
23873	208	0	5	0.5125	187.4	937.0	0.0
23874	298	0	5	0.7375	161.6	808.0	0.3333333333333333
23875	289	0	5	0.715	231.8	1159.0	0.6666666666666666
23876	71	0	5	0.17	18.6	93.0	0.3333333333333333
23877	360	0	5	0.8925	281.6	1408.0	0.3333333333333333
23878	247	0	5	0.61	221.6	1108.0	0.6666666666666666
23879	375	0	5	0.93	227.0	1135.0	0.3333333333333333
23880	355	0	5	0.88	159.2	796.0	0.3333333333333333
23881	33	0	5	0.075	31.0	155.0	0.0
23882	311	1	4	0.775	110.6	553.0	1.0
23883	173	1	4	0.43	80.2	401.0	1.0
23884	123	0	5	0.3	102.0	510.0	0.3333333333333333
23885	250	0	5	0.6175	138.2	691.0	0.3333333333333333
23886	271	0	5	0.67	133.2	666.0	0.3333333333333333
23887	157	0	5	0.385	145.2	726.0	0.3333333333333333
23888	156	0	5	0.3825	142.2	711.0	0.3333333333333333
23889	351	1	4	0.875	167.8	839.0	1.0
23890	379	0	5	0.94	222.0	1110.0	0.6666666666666666
23891	301	1	4	0.75	79.4	397.0	1.0
23892	343	0	5	0.85	183.8	919.0	0.3333333333333333
23893	312	0	5	0.7725	291.4	1457.0	0.3333333333333333
23894	274	0	5	0.6775	145.6	728.0	0.6666666666666666
23895	378	1	4	0.9425	171.2	856.0	1.0
23896	80	0	5	0.1925	78.0	390.0	0.0
23897	113	0	5	0.275	62.2	311.0	0.6666666666666666
23898	356	0	5	0.8825	144.2	721.0	0.3333333333333333
23899	344	0	5	0.8525	321.8	1609.0	0.6666666666666666
23900	306	0	5	0.7575	175.4	877.0	0.6666666666666666
23901	251	0	5	0.62	172.8	864.0	0.6666666666666666
23902	91	0	5	0.22	76.4	382.0	0.3333333333333333
23903	394	1	4	0.9825	101.2	506.0	1.0
23904	153	0	5	0.375	134.4	672.0	0.3333333333333333
23905	346	0	5	0.8575	178.4	892.0	0.6666666666666666
23906	125	0	5	0.305	115.6	578.0	0.0
23907	88	0	5	0.2125	70.8	354.0	0.3333333333333333
23908	221	0	5	0.545	68.8	344.0	0.3333333333333333
23909	273	0	5	0.675	157.2	786.0	0.6666666666666666
23910	60	0	5	0.1425	58.0	290.0	0.0
23911	249	0	5	0.615	154.2	771.0	0.3333333333333333
23912	363	0	5	0.9	292.8	1464.0	0.6666666666666666
23913	353	0	5	0.875	158.6	793.0	0.3333333333333333
23914	177	0	5	0.435	51.0	255.0	0.3333333333333333
23915	279	0	5	0.69	108.2	541.0	0.3333333333333333
23916	277	0	5	0.685	68.6	343.0	0.3333333333333333
23917	400	0	5	0.9925	243.0	1215.0	0.6666666666666666
23918	46	0	5	0.1075	40.2	201.0	0.3333333333333333
23919	218	0	5	0.5375	99.0	495.0	0.6666666666666666
23920	163	0	5	0.4	101.0	505.0	0.0
23921	255	0	5	0.63	59.4	297.0	0.6666666666666666
23922	390	0	5	0.9675	210.2	1051.0	0.6666666666666666
23923	200	0	5	0.4925	168.0	840.0	0.3333333333333333
23924	334	1	4	0.8325	154.4	772.0	1.0
23925	19	0	5	0.04	17.0	85.0	0.0
23926	12	0	5	0.0225	10.0	50.0	0.0
23927	62	0	5	0.1475	60.0	300.0	0.0
23928	183	1	4	0.455	178.6	893.0	1.0
23929	156	0	5	0.3825	102.8	514.0	0.3333333333333333
23930	252	1	4	0.6275	194.0	970.0	1.0
23931	363	1	4	0.905	174.0	870.0	1.0
23932	209	0	5	0.515	59.0	295.0	0.3333333333333333
23933	36	0	5	0.0825	21.2	106.0	0.0
23934	351	1	4	0.875	143.8	719.0	1.0
23935	23	0	5	0.05	19.4	97.0	0.0
23936	321	0	5	0.795	146.6	733.0	0.6666666666666666
23937	39	0	5	0.09	37.0	185.0	0.0
23938	265	0	5	0.655	232.0	1160.0	0.3333333333333333
23939	105	0	5	0.255	79.2	396.0	0.3333333333333333
23940	96	0	5	0.2325	89.2	446.0	0.0
23941	303	1	4	0.755	187.8	939.0	1.0
23942	363	1	4	0.905	164.6	823.0	1.0
23943	222	0	5	0.5475	186.0	930.0	0.3333333333333333
23944	22	0	5	0.0475	20.0	100.0	0.0
23945	225	0	5	0.555	178.2	891.0	0.3333333333333333
23946	165	0	5	0.405	115.0	575.0	0.3333333333333333
23947	261	0	5	0.645	187.0	935.0	0.3333333333333333
23948	30	0	5	0.0675	28.0	140.0	0.0
23949	285	0	5	0.705	164.6	823.0	0.0
23950	238	1	4	0.5925	120.4	602.0	1.0
23951	275	0	5	0.68	178.8	894.0	0.6666666666666666
23952	250	1	4	0.6225	58.0	290.0	1.0
23953	127	0	5	0.31	51.2	256.0	0.3333333333333333
23954	223	0	5	0.55	117.8	589.0	0.6666666666666666
23955	58	0	5	0.1375	55.2	276.0	0.3333333333333333
23956	99	0	5	0.24	97.0	485.0	0.0
23957	120	0	5	0.2925	88.0	440.0	0.0
23958	187	0	5	0.46	185.0	925.0	0.0
23959	250	0	5	0.6175	182.2	911.0	0.3333333333333333
23960	162	0	5	0.3975	142.4	712.0	0.0
23961	143	0	5	0.35	48.2	241.0	0.3333333333333333
23962	354	0	5	0.8775	165.6	828.0	0.3333333333333333
23963	158	0	5	0.3875	156.0	780.0	0.0
23964	107	0	5	0.26	46.2	231.0	0.3333333333333333
23965	170	0	5	0.4175	125.6	628.0	0.0
23966	43	0	5	0.1	33.2	166.0	0.0
23967	150	0	5	0.3675	138.8	694.0	0.3333333333333333
23968	251	0	5	0.62	188.4	942.0	0.3333333333333333
23969	234	0	5	0.5775	205.6	1028.0	0.3333333333333333
23970	392	1	4	0.9775	155.2	776.0	1.0
23971	191	0	5	0.47	45.0	225.0	0.0
23972	196	0	5	0.4825	144.2	721.0	0.6666666666666666
23973	80	0	5	0.1925	56.8	284.0	0.3333333333333333
23974	246	0	5	0.6075	189.2	946.0	0.6666666666666666
23975	100	0	5	0.2425	88.6	443.0	0.0
23976	158	0	5	0.3875	152.2	761.0	0.3333333333333333
23977	236	0	5	0.5825	234.0	1170.0	0.0
23978	345	0	5	0.855	306.8	1534.0	0.6666666666666666
23979	301	0	5	0.745	154.2	771.0	0.3333333333333333
23980	110	0	5	0.2675	68.4	342.0	0.6666666666666666
23981	315	0	5	0.78	183.4	917.0	0.3333333333333333
23982	384	1	3	0.9575	284.8	1424.0	1.0
23983	213	0	5	0.525	186.4	932.0	0.3333333333333333
23984	84	0	5	0.2025	62.8	314.0	0.3333333333333333
23985	108	0	5	0.2625	67.6	338.0	0.3333333333333333
23986	386	0	5	0.9575	208.8	1044.0	0.6666666666666666
23987	266	0	5	0.6575	130.4	652.0	0.3333333333333333
23988	205	0	5	0.505	105.8	529.0	0.0
23989	68	0	5	0.1625	35.4	177.0	0.6666666666666666
23990	158	0	5	0.3875	97.2	486.0	0.0
23991	354	0	5	0.8775	79.4	397.0	0.6666666666666666
23992	184	0	5	0.4525	168.2	841.0	0.3333333333333333
23993	400	1	3	0.9975	327.2	1636.0	1.0
23994	141	0	5	0.345	131.4	657.0	0.3333333333333333
23995	226	0	5	0.5575	92.8	464.0	0.6666666666666666
23996	243	0	5	0.6	120.4	602.0	0.6666666666666666
23997	200	0	5	0.4925	114.8	574.0	0.3333333333333333
23998	12	0	5	0.0225	6.0	30.0	0.3333333333333333
23999	133	0	5	0.325	107.4	537.0	0.3333333333333333
24000	191	0	5	0.47	105.8	529.0	0.3333333333333333
24001	303	1	3	0.755	193.4	967.0	1.0
24002	266	0	5	0.6575	113.0	565.0	0.3333333333333333
24003	128	0	5	0.3125	77.6	388.0	0.3333333333333333
24004	208	0	5	0.5125	128.0	640.0	0.6666666666666666
24005	119	0	5	0.29	117.0	585.0	0.0
24006	272	0	5	0.6725	184.4	922.0	0.3333333333333333
24007	195	0	5	0.48	99.0	495.0	0.6666666666666666
24008	185	0	5	0.455	102.2	511.0	0.3333333333333333
24009	354	0	5	0.8775	326.0	1630.0	0.3333333333333333
24010	308	0	5	0.7625	142.0	710.0	0.3333333333333333
24011	142	0	5	0.3475	130.0	650.0	0.3333333333333333
24012	160	0	5	0.3925	138.0	690.0	0.6666666666666666
24013	356	0	5	0.8825	187.2	936.0	0.6666666666666666
24014	312	0	5	0.7725	267.6	1338.0	0.0
24015	364	0	5	0.9025	243.6	1218.0	0.6666666666666666
24016	376	0	5	0.9325	121.0	605.0	0.3333333333333333
24017	114	0	5	0.2775	112.0	560.0	0.0
24018	95	0	5	0.23	78.6	393.0	0.3333333333333333
24019	126	0	5	0.3075	93.4	467.0	0.3333333333333333
24020	183	0	5	0.45	178.6	893.0	0.3333333333333333
24021	308	0	5	0.7625	201.2	1006.0	0.3333333333333333
24022	290	0	5	0.7175	142.4	712.0	0.3333333333333333
24023	202	0	5	0.4975	86.8	434.0	0.6666666666666666
24024	398	0	5	0.9875	210.4	1052.0	0.6666666666666666
24025	123	0	5	0.3	78.2	391.0	0.3333333333333333
24026	317	0	5	0.785	117.2	586.0	0.3333333333333333
24027	197	0	5	0.485	193.4	967.0	0.3333333333333333
24028	266	0	5	0.6575	54.4	272.0	0.6666666666666666
24029	353	0	5	0.875	146.2	731.0	0.6666666666666666
24030	246	0	5	0.6075	210.4	1052.0	0.6666666666666666
24031	23	0	5	0.05	21.0	105.0	0.0
24032	298	0	5	0.7375	127.6	638.0	0.3333333333333333
24033	339	1	4	0.845	122.6	613.0	1.0
24034	192	0	5	0.4725	152.0	760.0	0.3333333333333333
24035	202	0	5	0.4975	161.2	806.0	0.3333333333333333
24036	335	1	4	0.835	259.0	1295.0	1.0
24037	118	0	5	0.2875	72.8	364.0	0.3333333333333333
24038	194	0	5	0.4775	180.4	902.0	0.0
24039	44	0	5	0.1025	42.0	210.0	0.0
24040	179	0	5	0.44	94.8	474.0	0.3333333333333333
24041	175	0	5	0.43	117.4	587.0	0.3333333333333333
24042	210	0	5	0.5175	115.0	575.0	0.6666666666666666
24043	320	0	5	0.7925	234.4	1172.0	0.6666666666666666
24044	118	0	5	0.2875	116.0	580.0	0.0
24045	183	0	5	0.45	113.0	565.0	0.0
24046	179	0	5	0.44	109.4	547.0	0.0
24047	304	0	5	0.7525	188.4	942.0	0.3333333333333333
24048	284	0	5	0.7025	246.0	1230.0	0.0
24049	106	0	5	0.2575	92.8	464.0	0.3333333333333333
24050	81	0	5	0.195	64.2	321.0	0.3333333333333333
24051	29	0	5	0.065	27.0	135.0	0.0
24052	187	1	4	0.465	137.8	689.0	1.0
24053	344	0	5	0.8525	323.0	1615.0	0.6666666666666666
24054	344	0	5	0.8525	199.8	999.0	0.6666666666666666
24055	201	0	5	0.495	171.6	858.0	0.6666666666666666
24056	85	0	5	0.205	83.0	415.0	0.0
24057	319	0	5	0.79	221.0	1105.0	0.6666666666666666
24058	53	0	5	0.125	51.0	255.0	0.0
24059	214	0	5	0.5275	161.8	809.0	0.3333333333333333
24060	242	0	5	0.5975	234.0	1170.0	0.3333333333333333
24061	255	0	5	0.63	176.2	881.0	0.0
24062	230	0	5	0.5675	132.0	660.0	0.3333333333333333
24063	309	0	5	0.765	146.2	731.0	0.6666666666666666
24064	225	1	4	0.56	129.8	649.0	1.0
24065	175	0	5	0.43	151.4	757.0	0.3333333333333333
24066	357	0	5	0.885	241.4	1207.0	0.6666666666666666
24067	233	0	5	0.575	116.4	582.0	0.0
24068	65	0	5	0.155	63.0	315.0	0.0
24069	159	0	5	0.39	121.6	608.0	0.0
24070	86	0	5	0.2075	49.6	248.0	0.3333333333333333
24071	168	0	5	0.4125	155.0	775.0	0.3333333333333333
24072	80	0	5	0.1925	37.6	188.0	0.3333333333333333
24073	367	0	5	0.91	203.0	1015.0	0.6666666666666666
24074	386	0	5	0.9575	217.0	1085.0	0.6666666666666666
24075	268	0	5	0.6625	88.4	442.0	0.3333333333333333
24076	286	0	5	0.7075	149.4	747.0	0.6666666666666666
24077	359	0	5	0.89	143.8	719.0	0.6666666666666666
24078	254	0	5	0.6275	158.2	791.0	0.3333333333333333
24079	224	0	5	0.5525	206.4	1032.0	0.6666666666666666
24080	203	1	4	0.505	61.0	305.0	1.0
24081	70	0	5	0.1675	52.4	262.0	0.3333333333333333
24082	241	0	5	0.595	109.8	549.0	0.6666666666666666
24083	315	0	5	0.78	181.2	906.0	0.3333333333333333
24084	287	0	5	0.71	170.0	850.0	0.6666666666666666
24085	265	0	5	0.655	247.0	1235.0	0.6666666666666666
24086	74	0	5	0.1775	54.8	274.0	0.3333333333333333
24087	234	0	5	0.5775	182.4	912.0	0.6666666666666666
24088	205	0	5	0.505	146.6	733.0	0.3333333333333333
24089	297	0	5	0.735	243.4	1217.0	0.6666666666666666
24090	239	0	5	0.59	157.6	788.0	0.6666666666666666
24091	268	0	5	0.6625	62.2	311.0	0.3333333333333333
24092	269	0	5	0.665	180.2	901.0	0.3333333333333333
24093	275	0	5	0.68	202.2	1011.0	0.3333333333333333
24094	387	0	5	0.96	340.8	1704.0	0.3333333333333333
24095	108	0	5	0.2625	38.6	193.0	0.3333333333333333
24096	389	1	4	0.97	179.2	896.0	1.0
24097	329	0	5	0.815	143.4	717.0	0.6666666666666666
24098	275	1	4	0.685	74.6	373.0	1.0
24099	327	0	5	0.81	116.6	583.0	0.6666666666666666
24100	87	0	5	0.21	42.6	213.0	0.3333333333333333
24101	283	0	5	0.7	184.4	922.0	0.3333333333333333
24102	326	0	5	0.8075	231.0	1155.0	0.6666666666666666
24103	304	0	5	0.7525	180.4	902.0	0.6666666666666666
24104	203	0	5	0.5	66.0	330.0	0.3333333333333333
24105	78	0	5	0.1875	76.0	380.0	0.0
24106	390	0	5	0.9675	116.6	583.0	0.6666666666666666
24107	177	0	5	0.435	157.2	786.0	0.0
24108	304	1	4	0.7575	222.2	1111.0	1.0
24109	28	0	5	0.0625	20.8	104.0	0.3333333333333333
24110	29	0	5	0.065	27.0	135.0	0.0
24111	257	0	5	0.635	98.6	493.0	0.6666666666666666
24112	266	0	5	0.6575	212.2	1061.0	0.6666666666666666
24113	42	0	5	0.0975	40.0	200.0	0.0
24114	168	0	5	0.4125	126.6	633.0	0.6666666666666666
24115	130	0	5	0.3175	113.0	565.0	0.0
24116	264	0	5	0.6525	260.6	1303.0	0.6666666666666666
24117	289	0	5	0.715	135.8	679.0	0.6666666666666666
24118	51	0	5	0.12	49.0	245.0	0.0
24119	18	0	5	0.0375	16.0	80.0	0.0
24120	319	0	5	0.79	183.4	917.0	0.3333333333333333
24121	263	0	5	0.65	101.2	506.0	0.0
24122	224	0	5	0.5525	119.6	598.0	0.3333333333333333
24123	54	0	5	0.1275	52.0	260.0	0.0
24124	220	0	5	0.5425	112.0	560.0	0.3333333333333333
24125	247	0	5	0.61	206.2	1031.0	0.6666666666666666
24126	141	0	5	0.345	68.2	341.0	0.3333333333333333
24127	319	0	5	0.79	172.4	862.0	0.6666666666666666
24128	50	0	5	0.1175	31.2	156.0	0.0
24129	180	0	5	0.4425	129.6	648.0	0.0
24130	239	0	5	0.59	193.8	969.0	0.0
24131	207	0	5	0.51	194.8	974.0	0.3333333333333333
24132	141	0	5	0.345	124.0	620.0	0.3333333333333333
24133	258	0	5	0.6375	101.8	509.0	0.6666666666666666
24134	190	0	5	0.4675	98.0	490.0	0.3333333333333333
24135	170	0	5	0.4175	72.0	360.0	0.6666666666666666
24136	183	0	5	0.45	93.8	469.0	0.6666666666666666
24137	218	0	5	0.5375	158.8	794.0	0.3333333333333333
24138	84	0	5	0.2025	82.0	410.0	0.0
24139	101	0	5	0.245	94.6	473.0	0.3333333333333333
24140	5	0	5	0.005	3.0	15.0	0.0
24141	78	0	5	0.1875	63.4	317.0	0.3333333333333333
24142	56	0	5	0.1325	54.0	270.0	0.0
24143	260	0	5	0.6425	248.0	1240.0	0.6666666666666666
24144	329	0	5	0.815	280.8	1404.0	0.3333333333333333
24145	372	0	5	0.9225	146.0	730.0	0.6666666666666666
24146	228	0	5	0.5625	226.0	1130.0	0.0
24147	305	0	5	0.755	137.2	686.0	0.3333333333333333
24148	311	0	5	0.77	198.0	990.0	0.6666666666666666
24149	236	1	4	0.5875	138.8	694.0	1.0
24150	232	0	5	0.5725	159.8	799.0	0.3333333333333333
24151	288	1	4	0.7175	200.0	1000.0	1.0
24152	129	0	5	0.315	118.0	590.0	0.0
24153	94	1	3	0.2325	59.2	296.0	1.0
24154	25	0	5	0.055	23.0	115.0	0.0
24155	269	0	5	0.665	85.8	429.0	0.3333333333333333
24156	288	0	5	0.7125	174.2	871.0	0.3333333333333333
24157	267	0	5	0.66	259.6	1298.0	0.3333333333333333
24158	360	1	4	0.8975	144.0	720.0	1.0
24159	73	0	5	0.175	71.0	355.0	0.0
24160	217	0	5	0.535	164.0	820.0	0.3333333333333333
24161	51	0	5	0.12	39.0	195.0	0.0
24162	222	0	5	0.5475	184.4	922.0	0.3333333333333333
24163	81	0	5	0.195	79.0	395.0	0.0
24164	389	1	4	0.97	154.6	773.0	1.0
24165	258	0	5	0.6375	241.6	1208.0	0.0
24166	117	0	5	0.285	98.2	491.0	0.3333333333333333
24167	159	0	5	0.39	92.6	463.0	0.6666666666666666
24168	389	0	5	0.965	282.4	1412.0	0.6666666666666666
24169	145	0	5	0.355	68.6	343.0	0.3333333333333333
24170	179	0	5	0.44	177.0	885.0	0.0
24171	149	0	5	0.365	39.8	199.0	0.6666666666666666
24172	186	0	5	0.4575	177.6	888.0	0.3333333333333333
24173	161	0	5	0.395	81.6	408.0	0.3333333333333333
24174	60	0	5	0.1425	47.8	239.0	0.3333333333333333
24175	204	0	5	0.5025	77.6	388.0	0.6666666666666666
24176	380	1	4	0.9475	253.6	1268.0	1.0
24177	100	0	5	0.2425	84.8	424.0	0.3333333333333333
24178	346	0	5	0.8575	224.4	1122.0	0.6666666666666666
24179	285	0	5	0.705	121.4	607.0	0.3333333333333333
24180	309	0	5	0.765	185.6	928.0	0.6666666666666666
24181	112	0	5	0.2725	61.0	305.0	0.3333333333333333
24182	386	0	5	0.9575	272.6	1363.0	0.6666666666666666
24183	91	0	5	0.22	74.8	374.0	0.0
24184	288	0	5	0.7125	120.4	602.0	0.0
24185	212	0	5	0.5225	123.0	615.0	0.0
24186	275	0	5	0.68	273.0	1365.0	0.0
24187	128	0	5	0.3125	50.8	254.0	0.3333333333333333
24188	236	0	5	0.5825	222.8	1114.0	0.3333333333333333
24189	236	0	5	0.5825	201.0	1005.0	0.3333333333333333
24190	211	0	5	0.52	200.4	1002.0	0.3333333333333333
24191	24	0	5	0.0525	22.0	110.0	0.0
24192	107	0	5	0.26	74.6	373.0	0.3333333333333333
24193	272	0	5	0.6725	164.0	820.0	0.3333333333333333
24194	16	0	5	0.0325	14.0	70.0	0.0
24195	250	0	5	0.6175	248.0	1240.0	0.3333333333333333
24196	144	0	5	0.3525	141.6	708.0	0.3333333333333333
24197	100	0	5	0.2425	98.0	490.0	0.0
24198	351	0	5	0.87	214.6	1073.0	0.6666666666666666
24199	132	0	5	0.3225	102.2	511.0	0.3333333333333333
24200	385	1	4	0.96	168.2	841.0	1.0
24201	181	0	5	0.445	104.8	524.0	0.3333333333333333
24202	149	0	5	0.365	134.6	673.0	0.6666666666666666
24203	246	0	5	0.6075	205.2	1026.0	0.0
24204	372	0	5	0.9225	263.2	1316.0	0.6666666666666666
24205	208	0	5	0.5125	177.8	889.0	0.3333333333333333
24206	399	0	5	0.99	240.8	1204.0	0.6666666666666666
24207	275	0	5	0.68	107.2	536.0	0.6666666666666666
24208	4	0	5	0.0025	2.0	10.0	0.0
24209	376	0	5	0.9325	215.8	1079.0	0.6666666666666666
24210	155	0	5	0.38	149.0	745.0	0.3333333333333333
24211	59	0	5	0.14	31.4	157.0	0.0
24212	99	0	5	0.24	97.0	485.0	0.3333333333333333
24213	111	0	5	0.27	109.0	545.0	0.0
24214	375	1	4	0.935	154.8	774.0	1.0
24215	391	0	5	0.97	252.8	1264.0	0.6666666666666666
24216	365	0	5	0.905	176.0	880.0	0.6666666666666666
24217	279	0	5	0.69	262.6	1313.0	0.3333333333333333
24218	190	0	5	0.4675	143.6	718.0	0.6666666666666666
24219	237	0	5	0.585	100.6	503.0	0.3333333333333333
24220	374	0	5	0.9275	195.8	979.0	0.6666666666666666
24221	299	1	4	0.745	236.0	1180.0	1.0
24222	164	0	5	0.4025	146.0	730.0	0.0
24223	212	1	4	0.5275	58.4	292.0	1.0
24224	254	0	5	0.6275	205.2	1026.0	0.3333333333333333
24225	113	0	5	0.275	54.6	273.0	0.0
24226	55	0	5	0.13	14.6	73.0	0.0
24227	265	0	5	0.655	111.4	557.0	0.6666666666666666
24228	72	0	5	0.1725	64.0	320.0	0.3333333333333333
24229	147	0	5	0.36	126.2	631.0	0.6666666666666666
24230	79	0	5	0.19	59.4	297.0	0.3333333333333333
24231	391	0	5	0.97	147.4	737.0	0.6666666666666666
24232	260	0	5	0.6425	126.0	630.0	0.3333333333333333
24233	201	0	5	0.495	48.6	243.0	0.3333333333333333
24234	138	0	5	0.3375	122.0	610.0	0.0
24235	146	0	5	0.3575	141.0	705.0	0.3333333333333333
24236	213	0	5	0.525	144.0	720.0	0.3333333333333333
24237	354	0	5	0.8775	142.2	711.0	0.6666666666666666
24238	380	0	5	0.9425	206.0	1030.0	0.6666666666666666
24239	236	0	5	0.5825	193.2	966.0	0.3333333333333333
24240	358	0	5	0.8875	155.6	778.0	0.6666666666666666
24241	345	0	5	0.855	82.0	410.0	0.6666666666666666
24242	75	0	5	0.18	73.0	365.0	0.0
24243	238	0	5	0.5875	193.0	965.0	0.3333333333333333
24244	5	0	5	0.005	3.0	15.0	0.0
24245	77	0	5	0.185	75.0	375.0	0.0
24246	130	0	5	0.3175	85.6	428.0	0.3333333333333333
24247	399	0	5	0.99	216.2	1081.0	0.6666666666666666
24248	262	0	5	0.6475	113.6	568.0	0.0
24249	199	0	5	0.49	123.4	617.0	0.3333333333333333
24250	266	0	5	0.6575	70.4	352.0	0.3333333333333333
24251	311	0	5	0.77	188.6	943.0	0.6666666666666666
24252	289	0	5	0.715	88.6	443.0	0.6666666666666666
24253	71	0	5	0.17	69.0	345.0	0.0
24254	276	0	5	0.6825	131.4	657.0	0.6666666666666666
24255	257	0	5	0.635	168.0	840.0	0.6666666666666666
24256	203	0	5	0.5	101.8	509.0	0.3333333333333333
24257	337	0	5	0.835	132.6	663.0	0.6666666666666666
24258	401	0	5	0.995	83.0	415.0	0.6666666666666666
24259	379	0	5	0.94	222.6	1113.0	0.3333333333333333
24260	12	0	5	0.0225	10.0	50.0	0.0
24261	45	0	5	0.105	43.0	215.0	0.0
24262	234	0	5	0.5775	121.0	605.0	0.3333333333333333
24263	141	0	5	0.345	139.0	695.0	0.0
24264	202	0	5	0.4975	196.0	980.0	0.6666666666666666
24265	71	0	5	0.17	69.0	345.0	0.0
24266	51	0	5	0.12	49.0	245.0	0.0
24267	219	0	5	0.54	125.4	627.0	0.6666666666666666
24268	191	0	5	0.47	189.0	945.0	0.0
24269	277	0	5	0.685	187.2	936.0	0.3333333333333333
24270	120	0	5	0.2925	98.8	494.0	0.0
24271	183	0	5	0.45	141.6	708.0	0.3333333333333333
24272	398	0	5	0.9875	191.6	958.0	0.6666666666666666
24273	50	0	5	0.1175	31.2	156.0	0.3333333333333333
24274	90	0	5	0.2175	72.6	363.0	0.3333333333333333
24275	253	0	5	0.625	128.8	644.0	0.6666666666666666
24276	381	0	5	0.945	183.2	916.0	0.6666666666666666
24277	364	0	5	0.9025	144.6	723.0	0.6666666666666666
24278	204	0	5	0.5025	69.6	348.0	0.6666666666666666
24279	253	0	5	0.625	165.4	827.0	0.0
24280	398	0	5	0.9875	374.8	1874.0	0.6666666666666666
24281	231	0	5	0.57	171.4	857.0	0.6666666666666666
24282	254	0	5	0.6275	214.0	1070.0	0.6666666666666666
24283	41	0	5	0.095	39.0	195.0	0.0
24284	93	0	5	0.225	53.2	266.0	0.0
24285	354	0	5	0.8775	147.0	735.0	0.6666666666666666
24286	23	0	5	0.05	21.0	105.0	0.0
24287	380	0	5	0.9425	140.0	700.0	0.6666666666666666
24288	353	1	4	0.88	235.2	1176.0	1.0
24289	252	0	5	0.6225	130.4	652.0	0.6666666666666666
24290	229	0	5	0.565	81.0	405.0	0.6666666666666666
24291	316	0	5	0.7825	230.8	1154.0	0.3333333333333333
24292	61	0	5	0.145	59.0	295.0	0.0
24293	319	0	5	0.79	85.0	425.0	0.6666666666666666
24294	386	1	4	0.9625	138.0	690.0	1.0
24295	127	0	5	0.31	81.2	406.0	0.3333333333333333
24296	43	0	5	0.1	23.0	115.0	0.0
24297	157	0	5	0.385	139.4	697.0	0.0
24298	196	0	5	0.4825	194.0	970.0	0.0
24299	56	0	5	0.1325	54.0	270.0	0.0
24300	97	0	5	0.235	46.8	234.0	0.6666666666666666
24301	220	0	5	0.5425	154.8	774.0	0.0
24302	123	0	5	0.3	78.6	393.0	0.3333333333333333
24303	139	0	5	0.34	102.6	513.0	0.3333333333333333
24304	319	0	5	0.79	143.6	718.0	0.3333333333333333
24305	366	0	5	0.9075	107.6	538.0	0.6666666666666666
24306	229	0	5	0.565	133.4	667.0	0.0
24307	257	0	5	0.635	169.2	846.0	0.6666666666666666
24308	66	0	5	0.1575	27.4	137.0	0.3333333333333333
24309	263	0	5	0.65	171.4	857.0	0.3333333333333333
24310	300	1	4	0.7475	244.6	1223.0	1.0
24311	292	0	5	0.7225	240.8	1204.0	0.3333333333333333
24312	26	0	5	0.0575	24.0	120.0	0.0
24313	91	0	5	0.22	75.0	375.0	0.3333333333333333
24314	75	0	5	0.18	49.0	245.0	0.3333333333333333
24315	388	1	4	0.9675	230.0	1150.0	1.0
24316	197	0	5	0.485	182.8	914.0	0.3333333333333333
24317	394	0	5	0.9775	351.6	1758.0	0.6666666666666666
24318	328	0	5	0.8125	107.6	538.0	0.6666666666666666
24319	396	0	5	0.9825	216.0	1080.0	0.6666666666666666
24320	320	0	5	0.7925	133.4	667.0	0.6666666666666666
24321	191	0	5	0.47	189.0	945.0	0.0
24322	374	1	4	0.9325	253.2	1266.0	1.0
24323	340	0	5	0.8425	146.6	733.0	0.6666666666666666
24324	307	0	5	0.76	137.6	688.0	0.6666666666666666
24325	389	0	5	0.965	187.6	938.0	0.6666666666666666
24326	104	0	5	0.2525	102.0	510.0	0.0
24327	19	0	5	0.04	17.0	85.0	0.0
24328	350	0	5	0.8675	188.0	940.0	0.6666666666666666
24329	190	0	5	0.4675	164.6	823.0	0.3333333333333333
24330	117	0	5	0.285	59.0	295.0	0.3333333333333333
24331	157	0	5	0.385	155.0	775.0	0.0
24332	307	0	5	0.76	249.4	1247.0	0.6666666666666666
24333	283	0	5	0.7	183.0	915.0	0.3333333333333333
24334	201	0	5	0.495	174.6	873.0	0.3333333333333333
24335	226	0	5	0.5575	175.8	879.0	0.3333333333333333
24336	392	0	5	0.9725	278.6	1393.0	0.6666666666666666
24337	101	0	5	0.245	39.8	199.0	0.3333333333333333
24338	220	0	5	0.5425	142.8	714.0	0.3333333333333333
24339	209	0	5	0.515	114.0	570.0	0.0
24340	377	0	5	0.935	162.2	811.0	0.6666666666666666
24341	296	0	5	0.7325	126.8	634.0	0.6666666666666666
24342	314	0	5	0.7775	241.6	1208.0	0.0
24343	21	0	5	0.045	16.6	83.0	0.0
24344	164	0	5	0.4025	87.6	438.0	0.6666666666666666
24345	23	0	5	0.05	21.0	105.0	0.0
24346	229	0	5	0.565	134.6	673.0	0.6666666666666666
24347	378	1	3	0.9425	170.8	854.0	1.0
24348	35	0	5	0.08	11.0	55.0	0.3333333333333333
24349	20	0	5	0.0425	13.6	68.0	0.0
24350	101	0	5	0.245	51.0	255.0	0.3333333333333333
24351	110	1	4	0.2725	98.0	490.0	1.0
24352	215	0	5	0.53	207.8	1039.0	0.0
24353	306	0	5	0.7575	149.0	745.0	0.3333333333333333
24354	234	0	5	0.5775	123.8	619.0	0.3333333333333333
24355	361	0	5	0.895	176.4	882.0	0.6666666666666666
24356	138	0	5	0.3375	93.4	467.0	0.3333333333333333
24357	9	0	5	0.015	7.0	35.0	0.0
24358	202	0	5	0.4975	92.8	464.0	0.3333333333333333
24359	284	0	5	0.7025	198.2	991.0	0.6666666666666666
24360	370	0	5	0.9175	200.6	1003.0	0.6666666666666666
24361	364	0	5	0.9025	287.8	1439.0	0.6666666666666666
24362	47	0	5	0.11	30.8	154.0	0.6666666666666666
24363	45	0	5	0.105	43.0	215.0	0.0
24364	274	0	5	0.6775	192.8	964.0	0.6666666666666666
24365	220	0	5	0.5425	178.2	891.0	0.6666666666666666
24366	103	0	5	0.25	101.0	505.0	0.0
24367	156	0	5	0.3825	44.4	222.0	0.3333333333333333
24368	113	0	5	0.275	95.2	476.0	0.0
24369	327	0	5	0.81	218.4	1092.0	0.0
24370	125	0	5	0.305	106.2	531.0	0.3333333333333333
24371	287	0	5	0.71	153.4	767.0	0.6666666666666666
24372	138	0	5	0.3375	136.0	680.0	0.0
24373	252	0	5	0.6225	86.2	431.0	0.3333333333333333
24374	342	1	4	0.8525	127.6	638.0	1.0
24375	359	0	5	0.89	268.0	1340.0	0.6666666666666666
24376	225	0	5	0.555	185.0	925.0	0.3333333333333333
24377	75	0	5	0.18	38.6	193.0	0.6666666666666666
24378	224	0	5	0.5525	190.6	953.0	0.3333333333333333
24379	214	0	5	0.5275	212.0	1060.0	0.0
24380	130	0	5	0.3175	68.6	343.0	0.0
24381	170	1	4	0.4225	127.8	639.0	1.0
24382	370	0	5	0.9175	104.2	521.0	0.6666666666666666
24383	158	0	5	0.3875	98.8	494.0	0.3333333333333333
24384	76	0	5	0.1825	50.0	250.0	0.0
24385	169	0	5	0.415	142.2	711.0	0.3333333333333333
24386	96	0	5	0.2325	87.4	437.0	0.3333333333333333
24387	279	0	5	0.69	146.0	730.0	0.3333333333333333
24388	203	0	5	0.5	137.0	685.0	0.3333333333333333
24389	101	0	5	0.245	55.8	279.0	0.6666666666666666
24390	39	0	5	0.09	36.6	183.0	0.0
24391	355	0	5	0.88	204.0	1020.0	0.6666666666666666
24392	170	0	5	0.4175	70.0	350.0	0.6666666666666666
24393	104	0	5	0.2525	85.8	429.0	0.3333333333333333
24394	395	0	5	0.98	155.2	776.0	0.6666666666666666
24395	22	0	5	0.0475	20.0	100.0	0.0
24396	94	0	5	0.2275	92.0	460.0	0.0
24397	247	0	5	0.61	214.4	1072.0	0.3333333333333333
24398	354	0	5	0.8775	222.2	1111.0	0.6666666666666666
24399	290	1	4	0.7225	138.8	694.0	1.0
24400	188	0	5	0.4625	109.2	546.0	0.0
24401	370	0	5	0.9175	271.8	1359.0	0.6666666666666666
24402	166	0	5	0.4075	154.8	774.0	0.3333333333333333
24403	375	0	5	0.93	223.8	1119.0	0.6666666666666666
24404	120	0	5	0.2925	89.8	449.0	0.3333333333333333
24405	135	0	5	0.33	46.6	233.0	0.3333333333333333
24406	146	0	5	0.3575	67.2	336.0	0.3333333333333333
24407	9	0	5	0.015	7.0	35.0	0.0
24408	377	0	5	0.935	212.2	1061.0	0.3333333333333333
24409	136	0	5	0.3325	134.0	670.0	0.0
24410	225	0	5	0.555	189.0	945.0	0.0
24411	142	0	5	0.3475	56.2	281.0	0.3333333333333333
24412	141	0	5	0.345	137.4	687.0	0.0
24413	86	0	5	0.2075	84.0	420.0	0.3333333333333333
24414	336	0	5	0.8325	140.4	702.0	0.6666666666666666
24415	81	0	5	0.195	48.2	241.0	0.0
24416	364	0	5	0.9025	291.2	1456.0	0.0
24417	337	0	5	0.835	188.8	944.0	0.6666666666666666
24418	384	1	4	0.9575	134.4	672.0	1.0
24419	10	0	5	0.0175	8.0	40.0	0.0
24420	56	0	5	0.1325	34.0	170.0	0.6666666666666666
24421	371	0	5	0.92	234.8	1174.0	0.6666666666666666
24422	251	0	5	0.62	180.8	904.0	0.6666666666666666
24423	218	0	5	0.5375	59.2	296.0	0.6666666666666666
24424	54	0	5	0.1275	13.6	68.0	0.3333333333333333
24425	198	0	5	0.4875	196.0	980.0	0.0
24426	221	0	5	0.545	193.4	967.0	0.3333333333333333
24427	156	0	5	0.3825	140.8	704.0	0.3333333333333333
24428	343	0	5	0.85	259.6	1298.0	0.6666666666666666
24429	178	0	5	0.4375	117.6	588.0	0.3333333333333333
24430	248	0	5	0.6125	143.2	716.0	0.6666666666666666
24431	286	0	5	0.7075	137.0	685.0	0.0
24432	86	0	5	0.2075	23.0	115.0	0.3333333333333333
24433	305	0	5	0.755	173.0	865.0	0.3333333333333333
24434	229	0	5	0.565	136.8	684.0	0.3333333333333333
24435	342	0	5	0.8475	236.2	1181.0	0.6666666666666666
24436	120	0	5	0.2925	54.8	274.0	0.3333333333333333
24437	156	0	5	0.3825	102.4	512.0	0.6666666666666666
24438	218	0	5	0.5375	118.6	593.0	0.6666666666666666
24439	322	0	5	0.7975	132.8	664.0	0.3333333333333333
24440	345	0	5	0.855	141.2	706.0	0.6666666666666666
24441	249	0	5	0.615	151.2	756.0	0.6666666666666666
24442	154	0	5	0.3775	152.0	760.0	0.0
24443	216	0	5	0.5325	187.6	938.0	0.0
24444	192	0	5	0.4725	99.2	496.0	0.6666666666666666
24445	45	0	5	0.105	42.6	213.0	0.0
24446	396	0	5	0.9825	277.2	1386.0	0.6666666666666666
24447	69	0	5	0.165	67.0	335.0	0.0
24448	278	0	5	0.6875	152.6	763.0	0.6666666666666666
24449	258	0	5	0.6375	198.0	990.0	0.3333333333333333
24450	92	0	5	0.2225	84.6	423.0	0.0
24451	67	0	5	0.16	52.2	261.0	0.0
24452	355	0	5	0.88	195.4	977.0	0.3333333333333333
24453	99	0	5	0.24	45.8	229.0	0.6666666666666666
24454	98	0	5	0.2375	96.0	480.0	0.0
24455	52	0	5	0.1225	47.0	235.0	0.3333333333333333
24456	139	0	5	0.34	137.0	685.0	0.3333333333333333
24457	27	0	5	0.06	25.0	125.0	0.0
24458	134	0	5	0.3275	80.8	404.0	0.3333333333333333
24459	399	0	5	0.99	341.4	1707.0	0.6666666666666666
24460	118	0	5	0.2875	88.0	440.0	0.3333333333333333
24461	230	1	4	0.5725	88.8	444.0	1.0
24462	260	0	5	0.6425	154.0	770.0	0.3333333333333333
24463	185	0	5	0.455	167.6	838.0	0.3333333333333333
24464	13	0	5	0.025	11.0	55.0	0.0
24465	23	0	5	0.05	21.0	105.0	0.0
24466	83	0	5	0.2	39.0	195.0	0.0
24467	359	1	4	0.895	290.0	1450.0	1.0
24468	362	0	5	0.8975	185.8	929.0	0.6666666666666666
24469	218	0	5	0.5375	210.4	1052.0	0.3333333333333333
24470	358	0	5	0.8875	312.8	1564.0	0.6666666666666666
24471	299	0	5	0.74	78.4	392.0	0.6666666666666666
24472	41	0	5	0.095	39.0	195.0	0.0
24473	241	0	5	0.595	166.0	830.0	0.6666666666666666
24474	216	0	5	0.5325	214.0	1070.0	0.0
24475	157	0	5	0.385	120.0	600.0	0.3333333333333333
24476	185	0	5	0.455	97.8	489.0	0.3333333333333333
24477	92	0	5	0.2225	84.0	420.0	0.0
24478	361	1	4	0.9	193.6	968.0	1.0
24479	187	0	5	0.46	111.6	558.0	0.3333333333333333
24480	369	1	4	0.92	182.8	914.0	1.0
24481	323	0	5	0.8	204.2	1021.0	0.3333333333333333
24482	201	0	5	0.495	161.8	809.0	0.3333333333333333
24483	117	0	5	0.285	62.8	314.0	0.3333333333333333
24484	51	0	5	0.12	49.0	245.0	0.0
24485	164	0	5	0.4025	162.0	810.0	0.0
24486	223	0	5	0.55	145.8	729.0	0.3333333333333333
24487	348	0	5	0.8625	173.0	865.0	0.6666666666666666
24488	63	0	5	0.15	40.2	201.0	0.0
24489	353	0	5	0.875	248.2	1241.0	0.6666666666666666
24490	33	0	5	0.075	19.0	95.0	0.3333333333333333
24491	4	0	5	0.0025	2.0	10.0	0.0
24492	105	0	5	0.255	78.4	392.0	0.0
24493	167	0	5	0.41	90.0	450.0	0.3333333333333333
24494	183	0	5	0.45	177.0	885.0	0.3333333333333333
24495	180	0	5	0.4425	136.0	680.0	0.3333333333333333
24496	370	0	5	0.9175	203.2	1016.0	0.6666666666666666
24497	74	0	5	0.1775	43.8	219.0	0.3333333333333333
24498	259	0	5	0.64	156.2	781.0	0.6666666666666666
24499	271	0	5	0.67	202.2	1011.0	0.3333333333333333
24500	23	0	5	0.05	21.0	105.0	0.0
24501	229	0	5	0.565	135.8	679.0	0.0
24502	54	0	5	0.1275	52.0	260.0	0.0
24503	140	0	5	0.3425	69.6	348.0	0.3333333333333333
24504	95	0	5	0.23	28.4	142.0	0.3333333333333333
24505	148	0	5	0.3625	94.6	473.0	0.6666666666666666
24506	161	1	4	0.4	152.0	760.0	1.0
24507	154	0	5	0.3775	145.6	728.0	0.3333333333333333
24508	320	0	5	0.7925	96.4	482.0	0.3333333333333333
24509	133	0	5	0.325	113.2	566.0	0.3333333333333333
24510	378	0	5	0.9375	169.0	845.0	0.6666666666666666
24511	228	0	5	0.5625	116.2	581.0	0.3333333333333333
24512	175	0	5	0.43	129.8	649.0	0.3333333333333333
24513	20	0	5	0.0425	18.0	90.0	0.0
24514	353	0	5	0.875	207.2	1036.0	0.3333333333333333
24515	368	0	5	0.9125	199.6	998.0	0.3333333333333333
24516	158	0	5	0.3875	156.0	780.0	0.0
24517	194	0	5	0.4775	62.4	312.0	0.3333333333333333
24518	5	0	5	0.005	3.0	15.0	0.0
24519	374	0	5	0.9275	113.6	568.0	0.6666666666666666
24520	196	0	5	0.4825	96.6	483.0	0.6666666666666666
24521	91	0	5	0.22	56.2	281.0	0.6666666666666666
24522	266	0	5	0.6575	171.2	856.0	0.6666666666666666
24523	264	0	5	0.6525	192.8	964.0	0.6666666666666666
24524	354	0	5	0.8775	246.4	1232.0	0.3333333333333333
24525	341	1	4	0.85	94.2	471.0	1.0
24526	31	1	4	0.075	11.0	55.0	1.0
24527	34	0	5	0.0775	27.8	139.0	0.0
24528	278	0	5	0.6875	183.6	918.0	0.3333333333333333
24529	132	0	5	0.3225	125.2	626.0	0.3333333333333333
24530	119	0	5	0.29	102.2	511.0	0.0
24531	278	0	5	0.6875	176.2	881.0	0.6666666666666666
24532	270	0	5	0.6675	142.2	711.0	0.3333333333333333
24533	131	0	5	0.32	55.6	278.0	0.3333333333333333
24534	189	0	5	0.465	87.8	439.0	0.6666666666666666
24535	282	0	5	0.6975	211.8	1059.0	0.6666666666666666
24536	223	0	5	0.55	154.6	773.0	0.6666666666666666
24537	308	0	5	0.7625	257.0	1285.0	0.3333333333333333
24538	299	0	5	0.74	196.2	981.0	0.3333333333333333
24539	391	0	5	0.97	285.8	1429.0	0.6666666666666666
24540	393	0	5	0.975	115.8	579.0	0.6666666666666666
24541	322	0	5	0.7975	150.4	752.0	0.3333333333333333
24542	285	0	5	0.705	189.8	949.0	0.3333333333333333
24543	397	0	5	0.985	243.6	1218.0	0.6666666666666666
24544	210	0	5	0.5175	94.0	470.0	0.3333333333333333
24545	345	1	4	0.86	132.0	660.0	1.0
24546	61	0	5	0.145	47.8	239.0	0.3333333333333333
24547	241	0	5	0.595	197.0	985.0	0.3333333333333333
24548	274	0	5	0.6775	122.8	614.0	0.6666666666666666
24549	359	0	5	0.89	114.8	574.0	0.6666666666666666
24550	75	0	5	0.18	65.8	329.0	0.0
24551	353	0	5	0.875	188.4	942.0	0.3333333333333333
24552	158	0	5	0.3875	100.0	500.0	0.3333333333333333
24553	241	1	4	0.6	198.6	993.0	1.0
24554	127	0	5	0.31	109.4	547.0	0.0
24555	324	1	4	0.8075	139.2	696.0	1.0
24556	396	1	4	0.9875	192.2	961.0	1.0
24557	150	0	5	0.3675	112.6	563.0	0.3333333333333333
24558	360	1	4	0.8975	107.2	536.0	1.0
24559	179	0	5	0.44	142.6	713.0	0.6666666666666666
24560	238	0	5	0.5875	185.6	928.0	0.6666666666666666
24561	60	0	5	0.1425	58.0	290.0	0.3333333333333333
24562	372	0	5	0.9225	173.6	868.0	0.6666666666666666
24563	350	0	5	0.8675	158.6	793.0	0.6666666666666666
24564	151	0	5	0.37	97.0	485.0	0.0
24565	313	0	5	0.775	180.6	903.0	0.3333333333333333
24566	349	0	5	0.865	270.2	1351.0	0.3333333333333333
24567	35	0	5	0.08	33.0	165.0	0.0
24568	161	0	5	0.395	53.4	267.0	0.3333333333333333
24569	104	1	4	0.2575	52.4	262.0	1.0
24570	106	0	5	0.2575	63.2	316.0	0.0
24571	56	0	5	0.1325	52.4	262.0	0.3333333333333333
24572	237	0	5	0.585	170.6	853.0	0.6666666666666666
24573	282	0	5	0.6975	163.4	817.0	0.3333333333333333
24574	130	0	5	0.3175	57.0	285.0	0.3333333333333333
24575	343	0	5	0.85	179.4	897.0	0.6666666666666666
24576	322	0	5	0.7975	193.6	968.0	0.3333333333333333
24577	376	0	5	0.9325	188.2	941.0	0.6666666666666666
24578	77	0	5	0.185	54.6	273.0	0.0
24579	75	0	5	0.18	73.0	365.0	0.0
24580	197	0	5	0.485	90.6	453.0	0.6666666666666666
24581	350	1	4	0.8725	168.6	843.0	1.0
24582	284	0	5	0.7025	222.4	1112.0	0.3333333333333333
24583	216	0	5	0.5325	84.4	422.0	0.3333333333333333
24584	44	0	5	0.1025	18.8	94.0	0.0
24585	138	0	5	0.3375	89.6	448.0	0.6666666666666666
24586	313	0	5	0.775	145.4	727.0	0.6666666666666666
24587	208	1	4	0.5175	167.0	835.0	1.0
24588	13	0	5	0.025	11.0	55.0	0.0
24589	199	0	5	0.49	155.4	777.0	0.3333333333333333
24590	278	0	5	0.6875	89.8	449.0	0.3333333333333333
24591	197	1	4	0.49	168.6	843.0	1.0
24592	130	0	5	0.3175	122.6	613.0	0.0
24593	114	0	5	0.2775	85.0	425.0	0.3333333333333333
24594	123	0	5	0.3	89.8	449.0	0.0
24595	8	0	5	0.0125	6.0	30.0	0.0
24596	222	0	5	0.5475	159.8	799.0	0.3333333333333333
24597	191	0	5	0.47	160.4	802.0	0.0
24598	164	0	5	0.4025	80.0	400.0	0.3333333333333333
24599	362	0	5	0.8975	316.8	1584.0	0.3333333333333333
24600	381	0	5	0.945	236.8	1184.0	0.3333333333333333
24601	357	0	5	0.885	204.2	1021.0	0.6666666666666666
24602	316	0	5	0.7825	133.8	669.0	0.6666666666666666
24603	368	0	5	0.9125	279.4	1397.0	0.6666666666666666
24604	132	0	5	0.3225	59.6	298.0	0.6666666666666666
24605	77	0	5	0.185	67.8	339.0	0.0
24606	207	0	5	0.51	101.0	505.0	0.3333333333333333
24607	11	0	5	0.02	9.0	45.0	0.0
24608	59	0	5	0.14	57.0	285.0	0.0
24609	237	0	5	0.585	224.2	1121.0	0.3333333333333333
24610	276	0	5	0.6825	225.2	1126.0	0.3333333333333333
24611	153	0	5	0.375	106.4	532.0	0.3333333333333333
24612	173	0	5	0.425	158.8	794.0	0.0
24613	216	0	5	0.5325	209.4	1047.0	0.3333333333333333
24614	318	1	4	0.7925	102.8	514.0	1.0
24615	112	0	5	0.2725	80.4	402.0	0.0
24616	199	0	5	0.49	158.8	794.0	0.3333333333333333
24617	258	0	5	0.6375	154.4	772.0	0.3333333333333333
24618	86	0	5	0.2075	84.0	420.0	0.0
24619	336	0	5	0.8325	112.4	562.0	0.6666666666666666
24620	294	0	5	0.7275	179.8	899.0	0.6666666666666666
24621	400	0	5	0.9925	276.4	1382.0	0.6666666666666666
24622	298	0	5	0.7375	201.2	1006.0	0.6666666666666666
24623	236	0	5	0.5825	208.2	1041.0	0.3333333333333333
24624	168	0	5	0.4125	166.0	830.0	0.0
24625	202	1	4	0.5025	86.8	434.0	1.0
24626	248	0	5	0.6125	177.0	885.0	0.3333333333333333
24627	398	1	4	0.9925	185.0	925.0	1.0
24628	93	0	5	0.225	59.0	295.0	0.3333333333333333
24629	255	0	5	0.63	178.0	890.0	0.0
24630	78	0	5	0.1875	76.0	380.0	0.0
24631	136	0	5	0.3325	50.4	252.0	0.6666666666666666
24632	314	0	5	0.7775	262.4	1312.0	0.0
24633	166	0	5	0.4075	139.2	696.0	0.0
24634	206	0	5	0.5075	97.2	486.0	0.3333333333333333
24635	239	0	5	0.59	123.6	618.0	0.3333333333333333
24636	205	0	5	0.505	135.0	675.0	0.3333333333333333
24637	97	0	5	0.235	95.0	475.0	0.0
24638	146	0	5	0.3575	127.2	636.0	0.0
24639	149	0	5	0.365	79.8	399.0	0.6666666666666666
24640	332	0	5	0.8225	148.2	741.0	0.6666666666666666
24641	321	0	5	0.795	135.6	678.0	0.6666666666666666
24642	326	0	5	0.8075	208.2	1041.0	0.3333333333333333
24643	37	0	5	0.085	8.6	43.0	0.3333333333333333
24644	121	0	5	0.295	119.0	595.0	0.0
24645	189	0	5	0.465	173.4	867.0	0.0
24646	178	0	5	0.4375	102.4	512.0	0.0
24647	171	0	5	0.42	70.4	352.0	0.3333333333333333
24648	269	1	4	0.67	185.8	929.0	1.0
24649	90	0	5	0.2175	36.8	184.0	0.3333333333333333
24650	113	0	5	0.275	83.8	419.0	0.3333333333333333
24651	164	0	5	0.4025	139.6	698.0	0.3333333333333333
24652	173	0	5	0.425	155.8	779.0	0.3333333333333333
24653	251	0	5	0.62	187.8	939.0	0.3333333333333333
24654	224	0	5	0.5525	140.0	700.0	0.3333333333333333
24655	175	0	5	0.43	122.2	611.0	0.3333333333333333
24656	150	1	4	0.3725	48.4	242.0	1.0
24657	277	0	5	0.685	156.0	780.0	0.0
24658	242	0	5	0.5975	85.0	425.0	0.6666666666666666
24659	201	0	5	0.495	133.4	667.0	0.0
24660	180	0	5	0.4425	84.4	422.0	0.3333333333333333
24661	293	0	5	0.725	86.6	433.0	0.6666666666666666
24662	178	0	5	0.4375	92.8	464.0	0.3333333333333333
24663	336	0	5	0.8325	143.0	715.0	0.6666666666666666
24664	305	0	5	0.755	195.0	975.0	0.6666666666666666
24665	401	0	4	0.9975	127.2	636.0	0.6666666666666666
24666	284	0	5	0.7025	228.0	1140.0	0.3333333333333333
24667	279	0	5	0.69	184.4	922.0	0.3333333333333333
24668	304	0	5	0.7525	186.0	930.0	0.6666666666666666
24669	97	0	5	0.235	59.2	296.0	0.3333333333333333
24670	265	0	5	0.655	176.6	883.0	0.6666666666666666
24671	185	0	5	0.455	77.4	387.0	0.6666666666666666
24672	180	0	5	0.4425	108.8	544.0	0.0
24673	351	0	5	0.87	195.6	978.0	0.6666666666666666
24674	376	1	4	0.9375	302.2	1511.0	1.0
24675	391	1	4	0.975	376.8	1884.0	1.0
24676	130	0	5	0.3175	117.6	588.0	0.6666666666666666
24677	103	0	5	0.25	54.2	271.0	0.0
24678	97	0	5	0.235	26.2	131.0	0.3333333333333333
24679	284	0	5	0.7025	178.0	890.0	0.6666666666666666
24680	131	0	5	0.32	85.2	426.0	0.3333333333333333
24681	258	0	5	0.6375	156.8	784.0	0.0
24682	249	0	5	0.615	156.2	781.0	0.3333333333333333
24683	334	1	4	0.8325	217.8	1089.0	1.0
24684	372	0	5	0.9225	93.4	467.0	0.6666666666666666
24685	143	0	5	0.35	56.8	284.0	0.0
24686	316	0	5	0.7825	226.4	1132.0	0.0
24687	92	0	5	0.2225	86.4	432.0	0.3333333333333333
24688	307	0	5	0.76	237.8	1189.0	0.3333333333333333
24689	309	0	5	0.765	199.0	995.0	0.6666666666666666
24690	4	0	5	0.0025	2.0	10.0	0.0
24691	45	0	5	0.105	39.8	199.0	0.0
24692	64	0	5	0.1525	62.0	310.0	0.0
24693	101	0	5	0.245	40.8	204.0	0.0
24694	251	0	5	0.62	153.6	768.0	0.3333333333333333
24695	295	1	4	0.735	87.6	438.0	1.0
24696	278	0	5	0.6875	155.0	775.0	0.6666666666666666
24697	382	0	5	0.9475	245.2	1226.0	0.3333333333333333
24698	245	0	5	0.605	125.0	625.0	0.3333333333333333
24699	290	0	5	0.7175	165.2	826.0	0.3333333333333333
24700	390	0	5	0.9675	159.0	795.0	0.6666666666666666
24701	373	1	4	0.93	114.8	574.0	1.0
24702	286	0	5	0.7075	232.0	1160.0	0.3333333333333333
24703	400	0	5	0.9925	162.8	814.0	0.6666666666666666
24704	347	0	5	0.86	217.6	1088.0	0.3333333333333333
24705	134	0	5	0.3275	127.2	636.0	0.3333333333333333
24706	331	0	5	0.82	80.2	401.0	0.6666666666666666
24707	153	0	5	0.375	151.0	755.0	0.0
24708	117	0	5	0.285	115.0	575.0	0.0
24709	262	0	5	0.6475	140.8	704.0	0.6666666666666666
24710	332	0	5	0.8225	129.2	646.0	0.6666666666666666
24711	31	0	5	0.07	13.0	65.0	0.3333333333333333
24712	268	0	5	0.6625	167.6	838.0	0.6666666666666666
24713	292	0	5	0.7225	99.6	498.0	0.3333333333333333
24714	358	0	5	0.8875	186.4	932.0	0.6666666666666666
24715	44	0	5	0.1025	42.0	210.0	0.0
24716	362	0	5	0.8975	267.4	1337.0	0.6666666666666666
24717	187	0	5	0.46	148.4	742.0	0.3333333333333333
24718	302	1	3	0.7525	187.6	938.0	1.0
24719	48	0	5	0.1125	46.0	230.0	0.0
24720	385	0	5	0.955	197.2	986.0	0.6666666666666666
24721	71	0	5	0.17	49.0	245.0	0.0
24722	109	0	5	0.265	107.0	535.0	0.0
24723	170	0	5	0.4175	168.0	840.0	0.0
24724	377	1	4	0.94	300.2	1501.0	1.0
24725	215	0	5	0.53	101.0	505.0	0.3333333333333333
24726	357	0	5	0.885	133.2	666.0	0.6666666666666666
24727	22	0	5	0.0475	20.0	100.0	0.0
24728	319	0	5	0.79	305.0	1525.0	0.6666666666666666
24729	158	0	5	0.3875	126.0	630.0	0.3333333333333333
24730	206	0	5	0.5075	132.4	662.0	0.3333333333333333
24731	142	0	5	0.3475	125.2	626.0	0.0
24732	298	0	5	0.7375	159.4	797.0	0.6666666666666666
24733	236	0	5	0.5825	234.0	1170.0	0.0
24734	8	0	5	0.0125	1.6	8.0	0.3333333333333333
24735	140	0	5	0.3425	122.4	612.0	0.3333333333333333
24736	162	0	5	0.3975	78.4	392.0	0.3333333333333333
24737	132	0	5	0.3225	29.8	149.0	0.3333333333333333
24738	272	0	5	0.6725	184.2	921.0	0.6666666666666666
24739	119	0	5	0.29	50.6	253.0	0.6666666666666666
24740	232	0	5	0.5725	87.0	435.0	0.6666666666666666
24741	90	0	5	0.2175	45.0	225.0	0.3333333333333333
24742	381	1	3	0.95	299.4	1497.0	1.0
24743	124	0	5	0.3025	109.8	549.0	0.3333333333333333
24744	112	0	5	0.2725	61.2	306.0	0.3333333333333333
24745	122	0	5	0.2975	79.4	397.0	0.3333333333333333
24746	392	0	5	0.9725	177.2	886.0	0.6666666666666666
24747	88	0	5	0.2125	36.8	184.0	0.3333333333333333
24748	120	1	4	0.2975	56.0	280.0	1.0
24749	15	0	5	0.03	12.6	63.0	0.3333333333333333
24750	217	0	5	0.535	97.8	489.0	0.6666666666666666
24751	210	0	5	0.5175	44.0	220.0	0.6666666666666666
24752	49	0	5	0.115	47.0	235.0	0.0
24753	78	0	5	0.1875	75.2	376.0	0.0
24754	234	0	5	0.5775	135.6	678.0	0.3333333333333333
24755	264	0	5	0.6525	133.6	668.0	0.6666666666666666
24756	319	1	4	0.795	212.2	1061.0	1.0
24757	164	0	5	0.4025	55.6	278.0	0.6666666666666666
24758	159	0	5	0.39	134.2	671.0	0.3333333333333333
24759	344	0	5	0.8525	191.2	956.0	0.6666666666666666
24760	401	0	4	0.9975	235.4	1177.0	0.6666666666666666
24761	41	0	5	0.095	39.0	195.0	0.0
24762	278	0	5	0.6875	213.4	1067.0	0.3333333333333333
24763	134	0	5	0.3275	82.6	413.0	0.6666666666666666
24764	200	0	5	0.4925	82.2	411.0	0.0
24765	10	0	5	0.0175	8.0	40.0	0.0
24766	270	0	5	0.6675	243.0	1215.0	0.3333333333333333
24767	165	0	5	0.405	43.6	218.0	0.6666666666666666
24768	203	0	5	0.5	89.0	445.0	0.0
24769	366	0	5	0.9075	291.4	1457.0	0.3333333333333333
24770	68	0	5	0.1625	39.8	199.0	0.3333333333333333
24771	156	0	5	0.3825	154.0	770.0	0.3333333333333333
24772	153	0	5	0.375	68.2	341.0	0.6666666666666666
24773	400	0	5	0.9925	148.4	742.0	0.6666666666666666
24774	304	0	5	0.7525	172.6	863.0	0.6666666666666666
24775	231	0	5	0.57	141.6	708.0	0.6666666666666666
24776	72	0	5	0.1725	34.2	171.0	0.3333333333333333
24777	145	0	5	0.355	49.4	247.0	0.6666666666666666
24778	163	0	5	0.4	144.2	721.0	0.3333333333333333
24779	241	0	5	0.595	167.8	839.0	0.6666666666666666
24780	296	0	5	0.7325	206.6	1033.0	0.6666666666666666
24781	265	1	4	0.66	214.2	1071.0	1.0
24782	145	0	5	0.355	128.0	640.0	0.0
24783	14	0	5	0.0275	12.0	60.0	0.0
24784	27	0	5	0.06	21.6	108.0	0.3333333333333333
24785	82	0	5	0.1975	71.4	357.0	0.3333333333333333
24786	182	0	5	0.4475	177.2	886.0	0.0
24787	168	0	5	0.4125	43.6	218.0	0.3333333333333333
24788	31	0	5	0.07	29.0	145.0	0.0
24789	162	0	5	0.3975	76.4	382.0	0.3333333333333333
24790	67	0	5	0.16	28.4	142.0	0.3333333333333333
24791	208	0	5	0.5125	206.0	1030.0	0.0
24792	35	0	5	0.08	28.2	141.0	0.0
24793	290	0	5	0.7175	257.4	1287.0	0.0
24794	74	1	4	0.1825	44.6	223.0	1.0
24795	389	1	4	0.97	148.6	743.0	1.0
24796	322	0	5	0.7975	211.6	1058.0	0.0
24797	369	0	5	0.915	174.2	871.0	0.6666666666666666
24798	383	0	5	0.95	243.2	1216.0	0.6666666666666666
24799	239	0	5	0.59	194.6	973.0	0.0
24800	21	0	5	0.045	19.0	95.0	0.0
24801	57	0	5	0.135	36.0	180.0	0.3333333333333333
24802	210	0	5	0.5175	191.8	959.0	0.0
24803	68	0	5	0.1625	66.0	330.0	0.0
24804	91	0	5	0.22	74.6	373.0	0.3333333333333333
24805	206	0	5	0.5075	114.6	573.0	0.3333333333333333
24806	209	0	5	0.515	134.2	671.0	0.3333333333333333
24807	318	1	4	0.7925	180.4	902.0	1.0
24808	102	0	5	0.2475	100.0	500.0	0.0
24809	124	0	5	0.3025	88.8	444.0	0.3333333333333333
24810	370	0	5	0.9175	310.4	1552.0	0.6666666666666666
24811	120	0	5	0.2925	104.2	521.0	0.0
24812	283	0	5	0.7	182.8	914.0	0.3333333333333333
24813	53	0	5	0.125	37.0	185.0	0.3333333333333333
24814	241	1	4	0.6	84.2	421.0	1.0
24815	7	0	5	0.01	5.0	25.0	0.0
24816	219	0	5	0.54	110.6	553.0	0.0
24817	219	1	4	0.545	77.6	388.0	1.0
24818	361	0	5	0.895	152.4	762.0	0.6666666666666666
24819	205	0	5	0.505	203.0	1015.0	0.0
24820	167	0	5	0.41	101.4	507.0	0.3333333333333333
24821	280	0	5	0.6925	206.8	1034.0	0.6666666666666666
24822	156	0	5	0.3825	78.2	391.0	0.3333333333333333
24823	172	0	5	0.4225	108.0	540.0	0.3333333333333333
24824	261	0	5	0.645	148.6	743.0	0.6666666666666666
24825	2	0	5	0.0	0.0	0.0	0.0
24826	384	0	5	0.9525	324.4	1622.0	0.6666666666666666
24827	79	0	5	0.19	77.0	385.0	0.0
24828	152	0	5	0.3725	78.0	390.0	0.0
24829	315	0	5	0.78	168.6	843.0	0.6666666666666666
24830	145	0	5	0.355	58.0	290.0	0.6666666666666666
24831	376	0	5	0.9325	215.6	1078.0	0.3333333333333333
24832	163	0	5	0.4	128.6	643.0	0.3333333333333333
24833	189	0	5	0.465	166.6	833.0	0.3333333333333333
24834	259	0	5	0.64	120.0	600.0	0.6666666666666666
24835	55	0	5	0.13	45.2	226.0	0.0
24836	204	0	5	0.5025	54.0	270.0	0.6666666666666666
24837	239	0	5	0.59	97.8	489.0	0.3333333333333333
24838	101	0	5	0.245	80.6	403.0	0.6666666666666666
24839	114	0	5	0.2775	109.0	545.0	0.3333333333333333
24840	90	0	5	0.2175	88.0	440.0	0.0
24841	190	0	5	0.4675	156.4	782.0	0.3333333333333333
24842	259	0	5	0.64	139.0	695.0	0.3333333333333333
24843	361	1	4	0.9	132.6	663.0	1.0
24844	266	0	5	0.6575	146.4	732.0	0.3333333333333333
24845	284	0	5	0.7025	193.6	968.0	0.6666666666666666
24846	80	0	5	0.1925	48.4	242.0	0.3333333333333333
24847	329	0	5	0.815	169.6	848.0	0.3333333333333333
24848	332	1	4	0.8275	238.4	1192.0	1.0
24849	353	0	5	0.875	269.4	1347.0	0.3333333333333333
24850	401	0	4	0.9975	99.6	498.0	0.6666666666666666
24851	326	0	5	0.8075	324.0	1620.0	0.0
24852	60	0	5	0.1425	35.6	178.0	0.3333333333333333
24853	27	0	5	0.06	19.6	98.0	0.3333333333333333
24854	57	0	5	0.135	55.0	275.0	0.0
24855	94	0	5	0.2275	92.0	460.0	0.0
24856	168	0	5	0.4125	134.0	670.0	0.3333333333333333
24857	168	0	5	0.4125	155.6	778.0	0.3333333333333333
24858	172	0	5	0.4225	152.2	761.0	0.0
24859	261	0	5	0.645	166.0	830.0	0.3333333333333333
24860	208	0	5	0.5125	100.8	504.0	0.3333333333333333
24861	153	0	5	0.375	110.2	551.0	0.0
24862	246	0	5	0.6075	127.8	639.0	0.6666666666666666
24863	177	0	5	0.435	107.4	537.0	0.6666666666666666
24864	228	0	5	0.5625	141.2	706.0	0.3333333333333333
24865	222	0	5	0.5475	142.0	710.0	0.6666666666666666
24866	120	0	5	0.2925	102.0	510.0	0.0
24867	187	0	5	0.46	84.6	423.0	0.3333333333333333
24868	362	0	5	0.8975	180.4	902.0	0.6666666666666666
24869	55	0	5	0.13	53.0	265.0	0.0
24870	77	0	5	0.185	74.4	372.0	0.0
24871	178	0	5	0.4375	145.6	728.0	0.3333333333333333
24872	93	0	5	0.225	49.0	245.0	0.0
24873	250	0	5	0.6175	119.2	596.0	0.6666666666666666
24874	318	0	5	0.7875	99.6	498.0	0.3333333333333333
24875	96	0	5	0.2325	80.2	401.0	0.3333333333333333
24876	15	0	5	0.03	13.0	65.0	0.0
24877	324	0	5	0.8025	200.8	1004.0	0.3333333333333333
24878	276	0	5	0.6825	194.6	973.0	0.6666666666666666
24879	17	0	5	0.035	15.0	75.0	0.0
24880	183	1	4	0.455	114.2	571.0	1.0
24881	16	0	5	0.0325	14.0	70.0	0.0
24882	320	0	5	0.7925	136.2	681.0	0.3333333333333333
24883	278	1	4	0.6925	136.8	684.0	1.0
24884	302	0	5	0.7475	155.2	776.0	0.3333333333333333
24885	205	0	5	0.505	163.4	817.0	0.3333333333333333
24886	344	0	5	0.8525	179.4	897.0	0.6666666666666666
24887	84	0	5	0.2025	49.2	246.0	0.3333333333333333
24888	352	0	5	0.8725	219.2	1096.0	0.3333333333333333
24889	288	0	5	0.7125	230.6	1153.0	0.3333333333333333
24890	172	1	4	0.4275	154.0	770.0	1.0
24891	167	0	5	0.41	139.2	696.0	0.3333333333333333
24892	158	0	5	0.3875	139.2	696.0	0.3333333333333333
24893	243	0	5	0.6	121.0	605.0	0.3333333333333333
24894	256	0	5	0.6325	145.4	727.0	0.6666666666666666
24895	246	0	5	0.6075	198.4	992.0	0.0
24896	168	0	5	0.4125	148.4	742.0	0.3333333333333333
24897	291	0	5	0.72	172.2	861.0	0.6666666666666666
24898	121	0	5	0.295	47.0	235.0	0.0
24899	155	0	5	0.38	103.0	515.0	0.3333333333333333
24900	252	0	5	0.6225	121.6	608.0	0.6666666666666666
24901	254	1	4	0.6325	116.4	582.0	1.0
24902	131	0	5	0.32	83.8	419.0	0.0
24903	385	1	4	0.96	301.4	1507.0	1.0
24904	9	0	5	0.015	7.0	35.0	0.0
24905	311	1	4	0.775	92.4	462.0	1.0
24906	206	0	5	0.5075	55.0	275.0	0.3333333333333333
24907	289	0	5	0.715	144.0	720.0	0.6666666666666666
24908	82	0	5	0.1975	48.0	240.0	0.3333333333333333
24909	384	0	5	0.9525	188.0	940.0	0.3333333333333333
24910	150	0	5	0.3675	91.6	458.0	0.6666666666666666
24911	241	0	5	0.595	199.2	996.0	0.6666666666666666
24912	200	0	5	0.4925	95.8	479.0	0.3333333333333333
24913	329	0	5	0.815	150.8	754.0	0.3333333333333333
24914	377	0	5	0.935	265.4	1327.0	0.6666666666666666
24915	286	0	5	0.7075	178.2	891.0	0.3333333333333333
24916	273	0	5	0.675	155.8	779.0	0.3333333333333333
24917	171	1	4	0.425	95.8	479.0	1.0
24918	309	1	3	0.77	222.0	1110.0	1.0
24919	199	0	5	0.49	84.2	421.0	0.6666666666666666
24920	235	0	5	0.58	219.4	1097.0	0.0
24921	135	0	5	0.33	124.6	623.0	0.3333333333333333
24922	225	0	5	0.555	223.0	1115.0	0.3333333333333333
24923	394	1	4	0.9825	237.4	1187.0	1.0
24924	165	0	5	0.405	163.0	815.0	0.0
24925	93	1	4	0.23	62.6	313.0	1.0
24926	275	1	4	0.685	178.6	893.0	1.0
24927	288	0	5	0.7125	241.6	1208.0	0.3333333333333333
24928	273	0	5	0.675	271.0	1355.0	0.3333333333333333
24929	284	0	5	0.7025	224.0	1120.0	0.3333333333333333
24930	88	0	5	0.2125	53.6	268.0	0.3333333333333333
24931	68	0	5	0.1625	66.0	330.0	0.0
24932	177	0	5	0.435	175.0	875.0	0.3333333333333333
24933	64	0	5	0.1525	31.6	158.0	0.0
24934	331	0	5	0.82	144.2	721.0	0.3333333333333333
24935	182	0	5	0.4475	141.2	706.0	0.3333333333333333
24936	235	0	5	0.58	215.2	1076.0	0.0
24937	199	0	5	0.49	108.6	543.0	0.6666666666666666
24938	194	0	5	0.4775	68.8	344.0	0.6666666666666666
24939	257	0	5	0.635	183.6	918.0	0.3333333333333333
24940	160	0	5	0.3925	134.0	670.0	0.0
24941	280	1	4	0.6975	194.6	973.0	1.0
24942	70	0	5	0.1675	35.6	178.0	0.0
24943	31	0	5	0.07	29.0	145.0	0.0
24944	392	0	5	0.9725	194.4	972.0	0.6666666666666666
24945	134	0	5	0.3275	128.4	642.0	0.0
24946	234	0	5	0.5775	131.8	659.0	0.3333333333333333
24947	79	0	5	0.19	58.2	291.0	0.3333333333333333
24948	181	0	5	0.445	121.0	605.0	0.3333333333333333
24949	172	0	5	0.4225	107.6	538.0	0.3333333333333333
24950	163	0	5	0.4	106.6	533.0	0.0
24951	152	0	5	0.3725	130.8	654.0	0.3333333333333333
24952	312	0	5	0.7725	101.8	509.0	0.6666666666666666
24953	302	0	5	0.7475	196.2	981.0	0.6666666666666666
24954	391	0	5	0.97	217.0	1085.0	0.6666666666666666
24955	125	0	5	0.305	74.2	371.0	0.3333333333333333
24956	224	0	5	0.5525	162.0	810.0	0.0
24957	391	0	5	0.97	159.0	795.0	0.6666666666666666
24958	389	0	5	0.965	295.2	1476.0	0.6666666666666666
24959	294	0	5	0.7275	213.2	1066.0	0.6666666666666666
24960	274	0	5	0.6775	127.6	638.0	0.3333333333333333
24961	358	0	5	0.8875	234.2	1171.0	0.6666666666666666
24962	350	0	5	0.8675	173.8	869.0	0.3333333333333333
24963	278	0	5	0.6875	143.2	716.0	0.6666666666666666
24964	147	0	5	0.36	116.6	583.0	0.0
24965	269	1	4	0.67	121.8	609.0	1.0
24966	284	0	5	0.7025	86.0	430.0	0.6666666666666666
24967	151	0	5	0.37	62.6	313.0	0.0
24968	162	0	5	0.3975	97.6	488.0	0.3333333333333333
24969	349	0	5	0.865	167.4	837.0	0.6666666666666666
24970	168	0	5	0.4125	128.0	640.0	0.0
24971	110	0	5	0.2675	65.4	327.0	0.3333333333333333
24972	137	0	5	0.335	135.0	675.0	0.0
24973	250	0	5	0.6175	179.6	898.0	0.3333333333333333
24974	150	0	5	0.3675	43.2	216.0	0.6666666666666666
24975	222	0	5	0.5475	136.0	680.0	0.0
24976	168	0	5	0.4125	94.2	471.0	0.3333333333333333
24977	346	1	4	0.8625	145.4	727.0	1.0
24978	100	0	5	0.2425	45.2	226.0	0.3333333333333333
24979	398	0	5	0.9875	165.0	825.0	0.6666666666666666
24980	319	0	5	0.79	236.6	1183.0	0.6666666666666666
24981	64	0	5	0.1525	32.0	160.0	0.3333333333333333
24982	156	0	5	0.3825	68.4	342.0	0.6666666666666666
24983	145	1	4	0.36	134.6	673.0	1.0
24984	286	0	5	0.7075	103.2	516.0	0.3333333333333333
24985	325	0	5	0.805	302.0	1510.0	0.6666666666666666
24986	27	0	5	0.06	20.4	102.0	0.0
24987	323	1	4	0.805	124.6	623.0	1.0
24988	318	0	5	0.7875	115.4	577.0	0.3333333333333333
24989	16	0	5	0.0325	7.6	38.0	0.3333333333333333
24990	221	0	5	0.545	150.0	750.0	0.0
24991	258	0	5	0.6375	146.6	733.0	0.0
24992	81	0	5	0.195	48.6	243.0	0.6666666666666666
24993	28	0	5	0.0625	14.8	74.0	0.3333333333333333
24994	258	0	5	0.6375	99.2	496.0	0.6666666666666666
24995	180	0	5	0.4425	100.8	504.0	0.3333333333333333
24996	84	0	5	0.2025	58.8	294.0	0.3333333333333333
24997	62	0	5	0.1475	19.6	98.0	0.3333333333333333
24998	24	0	5	0.0525	22.0	110.0	0.0
24999	85	0	5	0.205	50.6	253.0	0.0
25000	291	0	5	0.72	164.6	823.0	0.3333333333333333
25001	285	0	5	0.705	200.2	1001.0	0.6666666666666666
25002	130	0	5	0.3175	122.6	613.0	0.3333333333333333
25003	253	0	5	0.625	251.0	1255.0	0.0
25004	120	0	5	0.2925	77.6	388.0	0.3333333333333333
25005	224	0	5	0.5525	167.4	837.0	0.3333333333333333
25006	350	0	5	0.8675	266.8	1334.0	0.3333333333333333
25007	213	0	5	0.525	119.0	595.0	0.6666666666666666
25008	366	0	5	0.9075	282.8	1414.0	0.3333333333333333
25009	300	0	5	0.7425	279.0	1395.0	0.6666666666666666
25010	154	0	5	0.3775	118.4	592.0	0.3333333333333333
25011	56	0	5	0.1325	34.2	171.0	0.3333333333333333
25012	217	0	5	0.535	101.4	507.0	0.6666666666666666
25013	159	0	5	0.39	61.4	307.0	0.3333333333333333
25014	75	1	4	0.185	41.0	205.0	1.0
25015	2	0	5	0.0	0.0	0.0	0.0
25016	196	0	5	0.4825	139.6	698.0	0.3333333333333333
25017	171	0	5	0.42	110.0	550.0	0.3333333333333333
25018	37	0	5	0.085	21.8	109.0	0.0
25019	398	1	4	0.9925	199.4	997.0	1.0
25020	5	0	5	0.005	3.0	15.0	0.0
25021	23	0	5	0.05	21.0	105.0	0.0
25022	137	0	5	0.335	135.0	675.0	0.0
25023	106	0	5	0.2575	104.0	520.0	0.0
25024	202	0	5	0.4975	158.8	794.0	0.3333333333333333
25025	332	0	5	0.8225	260.0	1300.0	0.6666666666666666
25026	222	0	5	0.5475	172.6	863.0	0.3333333333333333
25027	12	0	5	0.0225	7.2	36.0	0.0
25028	360	0	5	0.8925	151.0	755.0	0.6666666666666666
25029	210	0	5	0.5175	132.4	662.0	0.3333333333333333
25030	248	0	5	0.6125	149.2	746.0	0.3333333333333333
25031	316	0	5	0.7825	149.2	746.0	0.6666666666666666
25032	114	0	5	0.2775	74.8	374.0	0.3333333333333333
25033	270	0	5	0.6675	230.8	1154.0	0.6666666666666666
25034	347	0	5	0.86	152.4	762.0	0.6666666666666666
25035	281	0	5	0.695	103.0	515.0	0.6666666666666666
25036	211	0	5	0.52	57.6	288.0	0.3333333333333333
25037	360	0	5	0.8925	135.0	675.0	0.6666666666666666
25038	169	0	5	0.415	114.8	574.0	0.3333333333333333
25039	323	0	5	0.8	225.6	1128.0	0.0
25040	290	0	5	0.7175	152.8	764.0	0.6666666666666666
25041	363	1	4	0.905	239.8	1199.0	1.0
25042	237	0	5	0.585	145.4	727.0	0.3333333333333333
25043	115	0	5	0.28	111.4	557.0	0.6666666666666666
25044	113	0	5	0.275	89.0	445.0	0.3333333333333333
25045	121	0	5	0.295	108.6	543.0	0.0
25046	146	0	5	0.3575	144.0	720.0	0.0
25047	314	0	5	0.7775	236.8	1184.0	0.3333333333333333
25048	94	0	5	0.2275	72.0	360.0	0.0
25049	171	0	5	0.42	109.0	545.0	0.6666666666666666
25050	201	0	5	0.495	150.2	751.0	0.3333333333333333
25051	57	0	5	0.135	38.8	194.0	0.3333333333333333
25052	328	0	5	0.8125	145.2	726.0	0.6666666666666666
25053	293	0	5	0.725	192.2	961.0	0.6666666666666666
25054	324	0	5	0.8025	222.4	1112.0	0.6666666666666666
25055	346	0	5	0.8575	226.4	1132.0	0.0
25056	175	0	5	0.43	92.6	463.0	0.3333333333333333
25057	229	0	5	0.565	136.0	680.0	0.3333333333333333
25058	358	1	4	0.8925	209.2	1046.0	1.0
25059	217	0	5	0.535	153.8	769.0	0.0
25060	298	0	5	0.7375	204.8	1024.0	0.6666666666666666
25061	285	0	5	0.705	127.8	639.0	0.6666666666666666
25062	107	0	5	0.26	97.8	489.0	0.3333333333333333
25063	39	0	5	0.09	37.0	185.0	0.0
25064	257	0	5	0.635	136.6	683.0	0.6666666666666666
25065	263	0	5	0.65	229.0	1145.0	0.3333333333333333
25066	170	0	5	0.4175	83.6	418.0	0.6666666666666666
25067	318	0	5	0.7875	108.6	543.0	0.6666666666666666
25068	144	0	5	0.3525	75.6	378.0	0.0
25069	320	0	5	0.7925	116.4	582.0	0.6666666666666666
25070	183	0	5	0.45	176.2	881.0	0.3333333333333333
25071	331	0	5	0.82	238.6	1193.0	0.6666666666666666
25072	237	0	5	0.585	109.2	546.0	0.6666666666666666
25073	333	0	5	0.825	179.6	898.0	0.3333333333333333
25074	48	0	5	0.1125	32.0	160.0	0.0
25075	148	0	5	0.3625	146.0	730.0	0.3333333333333333
25076	215	0	5	0.53	131.4	657.0	0.0
25077	268	0	5	0.6625	219.4	1097.0	0.6666666666666666
25078	131	0	5	0.32	123.0	615.0	0.0
25079	53	0	5	0.125	51.0	255.0	0.0
25080	202	0	5	0.4975	174.4	872.0	0.0
25081	325	0	5	0.805	177.6	888.0	0.3333333333333333
25082	303	0	5	0.75	238.8	1194.0	0.3333333333333333
25083	111	0	5	0.27	92.6	463.0	0.3333333333333333
25084	168	0	5	0.4125	110.8	554.0	0.6666666666666666
25085	184	0	5	0.4525	116.0	580.0	0.3333333333333333
25086	116	1	4	0.2875	32.8	164.0	1.0
25087	234	0	5	0.5775	198.0	990.0	0.6666666666666666
25088	341	0	5	0.845	201.6	1008.0	0.6666666666666666
25089	85	0	5	0.205	48.2	241.0	0.6666666666666666
25090	113	0	5	0.275	44.6	223.0	0.0
25091	351	0	5	0.87	205.2	1026.0	0.6666666666666666
25092	151	0	5	0.37	143.8	719.0	0.0
25093	230	0	5	0.5675	104.8	524.0	0.3333333333333333
25094	249	1	4	0.62	221.2	1106.0	1.0
25095	339	0	5	0.84	70.6	353.0	0.6666666666666666
25096	323	0	5	0.8	230.0	1150.0	0.3333333333333333
25097	230	0	5	0.5675	213.6	1068.0	0.3333333333333333
25098	186	1	4	0.4625	116.0	580.0	1.0
25099	59	0	5	0.14	42.0	210.0	0.3333333333333333
25100	131	0	5	0.32	129.0	645.0	0.0
25101	17	0	5	0.035	15.0	75.0	0.0
25102	151	0	5	0.37	95.8	479.0	0.0
25103	17	0	5	0.035	15.0	75.0	0.0
25104	368	0	5	0.9125	237.6	1188.0	0.6666666666666666
25105	379	0	5	0.94	259.8	1299.0	0.6666666666666666
25106	90	0	5	0.2175	77.2	386.0	0.0
25107	204	0	5	0.5025	51.4	257.0	0.3333333333333333
25108	363	1	4	0.905	279.2	1396.0	1.0
25109	279	0	5	0.69	187.4	937.0	0.6666666666666666
25110	279	0	5	0.69	112.0	560.0	0.6666666666666666
25111	378	0	5	0.9375	358.6	1793.0	0.6666666666666666
25112	98	0	5	0.2375	76.2	381.0	0.3333333333333333
25113	213	0	5	0.525	201.4	1007.0	0.3333333333333333
25114	263	0	5	0.65	130.6	653.0	0.6666666666666666
25115	167	0	5	0.41	136.8	684.0	0.6666666666666666
25116	270	0	5	0.6675	232.0	1160.0	0.0
25117	208	0	5	0.5125	112.8	564.0	0.3333333333333333
25118	217	0	5	0.535	198.2	991.0	0.3333333333333333
25119	181	1	4	0.45	139.0	695.0	1.0
25120	201	0	5	0.495	153.4	767.0	0.3333333333333333
25121	101	0	5	0.245	25.4	127.0	0.6666666666666666
25122	354	0	5	0.8775	280.2	1401.0	0.6666666666666666
25123	133	0	5	0.325	115.8	579.0	0.3333333333333333
25124	339	1	4	0.845	223.0	1115.0	1.0
25125	215	0	5	0.53	76.4	382.0	0.6666666666666666
25126	384	0	5	0.9525	120.6	603.0	0.6666666666666666
25127	82	1	4	0.2025	38.4	192.0	1.0
25128	299	1	4	0.745	72.6	363.0	1.0
25129	400	0	5	0.9925	257.4	1287.0	0.6666666666666666
25130	74	0	5	0.1775	40.0	200.0	0.3333333333333333
25131	73	0	5	0.175	69.4	347.0	0.3333333333333333
25132	326	0	5	0.8075	138.2	691.0	0.3333333333333333
25133	388	0	5	0.9625	211.0	1055.0	0.6666666666666666
25134	202	0	5	0.4975	180.4	902.0	0.6666666666666666
25135	310	0	5	0.7675	216.2	1081.0	0.0
25136	355	1	4	0.885	300.0	1500.0	1.0
25137	288	0	5	0.7125	157.4	787.0	0.3333333333333333
25138	23	0	5	0.05	21.0	105.0	0.0
25139	356	0	5	0.8825	165.6	828.0	0.3333333333333333
25140	212	0	5	0.5225	150.0	750.0	0.3333333333333333
25141	207	0	5	0.51	160.8	804.0	0.3333333333333333
25142	57	0	5	0.135	55.0	275.0	0.0
25143	344	0	5	0.8525	153.6	768.0	0.6666666666666666
25144	390	0	5	0.9675	223.0	1115.0	0.6666666666666666
25145	202	0	5	0.4975	123.8	619.0	0.3333333333333333
25146	266	0	5	0.6575	110.2	551.0	0.3333333333333333
25147	68	0	5	0.1625	66.0	330.0	0.0
25148	285	0	5	0.705	187.8	939.0	0.3333333333333333
25149	299	0	5	0.74	100.0	500.0	0.6666666666666666
25150	138	0	5	0.3375	114.0	570.0	0.3333333333333333
25151	177	0	5	0.435	139.6	698.0	0.3333333333333333
25152	95	0	5	0.23	81.0	405.0	0.3333333333333333
25153	368	0	5	0.9125	250.8	1254.0	0.6666666666666666
25154	39	0	5	0.09	37.0	185.0	0.3333333333333333
25155	160	1	4	0.3975	116.0	580.0	1.0
25156	356	0	5	0.8825	273.2	1366.0	0.6666666666666666
25157	210	0	5	0.5175	183.4	917.0	0.0
25158	205	0	5	0.505	142.2	711.0	0.3333333333333333
25159	86	0	5	0.2075	78.8	394.0	0.3333333333333333
25160	84	0	5	0.2025	50.2	251.0	0.6666666666666666
25161	227	0	5	0.56	54.4	272.0	0.6666666666666666
25162	280	0	5	0.6925	162.0	810.0	0.3333333333333333
25163	136	0	5	0.3325	134.0	670.0	0.0
25164	250	0	5	0.6175	153.2	766.0	0.3333333333333333
25165	295	0	5	0.73	112.4	562.0	0.6666666666666666
25166	337	1	4	0.84	256.4	1282.0	1.0
25167	109	0	5	0.265	80.2	401.0	0.3333333333333333
25168	125	0	5	0.305	85.8	429.0	0.3333333333333333
25169	336	0	5	0.8325	143.0	715.0	0.6666666666666666
25170	225	0	5	0.555	220.6	1103.0	0.3333333333333333
25171	59	0	5	0.14	54.2	271.0	0.0
25172	328	0	5	0.8125	174.4	872.0	0.6666666666666666
25173	285	1	4	0.71	72.2	361.0	1.0
25174	85	0	5	0.205	64.2	321.0	0.3333333333333333
25175	154	0	5	0.3775	50.8	254.0	0.3333333333333333
25176	349	0	5	0.865	298.2	1491.0	0.3333333333333333
25177	299	0	5	0.74	225.0	1125.0	0.3333333333333333
25178	184	0	5	0.4525	176.8	884.0	0.3333333333333333
25179	203	0	5	0.5	121.0	605.0	0.6666666666666666
25180	165	0	5	0.405	146.2	731.0	0.0
25181	201	0	5	0.495	128.2	641.0	0.3333333333333333
25182	282	0	5	0.6975	162.0	810.0	0.3333333333333333
25183	125	0	5	0.305	107.4	537.0	0.0
25184	291	0	5	0.72	199.4	997.0	0.3333333333333333
25185	209	0	5	0.515	166.4	832.0	0.3333333333333333
25186	30	0	5	0.0675	28.0	140.0	0.0
25187	296	1	4	0.7375	178.2	891.0	1.0
25188	375	0	5	0.93	329.4	1647.0	0.3333333333333333
25189	357	0	5	0.885	128.0	640.0	0.3333333333333333
25190	264	0	5	0.6525	144.4	722.0	0.3333333333333333
25191	323	0	5	0.8	240.0	1200.0	0.6666666666666666
25192	155	0	5	0.38	125.8	629.0	0.6666666666666666
25193	308	1	3	0.7675	270.0	1350.0	1.0
25194	58	0	5	0.1375	28.2	141.0	0.3333333333333333
25195	136	0	5	0.3325	75.8	379.0	0.0
25196	389	0	5	0.965	245.8	1229.0	0.6666666666666666
25197	237	0	5	0.585	124.2	621.0	0.3333333333333333
25198	318	0	5	0.7875	250.4	1252.0	0.0
25199	277	0	5	0.685	131.6	658.0	0.6666666666666666
25200	249	0	5	0.615	143.8	719.0	0.6666666666666666
25201	59	0	5	0.14	57.0	285.0	0.0
25202	60	0	5	0.1425	40.4	202.0	0.0
25203	234	0	5	0.5775	137.2	686.0	0.3333333333333333
25204	207	0	5	0.51	199.4	997.0	0.3333333333333333
25205	156	0	5	0.3825	129.6	648.0	0.3333333333333333
25206	284	0	5	0.7025	138.4	692.0	0.6666666666666666
25207	121	0	5	0.295	32.8	164.0	0.3333333333333333
25208	54	0	5	0.1275	52.0	260.0	0.0
25209	238	0	5	0.5875	126.8	634.0	0.3333333333333333
25210	237	0	5	0.585	107.2	536.0	0.6666666666666666
25211	14	0	5	0.0275	12.0	60.0	0.3333333333333333
25212	202	0	5	0.4975	124.8	624.0	0.0
25213	333	1	4	0.83	216.0	1080.0	1.0
25214	261	0	5	0.645	134.2	671.0	0.3333333333333333
25215	356	0	5	0.8825	239.6	1198.0	0.6666666666666666
25216	126	0	5	0.3075	47.4	237.0	0.6666666666666666
25217	62	0	5	0.1475	40.4	202.0	0.3333333333333333
25218	148	0	5	0.3625	64.4	322.0	0.6666666666666666
25219	341	0	5	0.845	277.2	1386.0	0.6666666666666666
25220	120	0	5	0.2925	101.2	506.0	0.0
25221	233	0	5	0.575	197.4	987.0	0.3333333333333333
25222	344	0	5	0.8525	299.8	1499.0	0.6666666666666666
25223	183	0	5	0.45	82.6	413.0	0.6666666666666666
25224	35	0	5	0.08	24.2	121.0	0.0
25225	150	0	5	0.3675	105.6	528.0	0.0
25226	265	0	5	0.655	205.6	1028.0	0.3333333333333333
25227	361	0	5	0.895	220.6	1103.0	0.6666666666666666
25228	153	0	5	0.375	116.6	583.0	0.6666666666666666
25229	52	0	5	0.1225	50.0	250.0	0.0
25230	154	0	5	0.3775	106.8	534.0	0.3333333333333333
25231	245	0	5	0.605	150.2	751.0	0.6666666666666666
25232	284	0	5	0.7025	97.2	486.0	0.6666666666666666
25233	352	0	5	0.8725	152.8	764.0	0.6666666666666666
25234	312	1	4	0.7775	234.2	1171.0	1.0
25235	230	0	5	0.5675	95.2	476.0	0.3333333333333333
25236	154	0	5	0.3775	119.8	599.0	0.0
25237	84	0	5	0.2025	74.8	374.0	0.3333333333333333
25238	383	0	5	0.95	251.2	1256.0	0.6666666666666666
25239	2	0	5	0.0	0.0	0.0	0.0
25240	253	0	5	0.625	226.0	1130.0	0.3333333333333333
25241	322	0	5	0.7975	108.0	540.0	0.6666666666666666
25242	152	0	5	0.3725	150.0	750.0	0.0
25243	181	0	5	0.445	179.0	895.0	0.0
25244	16	0	5	0.0325	14.0	70.0	0.0
25245	241	0	5	0.595	229.8	1149.0	0.3333333333333333
25246	332	0	5	0.8225	230.4	1152.0	0.3333333333333333
25247	97	0	5	0.235	58.2	291.0	0.3333333333333333
25248	115	0	5	0.28	109.6	548.0	0.3333333333333333
25249	214	0	5	0.5275	45.6	228.0	0.3333333333333333
25250	173	0	5	0.425	171.0	855.0	0.0
25251	4	0	5	0.0025	2.0	10.0	0.0
25252	377	0	5	0.935	203.2	1016.0	0.6666666666666666
25253	61	0	5	0.145	59.0	295.0	0.0
25254	154	0	5	0.3775	68.0	340.0	0.3333333333333333
25255	248	0	5	0.6125	138.6	693.0	0.6666666666666666
25256	301	0	5	0.745	144.4	722.0	0.3333333333333333
25257	170	0	5	0.4175	134.4	672.0	0.6666666666666666
25258	302	0	5	0.7475	223.8	1119.0	0.3333333333333333
25259	276	1	4	0.6875	180.8	904.0	1.0
25260	86	0	5	0.2075	58.2	291.0	0.3333333333333333
25261	301	0	5	0.745	164.8	824.0	0.6666666666666666
25262	42	0	5	0.0975	40.0	200.0	0.0
25263	318	0	5	0.7875	193.2	966.0	0.6666666666666666
25264	229	1	4	0.57	124.2	621.0	1.0
25265	107	0	5	0.26	97.0	485.0	0.3333333333333333
25266	372	1	4	0.9275	262.2	1311.0	1.0
25267	311	0	5	0.77	142.6	713.0	0.3333333333333333
25268	288	0	5	0.7125	163.6	818.0	0.3333333333333333
25269	376	0	5	0.9325	199.6	998.0	0.6666666666666666
25270	250	0	5	0.6175	165.2	826.0	0.3333333333333333
25271	226	1	4	0.5625	104.8	524.0	1.0
25272	116	0	5	0.2825	114.0	570.0	0.0
25273	281	0	5	0.695	138.8	694.0	0.3333333333333333
25274	239	0	5	0.59	180.6	903.0	0.0
25275	292	0	5	0.7225	184.4	922.0	0.6666666666666666
25276	179	0	5	0.44	135.4	677.0	0.3333333333333333
25277	310	0	5	0.7675	142.0	710.0	0.6666666666666666
25278	332	0	5	0.8225	216.8	1084.0	0.6666666666666666
25279	260	1	4	0.6475	143.2	716.0	1.0
25280	310	0	5	0.7675	123.2	616.0	0.3333333333333333
25281	366	0	5	0.9075	295.8	1479.0	0.6666666666666666
25282	248	0	5	0.6125	246.0	1230.0	0.0
25283	125	0	5	0.305	83.6	418.0	0.3333333333333333
25284	290	0	5	0.7175	219.4	1097.0	0.6666666666666666
25285	77	0	5	0.185	75.0	375.0	0.0
25286	111	0	5	0.27	31.4	157.0	0.0
25287	205	0	5	0.505	184.0	920.0	0.3333333333333333
25288	139	0	5	0.34	111.4	557.0	0.0
25289	367	0	5	0.91	180.2	901.0	0.6666666666666666
25290	148	0	5	0.3625	75.6	378.0	0.3333333333333333
25291	121	0	5	0.295	75.4	377.0	0.3333333333333333
25292	130	0	5	0.3175	88.4	442.0	0.3333333333333333
25293	219	1	4	0.545	97.2	486.0	1.0
25294	375	1	4	0.935	292.8	1464.0	1.0
25295	172	0	5	0.4225	66.0	330.0	0.6666666666666666
25296	33	0	5	0.075	29.8	149.0	0.3333333333333333
25297	197	0	5	0.485	125.4	627.0	0.3333333333333333
25298	131	0	5	0.32	72.2	361.0	0.6666666666666666
25299	243	0	5	0.6	234.2	1171.0	0.0
25300	187	0	5	0.46	58.6	293.0	0.3333333333333333
25301	306	0	5	0.7575	237.4	1187.0	0.6666666666666666
25302	47	0	5	0.11	37.6	188.0	0.3333333333333333
25303	151	0	5	0.37	127.4	637.0	0.6666666666666666
25304	38	0	5	0.0875	34.2	171.0	0.3333333333333333
25305	374	0	5	0.9275	143.0	715.0	0.3333333333333333
25306	344	0	5	0.8525	247.8	1239.0	0.6666666666666666
25307	132	0	5	0.3225	107.4	537.0	0.6666666666666666
25308	302	0	5	0.7475	207.2	1036.0	0.3333333333333333
25309	321	0	5	0.795	85.4	427.0	0.6666666666666666
25310	266	0	5	0.6575	123.8	619.0	0.6666666666666666
25311	5	0	5	0.005	3.0	15.0	0.0
25312	157	0	5	0.385	59.0	295.0	0.3333333333333333
25313	190	1	4	0.4725	69.2	346.0	1.0
25314	207	0	5	0.51	168.6	843.0	0.6666666666666666
25315	146	0	5	0.3575	135.2	676.0	0.3333333333333333
25316	239	0	5	0.59	212.6	1063.0	0.3333333333333333
25317	31	0	5	0.07	23.4	117.0	0.3333333333333333
25318	319	0	5	0.79	196.6	983.0	0.3333333333333333
25319	248	0	5	0.6125	122.8	614.0	0.6666666666666666
25320	132	0	5	0.3225	106.0	530.0	0.0
25321	380	1	4	0.9475	157.4	787.0	1.0
25322	246	0	5	0.6075	164.2	821.0	0.0
25323	113	0	5	0.275	28.6	143.0	0.0
25324	21	0	5	0.045	19.0	95.0	0.0
25325	99	0	5	0.24	66.6	333.0	0.6666666666666666
25326	77	0	5	0.185	27.8	139.0	0.3333333333333333
25327	165	0	5	0.405	88.6	443.0	0.3333333333333333
25328	177	0	5	0.435	114.4	572.0	0.3333333333333333
25329	377	0	5	0.935	268.4	1342.0	0.6666666666666666
25330	91	0	5	0.22	75.0	375.0	0.3333333333333333
25331	354	0	5	0.8775	211.6	1058.0	0.3333333333333333
25332	248	0	5	0.6125	193.4	967.0	0.3333333333333333
25333	95	0	5	0.23	19.2	96.0	0.3333333333333333
25334	13	0	5	0.025	11.0	55.0	0.0
25335	263	0	5	0.65	144.6	723.0	0.6666666666666666
25336	273	0	5	0.675	268.2	1341.0	0.0
25337	255	0	5	0.63	86.6	433.0	0.6666666666666666
25338	52	0	5	0.1225	50.0	250.0	0.0
25339	190	0	5	0.4675	93.0	465.0	0.6666666666666666
25340	109	0	5	0.265	48.8	244.0	0.3333333333333333
25341	126	0	5	0.3075	37.0	185.0	0.6666666666666666
25342	185	0	5	0.455	158.2	791.0	0.3333333333333333
25343	229	0	5	0.565	155.8	779.0	0.3333333333333333
25344	313	0	5	0.775	162.2	811.0	0.6666666666666666
25345	187	0	5	0.46	182.0	910.0	0.0
25346	79	0	5	0.19	69.4	347.0	0.3333333333333333
25347	308	1	4	0.7675	113.6	568.0	1.0
25348	172	0	5	0.4225	148.2	741.0	0.0
25349	260	0	5	0.6425	77.6	388.0	0.6666666666666666
25350	159	0	5	0.39	128.8	644.0	0.3333333333333333
25351	250	0	5	0.6175	203.6	1018.0	0.3333333333333333
25352	20	0	5	0.0425	18.0	90.0	0.0
25353	243	0	5	0.6	193.0	965.0	0.3333333333333333
25354	344	0	5	0.8525	282.2	1411.0	0.3333333333333333
25355	250	0	5	0.6175	248.0	1240.0	0.0
25356	306	0	5	0.7575	189.0	945.0	0.6666666666666666
25357	249	0	5	0.615	151.4	757.0	0.6666666666666666
25358	217	0	5	0.535	155.2	776.0	0.0
25359	352	0	5	0.8725	175.2	876.0	0.6666666666666666
25360	142	0	5	0.3475	92.4	462.0	0.6666666666666666
25361	329	0	5	0.815	182.8	914.0	0.6666666666666666
25362	391	0	5	0.97	203.2	1016.0	0.6666666666666666
25363	311	0	5	0.77	219.2	1096.0	0.3333333333333333
25364	150	0	5	0.3675	91.6	458.0	0.3333333333333333
25365	140	0	5	0.3425	107.6	538.0	0.0
25366	312	0	5	0.7725	175.6	878.0	0.3333333333333333
25367	159	0	5	0.39	126.8	634.0	0.6666666666666666
25368	22	0	5	0.0475	20.0	100.0	0.0
25369	186	0	5	0.4575	138.8	694.0	0.0
25370	187	0	5	0.46	87.4	437.0	0.3333333333333333
25371	13	0	5	0.025	11.0	55.0	0.0
25372	298	0	5	0.7375	196.8	984.0	0.6666666666666666
25373	283	0	5	0.7	243.4	1217.0	0.3333333333333333
25374	341	0	5	0.845	208.8	1044.0	0.3333333333333333
25375	246	0	5	0.6075	111.0	555.0	0.3333333333333333
25376	10	0	5	0.0175	8.0	40.0	0.0
25377	63	0	5	0.15	55.8	279.0	0.3333333333333333
25378	79	0	5	0.19	77.0	385.0	0.0
25379	400	0	5	0.9925	313.8	1569.0	0.6666666666666666
25380	262	0	5	0.6475	116.4	582.0	0.3333333333333333
25381	120	0	5	0.2925	118.0	590.0	0.6666666666666666
25382	229	0	5	0.565	105.4	527.0	0.6666666666666666
25383	68	0	5	0.1625	66.0	330.0	0.0
25384	24	0	5	0.0525	22.0	110.0	0.0
25385	351	0	5	0.87	208.0	1040.0	0.6666666666666666
25386	283	0	5	0.7	222.2	1111.0	0.3333333333333333
25387	183	0	5	0.45	177.0	885.0	0.0
25388	300	0	5	0.7425	128.2	641.0	0.6666666666666666
25389	229	0	5	0.565	117.2	586.0	0.6666666666666666
25390	163	0	5	0.4	160.2	801.0	0.0
25391	328	1	4	0.8175	176.0	880.0	1.0
25392	233	0	5	0.575	146.0	730.0	0.6666666666666666
25393	390	0	5	0.9675	160.0	800.0	0.6666666666666666
25394	101	0	5	0.245	99.0	495.0	0.0
25395	352	0	5	0.8725	270.0	1350.0	0.6666666666666666
25396	160	0	5	0.3925	39.4	197.0	0.6666666666666666
25397	189	0	5	0.465	182.6	913.0	0.6666666666666666
25398	144	0	5	0.3525	75.6	378.0	0.6666666666666666
25399	226	0	5	0.5575	101.4	507.0	0.3333333333333333
25400	339	0	5	0.84	167.6	838.0	0.6666666666666666
25401	265	0	5	0.655	177.2	886.0	0.6666666666666666
25402	202	1	4	0.5025	42.0	210.0	1.0
25403	143	0	5	0.35	107.6	538.0	0.3333333333333333
25404	132	0	5	0.3225	117.4	587.0	0.3333333333333333
25405	92	0	5	0.2225	83.6	418.0	0.3333333333333333
25406	177	1	4	0.44	76.6	383.0	1.0
25407	263	0	5	0.65	157.4	787.0	0.6666666666666666
25408	255	0	5	0.63	86.6	433.0	0.6666666666666666
25409	262	0	5	0.6475	101.6	508.0	0.3333333333333333
25410	296	0	5	0.7325	225.4	1127.0	0.6666666666666666
25411	230	0	5	0.5675	169.0	845.0	0.6666666666666666
25412	314	0	5	0.7775	160.0	800.0	0.6666666666666666
25413	238	1	4	0.5925	207.2	1036.0	1.0
25414	59	0	5	0.14	57.0	285.0	0.0
25415	10	0	5	0.0175	8.0	40.0	0.0
25416	55	0	5	0.13	53.0	265.0	0.0
25417	203	0	5	0.5	155.6	778.0	0.3333333333333333
25418	91	0	5	0.22	89.0	445.0	0.0
25419	338	0	5	0.8375	159.6	798.0	0.6666666666666666
25420	53	0	5	0.125	51.0	255.0	0.0
25421	55	0	5	0.13	35.4	177.0	0.3333333333333333
25422	387	0	5	0.96	192.2	961.0	0.6666666666666666
25423	117	0	5	0.285	36.4	182.0	0.3333333333333333
25424	250	0	5	0.6175	138.2	691.0	0.6666666666666666
25425	270	1	4	0.6725	160.8	804.0	1.0
25426	78	0	5	0.1875	76.0	380.0	0.0
25427	317	0	5	0.785	203.8	1019.0	0.6666666666666666
25428	169	0	5	0.415	157.8	789.0	0.0
25429	171	0	5	0.42	99.4	497.0	0.3333333333333333
25430	180	0	5	0.4425	71.2	356.0	0.6666666666666666
25431	168	0	5	0.4125	100.2	501.0	0.6666666666666666
25432	68	0	5	0.1625	66.0	330.0	0.0
25433	228	1	4	0.5675	143.2	716.0	1.0
25434	395	0	5	0.98	220.4	1102.0	0.6666666666666666
25435	76	0	5	0.1825	74.0	370.0	0.0
25436	78	0	5	0.1875	43.2	216.0	0.0
25437	231	0	5	0.57	75.8	379.0	0.6666666666666666
25438	83	0	5	0.2	58.8	294.0	0.0
25439	80	0	5	0.1925	72.4	362.0	0.3333333333333333
25440	377	0	5	0.935	231.8	1159.0	0.6666666666666666
25441	362	1	4	0.9025	233.2	1166.0	1.0
25442	374	0	5	0.9275	239.4	1197.0	0.3333333333333333
25443	64	0	5	0.1525	53.4	267.0	0.3333333333333333
25444	294	0	5	0.7275	125.0	625.0	0.6666666666666666
25445	190	0	5	0.4675	123.4	617.0	0.0
25446	262	0	5	0.6475	220.0	1100.0	0.3333333333333333
25447	234	0	5	0.5775	109.6	548.0	0.3333333333333333
25448	236	0	5	0.5825	93.4	467.0	0.6666666666666666
25449	387	1	4	0.965	250.2	1251.0	1.0
25450	204	0	5	0.5025	112.4	562.0	0.3333333333333333
25451	298	1	4	0.7425	150.8	754.0	1.0
25452	152	0	5	0.3725	128.8	644.0	0.0
25453	332	0	5	0.8225	267.4	1337.0	0.3333333333333333
25454	131	0	5	0.32	91.4	457.0	0.0
25455	144	0	5	0.3525	115.0	575.0	0.3333333333333333
25456	250	0	5	0.6175	137.6	688.0	0.3333333333333333
25457	54	0	5	0.1275	48.0	240.0	0.3333333333333333
25458	349	0	5	0.865	237.4	1187.0	0.6666666666666666
25459	277	1	4	0.69	110.4	552.0	1.0
25460	336	0	5	0.8325	240.4	1202.0	0.6666666666666666
25461	342	0	5	0.8475	229.2	1146.0	0.3333333333333333
25462	396	0	5	0.9825	191.6	958.0	0.6666666666666666
25463	299	0	5	0.74	139.6	698.0	0.6666666666666666
25464	286	0	5	0.7075	166.8	834.0	0.3333333333333333
25465	170	1	4	0.4225	80.0	400.0	1.0
25466	332	0	5	0.8225	182.8	914.0	0.6666666666666666
25467	284	0	5	0.7025	173.2	866.0	0.6666666666666666
25468	370	0	5	0.9175	184.2	921.0	0.6666666666666666
25469	349	0	5	0.865	226.0	1130.0	0.6666666666666666
25470	362	0	5	0.8975	178.0	890.0	0.3333333333333333
25471	90	0	5	0.2175	88.0	440.0	0.0
25472	339	0	5	0.84	162.6	813.0	0.6666666666666666
25473	341	0	5	0.845	188.6	943.0	0.6666666666666666
25474	138	0	5	0.3375	64.6	323.0	0.0
25475	229	0	5	0.565	219.2	1096.0	0.3333333333333333
25476	361	0	5	0.895	152.8	764.0	0.6666666666666666
25477	66	0	5	0.1575	64.0	320.0	0.0
25478	390	0	5	0.9675	246.4	1232.0	0.6666666666666666
25479	106	0	5	0.2575	99.0	495.0	0.3333333333333333
25480	16	0	5	0.0325	14.0	70.0	0.0
25481	149	0	5	0.365	104.8	524.0	0.6666666666666666
25482	185	0	5	0.455	38.2	191.0	0.3333333333333333
25483	269	0	5	0.665	134.4	672.0	0.3333333333333333
25484	149	0	5	0.365	83.6	418.0	0.6666666666666666
25485	13	0	5	0.025	11.0	55.0	0.0
25486	390	1	4	0.9725	240.4	1202.0	1.0
25487	173	0	5	0.425	126.6	633.0	0.0
25488	401	0	5	0.995	297.6	1488.0	0.6666666666666666
25489	115	1	4	0.285	60.6	303.0	1.0
25490	59	0	5	0.14	57.0	285.0	0.0
25491	283	1	4	0.705	248.6	1243.0	1.0
25492	350	0	5	0.8675	265.6	1328.0	0.6666666666666666
25493	391	0	5	0.97	218.6	1093.0	0.6666666666666666
25494	176	0	5	0.4325	69.2	346.0	0.6666666666666666
25495	314	1	4	0.7825	110.8	554.0	1.0
25496	269	0	5	0.665	62.4	312.0	0.6666666666666666
25497	169	0	5	0.415	130.4	652.0	0.3333333333333333
25498	173	0	5	0.425	158.2	791.0	0.3333333333333333
25499	113	0	5	0.275	82.2	411.0	0.3333333333333333
25500	95	0	5	0.23	89.8	449.0	0.3333333333333333
25501	223	0	5	0.55	152.6	763.0	0.3333333333333333
25502	313	0	5	0.775	251.4	1257.0	0.6666666666666666
25503	325	0	5	0.805	263.2	1316.0	0.6666666666666666
25504	36	0	5	0.0825	34.0	170.0	0.0
25505	25	0	5	0.055	13.4	67.0	0.0
25506	262	0	5	0.6475	155.0	775.0	0.0
25507	378	1	4	0.9425	200.0	1000.0	1.0
25508	79	0	5	0.19	65.6	328.0	0.3333333333333333
25509	45	0	5	0.105	43.0	215.0	0.0
25510	249	0	5	0.615	226.8	1134.0	0.6666666666666666
25511	363	0	5	0.9	144.6	723.0	0.3333333333333333
25512	98	0	5	0.2375	77.6	388.0	0.6666666666666666
25513	377	0	5	0.935	229.4	1147.0	0.6666666666666666
25514	182	0	5	0.4475	93.8	469.0	0.3333333333333333
25515	319	0	5	0.79	278.8	1394.0	0.6666666666666666
25516	340	1	4	0.8475	258.4	1292.0	1.0
25517	195	0	5	0.48	76.8	384.0	0.0
25518	185	0	5	0.455	177.2	886.0	0.3333333333333333
25519	333	1	4	0.83	179.6	898.0	1.0
25520	383	0	5	0.95	139.6	698.0	0.6666666666666666
25521	390	0	5	0.9675	187.4	937.0	0.3333333333333333
25522	297	0	5	0.735	71.0	355.0	0.3333333333333333
25523	256	0	5	0.6325	198.4	992.0	0.0
25524	167	0	5	0.41	90.6	453.0	0.3333333333333333
25525	225	1	4	0.56	106.6	533.0	1.0
25526	183	0	5	0.45	111.8	559.0	0.6666666666666666
25527	172	0	5	0.4225	133.6	668.0	0.3333333333333333
25528	315	0	5	0.78	183.4	917.0	0.6666666666666666
25529	226	0	5	0.5575	153.6	768.0	0.3333333333333333
25530	152	0	5	0.3725	79.2	396.0	0.0
25531	216	0	5	0.5325	124.0	620.0	0.3333333333333333
25532	112	0	5	0.2725	89.6	448.0	0.0
25533	258	0	5	0.6375	90.0	450.0	0.3333333333333333
25534	132	1	4	0.3275	29.6	148.0	1.0
25535	242	0	5	0.5975	177.8	889.0	0.3333333333333333
25536	222	0	5	0.5475	193.2	966.0	0.0
25537	184	0	5	0.4525	93.6	468.0	0.6666666666666666
25538	278	0	5	0.6875	178.6	893.0	0.3333333333333333
25539	89	0	5	0.215	28.6	143.0	0.3333333333333333
25540	344	1	4	0.8575	188.0	940.0	1.0
25541	138	0	5	0.3375	62.2	311.0	0.3333333333333333
25542	277	0	5	0.685	188.2	941.0	0.3333333333333333
25543	231	0	5	0.57	115.6	578.0	0.3333333333333333
25544	235	0	5	0.58	147.0	735.0	0.6666666666666666
25545	77	0	5	0.185	60.6	303.0	0.0
25546	268	0	5	0.6625	266.0	1330.0	0.0
25547	110	0	5	0.2675	35.2	176.0	0.3333333333333333
25548	65	0	5	0.155	43.8	219.0	0.0
25549	274	0	5	0.6775	187.2	936.0	0.3333333333333333
25550	102	0	5	0.2475	96.2	481.0	0.3333333333333333
25551	147	0	5	0.36	43.4	217.0	0.6666666666666666
25552	261	0	5	0.645	87.0	435.0	0.6666666666666666
25553	296	0	5	0.7325	137.6	688.0	0.3333333333333333
25554	170	0	5	0.4175	90.4	452.0	0.0
25555	244	1	4	0.6075	135.6	678.0	1.0
25556	92	0	5	0.2225	66.0	330.0	0.0
25557	338	0	5	0.8375	204.8	1024.0	0.3333333333333333
25558	144	1	4	0.3575	34.4	172.0	1.0
25559	216	0	5	0.5325	144.6	723.0	0.6666666666666666
25560	72	0	5	0.1725	70.0	350.0	0.0
25561	282	0	5	0.6975	188.2	941.0	0.6666666666666666
25562	2	0	5	0.0	0.0	0.0	0.0
25563	147	0	5	0.36	145.0	725.0	0.0
25564	224	0	5	0.5525	92.4	462.0	0.6666666666666666
25565	168	0	5	0.4125	89.0	445.0	0.6666666666666666
25566	252	0	5	0.6225	154.6	773.0	0.3333333333333333
25567	334	0	5	0.8275	140.8	704.0	0.6666666666666666
25568	344	1	4	0.8575	117.4	587.0	1.0
25569	6	0	5	0.0075	4.0	20.0	0.0
25570	249	0	5	0.615	247.0	1235.0	0.0
25571	110	0	5	0.2675	108.0	540.0	0.0
25572	384	0	5	0.9525	82.2	411.0	0.6666666666666666
25573	135	0	5	0.33	87.4	437.0	0.6666666666666666
25574	276	1	4	0.6875	113.0	565.0	1.0
25575	294	0	5	0.7275	118.6	593.0	0.0
25576	31	0	5	0.07	29.0	145.0	0.0
25577	401	0	4	0.9975	96.6	483.0	0.6666666666666666
25578	209	0	5	0.515	189.0	945.0	0.3333333333333333
25579	232	0	5	0.5725	144.2	721.0	0.6666666666666666
25580	388	1	4	0.9675	273.2	1366.0	1.0
25581	132	0	5	0.3225	88.6	443.0	0.0
25582	168	1	4	0.4175	106.2	531.0	1.0
25583	154	0	5	0.3775	129.2	646.0	0.0
25584	186	0	5	0.4575	170.8	854.0	0.6666666666666666
25585	174	0	5	0.4275	118.0	590.0	0.3333333333333333
25586	396	0	5	0.9825	181.2	906.0	0.6666666666666666
25587	133	0	5	0.325	89.4	447.0	0.3333333333333333
25588	391	0	5	0.97	164.0	820.0	0.6666666666666666
25589	362	0	5	0.8975	210.0	1050.0	0.6666666666666666
25590	66	0	5	0.1575	64.0	320.0	0.3333333333333333
25591	219	0	5	0.54	206.0	1030.0	0.3333333333333333
25592	259	0	5	0.64	170.6	853.0	0.6666666666666666
25593	213	0	5	0.525	149.8	749.0	0.3333333333333333
25594	323	0	5	0.8	273.8	1369.0	0.0
25595	157	0	5	0.385	139.8	699.0	0.3333333333333333
25596	267	0	5	0.66	191.0	955.0	0.3333333333333333
25597	168	0	5	0.4125	76.8	384.0	0.6666666666666666
25598	210	0	5	0.5175	182.4	912.0	0.0
25599	162	0	5	0.3975	48.2	241.0	0.6666666666666666
25600	229	0	5	0.565	180.6	903.0	0.6666666666666666
25601	327	0	5	0.81	138.2	691.0	0.6666666666666666
25602	176	0	5	0.4325	115.0	575.0	0.3333333333333333
25603	297	0	5	0.735	172.6	863.0	0.3333333333333333
25604	196	0	5	0.4825	164.0	820.0	0.3333333333333333
25605	270	0	5	0.6675	72.8	364.0	0.6666666666666666
25606	396	0	5	0.9825	319.4	1597.0	0.6666666666666666
25607	373	1	4	0.93	260.2	1301.0	1.0
25608	226	0	5	0.5575	164.0	820.0	0.3333333333333333
25609	28	0	5	0.0625	20.4	102.0	0.3333333333333333
25610	47	0	5	0.11	45.0	225.0	0.0
25611	318	0	5	0.7875	218.8	1094.0	0.3333333333333333
25612	273	0	5	0.675	188.6	943.0	0.6666666666666666
25613	368	0	5	0.9125	260.6	1303.0	0.3333333333333333
25614	201	0	5	0.495	130.2	651.0	0.3333333333333333
25615	270	0	5	0.6675	122.8	614.0	0.3333333333333333
25616	343	0	5	0.85	206.4	1032.0	0.6666666666666666
25617	168	0	5	0.4125	106.8	534.0	0.6666666666666666
25618	316	0	5	0.7825	253.0	1265.0	0.3333333333333333
25619	279	0	5	0.69	155.8	779.0	0.3333333333333333
25620	276	1	4	0.6875	83.8	419.0	1.0
25621	302	1	4	0.7525	95.6	478.0	1.0
25622	105	0	5	0.255	103.0	515.0	0.0
25623	214	0	5	0.5275	96.8	484.0	0.6666666666666666
25624	198	0	5	0.4875	88.2	441.0	0.6666666666666666
25625	268	1	4	0.6675	228.0	1140.0	1.0
25626	231	0	5	0.57	228.8	1144.0	0.3333333333333333
25627	31	0	5	0.07	18.2	91.0	0.0
25628	74	0	5	0.1775	72.0	360.0	0.0
25629	82	0	5	0.1975	74.8	374.0	0.3333333333333333
25630	168	0	5	0.4125	166.0	830.0	0.3333333333333333
25631	243	0	5	0.6	164.8	824.0	0.3333333333333333
25632	36	0	5	0.0825	34.0	170.0	0.0
25633	312	1	4	0.7775	94.4	472.0	1.0
25634	106	0	5	0.2575	40.8	204.0	0.0
25635	372	0	5	0.9225	134.0	670.0	0.6666666666666666
25636	258	0	5	0.6375	67.2	336.0	0.3333333333333333
25637	188	0	5	0.4625	129.6	648.0	0.3333333333333333
25638	348	1	4	0.8675	112.0	560.0	1.0
25639	386	0	5	0.9575	221.6	1108.0	0.6666666666666666
25640	260	0	5	0.6425	200.4	1002.0	0.3333333333333333
25641	313	0	5	0.775	156.8	784.0	0.3333333333333333
25642	202	0	5	0.4975	181.8	909.0	0.0
25643	11	0	5	0.02	9.0	45.0	0.0
25644	292	1	4	0.7275	199.6	998.0	1.0
25645	22	0	5	0.0475	20.0	100.0	0.0
25646	102	0	5	0.2475	62.0	310.0	0.3333333333333333
25647	221	0	5	0.545	134.0	670.0	0.6666666666666666
25648	383	0	5	0.95	311.8	1559.0	0.6666666666666666
25649	233	1	4	0.58	208.0	1040.0	1.0
25650	38	0	5	0.0875	36.0	180.0	0.0
25651	271	0	5	0.67	140.2	701.0	0.6666666666666666
25652	137	0	5	0.335	98.2	491.0	0.3333333333333333
25653	330	0	5	0.8175	260.4	1302.0	0.6666666666666666
25654	349	0	5	0.865	247.0	1235.0	0.6666666666666666
25655	338	1	4	0.8425	173.2	866.0	1.0
25656	355	0	5	0.88	208.2	1041.0	0.6666666666666666
25657	51	0	5	0.12	49.0	245.0	0.0
25658	2	0	5	0.0	0.0	0.0	0.0
25659	200	0	5	0.4925	177.0	885.0	0.3333333333333333
25660	327	0	5	0.81	154.6	773.0	0.6666666666666666
25661	248	0	5	0.6125	108.4	542.0	0.6666666666666666
25662	179	0	5	0.44	113.8	569.0	0.0
25663	191	0	5	0.47	83.4	417.0	0.3333333333333333
25664	165	0	5	0.405	135.8	679.0	0.3333333333333333
25665	83	0	5	0.2	81.0	405.0	0.0
25666	293	0	5	0.725	194.6	973.0	0.3333333333333333
25667	279	0	5	0.69	112.0	560.0	0.6666666666666666
25668	344	0	5	0.8525	198.6	993.0	0.6666666666666666
25669	355	0	5	0.88	212.2	1061.0	0.3333333333333333
25670	265	1	4	0.66	137.0	685.0	1.0
25671	46	0	5	0.1075	16.0	80.0	0.3333333333333333
25672	68	0	5	0.1625	66.0	330.0	0.0
25673	239	0	5	0.59	237.0	1185.0	0.0
25674	284	0	5	0.7025	171.2	856.0	0.6666666666666666
25675	309	0	5	0.765	178.4	892.0	0.3333333333333333
25676	345	0	5	0.855	153.4	767.0	0.6666666666666666
25677	311	0	5	0.77	127.6	638.0	0.6666666666666666
25678	192	0	5	0.4725	133.8	669.0	0.6666666666666666
25679	153	0	5	0.375	83.0	415.0	0.6666666666666666
25680	93	0	5	0.225	80.6	403.0	0.3333333333333333
25681	174	0	5	0.4275	120.8	604.0	0.0
25682	212	0	5	0.5225	178.2	891.0	0.3333333333333333
25683	247	0	5	0.61	103.8	519.0	0.6666666666666666
25684	128	1	4	0.3175	62.0	310.0	1.0
25685	320	0	5	0.7925	161.0	805.0	0.3333333333333333
25686	316	0	5	0.7825	250.2	1251.0	0.3333333333333333
25687	280	0	5	0.6925	178.8	894.0	0.6666666666666666
25688	222	1	4	0.5525	124.8	624.0	1.0
25689	223	0	5	0.55	117.8	589.0	0.6666666666666666
25690	282	0	5	0.6975	209.6	1048.0	0.3333333333333333
25691	318	0	5	0.7875	106.4	532.0	0.3333333333333333
25692	163	0	5	0.4	108.4	542.0	0.6666666666666666
25693	331	0	5	0.82	153.4	767.0	0.6666666666666666
25694	177	0	5	0.435	118.2	591.0	0.0
25695	294	1	4	0.7325	234.4	1172.0	1.0
25696	364	0	5	0.9025	239.4	1197.0	0.6666666666666666
25697	284	0	5	0.7025	80.8	404.0	0.6666666666666666
25698	144	0	5	0.3525	142.0	710.0	0.0
25699	394	1	4	0.9825	181.2	906.0	1.0
25700	362	0	5	0.8975	306.8	1534.0	0.6666666666666666
25701	157	0	5	0.385	106.6	533.0	0.6666666666666666
25702	93	0	5	0.225	77.4	387.0	0.3333333333333333
25703	214	0	5	0.5275	124.4	622.0	0.6666666666666666
25704	332	0	5	0.8225	177.0	885.0	0.6666666666666666
25705	108	0	5	0.2625	81.2	406.0	0.3333333333333333
25706	119	0	5	0.29	110.0	550.0	0.0
25707	401	0	5	0.995	234.2	1171.0	0.6666666666666666
25708	120	0	5	0.2925	104.2	521.0	0.3333333333333333
25709	224	0	5	0.5525	179.8	899.0	0.3333333333333333
25710	299	0	5	0.74	151.8	759.0	0.0
25711	10	0	5	0.0175	8.0	40.0	0.0
25712	364	0	5	0.9025	153.2	766.0	0.6666666666666666
25713	118	0	5	0.2875	60.2	301.0	0.3333333333333333
25714	144	0	5	0.3525	131.6	658.0	0.3333333333333333
25715	285	0	5	0.705	237.8	1189.0	0.0
25716	87	0	5	0.21	44.0	220.0	0.6666666666666666
25717	75	0	5	0.18	39.4	197.0	0.3333333333333333
25718	233	1	4	0.58	103.4	517.0	1.0
25719	221	0	5	0.545	111.0	555.0	0.6666666666666666
25720	395	0	5	0.98	244.2	1221.0	0.6666666666666666
25721	247	0	5	0.61	203.0	1015.0	0.3333333333333333
25722	106	0	5	0.2575	104.0	520.0	0.0
25723	243	0	5	0.6	174.6	873.0	0.0
25724	238	0	5	0.5875	207.8	1039.0	0.0
25725	277	0	5	0.685	204.2	1021.0	0.3333333333333333
25726	89	0	5	0.215	27.0	135.0	0.3333333333333333
25727	53	0	5	0.125	51.0	255.0	0.0
25728	199	0	5	0.49	87.4	437.0	0.3333333333333333
25729	239	1	4	0.595	86.2	431.0	1.0
25730	125	0	5	0.305	123.0	615.0	0.0
25731	133	0	5	0.325	102.8	514.0	0.3333333333333333
25732	217	0	5	0.535	159.8	799.0	0.0
25733	400	0	5	0.9925	234.8	1174.0	0.6666666666666666
25734	237	0	5	0.585	235.0	1175.0	0.0
25735	54	0	5	0.1275	52.0	260.0	0.0
25736	207	0	5	0.51	41.2	206.0	0.3333333333333333
25737	217	0	5	0.535	86.6	433.0	0.6666666666666666
25738	245	0	5	0.605	98.6	493.0	0.6666666666666666
25739	146	0	5	0.3575	76.4	382.0	0.6666666666666666
25740	336	0	5	0.8325	173.0	865.0	0.3333333333333333
25741	310	0	5	0.7675	169.0	845.0	0.6666666666666666
25742	123	0	5	0.3	88.4	442.0	0.3333333333333333
25743	17	0	5	0.035	15.0	75.0	0.0
25744	163	0	5	0.4	98.2	491.0	0.0
25745	19	0	5	0.04	17.0	85.0	0.0
25746	176	0	5	0.4325	161.6	808.0	0.0
25747	126	0	5	0.3075	101.6	508.0	0.3333333333333333
25748	258	0	5	0.6375	90.8	454.0	0.6666666666666666
25749	299	0	5	0.74	246.2	1231.0	0.3333333333333333
25750	182	0	5	0.4475	130.8	654.0	0.0
25751	287	0	5	0.71	121.2	606.0	0.3333333333333333
25752	242	0	5	0.5975	105.2	526.0	0.6666666666666666
25753	373	0	5	0.925	245.2	1226.0	0.6666666666666666
25754	149	1	4	0.37	109.4	547.0	1.0
25755	170	0	5	0.4175	148.8	744.0	0.3333333333333333
25756	233	0	5	0.575	70.2	351.0	0.6666666666666666
25757	236	0	5	0.5825	85.6	428.0	0.6666666666666666
25758	208	0	5	0.5125	194.8	974.0	0.0
25759	267	0	5	0.66	262.6	1313.0	0.3333333333333333
25760	30	0	5	0.0675	28.0	140.0	0.0
25761	99	0	5	0.24	42.4	212.0	0.3333333333333333
25762	39	0	5	0.09	37.0	185.0	0.0
25763	74	0	5	0.1775	16.8	84.0	0.6666666666666666
25764	117	0	5	0.285	115.0	575.0	0.0
25765	270	0	5	0.6675	211.0	1055.0	0.3333333333333333
25766	163	1	4	0.405	125.2	626.0	1.0
25767	274	0	5	0.6775	134.2	671.0	0.6666666666666666
25768	377	0	5	0.935	190.4	952.0	0.6666666666666666
25769	165	0	5	0.405	60.6	303.0	0.3333333333333333
25770	338	0	5	0.8375	120.0	600.0	0.6666666666666666
25771	228	0	5	0.5625	214.0	1070.0	0.3333333333333333
25772	194	0	5	0.4775	122.4	612.0	0.3333333333333333
25773	261	0	5	0.645	87.4	437.0	0.3333333333333333
25774	324	0	5	0.8025	237.6	1188.0	0.3333333333333333
25775	343	0	5	0.85	301.8	1509.0	0.3333333333333333
25776	108	0	5	0.2625	44.8	224.0	0.0
25777	252	0	5	0.6225	117.2	586.0	0.0
25778	358	0	5	0.8875	272.4	1362.0	0.6666666666666666
25779	328	0	5	0.8125	191.2	956.0	0.3333333333333333
25780	227	0	5	0.56	104.0	520.0	0.3333333333333333
25781	131	0	5	0.32	111.0	555.0	0.3333333333333333
25782	31	0	5	0.07	20.2	101.0	0.0
25783	231	0	5	0.57	226.8	1134.0	0.3333333333333333
25784	91	0	5	0.22	89.0	445.0	0.0
25785	251	1	4	0.625	123.0	615.0	1.0
25786	316	0	5	0.7825	165.4	827.0	0.0
25787	266	0	5	0.6575	157.0	785.0	0.6666666666666666
25788	309	0	5	0.765	185.2	926.0	0.6666666666666666
25789	202	0	5	0.4975	194.0	970.0	0.0
25790	49	0	5	0.115	36.2	181.0	0.3333333333333333
25791	192	0	5	0.4725	140.0	700.0	0.3333333333333333
25792	256	0	5	0.6325	205.0	1025.0	0.3333333333333333
25793	195	0	5	0.48	105.0	525.0	0.3333333333333333
25794	342	1	4	0.8525	298.0	1490.0	1.0
25795	177	0	5	0.435	133.2	666.0	0.6666666666666666
25796	283	0	5	0.7	161.0	805.0	0.6666666666666666
25797	246	0	5	0.6075	101.2	506.0	0.6666666666666666
25798	227	1	4	0.565	89.2	446.0	1.0
25799	120	0	5	0.2925	56.8	284.0	0.3333333333333333
25800	163	0	5	0.4	136.0	680.0	0.3333333333333333
25801	234	1	4	0.5825	119.4	597.0	1.0
25802	303	0	5	0.75	199.8	999.0	0.6666666666666666
25803	285	1	3	0.71	203.4	1017.0	1.0
25804	218	0	5	0.5375	180.0	900.0	0.3333333333333333
25805	307	0	5	0.76	141.8	709.0	0.6666666666666666
25806	335	1	4	0.835	238.4	1192.0	1.0
25807	161	1	4	0.4	67.4	337.0	1.0
25808	247	0	5	0.61	104.8	524.0	0.3333333333333333
25809	320	0	5	0.7925	192.6	963.0	0.3333333333333333
25810	109	0	5	0.265	107.0	535.0	0.0
25811	106	0	5	0.2575	84.0	420.0	0.0
25812	392	0	5	0.9725	181.8	909.0	0.6666666666666666
25813	207	0	5	0.51	157.0	785.0	0.3333333333333333
25814	204	0	5	0.5025	103.0	515.0	0.3333333333333333
25815	264	1	4	0.6575	149.6	748.0	1.0
25816	328	0	5	0.8125	139.4	697.0	0.6666666666666666
25817	277	0	5	0.685	163.4	817.0	0.3333333333333333
25818	349	1	4	0.87	127.4	637.0	1.0
25819	364	1	4	0.9075	141.8	709.0	1.0
25820	23	0	5	0.05	21.0	105.0	0.0
25821	324	1	4	0.8075	220.8	1104.0	1.0
25822	161	0	5	0.395	89.8	449.0	0.3333333333333333
25823	253	0	5	0.625	240.4	1202.0	0.6666666666666666
25824	51	0	5	0.12	34.6	173.0	0.0
25825	293	0	5	0.725	204.6	1023.0	0.3333333333333333
25826	147	0	5	0.36	89.4	447.0	0.3333333333333333
25827	317	0	5	0.785	144.8	724.0	0.3333333333333333
25828	120	0	5	0.2925	48.4	242.0	0.3333333333333333
25829	336	0	5	0.8325	230.8	1154.0	0.6666666666666666
25830	140	0	5	0.3425	96.6	483.0	0.3333333333333333
25831	139	0	5	0.34	100.6	503.0	0.0
25832	393	1	4	0.98	193.8	969.0	1.0
25833	132	0	5	0.3225	55.6	278.0	0.6666666666666666
25834	224	0	5	0.5525	85.4	427.0	0.6666666666666666
25835	224	0	5	0.5525	214.0	1070.0	0.3333333333333333
25836	253	0	5	0.625	195.2	976.0	0.3333333333333333
25837	134	0	5	0.3275	98.4	492.0	0.0
25838	75	0	5	0.18	17.0	85.0	0.3333333333333333
25839	304	0	5	0.7525	123.6	618.0	0.3333333333333333
25840	347	0	5	0.86	114.6	573.0	0.6666666666666666
25841	305	0	5	0.755	219.6	1098.0	0.6666666666666666
25842	360	0	5	0.8925	196.0	980.0	0.6666666666666666
25843	335	0	5	0.83	197.8	989.0	0.6666666666666666
25844	110	1	4	0.2725	81.2	406.0	1.0
25845	280	1	4	0.6975	131.6	658.0	1.0
25846	339	1	4	0.845	207.8	1039.0	1.0
25847	241	0	5	0.595	124.4	622.0	0.3333333333333333
25848	105	0	5	0.255	91.0	455.0	0.3333333333333333
25849	394	1	4	0.9825	332.6	1663.0	1.0
25850	124	0	5	0.3025	101.2	506.0	0.3333333333333333
25851	199	0	5	0.49	126.2	631.0	0.0
25852	60	0	5	0.1425	26.2	131.0	0.0
25853	157	0	5	0.385	129.2	646.0	0.3333333333333333
25854	279	0	5	0.69	277.0	1385.0	0.0
25855	343	0	5	0.85	181.4	907.0	0.3333333333333333
25856	188	0	5	0.4625	97.0	485.0	0.6666666666666666
25857	238	1	4	0.5925	151.2	756.0	1.0
25858	285	0	5	0.705	164.6	823.0	0.6666666666666666
25859	120	0	5	0.2925	118.0	590.0	0.0
25860	366	0	5	0.9075	149.0	745.0	0.6666666666666666
25861	325	0	5	0.805	126.2	631.0	0.6666666666666666
25862	316	0	5	0.7825	214.0	1070.0	0.3333333333333333
25863	46	0	5	0.1075	44.0	220.0	0.0
25864	97	0	5	0.235	49.8	249.0	0.3333333333333333
25865	132	0	5	0.3225	53.2	266.0	0.3333333333333333
25866	150	0	5	0.3675	105.4	527.0	0.3333333333333333
25867	64	0	5	0.1525	43.4	217.0	0.0
25868	99	0	5	0.24	83.8	419.0	0.3333333333333333
25869	172	0	5	0.4225	145.6	728.0	0.6666666666666666
25870	353	1	4	0.88	175.4	877.0	1.0
25871	305	1	4	0.76	99.4	497.0	1.0
25872	325	0	5	0.805	167.8	839.0	0.3333333333333333
25873	89	0	5	0.215	87.0	435.0	0.0
25874	325	0	5	0.805	184.0	920.0	0.6666666666666666
25875	248	0	5	0.6125	72.8	364.0	0.3333333333333333
25876	42	0	5	0.0975	40.0	200.0	0.0
25877	6	0	5	0.0075	2.6	13.0	0.0
25878	96	0	5	0.2325	84.4	422.0	0.3333333333333333
25879	120	0	5	0.2925	55.0	275.0	0.3333333333333333
25880	189	0	5	0.465	56.6	283.0	0.3333333333333333
25881	302	1	4	0.7525	81.2	406.0	1.0
25882	295	0	5	0.73	67.8	339.0	0.6666666666666666
25883	311	0	5	0.77	157.0	785.0	0.6666666666666666
25884	117	0	5	0.285	36.8	184.0	0.0
25885	4	0	5	0.0025	2.0	10.0	0.0
25886	379	1	4	0.945	147.6	738.0	1.0
25887	224	0	5	0.5525	222.0	1110.0	0.3333333333333333
25888	104	0	5	0.2525	96.0	480.0	0.0
25889	352	0	5	0.8725	169.2	846.0	0.6666666666666666
25890	291	0	5	0.72	163.8	819.0	0.6666666666666666
25891	225	0	5	0.555	89.4	447.0	0.3333333333333333
25892	328	0	5	0.8125	168.0	840.0	0.3333333333333333
25893	123	0	5	0.3	76.8	384.0	0.3333333333333333
25894	184	0	5	0.4525	117.6	588.0	0.0
25895	75	0	5	0.18	73.0	365.0	0.0
25896	377	0	5	0.935	150.8	754.0	0.6666666666666666
25897	172	0	5	0.4225	106.8	534.0	0.6666666666666666
25898	230	0	5	0.5675	174.6	873.0	0.3333333333333333
25899	134	0	5	0.3275	91.2	456.0	0.0
25900	203	0	5	0.5	53.0	265.0	0.3333333333333333
25901	60	0	5	0.1425	43.2	216.0	0.0
25902	200	0	5	0.4925	125.0	625.0	0.6666666666666666
25903	331	1	4	0.825	277.4	1387.0	1.0
25904	197	0	5	0.485	165.8	829.0	0.3333333333333333
25905	114	0	5	0.2775	112.0	560.0	0.0
25906	289	1	4	0.72	188.2	941.0	1.0
25907	343	0	5	0.85	228.4	1142.0	0.6666666666666666
25908	169	0	5	0.415	116.4	582.0	0.3333333333333333
25909	134	0	5	0.3275	119.2	596.0	0.3333333333333333
25910	336	0	5	0.8325	230.0	1150.0	0.6666666666666666
25911	106	0	5	0.2575	44.8	224.0	0.3333333333333333
25912	277	1	4	0.69	128.4	642.0	1.0
25913	130	0	5	0.3175	94.8	474.0	0.3333333333333333
25914	5	0	5	0.005	3.0	15.0	0.0
25915	275	0	5	0.68	210.8	1054.0	0.6666666666666666
25916	301	0	5	0.745	205.4	1027.0	0.6666666666666666
25917	200	0	5	0.4925	69.2	346.0	0.6666666666666666
25918	25	0	5	0.055	23.0	115.0	0.0
25919	127	0	5	0.31	109.6	548.0	0.3333333333333333
25920	41	0	5	0.095	30.0	150.0	0.3333333333333333
25921	286	0	5	0.7075	282.8	1414.0	0.0
25922	109	0	5	0.265	71.0	355.0	0.3333333333333333
25923	343	0	5	0.85	314.8	1574.0	0.6666666666666666
25924	74	0	5	0.1775	72.0	360.0	0.0
25925	378	0	5	0.9375	119.2	596.0	0.6666666666666666
25926	289	0	5	0.715	188.6	943.0	0.3333333333333333
25927	373	0	5	0.925	362.4	1812.0	0.6666666666666666
25928	136	0	5	0.3325	116.0	580.0	0.3333333333333333
25929	163	0	5	0.4	135.2	676.0	0.0
25930	206	0	5	0.5075	92.4	462.0	0.6666666666666666
25931	2	0	5	0.0	0.0	0.0	0.0
25932	79	1	4	0.195	45.2	226.0	1.0
25933	309	0	5	0.765	181.4	907.0	0.6666666666666666
25934	85	0	5	0.205	69.6	348.0	0.3333333333333333
25935	175	0	5	0.43	36.0	180.0	0.3333333333333333
25936	4	0	5	0.0025	2.0	10.0	0.0
25937	260	0	5	0.6425	173.6	868.0	0.3333333333333333
25938	334	0	5	0.8275	187.6	938.0	0.3333333333333333
25939	209	1	4	0.52	85.0	425.0	1.0
25940	277	0	5	0.685	155.0	775.0	0.6666666666666666
25941	240	0	5	0.5925	104.0	520.0	0.6666666666666666
25942	203	0	5	0.5	119.4	597.0	0.0
25943	243	0	5	0.6	151.8	759.0	0.3333333333333333
25944	395	1	4	0.985	137.0	685.0	1.0
25945	220	0	5	0.5425	92.0	460.0	0.6666666666666666
25946	137	0	5	0.335	135.0	675.0	0.0
25947	231	0	5	0.57	165.4	827.0	0.6666666666666666
25948	400	1	4	0.9975	263.8	1319.0	1.0
25949	48	0	5	0.1125	33.4	167.0	0.3333333333333333
25950	251	0	5	0.62	119.4	597.0	0.6666666666666666
25951	126	0	5	0.3075	124.0	620.0	0.0
25952	68	0	5	0.1625	65.0	325.0	0.3333333333333333
25953	60	0	5	0.1425	50.2	251.0	0.3333333333333333
25954	178	0	5	0.4375	148.2	741.0	0.6666666666666666
25955	363	1	4	0.905	241.0	1205.0	1.0
25956	165	0	5	0.405	115.6	578.0	0.3333333333333333
25957	186	0	5	0.4575	136.8	684.0	0.3333333333333333
25958	291	0	5	0.72	253.0	1265.0	0.3333333333333333
25959	39	0	5	0.09	30.2	151.0	0.0
25960	305	0	5	0.755	216.4	1082.0	0.6666666666666666
25961	64	0	5	0.1525	42.8	214.0	0.3333333333333333
25962	303	0	5	0.75	217.0	1085.0	0.3333333333333333
25963	401	0	4	0.9975	80.2	401.0	0.6666666666666666
25964	30	0	5	0.0675	26.2	131.0	0.3333333333333333
25965	34	0	5	0.0775	32.0	160.0	0.0
25966	62	0	5	0.1475	13.6	68.0	0.6666666666666666
25967	156	0	5	0.3825	76.6	383.0	0.0
25968	132	0	5	0.3225	85.2	426.0	0.6666666666666666
25969	69	0	5	0.165	67.0	335.0	0.0
25970	74	1	4	0.1825	50.8	254.0	1.0
25971	58	0	5	0.1375	14.4	72.0	0.3333333333333333
25972	295	0	5	0.73	170.6	853.0	0.0
25973	394	0	5	0.9775	263.2	1316.0	0.3333333333333333
25974	215	1	4	0.535	103.8	519.0	1.0
25975	230	1	4	0.5725	204.2	1021.0	1.0
25976	11	0	5	0.02	9.0	45.0	0.0
25977	287	1	4	0.715	228.6	1143.0	1.0
25978	54	0	5	0.1275	52.0	260.0	0.0
25979	333	0	5	0.825	75.6	378.0	0.6666666666666666
25980	127	0	5	0.31	125.0	625.0	0.0
25981	75	0	5	0.18	61.4	307.0	0.3333333333333333
25982	146	0	5	0.3575	119.4	597.0	0.0
25983	394	1	4	0.9825	216.8	1084.0	1.0
25984	345	0	5	0.855	116.6	583.0	0.6666666666666666
25985	226	0	5	0.5575	160.8	804.0	0.3333333333333333
25986	263	0	5	0.65	196.2	981.0	0.0
25987	264	0	5	0.6525	216.2	1081.0	0.3333333333333333
25988	259	0	5	0.64	93.4	467.0	0.3333333333333333
25989	302	1	4	0.7525	151.4	757.0	1.0
25990	186	0	5	0.4575	139.6	698.0	0.6666666666666666
25991	255	0	5	0.63	239.8	1199.0	0.3333333333333333
25992	183	0	5	0.45	76.6	383.0	0.6666666666666666
25993	46	0	5	0.1075	44.0	220.0	0.0
25994	321	0	5	0.795	216.0	1080.0	0.3333333333333333
25995	129	0	5	0.315	63.6	318.0	0.3333333333333333
25996	237	0	5	0.585	211.0	1055.0	0.0
25997	368	0	5	0.9125	238.8	1194.0	0.6666666666666666
25998	205	0	5	0.505	203.0	1015.0	0.0
25999	187	0	5	0.46	67.8	339.0	0.6666666666666666
26000	211	0	5	0.52	180.2	901.0	0.0
26001	248	0	5	0.6125	155.2	776.0	0.6666666666666666
26002	366	0	5	0.9075	162.4	812.0	0.6666666666666666
26003	66	0	5	0.1575	63.8	319.0	0.0
26004	9	0	5	0.015	5.4	27.0	0.3333333333333333
26005	351	0	5	0.87	153.2	766.0	0.6666666666666666
26006	342	0	5	0.8475	139.4	697.0	0.6666666666666666
26007	249	0	5	0.615	187.4	937.0	0.3333333333333333
26008	354	1	4	0.8825	157.2	786.0	1.0
26009	161	0	5	0.395	144.6	723.0	0.3333333333333333
26010	240	0	5	0.5925	192.4	962.0	0.3333333333333333
26011	372	0	5	0.9225	208.0	1040.0	0.6666666666666666
26012	82	0	5	0.1975	80.0	400.0	0.0
26013	63	0	5	0.15	27.4	137.0	0.3333333333333333
26014	196	0	5	0.4825	175.8	879.0	0.0
26015	244	0	5	0.6025	133.6	668.0	0.6666666666666666
26016	143	0	5	0.35	90.6	453.0	0.3333333333333333
26017	78	0	5	0.1875	15.4	77.0	0.3333333333333333
26018	367	1	4	0.915	271.6	1358.0	1.0
26019	133	0	5	0.325	105.4	527.0	0.0
26020	350	0	5	0.8675	253.6	1268.0	0.6666666666666666
26021	72	0	5	0.1725	70.0	350.0	0.0
26022	198	0	5	0.4875	164.8	824.0	0.3333333333333333
26023	381	0	5	0.945	256.4	1282.0	0.6666666666666666
26024	233	0	5	0.575	100.8	504.0	0.3333333333333333
26025	399	1	4	0.995	290.6	1453.0	1.0
26026	245	0	5	0.605	131.6	658.0	0.3333333333333333
26027	384	0	5	0.9525	377.0	1885.0	0.6666666666666666
26028	126	0	5	0.3075	102.0	510.0	0.3333333333333333
26029	142	0	5	0.3475	106.4	532.0	0.3333333333333333
26030	392	0	5	0.9725	166.4	832.0	0.6666666666666666
26031	158	0	5	0.3875	123.6	618.0	0.3333333333333333
26032	113	0	5	0.275	111.0	555.0	0.0
26033	60	0	5	0.1425	58.0	290.0	0.0
26034	169	0	5	0.415	97.4	487.0	0.3333333333333333
26035	368	1	4	0.9175	237.6	1188.0	1.0
26036	325	0	5	0.805	252.2	1261.0	0.6666666666666666
26037	206	0	5	0.5075	142.8	714.0	0.0
26038	346	0	5	0.8575	138.0	690.0	0.6666666666666666
26039	286	0	5	0.7075	189.8	949.0	0.6666666666666666
26040	37	0	5	0.085	35.0	175.0	0.0
26041	10	0	5	0.0175	8.0	40.0	0.3333333333333333
26042	183	1	4	0.455	86.0	430.0	1.0
26043	362	1	4	0.9025	225.2	1126.0	1.0
26044	149	0	5	0.365	147.0	735.0	0.0
26045	140	0	5	0.3425	38.8	194.0	0.3333333333333333
26046	285	1	4	0.71	82.6	413.0	1.0
26047	373	0	5	0.925	289.6	1448.0	0.3333333333333333
26048	40	0	5	0.0925	33.8	169.0	0.3333333333333333
26049	181	0	5	0.445	70.2	351.0	0.3333333333333333
26050	64	0	5	0.1525	62.0	310.0	0.0
26051	391	0	5	0.97	211.6	1058.0	0.6666666666666666
26052	299	0	5	0.74	253.2	1266.0	0.6666666666666666
26053	258	0	5	0.6375	165.2	826.0	0.6666666666666666
26054	225	0	5	0.555	179.4	897.0	0.3333333333333333
26055	374	0	5	0.9275	107.0	535.0	0.6666666666666666
26056	208	0	5	0.5125	64.0	320.0	0.6666666666666666
26057	95	0	5	0.23	93.0	465.0	0.0
26058	134	0	5	0.3275	62.6	313.0	0.3333333333333333
26059	228	0	5	0.5625	188.0	940.0	0.3333333333333333
26060	167	0	5	0.41	165.0	825.0	0.0
26061	386	0	5	0.9575	277.4	1387.0	0.6666666666666666
26062	102	0	5	0.2475	46.0	230.0	0.3333333333333333
26063	327	0	5	0.81	235.4	1177.0	0.3333333333333333
26064	103	0	5	0.25	52.2	261.0	0.6666666666666666
26065	103	0	5	0.25	76.2	381.0	0.0
26066	10	0	5	0.0175	8.0	40.0	0.0
26067	174	0	5	0.4275	79.6	398.0	0.6666666666666666
26068	32	0	5	0.0725	30.0	150.0	0.0
26069	15	0	5	0.03	13.0	65.0	0.0
26070	316	0	5	0.7825	207.8	1039.0	0.3333333333333333
26071	333	0	5	0.825	289.4	1447.0	0.0
26072	100	0	5	0.2425	87.6	438.0	0.0
26073	339	0	5	0.84	238.2	1191.0	0.6666666666666666
26074	178	0	5	0.4375	176.0	880.0	0.0
26075	290	0	5	0.7175	223.6	1118.0	0.6666666666666666
26076	256	0	5	0.6325	132.8	664.0	0.6666666666666666
26077	113	0	5	0.275	95.0	475.0	0.3333333333333333
26078	252	0	5	0.6225	165.2	826.0	0.6666666666666666
26079	106	0	5	0.2575	88.6	443.0	0.3333333333333333
26080	351	0	5	0.87	191.8	959.0	0.6666666666666666
26081	267	0	5	0.66	101.2	506.0	0.0
26082	203	0	5	0.5	164.6	823.0	0.6666666666666666
26083	151	0	5	0.37	47.0	235.0	0.3333333333333333
26084	154	0	5	0.3775	115.2	576.0	0.0
26085	78	0	5	0.1875	55.6	278.0	0.3333333333333333
26086	306	0	5	0.7575	249.8	1249.0	0.6666666666666666
26087	136	0	5	0.3325	85.2	426.0	0.3333333333333333
26088	35	0	5	0.08	29.0	145.0	0.3333333333333333
26089	377	0	5	0.935	210.6	1053.0	0.3333333333333333
26090	288	0	5	0.7125	153.8	769.0	0.3333333333333333
26091	185	0	5	0.455	67.8	339.0	0.3333333333333333
26092	87	0	5	0.21	85.0	425.0	0.0
26093	321	0	5	0.795	249.8	1249.0	0.3333333333333333
26094	247	0	5	0.61	64.8	324.0	0.6666666666666666
26095	275	0	5	0.68	111.6	558.0	0.0
26096	137	0	5	0.335	117.0	585.0	0.3333333333333333
26097	112	0	5	0.2725	110.0	550.0	0.0
26098	6	0	5	0.0075	4.0	20.0	0.0
26099	262	0	5	0.6475	127.0	635.0	0.6666666666666666
26100	315	0	5	0.78	224.0	1120.0	0.3333333333333333
26101	367	0	5	0.91	255.6	1278.0	0.3333333333333333
26102	347	0	5	0.86	233.2	1166.0	0.3333333333333333
26103	254	0	5	0.6275	121.4	607.0	0.3333333333333333
26104	30	0	5	0.0675	28.0	140.0	0.0
26105	146	0	5	0.3575	124.8	624.0	0.3333333333333333
26106	256	0	5	0.6325	67.6	338.0	0.3333333333333333
26107	388	0	5	0.9625	275.8	1379.0	0.6666666666666666
26108	399	1	4	0.995	141.6	708.0	1.0
26109	246	0	5	0.6075	126.2	631.0	0.3333333333333333
26110	97	0	5	0.235	95.0	475.0	0.0
26111	129	0	5	0.315	127.0	635.0	0.0
26112	137	0	5	0.335	135.0	675.0	0.0
26113	40	0	5	0.0925	38.0	190.0	0.0
26114	189	0	5	0.465	103.0	515.0	0.3333333333333333
26115	341	0	5	0.845	177.6	888.0	0.6666666666666666
26116	379	1	3	0.945	304.4	1522.0	1.0
26117	246	0	5	0.6075	136.0	680.0	0.3333333333333333
26118	223	1	4	0.555	137.0	685.0	1.0
26119	167	1	4	0.415	130.2	651.0	1.0
26120	185	1	4	0.46	134.6	673.0	1.0
26121	246	0	5	0.6075	161.6	808.0	0.0
26122	311	0	5	0.77	262.8	1314.0	0.3333333333333333
26123	167	0	5	0.41	165.0	825.0	0.0
26124	166	0	5	0.4075	110.0	550.0	0.3333333333333333
26125	373	0	5	0.925	187.4	937.0	0.3333333333333333
26126	224	0	5	0.5525	158.6	793.0	0.3333333333333333
26127	65	0	5	0.155	63.0	315.0	0.0
26128	216	0	5	0.5325	140.0	700.0	0.6666666666666666
26129	371	0	5	0.92	183.4	917.0	0.6666666666666666
26130	205	0	5	0.505	101.4	507.0	0.6666666666666666
26131	111	0	5	0.27	109.0	545.0	0.0
26132	136	0	5	0.3325	113.4	567.0	0.3333333333333333
26133	13	0	5	0.025	11.0	55.0	0.0
26134	391	0	5	0.97	218.6	1093.0	0.6666666666666666
26135	139	0	5	0.34	81.4	407.0	0.3333333333333333
26136	41	0	5	0.095	33.4	167.0	0.3333333333333333
26137	34	0	5	0.0775	30.4	152.0	0.3333333333333333
26138	86	0	5	0.2075	58.4	292.0	0.3333333333333333
26139	384	1	4	0.9575	204.0	1020.0	1.0
26140	116	0	5	0.2825	114.0	570.0	0.0
26141	295	0	5	0.73	169.6	848.0	0.6666666666666666
26142	265	0	5	0.655	179.4	897.0	0.6666666666666666
26143	401	0	5	0.995	205.6	1028.0	0.6666666666666666
26144	296	0	5	0.7325	130.8	654.0	0.3333333333333333
26145	247	0	5	0.61	151.2	756.0	0.3333333333333333
26146	17	0	5	0.035	15.0	75.0	0.0
26147	54	0	5	0.1275	47.8	239.0	0.3333333333333333
26148	47	0	5	0.11	18.2	91.0	0.3333333333333333
26149	189	0	5	0.465	176.6	883.0	0.3333333333333333
26150	138	0	5	0.3375	56.0	280.0	0.3333333333333333
26151	379	0	5	0.94	239.0	1195.0	0.6666666666666666
26152	45	0	5	0.105	43.0	215.0	0.0
26153	259	1	4	0.645	150.8	754.0	1.0
26154	196	0	5	0.4825	98.6	493.0	0.6666666666666666
26155	276	0	5	0.6825	75.8	379.0	0.3333333333333333
26156	401	0	4	0.9975	257.4	1287.0	0.6666666666666666
26157	295	0	5	0.73	179.2	896.0	0.6666666666666666
26158	270	0	5	0.6675	164.8	824.0	0.6666666666666666
26159	29	0	5	0.065	27.0	135.0	0.0
26160	90	0	5	0.2175	45.4	227.0	0.0
26161	285	1	4	0.71	109.0	545.0	1.0
26162	209	1	4	0.52	124.6	623.0	1.0
26163	211	0	5	0.52	99.4	497.0	0.3333333333333333
26164	328	0	5	0.8125	108.4	542.0	0.6666666666666666
26165	344	0	5	0.8525	156.6	783.0	0.6666666666666666
26166	200	0	5	0.4925	164.8	824.0	0.3333333333333333
26167	220	0	5	0.5425	146.4	732.0	0.3333333333333333
26168	278	0	5	0.6875	227.0	1135.0	0.6666666666666666
26169	17	0	5	0.035	11.8	59.0	0.0
26170	303	1	4	0.755	262.2	1311.0	1.0
26171	198	0	5	0.4875	111.6	558.0	0.3333333333333333
26172	28	0	5	0.0625	16.8	84.0	0.0
26173	275	0	5	0.68	175.6	878.0	0.6666666666666666
26174	135	0	5	0.33	81.6	408.0	0.3333333333333333
26175	163	1	4	0.405	95.0	475.0	1.0
26176	48	0	5	0.1125	36.4	182.0	0.3333333333333333
26177	311	0	5	0.77	123.6	618.0	0.6666666666666666
26178	3	0	5	0.0025	0.2	1.0	0.3333333333333333
26179	86	0	5	0.2075	56.8	284.0	0.0
26180	288	0	5	0.7125	244.2	1221.0	0.3333333333333333
26181	77	0	5	0.185	60.6	303.0	0.3333333333333333
26182	174	0	5	0.4275	150.8	754.0	0.3333333333333333
26183	234	0	5	0.5775	63.4	317.0	0.6666666666666666
26184	138	0	5	0.3375	52.0	260.0	0.3333333333333333
26185	33	0	5	0.075	31.0	155.0	0.0
26186	389	0	5	0.965	258.6	1293.0	0.6666666666666666
26187	153	0	5	0.375	128.2	641.0	0.6666666666666666
26188	286	0	5	0.7075	169.6	848.0	0.3333333333333333
26189	328	0	5	0.8125	286.0	1430.0	0.6666666666666666
26190	241	0	5	0.595	182.4	912.0	0.3333333333333333
26191	254	1	4	0.6325	94.8	474.0	1.0
26192	286	0	5	0.7075	217.0	1085.0	0.3333333333333333
26193	285	0	5	0.705	131.6	658.0	0.3333333333333333
26194	65	0	5	0.155	46.2	231.0	0.0
26195	398	1	4	0.9925	210.0	1050.0	1.0
26196	277	0	5	0.685	267.2	1336.0	0.3333333333333333
26197	214	0	5	0.5275	170.0	850.0	0.0
26198	357	1	4	0.89	149.2	746.0	1.0
26199	399	0	5	0.99	213.6	1068.0	0.6666666666666666
26200	280	0	5	0.6925	122.0	610.0	0.3333333333333333
26201	226	0	5	0.5575	82.0	410.0	0.6666666666666666
26202	160	0	5	0.3925	70.8	354.0	0.3333333333333333
26203	253	0	5	0.625	124.8	624.0	0.0
26204	53	0	5	0.125	34.8	174.0	0.3333333333333333
26205	10	0	5	0.0175	8.0	40.0	0.0
26206	40	0	5	0.0925	38.0	190.0	0.0
26207	141	0	5	0.345	125.0	625.0	0.0
26208	30	0	5	0.0675	13.6	68.0	0.3333333333333333
26209	41	0	5	0.095	35.4	177.0	0.0
26210	331	0	5	0.82	148.2	741.0	0.6666666666666666
26211	240	0	5	0.5925	156.0	780.0	0.6666666666666666
26212	314	0	5	0.7775	285.8	1429.0	0.6666666666666666
26213	228	0	5	0.5625	210.4	1052.0	0.3333333333333333
26214	257	0	5	0.635	239.8	1199.0	0.3333333333333333
26215	193	0	5	0.475	132.2	661.0	0.6666666666666666
26216	53	0	5	0.125	31.2	156.0	0.3333333333333333
26217	83	0	5	0.2	78.2	391.0	0.3333333333333333
26218	339	0	5	0.84	258.8	1294.0	0.0
26219	86	0	5	0.2075	74.4	372.0	0.0
26220	98	0	5	0.2375	65.6	328.0	0.0
26221	275	0	5	0.68	137.0	685.0	0.6666666666666666
26222	136	0	5	0.3325	117.2	586.0	0.3333333333333333
26223	338	0	5	0.8375	288.6	1443.0	0.3333333333333333
26224	119	0	5	0.29	117.0	585.0	0.0
26225	154	0	5	0.3775	97.6	488.0	0.3333333333333333
26226	16	0	5	0.0325	14.0	70.0	0.0
26227	308	0	5	0.7625	233.8	1169.0	0.6666666666666666
26228	135	0	5	0.33	133.0	665.0	0.0
26229	196	0	5	0.4825	164.4	822.0	0.3333333333333333
26230	193	0	5	0.475	154.0	770.0	0.3333333333333333
26231	221	0	5	0.545	170.2	851.0	0.3333333333333333
26232	99	0	5	0.24	80.6	403.0	0.0
26233	238	0	5	0.5875	163.2	816.0	0.0
26234	232	0	5	0.5725	132.8	664.0	0.6666666666666666
26235	274	0	5	0.6775	169.4	847.0	0.3333333333333333
26236	324	0	5	0.8025	120.2	601.0	0.3333333333333333
26237	250	0	5	0.6175	69.6	348.0	0.3333333333333333
26238	179	1	4	0.445	150.4	752.0	1.0
26239	309	1	4	0.77	86.6	433.0	1.0
26240	319	0	5	0.79	207.4	1037.0	0.3333333333333333
26241	263	0	5	0.65	81.8	409.0	0.6666666666666666
26242	225	0	5	0.555	63.8	319.0	0.3333333333333333
26243	41	0	5	0.095	39.0	195.0	0.0
26244	388	0	5	0.9625	291.8	1459.0	0.6666666666666666
26245	367	0	5	0.91	92.2	461.0	0.6666666666666666
26246	250	0	5	0.6175	120.0	600.0	0.6666666666666666
26247	258	0	5	0.6375	184.8	924.0	0.6666666666666666
26248	370	0	5	0.9175	174.2	871.0	0.3333333333333333
26249	177	0	5	0.435	174.0	870.0	0.3333333333333333
26250	151	0	5	0.37	68.4	342.0	0.3333333333333333
26251	173	0	5	0.425	105.4	527.0	0.3333333333333333
26252	297	0	5	0.735	78.2	391.0	0.6666666666666666
26253	235	0	5	0.58	123.8	619.0	0.3333333333333333
26254	391	0	5	0.97	307.4	1537.0	0.3333333333333333
26255	390	1	4	0.9725	164.4	822.0	1.0
26256	275	0	5	0.68	198.8	994.0	0.3333333333333333
26257	173	0	5	0.425	80.2	401.0	0.3333333333333333
26258	381	0	5	0.945	283.8	1419.0	0.6666666666666666
26259	8	0	5	0.0125	6.0	30.0	0.0
26260	147	0	5	0.36	50.6	253.0	0.3333333333333333
26261	284	1	4	0.7075	243.2	1216.0	1.0
26262	107	0	5	0.26	105.0	525.0	0.0
26263	50	0	5	0.1175	29.6	148.0	0.3333333333333333
26264	120	0	5	0.2925	107.6	538.0	0.0
26265	177	0	5	0.435	141.4	707.0	0.3333333333333333
26266	111	1	4	0.275	54.2	271.0	1.0
26267	166	0	5	0.4075	102.4	512.0	0.3333333333333333
26268	198	0	5	0.4875	147.4	737.0	0.0
26269	318	0	5	0.7875	141.6	708.0	0.6666666666666666
26270	314	0	5	0.7775	219.6	1098.0	0.3333333333333333
26271	114	0	5	0.2775	43.4	217.0	0.3333333333333333
26272	38	0	5	0.0875	29.2	146.0	0.3333333333333333
26273	179	0	5	0.44	149.8	749.0	0.3333333333333333
26274	87	0	5	0.21	85.0	425.0	0.0
26275	296	0	5	0.7325	248.4	1242.0	0.6666666666666666
26276	145	0	5	0.355	143.0	715.0	0.0
26277	220	0	5	0.5425	166.2	831.0	0.3333333333333333
26278	72	0	5	0.1725	62.2	311.0	0.3333333333333333
26279	140	0	5	0.3425	100.4	502.0	0.6666666666666666
26280	219	0	5	0.54	115.0	575.0	0.3333333333333333
26281	85	0	5	0.205	79.6	398.0	0.0
26282	184	1	4	0.4575	88.4	442.0	1.0
26283	279	0	5	0.69	245.0	1225.0	0.3333333333333333
26284	16	0	5	0.0325	14.0	70.0	0.0
26285	10	0	5	0.0175	8.0	40.0	0.0
26286	81	0	5	0.195	31.8	159.0	0.3333333333333333
26287	158	1	4	0.3925	127.2	636.0	1.0
26288	384	0	5	0.9525	252.2	1261.0	0.6666666666666666
26289	316	1	4	0.7875	158.4	792.0	1.0
26290	110	0	5	0.2675	49.0	245.0	0.3333333333333333
26291	232	0	5	0.5725	205.4	1027.0	0.3333333333333333
26292	321	1	4	0.8	97.0	485.0	1.0
26293	110	0	5	0.2675	68.4	342.0	0.3333333333333333
26294	238	0	5	0.5875	196.8	984.0	0.6666666666666666
26295	182	0	5	0.4475	157.0	785.0	0.0
26296	206	0	5	0.5075	155.6	778.0	0.0
26297	144	0	5	0.3525	107.2	536.0	0.3333333333333333
26298	140	0	5	0.3425	76.4	382.0	0.0
26299	263	1	4	0.655	211.6	1058.0	1.0
26300	180	0	5	0.4425	178.0	890.0	0.0
26301	318	0	5	0.7875	127.2	636.0	0.6666666666666666
26302	351	0	5	0.87	327.0	1635.0	0.6666666666666666
26303	295	0	5	0.73	197.8	989.0	0.6666666666666666
26304	247	0	5	0.61	68.2	341.0	0.3333333333333333
26305	223	0	5	0.55	120.6	603.0	0.6666666666666666
26306	246	0	5	0.6075	126.4	632.0	0.0
26307	192	0	5	0.4725	135.8	679.0	0.3333333333333333
26308	11	0	5	0.02	9.0	45.0	0.0
26309	286	1	3	0.7125	262.4	1312.0	1.0
26310	56	0	5	0.1325	37.2	186.0	0.0
26311	18	0	5	0.0375	16.0	80.0	0.0
26312	160	0	5	0.3925	63.6	318.0	0.3333333333333333
26313	311	0	5	0.77	177.4	887.0	0.6666666666666666
26314	335	1	4	0.835	91.0	455.0	1.0
26315	239	0	5	0.59	118.6	593.0	0.3333333333333333
26316	271	0	5	0.67	149.0	745.0	0.3333333333333333
26317	183	0	5	0.45	174.6	873.0	0.3333333333333333
26318	282	1	4	0.7025	150.4	752.0	1.0
26319	180	0	5	0.4425	132.4	662.0	0.6666666666666666
26320	169	0	5	0.415	114.2	571.0	0.3333333333333333
26321	336	0	5	0.8325	185.4	927.0	0.6666666666666666
26322	95	0	5	0.23	78.0	390.0	0.3333333333333333
26323	82	0	5	0.1975	65.8	329.0	0.3333333333333333
26324	250	0	5	0.6175	106.4	532.0	0.6666666666666666
26325	235	0	5	0.58	91.4	457.0	0.3333333333333333
26326	251	0	5	0.62	232.0	1160.0	0.0
26327	306	0	5	0.7575	209.8	1049.0	0.6666666666666666
26328	218	0	5	0.5375	173.0	865.0	0.3333333333333333
26329	30	0	5	0.0675	28.0	140.0	0.0
26330	119	0	5	0.29	77.8	389.0	0.0
26331	96	0	5	0.2325	78.6	393.0	0.0
26332	349	0	5	0.865	201.2	1006.0	0.6666666666666666
26333	231	1	4	0.575	124.8	624.0	1.0
26334	201	0	5	0.495	199.0	995.0	0.0
26335	303	0	5	0.75	268.8	1344.0	0.6666666666666666
26336	318	0	5	0.7875	175.6	878.0	0.3333333333333333
26337	151	0	5	0.37	75.4	377.0	0.0
26338	94	0	5	0.2275	58.2	291.0	0.3333333333333333
26339	159	0	5	0.39	135.6	678.0	0.3333333333333333
26340	208	0	5	0.5125	167.2	836.0	0.3333333333333333
26341	311	0	5	0.77	300.0	1500.0	0.3333333333333333
26342	307	0	5	0.76	129.8	649.0	0.6666666666666666
26343	215	0	5	0.53	139.2	696.0	0.3333333333333333
26344	159	0	5	0.39	110.8	554.0	0.3333333333333333
26345	119	0	5	0.29	85.8	429.0	0.3333333333333333
26346	145	0	5	0.355	59.6	298.0	0.3333333333333333
26347	133	0	5	0.325	46.4	232.0	0.3333333333333333
26348	103	0	5	0.25	68.2	341.0	0.6666666666666666
26349	37	0	5	0.085	35.0	175.0	0.0
26350	13	0	5	0.025	11.0	55.0	0.0
26351	347	1	4	0.865	331.2	1656.0	1.0
26352	310	0	5	0.7675	172.2	861.0	0.6666666666666666
26353	260	0	5	0.6425	169.2	846.0	0.3333333333333333
26354	166	0	5	0.4075	82.8	414.0	0.6666666666666666
26355	220	0	5	0.5425	135.0	675.0	0.6666666666666666
26356	235	0	5	0.58	107.4	537.0	0.6666666666666666
26357	125	0	5	0.305	37.4	187.0	0.3333333333333333
26358	321	0	5	0.795	192.2	961.0	0.6666666666666666
26359	206	0	5	0.5075	108.0	540.0	0.3333333333333333
26360	291	0	5	0.72	93.6	468.0	0.6666666666666666
26361	297	0	5	0.735	203.4	1017.0	0.6666666666666666
26362	229	0	5	0.565	134.8	674.0	0.6666666666666666
26363	357	0	5	0.885	135.6	678.0	0.6666666666666666
26364	378	1	4	0.9425	250.4	1252.0	1.0
26365	253	0	5	0.625	88.4	442.0	0.3333333333333333
26366	304	0	5	0.7525	169.2	846.0	0.6666666666666666
26367	44	0	5	0.1025	26.8	134.0	0.3333333333333333
26368	336	1	4	0.8375	208.8	1044.0	1.0
26369	233	0	5	0.575	117.4	587.0	0.6666666666666666
26370	194	0	5	0.4775	97.4	487.0	0.3333333333333333
26371	121	1	4	0.3	34.6	173.0	1.0
26372	25	0	5	0.055	23.0	115.0	0.0
26373	44	0	5	0.1025	33.6	168.0	0.0
26374	345	0	5	0.855	162.0	810.0	0.6666666666666666
26375	160	0	5	0.3925	149.6	748.0	0.0
26376	276	0	5	0.6825	102.2	511.0	0.6666666666666666
26377	199	0	5	0.49	91.8	459.0	0.3333333333333333
26378	150	0	5	0.3675	138.4	692.0	0.3333333333333333
26379	106	0	5	0.2575	83.0	415.0	0.3333333333333333
26380	208	0	5	0.5125	120.8	604.0	0.3333333333333333
26381	276	0	5	0.6825	141.4	707.0	0.6666666666666666
26382	372	0	5	0.9225	268.0	1340.0	0.3333333333333333
26383	373	1	4	0.93	312.8	1564.0	1.0
26384	236	1	4	0.5875	155.6	778.0	1.0
26385	248	0	5	0.6125	82.0	410.0	0.6666666666666666
26386	190	0	5	0.4675	56.0	280.0	0.3333333333333333
26387	322	1	4	0.8025	208.8	1044.0	1.0
26388	75	0	5	0.18	62.8	314.0	0.3333333333333333
26389	225	0	5	0.555	64.6	323.0	0.6666666666666666
26390	390	0	5	0.9675	190.6	953.0	0.3333333333333333
26391	266	0	5	0.6575	202.0	1010.0	0.6666666666666666
26392	255	0	5	0.63	92.2	461.0	0.6666666666666666
26393	172	0	5	0.4225	148.4	742.0	0.3333333333333333
26394	30	0	5	0.0675	28.0	140.0	0.0
26395	98	0	5	0.2375	78.6	393.0	0.3333333333333333
26396	259	0	5	0.64	136.4	682.0	0.3333333333333333
26397	118	0	5	0.2875	114.8	574.0	0.3333333333333333
26398	248	0	5	0.6125	221.2	1106.0	0.3333333333333333
26399	105	0	5	0.255	74.8	374.0	0.0
26400	132	0	5	0.3225	116.8	584.0	0.3333333333333333
26401	114	0	5	0.2775	112.0	560.0	0.0
26402	344	0	5	0.8525	242.2	1211.0	0.3333333333333333
26403	328	0	5	0.8125	256.4	1282.0	0.6666666666666666
26404	129	0	5	0.315	115.6	578.0	0.0
26405	113	0	5	0.275	101.4	507.0	0.0
26406	89	0	5	0.215	74.2	371.0	0.0
26407	325	0	5	0.805	231.8	1159.0	0.6666666666666666
26408	334	1	4	0.8325	101.4	507.0	1.0
26409	41	0	5	0.095	32.6	163.0	0.3333333333333333
26410	232	1	4	0.5775	96.8	484.0	1.0
26411	174	0	5	0.4275	125.6	628.0	0.3333333333333333
26412	132	0	5	0.3225	130.0	650.0	0.0
26413	355	0	5	0.88	201.8	1009.0	0.6666666666666666
26414	119	0	5	0.29	95.8	479.0	0.0
26415	385	0	5	0.955	108.8	544.0	0.6666666666666666
26416	104	0	5	0.2525	102.0	510.0	0.0
26417	376	0	5	0.9325	166.0	830.0	0.6666666666666666
26418	376	0	5	0.9325	168.6	843.0	0.6666666666666666
26419	342	0	5	0.8475	196.8	984.0	0.6666666666666666
26420	312	0	5	0.7725	185.2	926.0	0.0
26421	322	1	4	0.8025	134.0	670.0	1.0
26422	355	1	4	0.885	174.8	874.0	1.0
26423	66	0	5	0.1575	64.0	320.0	0.0
26424	373	0	5	0.925	240.2	1201.0	0.6666666666666666
26425	287	0	5	0.71	191.8	959.0	0.3333333333333333
26426	343	0	5	0.85	202.4	1012.0	0.3333333333333333
26427	60	0	5	0.1425	30.4	152.0	0.0
26428	81	0	5	0.195	32.6	163.0	0.3333333333333333
26429	216	0	5	0.5325	125.2	626.0	0.3333333333333333
26430	298	0	5	0.7375	90.4	452.0	0.3333333333333333
26431	100	0	5	0.2425	92.0	460.0	0.3333333333333333
26432	306	0	5	0.7575	155.4	777.0	0.6666666666666666
26433	111	0	5	0.27	33.8	169.0	0.3333333333333333
26434	226	0	5	0.5575	144.2	721.0	0.6666666666666666
26435	113	0	5	0.275	67.8	339.0	0.3333333333333333
26436	191	0	5	0.47	126.6	633.0	0.3333333333333333
26437	72	0	5	0.1725	42.8	214.0	0.0
26438	47	0	5	0.11	45.0	225.0	0.0
26439	207	0	5	0.51	185.8	929.0	0.3333333333333333
26440	193	0	5	0.475	74.2	371.0	0.3333333333333333
26441	327	1	4	0.815	240.8	1204.0	1.0
26442	143	0	5	0.35	141.0	705.0	0.0
26443	370	1	4	0.9225	173.2	866.0	1.0
26444	357	0	5	0.885	119.8	599.0	0.6666666666666666
26445	342	0	5	0.8475	234.0	1170.0	0.6666666666666666
26446	333	0	5	0.825	175.4	877.0	0.6666666666666666
26447	22	0	5	0.0475	20.0	100.0	0.0
26448	289	0	5	0.715	155.6	778.0	0.3333333333333333
26449	175	0	5	0.43	114.6	573.0	0.6666666666666666
26450	288	0	5	0.7125	167.6	838.0	0.3333333333333333
26451	394	1	4	0.9825	170.8	854.0	1.0
26452	312	1	4	0.7775	112.0	560.0	1.0
26453	308	1	4	0.7675	166.6	833.0	1.0
26454	50	0	5	0.1175	33.6	168.0	0.3333333333333333
26455	261	0	5	0.645	208.2	1041.0	0.6666666666666666
26456	311	1	4	0.775	100.2	501.0	1.0
26457	128	0	5	0.3125	126.0	630.0	0.0
26458	187	0	5	0.46	121.8	609.0	0.3333333333333333
26459	118	0	5	0.2875	116.0	580.0	0.3333333333333333
26460	154	0	5	0.3775	131.4	657.0	0.3333333333333333
26461	175	0	5	0.43	54.6	273.0	0.3333333333333333
26462	271	0	5	0.67	83.8	419.0	0.6666666666666666
26463	189	0	5	0.465	104.6	523.0	0.6666666666666666
26464	134	0	5	0.3275	117.6	588.0	0.3333333333333333
26465	311	0	5	0.77	86.0	430.0	0.6666666666666666
26466	121	0	5	0.295	119.0	595.0	0.0
26467	141	0	5	0.345	92.6	463.0	0.3333333333333333
26468	110	0	5	0.2675	51.0	255.0	0.3333333333333333
26469	341	0	5	0.845	234.6	1173.0	0.6666666666666666
26470	62	0	5	0.1475	39.2	196.0	0.3333333333333333
26471	245	0	5	0.605	78.0	390.0	0.6666666666666666
26472	42	0	5	0.0975	40.0	200.0	0.0
26473	93	0	5	0.225	91.0	455.0	0.0
26474	240	0	5	0.5925	192.6	963.0	0.6666666666666666
26475	358	1	4	0.8925	76.4	382.0	1.0
26476	198	0	5	0.4875	140.8	704.0	0.6666666666666666
26477	253	0	5	0.625	128.6	643.0	0.3333333333333333
26478	230	0	5	0.5675	161.2	806.0	0.3333333333333333
26479	104	0	5	0.2525	78.0	390.0	0.3333333333333333
26480	136	0	5	0.3325	134.0	670.0	0.0
26481	49	0	5	0.115	47.0	235.0	0.0
26482	68	0	5	0.1625	66.0	330.0	0.0
26483	131	1	4	0.325	71.4	357.0	1.0
26484	127	0	5	0.31	43.4	217.0	0.3333333333333333
26485	371	0	5	0.92	182.6	913.0	0.6666666666666666
26486	361	0	5	0.895	148.6	743.0	0.6666666666666666
26487	106	0	5	0.2575	104.0	520.0	0.0
26488	192	0	5	0.4725	101.8	509.0	0.3333333333333333
26489	154	0	5	0.3775	111.2	556.0	0.3333333333333333
26490	131	0	5	0.32	129.0	645.0	0.0
26491	269	0	5	0.665	173.8	869.0	0.3333333333333333
26492	260	0	5	0.6425	216.2	1081.0	0.3333333333333333
26493	282	0	5	0.6975	128.8	644.0	0.3333333333333333
26494	41	0	5	0.095	39.0	195.0	0.0
26495	342	0	5	0.8475	240.6	1203.0	0.6666666666666666
26496	391	0	5	0.97	201.8	1009.0	0.6666666666666666
26497	275	0	5	0.68	219.8	1099.0	0.0
26498	271	0	5	0.67	246.6	1233.0	0.3333333333333333
26499	346	1	4	0.8625	160.4	802.0	1.0
26500	295	0	5	0.73	204.2	1021.0	0.6666666666666666
26501	90	0	5	0.2175	69.0	345.0	0.3333333333333333
26502	224	0	5	0.5525	157.2	786.0	0.0
26503	199	0	5	0.49	191.0	955.0	0.3333333333333333
26504	12	0	5	0.0225	10.0	50.0	0.0
26505	112	0	5	0.2725	110.0	550.0	0.0
26506	150	0	5	0.3675	92.2	461.0	0.3333333333333333
26507	186	1	4	0.4625	125.8	629.0	1.0
26508	178	1	4	0.4425	63.6	318.0	1.0
26509	20	0	5	0.0425	18.0	90.0	0.0
26510	6	0	5	0.0075	4.0	20.0	0.0
26511	345	0	5	0.855	322.8	1614.0	0.3333333333333333
26512	199	0	5	0.49	104.6	523.0	0.6666666666666666
26513	153	0	5	0.375	96.4	482.0	0.3333333333333333
26514	244	1	4	0.6075	114.0	570.0	1.0
26515	210	0	5	0.5175	141.6	708.0	0.3333333333333333
26516	39	0	5	0.09	36.2	181.0	0.0
26517	239	0	5	0.59	68.6	343.0	0.6666666666666666
26518	326	0	5	0.8075	261.4	1307.0	0.6666666666666666
26519	57	0	5	0.135	50.8	254.0	0.0
26520	326	0	5	0.8075	204.0	1020.0	0.6666666666666666
26521	287	0	5	0.71	110.6	553.0	0.3333333333333333
26522	23	0	5	0.05	21.0	105.0	0.0
26523	392	0	5	0.9725	164.4	822.0	0.6666666666666666
26524	249	0	5	0.615	59.8	299.0	0.6666666666666666
26525	123	0	5	0.3	121.0	605.0	0.0
26526	325	0	5	0.805	81.2	406.0	0.6666666666666666
26527	32	0	5	0.0725	30.0	150.0	0.0
26528	372	0	5	0.9225	175.8	879.0	0.6666666666666666
26529	108	0	5	0.2625	90.4	452.0	0.6666666666666666
26530	181	0	5	0.445	54.2	271.0	0.3333333333333333
26531	11	0	5	0.02	9.0	45.0	0.0
26532	178	0	5	0.4375	140.4	702.0	0.6666666666666666
26533	97	0	5	0.235	95.0	475.0	0.0
26534	383	0	5	0.95	271.0	1355.0	0.6666666666666666
26535	247	1	4	0.615	157.4	787.0	1.0
26536	168	0	5	0.4125	158.2	791.0	0.3333333333333333
26537	93	0	5	0.225	91.0	455.0	0.0
26538	162	1	4	0.4025	91.8	459.0	1.0
26539	254	0	5	0.6275	223.2	1116.0	0.0
26540	363	0	5	0.9	128.0	640.0	0.6666666666666666
26541	5	0	5	0.005	3.0	15.0	0.0
26542	147	0	5	0.36	128.4	642.0	0.3333333333333333
26543	251	1	4	0.625	175.4	877.0	1.0
26544	125	0	5	0.305	114.2	571.0	0.3333333333333333
26545	5	0	5	0.005	3.0	15.0	0.0
26546	354	0	5	0.8775	263.4	1317.0	0.6666666666666666
26547	265	0	5	0.655	211.0	1055.0	0.6666666666666666
26548	395	0	5	0.98	177.2	886.0	0.6666666666666666
26549	10	0	5	0.0175	8.0	40.0	0.0
26550	96	0	5	0.2325	94.0	470.0	0.0
26551	70	0	5	0.1675	19.2	96.0	0.3333333333333333
26552	30	0	5	0.0675	28.0	140.0	0.0
26553	143	0	5	0.35	48.6	243.0	0.3333333333333333
26554	36	0	5	0.0825	34.0	170.0	0.0
26555	76	0	5	0.1825	70.6	353.0	0.3333333333333333
26556	372	0	5	0.9225	143.8	719.0	0.6666666666666666
26557	229	0	5	0.565	175.8	879.0	0.0
26558	233	1	4	0.58	204.2	1021.0	1.0
26559	137	0	5	0.335	78.0	390.0	0.6666666666666666
26560	253	0	5	0.625	113.6	568.0	0.3333333333333333
26561	313	1	4	0.78	270.8	1354.0	1.0
26562	211	0	5	0.52	101.0	505.0	0.6666666666666666
26563	206	0	5	0.5075	139.4	697.0	0.6666666666666666
26564	259	0	5	0.64	201.8	1009.0	0.3333333333333333
26565	40	0	5	0.0925	38.0	190.0	0.0
26566	244	0	5	0.6025	128.4	642.0	0.3333333333333333
26567	393	1	4	0.98	329.4	1647.0	1.0
26568	12	0	5	0.0225	10.0	50.0	0.0
26569	140	0	5	0.3425	54.8	274.0	0.6666666666666666
26570	259	0	5	0.64	153.0	765.0	0.3333333333333333
26571	135	0	5	0.33	131.4	657.0	0.3333333333333333
26572	51	0	5	0.12	49.0	245.0	0.3333333333333333
26573	235	0	5	0.58	144.0	720.0	0.3333333333333333
26574	261	0	5	0.645	78.2	391.0	0.6666666666666666
26575	269	0	5	0.665	259.8	1299.0	0.3333333333333333
26576	20	0	5	0.0425	18.0	90.0	0.0
26577	331	0	5	0.82	196.6	983.0	0.3333333333333333
26578	376	0	5	0.9325	171.4	857.0	0.6666666666666666
26579	84	0	5	0.2025	82.0	410.0	0.0
26580	193	0	5	0.475	159.8	799.0	0.3333333333333333
26581	169	0	5	0.415	106.2	531.0	0.3333333333333333
26582	248	0	5	0.6125	210.8	1054.0	0.0
26583	346	0	5	0.8575	128.8	644.0	0.6666666666666666
26584	337	0	5	0.835	272.4	1362.0	0.3333333333333333
26585	80	1	4	0.1975	24.0	120.0	1.0
26586	272	0	5	0.6725	190.6	953.0	0.0
26587	14	0	5	0.0275	5.2	26.0	0.0
26588	25	0	5	0.055	23.0	115.0	0.0
26589	247	1	4	0.615	206.0	1030.0	1.0
26590	256	0	5	0.6325	201.2	1006.0	0.6666666666666666
26591	188	0	5	0.4625	141.6	708.0	0.3333333333333333
26592	102	0	5	0.2475	100.0	500.0	0.0
26593	121	0	5	0.295	45.4	227.0	0.3333333333333333
26594	149	0	5	0.365	147.0	735.0	0.0
26595	182	0	5	0.4475	54.4	272.0	0.6666666666666666
26596	292	0	5	0.7225	94.0	470.0	0.6666666666666666
26597	114	0	5	0.2775	88.8	444.0	0.0
26598	204	0	5	0.5025	129.2	646.0	0.3333333333333333
26599	51	0	5	0.12	43.6	218.0	0.3333333333333333
26600	384	0	5	0.9525	353.2	1766.0	0.6666666666666666
26601	364	0	5	0.9025	192.4	962.0	0.6666666666666666
26602	205	0	5	0.505	71.8	359.0	0.3333333333333333
26603	224	0	5	0.5525	59.8	299.0	0.3333333333333333
26604	123	0	5	0.3	121.0	605.0	0.0
26605	331	0	5	0.82	240.6	1203.0	0.3333333333333333
26606	20	0	5	0.0425	18.0	90.0	0.0
26607	34	0	5	0.0775	32.0	160.0	0.0
26608	161	0	5	0.395	122.4	612.0	0.6666666666666666
26609	256	0	5	0.6325	176.8	884.0	0.6666666666666666
26610	239	1	4	0.595	60.6	303.0	1.0
26611	137	0	5	0.335	99.0	495.0	0.3333333333333333
26612	370	0	5	0.9175	261.8	1309.0	0.6666666666666666
26613	57	0	5	0.135	55.0	275.0	0.0
26614	385	1	4	0.96	234.8	1174.0	1.0
26615	83	0	5	0.2	81.0	405.0	0.3333333333333333
26616	399	0	5	0.99	96.2	481.0	0.6666666666666666
26617	260	0	5	0.6425	62.2	311.0	0.6666666666666666
26618	243	0	5	0.6	143.0	715.0	0.6666666666666666
26619	244	0	5	0.6025	128.6	643.0	0.3333333333333333
26620	216	0	5	0.5325	212.0	1060.0	0.3333333333333333
26621	378	1	4	0.9425	295.6	1478.0	1.0
26622	358	0	5	0.8875	317.6	1588.0	0.3333333333333333
26623	215	0	5	0.53	91.2	456.0	0.6666666666666666
26624	187	0	5	0.46	125.0	625.0	0.0
26625	165	1	4	0.41	136.6	683.0	1.0
26626	343	0	5	0.85	142.8	714.0	0.6666666666666666
26627	157	0	5	0.385	88.6	443.0	0.6666666666666666
26628	68	0	5	0.1625	66.0	330.0	0.0
26629	256	0	5	0.6325	135.6	678.0	0.3333333333333333
26630	92	0	5	0.2225	56.0	280.0	0.0
26631	259	0	5	0.64	170.6	853.0	0.0
26632	258	1	4	0.6425	245.2	1226.0	1.0
26633	289	1	4	0.72	165.4	827.0	1.0
26634	252	0	5	0.6225	144.4	722.0	0.6666666666666666
26635	178	0	5	0.4375	176.0	880.0	0.0
26636	327	0	5	0.81	165.4	827.0	0.6666666666666666
26637	185	0	5	0.455	155.8	779.0	0.0
26638	341	0	5	0.845	229.4	1147.0	0.3333333333333333
26639	314	0	5	0.7775	193.2	966.0	0.6666666666666666
26640	292	0	5	0.7225	144.8	724.0	0.3333333333333333
26641	48	0	5	0.1125	46.0	230.0	0.0
26642	48	0	5	0.1125	34.0	170.0	0.0
26643	98	0	5	0.2375	52.0	260.0	0.6666666666666666
26644	365	0	5	0.905	225.8	1129.0	0.6666666666666666
26645	285	0	5	0.705	250.2	1251.0	0.6666666666666666
26646	313	0	5	0.775	264.6	1323.0	0.3333333333333333
26647	274	0	5	0.6775	145.8	729.0	0.3333333333333333
26648	360	1	4	0.8975	108.0	540.0	1.0
26649	204	0	5	0.5025	185.2	926.0	0.3333333333333333
26650	304	0	5	0.7525	252.2	1261.0	0.3333333333333333
26651	376	0	5	0.9325	339.2	1696.0	0.3333333333333333
26652	252	0	5	0.6225	78.0	390.0	0.3333333333333333
26653	314	0	5	0.7775	206.4	1032.0	0.3333333333333333
26654	228	0	5	0.5625	71.6	358.0	0.3333333333333333
26655	101	0	5	0.245	85.8	429.0	0.0
26656	234	0	5	0.5775	232.0	1160.0	0.0
26657	118	0	5	0.2875	116.0	580.0	0.0
26658	19	0	5	0.04	17.0	85.0	0.0
26659	71	0	5	0.17	25.8	129.0	0.3333333333333333
26660	51	0	5	0.12	42.2	211.0	0.0
26661	290	0	5	0.7175	159.0	795.0	0.0
26662	167	0	5	0.41	161.4	807.0	0.3333333333333333
26663	139	0	5	0.34	109.4	547.0	0.3333333333333333
26664	325	0	5	0.805	284.2	1421.0	0.6666666666666666
26665	186	0	5	0.4575	84.0	420.0	0.3333333333333333
26666	350	0	5	0.8675	220.2	1101.0	0.6666666666666666
26667	125	0	5	0.305	123.0	615.0	0.3333333333333333
26668	115	0	5	0.28	113.0	565.0	0.0
26669	394	0	5	0.9775	149.0	745.0	0.6666666666666666
26670	171	0	5	0.42	95.8	479.0	0.0
26671	44	0	5	0.1025	42.0	210.0	0.0
26672	223	0	5	0.55	161.4	807.0	0.6666666666666666
26673	101	0	5	0.245	82.2	411.0	0.0
26674	39	0	5	0.09	37.0	185.0	0.0
26675	376	0	5	0.9325	192.0	960.0	0.3333333333333333
26676	83	0	5	0.2	81.0	405.0	0.0
26677	198	1	4	0.4925	127.6	638.0	1.0
26678	387	0	5	0.96	193.0	965.0	0.6666666666666666
26679	214	0	5	0.5275	162.4	812.0	0.6666666666666666
26680	133	0	5	0.325	94.6	473.0	0.6666666666666666
26681	173	0	5	0.425	122.6	613.0	0.0
26682	70	0	5	0.1675	68.0	340.0	0.0
26683	270	0	5	0.6675	158.8	794.0	0.6666666666666666
26684	53	0	5	0.125	51.0	255.0	0.0
26685	190	0	5	0.4675	162.4	812.0	0.3333333333333333
26686	374	1	4	0.9325	201.8	1009.0	1.0
26687	158	0	5	0.3875	102.8	514.0	0.3333333333333333
26688	356	0	5	0.8825	112.8	564.0	0.6666666666666666
26689	344	0	5	0.8525	233.2	1166.0	0.6666666666666666
26690	92	0	5	0.2225	28.6	143.0	0.6666666666666666
26691	345	0	5	0.855	106.6	533.0	0.6666666666666666
26692	7	0	5	0.01	5.0	25.0	0.0
26693	250	0	5	0.6175	159.2	796.0	0.3333333333333333
26694	229	0	5	0.565	129.0	645.0	0.3333333333333333
26695	96	0	5	0.2325	94.0	470.0	0.0
26696	231	0	5	0.57	188.2	941.0	0.6666666666666666
26697	326	0	5	0.8075	265.6	1328.0	0.0
26698	295	0	5	0.73	207.0	1035.0	0.3333333333333333
26699	380	1	4	0.9475	148.2	741.0	1.0
26700	221	0	5	0.545	100.4	502.0	0.6666666666666666
26701	289	0	5	0.715	119.8	599.0	0.3333333333333333
26702	206	0	5	0.5075	204.0	1020.0	0.0
26703	105	0	5	0.255	103.0	515.0	0.0
26704	81	0	5	0.195	72.0	360.0	0.3333333333333333
26705	184	0	5	0.4525	168.6	843.0	0.3333333333333333
26706	353	1	4	0.88	183.0	915.0	1.0
26707	77	0	5	0.185	75.0	375.0	0.0
26708	295	1	4	0.735	105.6	528.0	1.0
26709	95	0	5	0.23	78.8	394.0	0.0
26710	270	0	5	0.6675	148.4	742.0	0.3333333333333333
26711	223	0	5	0.55	88.4	442.0	0.6666666666666666
26712	308	0	5	0.7625	181.0	905.0	0.3333333333333333
26713	380	0	5	0.9425	310.4	1552.0	0.6666666666666666
26714	332	0	5	0.8225	253.4	1267.0	0.6666666666666666
26715	227	0	5	0.56	57.0	285.0	0.3333333333333333
26716	161	0	5	0.395	135.4	677.0	0.0
26717	220	0	5	0.5425	216.6	1083.0	0.0
26718	276	0	5	0.6825	135.8	679.0	0.6666666666666666
26719	82	0	5	0.1975	33.2	166.0	0.3333333333333333
26720	401	0	4	0.9975	224.0	1120.0	0.6666666666666666
26721	323	0	5	0.8	206.2	1031.0	0.3333333333333333
26722	209	0	5	0.515	72.4	362.0	0.3333333333333333
26723	108	0	5	0.2625	70.8	354.0	0.3333333333333333
26724	267	0	5	0.66	245.0	1225.0	0.3333333333333333
26725	124	0	5	0.3025	59.6	298.0	0.3333333333333333
26726	126	0	5	0.3075	91.8	459.0	0.3333333333333333
26727	2	0	5	0.0	0.0	0.0	0.0
26728	100	0	5	0.2425	34.8	174.0	0.6666666666666666
26729	184	0	5	0.4525	50.0	250.0	0.6666666666666666
26730	133	0	5	0.325	78.6	393.0	0.3333333333333333
26731	30	0	5	0.0675	28.0	140.0	0.0
26732	126	0	5	0.3075	77.2	386.0	0.0
26733	174	0	5	0.4275	136.6	683.0	0.3333333333333333
26734	333	0	5	0.825	173.4	867.0	0.6666666666666666
26735	138	0	5	0.3375	101.2	506.0	0.0
26736	283	0	5	0.7	152.0	760.0	0.6666666666666666
26737	141	0	5	0.345	54.4	272.0	0.3333333333333333
26738	26	0	5	0.0575	24.0	120.0	0.0
26739	199	1	4	0.495	152.0	760.0	1.0
26740	15	0	5	0.03	13.0	65.0	0.0
26741	127	0	5	0.31	71.6	358.0	0.0
26742	71	0	5	0.17	69.0	345.0	0.0
26743	165	1	4	0.41	62.6	313.0	1.0
26744	305	0	5	0.755	157.2	786.0	0.3333333333333333
26745	212	0	5	0.5225	122.4	612.0	0.6666666666666666
26746	222	0	5	0.5475	65.2	326.0	0.6666666666666666
26747	383	1	4	0.955	150.2	751.0	1.0
26748	337	0	5	0.835	101.4	507.0	0.6666666666666666
26749	58	0	5	0.1375	33.2	166.0	0.0
26750	39	0	5	0.09	37.0	185.0	0.0
26751	314	0	5	0.7775	276.4	1382.0	0.6666666666666666
26752	320	0	5	0.7925	146.6	733.0	0.3333333333333333
26753	244	0	5	0.6025	120.4	602.0	0.3333333333333333
26754	277	0	5	0.685	163.6	818.0	0.3333333333333333
26755	336	0	5	0.8325	74.8	374.0	0.6666666666666666
26756	273	0	5	0.675	134.2	671.0	0.6666666666666666
26757	262	0	5	0.6475	119.6	598.0	0.6666666666666666
26758	3	0	5	0.0025	0.2	1.0	0.3333333333333333
26759	160	0	5	0.3925	158.0	790.0	0.0
26760	164	0	5	0.4025	128.0	640.0	0.0
26761	220	0	5	0.5425	182.0	910.0	0.3333333333333333
26762	349	0	5	0.865	166.0	830.0	0.6666666666666666
26763	157	1	4	0.39	61.8	309.0	1.0
26764	217	1	4	0.54	85.0	425.0	1.0
26765	225	0	5	0.555	181.0	905.0	0.6666666666666666
26766	125	0	5	0.305	111.6	558.0	0.0
26767	259	0	5	0.64	143.0	715.0	0.3333333333333333
26768	220	0	5	0.5425	181.0	905.0	0.0
26769	365	1	4	0.91	172.2	861.0	1.0
26770	125	0	5	0.305	96.0	480.0	0.0
26771	234	0	5	0.5775	112.4	562.0	0.6666666666666666
26772	158	0	5	0.3875	97.0	485.0	0.0
26773	401	0	3	0.9975	227.2	1136.0	0.6666666666666666
26774	398	0	5	0.9875	214.2	1071.0	0.6666666666666666
26775	253	0	5	0.625	190.6	953.0	0.3333333333333333
26776	340	0	5	0.8425	137.6	688.0	0.6666666666666666
26777	20	0	5	0.0425	18.0	90.0	0.0
26778	35	0	5	0.08	33.0	165.0	0.0
26779	214	0	5	0.5275	190.4	952.0	0.3333333333333333
26780	218	0	5	0.5375	173.0	865.0	0.3333333333333333
26781	377	0	5	0.935	297.6	1488.0	0.3333333333333333
26782	178	0	5	0.4375	166.0	830.0	0.3333333333333333
26783	18	0	5	0.0375	16.0	80.0	0.0
26784	203	0	5	0.5	198.6	993.0	0.3333333333333333
26785	214	0	5	0.5275	146.2	731.0	0.6666666666666666
26786	334	0	5	0.8275	328.4	1642.0	0.3333333333333333
26787	120	0	5	0.2925	60.0	300.0	0.3333333333333333
26788	383	1	4	0.955	192.8	964.0	1.0
26789	70	0	5	0.1675	20.8	104.0	0.3333333333333333
26790	42	0	5	0.0975	27.0	135.0	0.3333333333333333
26791	92	0	5	0.2225	56.4	282.0	0.0
26792	289	0	5	0.715	154.0	770.0	0.3333333333333333
26793	233	0	5	0.575	67.0	335.0	0.6666666666666666
26794	188	0	5	0.4625	82.8	414.0	0.6666666666666666
26795	182	0	5	0.4475	141.4	707.0	0.3333333333333333
26796	194	0	5	0.4775	128.6	643.0	0.6666666666666666
26797	221	0	5	0.545	106.4	532.0	0.6666666666666666
26798	82	0	5	0.1975	80.0	400.0	0.0
26799	376	0	5	0.9325	160.8	804.0	0.3333333333333333
26800	80	0	5	0.1925	78.0	390.0	0.0
26801	215	0	5	0.53	183.6	918.0	0.3333333333333333
26802	299	0	5	0.74	117.6	588.0	0.3333333333333333
26803	256	0	5	0.6325	201.8	1009.0	0.6666666666666666
26804	233	0	5	0.575	151.2	756.0	0.6666666666666666
26805	171	0	5	0.42	111.4	557.0	0.3333333333333333
26806	45	0	5	0.105	43.0	215.0	0.0
26807	77	0	5	0.185	67.0	335.0	0.0
26808	51	0	5	0.12	48.6	243.0	0.3333333333333333
26809	303	0	5	0.75	273.4	1367.0	0.3333333333333333
26810	196	0	5	0.4825	95.4	477.0	0.3333333333333333
26811	88	0	5	0.2125	72.2	361.0	0.3333333333333333
26812	260	0	5	0.6425	121.8	609.0	0.6666666666666666
26813	160	0	5	0.3925	129.6	648.0	0.3333333333333333
26814	326	0	5	0.8075	172.4	862.0	0.6666666666666666
26815	57	0	5	0.135	41.0	205.0	0.0
26816	122	0	5	0.2975	92.8	464.0	0.3333333333333333
26817	366	1	4	0.9125	161.8	809.0	1.0
26818	21	0	5	0.045	18.2	91.0	0.3333333333333333
26819	172	0	5	0.4225	113.0	565.0	0.0
26820	281	0	5	0.695	227.4	1137.0	0.0
26821	71	0	5	0.17	53.2	266.0	0.3333333333333333
26822	335	0	5	0.83	211.4	1057.0	0.6666666666666666
26823	269	0	5	0.665	145.8	729.0	0.0
26824	17	0	5	0.035	15.0	75.0	0.0
26825	19	0	5	0.04	17.0	85.0	0.0
26826	19	0	5	0.04	12.6	63.0	0.0
26827	271	0	5	0.67	170.6	853.0	0.6666666666666666
26828	287	1	4	0.715	180.8	904.0	1.0
26829	384	0	5	0.9525	163.8	819.0	0.6666666666666666
26830	334	0	5	0.8275	169.0	845.0	0.3333333333333333
26831	381	0	5	0.945	200.0	1000.0	0.6666666666666666
26832	183	0	5	0.45	96.2	481.0	0.0
26833	313	0	5	0.775	222.0	1110.0	0.6666666666666666
26834	245	0	5	0.605	229.8	1149.0	0.3333333333333333
26835	195	0	5	0.48	104.2	521.0	0.3333333333333333
26836	179	0	5	0.44	97.4	487.0	0.6666666666666666
26837	75	0	5	0.18	73.0	365.0	0.0
26838	288	0	5	0.7125	111.2	556.0	0.3333333333333333
26839	88	0	5	0.2125	68.8	344.0	0.0
26840	117	0	5	0.285	94.2	471.0	0.0
26841	150	0	5	0.3675	57.8	289.0	0.0
26842	172	0	5	0.4225	93.8	469.0	0.0
26843	158	0	5	0.3875	55.2	276.0	0.0
26844	167	0	5	0.41	71.4	357.0	0.3333333333333333
26845	168	0	5	0.4125	134.4	672.0	0.0
26846	369	0	5	0.915	218.6	1093.0	0.3333333333333333
26847	249	0	5	0.615	210.4	1052.0	0.0
26848	53	0	5	0.125	20.4	102.0	0.3333333333333333
26849	54	0	5	0.1275	52.0	260.0	0.0
26850	224	0	5	0.5525	162.6	813.0	0.3333333333333333
26851	245	0	5	0.605	151.4	757.0	0.3333333333333333
26852	326	0	5	0.8075	116.6	583.0	0.6666666666666666
26853	169	0	5	0.415	102.8	514.0	0.3333333333333333
26854	283	0	5	0.7	175.2	876.0	0.3333333333333333
26855	73	0	5	0.175	61.0	305.0	0.0
26856	237	0	5	0.585	219.6	1098.0	0.6666666666666666
26857	178	0	5	0.4375	70.4	352.0	0.0
26858	81	0	5	0.195	61.6	308.0	0.3333333333333333
26859	332	0	5	0.8225	256.4	1282.0	0.3333333333333333
26860	229	0	5	0.565	157.4	787.0	0.3333333333333333
26861	294	1	3	0.7325	121.2	606.0	1.0
26862	338	0	5	0.8375	184.4	922.0	0.3333333333333333
26863	228	0	5	0.5625	221.4	1107.0	0.3333333333333333
26864	337	0	5	0.835	225.2	1126.0	0.6666666666666666
26865	385	0	5	0.955	184.8	924.0	0.6666666666666666
26866	199	0	5	0.49	133.0	665.0	0.3333333333333333
26867	147	0	5	0.36	137.4	687.0	0.3333333333333333
26868	215	0	5	0.53	141.8	709.0	0.3333333333333333
26869	54	0	5	0.1275	52.0	260.0	0.0
26870	183	0	5	0.45	131.4	657.0	0.3333333333333333
26871	226	0	5	0.5575	105.6	528.0	0.6666666666666666
26872	297	0	5	0.735	187.0	935.0	0.6666666666666666
26873	142	0	5	0.3475	92.0	460.0	0.3333333333333333
26874	386	0	5	0.9575	159.2	796.0	0.6666666666666666
26875	213	0	5	0.525	136.0	680.0	0.6666666666666666
26876	276	0	5	0.6825	215.8	1079.0	0.3333333333333333
26877	24	0	5	0.0525	22.0	110.0	0.0
26878	321	0	5	0.795	120.8	604.0	0.3333333333333333
26879	212	0	5	0.5225	104.4	522.0	0.3333333333333333
26880	185	0	5	0.455	151.2	756.0	0.3333333333333333
26881	196	0	5	0.4825	126.8	634.0	0.3333333333333333
26882	123	0	5	0.3	121.0	605.0	0.0
26883	320	1	4	0.7975	274.4	1372.0	1.0
26884	23	0	5	0.05	21.0	105.0	0.0
26885	272	0	5	0.6725	201.0	1005.0	0.3333333333333333
26886	75	0	5	0.18	37.8	189.0	0.6666666666666666
26887	259	0	5	0.64	185.0	925.0	0.3333333333333333
26888	267	0	5	0.66	176.4	882.0	0.3333333333333333
26889	356	0	5	0.8825	141.6	708.0	0.6666666666666666
26890	262	0	5	0.6475	171.6	858.0	0.3333333333333333
26891	170	0	5	0.4175	157.6	788.0	0.3333333333333333
26892	321	0	5	0.795	205.0	1025.0	0.6666666666666666
26893	92	0	5	0.2225	46.0	230.0	0.0
26894	176	0	5	0.4325	74.8	374.0	0.0
26895	281	0	5	0.695	212.2	1061.0	0.0
26896	201	0	5	0.495	109.4	547.0	0.3333333333333333
26897	145	0	5	0.355	71.0	355.0	0.3333333333333333
26898	157	0	5	0.385	91.8	459.0	0.3333333333333333
26899	133	0	5	0.325	62.0	310.0	0.3333333333333333
26900	203	0	5	0.5	124.0	620.0	0.6666666666666666
26901	291	0	5	0.72	263.8	1319.0	0.3333333333333333
26902	355	0	5	0.88	224.2	1121.0	0.6666666666666666
26903	142	0	5	0.3475	82.0	410.0	0.6666666666666666
26904	206	0	5	0.5075	66.2	331.0	0.3333333333333333
26905	126	0	5	0.3075	104.8	524.0	0.3333333333333333
26906	148	0	5	0.3625	120.0	600.0	0.6666666666666666
26907	163	0	5	0.4	93.8	469.0	0.0
26908	260	0	5	0.6425	156.4	782.0	0.6666666666666666
26909	100	0	5	0.2425	98.0	490.0	0.0
26910	153	0	5	0.375	131.0	655.0	0.3333333333333333
26911	130	0	5	0.3175	50.0	250.0	0.3333333333333333
26912	282	0	5	0.6975	235.6	1178.0	0.0
26913	157	0	5	0.385	36.4	182.0	0.3333333333333333
26914	126	0	5	0.3075	118.4	592.0	0.3333333333333333
26915	292	0	5	0.7225	235.2	1176.0	0.3333333333333333
26916	231	0	5	0.57	94.6	473.0	0.6666666666666666
26917	319	0	5	0.79	224.6	1123.0	0.6666666666666666
26918	183	0	5	0.45	98.6	493.0	0.6666666666666666
26919	104	0	5	0.2525	79.6	398.0	0.3333333333333333
26920	23	0	5	0.05	21.0	105.0	0.0
26921	51	0	5	0.12	12.2	61.0	0.3333333333333333
26922	233	0	5	0.575	146.2	731.0	0.3333333333333333
26923	63	0	5	0.15	54.2	271.0	0.0
26924	152	1	4	0.3775	123.2	616.0	1.0
26925	401	0	4	0.9975	186.2	931.0	0.6666666666666666
26926	181	0	5	0.445	158.6	793.0	0.0
26927	354	0	5	0.8775	107.8	539.0	0.6666666666666666
26928	395	0	5	0.98	217.8	1089.0	0.6666666666666666
26929	197	0	5	0.485	138.6	693.0	0.3333333333333333
26930	176	0	5	0.4325	160.0	800.0	0.3333333333333333
26931	200	0	5	0.4925	153.4	767.0	0.3333333333333333
26932	111	0	5	0.27	99.0	495.0	0.3333333333333333
26933	334	1	4	0.8325	115.4	577.0	1.0
26934	355	0	5	0.88	241.2	1206.0	0.6666666666666666
26935	368	1	4	0.9175	111.2	556.0	1.0
26936	357	0	5	0.885	245.4	1227.0	0.6666666666666666
26937	247	0	5	0.61	179.0	895.0	0.0
26938	249	0	5	0.615	125.4	627.0	0.6666666666666666
26939	67	0	5	0.16	35.6	178.0	0.0
26940	163	0	5	0.4	64.2	321.0	0.6666666666666666
26941	247	1	4	0.615	223.2	1116.0	1.0
26942	121	0	5	0.295	93.4	467.0	0.3333333333333333
26943	176	0	5	0.4325	149.2	746.0	0.3333333333333333
26944	176	0	5	0.4325	157.2	786.0	0.3333333333333333
26945	397	1	4	0.99	129.6	648.0	1.0
26946	253	0	5	0.625	114.8	574.0	0.6666666666666666
26947	40	0	5	0.0925	38.0	190.0	0.0
26948	382	0	5	0.9475	245.2	1226.0	0.6666666666666666
26949	295	0	5	0.73	261.6	1308.0	0.3333333333333333
26950	64	0	5	0.1525	62.0	310.0	0.0
26951	324	1	4	0.8075	147.6	738.0	1.0
26952	183	1	4	0.455	129.2	646.0	1.0
26953	220	0	5	0.5425	58.4	292.0	0.6666666666666666
26954	312	0	5	0.7725	80.4	402.0	0.6666666666666666
26955	36	0	5	0.0825	34.0	170.0	0.0
26956	3	0	5	0.0025	0.4	2.0	0.0
26957	93	0	5	0.225	84.6	423.0	0.0
26958	223	0	5	0.55	105.2	526.0	0.0
26959	261	0	5	0.645	208.2	1041.0	0.0
26960	278	0	5	0.6875	113.4	567.0	0.6666666666666666
26961	214	0	5	0.5275	181.6	908.0	0.3333333333333333
26962	183	0	5	0.45	151.4	757.0	0.3333333333333333
26963	194	0	5	0.4775	156.4	782.0	0.0
26964	27	0	5	0.06	25.0	125.0	0.0
26965	313	0	5	0.775	103.4	517.0	0.3333333333333333
26966	319	0	5	0.79	187.0	935.0	0.6666666666666666
26967	356	1	4	0.8875	114.8	574.0	1.0
26968	325	0	5	0.805	120.2	601.0	0.3333333333333333
26969	119	0	5	0.29	117.0	585.0	0.0
26970	269	0	5	0.665	120.8	604.0	0.6666666666666666
26971	98	0	5	0.2375	87.2	436.0	0.3333333333333333
26972	195	0	5	0.48	147.2	736.0	0.6666666666666666
26973	298	0	5	0.7375	120.8	604.0	0.3333333333333333
26974	272	0	5	0.6725	159.2	796.0	0.3333333333333333
26975	232	0	5	0.5725	155.6	778.0	0.6666666666666666
26976	329	0	5	0.815	247.4	1237.0	0.3333333333333333
26977	7	0	5	0.01	5.0	25.0	0.0
26978	173	0	5	0.425	51.0	255.0	0.3333333333333333
26979	14	0	5	0.0275	12.0	60.0	0.0
26980	130	0	5	0.3175	67.4	337.0	0.3333333333333333
26981	129	0	5	0.315	98.2	491.0	0.0
26982	385	0	5	0.955	217.4	1087.0	0.3333333333333333
26983	198	0	5	0.4875	68.2	341.0	0.3333333333333333
26984	255	0	5	0.63	183.0	915.0	0.6666666666666666
26985	259	0	5	0.64	136.4	682.0	0.3333333333333333
26986	184	0	5	0.4525	160.2	801.0	0.6666666666666666
26987	170	0	5	0.4175	160.0	800.0	0.3333333333333333
26988	68	0	5	0.1625	62.4	312.0	0.0
26989	256	0	5	0.6325	113.4	567.0	0.6666666666666666
26990	323	1	4	0.805	81.8	409.0	1.0
26991	154	0	5	0.3775	50.4	252.0	0.6666666666666666
26992	27	0	5	0.06	12.4	62.0	0.0
26993	104	0	5	0.2525	68.8	344.0	0.3333333333333333
26994	338	0	5	0.8375	243.2	1216.0	0.6666666666666666
26995	230	0	5	0.5675	97.4	487.0	0.3333333333333333
26996	239	0	5	0.59	97.4	487.0	0.3333333333333333
26997	80	0	5	0.1925	78.0	390.0	0.0
26998	13	0	5	0.025	11.0	55.0	0.0
26999	395	0	5	0.98	173.2	866.0	0.6666666666666666
27000	247	0	5	0.61	208.2	1041.0	0.0
27001	358	0	5	0.8875	212.8	1064.0	0.6666666666666666
27002	268	0	5	0.6625	230.6	1153.0	0.6666666666666666
27003	230	0	5	0.5675	227.8	1139.0	0.3333333333333333
27004	319	0	5	0.79	212.0	1060.0	0.6666666666666666
27005	102	0	5	0.2475	89.2	446.0	0.0
27006	382	0	5	0.9475	170.2	851.0	0.6666666666666666
27007	58	0	5	0.1375	54.2	271.0	0.3333333333333333
27008	193	0	5	0.475	191.0	955.0	0.3333333333333333
27009	92	0	5	0.2225	54.8	274.0	0.3333333333333333
27010	148	0	5	0.3625	89.6	448.0	0.3333333333333333
27011	178	0	5	0.4375	176.0	880.0	0.0
27012	336	1	4	0.8375	257.4	1287.0	1.0
27013	83	0	5	0.2	76.0	380.0	0.0
27014	270	0	5	0.6675	207.0	1035.0	0.6666666666666666
27015	67	0	5	0.16	58.2	291.0	0.0
27016	306	0	5	0.7575	236.4	1182.0	0.3333333333333333
27017	377	0	5	0.935	275.6	1378.0	0.6666666666666666
27018	356	0	5	0.8825	170.8	854.0	0.6666666666666666
27019	38	0	5	0.0875	33.4	167.0	0.0
27020	7	0	5	0.01	5.0	25.0	0.0
27021	77	0	5	0.185	72.0	360.0	0.0
27022	11	0	5	0.02	9.0	45.0	0.0
27023	367	1	4	0.915	232.6	1163.0	1.0
27024	104	0	5	0.2525	87.6	438.0	0.0
27025	94	0	5	0.2275	80.8	404.0	0.3333333333333333
27026	226	0	5	0.5575	108.0	540.0	0.3333333333333333
27027	154	0	5	0.3775	89.0	445.0	0.3333333333333333
27028	132	0	5	0.3225	74.4	372.0	0.3333333333333333
27029	51	0	5	0.12	49.0	245.0	0.0
27030	115	0	5	0.28	25.0	125.0	0.3333333333333333
27031	257	0	5	0.635	181.8	909.0	0.3333333333333333
27032	292	0	5	0.7225	215.6	1078.0	0.3333333333333333
27033	194	0	5	0.4775	146.4	732.0	0.3333333333333333
27034	106	0	5	0.2575	29.6	148.0	0.6666666666666666
27035	172	0	5	0.4225	161.2	806.0	0.3333333333333333
27036	52	0	5	0.1225	50.0	250.0	0.0
27037	319	0	5	0.79	142.0	710.0	0.3333333333333333
27038	316	0	5	0.7825	160.4	802.0	0.6666666666666666
27039	289	0	5	0.715	134.8	674.0	0.3333333333333333
27040	229	0	5	0.565	225.8	1129.0	0.3333333333333333
27041	276	0	5	0.6825	173.0	865.0	0.3333333333333333
27042	227	0	5	0.56	138.2	691.0	0.3333333333333333
27043	94	0	5	0.2275	73.6	368.0	0.3333333333333333
27044	225	0	5	0.555	176.2	881.0	0.6666666666666666
27045	345	0	5	0.855	120.4	602.0	0.6666666666666666
27046	278	0	5	0.6875	133.4	667.0	0.6666666666666666
27047	274	0	5	0.6775	210.2	1051.0	0.3333333333333333
27048	225	1	4	0.56	149.6	748.0	1.0
27049	208	1	4	0.5175	91.4	457.0	1.0
27050	328	0	5	0.8125	101.6	508.0	0.3333333333333333
27051	230	0	5	0.5675	96.6	483.0	0.3333333333333333
27052	143	0	5	0.35	108.6	543.0	0.6666666666666666
27053	106	0	5	0.2575	74.0	370.0	0.3333333333333333
27054	85	1	4	0.21	59.6	298.0	1.0
27055	165	0	5	0.405	106.0	530.0	0.3333333333333333
27056	390	0	5	0.9675	225.2	1126.0	0.6666666666666666
27057	206	0	5	0.5075	204.0	1020.0	0.0
27058	189	0	5	0.465	133.0	665.0	0.3333333333333333
27059	205	0	5	0.505	173.8	869.0	0.3333333333333333
27060	154	0	5	0.3775	152.0	760.0	0.0
27061	213	0	5	0.525	113.8	569.0	0.3333333333333333
27062	193	1	4	0.48	94.8	474.0	1.0
27063	119	0	5	0.29	88.2	441.0	0.3333333333333333
27064	113	0	5	0.275	103.0	515.0	0.0
27065	236	0	5	0.5825	128.2	641.0	0.6666666666666666
27066	116	0	5	0.2825	26.0	130.0	0.3333333333333333
27067	371	1	4	0.925	146.6	733.0	1.0
27068	123	0	5	0.3	118.4	592.0	0.0
27069	50	0	5	0.1175	48.0	240.0	0.0
27070	83	0	5	0.2	66.6	333.0	0.0
27071	357	0	5	0.885	170.8	854.0	0.6666666666666666
27072	178	0	5	0.4375	126.0	630.0	0.3333333333333333
27073	194	0	5	0.4775	96.4	482.0	0.3333333333333333
27074	69	0	5	0.165	56.4	282.0	0.3333333333333333
27075	94	0	5	0.2275	92.0	460.0	0.0
27076	274	0	5	0.6775	123.0	615.0	0.3333333333333333
27077	158	0	5	0.3875	35.0	175.0	0.3333333333333333
27078	116	0	5	0.2825	78.0	390.0	0.0
27079	156	0	5	0.3825	130.4	652.0	0.3333333333333333
27080	15	0	5	0.03	13.0	65.0	0.0
27081	342	0	5	0.8475	183.6	918.0	0.6666666666666666
27082	187	0	5	0.46	184.8	924.0	0.3333333333333333
27083	189	0	5	0.465	98.2	491.0	0.0
27084	113	0	5	0.275	66.2	331.0	0.3333333333333333
27085	357	0	5	0.885	284.6	1423.0	0.6666666666666666
27086	72	0	5	0.1725	31.0	155.0	0.3333333333333333
27087	194	0	5	0.4775	161.8	809.0	0.3333333333333333
27088	340	0	5	0.8425	115.0	575.0	0.3333333333333333
27089	300	0	5	0.7425	62.8	314.0	0.6666666666666666
27090	187	0	5	0.46	184.0	920.0	0.0
27091	104	1	3	0.2575	68.2	341.0	1.0
27092	325	0	5	0.805	297.2	1486.0	0.3333333333333333
27093	279	0	5	0.69	226.4	1132.0	0.3333333333333333
27094	227	0	5	0.56	127.8	639.0	0.3333333333333333
27095	11	0	5	0.02	9.0	45.0	0.0
27096	256	1	4	0.6375	138.2	691.0	1.0
27097	305	1	4	0.76	173.8	869.0	1.0
27098	214	0	5	0.5275	142.4	712.0	0.3333333333333333
27099	150	1	4	0.3725	98.0	490.0	1.0
27100	389	0	5	0.965	283.8	1419.0	0.6666666666666666
27101	351	0	5	0.87	259.8	1299.0	0.6666666666666666
27102	53	0	5	0.125	45.8	229.0	0.3333333333333333
27103	170	0	5	0.4175	168.0	840.0	0.0
27104	249	0	5	0.615	185.0	925.0	0.3333333333333333
27105	282	0	5	0.6975	187.6	938.0	0.6666666666666666
27106	237	0	5	0.585	164.8	824.0	0.6666666666666666
27107	258	0	5	0.6375	139.2	696.0	0.0
27108	121	1	4	0.3	96.8	484.0	1.0
27109	203	0	5	0.5	90.0	450.0	0.3333333333333333
27110	325	0	5	0.805	248.6	1243.0	0.3333333333333333
27111	115	0	5	0.28	79.8	399.0	0.0
27112	70	0	5	0.1675	68.0	340.0	0.0
27113	136	0	5	0.3325	64.4	322.0	0.3333333333333333
27114	166	0	5	0.4075	71.2	356.0	0.6666666666666666
27115	393	0	5	0.975	176.4	882.0	0.6666666666666666
27116	89	0	5	0.215	87.0	435.0	0.0
27117	401	0	2	0.9975	364.0	1820.0	0.6666666666666666
27118	397	0	5	0.985	281.8	1409.0	0.6666666666666666
27119	367	0	5	0.91	178.4	892.0	0.6666666666666666
27120	363	1	4	0.905	251.2	1256.0	1.0
27121	98	0	5	0.2375	72.0	360.0	0.3333333333333333
27122	251	0	5	0.62	197.8	989.0	0.3333333333333333
27123	317	1	4	0.79	183.4	917.0	1.0
27124	329	0	5	0.815	292.2	1461.0	0.3333333333333333
27125	176	0	5	0.4325	142.4	712.0	0.3333333333333333
27126	252	1	4	0.6275	87.8	439.0	1.0
27127	248	0	5	0.6125	191.0	955.0	0.3333333333333333
27128	388	1	4	0.9675	197.8	989.0	1.0
27129	185	0	5	0.455	43.0	215.0	0.3333333333333333
27130	224	0	5	0.5525	97.2	486.0	0.0
27131	99	0	5	0.24	97.0	485.0	0.0
27132	264	0	5	0.6525	87.0	435.0	0.6666666666666666
27133	308	0	5	0.7625	226.0	1130.0	0.3333333333333333
27134	148	0	5	0.3625	133.8	669.0	0.0
27135	275	0	5	0.68	158.0	790.0	0.0
27136	400	0	5	0.9925	297.6	1488.0	0.6666666666666666
27137	54	0	5	0.1275	52.0	260.0	0.0
27138	172	0	5	0.4225	109.2	546.0	0.6666666666666666
27139	138	0	5	0.3375	70.4	352.0	0.3333333333333333
27140	119	0	5	0.29	43.4	217.0	0.3333333333333333
27141	251	0	5	0.62	143.6	718.0	0.6666666666666666
27142	24	0	5	0.0525	22.0	110.0	0.0
27143	390	0	5	0.9675	200.6	1003.0	0.6666666666666666
27144	213	0	5	0.525	136.6	683.0	0.6666666666666666
27145	283	0	5	0.7	268.6	1343.0	0.6666666666666666
27146	178	0	5	0.4375	83.8	419.0	0.6666666666666666
27147	317	0	5	0.785	155.2	776.0	0.6666666666666666
27148	84	0	5	0.2025	35.8	179.0	0.3333333333333333
27149	153	0	5	0.375	79.6	398.0	0.3333333333333333
27150	93	0	5	0.225	45.8	229.0	0.3333333333333333
27151	391	1	4	0.975	212.0	1060.0	1.0
27152	254	0	5	0.6275	180.2	901.0	0.3333333333333333
27153	164	0	5	0.4025	162.0	810.0	0.0
27154	49	0	5	0.115	34.2	171.0	0.0
27155	108	0	5	0.2625	97.0	485.0	0.3333333333333333
27156	343	0	5	0.85	254.8	1274.0	0.3333333333333333
27157	155	0	5	0.38	94.0	470.0	0.0
27158	219	1	4	0.545	150.8	754.0	1.0
27159	333	1	3	0.83	281.8	1409.0	1.0
27160	165	0	5	0.405	136.6	683.0	0.3333333333333333
27161	358	0	5	0.8875	246.2	1231.0	0.6666666666666666
27162	149	0	5	0.365	52.0	260.0	0.3333333333333333
27163	306	0	5	0.7575	271.6	1358.0	0.6666666666666666
27164	148	0	5	0.3625	138.8	694.0	0.0
27165	289	0	5	0.715	125.8	629.0	0.6666666666666666
27166	6	0	5	0.0075	4.0	20.0	0.0
27167	107	0	5	0.26	82.4	412.0	0.6666666666666666
27168	314	0	5	0.7775	184.2	921.0	0.6666666666666666
27169	32	0	5	0.0725	30.0	150.0	0.0
27170	240	1	4	0.5975	100.0	500.0	1.0
27171	220	0	5	0.5425	101.6	508.0	0.3333333333333333
27172	300	0	5	0.7425	186.2	931.0	0.3333333333333333
27173	132	0	5	0.3225	113.6	568.0	0.0
27174	142	0	5	0.3475	62.4	312.0	0.3333333333333333
27175	214	0	5	0.5275	189.0	945.0	0.0
27176	145	1	4	0.36	119.2	596.0	1.0
27177	80	0	5	0.1925	78.0	390.0	0.0
27178	249	0	5	0.615	163.2	816.0	0.3333333333333333
27179	39	0	5	0.09	20.2	101.0	0.3333333333333333
27180	301	0	5	0.745	210.6	1053.0	0.3333333333333333
27181	172	0	5	0.4225	142.6	713.0	0.3333333333333333
27182	261	0	5	0.645	166.2	831.0	0.3333333333333333
27183	215	0	5	0.53	142.2	711.0	0.3333333333333333
27184	337	0	5	0.835	175.0	875.0	0.3333333333333333
27185	138	0	5	0.3375	136.0	680.0	0.0
27186	340	0	5	0.8425	290.2	1451.0	0.3333333333333333
27187	393	1	4	0.98	101.4	507.0	1.0
27188	8	0	5	0.0125	6.0	30.0	0.0
27189	385	0	5	0.955	175.8	879.0	0.6666666666666666
27190	340	0	5	0.8425	150.2	751.0	0.6666666666666666
27191	46	0	5	0.1075	44.0	220.0	0.0
27192	304	0	5	0.7525	140.2	701.0	0.6666666666666666
27193	190	0	5	0.4675	76.8	384.0	0.6666666666666666
27194	78	0	5	0.1875	76.0	380.0	0.0
27195	8	0	5	0.0125	6.0	30.0	0.0
27196	313	0	5	0.775	113.2	566.0	0.3333333333333333
27197	223	0	5	0.55	167.2	836.0	0.3333333333333333
27198	242	0	5	0.5975	200.8	1004.0	0.0
27199	308	0	5	0.7625	100.4	502.0	0.6666666666666666
27200	112	0	5	0.2725	98.2	491.0	0.3333333333333333
27201	180	0	5	0.4425	86.4	432.0	0.6666666666666666
27202	28	0	5	0.0625	20.0	100.0	0.0
27203	340	0	5	0.8425	127.6	638.0	0.3333333333333333
27204	4	0	5	0.0025	2.0	10.0	0.0
27205	331	0	5	0.82	215.4	1077.0	0.6666666666666666
27206	169	0	5	0.415	84.2	421.0	0.0
27207	335	0	5	0.83	185.4	927.0	0.3333333333333333
27208	216	0	5	0.5325	142.0	710.0	0.3333333333333333
27209	342	0	5	0.8475	95.0	475.0	0.6666666666666666
27210	386	0	5	0.9575	231.0	1155.0	0.6666666666666666
27211	236	0	5	0.5825	101.8	509.0	0.6666666666666666
27212	290	0	5	0.7175	207.2	1036.0	0.6666666666666666
27213	304	0	5	0.7525	189.0	945.0	0.6666666666666666
27214	178	1	4	0.4425	157.8	789.0	1.0
27215	326	0	5	0.8075	178.2	891.0	0.6666666666666666
27216	134	0	5	0.3275	33.6	168.0	0.3333333333333333
27217	6	0	5	0.0075	1.8	9.0	0.3333333333333333
27218	4	0	5	0.0025	2.0	10.0	0.0
27219	241	0	5	0.595	213.0	1065.0	0.3333333333333333
27220	230	0	5	0.5675	215.6	1078.0	0.3333333333333333
27221	187	0	5	0.46	121.0	605.0	0.3333333333333333
27222	310	0	5	0.7675	182.6	913.0	0.6666666666666666
27223	136	0	5	0.3325	74.8	374.0	0.3333333333333333
27224	158	0	5	0.3875	112.0	560.0	0.3333333333333333
27225	373	0	5	0.925	155.0	775.0	0.6666666666666666
27226	373	0	5	0.925	187.8	939.0	0.6666666666666666
27227	315	0	5	0.78	165.8	829.0	0.6666666666666666
27228	278	0	5	0.6875	113.2	566.0	0.6666666666666666
27229	336	0	5	0.8325	254.8	1274.0	0.6666666666666666
27230	185	0	5	0.455	163.8	819.0	0.3333333333333333
27231	139	0	5	0.34	123.4	617.0	0.3333333333333333
27232	397	0	5	0.985	186.4	932.0	0.6666666666666666
27233	375	0	5	0.93	282.4	1412.0	0.3333333333333333
27234	14	0	5	0.0275	12.0	60.0	0.0
27235	331	0	5	0.82	153.6	768.0	0.3333333333333333
27236	103	0	5	0.25	92.6	463.0	0.0
27237	72	0	5	0.1725	70.0	350.0	0.0
27238	391	1	4	0.975	97.4	487.0	1.0
27239	112	0	5	0.2725	102.8	514.0	0.6666666666666666
27240	279	0	5	0.69	228.6	1143.0	0.6666666666666666
27241	103	0	5	0.25	75.8	379.0	0.3333333333333333
27242	84	0	5	0.2025	82.0	410.0	0.0
27243	119	1	4	0.295	83.0	415.0	1.0
27244	375	0	5	0.93	168.8	844.0	0.6666666666666666
27245	20	0	5	0.0425	15.6	78.0	0.3333333333333333
27246	382	1	4	0.9525	229.2	1146.0	1.0
27247	163	0	5	0.4	129.8	649.0	0.3333333333333333
27248	319	0	5	0.79	91.4	457.0	0.0
27249	27	0	5	0.06	18.4	92.0	0.0
27250	265	0	5	0.655	136.0	680.0	0.6666666666666666
27251	103	0	5	0.25	97.6	488.0	0.0
27252	171	1	4	0.425	151.6	758.0	1.0
27253	57	0	5	0.135	53.2	266.0	0.3333333333333333
27254	203	0	5	0.5	109.4	547.0	0.3333333333333333
27255	253	1	3	0.63	139.6	698.0	1.0
27256	186	0	5	0.4575	184.0	920.0	0.0
27257	145	0	5	0.355	139.4	697.0	0.0
27258	382	0	5	0.9475	148.4	742.0	0.6666666666666666
27259	152	0	5	0.3725	90.8	454.0	0.0
27260	94	0	5	0.2275	92.0	460.0	0.0
27261	121	0	5	0.295	100.0	500.0	0.0
27262	252	0	5	0.6225	215.6	1078.0	0.0
27263	33	0	5	0.075	17.4	87.0	0.3333333333333333
27264	34	0	5	0.0775	32.0	160.0	0.0
27265	254	0	5	0.6275	178.0	890.0	0.3333333333333333
27266	212	0	5	0.5225	171.6	858.0	0.3333333333333333
27267	249	0	5	0.615	171.8	859.0	0.6666666666666666
27268	170	0	5	0.4175	133.2	666.0	0.3333333333333333
27269	36	0	5	0.0825	32.8	164.0	0.3333333333333333
27270	38	0	5	0.0875	33.8	169.0	0.0
27271	343	0	5	0.85	166.4	832.0	0.6666666666666666
27272	23	0	5	0.05	21.0	105.0	0.0
27273	111	0	5	0.27	92.8	464.0	0.0
27274	76	0	5	0.1825	41.4	207.0	0.3333333333333333
27275	255	0	5	0.63	180.6	903.0	0.6666666666666666
27276	376	0	5	0.9325	349.8	1749.0	0.3333333333333333
27277	94	0	5	0.2275	92.0	460.0	0.0
27278	225	0	5	0.555	128.0	640.0	0.6666666666666666
27279	245	0	5	0.605	175.2	876.0	0.3333333333333333
27280	349	0	5	0.865	275.8	1379.0	0.3333333333333333
27281	326	0	5	0.8075	217.2	1086.0	0.6666666666666666
27282	173	0	5	0.425	102.4	512.0	0.6666666666666666
27283	322	1	4	0.8025	209.6	1048.0	1.0
27284	228	0	5	0.5625	212.0	1060.0	0.3333333333333333
27285	278	0	5	0.6875	205.8	1029.0	0.3333333333333333
27286	210	0	5	0.5175	146.4	732.0	0.0
27287	194	0	5	0.4775	158.8	794.0	0.6666666666666666
27288	401	0	4	0.9975	241.0	1205.0	0.6666666666666666
27289	109	0	5	0.265	95.4	477.0	0.0
27290	377	0	5	0.935	150.8	754.0	0.6666666666666666
27291	132	0	5	0.3225	130.0	650.0	0.0
27292	320	0	5	0.7925	121.6	608.0	0.6666666666666666
27293	212	0	5	0.5225	186.2	931.0	0.3333333333333333
27294	122	0	5	0.2975	113.0	565.0	0.3333333333333333
27295	310	0	5	0.7675	138.4	692.0	0.3333333333333333
27296	69	0	5	0.165	51.0	255.0	0.0
27297	289	1	4	0.72	161.0	805.0	1.0
27298	217	0	5	0.535	197.8	989.0	0.6666666666666666
27299	233	0	5	0.575	137.6	688.0	0.3333333333333333
27300	94	0	5	0.2275	92.0	460.0	0.0
27301	387	0	5	0.96	273.4	1367.0	0.6666666666666666
27302	187	0	5	0.46	87.6	438.0	0.3333333333333333
27303	342	0	5	0.8475	197.4	987.0	0.6666666666666666
27304	297	0	5	0.735	220.2	1101.0	0.3333333333333333
27305	338	0	5	0.8375	139.4	697.0	0.3333333333333333
27306	94	0	5	0.2275	42.8	214.0	0.6666666666666666
27307	288	0	5	0.7125	254.8	1274.0	0.6666666666666666
27308	142	0	5	0.3475	140.0	700.0	0.0
27309	174	0	5	0.4275	80.8	404.0	0.6666666666666666
27310	286	0	5	0.7075	177.6	888.0	0.6666666666666666
27311	307	0	5	0.76	292.4	1462.0	0.3333333333333333
27312	346	1	4	0.8625	170.2	851.0	1.0
27313	393	0	5	0.975	184.0	920.0	0.6666666666666666
27314	261	0	5	0.645	172.0	860.0	0.6666666666666666
27315	9	0	5	0.015	7.0	35.0	0.0
27316	372	1	4	0.9275	94.4	472.0	1.0
27317	133	0	5	0.325	58.6	293.0	0.3333333333333333
27318	202	0	5	0.4975	154.4	772.0	0.3333333333333333
27319	101	0	5	0.245	97.4	487.0	0.3333333333333333
27320	286	0	5	0.7075	252.0	1260.0	0.3333333333333333
27321	162	0	5	0.3975	68.2	341.0	0.6666666666666666
27322	335	0	5	0.83	333.0	1665.0	0.3333333333333333
27323	133	0	5	0.325	114.4	572.0	0.0
27324	209	0	5	0.515	157.0	785.0	0.3333333333333333
27325	91	0	5	0.22	66.0	330.0	0.3333333333333333
27326	76	0	5	0.1825	57.6	288.0	0.3333333333333333
27327	345	0	5	0.855	227.8	1139.0	0.6666666666666666
27328	321	0	5	0.795	241.2	1206.0	0.6666666666666666
27329	26	0	5	0.0575	24.0	120.0	0.0
27330	266	0	5	0.6575	141.8	709.0	0.3333333333333333
27331	323	0	5	0.8	80.8	404.0	0.6666666666666666
27332	317	0	5	0.785	93.0	465.0	0.3333333333333333
27333	233	0	5	0.575	188.6	943.0	0.3333333333333333
27334	320	0	5	0.7925	253.0	1265.0	0.3333333333333333
27335	218	0	5	0.5375	186.0	930.0	0.3333333333333333
27336	267	0	5	0.66	173.4	867.0	0.3333333333333333
27337	3	0	5	0.0025	0.2	1.0	0.3333333333333333
27338	207	0	5	0.51	205.0	1025.0	0.0
27339	366	1	4	0.9125	115.4	577.0	1.0
27340	204	0	5	0.5025	148.6	743.0	0.3333333333333333
27341	253	0	5	0.625	187.0	935.0	0.6666666666666666
27342	85	1	4	0.21	27.4	137.0	1.0
27343	72	0	5	0.1725	70.0	350.0	0.0
27344	228	0	5	0.5625	101.2	506.0	0.6666666666666666
27345	207	0	5	0.51	143.8	719.0	0.3333333333333333
27346	4	0	5	0.0025	2.0	10.0	0.0
27347	200	0	5	0.4925	103.6	518.0	0.6666666666666666
27348	315	0	5	0.78	268.4	1342.0	0.0
27349	158	0	5	0.3875	33.6	168.0	0.3333333333333333
27350	236	0	5	0.5825	220.8	1104.0	0.0
27351	152	0	5	0.3725	109.2	546.0	0.3333333333333333
27352	173	0	5	0.425	101.8	509.0	0.6666666666666666
27353	178	0	5	0.4375	142.8	714.0	0.0
27354	122	0	5	0.2975	41.6	208.0	0.3333333333333333
27355	384	0	5	0.9525	248.8	1244.0	0.6666666666666666
27356	247	0	5	0.61	93.0	465.0	0.3333333333333333
27357	121	0	5	0.295	69.8	349.0	0.3333333333333333
27358	374	0	5	0.9275	128.0	640.0	0.6666666666666666
27359	139	0	5	0.34	87.2	436.0	0.6666666666666666
27360	295	0	5	0.73	135.4	677.0	0.6666666666666666
27361	353	1	4	0.88	196.0	980.0	1.0
27362	339	0	5	0.84	203.6	1018.0	0.6666666666666666
27363	34	0	5	0.0775	6.4	32.0	0.3333333333333333
27364	122	0	5	0.2975	120.0	600.0	0.0
27365	250	0	5	0.6175	185.0	925.0	0.6666666666666666
27366	395	0	5	0.98	205.0	1025.0	0.6666666666666666
27367	165	0	5	0.405	48.2	241.0	0.3333333333333333
27368	322	0	5	0.7975	207.6	1038.0	0.3333333333333333
27369	399	0	5	0.99	93.0	465.0	0.6666666666666666
27370	137	0	5	0.335	135.0	675.0	0.0
27371	211	0	5	0.52	116.2	581.0	0.3333333333333333
27372	340	0	5	0.8425	290.8	1454.0	0.6666666666666666
27373	167	0	5	0.41	33.4	167.0	0.3333333333333333
27374	397	0	5	0.985	187.4	937.0	0.6666666666666666
27375	171	0	5	0.42	84.0	420.0	0.3333333333333333
27376	18	0	5	0.0375	16.0	80.0	0.0
27377	11	0	5	0.02	9.0	45.0	0.0
27378	292	1	4	0.7275	259.8	1299.0	1.0
27379	159	0	5	0.39	107.4	537.0	0.3333333333333333
27380	367	0	5	0.91	157.4	787.0	0.6666666666666666
27381	285	0	5	0.705	233.4	1167.0	0.3333333333333333
27382	123	0	5	0.3	64.6	323.0	0.3333333333333333
27383	277	0	5	0.685	236.2	1181.0	0.6666666666666666
27384	114	0	5	0.2775	94.8	474.0	0.3333333333333333
27385	377	0	5	0.935	250.4	1252.0	0.6666666666666666
27386	219	0	5	0.54	159.4	797.0	0.3333333333333333
27387	366	0	5	0.9075	217.2	1086.0	0.6666666666666666
27388	99	0	5	0.24	58.2	291.0	0.3333333333333333
27389	139	0	5	0.34	137.0	685.0	0.0
27390	60	0	5	0.1425	56.8	284.0	0.3333333333333333
27391	15	0	5	0.03	13.0	65.0	0.0
27392	144	0	5	0.3525	142.0	710.0	0.0
27393	214	0	5	0.5275	76.0	380.0	0.6666666666666666
27394	321	0	5	0.795	68.6	343.0	0.6666666666666666
27395	204	0	5	0.5025	166.8	834.0	0.0
27396	245	0	5	0.605	114.6	573.0	0.0
27397	107	0	5	0.26	105.0	525.0	0.0
27398	235	0	5	0.58	211.4	1057.0	0.0
27399	274	0	5	0.6775	73.6	368.0	0.3333333333333333
27400	210	0	5	0.5175	72.0	360.0	0.3333333333333333
27401	320	0	5	0.7925	88.4	442.0	0.6666666666666666
27402	254	0	5	0.6275	144.8	724.0	0.6666666666666666
27403	206	0	5	0.5075	106.8	534.0	0.0
27404	276	0	5	0.6825	145.6	728.0	0.3333333333333333
27405	11	0	5	0.02	9.0	45.0	0.0
27406	280	0	5	0.6925	224.2	1121.0	0.3333333333333333
27407	106	0	5	0.2575	71.0	355.0	0.3333333333333333
27408	260	1	4	0.6475	110.4	552.0	1.0
27409	390	0	5	0.9675	174.4	872.0	0.6666666666666666
27410	134	0	5	0.3275	84.8	424.0	0.0
27411	155	0	5	0.38	55.4	277.0	0.3333333333333333
27412	160	0	5	0.3925	156.4	782.0	0.3333333333333333
27413	231	0	5	0.57	163.6	818.0	0.3333333333333333
27414	175	0	5	0.43	171.4	857.0	0.0
27415	306	0	5	0.7575	78.8	394.0	0.6666666666666666
27416	380	0	5	0.9425	118.8	594.0	0.3333333333333333
27417	238	0	5	0.5875	149.0	745.0	0.3333333333333333
27418	98	0	5	0.2375	93.8	469.0	0.0
27419	186	0	5	0.4575	120.0	600.0	0.0
27420	299	0	5	0.74	230.6	1153.0	0.6666666666666666
27421	38	0	5	0.0875	36.0	180.0	0.0
27422	137	0	5	0.335	126.4	632.0	0.3333333333333333
27423	298	0	5	0.7375	172.8	864.0	0.6666666666666666
27424	170	0	5	0.4175	38.4	192.0	0.3333333333333333
27425	187	1	4	0.465	155.8	779.0	1.0
27426	259	0	5	0.64	204.2	1021.0	0.3333333333333333
27427	34	0	5	0.0775	32.0	160.0	0.0
27428	62	0	5	0.1475	32.4	162.0	0.3333333333333333
27429	118	0	5	0.2875	80.8	404.0	0.3333333333333333
27430	25	0	5	0.055	19.2	96.0	0.0
27431	149	0	5	0.365	115.0	575.0	0.3333333333333333
27432	306	1	4	0.7625	238.0	1190.0	1.0
27433	296	0	5	0.7325	246.6	1233.0	0.3333333333333333
27434	379	0	5	0.94	302.2	1511.0	0.6666666666666666
27435	152	0	5	0.3725	68.4	342.0	0.3333333333333333
27436	180	1	4	0.4475	99.8	499.0	1.0
27437	259	0	5	0.64	62.6	313.0	0.6666666666666666
27438	89	0	5	0.215	34.8	174.0	0.6666666666666666
27439	122	0	5	0.2975	110.8	554.0	0.3333333333333333
27440	242	0	5	0.5975	163.4	817.0	0.0
27441	225	0	5	0.555	203.4	1017.0	0.3333333333333333
27442	221	0	5	0.545	153.4	767.0	0.3333333333333333
27443	170	0	5	0.4175	138.0	690.0	0.3333333333333333
27444	196	0	5	0.4825	173.2	866.0	0.6666666666666666
27445	228	0	5	0.5625	116.0	580.0	0.6666666666666666
27446	172	0	5	0.4225	155.4	777.0	0.0
27447	152	0	5	0.3725	113.6	568.0	0.3333333333333333
27448	124	0	5	0.3025	122.0	610.0	0.0
27449	107	0	5	0.26	85.8	429.0	0.3333333333333333
27450	328	1	4	0.8175	252.8	1264.0	1.0
27451	245	0	5	0.605	142.2	711.0	0.0
27452	223	0	5	0.55	153.8	769.0	0.3333333333333333
27453	132	0	5	0.3225	117.6	588.0	0.0
27454	343	0	5	0.85	224.4	1122.0	0.6666666666666666
27455	52	0	5	0.1225	50.0	250.0	0.0
27456	90	0	5	0.2175	79.0	395.0	0.3333333333333333
27457	301	0	5	0.745	243.0	1215.0	0.0
27458	401	0	4	0.9975	295.4	1477.0	0.6666666666666666
27459	352	0	5	0.8725	106.2	531.0	0.6666666666666666
27460	148	0	5	0.3625	132.8	664.0	0.3333333333333333
27461	227	0	5	0.56	51.4	257.0	0.3333333333333333
27462	318	0	5	0.7875	263.0	1315.0	0.3333333333333333
27463	54	0	5	0.1275	52.0	260.0	0.0
27464	195	0	5	0.48	96.6	483.0	0.3333333333333333
27465	175	0	5	0.43	92.6	463.0	0.3333333333333333
27466	49	0	5	0.115	46.4	232.0	0.3333333333333333
27467	165	0	5	0.405	118.6	593.0	0.6666666666666666
27468	310	0	5	0.7675	244.2	1221.0	0.3333333333333333
27469	139	0	5	0.34	95.2	476.0	0.6666666666666666
27470	98	0	5	0.2375	96.0	480.0	0.0
27471	122	0	5	0.2975	94.8	474.0	0.3333333333333333
27472	217	0	5	0.535	101.2	506.0	0.3333333333333333
27473	287	1	4	0.715	209.6	1048.0	1.0
27474	267	0	5	0.66	117.4	587.0	0.6666666666666666
27475	206	0	5	0.5075	199.8	999.0	0.3333333333333333
27476	302	0	5	0.7475	245.6	1228.0	0.6666666666666666
27477	362	0	5	0.8975	204.0	1020.0	0.6666666666666666
27478	15	0	5	0.03	13.0	65.0	0.0
27479	201	0	5	0.495	146.6	733.0	0.3333333333333333
27480	246	0	5	0.6075	174.0	870.0	0.3333333333333333
27481	158	0	5	0.3875	98.0	490.0	0.3333333333333333
27482	70	0	5	0.1675	68.0	340.0	0.0
27483	109	0	5	0.265	107.0	535.0	0.0
27484	122	0	5	0.2975	35.4	177.0	0.3333333333333333
27485	191	0	5	0.47	178.2	891.0	0.0
27486	280	0	5	0.6925	161.4	807.0	0.6666666666666666
27487	279	0	5	0.69	277.0	1385.0	0.3333333333333333
27488	294	1	4	0.7325	155.0	775.0	1.0
27489	286	0	5	0.7075	238.6	1193.0	0.6666666666666666
27490	200	0	5	0.4925	119.4	597.0	0.6666666666666666
27491	144	0	5	0.3525	122.8	614.0	0.3333333333333333
27492	257	0	5	0.635	230.6	1153.0	0.3333333333333333
27493	267	0	5	0.66	200.6	1003.0	0.3333333333333333
27494	272	1	4	0.6775	237.8	1189.0	1.0
27495	53	0	5	0.125	51.0	255.0	0.0
27496	292	0	5	0.7225	204.6	1023.0	0.6666666666666666
27497	229	0	5	0.565	133.0	665.0	0.6666666666666666
27498	346	0	5	0.8575	238.2	1191.0	0.6666666666666666
27499	218	1	4	0.5425	135.6	678.0	1.0
27500	138	0	5	0.3375	102.8	514.0	0.3333333333333333
27501	308	0	5	0.7625	193.2	966.0	0.3333333333333333
27502	208	0	5	0.5125	140.8	704.0	0.6666666666666666
27503	334	0	5	0.8275	238.0	1190.0	0.6666666666666666
27504	363	1	4	0.905	200.4	1002.0	1.0
27505	205	0	5	0.505	183.4	917.0	0.3333333333333333
27506	266	0	5	0.6575	215.8	1079.0	0.3333333333333333
27507	281	0	5	0.695	136.2	681.0	0.6666666666666666
27508	315	0	5	0.78	121.8	609.0	0.3333333333333333
27509	125	0	5	0.305	108.0	540.0	0.3333333333333333
27510	272	0	5	0.6725	194.0	970.0	0.0
27511	141	0	5	0.345	112.2	561.0	0.3333333333333333
27512	188	0	5	0.4625	186.0	930.0	0.0
27513	237	0	5	0.585	166.4	832.0	0.6666666666666666
27514	246	0	5	0.6075	199.6	998.0	0.3333333333333333
27515	359	0	5	0.89	137.0	685.0	0.6666666666666666
27516	177	0	5	0.435	73.0	365.0	0.0
27517	380	1	4	0.9475	168.4	842.0	1.0
27518	374	0	5	0.9275	130.8	654.0	0.6666666666666666
27519	307	0	5	0.76	194.2	971.0	0.3333333333333333
27520	376	0	5	0.9325	197.4	987.0	0.6666666666666666
27521	143	0	5	0.35	113.4	567.0	0.3333333333333333
27522	264	0	5	0.6525	147.6	738.0	0.3333333333333333
27523	62	0	5	0.1475	60.0	300.0	0.0
27524	397	0	5	0.985	123.8	619.0	0.6666666666666666
27525	258	0	5	0.6375	130.6	653.0	0.6666666666666666
27526	98	0	5	0.2375	89.8	449.0	0.3333333333333333
27527	377	1	4	0.94	232.6	1163.0	1.0
27528	3	0	5	0.0025	0.2	1.0	0.3333333333333333
27529	215	0	5	0.53	162.2	811.0	0.3333333333333333
27530	74	0	5	0.1775	46.4	232.0	0.3333333333333333
27531	141	0	5	0.345	139.0	695.0	0.0
27532	300	0	5	0.7425	237.6	1188.0	0.3333333333333333
27533	213	0	5	0.525	142.2	711.0	0.6666666666666666
27534	277	0	5	0.685	128.6	643.0	0.6666666666666666
27535	66	0	5	0.1575	32.8	164.0	0.3333333333333333
27536	146	0	5	0.3575	37.6	188.0	0.3333333333333333
27537	176	0	5	0.4325	72.6	363.0	0.3333333333333333
27538	157	0	5	0.385	86.4	432.0	0.6666666666666666
27539	213	1	4	0.53	122.2	611.0	1.0
27540	187	1	4	0.465	125.6	628.0	1.0
27541	310	0	5	0.7675	188.0	940.0	0.6666666666666666
27542	94	0	5	0.2275	55.2	276.0	0.3333333333333333
27543	91	0	5	0.22	76.8	384.0	0.3333333333333333
27544	134	0	5	0.3275	56.0	280.0	0.6666666666666666
27545	294	0	5	0.7275	88.6	443.0	0.6666666666666666
27546	303	0	5	0.75	241.4	1207.0	0.3333333333333333
27547	395	0	5	0.98	135.8	679.0	0.6666666666666666
27548	195	0	5	0.48	117.8	589.0	0.0
27549	150	0	5	0.3675	44.0	220.0	0.3333333333333333
27550	4	0	5	0.0025	2.0	10.0	0.0
27551	101	0	5	0.245	77.8	389.0	0.0
27552	35	0	5	0.08	33.0	165.0	0.0
27553	77	0	5	0.185	75.0	375.0	0.0
27554	98	0	5	0.2375	96.0	480.0	0.0
27555	103	0	5	0.25	101.0	505.0	0.0
27556	134	0	5	0.3275	82.2	411.0	0.3333333333333333
27557	20	0	5	0.0425	18.0	90.0	0.0
27558	360	0	5	0.8925	125.0	625.0	0.6666666666666666
27559	400	1	4	0.9975	107.4	537.0	1.0
27560	204	0	5	0.5025	98.6	493.0	0.3333333333333333
27561	290	0	5	0.7175	182.0	910.0	0.6666666666666666
27562	151	0	5	0.37	97.6	488.0	0.6666666666666666
27563	277	0	5	0.685	79.4	397.0	0.3333333333333333
27564	194	1	4	0.4825	50.8	254.0	1.0
27565	132	0	5	0.3225	130.0	650.0	0.0
27566	195	0	5	0.48	96.4	482.0	0.6666666666666666
27567	188	0	5	0.4625	88.2	441.0	0.3333333333333333
27568	209	0	5	0.515	96.8	484.0	0.6666666666666666
27569	141	0	5	0.345	83.0	415.0	0.3333333333333333
27570	192	0	5	0.4725	163.6	818.0	0.3333333333333333
27571	296	0	5	0.7325	197.0	985.0	0.3333333333333333
27572	36	0	5	0.0825	34.0	170.0	0.0
27573	72	0	5	0.1725	63.6	318.0	0.3333333333333333
27574	391	0	5	0.97	276.6	1383.0	0.6666666666666666
27575	347	0	5	0.86	181.2	906.0	0.6666666666666666
27576	273	0	5	0.675	168.4	842.0	0.3333333333333333
27577	178	0	5	0.4375	176.0	880.0	0.0
27578	393	1	4	0.98	266.4	1332.0	1.0
27579	123	0	5	0.3	54.4	272.0	0.3333333333333333
27580	292	0	5	0.7225	155.0	775.0	0.6666666666666666
27581	200	0	5	0.4925	148.2	741.0	0.6666666666666666
27582	401	0	3	0.9975	271.2	1356.0	0.6666666666666666
27583	395	0	5	0.98	193.0	965.0	0.6666666666666666
27584	221	0	5	0.545	127.8	639.0	0.3333333333333333
27585	328	0	5	0.8125	239.6	1198.0	0.6666666666666666
27586	174	0	5	0.4275	73.6	368.0	0.3333333333333333
27587	24	0	5	0.0525	22.0	110.0	0.0
27588	354	0	5	0.8775	276.6	1383.0	0.6666666666666666
27589	400	0	5	0.9925	321.2	1606.0	0.6666666666666666
27590	21	0	5	0.045	18.2	91.0	0.3333333333333333
27591	381	1	4	0.95	78.6	393.0	1.0
27592	288	0	5	0.7125	189.2	946.0	0.6666666666666666
27593	199	0	5	0.49	109.8	549.0	0.0
27594	188	0	5	0.4625	164.2	821.0	0.3333333333333333
27595	79	0	5	0.19	77.0	385.0	0.0
27596	172	0	5	0.4225	43.6	218.0	0.6666666666666666
27597	278	0	5	0.6875	223.4	1117.0	0.3333333333333333
27598	304	0	5	0.7525	143.2	716.0	0.3333333333333333
27599	3	0	5	0.0025	0.4	2.0	0.3333333333333333
27600	360	0	5	0.8925	247.2	1236.0	0.3333333333333333
27601	384	0	5	0.9525	224.4	1122.0	0.6666666666666666
27602	302	0	5	0.7475	224.2	1121.0	0.3333333333333333
27603	191	0	5	0.47	170.2	851.0	0.3333333333333333
27604	394	0	5	0.9775	300.0	1500.0	0.6666666666666666
27605	378	0	5	0.9375	300.0	1500.0	0.6666666666666666
27606	117	0	5	0.285	101.2	506.0	0.3333333333333333
27607	92	0	5	0.2225	55.0	275.0	0.3333333333333333
27608	96	0	5	0.2325	94.0	470.0	0.0
27609	216	0	5	0.5325	127.2	636.0	0.3333333333333333
27610	89	0	5	0.215	87.0	435.0	0.0
27611	79	0	5	0.19	69.8	349.0	0.3333333333333333
27612	210	0	5	0.5175	199.2	996.0	0.3333333333333333
27613	322	1	4	0.8025	139.4	697.0	1.0
27614	390	0	5	0.9675	148.8	744.0	0.6666666666666666
27615	382	0	5	0.9475	158.4	792.0	0.6666666666666666
27616	259	0	5	0.64	157.0	785.0	0.3333333333333333
27617	237	0	5	0.585	195.8	979.0	0.3333333333333333
27618	256	0	5	0.6325	107.6	538.0	0.6666666666666666
27619	159	0	5	0.39	96.2	481.0	0.6666666666666666
27620	364	0	5	0.9025	239.0	1195.0	0.3333333333333333
27621	51	0	5	0.12	29.8	149.0	0.3333333333333333
27622	134	0	5	0.3275	127.2	636.0	0.0
27623	290	0	5	0.7175	81.6	408.0	0.6666666666666666
27624	181	0	5	0.445	44.6	223.0	0.3333333333333333
27625	198	0	5	0.4875	186.4	932.0	0.3333333333333333
27626	395	0	5	0.98	221.8	1109.0	0.6666666666666666
27627	243	0	5	0.6	115.2	576.0	0.3333333333333333
27628	174	0	5	0.4275	51.4	257.0	0.6666666666666666
27629	156	0	5	0.3825	91.0	455.0	0.0
27630	15	0	5	0.03	13.0	65.0	0.0
27631	283	0	5	0.7	136.4	682.0	0.6666666666666666
27632	181	0	5	0.445	96.4	482.0	0.3333333333333333
27633	352	0	5	0.8725	117.2	586.0	0.6666666666666666
27634	289	0	5	0.715	95.8	479.0	0.3333333333333333
27635	106	0	5	0.2575	104.0	520.0	0.0
27636	321	0	5	0.795	159.0	795.0	0.6666666666666666
27637	312	0	5	0.7725	186.2	931.0	0.6666666666666666
27638	329	0	5	0.815	225.8	1129.0	0.6666666666666666
27639	57	0	5	0.135	51.8	259.0	0.0
27640	41	0	5	0.095	39.0	195.0	0.0
27641	400	1	4	0.9975	209.0	1045.0	1.0
27642	128	0	5	0.3125	54.2	271.0	0.3333333333333333
27643	283	0	5	0.7	143.0	715.0	0.3333333333333333
27644	251	0	5	0.62	128.6	643.0	0.3333333333333333
27645	237	0	5	0.585	115.2	576.0	0.6666666666666666
27646	390	1	4	0.9725	144.4	722.0	1.0
27647	179	0	5	0.44	104.8	524.0	0.6666666666666666
27648	356	0	5	0.8825	170.6	853.0	0.6666666666666666
27649	304	0	5	0.7525	193.4	967.0	0.3333333333333333
27650	232	1	4	0.5775	103.2	516.0	1.0
27651	138	0	5	0.3375	79.4	397.0	0.3333333333333333
27652	63	0	5	0.15	45.4	227.0	0.3333333333333333
27653	336	0	5	0.8325	193.6	968.0	0.3333333333333333
27654	245	0	5	0.605	97.8	489.0	0.3333333333333333
27655	236	1	4	0.5875	103.2	516.0	1.0
27656	333	0	5	0.825	112.2	561.0	0.6666666666666666
27657	332	0	5	0.8225	182.4	912.0	0.6666666666666666
27658	293	0	5	0.725	85.4	427.0	0.3333333333333333
27659	189	0	5	0.465	187.0	935.0	0.0
27660	44	0	5	0.1025	42.0	210.0	0.0
27661	65	0	5	0.155	38.4	192.0	0.3333333333333333
27662	100	0	5	0.2425	63.8	319.0	0.0
27663	293	0	5	0.725	111.0	555.0	0.6666666666666666
27664	120	0	5	0.2925	74.2	371.0	0.3333333333333333
27665	150	0	5	0.3675	122.8	614.0	0.3333333333333333
27666	213	0	5	0.525	80.6	403.0	0.6666666666666666
27667	309	0	5	0.765	170.8	854.0	0.3333333333333333
27668	68	0	5	0.1625	66.0	330.0	0.0
27669	25	0	5	0.055	16.6	83.0	0.0
27670	206	0	5	0.5075	178.2	891.0	0.0
27671	255	0	5	0.63	158.0	790.0	0.6666666666666666
27672	324	0	5	0.8025	211.8	1059.0	0.6666666666666666
27673	401	0	5	0.995	253.8	1269.0	0.6666666666666666
27674	398	0	5	0.9875	184.2	921.0	0.6666666666666666
27675	156	0	5	0.3825	114.0	570.0	0.3333333333333333
27676	304	0	5	0.7525	214.0	1070.0	0.6666666666666666
27677	319	0	5	0.79	284.4	1422.0	0.3333333333333333
27678	182	0	5	0.4475	95.2	476.0	0.6666666666666666
27679	230	0	5	0.5675	185.2	926.0	0.0
27680	37	0	5	0.085	35.0	175.0	0.0
27681	296	0	5	0.7325	192.0	960.0	0.6666666666666666
27682	243	0	5	0.6	96.4	482.0	0.3333333333333333
27683	349	0	5	0.865	296.8	1484.0	0.3333333333333333
27684	337	0	5	0.835	164.4	822.0	0.6666666666666666
27685	301	0	5	0.745	139.4	697.0	0.6666666666666666
27686	193	1	4	0.48	136.2	681.0	1.0
27687	313	0	5	0.775	185.6	928.0	0.6666666666666666
27688	43	1	4	0.105	24.6	123.0	1.0
27689	100	0	5	0.2425	32.4	162.0	0.6666666666666666
27690	146	0	5	0.3575	88.8	444.0	0.0
27691	171	0	5	0.42	114.6	573.0	0.6666666666666666
27692	168	0	5	0.4125	50.8	254.0	0.6666666666666666
27693	211	0	5	0.52	136.8	684.0	0.3333333333333333
27694	324	1	4	0.8075	156.0	780.0	1.0
27695	126	0	5	0.3075	98.8	494.0	0.3333333333333333
27696	92	0	5	0.2225	90.0	450.0	0.0
27697	134	0	5	0.3275	68.8	344.0	0.3333333333333333
27698	2	0	5	0.0	0.0	0.0	0.0
27699	123	0	5	0.3	73.8	369.0	0.3333333333333333
27700	153	0	5	0.375	90.2	451.0	0.3333333333333333
27701	225	0	5	0.555	167.2	836.0	0.3333333333333333
27702	270	0	5	0.6675	219.6	1098.0	0.3333333333333333
27703	356	0	5	0.8825	166.4	832.0	0.3333333333333333
27704	364	0	5	0.9025	264.4	1322.0	0.6666666666666666
27705	290	0	5	0.7175	180.0	900.0	0.3333333333333333
27706	74	0	5	0.1775	61.2	306.0	0.3333333333333333
27707	138	0	5	0.3375	120.0	600.0	0.3333333333333333
27708	82	0	5	0.1975	45.2	226.0	0.6666666666666666
27709	78	0	5	0.1875	70.2	351.0	0.0
27710	199	0	5	0.49	79.4	397.0	0.3333333333333333
27711	288	0	5	0.7125	208.0	1040.0	0.3333333333333333
27712	127	0	5	0.31	112.2	561.0	0.0
27713	231	0	5	0.57	131.0	655.0	0.3333333333333333
27714	270	0	5	0.6675	168.8	844.0	0.3333333333333333
27715	233	0	5	0.575	200.6	1003.0	0.3333333333333333
27716	123	0	5	0.3	92.4	462.0	0.3333333333333333
27717	94	0	5	0.2275	48.4	242.0	0.0
27718	182	0	5	0.4475	180.0	900.0	0.3333333333333333
27719	287	0	5	0.71	225.8	1129.0	0.6666666666666666
27720	49	0	5	0.115	47.0	235.0	0.0
27721	57	0	5	0.135	55.0	275.0	0.0
27722	251	1	4	0.625	168.6	843.0	1.0
27723	295	0	5	0.73	195.0	975.0	0.3333333333333333
27724	352	0	5	0.8725	83.6	418.0	0.6666666666666666
27725	311	0	5	0.77	258.6	1293.0	0.3333333333333333
27726	284	1	3	0.7075	135.6	678.0	1.0
27727	240	1	4	0.5975	119.8	599.0	1.0
27728	351	0	5	0.87	235.8	1179.0	0.3333333333333333
27729	390	1	4	0.9725	310.8	1554.0	1.0
27730	146	0	5	0.3575	144.0	720.0	0.0
27731	282	0	5	0.6975	155.0	775.0	0.6666666666666666
27732	244	0	5	0.6025	73.2	366.0	0.6666666666666666
27733	28	0	5	0.0625	14.8	74.0	0.3333333333333333
27734	192	0	5	0.4725	146.6	733.0	0.6666666666666666
27735	268	0	5	0.6625	175.2	876.0	0.3333333333333333
27736	133	0	5	0.325	26.8	134.0	0.0
27737	247	1	4	0.615	214.2	1071.0	1.0
27738	135	0	5	0.33	87.8	439.0	0.3333333333333333
27739	125	0	5	0.305	32.6	163.0	0.3333333333333333
27740	55	0	5	0.13	35.0	175.0	0.3333333333333333
27741	133	0	5	0.325	131.0	655.0	0.0
27742	272	1	4	0.6775	117.6	588.0	1.0
27743	297	0	5	0.735	231.8	1159.0	0.3333333333333333
27744	73	0	5	0.175	34.2	171.0	0.3333333333333333
27745	81	0	5	0.195	46.6	233.0	0.3333333333333333
27746	240	1	4	0.5975	103.6	518.0	1.0
27747	182	0	5	0.4475	97.2	486.0	0.3333333333333333
27748	226	0	5	0.5575	109.6	548.0	0.6666666666666666
27749	322	0	5	0.7975	266.4	1332.0	0.3333333333333333
27750	350	0	5	0.8675	135.2	676.0	0.6666666666666666
27751	148	0	5	0.3625	82.0	410.0	0.0
27752	311	0	5	0.77	128.8	644.0	0.6666666666666666
27753	83	0	5	0.2	81.0	405.0	0.0
27754	187	0	5	0.46	124.2	621.0	0.3333333333333333
27755	245	0	5	0.605	172.8	864.0	0.0
27756	133	0	5	0.325	83.0	415.0	0.0
27757	91	0	5	0.22	89.0	445.0	0.0
27758	221	0	5	0.545	169.0	845.0	0.3333333333333333
27759	53	0	5	0.125	46.8	234.0	0.0
27760	393	0	5	0.975	338.4	1692.0	0.6666666666666666
27761	339	0	5	0.84	237.8	1189.0	0.6666666666666666
27762	378	0	5	0.9375	315.6	1578.0	0.3333333333333333
27763	117	0	5	0.285	60.4	302.0	0.6666666666666666
27764	229	0	5	0.565	151.4	757.0	0.3333333333333333
27765	51	0	5	0.12	49.0	245.0	0.0
27766	334	0	5	0.8275	102.4	512.0	0.6666666666666666
27767	25	0	5	0.055	19.4	97.0	0.3333333333333333
27768	162	0	5	0.3975	94.4	472.0	0.3333333333333333
27769	322	0	5	0.7975	176.6	883.0	0.3333333333333333
27770	175	0	5	0.43	135.2	676.0	0.3333333333333333
27771	105	0	5	0.255	55.0	275.0	0.3333333333333333
27772	313	0	5	0.775	199.0	995.0	0.6666666666666666
27773	351	0	5	0.87	304.0	1520.0	0.6666666666666666
27774	176	0	5	0.4325	173.2	866.0	0.3333333333333333
27775	12	0	5	0.0225	10.0	50.0	0.0
27776	186	0	5	0.4575	68.8	344.0	0.3333333333333333
27777	324	0	5	0.8025	120.4	602.0	0.6666666666666666
27778	71	0	5	0.17	69.0	345.0	0.0
27779	286	1	4	0.7125	218.6	1093.0	1.0
27780	166	0	5	0.4075	164.0	820.0	0.0
27781	169	0	5	0.415	68.0	340.0	0.3333333333333333
27782	124	0	5	0.3025	95.8	479.0	0.3333333333333333
27783	175	0	5	0.43	94.8	474.0	0.6666666666666666
27784	401	0	5	0.995	258.2	1291.0	0.6666666666666666
27785	319	0	5	0.79	132.2	661.0	0.3333333333333333
27786	52	0	5	0.1225	50.0	250.0	0.0
27787	228	0	5	0.5625	177.6	888.0	0.3333333333333333
27788	287	0	5	0.71	285.0	1425.0	0.0
27789	168	0	5	0.4125	133.8	669.0	0.0
27790	7	0	5	0.01	5.0	25.0	0.0
27791	189	0	5	0.465	103.8	519.0	0.3333333333333333
27792	328	0	5	0.8125	246.8	1234.0	0.3333333333333333
27793	149	0	5	0.365	147.0	735.0	0.0
27794	241	1	4	0.6	98.6	493.0	1.0
27795	32	0	5	0.0725	30.0	150.0	0.0
27796	196	0	5	0.4825	134.0	670.0	0.6666666666666666
27797	148	0	5	0.3625	137.2	686.0	0.0
27798	165	0	5	0.405	97.4	487.0	0.3333333333333333
27799	170	0	5	0.4175	106.8	534.0	0.3333333333333333
27800	314	0	5	0.7775	265.8	1329.0	0.3333333333333333
27801	88	0	5	0.2125	86.0	430.0	0.0
27802	142	0	5	0.3475	126.4	632.0	0.3333333333333333
27803	365	0	5	0.905	147.2	736.0	0.6666666666666666
27804	151	0	5	0.37	134.2	671.0	0.0
27805	254	1	4	0.6325	159.6	798.0	1.0
27806	289	0	5	0.715	145.4	727.0	0.6666666666666666
27807	335	0	5	0.83	166.2	831.0	0.3333333333333333
27808	113	0	5	0.275	75.4	377.0	0.0
27809	72	0	5	0.1725	70.0	350.0	0.0
27810	331	0	5	0.82	193.4	967.0	0.3333333333333333
27811	369	0	5	0.915	211.8	1059.0	0.6666666666666666
27812	245	0	5	0.605	48.8	244.0	0.6666666666666666
27813	344	1	4	0.8575	145.6	728.0	1.0
27814	77	0	5	0.185	60.2	301.0	0.3333333333333333
27815	352	0	5	0.8725	256.8	1284.0	0.6666666666666666
27816	90	0	5	0.2175	88.0	440.0	0.0
27817	104	0	5	0.2525	96.8	484.0	0.3333333333333333
27818	216	0	5	0.5325	108.2	541.0	0.3333333333333333
27819	97	0	5	0.235	46.2	231.0	0.3333333333333333
27820	271	0	5	0.67	151.4	757.0	0.6666666666666666
27821	318	1	4	0.7925	98.0	490.0	1.0
27822	193	0	5	0.475	117.8	589.0	0.3333333333333333
27823	140	0	5	0.3425	115.6	578.0	0.3333333333333333
27824	35	0	5	0.08	12.2	61.0	0.3333333333333333
27825	192	0	5	0.4725	131.2	656.0	0.3333333333333333
27826	247	0	5	0.61	104.8	524.0	0.6666666666666666
27827	303	0	5	0.75	185.0	925.0	0.6666666666666666
27828	51	0	5	0.12	49.0	245.0	0.0
27829	44	0	5	0.1025	34.8	174.0	0.0
27830	137	0	5	0.335	95.8	479.0	0.3333333333333333
27831	81	0	5	0.195	79.0	395.0	0.0
27832	9	0	5	0.015	5.4	27.0	0.0
27833	311	0	5	0.77	196.4	982.0	0.6666666666666666
27834	344	0	5	0.8525	159.2	796.0	0.3333333333333333
27835	206	0	5	0.5075	116.0	580.0	0.6666666666666666
27836	305	1	4	0.76	89.8	449.0	1.0
27837	224	0	5	0.5525	68.0	340.0	0.6666666666666666
27838	187	0	5	0.46	179.8	899.0	0.3333333333333333
27839	80	0	5	0.1925	70.6	353.0	0.0
27840	52	0	5	0.1225	38.8	194.0	0.0
27841	88	0	5	0.2125	54.8	274.0	0.3333333333333333
27842	315	0	5	0.78	205.8	1029.0	0.6666666666666666
27843	334	0	5	0.8275	276.0	1380.0	0.3333333333333333
27844	37	0	5	0.085	35.0	175.0	0.0
27845	341	0	5	0.845	314.0	1570.0	0.6666666666666666
27846	380	1	4	0.9475	88.8	444.0	1.0
27847	338	0	5	0.8375	80.2	401.0	0.3333333333333333
27848	277	0	5	0.685	154.6	773.0	0.6666666666666666
27849	146	0	5	0.3575	67.8	339.0	0.3333333333333333
27850	305	1	4	0.76	173.0	865.0	1.0
27851	259	0	5	0.64	181.8	909.0	0.3333333333333333
27852	192	0	5	0.4725	175.6	878.0	0.3333333333333333
27853	300	0	5	0.7425	254.4	1272.0	0.3333333333333333
27854	234	0	5	0.5775	144.0	720.0	0.0
27855	194	1	4	0.4825	87.6	438.0	1.0
27856	240	0	5	0.5925	193.4	967.0	0.3333333333333333
27857	60	0	5	0.1425	43.2	216.0	0.3333333333333333
27858	113	0	5	0.275	50.8	254.0	0.3333333333333333
27859	387	0	5	0.96	174.6	873.0	0.6666666666666666
27860	206	0	5	0.5075	93.6	468.0	0.3333333333333333
27861	249	0	5	0.615	217.2	1086.0	0.0
27862	370	0	5	0.9175	163.2	816.0	0.6666666666666666
27863	31	0	5	0.07	29.0	145.0	0.0
27864	182	0	5	0.4475	77.8	389.0	0.3333333333333333
27865	4	0	5	0.0025	2.0	10.0	0.0
27866	259	1	4	0.645	213.6	1068.0	1.0
27867	225	0	5	0.555	188.8	944.0	0.3333333333333333
27868	135	0	5	0.33	133.0	665.0	0.3333333333333333
27869	27	0	5	0.06	19.0	95.0	0.3333333333333333
27870	163	0	5	0.4	43.4	217.0	0.3333333333333333
27871	265	0	5	0.655	139.4	697.0	0.6666666666666666
27872	221	0	5	0.545	219.0	1095.0	0.0
27873	292	0	5	0.7225	196.2	981.0	0.3333333333333333
27874	103	0	5	0.25	101.0	505.0	0.0
27875	322	0	5	0.7975	100.0	500.0	0.6666666666666666
27876	129	0	5	0.315	82.2	411.0	0.3333333333333333
27877	200	0	5	0.4925	128.4	642.0	0.3333333333333333
27878	136	0	5	0.3325	125.6	628.0	0.6666666666666666
27879	20	0	5	0.0425	14.8	74.0	0.3333333333333333
27880	34	0	5	0.0775	32.0	160.0	0.0
27881	182	0	5	0.4475	119.6	598.0	0.3333333333333333
27882	11	0	5	0.02	8.2	41.0	0.3333333333333333
27883	65	0	5	0.155	40.2	201.0	0.0
27884	283	0	5	0.7	70.6	353.0	0.3333333333333333
27885	174	0	5	0.4275	146.2	731.0	0.0
27886	323	0	5	0.8	127.8	639.0	0.6666666666666666
27887	155	0	5	0.38	89.0	445.0	0.3333333333333333
27888	223	0	5	0.55	161.4	807.0	0.3333333333333333
27889	53	0	5	0.125	50.4	252.0	0.0
27890	391	0	5	0.97	208.4	1042.0	0.6666666666666666
27891	125	0	5	0.305	121.8	609.0	0.3333333333333333
27892	238	0	5	0.5875	213.2	1066.0	0.3333333333333333
27893	219	0	5	0.54	84.6	423.0	0.3333333333333333
27894	94	0	5	0.2275	92.0	460.0	0.0
27895	162	0	5	0.3975	152.8	764.0	0.3333333333333333
27896	390	0	5	0.9675	268.4	1342.0	0.6666666666666666
27897	174	1	4	0.4325	124.6	623.0	1.0
27898	201	0	5	0.495	165.2	826.0	0.0
27899	83	1	4	0.205	38.0	190.0	1.0
27900	147	0	5	0.36	82.0	410.0	0.0
27901	111	0	5	0.27	93.6	468.0	0.0
27902	106	0	5	0.2575	91.2	456.0	0.3333333333333333
27903	204	0	5	0.5025	93.4	467.0	0.3333333333333333
27904	174	0	5	0.4275	41.6	208.0	0.3333333333333333
27905	229	0	5	0.565	129.4	647.0	0.3333333333333333
27906	218	0	5	0.5375	109.6	548.0	0.3333333333333333
27907	194	0	5	0.4775	111.6	558.0	0.6666666666666666
27908	355	0	5	0.88	295.2	1476.0	0.6666666666666666
27909	202	0	5	0.4975	113.2	566.0	0.3333333333333333
27910	321	0	5	0.795	129.4	647.0	0.6666666666666666
27911	353	0	5	0.875	259.8	1299.0	0.6666666666666666
27912	274	0	5	0.6775	125.6	628.0	0.6666666666666666
27913	154	0	5	0.3775	97.2	486.0	0.3333333333333333
27914	253	0	5	0.625	98.4	492.0	0.6666666666666666
27915	115	1	4	0.285	61.4	307.0	1.0
27916	320	0	5	0.7925	172.8	864.0	0.3333333333333333
27917	398	0	5	0.9875	223.8	1119.0	0.6666666666666666
27918	329	1	4	0.82	83.4	417.0	1.0
27919	292	0	5	0.7225	81.2	406.0	0.6666666666666666
27920	274	0	5	0.6775	145.4	727.0	0.6666666666666666
27921	383	0	5	0.95	172.8	864.0	0.6666666666666666
27922	343	0	5	0.85	194.6	973.0	0.6666666666666666
27923	383	1	4	0.955	226.2	1131.0	1.0
27924	48	0	5	0.1125	41.0	205.0	0.0
27925	140	0	5	0.3425	89.4	447.0	0.0
27926	374	1	4	0.9325	230.4	1152.0	1.0
27927	32	0	5	0.0725	30.0	150.0	0.0
27928	96	0	5	0.2325	54.4	272.0	0.3333333333333333
27929	148	0	5	0.3625	127.4	637.0	0.0
27930	334	0	5	0.8275	148.8	744.0	0.6666666666666666
27931	177	0	5	0.435	158.8	794.0	0.3333333333333333
27932	207	0	5	0.51	158.4	792.0	0.3333333333333333
27933	113	0	5	0.275	99.4	497.0	0.0
27934	216	0	5	0.5325	167.6	838.0	0.6666666666666666
27935	360	0	5	0.8925	178.4	892.0	0.6666666666666666
27936	281	1	4	0.7	162.8	814.0	1.0
27937	317	0	5	0.785	260.2	1301.0	0.6666666666666666
27938	118	0	5	0.2875	73.0	365.0	0.6666666666666666
27939	372	0	5	0.9225	122.8	614.0	0.6666666666666666
27940	387	0	5	0.96	213.8	1069.0	0.6666666666666666
27941	128	0	5	0.3125	106.0	530.0	0.3333333333333333
27942	258	0	5	0.6375	146.6	733.0	0.0
27943	35	0	5	0.08	33.0	165.0	0.0
27944	317	0	5	0.785	181.0	905.0	0.6666666666666666
27945	37	0	5	0.085	35.0	175.0	0.0
27946	330	0	5	0.8175	131.2	656.0	0.6666666666666666
27947	401	0	4	0.9975	217.2	1086.0	0.6666666666666666
27948	254	0	5	0.6275	157.6	788.0	0.3333333333333333
27949	148	0	5	0.3625	75.8	379.0	0.3333333333333333
27950	254	0	5	0.6275	103.2	516.0	0.6666666666666666
27951	55	0	5	0.13	41.8	209.0	0.3333333333333333
27952	93	0	5	0.225	91.0	455.0	0.0
27953	337	1	4	0.84	318.8	1594.0	1.0
27954	395	0	5	0.98	215.0	1075.0	0.6666666666666666
27955	203	0	5	0.5	98.0	490.0	0.3333333333333333
27956	374	1	4	0.9325	143.2	716.0	1.0
27957	174	0	5	0.4275	165.0	825.0	0.3333333333333333
27958	344	0	5	0.8525	236.8	1184.0	0.3333333333333333
27959	134	0	5	0.3275	58.4	292.0	0.3333333333333333
27960	154	0	5	0.3775	119.6	598.0	0.3333333333333333
27961	86	0	5	0.2075	75.2	376.0	0.3333333333333333
27962	351	0	5	0.87	228.2	1141.0	0.3333333333333333
27963	108	0	5	0.2625	77.2	386.0	0.3333333333333333
27964	24	0	5	0.0525	22.0	110.0	0.0
27965	342	0	5	0.8475	269.2	1346.0	0.3333333333333333
27966	142	0	5	0.3475	94.6	473.0	0.6666666666666666
27967	362	0	5	0.8975	108.8	544.0	0.6666666666666666
27968	252	0	5	0.6225	205.8	1029.0	0.3333333333333333
27969	180	0	5	0.4425	127.6	638.0	0.6666666666666666
27970	381	0	5	0.945	179.6	898.0	0.6666666666666666
27971	140	0	5	0.3425	129.2	646.0	0.6666666666666666
27972	180	0	5	0.4425	123.6	618.0	0.3333333333333333
27973	211	0	5	0.52	134.8	674.0	0.6666666666666666
27974	137	0	5	0.335	35.8	179.0	0.3333333333333333
27975	246	0	5	0.6075	187.2	936.0	0.6666666666666666
27976	80	0	5	0.1925	66.0	330.0	0.3333333333333333
27977	353	0	5	0.875	182.2	911.0	0.6666666666666666
27978	230	0	5	0.5675	151.2	756.0	0.3333333333333333
27979	69	0	5	0.165	54.6	273.0	0.3333333333333333
27980	281	0	5	0.695	178.6	893.0	0.6666666666666666
27981	312	0	5	0.7725	226.4	1132.0	0.3333333333333333
27982	282	0	5	0.6975	208.4	1042.0	0.3333333333333333
27983	83	0	5	0.2	57.0	285.0	0.3333333333333333
27984	188	0	5	0.4625	105.2	526.0	0.3333333333333333
27985	286	0	5	0.7075	109.6	548.0	0.6666666666666666
27986	213	0	5	0.525	101.6	508.0	0.3333333333333333
27987	251	0	5	0.62	208.6	1043.0	0.3333333333333333
27988	203	0	5	0.5	163.6	818.0	0.6666666666666666
27989	352	0	5	0.8725	287.6	1438.0	0.3333333333333333
27990	315	0	5	0.78	165.4	827.0	0.6666666666666666
27991	65	0	5	0.155	62.6	313.0	0.0
27992	22	0	5	0.0475	20.0	100.0	0.0
27993	140	0	5	0.3425	84.0	420.0	0.3333333333333333
27994	257	0	5	0.635	135.8	679.0	0.3333333333333333
27995	298	0	5	0.7375	164.6	823.0	0.6666666666666666
27996	339	1	4	0.845	228.4	1142.0	1.0
27997	199	0	5	0.49	142.6	713.0	0.6666666666666666
27998	249	0	5	0.615	247.0	1235.0	0.0
27999	329	0	5	0.815	185.6	928.0	0.6666666666666666
28000	298	0	5	0.7375	107.6	538.0	0.6666666666666666
28001	184	0	5	0.4525	138.4	692.0	0.3333333333333333
28002	315	0	5	0.78	252.8	1264.0	0.3333333333333333
28003	319	0	5	0.79	198.0	990.0	0.6666666666666666
28004	235	0	5	0.58	167.2	836.0	0.3333333333333333
28005	320	0	5	0.7925	213.0	1065.0	0.6666666666666666
28006	102	0	5	0.2475	85.0	425.0	0.3333333333333333
28007	389	0	5	0.965	306.6	1533.0	0.6666666666666666
28008	171	0	5	0.42	123.6	618.0	0.3333333333333333
28009	64	0	5	0.1525	59.2	296.0	0.0
28010	134	0	5	0.3275	113.2	566.0	0.3333333333333333
28011	372	0	5	0.9225	211.2	1056.0	0.6666666666666666
28012	385	0	5	0.955	276.6	1383.0	0.6666666666666666
28013	369	0	5	0.915	169.6	848.0	0.6666666666666666
28014	280	1	4	0.6975	90.0	450.0	1.0
28015	139	0	5	0.34	29.8	149.0	0.3333333333333333
28016	182	0	5	0.4475	69.6	348.0	0.3333333333333333
28017	318	0	5	0.7875	285.4	1427.0	0.3333333333333333
28018	335	0	5	0.83	130.6	653.0	0.3333333333333333
28019	75	0	5	0.18	57.4	287.0	0.0
28020	25	0	5	0.055	16.6	83.0	0.3333333333333333
28021	223	0	5	0.55	126.6	633.0	0.0
28022	74	0	5	0.1775	51.2	256.0	0.3333333333333333
28023	324	1	2	0.8075	302.0	1510.0	1.0
28024	304	0	5	0.7525	231.0	1155.0	0.6666666666666666
28025	335	0	5	0.83	213.6	1068.0	0.3333333333333333
28026	236	0	5	0.5825	123.6	618.0	0.0
28027	80	0	5	0.1925	78.0	390.0	0.0
28028	376	0	5	0.9325	112.6	563.0	0.6666666666666666
28029	91	0	5	0.22	71.6	358.0	0.0
28030	94	0	5	0.2275	28.0	140.0	0.3333333333333333
28031	202	0	5	0.4975	166.4	832.0	0.0
28032	54	0	5	0.1275	29.6	148.0	0.0
28033	362	0	5	0.8975	124.8	624.0	0.6666666666666666
28034	52	0	5	0.1225	50.0	250.0	0.0
28035	266	0	5	0.6575	69.6	348.0	0.6666666666666666
28036	61	0	5	0.145	59.0	295.0	0.0
28037	90	0	5	0.2175	56.8	284.0	0.0
28038	312	0	5	0.7725	158.8	794.0	0.3333333333333333
28039	104	0	5	0.2525	88.8	444.0	0.3333333333333333
28040	368	0	5	0.9125	247.8	1239.0	0.6666666666666666
28041	222	0	5	0.5475	121.6	608.0	0.0
28042	297	1	4	0.74	137.8	689.0	1.0
28043	202	0	5	0.4975	155.6	778.0	0.0
28044	179	0	5	0.44	104.6	523.0	0.3333333333333333
28045	353	0	5	0.875	283.8	1419.0	0.3333333333333333
28046	5	0	5	0.005	3.0	15.0	0.0
28047	180	0	5	0.4425	147.6	738.0	0.6666666666666666
28048	80	0	5	0.1925	40.2	201.0	0.0
28049	396	0	5	0.9825	272.0	1360.0	0.6666666666666666
28050	244	0	5	0.6025	134.0	670.0	0.6666666666666666
28051	210	0	5	0.5175	61.8	309.0	0.6666666666666666
28052	169	0	5	0.415	102.2	511.0	0.0
28053	110	0	5	0.2675	28.0	140.0	0.0
28054	43	0	5	0.1	41.0	205.0	0.0
28055	93	0	5	0.225	91.0	455.0	0.0
28056	316	0	5	0.7825	288.2	1441.0	0.3333333333333333
28057	169	0	5	0.415	145.4	727.0	0.0
28058	374	0	5	0.9275	251.8	1259.0	0.6666666666666666
28059	73	0	5	0.175	60.2	301.0	0.0
28060	180	0	5	0.4425	98.0	490.0	0.3333333333333333
28061	397	0	5	0.985	139.0	695.0	0.6666666666666666
28062	5	0	5	0.005	3.0	15.0	0.0
28063	359	1	4	0.895	134.2	671.0	1.0
28064	2	0	5	0.0	0.0	0.0	0.0
28065	59	0	5	0.14	45.8	229.0	0.3333333333333333
28066	199	0	5	0.49	128.2	641.0	0.3333333333333333
28067	45	0	5	0.105	43.0	215.0	0.0
28068	233	0	5	0.575	212.8	1064.0	0.0
28069	317	1	4	0.79	218.8	1094.0	1.0
28070	370	0	5	0.9175	325.8	1629.0	0.6666666666666666
28071	7	0	5	0.01	5.0	25.0	0.0
28072	325	0	5	0.805	148.2	741.0	0.3333333333333333
28073	285	0	5	0.705	136.0	680.0	0.6666666666666666
28074	144	0	5	0.3525	142.0	710.0	0.0
28075	369	0	5	0.915	192.6	963.0	0.3333333333333333
28076	55	0	5	0.13	44.6	223.0	0.3333333333333333
28077	255	0	5	0.63	126.6	633.0	0.3333333333333333
28078	120	1	4	0.2975	79.2	396.0	1.0
28079	31	0	5	0.07	29.0	145.0	0.0
28080	255	0	5	0.63	236.2	1181.0	0.6666666666666666
28081	202	0	5	0.4975	165.6	828.0	0.0
28082	33	0	5	0.075	30.2	151.0	0.3333333333333333
28083	153	0	5	0.375	146.2	731.0	0.0
28084	285	0	5	0.705	176.2	881.0	0.3333333333333333
28085	240	0	5	0.5925	150.6	753.0	0.3333333333333333
28086	183	0	5	0.45	126.0	630.0	0.6666666666666666
28087	172	0	5	0.4225	167.6	838.0	0.3333333333333333
28088	135	0	5	0.33	117.2	586.0	0.0
28089	243	0	5	0.6	117.2	586.0	0.6666666666666666
28090	109	1	4	0.27	62.0	310.0	1.0
28091	320	1	4	0.7975	157.2	786.0	1.0
28092	198	0	5	0.4875	183.4	917.0	0.3333333333333333
28093	176	1	4	0.4375	105.0	525.0	1.0
28094	359	0	5	0.89	85.0	425.0	0.6666666666666666
28095	335	0	5	0.83	174.4	872.0	0.6666666666666666
28096	277	0	5	0.685	162.0	810.0	0.6666666666666666
28097	240	0	5	0.5925	86.8	434.0	0.6666666666666666
28098	232	0	5	0.5725	74.8	374.0	0.3333333333333333
28099	327	0	5	0.81	194.6	973.0	0.3333333333333333
28100	327	1	4	0.815	108.6	543.0	1.0
28101	392	0	5	0.9725	200.6	1003.0	0.3333333333333333
28102	343	1	4	0.855	111.2	556.0	1.0
28103	144	1	4	0.3575	32.8	164.0	1.0
28104	109	0	5	0.265	76.6	383.0	0.3333333333333333
28105	28	0	5	0.0625	26.0	130.0	0.0
28106	121	0	5	0.295	55.0	275.0	0.3333333333333333
28107	154	0	5	0.3775	60.0	300.0	0.3333333333333333
28108	234	0	5	0.5775	171.2	856.0	0.3333333333333333
28109	58	1	4	0.1425	32.8	164.0	1.0
28110	320	0	5	0.7925	306.4	1532.0	0.3333333333333333
28111	176	0	5	0.4325	76.2	381.0	0.3333333333333333
28112	253	1	4	0.63	129.0	645.0	1.0
28113	401	0	4	0.9975	154.8	774.0	0.6666666666666666
28114	59	0	5	0.14	57.0	285.0	0.0
28115	286	0	5	0.7075	150.8	754.0	0.6666666666666666
28116	359	0	5	0.89	100.0	500.0	0.6666666666666666
28117	83	0	5	0.2	52.4	262.0	0.3333333333333333
28118	17	0	5	0.035	12.6	63.0	0.3333333333333333
28119	341	0	5	0.845	272.2	1361.0	0.3333333333333333
28120	122	0	5	0.2975	118.4	592.0	0.0
28121	8	0	5	0.0125	6.0	30.0	0.0
28122	198	0	5	0.4875	144.8	724.0	0.3333333333333333
28123	227	1	4	0.565	141.0	705.0	1.0
28124	255	0	5	0.63	150.2	751.0	0.0
28125	116	1	3	0.2875	89.0	445.0	1.0
28126	105	0	5	0.255	100.4	502.0	0.3333333333333333
28127	170	0	5	0.4175	168.0	840.0	0.0
28128	42	0	5	0.0975	27.2	136.0	0.3333333333333333
28129	393	0	5	0.975	279.2	1396.0	0.6666666666666666
28130	71	0	5	0.17	18.6	93.0	0.0
28131	280	0	5	0.6925	208.4	1042.0	0.0
28132	85	0	5	0.205	83.0	415.0	0.0
28133	251	0	5	0.62	212.4	1062.0	0.6666666666666666
28134	339	0	5	0.84	179.8	899.0	0.3333333333333333
28135	26	0	5	0.0575	24.0	120.0	0.0
28136	368	0	5	0.9125	233.6	1168.0	0.6666666666666666
28137	365	0	5	0.905	110.4	552.0	0.6666666666666666
28138	132	0	5	0.3225	114.2	571.0	0.3333333333333333
28139	201	0	5	0.495	158.2	791.0	0.3333333333333333
28140	89	0	5	0.215	72.6	363.0	0.3333333333333333
28141	5	0	5	0.005	3.0	15.0	0.0
28142	361	0	5	0.895	171.6	858.0	0.6666666666666666
28143	351	0	5	0.87	178.4	892.0	0.6666666666666666
28144	309	0	5	0.765	223.2	1116.0	0.0
28145	348	1	3	0.8675	179.4	897.0	1.0
28146	268	0	5	0.6625	197.2	986.0	0.6666666666666666
28147	28	0	5	0.0625	16.4	82.0	0.0
28148	105	0	5	0.255	71.0	355.0	0.3333333333333333
28149	203	0	5	0.5	166.2	831.0	0.3333333333333333
28150	284	0	5	0.7025	149.0	745.0	0.3333333333333333
28151	194	0	5	0.4775	172.6	863.0	0.3333333333333333
28152	309	1	4	0.77	139.0	695.0	1.0
28153	272	0	5	0.6725	223.4	1117.0	0.3333333333333333
28154	247	1	4	0.615	196.2	981.0	1.0
28155	18	0	5	0.0375	14.6	73.0	0.3333333333333333
28156	131	0	5	0.32	67.8	339.0	0.3333333333333333
28157	155	0	5	0.38	153.0	765.0	0.0
28158	164	0	5	0.4025	102.8	514.0	0.3333333333333333
28159	128	0	5	0.3125	92.4	462.0	0.3333333333333333
28160	340	1	3	0.8475	242.8	1214.0	1.0
28161	35	0	5	0.08	15.4	77.0	0.3333333333333333
28162	187	0	5	0.46	162.8	814.0	0.0
28163	73	0	5	0.175	47.0	235.0	0.3333333333333333
28164	16	0	5	0.0325	14.0	70.0	0.0
28165	245	0	5	0.605	119.8	599.0	0.3333333333333333
28166	265	0	5	0.655	243.0	1215.0	0.3333333333333333
28167	251	0	5	0.62	65.8	329.0	0.6666666666666666
28168	82	0	5	0.1975	72.4	362.0	0.0
28169	200	0	5	0.4925	167.2	836.0	0.0
28170	146	0	5	0.3575	34.4	172.0	0.3333333333333333
28171	19	0	5	0.04	17.0	85.0	0.0
28172	120	0	5	0.2925	26.8	134.0	0.3333333333333333
28173	307	0	5	0.76	197.0	985.0	0.6666666666666666
28174	272	1	4	0.6775	198.4	992.0	1.0
28175	312	0	5	0.7725	297.2	1486.0	0.3333333333333333
28176	183	0	5	0.45	181.0	905.0	0.0
28177	261	0	5	0.645	231.8	1159.0	0.3333333333333333
28178	70	0	5	0.1675	49.2	246.0	0.0
28179	200	0	5	0.4925	116.8	584.0	0.0
28180	285	0	5	0.705	126.2	631.0	0.6666666666666666
28181	46	0	5	0.1075	44.0	220.0	0.0
28182	140	0	5	0.3425	84.0	420.0	0.3333333333333333
28183	72	0	5	0.1725	70.0	350.0	0.0
28184	36	0	5	0.0825	34.0	170.0	0.0
28185	117	0	5	0.285	115.0	575.0	0.0
28186	119	0	5	0.29	97.8	489.0	0.3333333333333333
28187	35	0	5	0.08	27.0	135.0	0.0
28188	227	0	5	0.56	97.0	485.0	0.6666666666666666
28189	398	0	5	0.9875	258.0	1290.0	0.6666666666666666
28190	46	0	5	0.1075	44.0	220.0	0.0
28191	291	0	5	0.72	173.6	868.0	0.6666666666666666
28192	283	0	5	0.7	227.4	1137.0	0.3333333333333333
28193	104	0	5	0.2525	85.2	426.0	0.0
28194	360	0	5	0.8925	126.0	630.0	0.6666666666666666
28195	223	0	5	0.55	164.6	823.0	0.6666666666666666
28196	111	0	5	0.27	93.4	467.0	0.0
28197	323	0	5	0.8	202.2	1011.0	0.6666666666666666
28198	149	0	5	0.365	125.4	627.0	0.0
28199	103	0	5	0.25	53.0	265.0	0.3333333333333333
28200	85	0	5	0.205	76.8	384.0	0.0
28201	289	0	5	0.715	222.2	1111.0	0.3333333333333333
28202	345	0	5	0.855	138.0	690.0	0.3333333333333333
28203	273	0	5	0.675	133.4	667.0	0.3333333333333333
28204	211	0	5	0.52	152.4	762.0	0.3333333333333333
28205	281	0	5	0.695	196.0	980.0	0.3333333333333333
28206	153	0	5	0.375	71.4	357.0	0.3333333333333333
28207	211	0	5	0.52	189.2	946.0	0.3333333333333333
28208	260	0	5	0.6425	94.4	472.0	0.6666666666666666
28209	94	0	5	0.2275	84.8	424.0	0.0
28210	387	1	4	0.965	173.4	867.0	1.0
28211	245	0	5	0.605	225.8	1129.0	0.3333333333333333
28212	337	0	5	0.835	123.0	615.0	0.6666666666666666
28213	213	0	5	0.525	180.8	904.0	0.3333333333333333
28214	93	0	5	0.225	85.8	429.0	0.3333333333333333
28215	350	0	5	0.8675	176.2	881.0	0.6666666666666666
28216	334	0	5	0.8275	193.0	965.0	0.6666666666666666
28217	358	0	5	0.8875	268.2	1341.0	0.3333333333333333
28218	374	0	5	0.9275	205.2	1026.0	0.6666666666666666
28219	95	0	5	0.23	93.0	465.0	0.0
28220	279	0	5	0.69	145.4	727.0	0.6666666666666666
28221	230	0	5	0.5675	142.0	710.0	0.3333333333333333
28222	310	0	5	0.7675	201.6	1008.0	0.3333333333333333
28223	245	0	5	0.605	201.6	1008.0	0.3333333333333333
28224	242	0	5	0.5975	212.0	1060.0	0.6666666666666666
28225	377	0	5	0.935	192.8	964.0	0.6666666666666666
28226	329	0	5	0.815	175.0	875.0	0.3333333333333333
28227	213	0	5	0.525	58.2	291.0	0.3333333333333333
28228	241	0	5	0.595	73.4	367.0	0.6666666666666666
28229	281	0	5	0.695	128.6	643.0	0.6666666666666666
28230	379	1	4	0.945	125.8	629.0	1.0
28231	394	0	5	0.9775	136.4	682.0	0.6666666666666666
28232	73	0	5	0.175	30.2	151.0	0.3333333333333333
28233	371	0	5	0.92	176.4	882.0	0.3333333333333333
28234	145	0	5	0.355	143.0	715.0	0.0
28235	201	0	5	0.495	133.4	667.0	0.6666666666666666
28236	199	0	5	0.49	180.2	901.0	0.3333333333333333
28237	245	0	5	0.605	51.8	259.0	0.6666666666666666
28238	193	0	5	0.475	141.4	707.0	0.3333333333333333
28239	83	0	5	0.2	66.6	333.0	0.3333333333333333
28240	333	0	5	0.825	123.0	615.0	0.6666666666666666
28241	284	0	5	0.7025	220.4	1102.0	0.3333333333333333
28242	357	0	5	0.885	310.4	1552.0	0.3333333333333333
28243	86	0	5	0.2075	36.0	180.0	0.0
28244	210	0	5	0.5175	117.6	588.0	0.6666666666666666
28245	43	0	5	0.1	41.0	205.0	0.0
28246	294	0	5	0.7275	121.0	605.0	0.6666666666666666
28247	10	0	5	0.0175	8.0	40.0	0.0
28248	311	0	5	0.77	199.4	997.0	0.6666666666666666
28249	365	0	5	0.905	86.2	431.0	0.6666666666666666
28250	326	0	5	0.8075	103.6	518.0	0.6666666666666666
28251	78	0	5	0.1875	53.8	269.0	0.0
28252	123	0	5	0.3	69.0	345.0	0.3333333333333333
28253	252	1	4	0.6275	152.4	762.0	1.0
28254	247	0	5	0.61	151.4	757.0	0.3333333333333333
28255	165	0	5	0.405	116.6	583.0	0.3333333333333333
28256	361	0	5	0.895	234.4	1172.0	0.6666666666666666
28257	315	0	5	0.78	199.2	996.0	0.3333333333333333
28258	301	0	5	0.745	164.0	820.0	0.6666666666666666
28259	30	0	5	0.0675	28.0	140.0	0.0
28260	53	0	5	0.125	45.4	227.0	0.0
28261	196	0	5	0.4825	64.0	320.0	0.0
28262	219	0	5	0.54	175.6	878.0	0.3333333333333333
28263	98	0	5	0.2375	42.0	210.0	0.3333333333333333
28264	198	0	5	0.4875	97.4	487.0	0.6666666666666666
28265	218	0	5	0.5375	115.2	576.0	0.3333333333333333
28266	221	0	5	0.545	183.4	917.0	0.3333333333333333
28267	134	0	5	0.3275	121.6	608.0	0.0
28268	283	0	5	0.7	237.0	1185.0	0.3333333333333333
28269	374	1	4	0.9325	144.0	720.0	1.0
28270	214	0	5	0.5275	192.4	962.0	0.3333333333333333
28271	286	0	5	0.7075	95.6	478.0	0.6666666666666666
28272	256	0	5	0.6325	204.6	1023.0	0.6666666666666666
28273	174	0	5	0.4275	134.8	674.0	0.0
28274	171	0	5	0.42	134.8	674.0	0.3333333333333333
28275	274	0	5	0.6775	181.2	906.0	0.6666666666666666
28276	70	0	5	0.1675	44.8	224.0	0.0
28277	152	0	5	0.3725	89.6	448.0	0.3333333333333333
28278	180	0	5	0.4425	94.6	473.0	0.3333333333333333
28279	301	0	5	0.745	156.2	781.0	0.6666666666666666
28280	117	0	5	0.285	92.4	462.0	0.0
28281	263	0	5	0.65	192.6	963.0	0.3333333333333333
28282	214	0	5	0.5275	118.6	593.0	0.3333333333333333
28283	354	0	5	0.8775	252.4	1262.0	0.6666666666666666
28284	135	0	5	0.33	55.8	279.0	0.3333333333333333
28285	181	0	5	0.445	120.8	604.0	0.6666666666666666
28286	164	0	5	0.4025	128.4	642.0	0.0
28287	261	0	5	0.645	114.6	573.0	0.6666666666666666
28288	123	0	5	0.3	67.4	337.0	0.0
28289	196	0	5	0.4825	120.4	602.0	0.6666666666666666
28290	4	0	5	0.0025	2.0	10.0	0.0
28291	51	0	5	0.12	16.2	81.0	0.3333333333333333
28292	312	0	5	0.7725	122.4	612.0	0.3333333333333333
28293	156	0	5	0.3825	71.6	358.0	0.3333333333333333
28294	259	1	4	0.645	213.4	1067.0	1.0
28295	354	0	5	0.8775	274.2	1371.0	0.3333333333333333
28296	138	0	5	0.3375	106.0	530.0	0.3333333333333333
28297	219	0	5	0.54	88.2	441.0	0.3333333333333333
28298	59	0	5	0.14	57.0	285.0	0.0
28299	271	0	5	0.67	207.8	1039.0	0.3333333333333333
28300	185	0	5	0.455	38.2	191.0	0.3333333333333333
28301	36	0	5	0.0825	27.8	139.0	0.0
28302	401	0	4	0.9975	182.4	912.0	0.6666666666666666
28303	160	0	5	0.3925	121.6	608.0	0.6666666666666666
28304	283	1	4	0.705	114.6	573.0	1.0
28305	386	0	5	0.9575	192.8	964.0	0.3333333333333333
28306	112	0	5	0.2725	90.6	453.0	0.3333333333333333
28307	12	0	5	0.0225	10.0	50.0	0.0
28308	317	0	5	0.785	198.4	992.0	0.3333333333333333
28309	225	0	5	0.555	114.4	572.0	0.3333333333333333
28310	305	0	5	0.755	217.6	1088.0	0.3333333333333333
28311	20	0	5	0.0425	18.0	90.0	0.0
28312	171	0	5	0.42	135.0	675.0	0.3333333333333333
28313	271	0	5	0.67	81.8	409.0	0.6666666666666666
28314	212	0	5	0.5225	165.0	825.0	0.3333333333333333
28315	99	0	5	0.24	75.8	379.0	0.0
28316	277	0	5	0.685	177.4	887.0	0.6666666666666666
28317	186	0	5	0.4575	184.0	920.0	0.0
28318	255	0	5	0.63	199.0	995.0	0.3333333333333333
28319	191	1	4	0.475	120.4	602.0	1.0
28320	79	0	5	0.19	45.8	229.0	0.3333333333333333
28321	148	0	5	0.3625	127.4	637.0	0.3333333333333333
28322	175	0	5	0.43	136.0	680.0	0.0
28323	21	0	5	0.045	19.0	95.0	0.0
28324	169	0	5	0.415	63.8	319.0	0.3333333333333333
28325	29	0	5	0.065	27.0	135.0	0.0
28326	341	0	5	0.845	233.2	1166.0	0.3333333333333333
28327	156	0	5	0.3825	102.6	513.0	0.3333333333333333
28328	239	0	5	0.59	178.4	892.0	0.3333333333333333
28329	221	0	5	0.545	139.0	695.0	0.0
28330	273	1	4	0.68	254.6	1273.0	1.0
28331	372	0	5	0.9225	279.8	1399.0	0.6666666666666666
28332	378	1	4	0.9425	268.8	1344.0	1.0
28333	367	0	5	0.91	115.6	578.0	0.6666666666666666
28334	191	0	5	0.47	178.6	893.0	0.3333333333333333
28335	268	0	5	0.6625	189.8	949.0	0.3333333333333333
28336	284	0	5	0.7025	190.2	951.0	0.6666666666666666
28337	291	0	5	0.72	119.8	599.0	0.6666666666666666
28338	291	0	5	0.72	141.6	708.0	0.6666666666666666
28339	194	0	5	0.4775	192.0	960.0	0.0
28340	187	0	5	0.46	108.6	543.0	0.0
28341	312	0	5	0.7725	221.8	1109.0	0.3333333333333333
28342	62	0	5	0.1475	49.8	249.0	0.3333333333333333
28343	237	0	5	0.585	172.2	861.0	0.0
28344	46	0	5	0.1075	34.8	174.0	0.0
28345	16	0	5	0.0325	14.0	70.0	0.0
28346	348	0	5	0.8625	263.0	1315.0	0.6666666666666666
28347	164	0	5	0.4025	78.6	393.0	0.0
28348	57	0	5	0.135	14.2	71.0	0.3333333333333333
28349	9	0	5	0.015	7.0	35.0	0.0
28350	151	0	5	0.37	61.0	305.0	0.3333333333333333
28351	90	0	5	0.2175	49.0	245.0	0.3333333333333333
28352	213	0	5	0.525	190.0	950.0	0.3333333333333333
28353	6	0	5	0.0075	4.0	20.0	0.0
28354	65	0	5	0.155	46.2	231.0	0.3333333333333333
28355	136	0	5	0.3325	132.8	664.0	0.3333333333333333
28356	125	0	5	0.305	111.4	557.0	0.3333333333333333
28357	383	0	5	0.95	145.0	725.0	0.6666666666666666
28358	227	0	5	0.56	216.4	1082.0	0.6666666666666666
28359	199	0	5	0.49	194.0	970.0	0.3333333333333333
28360	86	0	5	0.2075	73.2	366.0	0.0
28361	119	0	5	0.29	68.2	341.0	0.3333333333333333
28362	386	0	5	0.9575	337.2	1686.0	0.6666666666666666
28363	96	0	5	0.2325	43.6	218.0	0.3333333333333333
28364	320	0	5	0.7925	217.6	1088.0	0.3333333333333333
28365	136	0	5	0.3325	94.8	474.0	0.3333333333333333
28366	127	0	5	0.31	49.0	245.0	0.6666666666666666
28367	154	0	5	0.3775	117.8	589.0	0.0
28368	29	0	5	0.065	15.8	79.0	0.3333333333333333
28369	114	0	5	0.2775	102.4	512.0	0.0
28370	88	0	5	0.2125	68.8	344.0	0.0
28371	169	0	5	0.415	153.4	767.0	0.3333333333333333
28372	374	0	5	0.9275	192.0	960.0	0.6666666666666666
28373	227	0	5	0.56	163.0	815.0	0.3333333333333333
28374	224	0	5	0.5525	125.2	626.0	0.3333333333333333
28375	265	1	3	0.66	200.8	1004.0	1.0
28376	200	0	5	0.4925	98.0	490.0	0.6666666666666666
28377	128	0	5	0.3125	104.6	523.0	0.3333333333333333
28378	318	0	5	0.7875	176.2	881.0	0.3333333333333333
28379	300	0	5	0.7425	208.0	1040.0	0.3333333333333333
28380	37	0	5	0.085	35.0	175.0	0.0
28381	186	0	5	0.4575	184.0	920.0	0.0
28382	98	0	5	0.2375	85.4	427.0	0.0
28383	138	0	5	0.3375	86.8	434.0	0.6666666666666666
28384	391	1	4	0.975	251.4	1257.0	1.0
28385	290	0	5	0.7175	113.2	566.0	0.6666666666666666
28386	288	0	5	0.7125	274.0	1370.0	0.3333333333333333
28387	358	1	4	0.8925	214.0	1070.0	1.0
28388	247	0	5	0.61	235.4	1177.0	0.3333333333333333
28389	260	0	5	0.6425	205.6	1028.0	0.3333333333333333
28390	66	0	5	0.1575	46.4	232.0	0.6666666666666666
28391	96	0	5	0.2325	51.2	256.0	0.6666666666666666
28392	131	0	5	0.32	116.8	584.0	0.3333333333333333
28393	50	0	5	0.1175	46.0	230.0	0.0
28394	169	0	5	0.415	142.4	712.0	0.0
28395	257	0	5	0.635	175.4	877.0	0.3333333333333333
28396	333	0	5	0.825	288.2	1441.0	0.6666666666666666
28397	43	0	5	0.1	33.4	167.0	0.3333333333333333
28398	168	0	5	0.4125	114.8	574.0	0.0
28399	211	1	4	0.525	139.0	695.0	1.0
28400	291	0	5	0.72	206.8	1034.0	0.3333333333333333
28401	239	0	5	0.59	121.8	609.0	0.3333333333333333
28402	362	0	5	0.8975	130.4	652.0	0.6666666666666666
28403	359	1	4	0.895	163.6	818.0	1.0
28404	394	0	5	0.9775	348.0	1740.0	0.6666666666666666
28405	239	0	5	0.59	57.0	285.0	0.6666666666666666
28406	184	1	4	0.4575	151.0	755.0	1.0
28407	108	0	5	0.2625	75.2	376.0	0.3333333333333333
28408	111	0	5	0.27	109.0	545.0	0.0
28409	208	0	5	0.5125	81.2	406.0	0.3333333333333333
28410	236	0	5	0.5825	86.8	434.0	0.3333333333333333
28411	258	0	5	0.6375	242.0	1210.0	0.0
28412	22	0	5	0.0475	20.0	100.0	0.0
28413	374	0	5	0.9275	100.8	504.0	0.6666666666666666
28414	216	1	4	0.5375	65.8	329.0	1.0
28415	236	0	5	0.5825	180.8	904.0	0.3333333333333333
28416	266	0	5	0.6575	190.4	952.0	0.6666666666666666
28417	313	1	4	0.78	224.2	1121.0	1.0
28418	144	0	5	0.3525	97.8	489.0	0.3333333333333333
28419	281	0	5	0.695	185.6	928.0	0.6666666666666666
28420	378	0	5	0.9375	212.8	1064.0	0.6666666666666666
28421	55	0	5	0.13	51.8	259.0	0.3333333333333333
28422	105	0	5	0.255	98.2	491.0	0.0
28423	375	1	4	0.935	215.8	1079.0	1.0
28424	57	0	5	0.135	55.0	275.0	0.0
28425	371	1	4	0.925	105.4	527.0	1.0
28426	348	0	5	0.8625	223.6	1118.0	0.6666666666666666
28427	361	0	5	0.895	208.8	1044.0	0.6666666666666666
28428	288	0	5	0.7125	198.0	990.0	0.3333333333333333
28429	399	1	4	0.995	240.2	1201.0	1.0
28430	241	0	5	0.595	63.4	317.0	0.3333333333333333
28431	398	0	5	0.9875	196.4	982.0	0.6666666666666666
28432	145	0	5	0.355	143.0	715.0	0.0
28433	307	0	5	0.76	98.2	491.0	0.6666666666666666
28434	203	0	5	0.5	149.6	748.0	0.3333333333333333
28435	179	0	5	0.44	177.0	885.0	0.0
28436	353	0	5	0.875	167.4	837.0	0.6666666666666666
28437	355	0	5	0.88	241.0	1205.0	0.6666666666666666
28438	135	0	5	0.33	82.2	411.0	0.6666666666666666
28439	143	0	5	0.35	129.6	648.0	0.3333333333333333
28440	25	0	5	0.055	23.0	115.0	0.0
28441	355	1	4	0.885	209.0	1045.0	1.0
28442	274	0	5	0.6775	100.8	504.0	0.6666666666666666
28443	162	0	5	0.3975	134.0	670.0	0.0
28444	149	0	5	0.365	109.0	545.0	0.3333333333333333
28445	310	1	4	0.7725	78.8	394.0	1.0
28446	78	0	5	0.1875	59.2	296.0	0.6666666666666666
28447	133	0	5	0.325	101.6	508.0	0.3333333333333333
28448	381	0	5	0.945	218.0	1090.0	0.6666666666666666
28449	79	0	5	0.19	77.0	385.0	0.0
28450	225	1	4	0.56	98.4	492.0	1.0
28451	178	0	5	0.4375	137.4	687.0	0.3333333333333333
28452	149	0	5	0.365	80.4	402.0	0.0
28453	123	0	5	0.3	88.2	441.0	0.0
28454	251	0	5	0.62	181.4	907.0	0.6666666666666666
28455	170	0	5	0.4175	83.2	416.0	0.3333333333333333
28456	82	0	5	0.1975	41.6	208.0	0.3333333333333333
28457	19	0	5	0.04	17.0	85.0	0.0
28458	337	0	5	0.835	282.2	1411.0	0.6666666666666666
28459	382	0	5	0.9475	181.0	905.0	0.6666666666666666
28460	282	0	5	0.6975	144.2	721.0	0.6666666666666666
28461	366	0	5	0.9075	92.0	460.0	0.6666666666666666
28462	261	0	5	0.645	177.0	885.0	0.6666666666666666
28463	260	0	5	0.6425	116.0	580.0	0.6666666666666666
28464	101	0	5	0.245	97.4	487.0	0.3333333333333333
28465	250	1	4	0.6225	167.4	837.0	1.0
28466	382	0	5	0.9475	288.2	1441.0	0.6666666666666666
28467	256	0	5	0.6325	246.4	1232.0	0.3333333333333333
28468	140	1	4	0.3475	83.4	417.0	1.0
28469	151	0	5	0.37	149.0	745.0	0.0
28470	228	0	5	0.5625	226.0	1130.0	0.0
28471	22	0	5	0.0475	20.0	100.0	0.0
28472	332	1	4	0.8275	143.2	716.0	1.0
28473	234	0	5	0.5775	130.4	652.0	0.3333333333333333
28474	79	0	5	0.19	69.8	349.0	0.0
28475	175	0	5	0.43	173.0	865.0	0.0
28476	196	0	5	0.4825	87.4	437.0	0.6666666666666666
28477	335	0	5	0.83	189.0	945.0	0.6666666666666666
28478	210	0	5	0.5175	117.4	587.0	0.3333333333333333
28479	235	0	5	0.58	209.4	1047.0	0.6666666666666666
28480	286	0	5	0.7075	108.8	544.0	0.3333333333333333
28481	397	1	4	0.99	196.0	980.0	1.0
28482	2	0	5	0.0	0.0	0.0	0.0
28483	306	1	4	0.7625	233.0	1165.0	1.0
28484	29	0	5	0.065	27.0	135.0	0.0
28485	53	0	5	0.125	51.0	255.0	0.0
28486	114	0	5	0.2775	76.4	382.0	0.6666666666666666
28487	83	0	5	0.2	73.4	367.0	0.0
28488	204	0	5	0.5025	163.6	818.0	0.3333333333333333
28489	248	0	5	0.6125	154.8	774.0	0.3333333333333333
28490	276	0	5	0.6825	185.2	926.0	0.3333333333333333
28491	150	0	5	0.3675	146.6	733.0	0.0
28492	335	0	5	0.83	333.0	1665.0	0.0
28493	169	0	5	0.415	167.0	835.0	0.0
28494	96	0	5	0.2325	85.6	428.0	0.3333333333333333
28495	398	0	5	0.9875	182.0	910.0	0.6666666666666666
28496	321	0	5	0.795	226.6	1133.0	0.6666666666666666
28497	131	0	5	0.32	85.2	426.0	0.3333333333333333
28498	165	0	5	0.405	95.0	475.0	0.3333333333333333
28499	251	0	5	0.62	178.6	893.0	0.6666666666666666
28500	313	0	5	0.775	250.6	1253.0	0.3333333333333333
28501	305	0	5	0.755	183.0	915.0	0.3333333333333333
28502	182	0	5	0.4475	120.2	601.0	0.3333333333333333
28503	293	1	4	0.73	180.6	903.0	1.0
28504	57	0	5	0.135	55.0	275.0	0.0
28505	214	0	5	0.5275	72.0	360.0	0.6666666666666666
28506	6	0	5	0.0075	4.0	20.0	0.0
28507	296	0	5	0.7325	236.4	1182.0	0.3333333333333333
28508	341	1	4	0.85	141.0	705.0	1.0
28509	155	0	5	0.38	153.0	765.0	0.3333333333333333
28510	153	0	5	0.375	113.2	566.0	0.0
28511	247	0	5	0.61	125.0	625.0	0.3333333333333333
28512	258	0	5	0.6375	87.6	438.0	0.6666666666666666
28513	36	0	5	0.0825	24.4	122.0	0.3333333333333333
28514	328	0	5	0.8125	234.0	1170.0	0.6666666666666666
28515	219	0	5	0.54	87.4	437.0	0.3333333333333333
28516	156	0	5	0.3825	84.0	420.0	0.3333333333333333
28517	189	0	5	0.465	72.4	362.0	0.6666666666666666
28518	120	0	5	0.2925	95.4	477.0	0.3333333333333333
28519	145	0	5	0.355	102.0	510.0	0.0
28520	322	0	5	0.7975	152.4	762.0	0.6666666666666666
28521	255	0	5	0.63	143.4	717.0	0.6666666666666666
28522	315	0	5	0.78	136.6	683.0	0.3333333333333333
28523	151	0	5	0.37	143.0	715.0	0.3333333333333333
28524	182	0	5	0.4475	47.2	236.0	0.3333333333333333
28525	327	0	5	0.81	145.2	726.0	0.6666666666666666
28526	161	0	5	0.395	159.0	795.0	0.0
28527	268	0	5	0.6625	164.4	822.0	0.3333333333333333
28528	239	0	5	0.59	153.2	766.0	0.3333333333333333
28529	304	0	5	0.7525	96.4	482.0	0.3333333333333333
28530	323	0	5	0.8	163.4	817.0	0.3333333333333333
28531	60	0	5	0.1425	58.0	290.0	0.0
28532	193	0	5	0.475	106.2	531.0	0.3333333333333333
28533	97	0	5	0.235	65.0	325.0	0.0
28534	80	0	5	0.1925	78.0	390.0	0.0
28535	225	0	5	0.555	181.0	905.0	0.3333333333333333
28536	298	0	5	0.7375	228.4	1142.0	0.6666666666666666
28537	22	0	5	0.0475	18.8	94.0	0.3333333333333333
28538	64	0	5	0.1525	54.4	272.0	0.0
28539	383	0	5	0.95	294.6	1473.0	0.6666666666666666
28540	14	0	5	0.0275	12.0	60.0	0.0
28541	344	0	5	0.8525	231.6	1158.0	0.6666666666666666
28542	389	1	4	0.97	214.6	1073.0	1.0
28543	153	0	5	0.375	120.0	600.0	0.3333333333333333
28544	89	0	5	0.215	87.0	435.0	0.0
28545	295	0	5	0.73	222.6	1113.0	0.3333333333333333
28546	305	0	5	0.755	140.8	704.0	0.6666666666666666
28547	296	0	5	0.7325	189.4	947.0	0.3333333333333333
28548	225	0	5	0.555	144.2	721.0	0.6666666666666666
28549	133	0	5	0.325	52.8	264.0	0.3333333333333333
28550	197	0	5	0.485	164.4	822.0	0.0
28551	209	1	3	0.52	89.6	448.0	1.0
28552	147	0	5	0.36	123.0	615.0	0.0
28553	311	0	5	0.77	270.6	1353.0	0.0
28554	186	0	5	0.4575	120.0	600.0	0.3333333333333333
28555	31	0	5	0.07	29.0	145.0	0.0
28556	284	0	5	0.7025	205.4	1027.0	0.3333333333333333
28557	38	0	5	0.0875	25.0	125.0	0.3333333333333333
28558	3	0	5	0.0025	0.2	1.0	0.3333333333333333
28559	387	0	5	0.96	120.2	601.0	0.6666666666666666
28560	326	1	4	0.8125	138.8	694.0	1.0
28561	55	0	5	0.13	30.8	154.0	0.3333333333333333
28562	288	0	5	0.7125	220.8	1104.0	0.3333333333333333
28563	374	1	4	0.9325	221.8	1109.0	1.0
28564	108	0	5	0.2625	44.8	224.0	0.6666666666666666
28565	71	0	5	0.17	34.2	171.0	0.0
28566	150	0	5	0.3675	123.6	618.0	0.0
28567	34	0	5	0.0775	20.0	100.0	0.0
28568	118	0	5	0.2875	91.6	458.0	0.0
28569	10	0	5	0.0175	6.2	31.0	0.0
28570	22	0	5	0.0475	20.0	100.0	0.0
28571	243	0	5	0.6	193.8	969.0	0.3333333333333333
28572	396	1	4	0.9875	148.8	744.0	1.0
28573	336	0	5	0.8325	194.6	973.0	0.6666666666666666
28574	395	0	5	0.98	287.8	1439.0	0.6666666666666666
28575	140	0	5	0.3425	57.6	288.0	0.0
28576	140	0	5	0.3425	111.6	558.0	0.0
28577	344	1	4	0.8575	214.4	1072.0	1.0
28578	379	0	5	0.94	151.4	757.0	0.6666666666666666
28579	342	0	5	0.8475	223.0	1115.0	0.0
28580	388	0	5	0.9625	267.4	1337.0	0.6666666666666666
28581	65	0	5	0.155	63.0	315.0	0.0
28582	262	0	5	0.6475	153.2	766.0	0.6666666666666666
28583	277	0	5	0.685	159.0	795.0	0.0
28584	6	0	5	0.0075	4.0	20.0	0.0
28585	274	0	5	0.6775	155.6	778.0	0.0
28586	170	0	5	0.4175	99.6	498.0	0.3333333333333333
28587	130	0	5	0.3175	78.8	394.0	0.6666666666666666
28588	195	0	5	0.48	50.2	251.0	0.3333333333333333
28589	335	0	5	0.83	271.0	1355.0	0.0
28590	242	0	5	0.5975	181.8	909.0	0.3333333333333333
28591	252	0	5	0.6225	170.8	854.0	0.3333333333333333
28592	395	0	5	0.98	170.6	853.0	0.6666666666666666
28593	235	0	5	0.58	146.6	733.0	0.6666666666666666
28594	131	0	5	0.32	122.6	613.0	0.3333333333333333
28595	138	0	5	0.3375	122.2	611.0	0.3333333333333333
28596	101	0	5	0.245	64.8	324.0	0.3333333333333333
28597	173	0	5	0.425	153.2	766.0	0.3333333333333333
28598	394	0	5	0.9775	95.6	478.0	0.6666666666666666
28599	203	0	5	0.5	122.2	611.0	0.6666666666666666
28600	218	0	5	0.5375	87.2	436.0	0.3333333333333333
28601	94	0	5	0.2275	45.4	227.0	0.3333333333333333
28602	344	0	5	0.8525	188.2	941.0	0.6666666666666666
28603	236	0	5	0.5825	221.6	1108.0	0.0
28604	283	0	5	0.7	193.6	968.0	0.6666666666666666
28605	365	0	5	0.905	195.2	976.0	0.6666666666666666
28606	215	0	5	0.53	98.6	493.0	0.6666666666666666
28607	234	0	5	0.5775	211.6	1058.0	0.3333333333333333
28608	318	0	5	0.7875	165.8	829.0	0.6666666666666666
28609	96	0	5	0.2325	87.2	436.0	0.0
28610	240	0	5	0.5925	163.0	815.0	0.3333333333333333
28611	112	0	5	0.2725	64.4	322.0	0.0
28612	160	0	5	0.3925	149.0	745.0	0.0
28613	305	0	5	0.755	172.6	863.0	0.3333333333333333
28614	199	0	5	0.49	98.2	491.0	0.0
28615	157	0	5	0.385	95.2	476.0	0.0
28616	247	0	5	0.61	169.4	847.0	0.3333333333333333
28617	342	1	4	0.8525	295.0	1475.0	1.0
28618	226	0	5	0.5575	136.0	680.0	0.0
28619	331	0	5	0.82	177.8	889.0	0.6666666666666666
28620	54	0	5	0.1275	37.6	188.0	0.0
28621	390	0	5	0.9675	183.6	918.0	0.3333333333333333
28622	259	0	5	0.64	91.0	455.0	0.3333333333333333
28623	271	1	4	0.675	207.6	1038.0	1.0
28624	136	0	5	0.3325	86.0	430.0	0.3333333333333333
28625	57	0	5	0.135	47.8	239.0	0.3333333333333333
28626	99	0	5	0.24	42.6	213.0	0.3333333333333333
28627	121	0	5	0.295	36.8	184.0	0.3333333333333333
28628	214	0	5	0.5275	88.8	444.0	0.3333333333333333
28629	43	0	5	0.1	28.2	141.0	0.3333333333333333
28630	51	0	5	0.12	33.8	169.0	0.0
28631	39	0	5	0.09	30.6	153.0	0.3333333333333333
28632	241	0	5	0.595	66.0	330.0	0.6666666666666666
28633	122	0	5	0.2975	120.0	600.0	0.0
28634	135	0	5	0.33	122.2	611.0	0.3333333333333333
28635	318	0	5	0.7875	207.0	1035.0	0.6666666666666666
28636	116	0	5	0.2825	94.8	474.0	0.3333333333333333
28637	359	0	5	0.89	117.4	587.0	0.6666666666666666
28638	24	0	5	0.0525	22.0	110.0	0.0
28639	103	0	5	0.25	63.4	317.0	0.0
28640	152	0	5	0.3725	93.2	466.0	0.3333333333333333
28641	188	0	5	0.4625	96.4	482.0	0.3333333333333333
28642	267	0	5	0.66	191.4	957.0	0.6666666666666666
28643	14	0	5	0.0275	12.0	60.0	0.0
28644	93	0	5	0.225	53.2	266.0	0.3333333333333333
28645	69	0	5	0.165	67.0	335.0	0.0
28646	157	1	4	0.39	115.0	575.0	1.0
28647	62	0	5	0.1475	33.6	168.0	0.3333333333333333
28648	368	0	5	0.9125	144.8	724.0	0.6666666666666666
28649	371	0	5	0.92	181.4	907.0	0.6666666666666666
28650	342	0	5	0.8475	101.4	507.0	0.6666666666666666
28651	64	0	5	0.1525	62.0	310.0	0.3333333333333333
28652	298	0	5	0.7375	140.8	704.0	0.3333333333333333
28653	199	0	5	0.49	85.8	429.0	0.6666666666666666
28654	199	1	4	0.495	132.8	664.0	1.0
28655	391	0	5	0.97	241.6	1208.0	0.6666666666666666
28656	177	0	5	0.435	146.0	730.0	0.3333333333333333
28657	227	0	5	0.56	112.6	563.0	0.6666666666666666
28658	262	1	4	0.6525	138.8	694.0	1.0
28659	102	0	5	0.2475	100.0	500.0	0.0
28660	291	0	5	0.72	215.6	1078.0	0.6666666666666666
28661	93	0	5	0.225	84.0	420.0	0.3333333333333333
28662	228	0	5	0.5625	204.4	1022.0	0.0
28663	68	0	5	0.1625	66.0	330.0	0.0
28664	130	0	5	0.3175	115.8	579.0	0.0
28665	235	0	5	0.58	101.6	508.0	0.3333333333333333
28666	137	0	5	0.335	87.4	437.0	0.3333333333333333
28667	124	0	5	0.3025	89.2	446.0	0.3333333333333333
28668	298	1	4	0.7425	140.6	703.0	1.0
28669	294	0	5	0.7275	219.8	1099.0	0.3333333333333333
28670	234	0	5	0.5775	50.8	254.0	0.3333333333333333
28671	125	0	5	0.305	123.0	615.0	0.0
28672	353	0	5	0.875	300.6	1503.0	0.3333333333333333
28673	128	0	5	0.3125	42.8	214.0	0.3333333333333333
28674	258	0	5	0.6375	134.4	672.0	0.3333333333333333
28675	270	1	4	0.6725	204.6	1023.0	1.0
28676	287	0	5	0.71	205.8	1029.0	0.3333333333333333
28677	3	0	5	0.0025	0.2	1.0	0.0
28678	100	0	5	0.2425	67.0	335.0	0.6666666666666666
28679	288	0	5	0.7125	60.4	302.0	0.3333333333333333
28680	144	0	5	0.3525	126.8	634.0	0.3333333333333333
28681	174	0	5	0.4275	150.4	752.0	0.0
28682	274	0	5	0.6775	224.0	1120.0	0.3333333333333333
28683	368	0	5	0.9125	125.6	628.0	0.6666666666666666
28684	148	0	5	0.3625	77.0	385.0	0.0
28685	236	0	5	0.5825	88.0	440.0	0.6666666666666666
28686	245	0	5	0.605	192.4	962.0	0.3333333333333333
28687	225	0	5	0.555	172.6	863.0	0.3333333333333333
28688	292	1	4	0.7275	179.4	897.0	1.0
28689	271	0	5	0.67	261.4	1307.0	0.3333333333333333
28690	368	1	4	0.9175	164.0	820.0	1.0
28691	244	0	5	0.6025	228.2	1141.0	0.3333333333333333
28692	31	0	5	0.07	29.0	145.0	0.0
28693	304	0	5	0.7525	226.2	1131.0	0.6666666666666666
28694	290	0	5	0.7175	241.2	1206.0	0.3333333333333333
28695	268	0	5	0.6625	169.6	848.0	0.6666666666666666
28696	88	0	5	0.2125	40.4	202.0	0.3333333333333333
28697	319	0	5	0.79	187.4	937.0	0.3333333333333333
28698	205	0	5	0.505	86.6	433.0	0.6666666666666666
28699	210	0	5	0.5175	73.4	367.0	0.3333333333333333
28700	236	0	5	0.5825	168.4	842.0	0.3333333333333333
28701	127	0	5	0.31	97.0	485.0	0.3333333333333333
28702	262	0	5	0.6475	154.4	772.0	0.3333333333333333
28703	143	0	5	0.35	69.2	346.0	0.6666666666666666
28704	190	0	5	0.4675	122.0	610.0	0.3333333333333333
28705	192	0	5	0.4725	152.8	764.0	0.3333333333333333
28706	201	0	5	0.495	169.0	845.0	0.3333333333333333
28707	146	0	5	0.3575	109.2	546.0	0.3333333333333333
28708	352	0	5	0.8725	177.4	887.0	0.6666666666666666
28709	281	1	4	0.7	152.2	761.0	1.0
28710	303	0	5	0.75	233.2	1166.0	0.3333333333333333
28711	260	0	5	0.6425	148.2	741.0	0.6666666666666666
28712	321	1	4	0.8	262.2	1311.0	1.0
28713	339	0	5	0.84	336.8	1684.0	0.6666666666666666
28714	235	0	5	0.58	53.0	265.0	0.6666666666666666
28715	265	0	5	0.655	114.2	571.0	0.3333333333333333
28716	78	0	5	0.1875	76.0	380.0	0.0
28717	5	0	5	0.005	3.0	15.0	0.0
28718	82	0	5	0.1975	79.6	398.0	0.3333333333333333
28719	178	0	5	0.4375	149.6	748.0	0.0
28720	262	0	5	0.6475	163.0	815.0	0.3333333333333333
28721	396	0	5	0.9825	214.8	1074.0	0.6666666666666666
28722	179	0	5	0.44	175.8	879.0	0.3333333333333333
28723	195	0	5	0.48	176.6	883.0	0.3333333333333333
28724	178	0	5	0.4375	73.6	368.0	0.3333333333333333
28725	301	0	5	0.745	208.6	1043.0	0.3333333333333333
28726	145	0	5	0.355	143.0	715.0	0.0
28727	265	0	5	0.655	163.8	819.0	0.3333333333333333
28728	263	0	5	0.65	184.2	921.0	0.3333333333333333
28729	65	0	5	0.155	43.8	219.0	0.3333333333333333
28730	144	0	5	0.3525	97.0	485.0	0.0
28731	271	0	5	0.67	111.4	557.0	0.6666666666666666
28732	391	1	4	0.975	276.2	1381.0	1.0
28733	252	1	4	0.6275	71.2	356.0	1.0
28734	44	0	5	0.1025	42.0	210.0	0.0
28735	352	1	4	0.8775	186.8	934.0	1.0
28736	289	0	5	0.715	189.4	947.0	0.6666666666666666
28737	174	0	5	0.4275	154.0	770.0	0.3333333333333333
28738	14	0	5	0.0275	12.0	60.0	0.0
28739	23	0	5	0.05	21.0	105.0	0.0
28740	184	0	5	0.4525	104.8	524.0	0.0
28741	127	0	5	0.31	76.6	383.0	0.0
28742	210	0	5	0.5175	105.0	525.0	0.6666666666666666
28743	82	0	5	0.1975	80.0	400.0	0.0
28744	297	0	5	0.735	79.6	398.0	0.6666666666666666
28745	204	0	5	0.5025	123.6	618.0	0.3333333333333333
28746	206	0	5	0.5075	64.0	320.0	0.3333333333333333
28747	69	0	5	0.165	45.8	229.0	0.3333333333333333
28748	55	0	5	0.13	47.8	239.0	0.0
28749	212	0	5	0.5225	158.0	790.0	0.3333333333333333
28750	161	0	5	0.395	57.4	287.0	0.0
28751	286	0	5	0.7075	220.4	1102.0	0.3333333333333333
28752	199	0	5	0.49	129.0	645.0	0.0
28753	128	0	5	0.3125	126.0	630.0	0.0
28754	272	0	5	0.6725	197.8	989.0	0.3333333333333333
28755	68	0	5	0.1625	50.0	250.0	0.3333333333333333
28756	309	0	5	0.765	139.2	696.0	0.6666666666666666
28757	337	0	5	0.835	139.2	696.0	0.6666666666666666
28758	176	0	5	0.4325	164.0	820.0	0.3333333333333333
28759	316	0	5	0.7825	196.4	982.0	0.3333333333333333
28760	35	0	5	0.08	33.0	165.0	0.0
28761	209	0	5	0.515	195.2	976.0	0.3333333333333333
28762	344	0	5	0.8525	295.6	1478.0	0.3333333333333333
28763	116	0	5	0.2825	114.0	570.0	0.0
28764	268	0	5	0.6625	110.0	550.0	0.3333333333333333
28765	68	0	5	0.1625	66.0	330.0	0.0
28766	79	0	5	0.19	77.0	385.0	0.0
28767	225	0	5	0.555	144.6	723.0	0.6666666666666666
28768	6	0	5	0.0075	4.0	20.0	0.0
28769	138	0	5	0.3375	88.0	440.0	0.3333333333333333
28770	266	0	5	0.6575	157.0	785.0	0.3333333333333333
28771	177	0	5	0.435	156.0	780.0	0.3333333333333333
28772	280	0	5	0.6925	145.8	729.0	0.3333333333333333
28773	182	0	5	0.4475	175.0	875.0	0.0
28774	184	0	5	0.4525	131.2	656.0	0.3333333333333333
28775	264	0	5	0.6525	258.0	1290.0	0.3333333333333333
28776	228	0	5	0.5625	160.4	802.0	0.3333333333333333
28777	161	0	5	0.395	111.8	559.0	0.3333333333333333
28778	346	1	4	0.8625	148.0	740.0	1.0
28779	72	0	5	0.1725	70.0	350.0	0.3333333333333333
28780	201	0	5	0.495	199.0	995.0	0.3333333333333333
28781	283	0	5	0.7	182.2	911.0	0.6666666666666666
28782	280	0	5	0.6925	197.4	987.0	0.6666666666666666
28783	104	0	5	0.2525	102.0	510.0	0.0
28784	112	0	5	0.2725	81.4	407.0	0.3333333333333333
28785	246	0	5	0.6075	203.2	1016.0	0.6666666666666666
28786	285	0	5	0.705	140.2	701.0	0.6666666666666666
28787	237	0	5	0.585	79.4	397.0	0.6666666666666666
28788	324	0	5	0.8025	160.0	800.0	0.6666666666666666
28789	39	0	5	0.09	12.2	61.0	0.3333333333333333
28790	339	0	5	0.84	251.2	1256.0	0.3333333333333333
28791	96	0	5	0.2325	74.0	370.0	0.3333333333333333
28792	77	0	5	0.185	75.0	375.0	0.3333333333333333
28793	217	0	5	0.535	174.2	871.0	0.0
28794	360	0	5	0.8925	184.0	920.0	0.6666666666666666
28795	24	0	5	0.0525	22.0	110.0	0.0
28796	331	0	5	0.82	127.8	639.0	0.6666666666666666
28797	58	0	5	0.1375	30.2	151.0	0.3333333333333333
28798	53	0	5	0.125	51.0	255.0	0.0
28799	266	0	5	0.6575	100.6	503.0	0.3333333333333333
28800	328	0	5	0.8125	169.4	847.0	0.6666666666666666
28801	201	0	5	0.495	61.0	305.0	0.0
28802	257	1	4	0.64	160.4	802.0	1.0
28803	299	0	5	0.74	190.6	953.0	0.6666666666666666
28804	148	0	5	0.3625	107.0	535.0	0.6666666666666666
28805	354	0	5	0.8775	283.4	1417.0	0.3333333333333333
28806	150	0	5	0.3675	120.6	603.0	0.0
28807	201	0	5	0.495	82.0	410.0	0.3333333333333333
28808	102	0	5	0.2475	79.2	396.0	0.3333333333333333
28809	372	0	5	0.9225	267.8	1339.0	0.6666666666666666
28810	301	0	5	0.745	219.0	1095.0	0.6666666666666666
28811	280	0	5	0.6925	168.2	841.0	0.0
28812	96	0	5	0.2325	76.8	384.0	0.3333333333333333
28813	179	0	5	0.44	97.2	486.0	0.3333333333333333
28814	292	0	5	0.7225	146.0	730.0	0.3333333333333333
28815	282	0	5	0.6975	195.6	978.0	0.3333333333333333
28816	355	0	5	0.88	166.0	830.0	0.6666666666666666
28817	73	0	5	0.175	63.8	319.0	0.3333333333333333
28818	352	0	5	0.8725	312.6	1563.0	0.6666666666666666
28819	297	0	5	0.735	181.4	907.0	0.6666666666666666
28820	390	0	5	0.9675	159.2	796.0	0.6666666666666666
28821	309	0	5	0.765	188.2	941.0	0.3333333333333333
28822	89	0	5	0.215	87.0	435.0	0.0
28823	100	0	5	0.2425	98.0	490.0	0.0
28824	11	0	5	0.02	9.0	45.0	0.0
28825	381	0	5	0.945	269.8	1349.0	0.6666666666666666
28826	261	0	5	0.645	87.8	439.0	0.6666666666666666
28827	102	0	5	0.2475	94.4	472.0	0.0
28828	339	0	5	0.84	251.4	1257.0	0.0
28829	167	1	4	0.415	108.2	541.0	1.0
28830	383	0	5	0.95	325.8	1629.0	0.6666666666666666
28831	136	0	5	0.3325	41.2	206.0	0.0
28832	221	0	5	0.545	213.0	1065.0	0.3333333333333333
28833	368	0	5	0.9125	209.8	1049.0	0.6666666666666666
28834	329	0	5	0.815	233.2	1166.0	0.3333333333333333
28835	185	0	5	0.455	163.2	816.0	0.0
28836	297	0	5	0.735	214.4	1072.0	0.6666666666666666
28837	15	0	5	0.03	7.6	38.0	0.3333333333333333
28838	215	0	5	0.53	93.8	469.0	0.3333333333333333
28839	345	1	4	0.86	133.0	665.0	1.0
28840	126	0	5	0.3075	119.2	596.0	0.3333333333333333
28841	44	0	5	0.1025	28.4	142.0	0.3333333333333333
28842	201	0	5	0.495	199.0	995.0	0.0
28843	238	0	5	0.5875	151.6	758.0	0.3333333333333333
28844	42	0	5	0.0975	30.0	150.0	0.0
28845	167	0	5	0.41	149.0	745.0	0.3333333333333333
28846	360	0	5	0.8925	146.2	731.0	0.6666666666666666
28847	95	0	5	0.23	49.4	247.0	0.3333333333333333
28848	267	1	4	0.665	122.2	611.0	1.0
28849	223	0	5	0.55	87.6	438.0	0.3333333333333333
28850	113	0	5	0.275	90.0	450.0	0.0
28851	308	1	4	0.7675	248.0	1240.0	1.0
28852	165	0	5	0.405	127.0	635.0	0.0
28853	90	0	5	0.2175	88.0	440.0	0.0
28854	138	0	5	0.3375	126.4	632.0	0.0
28855	18	0	5	0.0375	16.0	80.0	0.0
28856	197	0	5	0.485	116.2	581.0	0.6666666666666666
28857	169	0	5	0.415	68.4	342.0	0.0
28858	312	0	5	0.7725	225.4	1127.0	0.3333333333333333
28859	207	0	5	0.51	41.6	208.0	0.3333333333333333
28860	33	0	5	0.075	31.0	155.0	0.0
28861	104	0	5	0.2525	67.4	337.0	0.3333333333333333
28862	77	0	5	0.185	75.0	375.0	0.0
28863	121	0	5	0.295	119.0	595.0	0.0
28864	108	0	5	0.2625	58.8	294.0	0.6666666666666666
28865	321	0	5	0.795	202.0	1010.0	0.6666666666666666
28866	142	0	5	0.3475	105.0	525.0	0.6666666666666666
28867	254	0	5	0.6275	136.2	681.0	0.6666666666666666
28868	350	0	5	0.8675	176.4	882.0	0.6666666666666666
28869	215	0	5	0.53	102.2	511.0	0.3333333333333333
28870	65	0	5	0.155	60.6	303.0	0.3333333333333333
28871	30	0	5	0.0675	13.4	67.0	0.3333333333333333
28872	341	0	5	0.845	133.0	665.0	0.6666666666666666
28873	213	0	5	0.525	167.0	835.0	0.3333333333333333
28874	70	0	5	0.1675	68.0	340.0	0.0
28875	153	0	5	0.375	35.0	175.0	0.3333333333333333
28876	23	0	5	0.05	21.0	105.0	0.0
28877	369	0	5	0.915	183.8	919.0	0.6666666666666666
28878	167	0	5	0.41	101.0	505.0	0.0
28879	59	0	5	0.14	57.0	285.0	0.0
28880	204	0	5	0.5025	155.2	776.0	0.6666666666666666
28881	320	0	5	0.7925	235.4	1177.0	0.3333333333333333
28882	100	0	5	0.2425	61.6	308.0	0.6666666666666666
28883	171	0	5	0.42	78.2	391.0	0.3333333333333333
28884	252	0	5	0.6225	201.4	1007.0	0.3333333333333333
28885	354	0	5	0.8775	141.6	708.0	0.3333333333333333
28886	251	0	5	0.62	225.0	1125.0	0.0
28887	390	0	5	0.9675	139.2	696.0	0.6666666666666666
28888	337	0	5	0.835	216.0	1080.0	0.3333333333333333
28889	153	0	5	0.375	89.0	445.0	0.3333333333333333
28890	311	0	5	0.77	92.8	464.0	0.6666666666666666
28891	28	0	5	0.0625	22.6	113.0	0.0
28892	70	0	5	0.1675	68.0	340.0	0.0
28893	236	0	5	0.5825	86.8	434.0	0.6666666666666666
28894	237	1	4	0.59	82.2	411.0	1.0
28895	116	0	5	0.2825	88.8	444.0	0.3333333333333333
28896	294	0	5	0.7275	173.2	866.0	0.6666666666666666
28897	394	0	5	0.9775	322.4	1612.0	0.6666666666666666
28898	225	0	5	0.555	190.8	954.0	0.6666666666666666
28899	401	0	4	0.9975	184.8	924.0	0.6666666666666666
28900	290	0	5	0.7175	112.4	562.0	0.6666666666666666
28901	218	0	5	0.5375	116.8	584.0	0.3333333333333333
28902	239	0	5	0.59	140.2	701.0	0.0
28903	123	0	5	0.3	109.0	545.0	0.3333333333333333
28904	358	0	5	0.8875	248.4	1242.0	0.3333333333333333
28905	187	0	5	0.46	89.8	449.0	0.3333333333333333
28906	222	0	5	0.5475	174.4	872.0	0.3333333333333333
28907	67	0	5	0.16	65.0	325.0	0.0
28908	111	0	5	0.27	109.0	545.0	0.0
28909	188	0	5	0.4625	175.8	879.0	0.3333333333333333
28910	226	0	5	0.5575	174.2	871.0	0.3333333333333333
28911	247	0	5	0.61	237.6	1188.0	0.3333333333333333
28912	234	0	5	0.5775	157.6	788.0	0.6666666666666666
28913	294	1	4	0.7325	189.4	947.0	1.0
28914	345	0	5	0.855	231.4	1157.0	0.6666666666666666
28915	58	0	5	0.1375	52.8	264.0	0.3333333333333333
28916	156	0	5	0.3825	67.2	336.0	0.3333333333333333
28917	225	0	5	0.555	217.0	1085.0	0.3333333333333333
28918	213	0	5	0.525	155.4	777.0	0.3333333333333333
28919	26	0	5	0.0575	24.0	120.0	0.0
28920	199	0	5	0.49	192.2	961.0	0.3333333333333333
28921	6	0	5	0.0075	4.0	20.0	0.0
28922	165	0	5	0.405	94.2	471.0	0.3333333333333333
28923	308	0	5	0.7625	254.2	1271.0	0.3333333333333333
28924	162	0	5	0.3975	97.6	488.0	0.0
28925	155	0	5	0.38	72.2	361.0	0.0
28926	346	0	5	0.8575	210.2	1051.0	0.6666666666666666
28927	228	0	5	0.5625	146.4	732.0	0.3333333333333333
28928	41	0	5	0.095	39.0	195.0	0.0
28929	224	0	5	0.5525	158.8	794.0	0.6666666666666666
28930	234	0	5	0.5775	172.2	861.0	0.6666666666666666
28931	114	0	5	0.2775	103.0	515.0	0.3333333333333333
28932	121	0	5	0.295	44.6	223.0	0.3333333333333333
28933	361	0	5	0.895	256.4	1282.0	0.6666666666666666
28934	297	0	5	0.735	220.6	1103.0	0.3333333333333333
28935	124	0	5	0.3025	92.0	460.0	0.6666666666666666
28936	277	0	5	0.685	175.8	879.0	0.6666666666666666
28937	164	0	5	0.4025	137.0	685.0	0.3333333333333333
28938	110	0	5	0.2675	54.4	272.0	0.3333333333333333
28939	256	0	5	0.6325	156.8	784.0	0.6666666666666666
28940	227	0	5	0.56	149.8	749.0	0.3333333333333333
28941	182	0	5	0.4475	172.0	860.0	0.0
28942	87	0	5	0.21	85.0	425.0	0.0
28943	277	0	5	0.685	158.2	791.0	0.6666666666666666
28944	184	0	5	0.4525	70.0	350.0	0.3333333333333333
28945	342	0	5	0.8475	162.0	810.0	0.6666666666666666
28946	312	0	5	0.7725	176.2	881.0	0.6666666666666666
28947	150	0	5	0.3675	148.0	740.0	0.0
28948	317	1	4	0.79	283.2	1416.0	1.0
28949	128	0	5	0.3125	57.2	286.0	0.0
28950	317	0	5	0.785	227.2	1136.0	0.6666666666666666
28951	185	0	5	0.455	69.0	345.0	0.6666666666666666
28952	330	0	5	0.8175	200.0	1000.0	0.6666666666666666
28953	271	1	4	0.675	252.6	1263.0	1.0
28954	382	1	4	0.9525	305.8	1529.0	1.0
28955	157	0	5	0.385	129.0	645.0	0.3333333333333333
28956	300	0	5	0.7425	191.2	956.0	0.0
28957	241	0	5	0.595	77.4	387.0	0.3333333333333333
28958	355	0	5	0.88	270.0	1350.0	0.6666666666666666
28959	230	0	5	0.5675	119.4	597.0	0.3333333333333333
28960	218	0	5	0.5375	103.8	519.0	0.3333333333333333
28961	64	0	5	0.1525	62.0	310.0	0.3333333333333333
28962	71	0	5	0.17	69.0	345.0	0.0
28963	264	0	5	0.6525	146.8	734.0	0.0
28964	236	0	5	0.5825	146.4	732.0	0.3333333333333333
28965	108	0	5	0.2625	106.0	530.0	0.0
28966	138	0	5	0.3375	117.4	587.0	0.0
28967	26	0	5	0.0575	12.0	60.0	0.0
28968	241	0	5	0.595	105.6	528.0	0.3333333333333333
28969	108	0	5	0.2625	77.2	386.0	0.3333333333333333
28970	220	0	5	0.5425	139.4	697.0	0.0
28971	210	0	5	0.5175	183.4	917.0	0.0
28972	232	0	5	0.5725	85.8	429.0	0.3333333333333333
28973	135	0	5	0.33	117.8	589.0	0.3333333333333333
28974	282	0	5	0.6975	133.2	666.0	0.6666666666666666
28975	273	0	5	0.675	162.0	810.0	0.6666666666666666
28976	128	0	5	0.3125	71.0	355.0	0.6666666666666666
28977	85	0	5	0.205	76.6	383.0	0.3333333333333333
28978	384	0	5	0.9525	182.8	914.0	0.6666666666666666
28979	129	0	5	0.315	125.2	626.0	0.0
28980	309	0	5	0.765	227.6	1138.0	0.0
28981	53	0	5	0.125	44.8	224.0	0.0
28982	197	0	5	0.485	173.8	869.0	0.3333333333333333
28983	220	0	5	0.5425	158.0	790.0	0.3333333333333333
28984	200	0	5	0.4925	58.4	292.0	0.3333333333333333
28985	301	0	5	0.745	88.6	443.0	0.6666666666666666
28986	90	0	5	0.2175	88.0	440.0	0.0
28987	109	0	5	0.265	107.0	535.0	0.0
28988	251	0	5	0.62	161.4	807.0	0.3333333333333333
28989	178	0	5	0.4375	68.8	344.0	0.3333333333333333
28990	140	0	5	0.3425	121.8	609.0	0.3333333333333333
28991	336	0	5	0.8325	117.0	585.0	0.6666666666666666
28992	266	0	5	0.6575	243.2	1216.0	0.3333333333333333
28993	105	0	5	0.255	79.6	398.0	0.3333333333333333
28994	384	0	5	0.9525	201.4	1007.0	0.6666666666666666
28995	228	0	5	0.5625	95.6	478.0	0.3333333333333333
28996	342	1	4	0.8525	290.4	1452.0	1.0
28997	262	0	5	0.6475	162.0	810.0	0.3333333333333333
28998	191	1	4	0.475	80.6	403.0	1.0
28999	292	0	5	0.7225	89.4	447.0	0.6666666666666666
29000	143	0	5	0.35	82.6	413.0	0.6666666666666666
29001	326	0	5	0.8075	133.8	669.0	0.6666666666666666
29002	282	0	5	0.6975	135.2	676.0	0.3333333333333333
29003	244	0	5	0.6025	173.6	868.0	0.3333333333333333
29004	38	0	5	0.0875	21.8	109.0	0.3333333333333333
29005	167	0	5	0.41	137.0	685.0	0.3333333333333333
29006	246	0	5	0.6075	101.0	505.0	0.3333333333333333
29007	136	0	5	0.3325	78.8	394.0	0.3333333333333333
29008	340	1	4	0.8475	189.2	946.0	1.0
29009	7	0	5	0.01	5.0	25.0	0.0
29010	247	0	5	0.61	103.8	519.0	0.6666666666666666
29011	51	0	5	0.12	42.6	213.0	0.3333333333333333
29012	178	1	4	0.4425	64.4	322.0	1.0
29013	304	1	4	0.7575	165.6	828.0	1.0
29014	360	1	4	0.8975	202.0	1010.0	1.0
29015	252	0	5	0.6225	168.4	842.0	0.3333333333333333
29016	294	0	5	0.7275	244.8	1224.0	0.3333333333333333
29017	92	0	5	0.2225	90.0	450.0	0.0
29018	323	0	5	0.8	176.8	884.0	0.6666666666666666
29019	280	0	5	0.6925	278.0	1390.0	0.3333333333333333
29020	250	0	5	0.6175	131.8	659.0	0.3333333333333333
29021	263	0	5	0.65	162.2	811.0	0.3333333333333333
29022	275	0	5	0.68	97.4	487.0	0.3333333333333333
29023	3	0	5	0.0025	0.2	1.0	0.3333333333333333
29024	112	0	5	0.2725	110.0	550.0	0.0
29025	8	0	5	0.0125	6.0	30.0	0.0
29026	236	0	5	0.5825	72.4	362.0	0.3333333333333333
29027	17	0	5	0.035	15.0	75.0	0.0
29028	9	0	5	0.015	7.0	35.0	0.0
29029	111	0	5	0.27	94.4	472.0	0.3333333333333333
29030	356	0	5	0.8825	129.2	646.0	0.3333333333333333
29031	323	1	4	0.805	243.6	1218.0	1.0
29032	56	0	5	0.1325	16.4	82.0	0.0
29033	347	0	5	0.86	177.4	887.0	0.3333333333333333
29034	229	0	5	0.565	182.4	912.0	0.3333333333333333
29035	396	1	4	0.9875	114.0	570.0	1.0
29036	173	0	5	0.425	171.0	855.0	0.0
29037	234	0	5	0.5775	210.4	1052.0	0.3333333333333333
29038	234	0	5	0.5775	113.6	568.0	0.3333333333333333
29039	342	0	5	0.8475	235.6	1178.0	0.6666666666666666
29040	239	0	5	0.59	88.2	441.0	0.3333333333333333
29041	382	0	5	0.9475	138.6	693.0	0.6666666666666666
29042	313	1	4	0.78	133.8	669.0	1.0
29043	144	0	5	0.3525	93.0	465.0	0.3333333333333333
29044	324	1	4	0.8075	176.4	882.0	1.0
29045	242	0	5	0.5975	168.6	843.0	0.6666666666666666
29046	370	0	5	0.9175	244.6	1223.0	0.6666666666666666
29047	299	0	5	0.74	243.4	1217.0	0.3333333333333333
29048	72	0	5	0.1725	70.0	350.0	0.0
29049	180	0	5	0.4425	178.0	890.0	0.0
29050	304	0	5	0.7525	110.2	551.0	0.3333333333333333
29051	41	0	5	0.095	39.0	195.0	0.0
29052	308	0	5	0.7625	213.0	1065.0	0.3333333333333333
29053	191	0	5	0.47	110.6	553.0	0.3333333333333333
29054	145	0	5	0.355	115.6	578.0	0.6666666666666666
29055	312	0	5	0.7725	270.0	1350.0	0.3333333333333333
29056	374	0	5	0.9275	145.6	728.0	0.6666666666666666
29057	174	0	5	0.4275	95.6	478.0	0.0
29058	232	0	5	0.5725	91.2	456.0	0.6666666666666666
29059	33	0	5	0.075	28.4	142.0	0.3333333333333333
29060	360	1	4	0.8975	89.6	448.0	1.0
29061	146	0	5	0.3575	43.4	217.0	0.3333333333333333
29062	69	0	5	0.165	52.6	263.0	0.0
29063	234	0	5	0.5775	216.8	1084.0	0.3333333333333333
29064	254	0	5	0.6275	246.8	1234.0	0.0
29065	235	0	5	0.58	233.0	1165.0	0.0
29066	148	0	5	0.3625	77.6	388.0	0.3333333333333333
29067	372	0	5	0.9225	169.2	846.0	0.6666666666666666
29068	194	0	5	0.4775	111.2	556.0	0.6666666666666666
29069	248	0	5	0.6125	208.0	1040.0	0.3333333333333333
29070	233	0	5	0.575	150.4	752.0	0.3333333333333333
29071	202	0	5	0.4975	128.0	640.0	0.3333333333333333
29072	233	0	5	0.575	114.4	572.0	0.3333333333333333
29073	350	0	5	0.8675	161.2	806.0	0.6666666666666666
29074	117	0	5	0.285	62.8	314.0	0.3333333333333333
29075	85	0	5	0.205	64.4	322.0	0.0
29076	258	1	4	0.6425	107.2	536.0	1.0
29077	5	0	5	0.005	3.0	15.0	0.0
29078	313	0	5	0.775	249.2	1246.0	0.3333333333333333
29079	105	0	5	0.255	95.8	479.0	0.0
29080	119	0	5	0.29	61.8	309.0	0.0
29081	107	0	5	0.26	77.4	387.0	0.0
29082	23	0	5	0.05	21.0	105.0	0.0
29083	74	0	5	0.1775	39.6	198.0	0.3333333333333333
29084	232	0	5	0.5725	200.0	1000.0	0.3333333333333333
29085	266	0	5	0.6575	225.8	1129.0	0.3333333333333333
29086	263	0	5	0.65	88.6	443.0	0.6666666666666666
29087	4	0	5	0.0025	2.0	10.0	0.0
29088	392	0	5	0.9725	312.0	1560.0	0.6666666666666666
29089	173	0	5	0.425	142.2	711.0	0.0
29090	26	0	5	0.0575	13.8	69.0	0.0
29091	151	0	5	0.37	31.4	157.0	0.3333333333333333
29092	332	0	5	0.8225	95.2	476.0	0.6666666666666666
29093	146	0	5	0.3575	115.8	579.0	0.6666666666666666
29094	315	0	5	0.78	259.2	1296.0	0.6666666666666666
29095	141	0	5	0.345	139.0	695.0	0.0
29096	172	0	5	0.4225	138.8	694.0	0.0
29097	140	0	5	0.3425	83.4	417.0	0.0
29098	106	0	5	0.2575	74.8	374.0	0.6666666666666666
29099	400	1	4	0.9975	307.4	1537.0	1.0
29100	299	0	5	0.74	129.6	648.0	0.3333333333333333
29101	109	0	5	0.265	66.6	333.0	0.0
29102	231	0	5	0.57	205.2	1026.0	0.6666666666666666
29103	309	1	4	0.77	201.8	1009.0	1.0
29104	118	0	5	0.2875	83.2	416.0	0.3333333333333333
29105	143	0	5	0.35	135.8	679.0	0.3333333333333333
29106	88	0	5	0.2125	74.2	371.0	0.3333333333333333
29107	41	0	5	0.095	29.8	149.0	0.3333333333333333
29108	235	1	4	0.585	95.0	475.0	1.0
29109	199	0	5	0.49	152.2	761.0	0.3333333333333333
29110	346	0	5	0.8575	208.4	1042.0	0.3333333333333333
29111	26	0	5	0.0575	24.0	120.0	0.0
29112	114	0	5	0.2775	112.0	560.0	0.0
29113	381	0	5	0.945	230.6	1153.0	0.6666666666666666
29114	229	0	5	0.565	227.0	1135.0	0.0
29115	233	0	5	0.575	164.6	823.0	0.3333333333333333
29116	173	0	5	0.425	115.4	577.0	0.3333333333333333
29117	342	1	4	0.8525	175.4	877.0	1.0
29118	74	0	5	0.1775	59.0	295.0	0.3333333333333333
29119	295	1	4	0.735	136.2	681.0	1.0
29120	392	1	4	0.9775	142.4	712.0	1.0
29121	242	0	5	0.5975	135.8	679.0	0.6666666666666666
29122	107	0	5	0.26	86.0	430.0	0.3333333333333333
29123	313	0	5	0.775	200.0	1000.0	0.6666666666666666
29124	130	0	5	0.3175	128.0	640.0	0.0
29125	368	0	5	0.9125	178.0	890.0	0.6666666666666666
29126	81	0	5	0.195	66.2	331.0	0.0
29127	398	0	5	0.9875	264.2	1321.0	0.6666666666666666
29128	222	0	5	0.5475	151.0	755.0	0.3333333333333333
29129	195	0	5	0.48	178.6	893.0	0.0
29130	290	0	5	0.7175	185.2	926.0	0.6666666666666666
29131	321	0	5	0.795	244.0	1220.0	0.3333333333333333
29132	147	0	5	0.36	66.2	331.0	0.6666666666666666
29133	135	0	5	0.33	124.2	621.0	0.3333333333333333
29134	162	0	5	0.3975	87.2	436.0	0.6666666666666666
29135	188	0	5	0.4625	98.8	494.0	0.3333333333333333
29136	301	0	5	0.745	104.6	523.0	0.3333333333333333
29137	28	0	5	0.0625	26.0	130.0	0.0
29138	54	0	5	0.1275	37.6	188.0	0.0
29139	315	0	5	0.78	126.8	634.0	0.6666666666666666
29140	251	0	5	0.62	208.2	1041.0	0.6666666666666666
29141	347	1	4	0.865	260.4	1302.0	1.0
29142	397	0	5	0.985	128.6	643.0	0.6666666666666666
29143	218	0	5	0.5375	216.0	1080.0	0.0
29144	286	1	4	0.7125	156.0	780.0	1.0
29145	311	0	5	0.77	198.2	991.0	0.3333333333333333
29146	211	0	5	0.52	94.6	473.0	0.6666666666666666
29147	351	0	5	0.87	199.6	998.0	0.3333333333333333
29148	48	0	5	0.1125	41.0	205.0	0.0
29149	294	0	5	0.7275	289.2	1446.0	0.3333333333333333
29150	82	0	5	0.1975	31.2	156.0	0.3333333333333333
29151	42	0	5	0.0975	26.8	134.0	0.3333333333333333
29152	343	0	5	0.85	120.8	604.0	0.6666666666666666
29153	147	0	5	0.36	37.0	185.0	0.3333333333333333
29154	247	0	5	0.61	102.8	514.0	0.0
29155	299	0	5	0.74	179.4	897.0	0.6666666666666666
29156	209	0	5	0.515	207.0	1035.0	0.0
29157	370	1	4	0.9225	80.4	402.0	1.0
29158	370	1	4	0.9225	217.2	1086.0	1.0
29159	355	0	5	0.88	201.0	1005.0	0.6666666666666666
29160	343	1	4	0.855	198.6	993.0	1.0
29161	12	0	5	0.0225	10.0	50.0	0.0
29162	187	0	5	0.46	88.2	441.0	0.6666666666666666
29163	184	1	4	0.4575	110.0	550.0	1.0
29164	186	0	5	0.4575	184.0	920.0	0.0
29165	239	0	5	0.59	180.2	901.0	0.3333333333333333
29166	194	0	5	0.4775	192.0	960.0	0.0
29167	24	0	5	0.0525	15.2	76.0	0.6666666666666666
29168	178	0	5	0.4375	116.8	584.0	0.6666666666666666
29169	87	0	5	0.21	78.6	393.0	0.0
29170	293	0	5	0.725	105.4	527.0	0.3333333333333333
29171	176	0	5	0.4325	172.0	860.0	0.3333333333333333
29172	235	0	5	0.58	128.0	640.0	0.3333333333333333
29173	31	0	5	0.07	26.0	130.0	0.0
29174	23	0	5	0.05	21.0	105.0	0.0
29175	369	0	5	0.915	223.2	1116.0	0.3333333333333333
29176	276	0	5	0.6825	123.2	616.0	0.6666666666666666
29177	131	0	5	0.32	45.8	229.0	0.3333333333333333
29178	352	0	5	0.8725	86.8	434.0	0.0
29179	30	0	5	0.0675	28.0	140.0	0.0
29180	89	0	5	0.215	84.4	422.0	0.3333333333333333
29181	12	0	5	0.0225	10.0	50.0	0.0
29182	150	0	5	0.3675	128.4	642.0	0.0
29183	287	0	5	0.71	109.2	546.0	0.6666666666666666
29184	238	0	5	0.5875	88.0	440.0	0.3333333333333333
29185	288	0	5	0.7125	155.2	776.0	0.6666666666666666
29186	319	0	5	0.79	156.4	782.0	0.6666666666666666
29187	3	0	5	0.0025	0.2	1.0	0.3333333333333333
29188	218	0	5	0.5375	91.2	456.0	0.6666666666666666
29189	109	1	4	0.27	57.4	287.0	1.0
29190	317	0	5	0.785	240.8	1204.0	0.6666666666666666
29191	37	0	5	0.085	12.6	63.0	0.3333333333333333
29192	182	0	5	0.4475	68.0	340.0	0.3333333333333333
29193	262	0	5	0.6475	157.4	787.0	0.6666666666666666
29194	397	0	5	0.985	176.6	883.0	0.6666666666666666
29195	236	0	5	0.5825	234.0	1170.0	0.0
29196	143	0	5	0.35	96.2	481.0	0.0
29197	170	0	5	0.4175	128.2	641.0	0.3333333333333333
29198	99	0	5	0.24	97.0	485.0	0.3333333333333333
29199	175	0	5	0.43	124.8	624.0	0.3333333333333333
29200	4	0	5	0.0025	2.0	10.0	0.0
29201	372	0	5	0.9225	167.6	838.0	0.6666666666666666
29202	298	0	5	0.7375	176.8	884.0	0.6666666666666666
29203	137	0	5	0.335	135.0	675.0	0.0
29204	103	0	5	0.25	85.4	427.0	0.3333333333333333
29205	337	0	5	0.835	143.8	719.0	0.6666666666666666
29206	95	0	5	0.23	81.0	405.0	0.3333333333333333
29207	354	0	5	0.8775	286.6	1433.0	0.6666666666666666
29208	200	1	4	0.4975	127.2	636.0	1.0
29209	202	0	5	0.4975	101.4	507.0	0.6666666666666666
29210	298	0	5	0.7375	104.0	520.0	0.6666666666666666
29211	72	0	5	0.1725	37.2	186.0	0.6666666666666666
29212	396	1	4	0.9875	253.6	1268.0	1.0
29213	47	0	5	0.11	45.0	225.0	0.0
29214	158	0	5	0.3875	107.2	536.0	0.0
29215	258	0	5	0.6375	141.4	707.0	0.3333333333333333
29216	243	0	5	0.6	184.8	924.0	0.3333333333333333
29217	136	0	5	0.3325	56.0	280.0	0.3333333333333333
29218	105	0	5	0.255	82.2	411.0	0.3333333333333333
29219	236	0	5	0.5825	69.6	348.0	0.3333333333333333
29220	352	0	5	0.8725	217.0	1085.0	0.6666666666666666
29221	224	0	5	0.5525	109.8	549.0	0.6666666666666666
29222	286	0	5	0.7075	171.8	859.0	0.3333333333333333
29223	121	0	5	0.295	79.2	396.0	0.6666666666666666
29224	386	1	4	0.9625	372.0	1860.0	1.0
29225	229	0	5	0.565	227.0	1135.0	0.0
29226	79	0	5	0.19	62.2	311.0	0.0
29227	339	0	5	0.84	139.0	695.0	0.6666666666666666
29228	379	0	5	0.94	209.8	1049.0	0.6666666666666666
29229	83	0	5	0.2	70.2	351.0	0.0
29230	262	0	5	0.6475	159.2	796.0	0.6666666666666666
29231	256	0	5	0.6325	204.4	1022.0	0.3333333333333333
29232	127	0	5	0.31	87.2	436.0	0.3333333333333333
29233	133	0	5	0.325	129.2	646.0	0.3333333333333333
29234	178	0	5	0.4375	149.6	748.0	0.6666666666666666
29235	191	0	5	0.47	111.8	559.0	0.0
29236	389	0	5	0.965	285.8	1429.0	0.6666666666666666
29237	157	0	5	0.385	126.8	634.0	0.6666666666666666
29238	86	0	5	0.2075	69.8	349.0	0.0
29239	66	0	5	0.1575	36.8	184.0	0.3333333333333333
29240	44	0	5	0.1025	34.8	174.0	0.0
29241	178	0	5	0.4375	172.4	862.0	0.3333333333333333
29242	214	0	5	0.5275	80.0	400.0	0.3333333333333333
29243	306	0	5	0.7575	265.4	1327.0	0.0
29244	274	0	5	0.6775	147.0	735.0	0.3333333333333333
29245	171	0	5	0.42	107.4	537.0	0.3333333333333333
29246	400	0	5	0.9925	116.0	580.0	0.6666666666666666
29247	176	0	5	0.4325	146.8	734.0	0.3333333333333333
29248	15	0	5	0.03	13.0	65.0	0.0
29249	82	0	5	0.1975	52.4	262.0	0.3333333333333333
29250	192	0	5	0.4725	160.2	801.0	0.0
29251	310	0	5	0.7675	255.0	1275.0	0.0
29252	87	0	5	0.21	80.2	401.0	0.3333333333333333
29253	235	0	5	0.58	141.8	709.0	0.3333333333333333
29254	250	0	5	0.6175	186.4	932.0	0.6666666666666666
29255	251	0	5	0.62	59.4	297.0	0.3333333333333333
29256	215	0	5	0.53	147.4	737.0	0.3333333333333333
29257	198	0	5	0.4875	187.0	935.0	0.3333333333333333
29258	124	0	5	0.3025	68.0	340.0	0.3333333333333333
29259	363	0	5	0.9	179.8	899.0	0.3333333333333333
29260	367	0	5	0.91	210.2	1051.0	0.6666666666666666
29261	385	0	5	0.955	176.4	882.0	0.6666666666666666
29262	5	0	5	0.005	3.0	15.0	0.0
29263	218	0	5	0.5375	191.6	958.0	0.6666666666666666
29264	208	1	4	0.5175	123.2	616.0	1.0
29265	265	0	5	0.655	182.6	913.0	0.3333333333333333
29266	262	0	5	0.6475	116.0	580.0	0.3333333333333333
29267	73	0	5	0.175	53.4	267.0	0.6666666666666666
29268	278	0	5	0.6875	275.2	1376.0	0.0
29269	273	0	5	0.675	223.4	1117.0	0.3333333333333333
29270	181	0	5	0.445	92.6	463.0	0.0
29271	354	1	4	0.8825	141.2	706.0	1.0
29272	82	0	5	0.1975	75.2	376.0	0.0
29273	62	0	5	0.1475	39.6	198.0	0.3333333333333333
29274	241	0	5	0.595	173.8	869.0	0.0
29275	133	1	4	0.33	50.6	253.0	1.0
29276	41	0	5	0.095	26.6	133.0	0.3333333333333333
29277	170	0	5	0.4175	159.2	796.0	0.0
29278	271	0	5	0.67	184.8	924.0	0.3333333333333333
29279	197	0	5	0.485	175.0	875.0	0.0
29280	55	0	5	0.13	35.0	175.0	0.3333333333333333
29281	249	0	5	0.615	133.6	668.0	0.6666666666666666
29282	217	0	5	0.535	123.4	617.0	0.3333333333333333
29283	382	0	5	0.9475	177.6	888.0	0.6666666666666666
29284	331	0	5	0.82	131.8	659.0	0.6666666666666666
29285	159	0	5	0.39	135.2	676.0	0.0
29286	72	0	5	0.1725	70.0	350.0	0.0
29287	241	0	5	0.595	221.6	1108.0	0.0
29288	115	0	5	0.28	95.0	475.0	0.3333333333333333
29289	186	0	5	0.4575	115.8	579.0	0.3333333333333333
29290	325	0	5	0.805	182.4	912.0	0.3333333333333333
29291	167	0	5	0.41	128.6	643.0	0.3333333333333333
29292	86	0	5	0.2075	64.0	320.0	0.3333333333333333
29293	118	0	5	0.2875	84.6	423.0	0.0
29294	235	0	5	0.58	125.0	625.0	0.6666666666666666
29295	263	1	4	0.655	114.0	570.0	1.0
29296	174	0	5	0.4275	39.2	196.0	0.3333333333333333
29297	266	1	4	0.6625	117.6	588.0	1.0
29298	21	0	5	0.045	19.0	95.0	0.0
29299	161	0	5	0.395	51.8	259.0	0.3333333333333333
29300	272	0	5	0.6725	180.2	901.0	0.6666666666666666
29301	28	0	5	0.0625	26.0	130.0	0.0
29302	282	1	4	0.7025	88.4	442.0	1.0
29303	73	0	5	0.175	71.0	355.0	0.0
29304	181	0	5	0.445	116.6	583.0	0.6666666666666666
29305	68	0	5	0.1625	39.0	195.0	0.3333333333333333
29306	358	0	5	0.8875	194.6	973.0	0.3333333333333333
29307	255	0	5	0.63	203.0	1015.0	0.0
29308	263	0	5	0.65	261.0	1305.0	0.3333333333333333
29309	244	0	5	0.6025	137.0	685.0	0.3333333333333333
29310	177	0	5	0.435	47.8	239.0	0.6666666666666666
29311	158	0	5	0.3875	118.0	590.0	0.0
29312	183	0	5	0.45	81.4	407.0	0.3333333333333333
29313	184	0	5	0.4525	54.4	272.0	0.3333333333333333
29314	82	0	5	0.1975	80.0	400.0	0.0
29315	189	0	5	0.465	91.0	455.0	0.3333333333333333
29316	176	0	5	0.4325	118.4	592.0	0.6666666666666666
29317	202	0	5	0.4975	51.6	258.0	0.0
29318	310	1	4	0.7725	257.2	1286.0	1.0
29319	327	0	5	0.81	219.2	1096.0	0.6666666666666666
29320	230	0	5	0.5675	173.4	867.0	0.3333333333333333
29321	156	0	5	0.3825	129.2	646.0	0.0
29322	282	0	5	0.6975	170.2	851.0	0.6666666666666666
29323	312	0	5	0.7725	170.8	854.0	0.6666666666666666
29324	99	0	5	0.24	60.2	301.0	0.6666666666666666
29325	66	0	5	0.1575	47.6	238.0	0.3333333333333333
29326	178	0	5	0.4375	51.2	256.0	0.6666666666666666
29327	247	0	5	0.61	206.2	1031.0	0.3333333333333333
29328	78	0	5	0.1875	76.0	380.0	0.0
29329	284	1	4	0.7075	98.4	492.0	1.0
29330	394	0	5	0.9775	220.6	1103.0	0.6666666666666666
29331	365	0	5	0.905	258.2	1291.0	0.6666666666666666
29332	201	0	5	0.495	159.6	798.0	0.3333333333333333
29333	11	0	5	0.02	9.0	45.0	0.0
29334	296	0	5	0.7325	187.2	936.0	0.3333333333333333
29335	291	0	5	0.72	277.0	1385.0	0.6666666666666666
29336	219	0	5	0.54	201.0	1005.0	0.0
29337	187	0	5	0.46	173.0	865.0	0.3333333333333333
29338	30	0	5	0.0675	21.6	108.0	0.0
29339	83	0	5	0.2	46.8	234.0	0.3333333333333333
29340	185	0	5	0.455	165.0	825.0	0.3333333333333333
29341	189	0	5	0.465	89.4	447.0	0.6666666666666666
29342	219	0	5	0.54	144.8	724.0	0.3333333333333333
29343	325	0	5	0.805	216.2	1081.0	0.6666666666666666
29344	323	0	5	0.8	150.6	753.0	0.6666666666666666
29345	194	0	5	0.4775	137.4	687.0	0.6666666666666666
29346	55	0	5	0.13	29.0	145.0	0.3333333333333333
29347	292	0	5	0.7225	182.2	911.0	0.6666666666666666
29348	387	0	5	0.96	244.8	1224.0	0.6666666666666666
29349	316	0	5	0.7825	182.6	913.0	0.3333333333333333
29350	86	0	5	0.2075	84.0	420.0	0.0
29351	44	0	5	0.1025	42.0	210.0	0.0
29352	323	1	4	0.805	194.8	974.0	1.0
29353	106	0	5	0.2575	86.0	430.0	0.3333333333333333
29354	378	1	4	0.9425	195.6	978.0	1.0
29355	243	0	5	0.6	190.2	951.0	0.3333333333333333
29356	186	0	5	0.4575	136.0	680.0	0.3333333333333333
29357	139	0	5	0.34	105.8	529.0	0.3333333333333333
29358	137	0	5	0.335	129.0	645.0	0.6666666666666666
29359	46	0	5	0.1075	19.8	99.0	0.6666666666666666
29360	161	0	5	0.395	131.4	657.0	0.0
29361	309	0	5	0.765	262.2	1311.0	0.6666666666666666
29362	258	1	4	0.6425	90.4	452.0	1.0
29363	205	0	5	0.505	118.4	592.0	0.0
29364	356	1	4	0.8875	210.0	1050.0	1.0
29365	53	0	5	0.125	42.0	210.0	0.6666666666666666
29366	27	0	5	0.06	25.0	125.0	0.0
29367	199	0	5	0.49	52.2	261.0	0.6666666666666666
29368	175	0	5	0.43	166.6	833.0	0.0
29369	367	0	5	0.91	295.8	1479.0	0.3333333333333333
29370	272	0	5	0.6725	99.6	498.0	0.3333333333333333
29371	86	0	5	0.2075	47.2	236.0	0.3333333333333333
29372	77	0	5	0.185	60.8	304.0	0.3333333333333333
29373	317	1	4	0.79	222.6	1113.0	1.0
29374	130	0	5	0.3175	41.6	208.0	0.6666666666666666
29375	368	0	5	0.9125	285.6	1428.0	0.6666666666666666
29376	79	0	5	0.19	75.8	379.0	0.0
29377	293	0	5	0.725	151.8	759.0	0.3333333333333333
29378	286	1	4	0.7125	83.6	418.0	1.0
29379	349	0	5	0.865	215.8	1079.0	0.3333333333333333
29380	144	0	5	0.3525	77.6	388.0	0.6666666666666666
29381	264	0	5	0.6525	218.2	1091.0	0.0
29382	248	0	5	0.6125	132.4	662.0	0.6666666666666666
29383	271	0	5	0.67	261.6	1308.0	0.6666666666666666
29384	308	0	5	0.7625	231.2	1156.0	0.3333333333333333
29385	374	1	4	0.9325	158.6	793.0	1.0
29386	237	0	5	0.585	198.2	991.0	0.3333333333333333
29387	134	0	5	0.3275	88.8	444.0	0.3333333333333333
29388	83	0	5	0.2	72.4	362.0	0.0
29389	57	0	5	0.135	41.0	205.0	0.0
29390	205	0	5	0.505	203.0	1015.0	0.3333333333333333
29391	204	0	5	0.5025	202.0	1010.0	0.0
29392	348	0	5	0.8625	184.0	920.0	0.6666666666666666
29393	285	0	5	0.705	181.8	909.0	0.6666666666666666
29394	194	0	5	0.4775	120.4	602.0	0.3333333333333333
29395	53	0	5	0.125	51.0	255.0	0.0
29396	72	0	5	0.1725	70.0	350.0	0.0
29397	208	0	5	0.5125	88.4	442.0	0.0
29398	96	0	5	0.2325	80.0	400.0	0.3333333333333333
29399	345	0	5	0.855	233.8	1169.0	0.3333333333333333
29400	289	0	5	0.715	165.2	826.0	0.6666666666666666
29401	317	0	5	0.785	303.4	1517.0	0.3333333333333333
29402	249	0	5	0.615	233.0	1165.0	0.3333333333333333
29403	177	0	5	0.435	96.6	483.0	0.3333333333333333
29404	208	0	5	0.5125	56.6	283.0	0.6666666666666666
29405	384	0	5	0.9525	176.8	884.0	0.6666666666666666
29406	255	0	5	0.63	193.8	969.0	0.6666666666666666
29407	164	0	5	0.4025	109.2	546.0	0.3333333333333333
29408	331	1	4	0.825	259.6	1298.0	1.0
29409	199	0	5	0.49	197.0	985.0	0.0
29410	122	0	5	0.2975	112.8	564.0	0.0
29411	288	0	5	0.7125	187.2	936.0	0.6666666666666666
29412	196	0	5	0.4825	153.2	766.0	0.0
29413	28	0	5	0.0625	26.0	130.0	0.0
29414	153	0	5	0.375	55.0	275.0	0.6666666666666666
29415	303	0	5	0.75	263.0	1315.0	0.6666666666666666
29416	125	0	5	0.305	74.2	371.0	0.3333333333333333
29417	252	0	5	0.6225	147.6	738.0	0.6666666666666666
29418	169	0	5	0.415	89.6	448.0	0.6666666666666666
29419	16	0	5	0.0325	14.0	70.0	0.0
29420	238	0	5	0.5875	198.4	992.0	0.0
29421	81	0	5	0.195	79.0	395.0	0.0
29422	186	1	4	0.4625	116.0	580.0	1.0
29423	320	0	5	0.7925	82.2	411.0	0.6666666666666666
29424	386	0	5	0.9575	181.0	905.0	0.6666666666666666
29425	166	0	5	0.4075	161.0	805.0	0.0
29426	269	0	5	0.665	162.0	810.0	0.3333333333333333
29427	258	0	5	0.6375	156.8	784.0	0.6666666666666666
29428	291	0	5	0.72	216.6	1083.0	0.6666666666666666
29429	333	0	5	0.825	274.0	1370.0	0.6666666666666666
29430	72	0	5	0.1725	65.2	326.0	0.3333333333333333
29431	296	0	5	0.7325	78.8	394.0	0.3333333333333333
29432	97	0	5	0.235	79.4	397.0	0.3333333333333333
29433	202	0	5	0.4975	134.0	670.0	0.6666666666666666
29434	161	0	5	0.395	77.8	389.0	0.3333333333333333
29435	107	0	5	0.26	44.4	222.0	0.6666666666666666
29436	288	0	5	0.7125	108.8	544.0	0.3333333333333333
29437	52	0	5	0.1225	50.0	250.0	0.0
29438	254	0	5	0.6275	163.2	816.0	0.0
29439	273	0	5	0.675	208.2	1041.0	0.6666666666666666
29440	207	0	5	0.51	110.0	550.0	0.3333333333333333
29441	61	0	5	0.145	59.0	295.0	0.0
29442	67	0	5	0.16	62.6	313.0	0.3333333333333333
29443	124	0	5	0.3025	122.0	610.0	0.0
29444	249	0	5	0.615	200.2	1001.0	0.3333333333333333
29445	284	0	5	0.7025	157.2	786.0	0.0
29446	197	0	5	0.485	195.0	975.0	0.0
29447	252	0	5	0.6225	161.6	808.0	0.6666666666666666
29448	109	0	5	0.265	49.4	247.0	0.6666666666666666
29449	262	0	5	0.6475	141.6	708.0	0.6666666666666666
29450	180	0	5	0.4425	116.4	582.0	0.3333333333333333
29451	229	0	5	0.565	220.6	1103.0	0.3333333333333333
29452	312	0	5	0.7725	210.2	1051.0	0.6666666666666666
29453	381	0	5	0.945	259.8	1299.0	0.6666666666666666
29454	246	1	3	0.6125	213.2	1066.0	1.0
29455	261	0	5	0.645	143.8	719.0	0.6666666666666666
29456	143	0	5	0.35	72.2	361.0	0.3333333333333333
29457	194	0	5	0.4775	150.0	750.0	0.0
29458	106	0	5	0.2575	104.0	520.0	0.3333333333333333
29459	90	0	5	0.2175	88.0	440.0	0.0
29460	329	1	4	0.82	252.6	1263.0	1.0
29461	178	0	5	0.4375	176.0	880.0	0.0
29462	34	0	5	0.0775	32.0	160.0	0.0
29463	277	0	5	0.685	195.4	977.0	0.6666666666666666
29464	393	0	5	0.975	206.4	1032.0	0.6666666666666666
29465	281	1	4	0.7	137.0	685.0	1.0
29466	188	0	5	0.4625	115.2	576.0	0.3333333333333333
29467	368	0	5	0.9125	194.4	972.0	0.6666666666666666
29468	135	0	5	0.33	133.0	665.0	0.0
29469	242	0	5	0.5975	192.0	960.0	0.0
29470	248	0	5	0.6125	125.2	626.0	0.3333333333333333
29471	306	0	5	0.7575	174.8	874.0	0.6666666666666666
29472	163	0	5	0.4	161.0	805.0	0.0
29473	223	0	5	0.55	186.6	933.0	0.3333333333333333
29474	168	0	5	0.4125	95.6	478.0	0.3333333333333333
29475	149	0	5	0.365	147.0	735.0	0.0
29476	42	0	5	0.0975	40.0	200.0	0.0
29477	57	0	5	0.135	55.0	275.0	0.0
29478	235	0	5	0.58	153.6	768.0	0.6666666666666666
29479	66	0	5	0.1575	46.6	233.0	0.0
29480	113	0	5	0.275	111.0	555.0	0.0
29481	162	0	5	0.3975	126.4	632.0	0.3333333333333333
29482	228	0	5	0.5625	145.0	725.0	0.3333333333333333
29483	349	0	5	0.865	187.8	939.0	0.6666666666666666
29484	320	0	5	0.7925	274.8	1374.0	0.0
29485	385	0	5	0.955	114.2	571.0	0.6666666666666666
29486	366	0	5	0.9075	194.0	970.0	0.6666666666666666
29487	95	0	5	0.23	93.0	465.0	0.0
29488	243	0	5	0.6	142.4	712.0	0.3333333333333333
29489	72	0	5	0.1725	70.0	350.0	0.0
29490	401	0	4	0.9975	230.6	1153.0	0.6666666666666666
29491	102	0	5	0.2475	100.0	500.0	0.0
29492	344	0	5	0.8525	248.4	1242.0	0.3333333333333333
29493	254	0	5	0.6275	95.4	477.0	0.6666666666666666
29494	201	0	5	0.495	121.0	605.0	0.6666666666666666
29495	22	0	5	0.0475	20.0	100.0	0.0
29496	83	0	5	0.2	75.2	376.0	0.3333333333333333
29497	130	0	5	0.3175	56.6	283.0	0.3333333333333333
29498	135	0	5	0.33	96.4	482.0	0.6666666666666666
29499	400	1	4	0.9975	251.2	1256.0	1.0
29500	280	0	5	0.6925	154.6	773.0	0.6666666666666666
29501	166	0	5	0.4075	104.8	524.0	0.3333333333333333
29502	57	0	5	0.135	55.0	275.0	0.0
29503	214	1	3	0.5325	172.6	863.0	1.0
29504	90	0	5	0.2175	76.6	383.0	0.3333333333333333
29505	266	0	5	0.6575	108.0	540.0	0.6666666666666666
29506	289	0	5	0.715	248.4	1242.0	0.0
29507	136	0	5	0.3325	134.0	670.0	0.0
29508	256	0	5	0.6325	125.2	626.0	0.3333333333333333
29509	171	0	5	0.42	37.0	185.0	0.3333333333333333
29510	251	0	5	0.62	141.4	707.0	0.6666666666666666
29511	303	0	5	0.75	90.2	451.0	0.3333333333333333
29512	197	0	5	0.485	153.0	765.0	0.3333333333333333
29513	350	0	5	0.8675	180.0	900.0	0.6666666666666666
29514	106	0	5	0.2575	75.2	376.0	0.3333333333333333
29515	102	0	5	0.2475	100.0	500.0	0.0
29516	243	0	5	0.6	97.0	485.0	0.3333333333333333
29517	234	0	5	0.5775	112.0	560.0	0.6666666666666666
29518	388	0	5	0.9625	217.8	1089.0	0.6666666666666666
29519	371	0	5	0.92	234.8	1174.0	0.6666666666666666
29520	334	0	5	0.8275	150.6	753.0	0.6666666666666666
29521	278	0	5	0.6875	213.2	1066.0	0.6666666666666666
29522	266	0	5	0.6575	232.0	1160.0	0.3333333333333333
29523	315	1	4	0.785	208.8	1044.0	1.0
29524	240	0	5	0.5925	205.2	1026.0	0.6666666666666666
29525	134	0	5	0.3275	99.2	496.0	0.3333333333333333
29526	362	1	4	0.9025	213.6	1068.0	1.0
29527	144	0	5	0.3525	64.6	323.0	0.0
29528	81	0	5	0.195	75.8	379.0	0.0
29529	111	0	5	0.27	91.6	458.0	0.3333333333333333
29530	58	0	5	0.1375	56.0	280.0	0.0
29531	40	0	5	0.0925	38.0	190.0	0.0
29532	114	0	5	0.2775	41.2	206.0	0.6666666666666666
29533	338	1	3	0.8425	162.2	811.0	1.0
29534	67	0	5	0.16	21.8	109.0	0.3333333333333333
29535	126	0	5	0.3075	119.4	597.0	0.3333333333333333
29536	91	0	5	0.22	50.6	253.0	0.3333333333333333
29537	347	0	5	0.86	79.0	395.0	0.6666666666666666
29538	60	0	5	0.1425	38.0	190.0	0.3333333333333333
29539	142	0	5	0.3475	140.0	700.0	0.0
29540	94	0	5	0.2275	76.0	380.0	0.3333333333333333
29541	380	1	4	0.9475	125.8	629.0	1.0
29542	383	0	5	0.95	248.8	1244.0	0.6666666666666666
29543	383	1	4	0.955	80.8	404.0	1.0
29544	135	0	5	0.33	84.6	423.0	0.0
29545	117	0	5	0.285	80.8	404.0	0.3333333333333333
29546	298	0	5	0.7375	202.4	1012.0	0.6666666666666666
29547	53	0	5	0.125	51.0	255.0	0.0
29548	83	0	5	0.2	81.0	405.0	0.3333333333333333
29549	173	0	5	0.425	129.0	645.0	0.0
29550	201	0	5	0.495	199.0	995.0	0.0
29551	172	0	5	0.4225	80.0	400.0	0.3333333333333333
29552	245	0	5	0.605	113.4	567.0	0.6666666666666666
29553	339	0	5	0.84	214.6	1073.0	0.6666666666666666
29554	200	0	5	0.4925	141.2	706.0	0.3333333333333333
29555	210	0	5	0.5175	208.0	1040.0	0.0
29556	51	0	5	0.12	49.0	245.0	0.0
29557	180	0	5	0.4425	72.8	364.0	0.3333333333333333
29558	15	0	5	0.03	13.0	65.0	0.0
29559	9	0	5	0.015	7.0	35.0	0.0
29560	80	0	5	0.1925	50.4	252.0	0.3333333333333333
29561	260	0	5	0.6425	149.8	749.0	0.3333333333333333
29562	362	1	4	0.9025	168.4	842.0	1.0
29563	356	0	5	0.8825	199.4	997.0	0.6666666666666666
29564	189	0	5	0.465	184.2	921.0	0.0
29565	252	0	5	0.6225	190.0	950.0	0.3333333333333333
29566	115	0	5	0.28	113.0	565.0	0.0
29567	83	0	5	0.2	23.4	117.0	0.6666666666666666
29568	384	0	5	0.9525	215.2	1076.0	0.6666666666666666
29569	328	0	5	0.8125	113.4	567.0	0.6666666666666666
29570	86	0	5	0.2075	62.0	310.0	0.3333333333333333
29571	367	0	5	0.91	129.4	647.0	0.6666666666666666
29572	356	0	5	0.8825	244.2	1221.0	0.6666666666666666
29573	186	0	5	0.4575	78.2	391.0	0.6666666666666666
29574	85	0	5	0.205	38.0	190.0	0.0
29575	367	0	5	0.91	199.6	998.0	0.6666666666666666
29576	90	0	5	0.2175	57.6	288.0	0.3333333333333333
29577	167	0	5	0.41	65.0	325.0	0.3333333333333333
29578	314	0	5	0.7775	166.4	832.0	0.3333333333333333
29579	143	0	5	0.35	128.0	640.0	0.3333333333333333
29580	115	0	5	0.28	111.0	555.0	0.3333333333333333
29581	245	0	5	0.605	170.2	851.0	0.3333333333333333
29582	238	0	5	0.5875	84.4	422.0	0.3333333333333333
29583	180	0	5	0.4425	170.8	854.0	0.3333333333333333
29584	248	0	5	0.6125	202.8	1014.0	0.3333333333333333
29585	148	1	4	0.3675	39.2	196.0	1.0
29586	307	1	4	0.765	214.8	1074.0	1.0
29587	67	0	5	0.16	58.0	290.0	0.3333333333333333
29588	169	0	5	0.415	155.0	775.0	0.3333333333333333
29589	197	0	5	0.485	59.0	295.0	0.3333333333333333
29590	43	0	5	0.1	41.0	205.0	0.0
29591	227	0	5	0.56	74.6	373.0	0.3333333333333333
29592	290	1	4	0.7225	80.6	403.0	1.0
29593	106	0	5	0.2575	104.0	520.0	0.0
29594	91	0	5	0.22	18.2	91.0	0.0
29595	345	0	5	0.855	219.0	1095.0	0.6666666666666666
29596	89	0	5	0.215	87.0	435.0	0.0
29597	395	0	5	0.98	175.4	877.0	0.6666666666666666
29598	195	0	5	0.48	157.6	788.0	0.3333333333333333
29599	356	0	5	0.8825	181.6	908.0	0.6666666666666666
29600	281	0	5	0.695	191.6	958.0	0.3333333333333333
29601	354	0	5	0.8775	172.0	860.0	0.6666666666666666
29602	269	0	5	0.665	216.2	1081.0	0.0
29603	365	0	5	0.905	209.0	1045.0	0.6666666666666666
29604	214	0	5	0.5275	122.2	611.0	0.3333333333333333
29605	358	0	5	0.8875	225.4	1127.0	0.3333333333333333
29606	111	0	5	0.27	77.4	387.0	0.3333333333333333
29607	120	0	5	0.2925	68.4	342.0	0.0
29608	203	0	5	0.5	88.2	441.0	0.0
29609	254	1	3	0.6325	126.2	631.0	1.0
29610	376	0	5	0.9325	247.2	1236.0	0.6666666666666666
29611	122	0	5	0.2975	120.0	600.0	0.0
29612	387	0	5	0.96	270.2	1351.0	0.6666666666666666
29613	91	0	5	0.22	79.6	398.0	0.3333333333333333
29614	394	0	5	0.9775	172.6	863.0	0.6666666666666666
29615	308	1	3	0.7675	179.0	895.0	1.0
29616	311	0	5	0.77	172.2	861.0	0.6666666666666666
29617	331	0	5	0.82	190.6	953.0	0.3333333333333333
29618	236	1	4	0.5875	120.4	602.0	1.0
29619	25	0	5	0.055	20.0	100.0	0.0
29620	195	0	5	0.48	164.6	823.0	0.0
29621	398	0	5	0.9875	237.2	1186.0	0.6666666666666666
29622	315	1	4	0.785	141.4	707.0	1.0
29623	135	0	5	0.33	61.8	309.0	0.6666666666666666
29624	189	0	5	0.465	187.0	935.0	0.0
29625	376	0	5	0.9325	207.0	1035.0	0.6666666666666666
29626	374	1	4	0.9325	110.0	550.0	1.0
29627	59	0	5	0.14	49.6	248.0	0.3333333333333333
29628	143	0	5	0.35	46.6	233.0	0.0
29629	313	0	5	0.775	90.2	451.0	0.3333333333333333
29630	90	0	5	0.2175	71.4	357.0	0.0
29631	147	0	5	0.36	36.2	181.0	0.3333333333333333
29632	119	0	5	0.29	104.2	521.0	0.3333333333333333
29633	364	0	5	0.9025	88.4	442.0	0.6666666666666666
29634	297	0	5	0.735	128.4	642.0	0.6666666666666666
29635	278	0	5	0.6875	198.0	990.0	0.3333333333333333
29636	256	0	5	0.6325	121.8	609.0	0.6666666666666666
29637	218	1	3	0.5425	128.0	640.0	1.0
29638	63	0	5	0.15	28.6	143.0	0.3333333333333333
29639	112	0	5	0.2725	79.6	398.0	0.3333333333333333
29640	324	0	5	0.8025	188.8	944.0	0.3333333333333333
29641	343	0	5	0.85	135.8	679.0	0.6666666666666666
29642	211	0	5	0.52	176.6	883.0	0.0
29643	17	0	5	0.035	15.0	75.0	0.0
29644	325	0	5	0.805	271.6	1358.0	0.6666666666666666
29645	296	0	5	0.7325	78.0	390.0	0.3333333333333333
29646	47	0	5	0.11	45.0	225.0	0.0
29647	401	0	5	0.995	204.4	1022.0	0.6666666666666666
29648	119	0	5	0.29	70.8	354.0	0.3333333333333333
29649	330	0	5	0.8175	211.6	1058.0	0.3333333333333333
29650	85	0	5	0.205	53.4	267.0	0.3333333333333333
29651	67	0	5	0.16	54.8	274.0	0.0
29652	171	0	5	0.42	61.0	305.0	0.6666666666666666
29653	165	0	5	0.405	119.8	599.0	0.3333333333333333
29654	179	0	5	0.44	46.6	233.0	0.6666666666666666
29655	123	0	5	0.3	54.0	270.0	0.3333333333333333
29656	270	0	5	0.6675	139.0	695.0	0.3333333333333333
29657	66	0	5	0.1575	64.0	320.0	0.0
29658	275	0	5	0.68	116.2	581.0	0.3333333333333333
29659	295	0	5	0.73	183.8	919.0	0.6666666666666666
29660	96	0	5	0.2325	51.2	256.0	0.3333333333333333
29661	88	0	5	0.2125	86.0	430.0	0.0
29662	163	0	5	0.4	48.6	243.0	0.6666666666666666
29663	180	0	5	0.4425	148.4	742.0	0.3333333333333333
29664	95	0	5	0.23	36.4	182.0	0.3333333333333333
29665	301	0	5	0.745	232.4	1162.0	0.0
29666	18	1	4	0.0425	11.8	59.0	1.0
29667	264	0	5	0.6525	262.0	1310.0	0.0
29668	155	0	5	0.38	125.2	626.0	0.6666666666666666
29669	124	0	5	0.3025	113.6	568.0	0.3333333333333333
29670	207	0	5	0.51	198.6	993.0	0.6666666666666666
29671	97	0	5	0.235	61.0	305.0	0.3333333333333333
29672	130	0	5	0.3175	123.2	616.0	0.3333333333333333
29673	288	0	5	0.7125	143.0	715.0	0.6666666666666666
29674	252	0	5	0.6225	153.2	766.0	0.6666666666666666
29675	376	0	5	0.9325	136.2	681.0	0.6666666666666666
29676	332	0	5	0.8225	299.4	1497.0	0.6666666666666666
29677	348	0	5	0.8625	282.8	1414.0	0.3333333333333333
29678	171	1	4	0.425	147.8	739.0	1.0
29679	8	0	5	0.0125	6.0	30.0	0.0
29680	327	0	5	0.81	221.8	1109.0	0.6666666666666666
29681	162	0	5	0.3975	151.2	756.0	0.3333333333333333
29682	231	0	5	0.57	133.4	667.0	0.3333333333333333
29683	293	0	5	0.725	191.8	959.0	0.3333333333333333
29684	244	0	5	0.6025	187.0	935.0	0.3333333333333333
29685	289	0	5	0.715	219.4	1097.0	0.6666666666666666
29686	308	0	5	0.7625	82.0	410.0	0.6666666666666666
29687	144	0	5	0.3525	81.4	407.0	0.6666666666666666
29688	179	0	5	0.44	91.0	455.0	0.6666666666666666
29689	258	0	5	0.6375	63.2	316.0	0.3333333333333333
29690	268	0	5	0.6625	246.6	1233.0	0.3333333333333333
29691	109	0	5	0.265	53.6	268.0	0.0
29692	285	0	5	0.705	140.6	703.0	0.3333333333333333
29693	27	0	5	0.06	25.0	125.0	0.0
29694	302	0	5	0.7475	209.0	1045.0	0.3333333333333333
29695	356	0	5	0.8825	230.0	1150.0	0.3333333333333333
29696	98	0	5	0.2375	94.8	474.0	0.3333333333333333
29697	78	0	5	0.1875	74.4	372.0	0.3333333333333333
29698	205	0	5	0.505	153.2	766.0	0.3333333333333333
29699	109	0	5	0.265	94.6	473.0	0.3333333333333333
29700	89	0	5	0.215	62.6	313.0	0.6666666666666666
29701	260	0	5	0.6425	121.8	609.0	0.3333333333333333
29702	183	0	5	0.45	173.0	865.0	0.3333333333333333
29703	343	0	5	0.85	183.4	917.0	0.6666666666666666
29704	137	0	5	0.335	135.0	675.0	0.0
29705	376	0	5	0.9325	77.2	386.0	0.6666666666666666
29706	117	0	5	0.285	113.8	569.0	0.3333333333333333
29707	216	0	5	0.5325	77.0	385.0	0.3333333333333333
29708	62	0	5	0.1475	38.4	192.0	0.0
29709	126	0	5	0.3075	96.8	484.0	0.3333333333333333
29710	229	0	5	0.565	67.2	336.0	0.3333333333333333
29711	86	0	5	0.2075	84.0	420.0	0.0
29712	384	0	5	0.9525	158.0	790.0	0.6666666666666666
29713	176	0	5	0.4325	143.4	717.0	0.3333333333333333
29714	230	1	4	0.5725	206.8	1034.0	1.0
29715	185	0	5	0.455	119.0	595.0	0.6666666666666666
29716	320	1	4	0.7975	132.2	661.0	1.0
29717	293	0	5	0.725	239.4	1197.0	0.3333333333333333
29718	76	0	5	0.1825	63.2	316.0	0.3333333333333333
29719	265	1	4	0.66	244.2	1221.0	1.0
29720	313	0	5	0.775	148.4	742.0	0.6666666666666666
29721	175	0	5	0.43	67.0	335.0	0.6666666666666666
29722	269	1	4	0.67	203.0	1015.0	1.0
29723	326	0	5	0.8075	281.4	1407.0	0.0
29724	47	0	5	0.11	40.2	201.0	0.0
29725	235	1	4	0.585	121.0	605.0	1.0
29726	26	0	5	0.0575	21.6	108.0	0.0
29727	19	0	5	0.04	12.8	64.0	0.3333333333333333
29728	75	0	5	0.18	46.6	233.0	0.3333333333333333
29729	181	0	5	0.445	108.6	543.0	0.0
29730	381	0	5	0.945	217.4	1087.0	0.6666666666666666
29731	168	0	5	0.4125	80.4	402.0	0.3333333333333333
29732	122	0	5	0.2975	90.0	450.0	0.3333333333333333
29733	82	0	5	0.1975	80.0	400.0	0.3333333333333333
29734	48	0	5	0.1125	46.0	230.0	0.0
29735	345	1	4	0.86	208.2	1041.0	1.0
29736	242	1	4	0.6025	230.0	1150.0	1.0
29737	77	0	5	0.185	60.8	304.0	0.6666666666666666
29738	274	0	5	0.6775	166.0	830.0	0.6666666666666666
29739	297	0	5	0.735	158.2	791.0	0.6666666666666666
29740	122	0	5	0.2975	63.2	316.0	0.6666666666666666
29741	332	0	5	0.8225	288.4	1442.0	0.3333333333333333
29742	309	0	5	0.765	290.4	1452.0	0.3333333333333333
29743	222	0	5	0.5475	137.0	685.0	0.3333333333333333
29744	10	0	5	0.0175	8.0	40.0	0.0
29745	249	0	5	0.615	113.2	566.0	0.6666666666666666
29746	160	0	5	0.3925	136.4	682.0	0.3333333333333333
29747	301	0	5	0.745	260.2	1301.0	0.3333333333333333
29748	229	1	4	0.57	178.0	890.0	1.0
29749	25	0	5	0.055	23.0	115.0	0.0
29750	217	0	5	0.535	163.2	816.0	0.6666666666666666
29751	346	1	4	0.8625	153.2	766.0	1.0
29752	340	1	4	0.8475	159.6	798.0	1.0
29753	108	0	5	0.2625	93.8	469.0	0.0
29754	268	0	5	0.6625	99.6	498.0	0.3333333333333333
29755	28	0	5	0.0625	26.0	130.0	0.0
29756	116	0	5	0.2825	114.0	570.0	0.0
29757	8	0	5	0.0125	6.0	30.0	0.0
29758	239	0	5	0.59	109.2	546.0	0.3333333333333333
29759	371	0	5	0.92	103.4	517.0	0.6666666666666666
29760	148	0	5	0.3625	80.8	404.0	0.0
29761	156	0	5	0.3825	101.6	508.0	0.3333333333333333
29762	4	0	5	0.0025	2.0	10.0	0.0
29763	145	0	5	0.355	78.8	394.0	0.3333333333333333
29764	209	0	5	0.515	175.2	876.0	0.6666666666666666
29765	150	0	5	0.3675	125.4	627.0	0.3333333333333333
29766	370	0	5	0.9175	249.8	1249.0	0.6666666666666666
29767	247	0	5	0.61	49.2	246.0	0.3333333333333333
29768	155	0	5	0.38	61.4	307.0	0.3333333333333333
29769	276	0	5	0.6825	233.2	1166.0	0.3333333333333333
29770	259	1	4	0.645	82.2	411.0	1.0
29771	183	0	5	0.45	118.6	593.0	0.0
29772	26	0	5	0.0575	24.0	120.0	0.0
29773	388	0	5	0.9625	293.4	1467.0	0.6666666666666666
29774	351	1	4	0.875	232.8	1164.0	1.0
29775	290	0	5	0.7175	207.4	1037.0	0.6666666666666666
29776	184	0	5	0.4525	133.6	668.0	0.3333333333333333
29777	29	0	5	0.065	27.0	135.0	0.0
29778	285	0	5	0.705	130.4	652.0	0.3333333333333333
29779	243	0	5	0.6	138.8	694.0	0.3333333333333333
29780	244	0	5	0.6025	199.2	996.0	0.3333333333333333
29781	352	0	5	0.8725	166.0	830.0	0.6666666666666666
29782	154	0	5	0.3775	152.0	760.0	0.0
29783	57	0	5	0.135	55.0	275.0	0.0
29784	266	0	5	0.6575	126.0	630.0	0.6666666666666666
29785	28	0	5	0.0625	24.2	121.0	0.0
29786	150	0	5	0.3675	131.2	656.0	0.3333333333333333
29787	367	0	5	0.91	204.2	1021.0	0.3333333333333333
29788	74	0	5	0.1775	42.6	213.0	0.3333333333333333
29789	208	0	5	0.5125	140.2	701.0	0.6666666666666666
29790	239	0	5	0.59	174.2	871.0	0.3333333333333333
29791	189	0	5	0.465	119.8	599.0	0.6666666666666666
29792	59	0	5	0.14	57.0	285.0	0.0
29793	350	0	5	0.8675	204.8	1024.0	0.3333333333333333
29794	265	0	5	0.655	184.0	920.0	0.0
29795	52	0	5	0.1225	22.8	114.0	0.6666666666666666
29796	219	0	5	0.54	173.0	865.0	0.3333333333333333
29797	375	0	5	0.93	163.2	816.0	0.6666666666666666
29798	52	0	5	0.1225	32.4	162.0	0.3333333333333333
29799	287	0	5	0.71	236.6	1183.0	0.6666666666666666
29800	115	0	5	0.28	113.0	565.0	0.0
29801	396	0	5	0.9825	217.2	1086.0	0.6666666666666666
29802	347	1	4	0.865	122.8	614.0	1.0
29803	152	0	5	0.3725	54.8	274.0	0.3333333333333333
29804	290	0	5	0.7175	134.4	672.0	0.6666666666666666
29805	142	0	5	0.3475	128.8	644.0	0.0
29806	374	1	4	0.9325	246.4	1232.0	1.0
29807	67	0	5	0.16	29.0	145.0	0.3333333333333333
29808	302	0	5	0.7475	141.6	708.0	0.3333333333333333
29809	297	0	5	0.735	115.4	577.0	0.6666666666666666
29810	180	0	5	0.4425	88.0	440.0	0.6666666666666666
29811	289	0	5	0.715	112.6	563.0	0.3333333333333333
29812	331	0	5	0.82	229.8	1149.0	0.6666666666666666
29813	182	0	5	0.4475	179.2	896.0	0.3333333333333333
29814	363	0	5	0.9	155.6	778.0	0.6666666666666666
29815	389	0	5	0.965	211.8	1059.0	0.6666666666666666
29816	179	0	5	0.44	66.6	333.0	0.3333333333333333
29817	271	0	5	0.67	138.0	690.0	0.6666666666666666
29818	181	0	5	0.445	153.8	769.0	0.0
29819	383	0	5	0.95	154.8	774.0	0.6666666666666666
29820	225	0	5	0.555	92.0	460.0	0.3333333333333333
29821	95	0	5	0.23	93.0	465.0	0.0
29822	75	0	5	0.18	73.0	365.0	0.0
29823	211	0	5	0.52	195.8	979.0	0.3333333333333333
29824	278	1	4	0.6925	174.0	870.0	1.0
29825	251	1	4	0.625	237.0	1185.0	1.0
29826	29	0	5	0.065	18.6	93.0	0.3333333333333333
29827	314	0	5	0.7775	117.4	587.0	0.3333333333333333
29828	124	0	5	0.3025	98.4	492.0	0.3333333333333333
29829	98	0	5	0.2375	96.0	480.0	0.0
29830	104	0	5	0.2525	46.2	231.0	0.6666666666666666
29831	324	1	4	0.8075	193.8	969.0	1.0
29832	123	0	5	0.3	74.6	373.0	0.0
29833	31	0	5	0.07	22.4	112.0	0.0
29834	162	0	5	0.3975	125.2	626.0	0.3333333333333333
29835	111	0	5	0.27	57.8	289.0	0.3333333333333333
29836	141	0	5	0.345	103.8	519.0	0.3333333333333333
29837	211	0	5	0.52	96.8	484.0	0.6666666666666666
29838	163	0	5	0.4	55.4	277.0	0.6666666666666666
29839	294	1	4	0.7325	147.6	738.0	1.0
29840	142	0	5	0.3475	124.4	622.0	0.6666666666666666
29841	289	0	5	0.715	231.4	1157.0	0.0
29842	329	0	5	0.815	264.8	1324.0	0.6666666666666666
29843	307	0	5	0.76	222.8	1114.0	0.6666666666666666
29844	73	0	5	0.175	71.0	355.0	0.0
29845	272	0	5	0.6725	128.2	641.0	0.6666666666666666
29846	274	0	5	0.6775	185.0	925.0	0.3333333333333333
29847	158	1	3	0.3925	99.2	496.0	1.0
29848	202	0	5	0.4975	167.4	837.0	0.0
29849	349	1	3	0.87	247.4	1237.0	1.0
29850	74	0	5	0.1775	72.0	360.0	0.0
29851	140	0	5	0.3425	133.6	668.0	0.3333333333333333
29852	149	0	5	0.365	147.0	735.0	0.0
29853	260	0	5	0.6425	125.6	628.0	0.3333333333333333
29854	177	0	5	0.435	101.4	507.0	0.6666666666666666
29855	213	0	5	0.525	147.0	735.0	0.3333333333333333
29856	335	1	4	0.835	274.6	1373.0	1.0
29857	88	0	5	0.2125	86.0	430.0	0.0
29858	53	0	5	0.125	48.4	242.0	0.3333333333333333
29859	30	0	5	0.0675	28.0	140.0	0.0
29860	122	0	5	0.2975	96.0	480.0	0.0
29861	381	0	5	0.945	228.2	1141.0	0.6666666666666666
29862	385	0	5	0.955	98.8	494.0	0.6666666666666666
29863	275	0	5	0.68	109.4	547.0	0.0
29864	340	0	5	0.8425	211.4	1057.0	0.6666666666666666
29865	249	1	4	0.62	130.6	653.0	1.0
29866	235	0	5	0.58	145.0	725.0	0.3333333333333333
29867	377	0	5	0.935	223.4	1117.0	0.3333333333333333
29868	85	0	5	0.205	51.4	257.0	0.6666666666666666
29869	120	0	5	0.2925	90.0	450.0	0.3333333333333333
29870	374	0	5	0.9275	329.2	1646.0	0.6666666666666666
29871	293	1	4	0.73	155.8	779.0	1.0
29872	339	0	5	0.84	140.2	701.0	0.3333333333333333
29873	326	0	5	0.8075	157.0	785.0	0.6666666666666666
29874	389	0	5	0.965	315.8	1579.0	0.6666666666666666
29875	116	0	5	0.2825	102.4	512.0	0.3333333333333333
29876	254	0	5	0.6275	158.4	792.0	0.3333333333333333
29877	36	0	5	0.0825	34.0	170.0	0.0
29878	93	0	5	0.225	77.2	386.0	0.3333333333333333
29879	66	0	5	0.1575	64.0	320.0	0.0
29880	195	1	4	0.485	174.6	873.0	1.0
29881	282	0	5	0.6975	157.6	788.0	0.6666666666666666
29882	78	0	5	0.1875	19.2	96.0	0.3333333333333333
29883	165	0	5	0.405	130.0	650.0	0.3333333333333333
29884	275	0	5	0.68	103.4	517.0	0.6666666666666666
29885	236	0	5	0.5825	234.0	1170.0	0.0
29886	157	0	5	0.385	106.4	532.0	0.0
29887	311	0	5	0.77	70.6	353.0	0.0
29888	67	0	5	0.16	63.0	315.0	0.0
29889	217	0	5	0.535	209.0	1045.0	0.3333333333333333
29890	112	0	5	0.2725	55.6	278.0	0.3333333333333333
29891	286	0	5	0.7075	177.2	886.0	0.3333333333333333
29892	198	0	5	0.4875	156.2	781.0	0.3333333333333333
29893	105	0	5	0.255	87.8	439.0	0.3333333333333333
29894	174	0	5	0.4275	124.0	620.0	0.6666666666666666
29895	229	0	5	0.565	89.2	446.0	0.6666666666666666
29896	266	0	5	0.6575	220.0	1100.0	0.3333333333333333
29897	195	0	5	0.48	135.4	677.0	0.3333333333333333
29898	163	0	5	0.4	101.4	507.0	0.0
29899	257	0	5	0.635	239.8	1199.0	0.6666666666666666
29900	93	0	5	0.225	51.8	259.0	0.3333333333333333
29901	77	1	4	0.19	59.0	295.0	1.0
29902	64	0	5	0.1525	50.8	254.0	0.0
29903	107	0	5	0.26	43.2	216.0	0.0
29904	74	0	5	0.1775	58.8	294.0	0.3333333333333333
29905	218	0	5	0.5375	167.6	838.0	0.3333333333333333
29906	379	0	5	0.94	231.0	1155.0	0.6666666666666666
29907	271	0	5	0.67	106.2	531.0	0.6666666666666666
29908	392	0	5	0.9725	244.6	1223.0	0.6666666666666666
29909	101	0	5	0.245	53.4	267.0	0.6666666666666666
29910	220	0	5	0.5425	54.8	274.0	0.6666666666666666
29911	13	0	5	0.025	11.0	55.0	0.0
29912	308	0	5	0.7625	154.2	771.0	0.6666666666666666
29913	3	0	5	0.0025	0.2	1.0	0.3333333333333333
29914	336	0	5	0.8325	117.2	586.0	0.6666666666666666
29915	170	0	5	0.4175	136.0	680.0	0.6666666666666666
29916	244	0	5	0.6025	220.8	1104.0	0.3333333333333333
29917	72	0	5	0.1725	44.4	222.0	0.6666666666666666
29918	258	0	5	0.6375	147.6	738.0	0.6666666666666666
29919	4	0	5	0.0025	2.0	10.0	0.0
29920	39	0	5	0.09	18.4	92.0	0.3333333333333333
29921	371	0	5	0.92	100.4	502.0	0.6666666666666666
29922	311	0	5	0.77	191.4	957.0	0.6666666666666666
29923	377	0	5	0.935	200.0	1000.0	0.6666666666666666
29924	367	0	5	0.91	235.4	1177.0	0.6666666666666666
29925	30	0	5	0.0675	23.4	117.0	0.3333333333333333
29926	324	0	5	0.8025	152.8	764.0	0.6666666666666666
29927	70	0	5	0.1675	48.0	240.0	0.3333333333333333
29928	204	0	5	0.5025	67.6	338.0	0.6666666666666666
29929	221	1	4	0.55	177.0	885.0	1.0
29930	260	0	5	0.6425	174.2	871.0	0.6666666666666666
29931	26	0	5	0.0575	24.0	120.0	0.0
29932	235	0	5	0.58	204.8	1024.0	0.3333333333333333
29933	384	0	5	0.9525	173.8	869.0	0.6666666666666666
29934	124	0	5	0.3025	85.2	426.0	0.3333333333333333
29935	312	0	5	0.7725	182.2	911.0	0.3333333333333333
29936	163	0	5	0.4	161.0	805.0	0.0
29937	366	0	5	0.9075	311.2	1556.0	0.3333333333333333
29938	268	0	5	0.6625	135.2	676.0	0.3333333333333333
29939	238	0	5	0.5875	126.6	633.0	0.3333333333333333
29940	245	0	5	0.605	95.8	479.0	0.6666666666666666
29941	292	0	5	0.7225	207.6	1038.0	0.6666666666666666
29942	126	0	5	0.3075	80.4	402.0	0.0
29943	3	0	5	0.0025	0.4	2.0	0.3333333333333333
29944	83	0	5	0.2	50.6	253.0	0.0
29945	3	0	5	0.0025	0.2	1.0	0.3333333333333333
29946	246	0	5	0.6075	158.2	791.0	0.3333333333333333
29947	127	0	5	0.31	117.4	587.0	0.0
29948	361	1	4	0.9	179.4	897.0	1.0
29949	236	0	5	0.5825	194.0	970.0	0.3333333333333333
29950	382	0	5	0.9475	310.0	1550.0	0.6666666666666666
29951	381	0	5	0.945	169.8	849.0	0.6666666666666666
29952	158	0	5	0.3875	110.0	550.0	0.3333333333333333
29953	283	0	5	0.7	217.6	1088.0	0.3333333333333333
29954	21	0	5	0.045	19.0	95.0	0.0
29955	309	1	3	0.77	241.8	1209.0	1.0
29956	229	0	5	0.565	227.0	1135.0	0.0
29957	255	0	5	0.63	233.8	1169.0	0.3333333333333333
29958	276	0	5	0.6825	136.8	684.0	0.3333333333333333
29959	129	0	5	0.315	110.8	554.0	0.3333333333333333
29960	224	0	5	0.5525	160.4	802.0	0.3333333333333333
29961	252	0	5	0.6225	83.4	417.0	0.6666666666666666
29962	118	0	5	0.2875	111.8	559.0	0.3333333333333333
29963	162	0	5	0.3975	128.0	640.0	0.0
29964	230	0	5	0.5675	168.6	843.0	0.3333333333333333
29965	390	1	4	0.9725	119.4	597.0	1.0
29966	242	0	5	0.5975	99.6	498.0	0.3333333333333333
29967	216	0	5	0.5325	97.2	486.0	0.3333333333333333
29968	117	0	5	0.285	107.2	536.0	0.3333333333333333
29969	60	0	5	0.1425	58.0	290.0	0.0
29970	358	0	5	0.8875	244.8	1224.0	0.6666666666666666
29971	177	1	4	0.44	133.8	669.0	1.0
29972	181	0	5	0.445	62.2	311.0	0.6666666666666666
29973	351	0	5	0.87	225.4	1127.0	0.6666666666666666
29974	94	0	5	0.2275	58.4	292.0	0.0
29975	110	0	5	0.2675	52.8	264.0	0.3333333333333333
29976	198	0	5	0.4875	155.2	776.0	0.0
29977	178	0	5	0.4375	121.2	606.0	0.6666666666666666
29978	183	0	5	0.45	131.8	659.0	0.0
29979	77	0	5	0.185	49.4	247.0	0.6666666666666666
29980	154	0	5	0.3775	125.6	628.0	0.3333333333333333
29981	100	0	5	0.2425	98.0	490.0	0.0
29982	94	0	5	0.2275	39.2	196.0	0.6666666666666666
29983	318	0	5	0.7875	159.2	796.0	0.3333333333333333
29984	69	0	5	0.165	67.0	335.0	0.0
29985	110	0	5	0.2675	50.4	252.0	0.3333333333333333
29986	295	0	5	0.73	235.8	1179.0	0.3333333333333333
29987	179	0	5	0.44	121.4	607.0	0.3333333333333333
29988	210	1	4	0.5225	145.6	728.0	1.0
29989	325	0	5	0.805	198.8	994.0	0.3333333333333333
29990	279	1	3	0.695	168.6	843.0	1.0
29991	322	0	5	0.7975	89.0	445.0	0.6666666666666666
29992	23	0	5	0.05	19.8	99.0	0.3333333333333333
29993	155	1	4	0.385	109.2	546.0	1.0
29994	243	0	5	0.6	131.4	657.0	0.6666666666666666
29995	189	0	5	0.465	99.0	495.0	0.6666666666666666
29996	53	0	5	0.125	23.8	119.0	0.3333333333333333
29997	326	1	3	0.8125	171.0	855.0	1.0
29998	55	0	5	0.13	52.6	263.0	0.0
29999	381	0	5	0.945	143.4	717.0	0.6666666666666666
30000	293	0	5	0.725	203.0	1015.0	0.0
30001	80	0	5	0.1925	37.8	189.0	0.3333333333333333
30002	249	0	5	0.615	107.8	539.0	0.3333333333333333
30003	43	0	5	0.1	41.0	205.0	0.0
30004	146	0	5	0.3575	36.0	180.0	0.3333333333333333
30005	150	0	5	0.3675	99.6	498.0	0.3333333333333333
30006	162	0	5	0.3975	74.6	373.0	0.3333333333333333
30007	292	0	5	0.7225	190.2	951.0	0.6666666666666666
30008	174	0	5	0.4275	59.2	296.0	0.0
30009	85	0	5	0.205	83.0	415.0	0.0
30010	189	0	5	0.465	179.0	895.0	0.3333333333333333
30011	108	0	5	0.2625	78.0	390.0	0.3333333333333333
30012	150	0	5	0.3675	103.2	516.0	0.0
30013	48	0	5	0.1125	46.0	230.0	0.0
30014	286	0	5	0.7075	173.6	868.0	0.3333333333333333
30015	49	0	5	0.115	39.0	195.0	0.0
30016	139	0	5	0.34	105.4	527.0	0.0
30017	361	0	5	0.895	240.6	1203.0	0.6666666666666666
30018	347	0	5	0.86	182.0	910.0	0.6666666666666666
30019	242	0	5	0.5975	240.0	1200.0	0.0
30020	213	0	5	0.525	167.8	839.0	0.0
30021	251	0	5	0.62	176.2	881.0	0.0
30022	401	0	5	0.995	175.4	877.0	0.6666666666666666
30023	340	0	5	0.8425	196.2	981.0	0.6666666666666666
30024	176	0	5	0.4325	42.0	210.0	0.6666666666666666
30025	275	0	5	0.68	185.0	925.0	0.6666666666666666
30026	282	0	5	0.6975	238.0	1190.0	0.6666666666666666
30027	318	0	5	0.7875	63.6	318.0	0.6666666666666666
30028	166	0	5	0.4075	116.0	580.0	0.3333333333333333
30029	291	1	4	0.725	199.6	998.0	1.0
30030	104	0	5	0.2525	65.6	328.0	0.3333333333333333
30031	155	0	5	0.38	104.6	523.0	0.3333333333333333
30032	315	0	5	0.78	202.8	1014.0	0.3333333333333333
30033	384	0	5	0.9525	301.2	1506.0	0.3333333333333333
30034	126	0	5	0.3075	91.6	458.0	0.3333333333333333
30035	39	0	5	0.09	25.0	125.0	0.0
30036	99	0	5	0.24	83.0	415.0	0.3333333333333333
30037	214	0	5	0.5275	182.6	913.0	0.6666666666666666
30038	142	0	5	0.3475	90.4	452.0	0.0
30039	133	0	5	0.325	39.8	199.0	0.3333333333333333
30040	398	1	4	0.9925	228.4	1142.0	1.0
30041	329	0	5	0.815	200.8	1004.0	0.6666666666666666
30042	123	0	5	0.3	108.4	542.0	0.3333333333333333
30043	264	0	5	0.6525	86.0	430.0	0.3333333333333333
30044	253	0	5	0.625	216.6	1083.0	0.3333333333333333
30045	317	0	5	0.785	84.2	421.0	0.6666666666666666
30046	26	0	5	0.0575	24.0	120.0	0.0
30047	11	0	5	0.02	9.0	45.0	0.0
30048	273	0	5	0.675	221.4	1107.0	0.3333333333333333
30049	146	0	5	0.3575	119.2	596.0	0.0
30050	317	0	5	0.785	261.4	1307.0	0.6666666666666666
30051	279	1	4	0.695	132.2	661.0	1.0
30052	74	0	5	0.1775	58.2	291.0	0.0
30053	227	0	5	0.56	105.6	528.0	0.6666666666666666
30054	45	0	5	0.105	19.0	95.0	0.3333333333333333
30055	288	0	5	0.7125	72.8	364.0	0.6666666666666666
30056	35	0	5	0.08	33.0	165.0	0.0
30057	188	0	5	0.4625	144.0	720.0	0.3333333333333333
30058	333	0	5	0.825	311.4	1557.0	0.3333333333333333
30059	243	0	5	0.6	163.8	819.0	0.6666666666666666
30060	60	0	5	0.1425	44.8	224.0	0.0
30061	288	0	5	0.7125	128.4	642.0	0.6666666666666666
30062	288	0	5	0.7125	204.8	1024.0	0.3333333333333333
30063	148	0	5	0.3625	146.0	730.0	0.0
30064	42	0	5	0.0975	40.0	200.0	0.0
30065	119	0	5	0.29	97.4	487.0	0.6666666666666666
30066	53	0	5	0.125	49.8	249.0	0.0
30067	171	0	5	0.42	88.0	440.0	0.3333333333333333
30068	227	0	5	0.56	139.8	699.0	0.6666666666666666
30069	359	0	5	0.89	233.0	1165.0	0.6666666666666666
30070	243	0	5	0.6	241.0	1205.0	0.0
30071	229	1	3	0.57	103.0	515.0	1.0
30072	296	0	5	0.7325	118.8	594.0	0.3333333333333333
30073	292	0	5	0.7225	236.2	1181.0	0.3333333333333333
30074	184	0	5	0.4525	69.2	346.0	0.3333333333333333
30075	389	0	5	0.965	289.4	1447.0	0.6666666666666666
30076	337	0	5	0.835	136.0	680.0	0.6666666666666666
30077	394	0	5	0.9775	146.2	731.0	0.6666666666666666
30078	277	0	5	0.685	208.6	1043.0	0.3333333333333333
30079	93	0	5	0.225	76.6	383.0	0.6666666666666666
30080	307	0	5	0.76	118.6	593.0	0.6666666666666666
30081	209	0	5	0.515	126.2	631.0	0.6666666666666666
30082	257	0	5	0.635	211.8	1059.0	0.6666666666666666
30083	146	0	5	0.3575	144.0	720.0	0.0
30084	121	0	5	0.295	88.6	443.0	0.3333333333333333
30085	90	0	5	0.2175	88.0	440.0	0.0
30086	294	0	5	0.7275	78.4	392.0	0.6666666666666666
30087	73	0	5	0.175	71.0	355.0	0.0
30088	145	0	5	0.355	86.6	433.0	0.3333333333333333
30089	119	0	5	0.29	117.0	585.0	0.0
30090	315	0	5	0.78	130.0	650.0	0.6666666666666666
30091	131	0	5	0.32	92.2	461.0	0.0
30092	50	0	5	0.1175	20.8	104.0	0.3333333333333333
30093	304	0	5	0.7525	200.6	1003.0	0.6666666666666666
30094	243	0	5	0.6	48.2	241.0	0.6666666666666666
30095	33	0	5	0.075	31.0	155.0	0.0
30096	71	0	5	0.17	47.8	239.0	0.3333333333333333
30097	115	0	5	0.28	96.8	484.0	0.3333333333333333
30098	118	0	5	0.2875	51.2	256.0	0.3333333333333333
30099	216	0	5	0.5325	70.8	354.0	0.3333333333333333
30100	132	0	5	0.3225	74.0	370.0	0.3333333333333333
30101	374	0	5	0.9275	217.0	1085.0	0.6666666666666666
30102	358	0	5	0.8875	88.0	440.0	0.6666666666666666
30103	74	0	5	0.1775	48.0	240.0	0.0
30104	384	0	5	0.9525	107.0	535.0	0.6666666666666666
30105	14	0	5	0.0275	10.6	53.0	0.3333333333333333
30106	55	0	5	0.13	53.0	265.0	0.0
30107	378	0	5	0.9375	156.2	781.0	0.6666666666666666
30108	16	0	5	0.0325	14.0	70.0	0.0
30109	6	0	5	0.0075	4.0	20.0	0.0
30110	66	0	5	0.1575	18.4	92.0	0.3333333333333333
30111	212	0	5	0.5225	137.0	685.0	0.3333333333333333
30112	293	0	5	0.725	127.2	636.0	0.6666666666666666
30113	265	1	4	0.66	155.2	776.0	1.0
30114	400	0	5	0.9925	146.4	732.0	0.6666666666666666
30115	180	0	5	0.4425	35.8	179.0	0.3333333333333333
30116	30	0	5	0.0675	28.0	140.0	0.0
30117	256	0	5	0.6325	141.6	708.0	0.0
30118	335	0	5	0.83	273.4	1367.0	0.6666666666666666
30119	379	0	5	0.94	201.8	1009.0	0.6666666666666666
30120	170	0	5	0.4175	120.4	602.0	0.0
30121	246	0	5	0.6075	209.6	1048.0	0.6666666666666666
30122	21	0	5	0.045	13.6	68.0	0.0
30123	61	0	5	0.145	49.8	249.0	0.3333333333333333
30124	290	0	5	0.7175	219.4	1097.0	0.3333333333333333
30125	312	0	5	0.7725	205.2	1026.0	0.6666666666666666
30126	292	1	4	0.7275	102.8	514.0	1.0
30127	34	0	5	0.0775	22.0	110.0	0.0
30128	186	0	5	0.4575	114.4	572.0	0.3333333333333333
30129	193	0	5	0.475	85.4	427.0	0.6666666666666666
30130	380	0	5	0.9425	146.0	730.0	0.6666666666666666
30131	265	1	4	0.66	146.0	730.0	1.0
30132	281	0	5	0.695	175.0	875.0	0.6666666666666666
30133	71	0	5	0.17	61.8	309.0	0.3333333333333333
30134	129	0	5	0.315	86.6	433.0	0.3333333333333333
30135	217	0	5	0.535	170.6	853.0	0.3333333333333333
30136	63	0	5	0.15	52.2	261.0	0.0
30137	147	0	5	0.36	112.6	563.0	0.3333333333333333
30138	310	1	4	0.7725	84.4	422.0	1.0
30139	294	0	5	0.7275	243.2	1216.0	0.6666666666666666
30140	251	0	5	0.62	163.6	818.0	0.6666666666666666
30141	239	0	5	0.59	199.4	997.0	0.3333333333333333
30142	305	0	5	0.755	227.2	1136.0	0.3333333333333333
30143	317	0	5	0.785	255.8	1279.0	0.6666666666666666
30144	382	0	5	0.9475	279.8	1399.0	0.6666666666666666
30145	2	0	5	0.0	0.0	0.0	0.0
30146	54	0	5	0.1275	52.0	260.0	0.0
30147	290	0	5	0.7175	177.0	885.0	0.6666666666666666
30148	238	0	5	0.5875	96.8	484.0	0.6666666666666666
30149	58	0	5	0.1375	56.0	280.0	0.0
30150	120	0	5	0.2925	67.2	336.0	0.6666666666666666
30151	336	1	4	0.8375	208.6	1043.0	1.0
30152	86	0	5	0.2075	21.6	108.0	0.3333333333333333
30153	206	0	5	0.5075	68.0	340.0	0.0
30154	325	0	5	0.805	151.6	758.0	0.6666666666666666
30155	18	0	5	0.0375	16.0	80.0	0.3333333333333333
30156	31	0	5	0.07	12.0	60.0	0.3333333333333333
30157	40	0	5	0.0925	38.0	190.0	0.0
30158	145	0	5	0.355	143.0	715.0	0.0
30159	399	0	5	0.99	198.0	990.0	0.6666666666666666
30160	141	0	5	0.345	37.8	189.0	0.3333333333333333
30161	153	0	5	0.375	94.2	471.0	0.3333333333333333
30162	42	0	5	0.0975	37.6	188.0	0.0
30163	372	1	4	0.9275	148.0	740.0	1.0
30164	275	0	5	0.68	172.6	863.0	0.6666666666666666
30165	260	0	5	0.6425	52.8	264.0	0.3333333333333333
30166	53	0	5	0.125	31.0	155.0	0.3333333333333333
30167	290	0	5	0.7175	109.2	546.0	0.3333333333333333
30168	290	0	5	0.7175	193.2	966.0	0.3333333333333333
30169	172	0	5	0.4225	52.4	262.0	0.3333333333333333
30170	361	0	5	0.895	260.8	1304.0	0.6666666666666666
30171	16	0	5	0.0325	14.0	70.0	0.0
30172	130	0	5	0.3175	106.2	531.0	0.0
30173	388	0	5	0.9625	339.4	1697.0	0.6666666666666666
30174	164	0	5	0.4025	162.0	810.0	0.0
30175	351	1	3	0.875	251.8	1259.0	1.0
30176	277	0	5	0.685	219.8	1099.0	0.3333333333333333
30177	190	0	5	0.4675	119.6	598.0	0.6666666666666666
30178	239	0	5	0.59	160.2	801.0	0.3333333333333333
30179	350	1	4	0.8725	177.8	889.0	1.0
30180	370	1	4	0.9225	296.4	1482.0	1.0
30181	279	0	5	0.69	183.4	917.0	0.3333333333333333
30182	371	0	5	0.92	296.2	1481.0	0.6666666666666666
30183	339	0	5	0.84	118.8	594.0	0.3333333333333333
30184	121	0	5	0.295	45.8	229.0	0.6666666666666666
30185	3	0	5	0.0025	0.4	2.0	0.0
30186	233	0	5	0.575	109.2	546.0	0.3333333333333333
30187	393	0	5	0.975	174.4	872.0	0.6666666666666666
30188	236	0	5	0.5825	200.4	1002.0	0.3333333333333333
30189	339	0	5	0.84	162.4	812.0	0.6666666666666666
30190	57	0	5	0.135	46.2	231.0	0.3333333333333333
30191	117	0	5	0.285	101.8	509.0	0.3333333333333333
30192	275	0	5	0.68	142.0	710.0	0.3333333333333333
30193	52	0	5	0.1225	13.2	66.0	0.3333333333333333
30194	345	1	4	0.86	134.0	670.0	1.0
30195	201	0	5	0.495	118.4	592.0	0.3333333333333333
30196	229	0	5	0.565	131.6	658.0	0.3333333333333333
30197	94	0	5	0.2275	89.4	447.0	0.0
30198	384	0	5	0.9525	255.6	1278.0	0.3333333333333333
30199	359	0	5	0.89	156.4	782.0	0.3333333333333333
30200	328	0	5	0.8125	167.2	836.0	0.3333333333333333
30201	383	1	4	0.955	145.4	727.0	1.0
30202	121	0	5	0.295	119.0	595.0	0.0
30203	176	0	5	0.4325	71.8	359.0	0.6666666666666666
30204	389	0	5	0.965	159.8	799.0	0.6666666666666666
30205	50	0	5	0.1175	48.0	240.0	0.0
30206	236	0	5	0.5825	234.0	1170.0	0.0
30207	322	0	5	0.7975	245.6	1228.0	0.3333333333333333
30208	81	0	5	0.195	62.2	311.0	0.3333333333333333
30209	302	1	4	0.7525	145.6	728.0	1.0
30210	319	1	4	0.795	99.0	495.0	1.0
30211	258	0	5	0.6375	198.4	992.0	0.0
30212	342	0	5	0.8475	318.8	1594.0	0.3333333333333333
30213	190	0	5	0.4675	141.2	706.0	0.0
30214	141	0	5	0.345	80.6	403.0	0.3333333333333333
30215	118	0	5	0.2875	85.6	428.0	0.3333333333333333
30216	101	0	5	0.245	99.0	495.0	0.0
30217	350	0	5	0.8675	183.2	916.0	0.6666666666666666
30218	190	0	5	0.4675	143.2	716.0	0.6666666666666666
30219	169	0	5	0.415	92.6	463.0	0.3333333333333333
30220	184	0	5	0.4525	93.6	468.0	0.3333333333333333
30221	315	0	5	0.78	166.0	830.0	0.6666666666666666
30222	388	0	5	0.9625	129.2	646.0	0.6666666666666666
30223	49	0	5	0.115	15.8	79.0	0.3333333333333333
30224	70	0	5	0.1675	68.0	340.0	0.0
30225	311	0	5	0.77	221.8	1109.0	0.3333333333333333
30226	284	1	4	0.7075	213.8	1069.0	1.0
30227	156	0	5	0.3825	153.4	767.0	0.0
30228	93	0	5	0.225	34.8	174.0	0.6666666666666666
30229	192	0	5	0.4725	73.2	366.0	0.0
30230	111	0	5	0.27	88.4	442.0	0.0
30231	30	0	5	0.0675	28.0	140.0	0.0
30232	183	0	5	0.45	155.4	777.0	0.3333333333333333
30233	233	1	4	0.58	145.4	727.0	1.0
30234	174	0	5	0.4275	99.4	497.0	0.3333333333333333
30235	65	0	5	0.155	63.0	315.0	0.0
30236	212	0	5	0.5225	121.4	607.0	0.6666666666666666
30237	24	0	5	0.0525	22.0	110.0	0.0
30238	237	0	5	0.585	117.6	588.0	0.0
30239	105	0	5	0.255	41.4	207.0	0.6666666666666666
30240	85	0	5	0.205	27.0	135.0	0.3333333333333333
30241	381	0	5	0.945	87.0	435.0	0.6666666666666666
30242	304	0	5	0.7525	164.8	824.0	0.6666666666666666
30243	62	0	5	0.1475	60.0	300.0	0.0
30244	289	0	5	0.715	253.0	1265.0	0.6666666666666666
30245	388	0	5	0.9625	275.2	1376.0	0.6666666666666666
30246	324	0	5	0.8025	191.8	959.0	0.6666666666666666
30247	261	0	5	0.645	249.4	1247.0	0.6666666666666666
30248	400	0	5	0.9925	319.8	1599.0	0.6666666666666666
30249	350	0	5	0.8675	172.8	864.0	0.6666666666666666
30250	186	0	5	0.4575	140.8	704.0	0.3333333333333333
30251	401	0	4	0.9975	160.8	804.0	0.6666666666666666
30252	194	0	5	0.4775	111.0	555.0	0.6666666666666666
30253	55	0	5	0.13	40.0	200.0	0.3333333333333333
30254	341	0	5	0.845	131.8	659.0	0.6666666666666666
30255	249	0	5	0.615	147.4	737.0	0.3333333333333333
30256	286	0	5	0.7075	192.2	961.0	0.3333333333333333
30257	180	0	5	0.4425	76.4	382.0	0.3333333333333333
30258	327	0	5	0.81	220.0	1100.0	0.6666666666666666
30259	264	0	5	0.6525	172.6	863.0	0.3333333333333333
30260	142	1	4	0.3525	33.2	166.0	1.0
30261	258	0	5	0.6375	238.4	1192.0	0.3333333333333333
30262	150	0	5	0.3675	113.6	568.0	0.0
30263	320	0	5	0.7925	253.2	1266.0	0.3333333333333333
30264	191	0	5	0.47	189.0	945.0	0.0
30265	218	0	5	0.5375	99.6	498.0	0.3333333333333333
30266	164	0	5	0.4025	111.0	555.0	0.3333333333333333
30267	66	0	5	0.1575	43.6	218.0	0.0
30268	217	0	5	0.535	151.4	757.0	0.3333333333333333
30269	287	0	5	0.71	243.4	1217.0	0.6666666666666666
30270	19	0	5	0.04	17.0	85.0	0.0
30271	227	0	5	0.56	121.0	605.0	0.6666666666666666
30272	7	0	5	0.01	5.0	25.0	0.0
30273	29	0	5	0.065	22.2	111.0	0.0
30274	252	0	5	0.6225	188.4	942.0	0.3333333333333333
30275	331	0	5	0.82	238.8	1194.0	0.3333333333333333
30276	293	0	5	0.725	202.2	1011.0	0.6666666666666666
30277	31	0	5	0.07	29.0	145.0	0.0
30278	289	0	5	0.715	176.8	884.0	0.6666666666666666
30279	349	0	5	0.865	270.0	1350.0	0.3333333333333333
30280	266	0	5	0.6575	168.6	843.0	0.6666666666666666
30281	325	0	5	0.805	100.6	503.0	0.3333333333333333
30282	362	0	5	0.8975	158.4	792.0	0.6666666666666666
30283	3	0	5	0.0025	0.2	1.0	0.3333333333333333
30284	4	0	5	0.0025	2.0	10.0	0.0
30285	365	0	5	0.905	118.6	593.0	0.6666666666666666
30286	95	0	5	0.23	29.8	149.0	0.3333333333333333
30287	274	0	5	0.6775	58.8	294.0	0.6666666666666666
30288	162	1	4	0.4025	76.6	383.0	1.0
30289	122	0	5	0.2975	120.0	600.0	0.0
30290	108	0	5	0.2625	65.8	329.0	0.3333333333333333
30291	174	0	5	0.4275	92.0	460.0	0.6666666666666666
30292	294	0	5	0.7275	114.8	574.0	0.6666666666666666
30293	248	0	5	0.6125	246.0	1230.0	0.0
30294	179	0	5	0.44	153.8	769.0	0.3333333333333333
30295	74	0	5	0.1775	52.4	262.0	0.6666666666666666
30296	390	0	5	0.9675	195.2	976.0	0.6666666666666666
30297	231	0	5	0.57	85.4	427.0	0.6666666666666666
30298	300	0	5	0.7425	69.6	348.0	0.6666666666666666
30299	276	0	5	0.6825	176.0	880.0	0.3333333333333333
30300	146	0	5	0.3575	110.8	554.0	0.6666666666666666
30301	62	0	5	0.1475	26.4	132.0	0.6666666666666666
30302	304	0	5	0.7525	254.8	1274.0	0.6666666666666666
30303	115	0	5	0.28	47.6	238.0	0.3333333333333333
30304	178	0	5	0.4375	152.0	760.0	0.0
30305	145	0	5	0.355	143.0	715.0	0.3333333333333333
30306	252	0	5	0.6225	201.6	1008.0	0.6666666666666666
30307	218	0	5	0.5375	178.2	891.0	0.0
30308	181	0	5	0.445	123.4	617.0	0.3333333333333333
30309	308	1	4	0.7675	258.6	1293.0	1.0
30310	222	0	5	0.5475	54.4	272.0	0.3333333333333333
30311	14	0	5	0.0275	12.0	60.0	0.0
30312	228	0	5	0.5625	128.0	640.0	0.3333333333333333
30313	95	0	5	0.23	75.0	375.0	0.3333333333333333
30314	103	0	5	0.25	44.4	222.0	0.3333333333333333
30315	75	1	3	0.185	63.2	316.0	1.0
30316	53	0	5	0.125	31.2	156.0	0.6666666666666666
30317	210	0	5	0.5175	181.2	906.0	0.0
30318	139	0	5	0.34	47.0	235.0	0.3333333333333333
30319	99	0	5	0.24	97.0	485.0	0.0
30320	164	0	5	0.4025	86.6	433.0	0.6666666666666666
30321	86	0	5	0.2075	39.2	196.0	0.3333333333333333
30322	392	0	5	0.9725	165.6	828.0	0.6666666666666666
30323	21	0	5	0.045	19.0	95.0	0.0
30324	67	0	5	0.16	43.4	217.0	0.3333333333333333
30325	157	0	5	0.385	127.4	637.0	0.0
30326	61	0	5	0.145	52.4	262.0	0.3333333333333333
30327	61	0	5	0.145	59.0	295.0	0.0
30328	346	0	5	0.8575	259.4	1297.0	0.6666666666666666
30329	373	0	5	0.925	144.6	723.0	0.6666666666666666
30330	226	0	5	0.5575	147.2	736.0	0.3333333333333333
30331	352	0	5	0.8725	308.4	1542.0	0.6666666666666666
30332	169	0	5	0.415	84.6	423.0	0.3333333333333333
30333	256	0	5	0.6325	109.8	549.0	0.3333333333333333
30334	104	0	5	0.2525	102.0	510.0	0.0
30335	192	0	5	0.4725	185.2	926.0	0.3333333333333333
30336	354	0	5	0.8775	265.6	1328.0	0.6666666666666666
30337	124	0	5	0.3025	71.8	359.0	0.3333333333333333
30338	291	0	5	0.72	201.4	1007.0	0.6666666666666666
30339	317	0	5	0.785	125.6	628.0	0.6666666666666666
30340	102	0	5	0.2475	39.2	196.0	0.3333333333333333
30341	285	0	5	0.705	207.4	1037.0	0.6666666666666666
30342	245	0	5	0.605	113.4	567.0	0.6666666666666666
30343	219	0	5	0.54	179.0	895.0	0.0
30344	263	0	5	0.65	105.8	529.0	0.6666666666666666
30345	221	0	5	0.545	44.2	221.0	0.6666666666666666
30346	274	0	5	0.6775	104.0	520.0	0.3333333333333333
30347	298	0	5	0.7375	252.8	1264.0	0.3333333333333333
30348	44	0	5	0.1025	21.0	105.0	0.0
30349	317	0	5	0.785	273.2	1366.0	0.3333333333333333
30350	374	0	5	0.9275	152.0	760.0	0.6666666666666666
30351	63	0	5	0.15	27.2	136.0	0.3333333333333333
30352	131	0	5	0.32	111.8	559.0	0.3333333333333333
30353	96	0	5	0.2325	70.8	354.0	0.3333333333333333
30354	142	0	5	0.3475	110.4	552.0	0.3333333333333333
30355	241	0	5	0.595	207.4	1037.0	0.6666666666666666
30356	153	0	5	0.375	96.6	483.0	0.3333333333333333
30357	170	1	4	0.4225	112.4	562.0	1.0
30358	336	0	5	0.8325	128.8	644.0	0.0
30359	30	0	5	0.0675	28.0	140.0	0.0
30360	134	0	5	0.3275	132.0	660.0	0.0
30361	277	0	5	0.685	180.6	903.0	0.3333333333333333
30362	230	0	5	0.5675	211.4	1057.0	0.3333333333333333
30363	226	0	5	0.5575	88.8	444.0	0.3333333333333333
30364	368	0	5	0.9125	199.2	996.0	0.6666666666666666
30365	64	0	5	0.1525	40.0	200.0	0.3333333333333333
30366	322	0	5	0.7975	168.2	841.0	0.3333333333333333
30367	122	0	5	0.2975	52.4	262.0	0.6666666666666666
30368	162	0	5	0.3975	131.8	659.0	0.0
30369	371	0	5	0.92	223.8	1119.0	0.6666666666666666
30370	277	0	5	0.685	220.6	1103.0	0.0
30371	175	0	5	0.43	80.8	404.0	0.6666666666666666
30372	367	1	4	0.915	83.8	419.0	1.0
30373	127	0	5	0.31	125.0	625.0	0.0
30374	120	0	5	0.2925	46.8	234.0	0.3333333333333333
30375	287	0	5	0.71	204.6	1023.0	0.3333333333333333
30376	251	0	5	0.62	228.8	1144.0	0.3333333333333333
30377	284	1	4	0.7075	148.0	740.0	1.0
30378	310	0	5	0.7675	155.6	778.0	0.6666666666666666
30379	341	0	5	0.845	155.8	779.0	0.3333333333333333
30380	236	0	5	0.5825	209.2	1046.0	0.3333333333333333
30381	151	0	5	0.37	149.0	745.0	0.0
30382	172	0	5	0.4225	75.6	378.0	0.3333333333333333
30383	367	0	5	0.91	303.2	1516.0	0.6666666666666666
30384	18	0	5	0.0375	16.0	80.0	0.0
30385	82	0	5	0.1975	26.4	132.0	0.6666666666666666
30386	70	0	5	0.1675	68.0	340.0	0.0
30387	267	1	4	0.665	84.2	421.0	1.0
30388	168	0	5	0.4125	76.6	383.0	0.3333333333333333
30389	93	0	5	0.225	91.0	455.0	0.0
30390	115	0	5	0.28	101.8	509.0	0.0
30391	154	0	5	0.3775	152.0	760.0	0.0
30392	219	0	5	0.54	137.4	687.0	0.3333333333333333
30393	230	0	5	0.5675	155.2	776.0	0.3333333333333333
30394	257	0	5	0.635	138.2	691.0	0.6666666666666666
30395	34	0	5	0.0775	18.2	91.0	0.0
30396	294	0	5	0.7275	118.4	592.0	0.6666666666666666
30397	191	1	4	0.475	109.4	547.0	1.0
30398	200	0	5	0.4925	144.0	720.0	0.3333333333333333
30399	375	1	4	0.935	117.4	587.0	1.0
30400	330	0	5	0.8175	114.4	572.0	0.6666666666666666
30401	133	0	5	0.325	80.0	400.0	0.6666666666666666
30402	156	0	5	0.3825	143.2	716.0	0.0
30403	163	0	5	0.4	108.2	541.0	0.3333333333333333
30404	218	0	5	0.5375	124.0	620.0	0.3333333333333333
30405	155	0	5	0.38	123.0	615.0	0.3333333333333333
30406	212	0	5	0.5225	123.6	618.0	0.6666666666666666
30407	305	1	4	0.76	88.2	441.0	1.0
30408	301	0	5	0.745	73.4	367.0	0.6666666666666666
30409	110	0	5	0.2675	108.0	540.0	0.0
30410	164	0	5	0.4025	160.4	802.0	0.0
30411	109	0	5	0.265	31.2	156.0	0.3333333333333333
30412	37	0	5	0.085	35.0	175.0	0.0
30413	398	0	5	0.9875	221.2	1106.0	0.6666666666666666
30414	340	1	4	0.8475	99.8	499.0	1.0
30415	93	0	5	0.225	77.0	385.0	0.3333333333333333
30416	188	0	5	0.4625	78.6	393.0	0.3333333333333333
30417	121	0	5	0.295	102.8	514.0	0.3333333333333333
30418	86	0	5	0.2075	75.0	375.0	0.0
30419	41	0	5	0.095	39.0	195.0	0.0
30420	371	1	4	0.925	205.0	1025.0	1.0
30421	134	0	5	0.3275	123.2	616.0	0.0
30422	394	0	5	0.9775	212.8	1064.0	0.6666666666666666
30423	175	0	5	0.43	129.4	647.0	0.3333333333333333
30424	229	0	5	0.565	107.8	539.0	0.0
30425	375	0	5	0.93	173.0	865.0	0.6666666666666666
30426	277	0	5	0.685	124.6	623.0	0.3333333333333333
30427	115	0	5	0.28	96.6	483.0	0.6666666666666666
30428	120	0	5	0.2925	118.0	590.0	0.3333333333333333
30429	180	0	5	0.4425	166.8	834.0	0.0
30430	118	0	5	0.2875	116.0	580.0	0.0
30431	394	1	4	0.9825	245.6	1228.0	1.0
30432	160	0	5	0.3925	53.2	266.0	0.3333333333333333
30433	200	0	5	0.4925	91.2	456.0	0.3333333333333333
30434	224	0	5	0.5525	152.4	762.0	0.6666666666666666
30435	104	0	5	0.2525	102.0	510.0	0.0
30436	240	0	5	0.5925	205.6	1028.0	0.0
30437	101	0	5	0.245	99.0	495.0	0.0
30438	163	0	5	0.4	142.8	714.0	0.3333333333333333
30439	189	0	5	0.465	156.2	781.0	0.3333333333333333
30440	13	0	5	0.025	9.8	49.0	0.3333333333333333
30441	264	0	5	0.6525	219.8	1099.0	0.0
30442	277	0	5	0.685	153.6	768.0	0.6666666666666666
30443	88	0	5	0.2125	74.0	370.0	0.0
30444	32	0	5	0.0725	30.0	150.0	0.0
30445	231	0	5	0.57	110.2	551.0	0.3333333333333333
30446	278	0	5	0.6875	72.0	360.0	0.6666666666666666
30447	132	0	5	0.3225	130.0	650.0	0.0
30448	348	0	5	0.8625	301.2	1506.0	0.3333333333333333
30449	224	0	5	0.5525	169.4	847.0	0.3333333333333333
30450	292	0	5	0.7225	152.8	764.0	0.6666666666666666
30451	164	0	5	0.4025	132.6	663.0	0.3333333333333333
30452	258	0	5	0.6375	167.2	836.0	0.6666666666666666
30453	105	0	5	0.255	100.6	503.0	0.0
30454	126	0	5	0.3075	66.8	334.0	0.3333333333333333
30455	323	0	5	0.8	133.2	666.0	0.6666666666666666
30456	149	0	5	0.365	108.0	540.0	0.3333333333333333
30457	139	0	5	0.34	137.0	685.0	0.0
30458	173	0	5	0.425	105.0	525.0	0.0
30459	268	0	5	0.6625	153.0	765.0	0.3333333333333333
30460	103	1	4	0.255	81.4	407.0	1.0
30461	50	0	5	0.1175	26.4	132.0	0.0
30462	188	0	5	0.4625	162.6	813.0	0.0
30463	297	0	5	0.735	205.4	1027.0	0.0
30464	260	0	5	0.6425	216.4	1082.0	0.6666666666666666
30465	45	0	5	0.105	33.0	165.0	0.3333333333333333
30466	196	0	5	0.4825	130.4	652.0	0.3333333333333333
30467	102	0	5	0.2475	20.4	102.0	0.0
30468	331	0	5	0.82	157.0	785.0	0.6666666666666666
30469	176	0	5	0.4325	118.4	592.0	0.0
30470	200	0	5	0.4925	150.4	752.0	0.0
30471	147	0	5	0.36	106.8	534.0	0.3333333333333333
30472	273	0	5	0.675	197.4	987.0	0.6666666666666666
30473	302	0	5	0.7475	170.6	853.0	0.6666666666666666
30474	81	0	5	0.195	63.0	315.0	0.3333333333333333
30475	291	0	5	0.72	207.8	1039.0	0.3333333333333333
30476	176	0	5	0.4325	167.4	837.0	0.3333333333333333
30477	178	0	5	0.4375	123.0	615.0	0.6666666666666666
30478	399	1	4	0.995	165.0	825.0	1.0
30479	227	0	5	0.56	138.0	690.0	0.6666666666666666
30480	338	0	5	0.8375	182.4	912.0	0.6666666666666666
30481	235	0	5	0.58	134.8	674.0	0.3333333333333333
30482	37	0	5	0.085	20.6	103.0	0.3333333333333333
30483	196	0	5	0.4825	177.4	887.0	0.3333333333333333
30484	282	0	5	0.6975	84.0	420.0	0.6666666666666666
30485	4	0	5	0.0025	2.0	10.0	0.0
30486	65	0	5	0.155	63.0	315.0	0.0
30487	171	0	5	0.42	71.4	357.0	0.3333333333333333
30488	58	0	5	0.1375	38.4	192.0	0.3333333333333333
30489	370	0	5	0.9175	204.2	1021.0	0.6666666666666666
30490	215	0	5	0.53	166.2	831.0	0.3333333333333333
30491	26	0	5	0.0575	12.0	60.0	0.3333333333333333
30492	331	1	3	0.825	321.2	1606.0	1.0
30493	322	0	5	0.7975	279.2	1396.0	0.6666666666666666
30494	79	0	5	0.19	69.0	345.0	0.0
30495	251	0	5	0.62	137.6	688.0	0.6666666666666666
30496	215	0	5	0.53	192.0	960.0	0.3333333333333333
30497	309	0	5	0.765	204.2	1021.0	0.3333333333333333
30498	343	0	5	0.85	216.6	1083.0	0.3333333333333333
30499	149	0	5	0.365	115.4	577.0	0.0
30500	153	0	5	0.375	143.0	715.0	0.3333333333333333
30501	226	0	5	0.5575	224.0	1120.0	0.3333333333333333
30502	360	0	5	0.8925	134.8	674.0	0.6666666666666666
30503	109	0	5	0.265	107.0	535.0	0.0
30504	198	0	5	0.4875	119.2	596.0	0.3333333333333333
30505	129	0	5	0.315	114.0	570.0	0.0
30506	204	0	5	0.5025	78.0	390.0	0.3333333333333333
30507	188	0	5	0.4625	56.4	282.0	0.3333333333333333
30508	353	0	5	0.875	127.2	636.0	0.6666666666666666
30509	89	0	5	0.215	56.6	283.0	0.3333333333333333
30510	236	0	5	0.5825	157.4	787.0	0.0
30511	264	0	5	0.6525	191.0	955.0	0.3333333333333333
30512	318	1	4	0.7925	182.8	914.0	1.0
30513	81	0	5	0.195	79.0	395.0	0.0
30514	118	0	5	0.2875	82.0	410.0	0.0
30515	61	0	5	0.145	38.6	193.0	0.3333333333333333
30516	285	0	5	0.705	245.6	1228.0	0.6666666666666666
30517	93	0	5	0.225	37.4	187.0	0.0
30518	379	1	4	0.945	145.8	729.0	1.0
30519	383	1	3	0.955	269.2	1346.0	1.0
30520	350	0	5	0.8675	335.8	1679.0	0.3333333333333333
30521	82	0	5	0.1975	75.2	376.0	0.3333333333333333
30522	72	0	5	0.1725	63.2	316.0	0.3333333333333333
30523	219	0	5	0.54	179.8	899.0	0.3333333333333333
30524	275	0	5	0.68	170.4	852.0	0.6666666666666666
30525	61	0	5	0.145	59.0	295.0	0.0
30526	361	1	4	0.9	259.8	1299.0	1.0
30527	315	1	4	0.785	169.4	847.0	1.0
30528	342	0	5	0.8475	172.0	860.0	0.3333333333333333
30529	195	0	5	0.48	107.8	539.0	0.3333333333333333
30530	243	0	5	0.6	108.6	543.0	0.6666666666666666
30531	198	0	5	0.4875	116.0	580.0	0.6666666666666666
30532	337	1	4	0.84	227.6	1138.0	1.0
30533	90	0	5	0.2175	59.2	296.0	0.3333333333333333
30534	161	0	5	0.395	157.4	787.0	0.3333333333333333
30535	320	0	5	0.7925	215.6	1078.0	0.3333333333333333
30536	261	0	5	0.645	210.6	1053.0	0.0
30537	88	0	5	0.2125	38.8	194.0	0.6666666666666666
30538	177	0	5	0.435	53.8	269.0	0.6666666666666666
30539	112	0	5	0.2725	69.4	347.0	0.3333333333333333
30540	183	0	5	0.45	145.8	729.0	0.6666666666666666
30541	295	0	5	0.73	256.6	1283.0	0.6666666666666666
30542	216	0	5	0.5325	196.8	984.0	0.3333333333333333
30543	215	0	5	0.53	81.2	406.0	0.3333333333333333
30544	107	1	4	0.265	96.8	484.0	1.0
30545	275	0	5	0.68	195.8	979.0	0.3333333333333333
30546	260	0	5	0.6425	105.4	527.0	0.3333333333333333
30547	250	0	5	0.6175	116.8	584.0	0.6666666666666666
30548	170	0	5	0.4175	114.4	572.0	0.3333333333333333
30549	155	0	5	0.38	80.4	402.0	0.0
30550	384	1	4	0.9575	291.0	1455.0	1.0
30551	120	0	5	0.2925	59.8	299.0	0.0
30552	33	0	5	0.075	31.0	155.0	0.0
30553	112	0	5	0.2725	48.8	244.0	0.0
30554	320	0	5	0.7925	186.4	932.0	0.6666666666666666
30555	245	1	4	0.61	134.8	674.0	1.0
30556	133	0	5	0.325	125.4	627.0	0.3333333333333333
30557	42	0	5	0.0975	40.0	200.0	0.0
30558	245	1	4	0.61	145.4	727.0	1.0
30559	321	0	5	0.795	221.6	1108.0	0.6666666666666666
30560	205	0	5	0.505	66.2	331.0	0.0
30561	202	0	5	0.4975	173.6	868.0	0.3333333333333333
30562	273	0	5	0.675	157.0	785.0	0.6666666666666666
30563	50	1	4	0.1225	41.8	209.0	1.0
30564	296	0	5	0.7325	177.0	885.0	0.3333333333333333
30565	237	0	5	0.585	155.4	777.0	0.6666666666666666
30566	366	0	5	0.9075	216.8	1084.0	0.6666666666666666
30567	256	0	5	0.6325	225.4	1127.0	0.3333333333333333
30568	349	0	5	0.865	122.2	611.0	0.6666666666666666
30569	166	0	5	0.4075	79.4	397.0	0.0
30570	211	0	5	0.52	142.0	710.0	0.0
30571	255	0	5	0.63	88.0	440.0	0.6666666666666666
30572	115	0	5	0.28	110.2	551.0	0.3333333333333333
30573	85	0	5	0.205	83.0	415.0	0.0
30574	202	0	5	0.4975	174.4	872.0	0.3333333333333333
30575	338	0	5	0.8375	194.8	974.0	0.6666666666666666
30576	389	0	5	0.965	273.2	1366.0	0.6666666666666666
30577	143	0	5	0.35	69.0	345.0	0.3333333333333333
30578	123	0	5	0.3	75.4	377.0	0.0
30579	141	0	5	0.345	125.2	626.0	0.3333333333333333
30580	38	0	5	0.0875	36.0	180.0	0.0
30581	193	0	5	0.475	178.2	891.0	0.3333333333333333
30582	289	0	5	0.715	215.0	1075.0	0.6666666666666666
30583	36	0	5	0.0825	34.0	170.0	0.0
30584	61	0	5	0.145	59.0	295.0	0.0
30585	79	0	5	0.19	76.2	381.0	0.3333333333333333
30586	358	0	5	0.8875	212.4	1062.0	0.6666666666666666
30587	309	1	4	0.77	146.6	733.0	1.0
30588	398	0	5	0.9875	176.0	880.0	0.6666666666666666
30589	266	0	5	0.6575	229.0	1145.0	0.3333333333333333
30590	376	1	4	0.9375	346.8	1734.0	1.0
30591	263	0	5	0.65	105.2	526.0	0.3333333333333333
30592	166	0	5	0.4075	50.8	254.0	0.6666666666666666
30593	238	0	5	0.5875	156.6	783.0	0.6666666666666666
30594	166	0	5	0.4075	105.8	529.0	0.0
30595	289	0	5	0.715	86.2	431.0	0.6666666666666666
30596	41	0	5	0.095	39.0	195.0	0.0
30597	181	0	5	0.445	43.8	219.0	0.3333333333333333
30598	193	0	5	0.475	182.8	914.0	0.3333333333333333
30599	254	0	5	0.6275	184.4	922.0	0.3333333333333333
30600	183	0	5	0.45	58.6	293.0	0.3333333333333333
30601	338	0	5	0.8375	137.0	685.0	0.3333333333333333
30602	215	0	5	0.53	83.8	419.0	0.6666666666666666
30603	265	0	5	0.655	170.4	852.0	0.6666666666666666
30604	124	0	5	0.3025	97.2	486.0	0.0
30605	230	0	5	0.5675	129.2	646.0	0.6666666666666666
30606	18	0	5	0.0375	16.0	80.0	0.0
30607	236	0	5	0.5825	167.8	839.0	0.0
30608	210	0	5	0.5175	100.6	503.0	0.6666666666666666
30609	80	0	5	0.1925	30.8	154.0	0.3333333333333333
30610	265	0	5	0.655	111.0	555.0	0.3333333333333333
30611	281	0	5	0.695	191.4	957.0	0.6666666666666666
30612	231	0	5	0.57	206.6	1033.0	0.0
30613	116	0	5	0.2825	110.8	554.0	0.3333333333333333
30614	394	1	4	0.9825	243.0	1215.0	1.0
30615	170	0	5	0.4175	131.2	656.0	0.3333333333333333
30616	192	0	5	0.4725	190.0	950.0	0.0
30617	238	0	5	0.5875	146.4	732.0	0.3333333333333333
30618	134	0	5	0.3275	85.6	428.0	0.0
30619	302	1	4	0.7525	208.8	1044.0	1.0
30620	258	0	5	0.6375	90.2	451.0	0.3333333333333333
30621	124	0	5	0.3025	55.8	279.0	0.3333333333333333
30622	304	0	5	0.7525	180.4	902.0	0.3333333333333333
30623	399	0	5	0.99	181.4	907.0	0.6666666666666666
30624	82	0	5	0.1975	80.0	400.0	0.0
30625	170	0	5	0.4175	88.0	440.0	0.6666666666666666
30626	265	0	5	0.655	105.4	527.0	0.0
30627	360	0	5	0.8925	250.0	1250.0	0.6666666666666666
30628	338	0	5	0.8375	270.0	1350.0	0.6666666666666666
30629	282	0	5	0.6975	245.4	1227.0	0.3333333333333333
30630	173	0	5	0.425	112.6	563.0	0.3333333333333333
30631	71	0	5	0.17	69.0	345.0	0.0
30632	249	0	5	0.615	117.4	587.0	0.6666666666666666
30633	300	0	5	0.7425	129.2	646.0	0.6666666666666666
30634	148	0	5	0.3625	64.0	320.0	0.3333333333333333
30635	152	0	5	0.3725	149.6	748.0	0.0
30636	102	0	5	0.2475	86.4	432.0	0.0
30637	13	0	5	0.025	11.0	55.0	0.0
30638	33	0	5	0.075	31.0	155.0	0.0
30639	133	1	4	0.33	97.4	487.0	1.0
30640	132	0	5	0.3225	112.8	564.0	0.0
30641	228	0	5	0.5625	144.4	722.0	0.6666666666666666
30642	398	0	5	0.9875	264.0	1320.0	0.6666666666666666
30643	330	0	5	0.8175	132.2	661.0	0.3333333333333333
30644	133	0	5	0.325	39.8	199.0	0.6666666666666666
30645	169	0	5	0.415	97.8	489.0	0.3333333333333333
30646	319	0	5	0.79	157.0	785.0	0.6666666666666666
30647	154	1	4	0.3825	45.2	226.0	1.0
30648	349	0	5	0.865	270.6	1353.0	0.3333333333333333
30649	268	0	5	0.6625	132.8	664.0	0.6666666666666666
30650	388	0	5	0.9625	163.6	818.0	0.6666666666666666
30651	107	0	5	0.26	91.4	457.0	0.0
30652	363	0	5	0.9	191.8	959.0	0.6666666666666666
30653	30	0	5	0.0675	28.0	140.0	0.0
30654	160	0	5	0.3925	123.8	619.0	0.3333333333333333
30655	180	0	5	0.4425	154.0	770.0	0.3333333333333333
30656	245	1	4	0.61	125.4	627.0	1.0
30657	195	0	5	0.48	167.2	836.0	0.0
30658	286	0	5	0.7075	154.6	773.0	0.6666666666666666
30659	235	1	4	0.585	202.2	1011.0	1.0
30660	75	0	5	0.18	73.0	365.0	0.0
30661	225	1	4	0.56	76.0	380.0	1.0
30662	324	0	5	0.8025	220.8	1104.0	0.6666666666666666
30663	157	0	5	0.385	100.6	503.0	0.3333333333333333
30664	358	1	4	0.8925	76.4	382.0	1.0
30665	164	0	5	0.4025	69.6	348.0	0.0
30666	279	0	5	0.69	136.2	681.0	0.6666666666666666
30667	269	0	5	0.665	241.8	1209.0	0.0
30668	204	0	5	0.5025	162.8	814.0	0.0
30669	237	0	5	0.585	177.0	885.0	0.6666666666666666
30670	36	0	5	0.0825	23.2	116.0	0.3333333333333333
30671	297	0	5	0.735	66.2	331.0	0.3333333333333333
30672	151	0	5	0.37	78.2	391.0	0.6666666666666666
30673	121	0	5	0.295	95.2	476.0	0.0
30674	295	0	5	0.73	108.8	544.0	0.3333333333333333
30675	237	0	5	0.585	90.2	451.0	0.6666666666666666
30676	115	0	5	0.28	49.8	249.0	0.3333333333333333
30677	88	1	4	0.2175	41.6	208.0	1.0
30678	108	0	5	0.2625	83.6	418.0	0.3333333333333333
30679	251	0	5	0.62	207.4	1037.0	0.3333333333333333
30680	187	0	5	0.46	139.0	695.0	0.3333333333333333
30681	260	0	5	0.6425	179.0	895.0	0.3333333333333333
30682	269	0	5	0.665	201.0	1005.0	0.3333333333333333
30683	369	0	5	0.915	143.8	719.0	0.6666666666666666
30684	5	0	5	0.005	3.0	15.0	0.0
30685	364	1	4	0.9075	100.6	503.0	1.0
30686	171	0	5	0.42	163.0	815.0	0.3333333333333333
30687	64	0	5	0.1525	62.0	310.0	0.0
30688	284	0	5	0.7025	82.4	412.0	0.6666666666666666
30689	207	0	5	0.51	121.0	605.0	0.0
30690	392	0	5	0.9725	271.4	1357.0	0.6666666666666666
30691	279	0	5	0.69	128.4	642.0	0.6666666666666666
30692	305	0	5	0.755	89.4	447.0	0.6666666666666666
30693	193	0	5	0.475	163.8	819.0	0.3333333333333333
30694	273	0	5	0.675	176.4	882.0	0.6666666666666666
30695	96	0	5	0.2325	77.2	386.0	0.0
30696	49	0	5	0.115	42.2	211.0	0.3333333333333333
30697	220	0	5	0.5425	170.2	851.0	0.6666666666666666
30698	222	0	5	0.5475	181.6	908.0	0.3333333333333333
30699	194	0	5	0.4775	129.0	645.0	0.3333333333333333
30700	325	0	5	0.805	255.0	1275.0	0.6666666666666666
30701	252	0	5	0.6225	107.2	536.0	0.3333333333333333
30702	222	0	5	0.5475	168.8	844.0	0.0
30703	185	0	5	0.455	70.8	354.0	0.0
30704	366	0	5	0.9075	148.0	740.0	0.6666666666666666
30705	371	0	5	0.92	204.2	1021.0	0.3333333333333333
30706	241	0	5	0.595	152.4	762.0	0.6666666666666666
30707	303	0	5	0.75	131.0	655.0	0.6666666666666666
30708	215	0	5	0.53	205.6	1028.0	0.3333333333333333
30709	345	0	5	0.855	241.4	1207.0	0.6666666666666666
30710	275	0	5	0.68	174.6	873.0	0.6666666666666666
30711	270	0	5	0.6675	170.0	850.0	0.3333333333333333
30712	190	0	5	0.4675	90.4	452.0	0.3333333333333333
30713	196	0	5	0.4825	139.6	698.0	0.3333333333333333
30714	270	0	5	0.6675	220.8	1104.0	0.3333333333333333
30715	315	0	5	0.78	273.8	1369.0	0.3333333333333333
30716	304	0	5	0.7525	231.0	1155.0	0.6666666666666666
30717	305	0	5	0.755	138.6	693.0	0.6666666666666666
30718	380	1	4	0.9475	309.6	1548.0	1.0
30719	161	0	5	0.395	134.6	673.0	0.3333333333333333
30720	298	0	5	0.7375	102.4	512.0	0.3333333333333333
30721	331	1	4	0.825	151.8	759.0	1.0
30722	82	0	5	0.1975	73.2	366.0	0.3333333333333333
30723	183	0	5	0.45	84.8	424.0	0.0
30724	250	0	5	0.6175	217.2	1086.0	0.3333333333333333
30725	235	0	5	0.58	209.4	1047.0	0.0
30726	226	0	5	0.5575	183.8	919.0	0.3333333333333333
30727	385	0	5	0.955	233.4	1167.0	0.6666666666666666
30728	66	0	5	0.1575	51.4	257.0	0.0
30729	193	0	5	0.475	109.6	548.0	0.6666666666666666
30730	143	0	5	0.35	33.0	165.0	0.0
30731	52	0	5	0.1225	28.2	141.0	0.6666666666666666
30732	113	0	5	0.275	100.8	504.0	0.3333333333333333
30733	54	0	5	0.1275	38.0	190.0	0.0
30734	289	0	5	0.715	206.2	1031.0	0.3333333333333333
30735	74	0	5	0.1775	55.0	275.0	0.3333333333333333
30736	326	1	4	0.8125	157.2	786.0	1.0
30737	203	0	5	0.5	97.8	489.0	0.3333333333333333
30738	118	0	5	0.2875	24.8	124.0	0.6666666666666666
30739	389	0	5	0.965	164.8	824.0	0.6666666666666666
30740	302	0	5	0.7475	204.2	1021.0	0.6666666666666666
30741	124	0	5	0.3025	122.0	610.0	0.0
30742	340	0	5	0.8425	166.8	834.0	0.6666666666666666
30743	381	0	5	0.945	210.6	1053.0	0.6666666666666666
30744	209	0	5	0.515	126.6	633.0	0.3333333333333333
30745	313	1	4	0.78	175.8	879.0	1.0
30746	182	0	5	0.4475	166.0	830.0	0.0
30747	191	0	5	0.47	138.0	690.0	0.0
30748	139	0	5	0.34	107.0	535.0	0.3333333333333333
30749	191	1	4	0.475	76.6	383.0	1.0
30750	4	0	5	0.0025	2.0	10.0	0.0
30751	339	0	5	0.84	149.8	749.0	0.6666666666666666
30752	200	0	5	0.4925	144.8	724.0	0.3333333333333333
30753	290	0	5	0.7175	151.6	758.0	0.6666666666666666
30754	50	0	5	0.1175	10.0	50.0	0.3333333333333333
30755	86	0	5	0.2075	84.0	420.0	0.0
30756	31	0	5	0.07	29.0	145.0	0.0
30757	222	0	5	0.5475	102.8	514.0	0.6666666666666666
30758	288	0	5	0.7125	206.6	1033.0	0.6666666666666666
30759	5	0	5	0.005	3.0	15.0	0.0
30760	375	0	5	0.93	208.8	1044.0	0.6666666666666666
30761	184	0	5	0.4525	75.2	376.0	0.3333333333333333
30762	125	0	5	0.305	84.6	423.0	0.3333333333333333
30763	6	0	5	0.0075	4.0	20.0	0.0
30764	304	0	5	0.7525	185.0	925.0	0.6666666666666666
30765	328	0	5	0.8125	151.4	757.0	0.6666666666666666
30766	283	0	5	0.7	203.6	1018.0	0.3333333333333333
30767	395	0	5	0.98	145.4	727.0	0.6666666666666666
30768	12	0	5	0.0225	10.0	50.0	0.0
30769	347	0	5	0.86	205.0	1025.0	0.6666666666666666
30770	355	0	5	0.88	215.6	1078.0	0.6666666666666666
30771	123	0	5	0.3	78.6	393.0	0.6666666666666666
30772	168	0	5	0.4125	166.0	830.0	0.0
30773	78	0	5	0.1875	47.8	239.0	0.0
30774	303	0	5	0.75	251.0	1255.0	0.0
30775	204	1	4	0.5075	108.8	544.0	1.0
30776	253	0	5	0.625	222.0	1110.0	0.3333333333333333
30777	250	0	5	0.6175	167.8	839.0	0.3333333333333333
30778	208	0	5	0.5125	127.6	638.0	0.6666666666666666
30779	360	0	5	0.8925	188.4	942.0	0.3333333333333333
30780	239	1	4	0.595	157.2	786.0	1.0
30781	204	0	5	0.5025	195.0	975.0	0.0
30782	345	0	5	0.855	259.8	1299.0	0.3333333333333333
30783	261	0	5	0.645	209.4	1047.0	0.3333333333333333
30784	179	0	5	0.44	78.4	392.0	0.6666666666666666
30785	276	1	4	0.6875	214.4	1072.0	1.0
30786	251	0	5	0.62	105.0	525.0	0.3333333333333333
30787	313	0	5	0.775	185.8	929.0	0.6666666666666666
30788	387	1	4	0.965	207.6	1038.0	1.0
30789	258	0	5	0.6375	118.0	590.0	0.3333333333333333
30790	253	0	5	0.625	74.0	370.0	0.3333333333333333
30791	204	0	5	0.5025	78.4	392.0	0.6666666666666666
30792	228	0	5	0.5625	198.8	994.0	0.6666666666666666
30793	343	1	4	0.855	177.6	888.0	1.0
30794	31	0	5	0.07	18.2	91.0	0.0
30795	399	0	5	0.99	210.4	1052.0	0.6666666666666666
30796	386	0	5	0.9575	247.0	1235.0	0.6666666666666666
30797	131	0	5	0.32	68.6	343.0	0.3333333333333333
30798	210	0	5	0.5175	167.8	839.0	0.0
30799	14	0	5	0.0275	12.0	60.0	0.0
30800	106	0	5	0.2575	32.0	160.0	0.6666666666666666
30801	57	0	5	0.135	55.0	275.0	0.0
30802	56	0	5	0.1325	47.2	236.0	0.3333333333333333
30803	51	0	5	0.12	34.6	173.0	0.3333333333333333
30804	185	0	5	0.455	155.4	777.0	0.3333333333333333
30805	381	0	5	0.945	122.2	611.0	0.6666666666666666
30806	282	0	5	0.6975	170.8	854.0	0.6666666666666666
30807	384	0	5	0.9525	153.8	769.0	0.6666666666666666
30808	73	0	5	0.175	71.0	355.0	0.0
30809	123	1	4	0.305	96.8	484.0	1.0
30810	252	0	5	0.6225	125.2	626.0	0.6666666666666666
30811	223	0	5	0.55	194.0	970.0	0.3333333333333333
30812	126	1	4	0.3125	62.2	311.0	1.0
30813	371	0	5	0.92	98.6	493.0	0.6666666666666666
30814	190	0	5	0.4675	113.0	565.0	0.3333333333333333
30815	250	0	5	0.6175	175.2	876.0	0.3333333333333333
30816	246	1	4	0.6125	58.0	290.0	1.0
30817	383	0	5	0.95	312.0	1560.0	0.3333333333333333
30818	401	0	3	0.9975	239.0	1195.0	0.6666666666666666
30819	246	0	5	0.6075	204.4	1022.0	0.6666666666666666
30820	99	0	5	0.24	73.8	369.0	0.3333333333333333
30821	166	0	5	0.4075	93.8	469.0	0.3333333333333333
30822	221	0	5	0.545	118.8	594.0	0.6666666666666666
30823	208	0	5	0.5125	104.8	524.0	0.3333333333333333
30824	299	0	5	0.74	182.0	910.0	0.0
30825	382	0	5	0.9475	253.6	1268.0	0.6666666666666666
30826	108	0	5	0.2625	41.6	208.0	0.6666666666666666
30827	160	0	5	0.3925	33.2	166.0	0.0
30828	288	0	5	0.7125	138.4	692.0	0.3333333333333333
30829	343	0	5	0.85	159.4	797.0	0.6666666666666666
30830	206	0	5	0.5075	98.0	490.0	0.3333333333333333
30831	215	0	5	0.53	128.4	642.0	0.0
30832	387	0	5	0.96	201.0	1005.0	0.6666666666666666
30833	230	0	5	0.5675	192.8	964.0	0.6666666666666666
30834	397	0	5	0.985	317.2	1586.0	0.6666666666666666
30835	24	0	5	0.0525	22.0	110.0	0.0
30836	283	0	5	0.7	79.6	398.0	0.3333333333333333
30837	212	1	4	0.5275	125.4	627.0	1.0
30838	219	0	5	0.54	217.0	1085.0	0.0
30839	358	0	5	0.8875	167.2	836.0	0.3333333333333333
30840	208	0	5	0.5125	105.2	526.0	0.6666666666666666
30841	14	0	5	0.0275	12.0	60.0	0.0
30842	182	0	5	0.4475	119.6	598.0	0.6666666666666666
30843	139	1	4	0.345	98.2	491.0	1.0
30844	395	0	5	0.98	195.2	976.0	0.6666666666666666
30845	249	0	5	0.615	188.2	941.0	0.3333333333333333
30846	125	1	4	0.31	95.6	478.0	1.0
30847	175	0	5	0.43	79.6	398.0	0.6666666666666666
30848	169	0	5	0.415	92.6	463.0	0.3333333333333333
30849	197	0	5	0.485	140.2	701.0	0.0
30850	148	0	5	0.3625	45.2	226.0	0.0
30851	287	0	5	0.71	132.2	661.0	0.6666666666666666
30852	155	0	5	0.38	153.0	765.0	0.0
30853	50	0	5	0.1175	48.0	240.0	0.0
30854	329	1	4	0.82	160.0	800.0	1.0
30855	371	1	4	0.925	169.6	848.0	1.0
30856	235	0	5	0.58	143.8	719.0	0.3333333333333333
30857	342	0	5	0.8475	213.6	1068.0	0.3333333333333333
30858	155	0	5	0.38	106.6	533.0	0.0
30859	287	1	4	0.715	177.6	888.0	1.0
30860	98	0	5	0.2375	92.0	460.0	0.0
30861	215	0	5	0.53	190.4	952.0	0.6666666666666666
30862	178	0	5	0.4375	155.8	779.0	0.0
30863	316	0	5	0.7825	150.8	754.0	0.6666666666666666
30864	80	0	5	0.1925	73.2	366.0	0.3333333333333333
30865	56	0	5	0.1325	54.0	270.0	0.0
30866	277	0	5	0.685	163.0	815.0	0.3333333333333333
30867	394	1	4	0.9825	138.6	693.0	1.0
30868	285	0	5	0.705	136.4	682.0	0.6666666666666666
30869	254	0	5	0.6275	136.8	684.0	0.0
30870	214	0	5	0.5275	135.8	679.0	0.6666666666666666
30871	300	0	5	0.7425	218.0	1090.0	0.6666666666666666
30872	110	0	5	0.2675	103.8	519.0	0.3333333333333333
30873	169	0	5	0.415	138.8	694.0	0.3333333333333333
30874	50	0	5	0.1175	44.4	222.0	0.3333333333333333
30875	294	0	5	0.7275	222.0	1110.0	0.3333333333333333
30876	165	0	5	0.405	105.0	525.0	0.0
30877	99	0	5	0.24	78.4	392.0	0.0
30878	99	0	5	0.24	43.0	215.0	0.3333333333333333
30879	272	0	5	0.6725	156.2	781.0	0.3333333333333333
30880	286	0	5	0.7075	193.6	968.0	0.6666666666666666
30881	382	1	4	0.9525	189.8	949.0	1.0
30882	26	0	5	0.0575	10.0	50.0	0.3333333333333333
30883	293	0	5	0.725	243.0	1215.0	0.6666666666666666
30884	352	0	5	0.8725	183.2	916.0	0.6666666666666666
30885	287	0	5	0.71	229.2	1146.0	0.6666666666666666
30886	88	0	5	0.2125	70.0	350.0	0.0
30887	79	0	5	0.19	77.0	385.0	0.0
30888	354	0	5	0.8775	224.0	1120.0	0.3333333333333333
30889	299	0	5	0.74	232.0	1160.0	0.6666666666666666
30890	143	0	5	0.35	69.6	348.0	0.0
30891	253	0	5	0.625	128.0	640.0	0.6666666666666666
30892	239	0	5	0.59	215.2	1076.0	0.3333333333333333
30893	272	0	5	0.6725	256.6	1283.0	0.3333333333333333
30894	324	0	5	0.8025	211.0	1055.0	0.3333333333333333
30895	215	0	5	0.53	150.4	752.0	0.0
30896	395	0	5	0.98	281.6	1408.0	0.6666666666666666
30897	325	1	4	0.81	120.2	601.0	1.0
30898	401	0	4	0.9975	119.2	596.0	0.6666666666666666
30899	72	0	5	0.1725	54.4	272.0	0.0
30900	184	0	5	0.4525	42.8	214.0	0.0
30901	271	0	5	0.67	219.6	1098.0	0.3333333333333333
30902	155	0	5	0.38	55.4	277.0	0.3333333333333333
30903	223	0	5	0.55	52.2	261.0	0.3333333333333333
30904	152	0	5	0.3725	51.6	258.0	0.3333333333333333
30905	24	0	5	0.0525	22.0	110.0	0.0
30906	180	0	5	0.4425	178.0	890.0	0.3333333333333333
30907	25	0	5	0.055	23.0	115.0	0.0
30908	367	0	5	0.91	226.8	1134.0	0.6666666666666666
30909	350	0	5	0.8675	181.8	909.0	0.6666666666666666
30910	203	0	5	0.5	181.4	907.0	0.0
30911	225	0	5	0.555	164.6	823.0	0.6666666666666666
30912	365	1	4	0.91	317.4	1587.0	1.0
30913	375	0	5	0.93	218.0	1090.0	0.3333333333333333
30914	322	0	5	0.7975	188.6	943.0	0.6666666666666666
30915	271	0	5	0.67	139.4	697.0	0.3333333333333333
30916	79	0	5	0.19	60.6	303.0	0.6666666666666666
30917	359	0	5	0.89	272.6	1363.0	0.6666666666666666
30918	49	0	5	0.115	47.0	235.0	0.0
30919	361	0	5	0.895	150.6	753.0	0.3333333333333333
30920	106	0	5	0.2575	86.8	434.0	0.3333333333333333
30921	102	0	5	0.2475	100.0	500.0	0.0
30922	96	0	5	0.2325	94.0	470.0	0.3333333333333333
30923	304	0	5	0.7525	84.0	420.0	0.6666666666666666
30924	270	0	5	0.6675	190.2	951.0	0.6666666666666666
30925	223	0	5	0.55	127.4	637.0	0.3333333333333333
30926	136	0	5	0.3325	46.6	233.0	0.0
30927	298	0	5	0.7375	233.2	1166.0	0.3333333333333333
30928	3	0	5	0.0025	0.2	1.0	0.3333333333333333
30929	36	0	5	0.0825	32.0	160.0	0.0
30930	299	0	5	0.74	157.0	785.0	0.6666666666666666
30931	355	0	5	0.88	202.2	1011.0	0.6666666666666666
30932	350	0	5	0.8675	260.8	1304.0	0.6666666666666666
30933	16	0	5	0.0325	5.2	26.0	0.3333333333333333
30934	116	0	5	0.2825	98.8	494.0	0.0
30935	325	0	5	0.805	185.8	929.0	0.3333333333333333
30936	262	0	5	0.6475	123.2	616.0	0.6666666666666666
30937	250	0	5	0.6175	177.4	887.0	0.3333333333333333
30938	214	0	5	0.5275	157.0	785.0	0.6666666666666666
30939	170	0	5	0.4175	80.0	400.0	0.3333333333333333
30940	196	0	5	0.4825	122.6	613.0	0.0
30941	284	0	5	0.7025	126.0	630.0	0.3333333333333333
30942	114	0	5	0.2775	112.0	560.0	0.0
30943	236	0	5	0.5825	118.8	594.0	0.6666666666666666
30944	114	0	5	0.2775	111.2	556.0	0.3333333333333333
30945	100	0	5	0.2425	98.0	490.0	0.0
30946	215	0	5	0.53	181.0	905.0	0.3333333333333333
30947	75	0	5	0.18	73.0	365.0	0.0
30948	291	0	5	0.72	269.4	1347.0	0.6666666666666666
30949	129	0	5	0.315	90.2	451.0	0.3333333333333333
30950	115	0	5	0.28	91.4	457.0	0.0
30951	223	0	5	0.55	161.8	809.0	0.3333333333333333
30952	81	0	5	0.195	64.4	322.0	0.3333333333333333
30953	78	0	5	0.1875	27.2	136.0	0.3333333333333333
30954	388	0	5	0.9625	255.4	1277.0	0.6666666666666666
30955	179	0	5	0.44	47.4	237.0	0.3333333333333333
30956	224	0	5	0.5525	116.4	582.0	0.0
30957	343	1	4	0.855	76.6	383.0	1.0
30958	3	0	5	0.0025	0.2	1.0	0.3333333333333333
30959	154	0	5	0.3775	117.2	586.0	0.6666666666666666
30960	72	0	5	0.1725	22.8	114.0	0.3333333333333333
30961	191	0	5	0.47	157.4	787.0	0.3333333333333333
30962	354	0	5	0.8775	181.2	906.0	0.6666666666666666
30963	348	1	4	0.8675	145.6	728.0	1.0
30964	294	0	5	0.7275	168.4	842.0	0.6666666666666666
30965	353	0	5	0.875	212.6	1063.0	0.6666666666666666
30966	204	1	4	0.5075	56.4	282.0	1.0
30967	3	0	5	0.0025	0.2	1.0	0.0
30968	203	0	5	0.5	65.4	327.0	0.6666666666666666
30969	9	0	5	0.015	7.0	35.0	0.0
30970	243	0	5	0.6	207.6	1038.0	0.3333333333333333
30971	376	0	5	0.9325	252.6	1263.0	0.3333333333333333
30972	315	0	5	0.78	139.6	698.0	0.3333333333333333
30973	338	0	5	0.8375	173.6	868.0	0.3333333333333333
30974	161	0	5	0.395	128.4	642.0	0.6666666666666666
30975	262	0	5	0.6475	179.4	897.0	0.3333333333333333
30976	14	0	5	0.0275	12.0	60.0	0.0
30977	381	0	5	0.945	203.2	1016.0	0.6666666666666666
30978	74	0	5	0.1775	58.4	292.0	0.0
30979	253	0	5	0.625	164.6	823.0	0.3333333333333333
30980	362	0	5	0.8975	213.0	1065.0	0.3333333333333333
30981	48	0	5	0.1125	46.0	230.0	0.0
30982	300	0	5	0.7425	251.4	1257.0	0.0
30983	391	0	5	0.97	235.0	1175.0	0.3333333333333333
30984	185	0	5	0.455	162.2	811.0	0.0
30985	369	0	5	0.915	230.6	1153.0	0.6666666666666666
30986	133	0	5	0.325	101.4	507.0	0.3333333333333333
30987	51	0	5	0.12	25.8	129.0	0.3333333333333333
30988	89	0	5	0.215	63.2	316.0	0.6666666666666666
30989	92	0	5	0.2225	90.0	450.0	0.0
30990	344	0	5	0.8525	169.0	845.0	0.6666666666666666
30991	107	0	5	0.26	102.6	513.0	0.3333333333333333
30992	359	0	5	0.89	191.0	955.0	0.3333333333333333
30993	29	0	5	0.065	27.0	135.0	0.0
30994	163	0	5	0.4	104.2	521.0	0.3333333333333333
30995	96	0	5	0.2325	94.0	470.0	0.0
30996	317	0	5	0.785	126.2	631.0	0.6666666666666666
30997	301	0	5	0.745	163.0	815.0	0.3333333333333333
30998	326	0	5	0.8075	132.0	660.0	0.6666666666666666
30999	22	0	5	0.0475	20.0	100.0	0.0
31000	250	0	5	0.6175	163.2	816.0	0.3333333333333333
31001	89	0	5	0.215	63.8	319.0	0.3333333333333333
31002	94	0	5	0.2275	92.0	460.0	0.0
31003	336	0	5	0.8325	111.2	556.0	0.6666666666666666
31004	144	0	5	0.3525	69.6	348.0	0.3333333333333333
31005	348	0	5	0.8625	260.0	1300.0	0.6666666666666666
31006	242	1	4	0.6025	65.2	326.0	1.0
31007	221	0	5	0.545	71.0	355.0	0.0
31008	94	0	5	0.2275	69.2	346.0	0.3333333333333333
31009	199	0	5	0.49	188.6	943.0	0.0
31010	37	0	5	0.085	19.0	95.0	0.3333333333333333
31011	326	1	4	0.8125	118.0	590.0	1.0
31012	147	0	5	0.36	105.8	529.0	0.3333333333333333
31013	389	0	5	0.965	79.8	399.0	0.3333333333333333
31014	62	0	5	0.1475	60.0	300.0	0.0
31015	238	0	5	0.5875	145.0	725.0	0.6666666666666666
31016	195	0	5	0.48	183.4	917.0	0.3333333333333333
31017	146	1	4	0.3625	68.8	344.0	1.0
31018	223	0	5	0.55	209.2	1046.0	0.3333333333333333
31019	348	0	5	0.8625	339.2	1696.0	0.0
31020	208	0	5	0.5125	112.8	564.0	0.6666666666666666
31021	363	0	5	0.9	198.6	993.0	0.6666666666666666
31022	381	0	5	0.945	150.0	750.0	0.6666666666666666
31023	36	0	5	0.0825	34.0	170.0	0.0
31024	142	0	5	0.3475	117.2	586.0	0.6666666666666666
31025	283	1	4	0.705	65.4	327.0	1.0
31026	297	0	5	0.735	288.6	1443.0	0.0
31027	330	1	4	0.8225	212.6	1063.0	1.0
31028	322	0	5	0.7975	113.8	569.0	0.3333333333333333
31029	165	0	5	0.405	143.0	715.0	0.3333333333333333
31030	370	1	4	0.9225	246.4	1232.0	1.0
31031	218	0	5	0.5375	202.8	1014.0	0.3333333333333333
31032	26	0	5	0.0575	24.0	120.0	0.0
31033	160	0	5	0.3925	118.4	592.0	0.6666666666666666
31034	55	0	5	0.13	50.6	253.0	0.0
31035	216	1	4	0.5375	158.6	793.0	1.0
31036	225	0	5	0.555	200.6	1003.0	0.3333333333333333
31037	248	0	5	0.6125	134.8	674.0	0.3333333333333333
31038	106	0	5	0.2575	104.0	520.0	0.0
31039	215	0	5	0.53	73.4	367.0	0.0
31040	166	0	5	0.4075	73.0	365.0	0.6666666666666666
31041	347	0	5	0.86	188.4	942.0	0.6666666666666666
31042	370	1	3	0.9225	180.2	901.0	1.0
31043	353	0	5	0.875	222.6	1113.0	0.6666666666666666
31044	332	0	5	0.8225	162.2	811.0	0.3333333333333333
31045	342	0	5	0.8475	210.8	1054.0	0.6666666666666666
31046	141	0	5	0.345	62.2	311.0	0.3333333333333333
31047	352	0	5	0.8725	177.2	886.0	0.6666666666666666
31048	76	0	5	0.1825	53.6	268.0	0.6666666666666666
31049	287	0	5	0.71	194.2	971.0	0.6666666666666666
31050	85	0	5	0.205	45.2	226.0	0.3333333333333333
31051	114	0	5	0.2775	97.0	485.0	0.3333333333333333
31052	233	0	5	0.575	51.0	255.0	0.6666666666666666
31053	288	0	5	0.7125	155.2	776.0	0.6666666666666666
31054	266	0	5	0.6575	213.8	1069.0	0.3333333333333333
31055	321	0	5	0.795	160.6	803.0	0.3333333333333333
31056	200	0	5	0.4925	161.8	809.0	0.3333333333333333
31057	341	0	5	0.845	267.0	1335.0	0.3333333333333333
31058	74	0	5	0.1775	53.4	267.0	0.0
31059	280	0	5	0.6925	137.8	689.0	0.3333333333333333
31060	169	0	5	0.415	98.6	493.0	0.3333333333333333
31061	349	0	5	0.865	271.4	1357.0	0.6666666666666666
31062	264	1	4	0.6575	211.6	1058.0	1.0
31063	27	0	5	0.06	25.0	125.0	0.0
31064	296	0	5	0.7325	100.0	500.0	0.6666666666666666
31065	157	0	5	0.385	148.6	743.0	0.0
31066	382	0	5	0.9475	294.8	1474.0	0.6666666666666666
31067	292	0	5	0.7225	233.0	1165.0	0.6666666666666666
31068	190	0	5	0.4675	155.6	778.0	0.0
31069	391	0	5	0.97	144.6	723.0	0.6666666666666666
31070	197	0	5	0.485	168.0	840.0	0.0
31071	274	0	5	0.6775	87.6	438.0	0.6666666666666666
31072	226	0	5	0.5575	210.2	1051.0	0.3333333333333333
31073	120	0	5	0.2925	49.2	246.0	0.3333333333333333
31074	164	0	5	0.4025	162.0	810.0	0.0
31075	161	1	4	0.4	61.0	305.0	1.0
31076	7	0	5	0.01	5.0	25.0	0.0
31077	240	0	5	0.5925	82.8	414.0	0.3333333333333333
31078	365	0	5	0.905	129.4	647.0	0.3333333333333333
31079	224	0	5	0.5525	133.4	667.0	0.3333333333333333
31080	256	0	5	0.6325	170.8	854.0	0.3333333333333333
31081	255	0	5	0.63	230.2	1151.0	0.0
31082	250	0	5	0.6175	177.2	886.0	0.3333333333333333
31083	354	0	5	0.8775	178.8	894.0	0.6666666666666666
31084	278	0	5	0.6875	231.4	1157.0	0.0
31085	343	0	5	0.85	266.0	1330.0	0.3333333333333333
31086	268	1	4	0.6675	84.8	424.0	1.0
31087	331	1	4	0.825	141.2	706.0	1.0
31088	206	0	5	0.5075	146.4	732.0	0.3333333333333333
31089	129	0	5	0.315	126.6	633.0	0.0
31090	233	0	5	0.575	163.8	819.0	0.3333333333333333
31091	168	0	5	0.4125	76.4	382.0	0.0
31092	302	0	5	0.7475	265.6	1328.0	0.3333333333333333
31093	391	1	4	0.975	267.8	1339.0	1.0
31094	266	1	4	0.6625	244.4	1222.0	1.0
31095	50	0	5	0.1175	48.0	240.0	0.0
31096	177	0	5	0.435	155.8	779.0	0.3333333333333333
31097	149	1	4	0.37	37.0	185.0	1.0
31098	368	0	5	0.9125	193.2	966.0	0.6666666666666666
31099	75	0	5	0.18	40.2	201.0	0.3333333333333333
31100	379	0	5	0.94	186.6	933.0	0.3333333333333333
31101	47	0	5	0.11	40.2	201.0	0.3333333333333333
31102	142	0	5	0.3475	67.6	338.0	0.3333333333333333
31103	359	0	5	0.89	265.6	1328.0	0.6666666666666666
31104	48	0	5	0.1125	34.0	170.0	0.0
31105	33	0	5	0.075	31.0	155.0	0.0
31106	299	0	5	0.74	199.8	999.0	0.6666666666666666
31107	266	0	5	0.6575	178.6	893.0	0.3333333333333333
31108	37	0	5	0.085	35.0	175.0	0.0
31109	212	0	5	0.5225	167.6	838.0	0.0
31110	162	0	5	0.3975	119.0	595.0	0.6666666666666666
31111	306	0	5	0.7575	196.4	982.0	0.3333333333333333
31112	153	0	5	0.375	148.6	743.0	0.0
31113	161	0	5	0.395	84.6	423.0	0.3333333333333333
31114	298	0	5	0.7375	213.2	1066.0	0.3333333333333333
31115	170	0	5	0.4175	60.4	302.0	0.3333333333333333
31116	345	1	4	0.86	177.0	885.0	1.0
31117	259	0	5	0.64	210.4	1052.0	0.6666666666666666
31118	147	0	5	0.36	97.4	487.0	0.3333333333333333
31119	117	0	5	0.285	84.4	422.0	0.3333333333333333
31120	275	0	5	0.68	173.8	869.0	0.3333333333333333
31121	295	0	5	0.73	195.4	977.0	0.6666666666666666
31122	114	0	5	0.2775	112.0	560.0	0.0
31123	61	0	5	0.145	59.0	295.0	0.3333333333333333
31124	23	0	5	0.05	21.0	105.0	0.0
31125	362	0	5	0.8975	209.2	1046.0	0.6666666666666666
31126	327	0	5	0.81	147.4	737.0	0.3333333333333333
31127	18	0	5	0.0375	11.2	56.0	0.3333333333333333
31128	140	0	5	0.3425	125.6	628.0	0.3333333333333333
31129	376	0	5	0.9325	187.4	937.0	0.6666666666666666
31130	167	1	4	0.415	129.0	645.0	1.0
31131	214	0	5	0.5275	212.0	1060.0	0.0
31132	197	0	5	0.485	175.4	877.0	0.3333333333333333
31133	224	0	5	0.5525	104.2	521.0	0.3333333333333333
31134	216	1	4	0.5375	157.4	787.0	1.0
31135	306	0	5	0.7575	139.8	699.0	0.3333333333333333
31136	39	0	5	0.09	37.0	185.0	0.0
31137	122	0	5	0.2975	108.2	541.0	0.3333333333333333
31138	95	0	5	0.23	93.0	465.0	0.0
31139	353	0	5	0.875	154.6	773.0	0.6666666666666666
31140	282	0	5	0.6975	221.6	1108.0	0.3333333333333333
31141	116	0	5	0.2825	114.0	570.0	0.0
31142	54	0	5	0.1275	52.0	260.0	0.0
31143	234	1	4	0.5825	85.2	426.0	1.0
31144	233	0	5	0.575	75.2	376.0	0.6666666666666666
31145	114	0	5	0.2775	101.6	508.0	0.3333333333333333
31146	376	0	5	0.9325	81.2	406.0	0.6666666666666666
31147	239	0	5	0.59	190.0	950.0	0.3333333333333333
31148	227	0	5	0.56	179.4	897.0	0.6666666666666666
31149	231	0	5	0.57	115.8	579.0	0.3333333333333333
31150	184	0	5	0.4525	170.4	852.0	0.6666666666666666
31151	128	0	5	0.3125	101.2	506.0	0.3333333333333333
31152	131	0	5	0.32	65.8	329.0	0.3333333333333333
31153	7	0	5	0.01	5.0	25.0	0.0
31154	42	0	5	0.0975	27.2	136.0	0.3333333333333333
31155	160	0	5	0.3925	95.4	477.0	0.3333333333333333
31156	282	0	5	0.6975	62.2	311.0	0.6666666666666666
31157	256	0	5	0.6325	249.8	1249.0	0.0
31158	334	0	5	0.8275	215.2	1076.0	0.6666666666666666
31159	316	0	5	0.7825	197.6	988.0	0.6666666666666666
31160	60	0	5	0.1425	58.0	290.0	0.0
31161	254	0	5	0.6275	149.6	748.0	0.6666666666666666
31162	55	0	5	0.13	53.0	265.0	0.3333333333333333
31163	328	0	5	0.8125	269.8	1349.0	0.6666666666666666
31164	43	0	5	0.1	36.6	183.0	0.0
31165	250	0	5	0.6175	140.2	701.0	0.3333333333333333
31166	272	0	5	0.6725	182.8	914.0	0.3333333333333333
31167	214	0	5	0.5275	67.2	336.0	0.6666666666666666
31168	352	0	5	0.8725	230.0	1150.0	0.6666666666666666
31169	272	0	5	0.6725	204.0	1020.0	0.3333333333333333
31170	315	0	5	0.78	160.2	801.0	0.6666666666666666
31171	190	0	5	0.4675	128.4	642.0	0.3333333333333333
31172	277	0	5	0.685	167.8	839.0	0.6666666666666666
31173	318	0	5	0.7875	217.2	1086.0	0.6666666666666666
31174	272	0	5	0.6725	120.6	603.0	0.3333333333333333
31175	390	0	5	0.9675	224.6	1123.0	0.6666666666666666
31176	217	0	5	0.535	215.0	1075.0	0.0
31177	60	0	5	0.1425	41.2	206.0	0.3333333333333333
31178	222	0	5	0.5475	184.2	921.0	0.3333333333333333
31179	282	0	5	0.6975	163.8	819.0	0.6666666666666666
31180	147	0	5	0.36	137.4	687.0	0.3333333333333333
31181	115	0	5	0.28	57.0	285.0	0.3333333333333333
31182	79	0	5	0.19	62.8	314.0	0.0
31183	291	0	5	0.72	146.6	733.0	0.6666666666666666
31184	128	0	5	0.3125	41.4	207.0	0.3333333333333333
31185	196	0	5	0.4825	193.0	965.0	0.3333333333333333
31186	202	0	5	0.4975	163.8	819.0	0.3333333333333333
31187	342	0	5	0.8475	190.0	950.0	0.0
31188	197	0	5	0.485	105.2	526.0	0.3333333333333333
31189	254	0	5	0.6275	188.4	942.0	0.3333333333333333
31190	226	0	5	0.5575	155.0	775.0	0.6666666666666666
31191	83	0	5	0.2	81.0	405.0	0.0
31192	274	0	5	0.6775	218.8	1094.0	0.6666666666666666
31193	286	0	5	0.7075	126.0	630.0	0.6666666666666666
31194	107	0	5	0.26	105.0	525.0	0.0
31195	74	0	5	0.1775	71.4	357.0	0.0
31196	169	0	5	0.415	154.4	772.0	0.3333333333333333
31197	335	0	5	0.83	118.6	593.0	0.6666666666666666
31198	61	0	5	0.145	59.0	295.0	0.0
31199	86	0	5	0.2075	61.8	309.0	0.0
31200	228	0	5	0.5625	166.6	833.0	0.3333333333333333
31201	247	0	5	0.61	124.4	622.0	0.6666666666666666
31202	384	1	4	0.9575	140.6	703.0	1.0
31203	200	0	5	0.4925	66.2	331.0	0.3333333333333333
31204	191	0	5	0.47	151.8	759.0	0.0
31205	329	0	5	0.815	231.6	1158.0	0.6666666666666666
31206	201	0	5	0.495	119.0	595.0	0.3333333333333333
31207	300	0	5	0.7425	257.6	1288.0	0.6666666666666666
31208	395	1	4	0.985	305.4	1527.0	1.0
31209	396	0	5	0.9825	134.8	674.0	0.6666666666666666
31210	264	0	5	0.6525	111.0	555.0	0.3333333333333333
31211	385	0	5	0.955	324.0	1620.0	0.6666666666666666
31212	205	0	5	0.505	194.6	973.0	0.3333333333333333
31213	291	1	4	0.725	275.8	1379.0	1.0
31214	338	0	5	0.8375	173.2	866.0	0.3333333333333333
31215	349	1	4	0.87	202.4	1012.0	1.0
31216	84	0	5	0.2025	56.4	282.0	0.6666666666666666
31217	113	0	5	0.275	84.2	421.0	0.3333333333333333
31218	400	0	5	0.9925	252.8	1264.0	0.6666666666666666
31219	175	0	5	0.43	153.8	769.0	0.3333333333333333
31220	100	0	5	0.2425	60.0	300.0	0.6666666666666666
31221	350	1	4	0.8725	173.4	867.0	1.0
31222	331	0	5	0.82	133.4	667.0	0.6666666666666666
31223	270	0	5	0.6675	260.8	1304.0	0.3333333333333333
31224	119	0	5	0.29	73.0	365.0	0.0
31225	348	0	5	0.8625	338.4	1692.0	0.6666666666666666
31226	13	0	5	0.025	3.8	19.0	0.3333333333333333
31227	189	0	5	0.465	92.8	464.0	0.3333333333333333
31228	338	0	5	0.8375	325.0	1625.0	0.3333333333333333
31229	214	0	5	0.5275	132.2	661.0	0.0
31230	242	0	5	0.5975	154.6	773.0	0.6666666666666666
31231	374	1	3	0.9325	242.0	1210.0	1.0
31232	160	0	5	0.3925	98.8	494.0	0.3333333333333333
31233	220	0	5	0.5425	106.4	532.0	0.3333333333333333
31234	194	0	5	0.4775	182.0	910.0	0.3333333333333333
31235	198	0	5	0.4875	143.8	719.0	0.6666666666666666
31236	114	0	5	0.2775	75.8	379.0	0.6666666666666666
31237	255	0	5	0.63	199.2	996.0	0.3333333333333333
31238	122	0	5	0.2975	62.4	312.0	0.3333333333333333
31239	312	0	5	0.7725	184.0	920.0	0.6666666666666666
31240	189	0	5	0.465	109.6	548.0	0.0
31241	148	0	5	0.3625	94.6	473.0	0.3333333333333333
31242	302	0	5	0.7475	295.2	1476.0	0.6666666666666666
31243	259	0	5	0.64	119.0	595.0	0.3333333333333333
31244	215	0	5	0.53	107.8	539.0	0.0
31245	332	0	5	0.8225	130.0	650.0	0.3333333333333333
31246	296	0	5	0.7325	208.8	1044.0	0.3333333333333333
31247	212	0	5	0.5225	170.0	850.0	0.3333333333333333
31248	114	0	5	0.2775	52.0	260.0	0.0
31249	345	1	4	0.86	140.6	703.0	1.0
31250	220	0	5	0.5425	218.0	1090.0	0.0
31251	233	0	5	0.575	142.2	711.0	0.3333333333333333
31252	70	0	5	0.1675	68.0	340.0	0.0
31253	45	0	5	0.105	30.4	152.0	0.0
31254	191	0	5	0.47	95.4	477.0	0.3333333333333333
31255	182	0	5	0.4475	150.0	750.0	0.3333333333333333
31256	345	0	5	0.855	253.2	1266.0	0.6666666666666666
31257	401	0	4	0.9975	203.0	1015.0	0.6666666666666666
31258	188	0	5	0.4625	92.4	462.0	0.3333333333333333
31259	144	0	5	0.3525	35.6	178.0	0.3333333333333333
31260	358	0	5	0.8875	311.2	1556.0	0.0
31261	293	1	4	0.73	231.6	1158.0	1.0
31262	108	0	5	0.2625	104.6	523.0	0.0
31263	2	0	5	0.0	0.0	0.0	0.0
31264	87	0	5	0.21	23.4	117.0	0.0
31265	325	0	5	0.805	174.2	871.0	0.6666666666666666
31266	293	0	5	0.725	187.6	938.0	0.3333333333333333
31267	300	0	5	0.7425	244.8	1224.0	0.3333333333333333
31268	151	0	5	0.37	149.0	745.0	0.0
31269	60	0	5	0.1425	25.0	125.0	0.0
31270	344	0	5	0.8525	105.8	529.0	0.3333333333333333
31271	99	0	5	0.24	86.2	431.0	0.6666666666666666
31272	236	0	5	0.5825	199.4	997.0	0.3333333333333333
31273	60	0	5	0.1425	58.0	290.0	0.0
31274	262	0	5	0.6475	162.6	813.0	0.3333333333333333
31275	101	0	5	0.245	90.0	450.0	0.3333333333333333
31276	366	0	5	0.9075	188.8	944.0	0.3333333333333333
31277	265	0	5	0.655	153.6	768.0	0.6666666666666666
31278	371	1	4	0.925	222.2	1111.0	1.0
31279	219	0	5	0.54	125.0	625.0	0.6666666666666666
31280	342	1	4	0.8525	119.6	598.0	1.0
31281	260	0	5	0.6425	180.0	900.0	0.0
31282	204	0	5	0.5025	51.6	258.0	0.3333333333333333
31283	269	0	5	0.665	161.4	807.0	0.3333333333333333
31284	233	1	4	0.58	89.8	449.0	1.0
31285	278	0	5	0.6875	218.4	1092.0	0.3333333333333333
31286	54	0	5	0.1275	42.4	212.0	0.0
31287	185	0	5	0.455	110.2	551.0	0.0
31288	234	0	5	0.5775	80.8	404.0	0.6666666666666666
31289	332	0	5	0.8225	321.2	1606.0	0.3333333333333333
31290	384	0	5	0.9525	348.2	1741.0	0.6666666666666666
31291	150	0	5	0.3675	109.6	548.0	0.3333333333333333
31292	44	0	5	0.1025	39.4	197.0	0.0
31293	350	0	5	0.8675	123.4	617.0	0.6666666666666666
31294	366	0	5	0.9075	203.4	1017.0	0.6666666666666666
31295	57	0	5	0.135	55.0	275.0	0.0
31296	82	0	5	0.1975	80.0	400.0	0.0
31297	138	0	5	0.3375	46.4	232.0	0.6666666666666666
31298	171	0	5	0.42	129.0	645.0	0.3333333333333333
31299	205	0	5	0.505	50.6	253.0	0.3333333333333333
31300	58	0	5	0.1375	56.0	280.0	0.0
31301	136	0	5	0.3325	69.2	346.0	0.3333333333333333
31302	213	0	5	0.525	135.6	678.0	0.0
31303	83	0	5	0.2	16.6	83.0	0.0
31304	103	0	5	0.25	73.4	367.0	0.0
31305	296	0	5	0.7325	232.0	1160.0	0.3333333333333333
31306	179	0	5	0.44	114.4	572.0	0.6666666666666666
31307	171	0	5	0.42	169.0	845.0	0.0
31308	36	0	5	0.0825	32.4	162.0	0.3333333333333333
31309	46	0	5	0.1075	44.0	220.0	0.0
31310	364	0	5	0.9025	170.4	852.0	0.6666666666666666
31311	238	0	5	0.5875	91.0	455.0	0.6666666666666666
31312	299	0	5	0.74	130.2	651.0	0.6666666666666666
31313	136	0	5	0.3325	133.6	668.0	0.3333333333333333
31314	265	0	5	0.655	228.8	1144.0	0.0
31315	302	0	5	0.7475	228.8	1144.0	0.6666666666666666
31316	76	0	5	0.1825	53.0	265.0	0.3333333333333333
31317	115	0	5	0.28	109.8	549.0	0.3333333333333333
31318	177	0	5	0.435	81.4	407.0	0.3333333333333333
31319	194	0	5	0.4775	188.0	940.0	0.3333333333333333
31320	274	0	5	0.6775	211.0	1055.0	0.3333333333333333
31321	78	0	5	0.1875	76.0	380.0	0.0
31322	146	0	5	0.3575	102.0	510.0	0.3333333333333333
31323	288	1	4	0.7175	147.2	736.0	1.0
31324	192	0	5	0.4725	45.2	226.0	0.6666666666666666
31325	283	1	4	0.705	247.8	1239.0	1.0
31326	396	0	5	0.9825	211.4	1057.0	0.6666666666666666
31327	231	0	5	0.57	121.8	609.0	0.6666666666666666
31328	81	0	5	0.195	79.0	395.0	0.0
31329	399	0	5	0.99	132.2	661.0	0.6666666666666666
31330	339	0	5	0.84	273.4	1367.0	0.6666666666666666
31331	133	0	5	0.325	52.4	262.0	0.3333333333333333
31332	140	0	5	0.3425	90.8	454.0	0.3333333333333333
31333	298	0	5	0.7375	112.0	560.0	0.6666666666666666
31334	179	0	5	0.44	114.6	573.0	0.3333333333333333
31335	315	0	5	0.78	162.2	811.0	0.6666666666666666
31336	83	0	5	0.2	79.0	395.0	0.0
31337	170	0	5	0.4175	94.4	472.0	0.3333333333333333
31338	275	1	4	0.685	105.8	529.0	1.0
31339	347	1	4	0.865	261.4	1307.0	1.0
31340	383	0	5	0.95	161.4	807.0	0.6666666666666666
31341	165	0	5	0.405	99.8	499.0	0.6666666666666666
31342	162	0	5	0.3975	121.6	608.0	0.0
31343	229	0	5	0.565	191.2	956.0	0.3333333333333333
31344	111	0	5	0.27	109.0	545.0	0.0
31345	218	0	5	0.5375	132.0	660.0	0.3333333333333333
31346	258	0	5	0.6375	240.4	1202.0	0.3333333333333333
31347	76	0	5	0.1825	69.8	349.0	0.6666666666666666
31348	198	0	5	0.4875	145.6	728.0	0.0
31349	196	0	5	0.4825	148.8	744.0	0.3333333333333333
31350	157	0	5	0.385	155.0	775.0	0.3333333333333333
31351	331	0	5	0.82	197.8	989.0	0.6666666666666666
31352	349	1	4	0.87	327.8	1639.0	1.0
31353	368	1	4	0.9175	240.6	1203.0	1.0
31354	185	0	5	0.455	145.2	726.0	0.6666666666666666
31355	91	0	5	0.22	89.0	445.0	0.0
31356	228	0	5	0.5625	148.4	742.0	0.6666666666666666
31357	17	0	5	0.035	15.0	75.0	0.0
31358	366	1	4	0.9125	144.6	723.0	1.0
31359	325	0	5	0.805	208.0	1040.0	0.3333333333333333
31360	277	0	5	0.685	181.8	909.0	0.3333333333333333
31361	67	1	4	0.165	54.0	270.0	1.0
31362	303	0	5	0.75	266.4	1332.0	0.3333333333333333
31363	41	0	5	0.095	39.0	195.0	0.0
31364	157	0	5	0.385	98.2	491.0	0.0
31365	120	0	5	0.2925	86.8	434.0	0.3333333333333333
31366	374	0	5	0.9275	116.0	580.0	0.6666666666666666
31367	142	0	5	0.3475	107.6	538.0	0.3333333333333333
31368	76	0	5	0.1825	74.0	370.0	0.0
31369	295	1	4	0.735	147.8	739.0	1.0
31370	117	0	5	0.285	115.0	575.0	0.0
31371	224	0	5	0.5525	207.2	1036.0	0.0
31372	56	0	5	0.1325	41.4	207.0	0.3333333333333333
31373	152	0	5	0.3725	48.4	242.0	0.3333333333333333
31374	108	0	5	0.2625	58.0	290.0	0.3333333333333333
31375	162	0	5	0.3975	111.2	556.0	0.0
31376	97	0	5	0.235	83.0	415.0	0.3333333333333333
31377	139	0	5	0.34	70.0	350.0	0.0
31378	70	0	5	0.1675	47.0	235.0	0.0
31379	311	0	5	0.77	240.2	1201.0	0.6666666666666666
31380	153	0	5	0.375	40.6	203.0	0.3333333333333333
31381	199	1	4	0.495	128.6	643.0	1.0
31382	324	0	5	0.8025	317.8	1589.0	0.3333333333333333
31383	290	1	4	0.7225	142.8	714.0	1.0
31384	397	1	4	0.99	244.6	1223.0	1.0
31385	11	0	5	0.02	9.0	45.0	0.0
31386	63	0	5	0.15	28.0	140.0	0.6666666666666666
31387	101	0	5	0.245	71.0	355.0	0.3333333333333333
31388	361	0	5	0.895	323.6	1618.0	0.6666666666666666
31389	262	0	5	0.6475	187.8	939.0	0.3333333333333333
31390	74	0	5	0.1775	72.0	360.0	0.0
31391	229	0	5	0.565	227.0	1135.0	0.0
31392	292	1	4	0.7275	179.0	895.0	1.0
31393	223	0	5	0.55	147.6	738.0	0.3333333333333333
31394	336	0	5	0.8325	291.2	1456.0	0.3333333333333333
31395	357	1	4	0.89	75.4	377.0	1.0
31396	100	0	5	0.2425	81.2	406.0	0.0
31397	350	0	5	0.8675	195.6	978.0	0.6666666666666666
31398	150	0	5	0.3675	116.8	584.0	0.3333333333333333
31399	355	1	4	0.885	149.0	745.0	1.0
31400	106	0	5	0.2575	59.6	298.0	0.0
31401	353	0	5	0.875	128.8	644.0	0.3333333333333333
31402	123	0	5	0.3	81.4	407.0	0.3333333333333333
31403	318	0	5	0.7875	289.2	1446.0	0.0
31404	338	0	5	0.8375	238.8	1194.0	0.6666666666666666
31405	341	1	4	0.85	211.0	1055.0	1.0
31406	228	0	5	0.5625	166.6	833.0	0.3333333333333333
31407	229	0	5	0.565	181.2	906.0	0.3333333333333333
31408	131	0	5	0.32	124.2	621.0	0.3333333333333333
31409	347	1	4	0.865	219.8	1099.0	1.0
31410	186	0	5	0.4575	160.4	802.0	0.3333333333333333
31411	312	0	5	0.7725	105.6	528.0	0.6666666666666666
31412	286	0	5	0.7075	182.4	912.0	0.6666666666666666
31413	101	0	5	0.245	73.2	366.0	0.3333333333333333
31414	294	0	5	0.7275	219.6	1098.0	0.6666666666666666
31415	60	0	5	0.1425	58.0	290.0	0.0
31416	235	0	5	0.58	200.2	1001.0	0.3333333333333333
31417	196	1	4	0.4875	117.2	586.0	1.0
31418	306	0	5	0.7575	108.4	542.0	0.6666666666666666
31419	252	0	5	0.6225	181.6	908.0	0.3333333333333333
31420	345	0	5	0.855	265.8	1329.0	0.3333333333333333
31421	7	0	5	0.01	5.0	25.0	0.0
31422	228	0	5	0.5625	134.8	674.0	0.3333333333333333
31423	254	0	5	0.6275	181.2	906.0	0.0
31424	315	0	5	0.78	184.0	920.0	0.6666666666666666
31425	320	0	5	0.7925	88.2	441.0	0.6666666666666666
31426	110	0	5	0.2675	98.0	490.0	0.3333333333333333
31427	206	0	5	0.5075	160.2	801.0	0.3333333333333333
31428	358	0	5	0.8875	129.4	647.0	0.6666666666666666
31429	91	0	5	0.22	84.2	421.0	0.3333333333333333
31430	101	0	5	0.245	39.4	197.0	0.6666666666666666
31431	221	0	5	0.545	110.6	553.0	0.3333333333333333
31432	261	1	4	0.65	135.6	678.0	1.0
31433	261	0	5	0.645	195.6	978.0	0.6666666666666666
31434	257	0	5	0.635	171.6	858.0	0.6666666666666666
31435	206	0	5	0.5075	83.2	416.0	0.6666666666666666
31436	77	0	5	0.185	30.2	151.0	0.3333333333333333
31437	210	0	5	0.5175	68.8	344.0	0.3333333333333333
31438	329	0	5	0.815	93.0	465.0	0.3333333333333333
31439	170	0	5	0.4175	152.0	760.0	0.0
31440	311	0	5	0.77	178.6	893.0	0.3333333333333333
31441	128	0	5	0.3125	102.4	512.0	0.0
31442	143	0	5	0.35	73.8	369.0	0.6666666666666666
31443	333	0	5	0.825	201.6	1008.0	0.6666666666666666
31444	150	0	5	0.3675	107.8	539.0	0.3333333333333333
31445	238	0	5	0.5875	65.6	328.0	0.6666666666666666
31446	120	0	5	0.2925	63.6	318.0	0.3333333333333333
31447	227	1	4	0.565	162.0	810.0	1.0
31448	301	0	5	0.745	108.6	543.0	0.3333333333333333
31449	204	1	4	0.5075	122.6	613.0	1.0
31450	153	0	5	0.375	151.0	755.0	0.0
31451	391	0	5	0.97	308.8	1544.0	0.6666666666666666
31452	216	0	5	0.5325	132.0	660.0	0.3333333333333333
31453	375	1	4	0.935	148.4	742.0	1.0
31454	247	0	5	0.61	112.6	563.0	0.3333333333333333
31455	196	0	5	0.4825	166.8	834.0	0.0
31456	235	0	5	0.58	192.2	961.0	0.3333333333333333
31457	208	0	5	0.5125	147.0	735.0	0.6666666666666666
31458	149	0	5	0.365	53.4	267.0	0.0
31459	215	0	5	0.53	179.4	897.0	0.3333333333333333
31460	357	1	4	0.89	144.8	724.0	1.0
31461	207	0	5	0.51	163.8	819.0	0.0
31462	185	0	5	0.455	111.6	558.0	0.0
31463	140	0	5	0.3425	62.0	310.0	0.3333333333333333
31464	380	0	5	0.9425	253.0	1265.0	0.6666666666666666
31465	278	1	4	0.6925	119.2	596.0	1.0
31466	128	0	5	0.3125	84.0	420.0	0.3333333333333333
31467	90	0	5	0.2175	46.0	230.0	0.3333333333333333
31468	302	0	5	0.7475	106.0	530.0	0.6666666666666666
31469	109	0	5	0.265	93.0	465.0	0.3333333333333333
31470	56	0	5	0.1325	44.4	222.0	0.3333333333333333
31471	357	0	5	0.885	265.4	1327.0	0.6666666666666666
31472	68	0	5	0.1625	57.0	285.0	0.3333333333333333
31473	315	0	5	0.78	271.6	1358.0	0.6666666666666666
31474	3	0	5	0.0025	0.2	1.0	0.3333333333333333
31475	292	0	5	0.7225	248.6	1243.0	0.3333333333333333
31476	255	0	5	0.63	133.0	665.0	0.6666666666666666
31477	331	0	5	0.82	73.0	365.0	0.3333333333333333
31478	125	0	5	0.305	80.6	403.0	0.3333333333333333
31479	287	0	5	0.71	142.8	714.0	0.6666666666666666
31480	14	0	5	0.0275	12.0	60.0	0.0
31481	303	0	5	0.75	176.6	883.0	0.6666666666666666
31482	97	0	5	0.235	63.4	317.0	0.3333333333333333
31483	219	0	5	0.54	154.6	773.0	0.3333333333333333
31484	69	0	5	0.165	51.0	255.0	0.3333333333333333
31485	52	0	5	0.1225	36.8	184.0	0.3333333333333333
31486	388	0	5	0.9625	228.4	1142.0	0.6666666666666666
31487	306	0	5	0.7575	133.8	669.0	0.6666666666666666
31488	59	0	5	0.14	57.0	285.0	0.0
31489	140	0	5	0.3425	84.4	422.0	0.3333333333333333
31490	399	0	5	0.99	119.8	599.0	0.6666666666666666
31491	162	0	5	0.3975	110.0	550.0	0.0
31492	353	1	4	0.88	180.8	904.0	1.0
31493	243	0	5	0.6	69.0	345.0	0.6666666666666666
31494	123	0	5	0.3	49.6	248.0	0.3333333333333333
31495	318	0	5	0.7875	270.2	1351.0	0.3333333333333333
31496	361	0	5	0.895	227.4	1137.0	0.6666666666666666
31497	87	0	5	0.21	85.0	425.0	0.0
31498	259	0	5	0.64	140.0	700.0	0.0
31499	258	0	5	0.6375	212.8	1064.0	0.3333333333333333
31500	129	0	5	0.315	119.2	596.0	0.3333333333333333
31501	72	0	5	0.1725	60.4	302.0	0.3333333333333333
31502	121	0	5	0.295	59.8	299.0	0.0
31503	375	0	5	0.93	103.8	519.0	0.6666666666666666
31504	313	0	5	0.775	206.8	1034.0	0.6666666666666666
31505	300	0	5	0.7425	298.0	1490.0	0.6666666666666666
31506	320	0	5	0.7925	195.2	976.0	0.6666666666666666
31507	348	1	4	0.8675	91.4	457.0	1.0
31508	304	0	5	0.7525	89.0	445.0	0.6666666666666666
31509	139	0	5	0.34	81.2	406.0	0.3333333333333333
31510	234	0	5	0.5775	146.2	731.0	0.3333333333333333
31511	205	0	5	0.505	166.0	830.0	0.0
31512	63	0	5	0.15	61.0	305.0	0.0
31513	349	0	5	0.865	308.2	1541.0	0.0
31514	347	0	5	0.86	154.0	770.0	0.6666666666666666
31515	206	0	5	0.5075	180.6	903.0	0.6666666666666666
31516	397	0	5	0.985	177.4	887.0	0.6666666666666666
31517	399	0	5	0.99	102.6	513.0	0.6666666666666666
31518	112	0	5	0.2725	96.4	482.0	0.3333333333333333
31519	292	0	5	0.7225	164.6	823.0	0.3333333333333333
31520	381	0	5	0.945	159.0	795.0	0.6666666666666666
31521	17	0	5	0.035	13.8	69.0	0.3333333333333333
31522	196	0	5	0.4825	138.8	694.0	0.6666666666666666
31523	302	0	5	0.7475	168.4	842.0	0.3333333333333333
31524	198	0	5	0.4875	111.8	559.0	0.6666666666666666
31525	176	0	5	0.4325	98.0	490.0	0.3333333333333333
31526	366	0	5	0.9075	215.4	1077.0	0.6666666666666666
31527	338	0	5	0.8375	228.8	1144.0	0.6666666666666666
31528	355	1	4	0.885	339.0	1695.0	1.0
31529	386	0	5	0.9575	345.0	1725.0	0.6666666666666666
31530	356	0	5	0.8825	141.8	709.0	0.3333333333333333
31531	123	0	5	0.3	104.6	523.0	0.0
31532	322	0	5	0.7975	171.0	855.0	0.6666666666666666
31533	24	0	5	0.0525	22.0	110.0	0.0
31534	217	0	5	0.535	203.0	1015.0	0.0
31535	389	0	5	0.965	303.6	1518.0	0.6666666666666666
31536	113	0	5	0.275	111.0	555.0	0.0
31537	220	0	5	0.5425	165.0	825.0	0.3333333333333333
31538	387	0	5	0.96	117.8	589.0	0.3333333333333333
31539	37	0	5	0.085	35.0	175.0	0.0
31540	347	1	4	0.865	162.4	812.0	1.0
31541	48	0	5	0.1125	46.0	230.0	0.0
31542	271	0	5	0.67	229.0	1145.0	0.6666666666666666
31543	78	0	5	0.1875	76.0	380.0	0.0
31544	60	0	5	0.1425	58.0	290.0	0.0
31545	394	0	5	0.9775	220.2	1101.0	0.6666666666666666
31546	38	0	5	0.0875	30.4	152.0	0.0
31547	281	0	5	0.695	193.4	967.0	0.3333333333333333
31548	8	0	5	0.0125	6.0	30.0	0.0
31549	334	0	5	0.8275	173.8	869.0	0.6666666666666666
31550	227	0	5	0.56	175.4	877.0	0.0
31551	45	0	5	0.105	43.0	215.0	0.0
31552	365	0	5	0.905	179.2	896.0	0.6666666666666666
31553	293	0	5	0.725	111.8	559.0	0.6666666666666666
31554	233	0	5	0.575	134.2	671.0	0.3333333333333333
31555	126	0	5	0.3075	112.4	562.0	0.3333333333333333
31556	215	0	5	0.53	213.0	1065.0	0.3333333333333333
31557	141	0	5	0.345	139.0	695.0	0.0
31558	212	0	5	0.5225	62.0	310.0	0.3333333333333333
31559	93	0	5	0.225	91.0	455.0	0.0
31560	382	0	5	0.9475	261.2	1306.0	0.3333333333333333
31561	152	0	5	0.3725	126.6	633.0	0.6666666666666666
31562	204	0	5	0.5025	155.6	778.0	0.6666666666666666
31563	48	0	5	0.1125	44.4	222.0	0.0
31564	239	0	5	0.59	169.4	847.0	0.6666666666666666
31565	273	0	5	0.675	101.4	507.0	0.3333333333333333
31566	343	0	5	0.85	300.2	1501.0	0.3333333333333333
31567	103	0	5	0.25	20.6	103.0	0.3333333333333333
31568	331	0	5	0.82	236.0	1180.0	0.6666666666666666
31569	102	0	5	0.2475	88.0	440.0	0.0
31570	155	1	4	0.385	104.2	521.0	1.0
31571	23	0	5	0.05	12.6	63.0	0.3333333333333333
31572	226	1	4	0.5625	92.6	463.0	1.0
31573	180	0	5	0.4425	85.2	426.0	0.3333333333333333
31574	69	0	5	0.165	64.2	321.0	0.0
31575	37	0	5	0.085	34.4	172.0	0.3333333333333333
31576	228	1	4	0.5675	154.8	774.0	1.0
31577	114	0	5	0.2775	110.4	552.0	0.3333333333333333
31578	297	1	4	0.74	247.4	1237.0	1.0
31579	145	0	5	0.355	115.8	579.0	0.6666666666666666
31580	381	0	5	0.945	150.0	750.0	0.6666666666666666
31581	253	0	5	0.625	196.6	983.0	0.3333333333333333
31582	46	0	5	0.1075	26.0	130.0	0.0
31583	350	1	4	0.8725	168.4	842.0	1.0
31584	39	0	5	0.09	37.0	185.0	0.0
31585	256	0	5	0.6325	162.6	813.0	0.3333333333333333
31586	311	1	4	0.775	158.6	793.0	1.0
31587	88	0	5	0.2125	69.2	346.0	0.3333333333333333
31588	140	0	5	0.3425	54.8	274.0	0.0
31589	242	0	5	0.5975	113.2	566.0	0.3333333333333333
31590	367	0	5	0.91	140.4	702.0	0.6666666666666666
31591	228	0	5	0.5625	188.2	941.0	0.3333333333333333
31592	327	0	5	0.81	211.0	1055.0	0.3333333333333333
31593	316	0	5	0.7825	154.8	774.0	0.3333333333333333
31594	13	0	5	0.025	11.0	55.0	0.0
31595	50	0	5	0.1175	48.0	240.0	0.0
31596	145	1	4	0.36	70.6	353.0	1.0
31597	240	0	5	0.5925	177.6	888.0	0.3333333333333333
31598	130	0	5	0.3175	120.8	604.0	0.3333333333333333
31599	308	0	5	0.7625	277.4	1387.0	0.3333333333333333
31600	7	0	5	0.01	1.2	6.0	0.3333333333333333
31601	10	0	5	0.0175	8.0	40.0	0.0
31602	209	0	5	0.515	100.6	503.0	0.3333333333333333
31603	16	0	5	0.0325	14.0	70.0	0.0
31604	272	0	5	0.6725	237.2	1186.0	0.6666666666666666
31605	136	0	5	0.3325	114.0	570.0	0.3333333333333333
31606	294	0	5	0.7275	179.6	898.0	0.3333333333333333
31607	154	0	5	0.3775	122.6	613.0	0.3333333333333333
31608	145	0	5	0.355	61.4	307.0	0.3333333333333333
31609	56	0	5	0.1325	16.4	82.0	0.3333333333333333
31610	268	0	5	0.6625	139.8	699.0	0.3333333333333333
31611	110	0	5	0.2675	97.8	489.0	0.3333333333333333
31612	103	0	5	0.25	69.8	349.0	0.3333333333333333
31613	236	0	5	0.5825	162.6	813.0	0.3333333333333333
31614	9	0	5	0.015	7.0	35.0	0.0
31615	277	0	5	0.685	145.0	725.0	0.6666666666666666
31616	213	0	5	0.525	112.0	560.0	0.6666666666666666
31617	207	0	5	0.51	177.8	889.0	0.6666666666666666
31618	375	0	5	0.93	124.4	622.0	0.6666666666666666
31619	271	0	5	0.67	173.6	868.0	0.6666666666666666
31620	54	0	5	0.1275	52.0	260.0	0.0
31621	128	0	5	0.3125	76.8	384.0	0.3333333333333333
31622	374	0	5	0.9275	145.2	726.0	0.6666666666666666
31623	196	1	3	0.4875	142.0	710.0	1.0
31624	3	0	5	0.0025	0.4	2.0	0.3333333333333333
31625	14	0	5	0.0275	12.0	60.0	0.0
31626	287	0	5	0.71	226.6	1133.0	0.6666666666666666
31627	256	0	5	0.6325	234.6	1173.0	0.0
31628	301	0	5	0.745	135.8	679.0	0.3333333333333333
31629	363	0	5	0.9	265.4	1327.0	0.6666666666666666
31630	338	1	4	0.8425	187.8	939.0	1.0
31631	46	0	5	0.1075	30.8	154.0	0.0
31632	368	0	5	0.9125	268.4	1342.0	0.6666666666666666
31633	298	0	5	0.7375	153.8	769.0	0.6666666666666666
31634	205	0	5	0.505	181.4	907.0	0.3333333333333333
31635	110	0	5	0.2675	64.0	320.0	0.3333333333333333
31636	152	0	5	0.3725	94.4	472.0	0.6666666666666666
31637	26	0	5	0.0575	24.0	120.0	0.0
31638	57	0	5	0.135	43.4	217.0	0.3333333333333333
31639	375	0	5	0.93	170.8	854.0	0.6666666666666666
31640	206	0	5	0.5075	141.2	706.0	0.3333333333333333
31641	248	1	4	0.6175	185.8	929.0	1.0
31642	165	0	5	0.405	75.4	377.0	0.3333333333333333
31643	374	0	5	0.9275	134.8	674.0	0.6666666666666666
31644	211	0	5	0.52	136.6	683.0	0.3333333333333333
31645	7	0	5	0.01	5.0	25.0	0.0
31646	126	0	5	0.3075	80.8	404.0	0.3333333333333333
31647	14	0	5	0.0275	8.0	40.0	0.3333333333333333
31648	374	0	5	0.9275	111.2	556.0	0.6666666666666666
31649	13	0	5	0.025	11.0	55.0	0.0
31650	167	0	5	0.41	98.8	494.0	0.3333333333333333
31651	166	0	5	0.4075	100.0	500.0	0.3333333333333333
31652	224	0	5	0.5525	221.2	1106.0	0.6666666666666666
31653	332	0	5	0.8225	116.6	583.0	0.6666666666666666
31654	95	1	4	0.235	77.6	388.0	1.0
31655	124	0	5	0.3025	79.6	398.0	0.3333333333333333
31656	293	0	5	0.725	252.0	1260.0	0.3333333333333333
31657	7	0	5	0.01	5.0	25.0	0.0
31658	287	0	5	0.71	246.6	1233.0	0.6666666666666666
31659	382	0	5	0.9475	170.4	852.0	0.6666666666666666
31660	174	0	5	0.4275	80.2	401.0	0.3333333333333333
31661	43	0	5	0.1	41.0	205.0	0.0
31662	81	0	5	0.195	63.8	319.0	0.3333333333333333
31663	67	0	5	0.16	29.8	149.0	0.3333333333333333
31664	174	0	5	0.4275	157.2	786.0	0.3333333333333333
31665	46	0	5	0.1075	44.0	220.0	0.0
31666	128	0	5	0.3125	70.6	353.0	0.6666666666666666
31667	45	0	5	0.105	43.0	215.0	0.0
31668	297	0	5	0.735	159.8	799.0	0.6666666666666666
31669	313	0	5	0.775	246.2	1231.0	0.3333333333333333
31670	275	1	4	0.685	237.6	1188.0	1.0
31671	251	0	5	0.62	121.0	605.0	0.6666666666666666
31672	368	0	5	0.9125	102.4	512.0	0.6666666666666666
31673	336	0	5	0.8325	143.8	719.0	0.6666666666666666
31674	240	0	5	0.5925	148.4	742.0	0.3333333333333333
31675	186	0	5	0.4575	172.6	863.0	0.3333333333333333
31676	85	0	5	0.205	69.8	349.0	0.0
31677	57	0	5	0.135	54.8	274.0	0.0
31678	225	1	4	0.56	95.8	479.0	1.0
31679	203	0	5	0.5	165.0	825.0	0.3333333333333333
31680	279	0	5	0.69	117.4	587.0	0.3333333333333333
31681	105	0	5	0.255	103.0	515.0	0.0
31682	298	0	5	0.7375	254.4	1272.0	0.3333333333333333
31683	116	0	5	0.2825	82.0	410.0	0.3333333333333333
31684	322	1	2	0.8025	258.2	1291.0	1.0
31685	226	0	5	0.5575	147.0	735.0	0.3333333333333333
31686	265	0	5	0.655	174.2	871.0	0.6666666666666666
31687	215	1	4	0.535	102.8	514.0	1.0
31688	358	0	5	0.8875	243.0	1215.0	0.3333333333333333
31689	326	0	5	0.8075	303.0	1515.0	0.0
31690	208	0	5	0.5125	133.2	666.0	0.6666666666666666
31691	357	1	4	0.89	206.2	1031.0	1.0
31692	271	0	5	0.67	141.0	705.0	0.3333333333333333
31693	220	1	4	0.5475	114.4	572.0	1.0
31694	325	0	5	0.805	162.2	811.0	0.6666666666666666
31695	228	0	5	0.5625	104.4	522.0	0.6666666666666666
31696	261	0	5	0.645	163.8	819.0	0.6666666666666666
31697	330	0	5	0.8175	132.4	662.0	0.3333333333333333
31698	103	0	5	0.25	93.8	469.0	0.0
31699	89	0	5	0.215	69.6	348.0	0.6666666666666666
31700	312	0	5	0.7725	180.6	903.0	0.6666666666666666
31701	360	0	5	0.8925	151.0	755.0	0.6666666666666666
31702	96	0	5	0.2325	74.8	374.0	0.3333333333333333
31703	39	0	5	0.09	37.0	185.0	0.0
31704	236	1	4	0.5875	105.4	527.0	1.0
31705	257	0	5	0.635	155.0	775.0	0.6666666666666666
31706	397	0	5	0.985	290.0	1450.0	0.6666666666666666
31707	353	0	5	0.875	188.4	942.0	0.6666666666666666
31708	123	0	5	0.3	75.4	377.0	0.3333333333333333
31709	305	0	5	0.755	121.4	607.0	0.0
31710	305	0	5	0.755	257.6	1288.0	0.3333333333333333
31711	140	0	5	0.3425	134.4	672.0	0.0
31712	336	0	5	0.8325	182.6	913.0	0.6666666666666666
31713	323	0	5	0.8	122.6	613.0	0.3333333333333333
31714	308	0	5	0.7625	261.8	1309.0	0.6666666666666666
31715	158	0	5	0.3875	65.2	326.0	0.6666666666666666
31716	64	0	5	0.1525	48.4	242.0	0.3333333333333333
31717	258	0	5	0.6375	167.2	836.0	0.6666666666666666
31718	284	0	5	0.7025	159.2	796.0	0.6666666666666666
31719	189	0	5	0.465	84.6	423.0	0.3333333333333333
31720	127	0	5	0.31	88.2	441.0	0.3333333333333333
31721	247	0	5	0.61	165.8	829.0	0.3333333333333333
31722	398	0	5	0.9875	215.4	1077.0	0.6666666666666666
31723	120	0	5	0.2925	73.2	366.0	0.3333333333333333
31724	337	0	5	0.835	141.4	707.0	0.6666666666666666
31725	338	0	5	0.8375	114.8	574.0	0.6666666666666666
31726	242	0	5	0.5975	149.0	745.0	0.3333333333333333
31727	374	1	4	0.9325	99.6	498.0	1.0
31728	283	0	5	0.7	111.8	559.0	0.6666666666666666
31729	180	0	5	0.4425	140.8	704.0	0.0
31730	337	0	5	0.835	188.0	940.0	0.3333333333333333
31731	397	0	5	0.985	212.8	1064.0	0.6666666666666666
31732	22	0	5	0.0475	20.0	100.0	0.0
31733	140	0	5	0.3425	48.2	241.0	0.3333333333333333
31734	305	0	5	0.755	121.8	609.0	0.3333333333333333
31735	246	0	5	0.6075	157.6	788.0	0.6666666666666666
31736	287	0	5	0.71	161.0	805.0	0.3333333333333333
31737	77	0	5	0.185	61.0	305.0	0.3333333333333333
31738	280	0	5	0.6925	208.4	1042.0	0.6666666666666666
31739	278	0	5	0.6875	174.0	870.0	0.0
31740	364	0	5	0.9025	212.6	1063.0	0.6666666666666666
31741	21	0	5	0.045	19.0	95.0	0.0
31742	333	0	5	0.825	201.8	1009.0	0.6666666666666666
31743	212	0	5	0.5225	180.0	900.0	0.3333333333333333
31744	177	0	5	0.435	175.0	875.0	0.0
31745	330	0	5	0.8175	167.8	839.0	0.6666666666666666
31746	338	0	5	0.8375	150.4	752.0	0.6666666666666666
31747	126	0	5	0.3075	54.4	272.0	0.6666666666666666
31748	237	0	5	0.585	130.2	651.0	0.6666666666666666
31749	337	0	5	0.835	152.6	763.0	0.6666666666666666
31750	59	0	5	0.14	57.0	285.0	0.0
31751	360	0	5	0.8925	268.8	1344.0	0.3333333333333333
31752	127	0	5	0.31	82.4	412.0	0.3333333333333333
31753	285	0	5	0.705	185.2	926.0	0.6666666666666666
31754	56	0	5	0.1325	19.6	98.0	0.3333333333333333
31755	181	0	5	0.445	147.8	739.0	0.0
31756	161	0	5	0.395	109.4	547.0	0.3333333333333333
31757	77	0	5	0.185	75.0	375.0	0.0
31758	158	0	5	0.3875	80.4	402.0	0.6666666666666666
31759	248	0	5	0.6125	186.0	930.0	0.3333333333333333
31760	213	0	5	0.525	123.2	616.0	0.3333333333333333
31761	61	0	5	0.145	59.0	295.0	0.0
31762	91	0	5	0.22	85.0	425.0	0.0
31763	73	0	5	0.175	71.0	355.0	0.0
31764	305	0	5	0.755	169.8	849.0	0.3333333333333333
31765	188	0	5	0.4625	107.6	538.0	0.0
31766	41	0	5	0.095	19.0	95.0	0.3333333333333333
31767	198	0	5	0.4875	148.4	742.0	0.6666666666666666
31768	77	0	5	0.185	75.0	375.0	0.0
31769	218	0	5	0.5375	177.0	885.0	0.3333333333333333
31770	221	0	5	0.545	144.2	721.0	0.3333333333333333
31771	143	0	5	0.35	83.8	419.0	0.3333333333333333
31772	294	0	5	0.7275	105.6	528.0	0.3333333333333333
31773	214	0	5	0.5275	99.8	499.0	0.0
31774	145	0	5	0.355	121.8	609.0	0.0
31775	309	0	5	0.765	291.6	1458.0	0.3333333333333333
31776	59	0	5	0.14	57.0	285.0	0.0
31777	332	0	5	0.8225	212.4	1062.0	0.0
31778	322	0	5	0.7975	268.0	1340.0	0.6666666666666666
31779	129	0	5	0.315	65.4	327.0	0.3333333333333333
31780	123	0	5	0.3	121.0	605.0	0.0
31781	85	0	5	0.205	75.0	375.0	0.0
31782	341	0	5	0.845	166.6	833.0	0.6666666666666666
31783	66	0	5	0.1575	62.0	310.0	0.0
31784	142	0	5	0.3475	71.2	356.0	0.3333333333333333
31785	272	1	4	0.6775	119.6	598.0	1.0
31786	158	0	5	0.3875	154.6	773.0	0.3333333333333333
31787	233	0	5	0.575	116.4	582.0	0.6666666666666666
31788	123	0	5	0.3	80.8	404.0	0.6666666666666666
31789	245	0	5	0.605	163.8	819.0	0.3333333333333333
31790	181	0	5	0.445	179.0	895.0	0.0
31791	196	0	5	0.4825	108.0	540.0	0.3333333333333333
31792	146	0	5	0.3575	138.4	692.0	0.3333333333333333
31793	189	0	5	0.465	86.8	434.0	0.0
31794	82	0	5	0.1975	33.2	166.0	0.3333333333333333
31795	136	0	5	0.3325	57.2	286.0	0.3333333333333333
31796	334	0	5	0.8275	231.2	1156.0	0.6666666666666666
31797	197	1	4	0.49	51.4	257.0	1.0
31798	82	0	5	0.1975	50.0	250.0	0.3333333333333333
31799	273	0	5	0.675	186.6	933.0	0.0
31800	277	0	5	0.685	209.4	1047.0	0.3333333333333333
31801	111	0	5	0.27	101.0	505.0	0.0
31802	158	0	5	0.3875	98.8	494.0	0.6666666666666666
31803	61	0	5	0.145	59.0	295.0	0.0
31804	241	1	4	0.6	140.0	700.0	1.0
31805	65	0	5	0.155	63.0	315.0	0.0
31806	238	0	5	0.5875	197.8	989.0	0.3333333333333333
31807	341	0	5	0.845	271.6	1358.0	0.6666666666666666
31808	40	0	5	0.0925	38.0	190.0	0.0
31809	239	0	5	0.59	143.0	715.0	0.0
31810	178	0	5	0.4375	176.0	880.0	0.0
31811	196	0	5	0.4825	99.6	498.0	0.0
31812	24	0	5	0.0525	22.0	110.0	0.0
31813	166	0	5	0.4075	43.0	215.0	0.3333333333333333
31814	313	0	5	0.775	280.4	1402.0	0.6666666666666666
31815	293	0	5	0.725	194.6	973.0	0.6666666666666666
31816	39	0	5	0.09	37.0	185.0	0.0
31817	262	1	4	0.6525	98.8	494.0	1.0
31818	293	0	5	0.725	119.0	595.0	0.6666666666666666
31819	151	0	5	0.37	49.0	245.0	0.3333333333333333
31820	143	0	5	0.35	85.2	426.0	0.3333333333333333
31821	92	0	5	0.2225	60.8	304.0	0.0
31822	24	0	5	0.0525	22.0	110.0	0.0
31823	73	0	5	0.175	55.8	279.0	0.0
31824	285	1	4	0.71	145.6	728.0	1.0
31825	175	0	5	0.43	128.2	641.0	0.0
31826	134	0	5	0.3275	92.8	464.0	0.3333333333333333
31827	129	0	5	0.315	83.0	415.0	0.3333333333333333
31828	135	0	5	0.33	57.6	288.0	0.6666666666666666
31829	379	0	5	0.94	237.8	1189.0	0.6666666666666666
31830	92	0	5	0.2225	90.0	450.0	0.0
31831	373	1	4	0.93	217.0	1085.0	1.0
31832	145	0	5	0.355	138.6	693.0	0.0
31833	372	0	5	0.9225	218.2	1091.0	0.6666666666666666
31834	132	0	5	0.3225	125.2	626.0	0.0
31835	401	0	5	0.995	243.0	1215.0	0.6666666666666666
31836	196	0	5	0.4825	185.8	929.0	0.0
31837	153	0	5	0.375	34.2	171.0	0.6666666666666666
31838	155	0	5	0.38	115.6	578.0	0.3333333333333333
31839	351	0	5	0.87	166.0	830.0	0.6666666666666666
31840	330	0	5	0.8175	233.4	1167.0	0.3333333333333333
31841	136	0	5	0.3325	134.0	670.0	0.0
31842	198	0	5	0.4875	187.6	938.0	0.3333333333333333
31843	13	0	5	0.025	11.0	55.0	0.0
31844	90	0	5	0.2175	88.0	440.0	0.0
31845	174	0	5	0.4275	140.0	700.0	0.6666666666666666
31846	261	0	5	0.645	211.8	1059.0	0.6666666666666666
31847	178	0	5	0.4375	109.2	546.0	0.0
31848	114	0	5	0.2775	112.0	560.0	0.0
31849	62	0	5	0.1475	27.4	137.0	0.3333333333333333
31850	275	0	5	0.68	144.6	723.0	0.6666666666666666
31851	342	0	5	0.8475	180.4	902.0	0.3333333333333333
31852	322	0	5	0.7975	184.0	920.0	0.6666666666666666
31853	77	0	5	0.185	56.8	284.0	0.3333333333333333
31854	102	0	5	0.2475	80.4	402.0	0.3333333333333333
31855	266	0	5	0.6575	210.4	1052.0	0.6666666666666666
31856	108	0	5	0.2625	61.2	306.0	0.3333333333333333
31857	113	0	5	0.275	111.0	555.0	0.0
31858	43	0	5	0.1	41.0	205.0	0.0
31859	153	0	5	0.375	141.4	707.0	0.6666666666666666
31860	275	0	5	0.68	72.6	363.0	0.3333333333333333
31861	101	0	5	0.245	30.2	151.0	0.3333333333333333
31862	370	0	5	0.9175	278.4	1392.0	0.6666666666666666
31863	170	0	5	0.4175	114.8	574.0	0.3333333333333333
31864	235	0	5	0.58	233.0	1165.0	0.3333333333333333
31865	221	0	5	0.545	162.0	810.0	0.3333333333333333
31866	40	0	5	0.0925	38.0	190.0	0.0
31867	50	0	5	0.1175	48.0	240.0	0.0
31868	270	0	5	0.6675	145.2	726.0	0.3333333333333333
31869	117	0	5	0.285	88.0	440.0	0.3333333333333333
31870	302	1	4	0.7525	177.0	885.0	1.0
31871	92	0	5	0.2225	70.0	350.0	0.3333333333333333
31872	92	0	5	0.2225	57.6	288.0	0.3333333333333333
31873	85	0	5	0.205	83.0	415.0	0.0
31874	315	0	5	0.78	143.2	716.0	0.6666666666666666
31875	159	0	5	0.39	75.4	377.0	0.0
31876	87	0	5	0.21	61.0	305.0	0.3333333333333333
31877	311	1	4	0.775	236.4	1182.0	1.0
31878	216	0	5	0.5325	175.6	878.0	0.3333333333333333
31879	342	1	4	0.8525	217.6	1088.0	1.0
31880	225	0	5	0.555	159.6	798.0	0.3333333333333333
31881	373	0	5	0.925	129.4	647.0	0.6666666666666666
31882	35	0	5	0.08	30.6	153.0	0.3333333333333333
31883	144	0	5	0.3525	120.4	602.0	0.0
31884	22	0	5	0.0475	20.0	100.0	0.0
31885	223	0	5	0.55	221.0	1105.0	0.3333333333333333
31886	29	0	5	0.065	19.8	99.0	0.3333333333333333
31887	299	0	5	0.74	187.8	939.0	0.3333333333333333
31888	191	0	5	0.47	130.8	654.0	0.3333333333333333
31889	177	0	5	0.435	175.0	875.0	0.3333333333333333
31890	297	1	4	0.74	154.8	774.0	1.0
31891	254	0	5	0.6275	147.0	735.0	0.3333333333333333
31892	242	0	5	0.5975	146.4	732.0	0.3333333333333333
31893	143	0	5	0.35	109.4	547.0	0.3333333333333333
31894	337	1	4	0.84	214.2	1071.0	1.0
31895	82	0	5	0.1975	80.0	400.0	0.0
31896	165	0	5	0.405	81.6	408.0	0.3333333333333333
31897	128	0	5	0.3125	72.6	363.0	0.3333333333333333
31898	116	0	5	0.2825	86.4	432.0	0.3333333333333333
31899	189	0	5	0.465	56.4	282.0	0.6666666666666666
31900	307	0	5	0.76	201.2	1006.0	0.6666666666666666
31901	297	1	4	0.74	217.8	1089.0	1.0
31902	305	0	5	0.755	203.4	1017.0	0.3333333333333333
31903	34	0	5	0.0775	32.0	160.0	0.0
31904	348	0	5	0.8625	180.8	904.0	0.3333333333333333
31905	302	1	4	0.7525	157.6	788.0	1.0
31906	387	0	5	0.96	205.0	1025.0	0.6666666666666666
31907	248	0	5	0.6125	198.4	992.0	0.3333333333333333
31908	69	0	5	0.165	56.0	280.0	0.0
31909	261	0	5	0.645	255.4	1277.0	0.6666666666666666
31910	209	0	5	0.515	174.4	872.0	0.6666666666666666
31911	347	0	5	0.86	132.8	664.0	0.6666666666666666
31912	380	1	4	0.9475	203.6	1018.0	1.0
31913	313	0	5	0.775	213.2	1066.0	0.6666666666666666
31914	68	0	5	0.1625	34.2	171.0	0.3333333333333333
31915	322	0	5	0.7975	236.6	1183.0	0.6666666666666666
31916	312	0	5	0.7725	177.6	888.0	0.6666666666666666
31917	266	0	5	0.6575	156.6	783.0	0.3333333333333333
31918	379	0	5	0.94	255.0	1275.0	0.6666666666666666
31919	299	0	5	0.74	200.0	1000.0	0.6666666666666666
31920	193	0	5	0.475	135.2	676.0	0.3333333333333333
31921	224	0	5	0.5525	208.2	1041.0	0.3333333333333333
31922	46	0	5	0.1075	44.0	220.0	0.0
31923	376	0	5	0.9325	243.2	1216.0	0.6666666666666666
31924	147	0	5	0.36	102.6	513.0	0.3333333333333333
31925	271	1	4	0.675	235.2	1176.0	1.0
31926	265	0	5	0.655	120.4	602.0	0.6666666666666666
31927	70	0	5	0.1675	66.2	331.0	0.3333333333333333
31928	176	0	5	0.4325	85.2	426.0	0.3333333333333333
31929	190	0	5	0.4675	74.8	374.0	0.3333333333333333
31930	357	1	4	0.89	107.4	537.0	1.0
31931	227	0	5	0.56	142.2	711.0	0.0
31932	272	0	5	0.6725	116.8	584.0	0.3333333333333333
31933	87	0	5	0.21	79.0	395.0	0.0
31934	267	0	5	0.66	182.2	911.0	0.6666666666666666
31935	115	0	5	0.28	113.0	565.0	0.0
31936	149	1	4	0.37	76.0	380.0	1.0
31937	316	0	5	0.7825	240.8	1204.0	0.3333333333333333
31938	321	0	5	0.795	220.2	1101.0	0.0
31939	24	0	5	0.0525	22.0	110.0	0.0
31940	275	1	4	0.685	103.0	515.0	1.0
31941	248	0	5	0.6125	174.0	870.0	0.3333333333333333
31942	228	0	5	0.5625	212.6	1063.0	0.0
31943	277	1	4	0.69	125.8	629.0	1.0
31944	251	0	5	0.62	159.4	797.0	0.0
31945	6	0	5	0.0075	4.0	20.0	0.0
31946	338	0	5	0.8375	240.4	1202.0	0.3333333333333333
31947	36	0	5	0.0825	34.0	170.0	0.0
31948	326	0	5	0.8075	263.4	1317.0	0.6666666666666666
31949	102	0	5	0.2475	74.8	374.0	0.6666666666666666
31950	270	0	5	0.6675	196.6	983.0	0.6666666666666666
31951	287	0	5	0.71	207.4	1037.0	0.3333333333333333
31952	175	0	5	0.43	102.8	514.0	0.6666666666666666
31953	9	0	5	0.015	7.0	35.0	0.0
31954	289	0	5	0.715	165.2	826.0	0.6666666666666666
31955	27	0	5	0.06	25.0	125.0	0.0
31956	196	0	5	0.4825	150.4	752.0	0.0
31957	129	0	5	0.315	31.0	155.0	0.3333333333333333
31958	118	0	5	0.2875	78.2	391.0	0.0
31959	139	0	5	0.34	120.8	604.0	0.3333333333333333
31960	359	1	4	0.895	261.4	1307.0	1.0
31961	225	0	5	0.555	150.6	753.0	0.3333333333333333
31962	262	1	4	0.6525	84.4	422.0	1.0
31963	293	0	5	0.725	238.0	1190.0	0.6666666666666666
31964	347	0	5	0.86	88.2	441.0	0.6666666666666666
31965	108	0	5	0.2625	105.4	527.0	0.3333333333333333
31966	324	0	5	0.8025	279.2	1396.0	0.6666666666666666
31967	151	0	5	0.37	115.4	577.0	0.6666666666666666
31968	316	0	5	0.7825	166.8	834.0	0.3333333333333333
31969	353	0	5	0.875	207.4	1037.0	0.6666666666666666
31970	86	0	5	0.2075	84.0	420.0	0.0
31971	324	0	5	0.8025	250.2	1251.0	0.6666666666666666
31972	36	0	5	0.0825	34.0	170.0	0.0
31973	384	1	4	0.9575	83.2	416.0	1.0
31974	17	0	5	0.035	15.0	75.0	0.0
31975	164	0	5	0.4025	83.6	418.0	0.3333333333333333
31976	159	0	5	0.39	111.4	557.0	0.0
31977	99	0	5	0.24	41.8	209.0	0.3333333333333333
31978	18	0	5	0.0375	16.0	80.0	0.0
31979	26	0	5	0.0575	24.0	120.0	0.0
31980	257	0	5	0.635	110.2	551.0	0.3333333333333333
31981	390	0	5	0.9675	229.2	1146.0	0.6666666666666666
31982	302	0	5	0.7475	126.0	630.0	0.6666666666666666
31983	277	1	4	0.69	125.6	628.0	1.0
31984	282	0	5	0.6975	133.8	669.0	0.6666666666666666
31985	139	0	5	0.34	124.2	621.0	0.3333333333333333
31986	287	0	5	0.71	168.4	842.0	0.6666666666666666
31987	40	0	5	0.0925	35.2	176.0	0.0
31988	273	0	5	0.675	258.6	1293.0	0.0
31989	243	0	5	0.6	131.0	655.0	0.3333333333333333
31990	83	0	5	0.2	57.0	285.0	0.0
31991	201	0	5	0.495	187.4	937.0	0.0
31992	69	0	5	0.165	52.2	261.0	0.3333333333333333
31993	60	0	5	0.1425	58.0	290.0	0.0
31994	52	0	5	0.1225	50.0	250.0	0.0
31995	35	0	5	0.08	23.4	117.0	0.3333333333333333
31996	396	1	4	0.9875	148.0	740.0	1.0
31997	315	0	5	0.78	248.8	1244.0	0.0
31998	78	1	4	0.1925	44.8	224.0	1.0
31999	291	0	5	0.72	83.4	417.0	0.6666666666666666
32000	169	0	5	0.415	87.2	436.0	0.3333333333333333
32001	319	1	4	0.795	186.0	930.0	1.0
32002	318	1	4	0.7925	239.4	1197.0	1.0
32003	385	0	5	0.955	253.8	1269.0	0.6666666666666666
32004	246	0	5	0.6075	243.6	1218.0	0.3333333333333333
32005	25	0	5	0.055	15.8	79.0	0.6666666666666666
32006	86	0	5	0.2075	78.6	393.0	0.3333333333333333
32007	327	1	4	0.815	92.6	463.0	1.0
32008	21	0	5	0.045	18.4	92.0	0.0
32009	296	0	5	0.7325	138.4	692.0	0.6666666666666666
32010	285	0	5	0.705	274.0	1370.0	0.3333333333333333
32011	87	0	5	0.21	52.6	263.0	0.0
32012	157	0	5	0.385	102.2	511.0	0.3333333333333333
32013	340	0	5	0.8425	150.2	751.0	0.6666666666666666
32014	310	0	5	0.7675	110.4	552.0	0.6666666666666666
32015	379	0	5	0.94	207.8	1039.0	0.6666666666666666
32016	367	0	5	0.91	294.8	1474.0	0.6666666666666666
32017	331	1	4	0.825	111.8	559.0	1.0
32018	220	0	5	0.5425	174.8	874.0	0.3333333333333333
32019	284	0	5	0.7025	158.4	792.0	0.3333333333333333
32020	144	0	5	0.3525	142.0	710.0	0.0
32021	257	0	5	0.635	112.8	564.0	0.6666666666666666
32022	254	0	5	0.6275	154.8	774.0	0.3333333333333333
32023	317	0	5	0.785	177.8	889.0	0.6666666666666666
32024	354	0	5	0.8775	250.2	1251.0	0.3333333333333333
32025	196	0	5	0.4825	150.2	751.0	0.3333333333333333
32026	156	0	5	0.3825	105.8	529.0	0.3333333333333333
32027	139	0	5	0.34	123.0	615.0	0.0
32028	393	0	5	0.975	134.6	673.0	0.3333333333333333
32029	321	0	5	0.795	255.2	1276.0	0.6666666666666666
32030	110	0	5	0.2675	108.0	540.0	0.0
32031	258	0	5	0.6375	256.0	1280.0	0.0
32032	130	0	5	0.3175	77.0	385.0	0.3333333333333333
32033	315	0	5	0.78	228.2	1141.0	0.6666666666666666
32034	89	0	5	0.215	80.4	402.0	0.0
32035	302	1	4	0.7525	265.2	1326.0	1.0
32036	366	1	4	0.9125	82.0	410.0	1.0
32037	96	0	5	0.2325	74.0	370.0	0.3333333333333333
32038	177	0	5	0.435	132.0	660.0	0.6666666666666666
32039	373	1	4	0.93	234.2	1171.0	1.0
32040	120	0	5	0.2925	89.2	446.0	0.3333333333333333
32041	339	0	5	0.84	235.8	1179.0	0.6666666666666666
32042	172	0	5	0.4225	131.2	656.0	0.6666666666666666
32043	313	0	5	0.775	199.8	999.0	0.6666666666666666
32044	254	0	5	0.6275	82.0	410.0	0.3333333333333333
32045	277	0	5	0.685	131.6	658.0	0.3333333333333333
32046	254	0	5	0.6275	84.8	424.0	0.3333333333333333
32047	109	0	5	0.265	83.0	415.0	0.0
32048	321	0	5	0.795	161.6	808.0	0.6666666666666666
32049	329	0	5	0.815	155.0	775.0	0.3333333333333333
32050	156	0	5	0.3825	71.2	356.0	0.3333333333333333
32051	206	0	5	0.5075	178.8	894.0	0.6666666666666666
32052	252	0	5	0.6225	123.6	618.0	0.6666666666666666
32053	28	0	5	0.0625	9.2	46.0	0.3333333333333333
32054	333	0	5	0.825	170.4	852.0	0.3333333333333333
32055	342	0	5	0.8475	178.8	894.0	0.6666666666666666
32056	234	0	5	0.5775	101.0	505.0	0.6666666666666666
32057	101	1	4	0.25	67.6	338.0	1.0
32058	347	1	4	0.865	74.2	371.0	1.0
32059	385	1	4	0.96	197.0	985.0	1.0
32060	388	0	5	0.9625	147.0	735.0	0.6666666666666666
32061	26	0	5	0.0575	24.0	120.0	0.0
32062	195	0	5	0.48	158.4	792.0	0.3333333333333333
32063	31	0	5	0.07	29.0	145.0	0.0
32064	401	0	5	0.995	341.4	1707.0	0.6666666666666666
32065	288	1	4	0.7175	202.2	1011.0	1.0
32066	20	0	5	0.0425	18.0	90.0	0.0
32067	18	0	5	0.0375	12.8	64.0	0.0
32068	286	0	5	0.7075	217.0	1085.0	0.3333333333333333
32069	66	0	5	0.1575	62.4	312.0	0.3333333333333333
32070	145	0	5	0.355	141.4	707.0	0.3333333333333333
32071	113	0	5	0.275	22.8	114.0	0.0
32072	13	0	5	0.025	5.4	27.0	0.3333333333333333
32073	177	0	5	0.435	175.0	875.0	0.6666666666666666
32074	264	0	5	0.6525	259.4	1297.0	0.6666666666666666
32075	313	0	5	0.775	285.4	1427.0	0.0
32076	140	0	5	0.3425	105.6	528.0	0.6666666666666666
32077	181	0	5	0.445	150.0	750.0	0.0
32078	258	0	5	0.6375	165.6	828.0	0.3333333333333333
32079	261	0	5	0.645	155.6	778.0	0.3333333333333333
32080	130	0	5	0.3175	28.0	140.0	0.3333333333333333
32081	96	0	5	0.2325	85.2	426.0	0.3333333333333333
32082	121	0	5	0.295	110.4	552.0	0.3333333333333333
32083	342	0	5	0.8475	152.4	762.0	0.6666666666666666
32084	128	0	5	0.3125	76.6	383.0	0.3333333333333333
32085	20	0	5	0.0425	18.0	90.0	0.0
32086	203	0	5	0.5	149.8	749.0	0.6666666666666666
32087	111	0	5	0.27	61.4	307.0	0.3333333333333333
32088	45	0	5	0.105	43.0	215.0	0.0
32089	387	0	5	0.96	248.0	1240.0	0.6666666666666666
32090	346	0	5	0.8575	124.0	620.0	0.3333333333333333
32091	325	0	5	0.805	234.6	1173.0	0.3333333333333333
32092	315	0	5	0.78	96.8	484.0	0.6666666666666666
32093	345	0	5	0.855	215.4	1077.0	0.3333333333333333
32094	253	0	5	0.625	182.8	914.0	0.0
32095	279	0	5	0.69	121.8	609.0	0.3333333333333333
32096	244	0	5	0.6025	242.0	1210.0	0.0
32097	188	0	5	0.4625	120.4	602.0	0.3333333333333333
32098	11	0	5	0.02	9.0	45.0	0.0
32099	131	0	5	0.32	71.4	357.0	0.3333333333333333
32100	334	0	5	0.8275	128.8	644.0	0.6666666666666666
32101	326	0	5	0.8075	119.6	598.0	0.6666666666666666
32102	254	0	5	0.6275	216.6	1083.0	0.0
32103	335	0	5	0.83	265.2	1326.0	0.3333333333333333
32104	161	0	5	0.395	31.8	159.0	0.0
32105	267	0	5	0.66	227.4	1137.0	0.6666666666666666
32106	256	0	5	0.6325	124.4	622.0	0.6666666666666666
32107	259	1	4	0.645	145.0	725.0	1.0
32108	372	0	5	0.9225	172.4	862.0	0.6666666666666666
32109	49	0	5	0.115	26.6	133.0	0.0
32110	281	0	5	0.695	117.4	587.0	0.6666666666666666
32111	211	0	5	0.52	126.2	631.0	0.3333333333333333
32112	259	0	5	0.64	181.4	907.0	0.0
32113	168	0	5	0.4125	166.0	830.0	0.0
32114	281	0	5	0.695	173.8	869.0	0.6666666666666666
32115	340	0	5	0.8425	125.6	628.0	0.6666666666666666
32116	321	0	5	0.795	180.4	902.0	0.6666666666666666
32117	106	0	5	0.2575	78.2	391.0	0.3333333333333333
32118	100	0	5	0.2425	81.6	408.0	0.0
32119	330	0	5	0.8175	205.6	1028.0	0.6666666666666666
32120	121	0	5	0.295	35.0	175.0	0.0
32121	249	0	5	0.615	178.0	890.0	0.3333333333333333
32122	23	0	5	0.05	20.2	101.0	0.3333333333333333
32123	129	0	5	0.315	70.6	353.0	0.3333333333333333
32124	114	0	5	0.2775	106.4	532.0	0.3333333333333333
32125	181	0	5	0.445	134.8	674.0	0.3333333333333333
32126	294	0	5	0.7275	127.6	638.0	0.6666666666666666
32127	316	0	5	0.7825	176.6	883.0	0.3333333333333333
32128	191	0	5	0.47	59.4	297.0	0.6666666666666666
32129	77	0	5	0.185	75.0	375.0	0.0
32130	45	0	5	0.105	34.8	174.0	0.3333333333333333
32131	326	0	5	0.8075	190.4	952.0	0.3333333333333333
32132	321	0	5	0.795	202.8	1014.0	0.6666666666666666
32133	304	0	5	0.7525	274.8	1374.0	0.3333333333333333
32134	59	0	5	0.14	43.4	217.0	0.3333333333333333
32135	151	0	5	0.37	67.2	336.0	0.3333333333333333
32136	349	0	5	0.865	171.8	859.0	0.6666666666666666
32137	209	0	5	0.515	158.2	791.0	0.3333333333333333
32138	364	0	5	0.9025	244.2	1221.0	0.3333333333333333
32139	276	1	4	0.6875	165.2	826.0	1.0
32140	368	0	5	0.9125	287.6	1438.0	0.6666666666666666
32141	331	0	5	0.82	264.8	1324.0	0.3333333333333333
32142	107	0	5	0.26	96.4	482.0	0.3333333333333333
32143	116	0	5	0.2825	114.0	570.0	0.0
32144	219	0	5	0.54	150.2	751.0	0.3333333333333333
32145	228	0	5	0.5625	141.6	708.0	0.6666666666666666
32146	139	0	5	0.34	59.0	295.0	0.3333333333333333
32147	45	0	5	0.105	42.6	213.0	0.0
32148	374	0	5	0.9275	312.0	1560.0	0.6666666666666666
32149	24	0	5	0.0525	22.0	110.0	0.0
32150	307	1	4	0.765	134.0	670.0	1.0
32151	272	0	5	0.6725	177.6	888.0	0.6666666666666666
32152	373	0	5	0.925	210.8	1054.0	0.6666666666666666
32153	317	0	5	0.785	162.2	811.0	0.6666666666666666
32154	105	0	5	0.255	65.4	327.0	0.6666666666666666
32155	276	0	5	0.6825	163.8	819.0	0.6666666666666666
32156	269	0	5	0.665	175.8	879.0	0.6666666666666666
32157	226	0	5	0.5575	160.2	801.0	0.6666666666666666
32158	249	0	5	0.615	64.6	323.0	0.0
32159	311	0	5	0.77	229.0	1145.0	0.6666666666666666
32160	275	0	5	0.68	163.2	816.0	0.3333333333333333
32161	120	0	5	0.2925	95.4	477.0	0.3333333333333333
32162	244	0	5	0.6025	127.6	638.0	0.6666666666666666
32163	74	0	5	0.1775	72.0	360.0	0.0
32164	94	0	5	0.2275	60.4	302.0	0.3333333333333333
32165	369	0	5	0.915	258.6	1293.0	0.6666666666666666
32166	59	0	5	0.14	39.6	198.0	0.3333333333333333
32167	291	0	5	0.72	115.8	579.0	0.6666666666666666
32168	334	0	5	0.8275	231.6	1158.0	0.6666666666666666
32169	395	1	4	0.985	326.8	1634.0	1.0
32170	108	0	5	0.2625	90.6	453.0	0.3333333333333333
32171	382	1	4	0.9525	182.8	914.0	1.0
32172	313	0	5	0.775	225.2	1126.0	0.6666666666666666
32173	300	0	5	0.7425	184.0	920.0	0.6666666666666666
32174	266	1	4	0.6625	223.4	1117.0	1.0
32175	106	0	5	0.2575	69.8	349.0	0.3333333333333333
32176	384	0	5	0.9525	226.2	1131.0	0.6666666666666666
32177	251	0	5	0.62	94.6	473.0	0.3333333333333333
32178	60	0	5	0.1425	42.0	210.0	0.3333333333333333
32179	361	0	5	0.895	118.2	591.0	0.6666666666666666
32180	216	0	5	0.5325	124.8	624.0	0.6666666666666666
32181	213	0	5	0.525	102.2	511.0	0.3333333333333333
32182	131	0	5	0.32	106.2	531.0	0.0
32183	243	0	5	0.6	51.4	257.0	0.6666666666666666
32184	299	0	5	0.74	268.8	1344.0	0.3333333333333333
32185	392	0	5	0.9725	115.6	578.0	0.6666666666666666
32186	348	1	3	0.8675	242.8	1214.0	1.0
32187	330	0	5	0.8175	225.0	1125.0	0.6666666666666666
32188	7	0	5	0.01	5.0	25.0	0.0
32189	341	1	4	0.85	166.8	834.0	1.0
32190	337	1	4	0.84	133.4	667.0	1.0
32191	376	0	5	0.9325	283.0	1415.0	0.3333333333333333
32192	242	0	5	0.5975	129.6	648.0	0.6666666666666666
32193	302	1	4	0.7525	213.8	1069.0	1.0
32194	373	0	5	0.925	135.8	679.0	0.6666666666666666
32195	392	1	4	0.9775	311.8	1559.0	1.0
32196	134	0	5	0.3275	118.4	592.0	0.3333333333333333
32197	79	0	5	0.19	38.6	193.0	0.3333333333333333
32198	313	0	5	0.775	173.4	867.0	0.6666666666666666
32199	162	1	4	0.4025	60.2	301.0	1.0
32200	66	0	5	0.1575	64.0	320.0	0.0
32201	26	0	5	0.0575	24.0	120.0	0.0
32202	246	0	5	0.6075	188.2	941.0	0.3333333333333333
32203	384	0	5	0.9525	152.8	764.0	0.6666666666666666
32204	291	0	5	0.72	101.2	506.0	0.6666666666666666
32205	237	0	5	0.585	122.8	614.0	0.3333333333333333
32206	392	1	4	0.9775	214.4	1072.0	1.0
32207	158	0	5	0.3875	95.2	476.0	0.0
32208	108	0	5	0.2625	60.4	302.0	0.3333333333333333
32209	189	0	5	0.465	135.0	675.0	0.3333333333333333
32210	311	0	5	0.77	153.4	767.0	0.3333333333333333
32211	115	0	5	0.28	76.4	382.0	0.3333333333333333
32212	268	0	5	0.6625	116.8	584.0	0.3333333333333333
32213	368	0	5	0.9125	175.6	878.0	0.6666666666666666
32214	111	0	5	0.27	109.0	545.0	0.0
32215	218	0	5	0.5375	216.0	1080.0	0.0
32216	357	0	5	0.885	272.8	1364.0	0.6666666666666666
32217	20	0	5	0.0425	18.0	90.0	0.0
32218	278	0	5	0.6875	169.6	848.0	0.3333333333333333
32219	123	0	5	0.3	48.0	240.0	0.3333333333333333
32220	401	0	5	0.995	233.0	1165.0	0.6666666666666666
32221	175	0	5	0.43	99.4	497.0	0.3333333333333333
32222	218	0	5	0.5375	133.2	666.0	0.3333333333333333
32223	257	0	5	0.635	105.4	527.0	0.6666666666666666
32224	8	0	5	0.0125	6.0	30.0	0.0
32225	183	0	5	0.45	100.8	504.0	0.6666666666666666
32226	349	0	5	0.865	152.6	763.0	0.6666666666666666
32227	95	0	5	0.23	93.0	465.0	0.0
32228	291	0	5	0.72	211.2	1056.0	0.3333333333333333
32229	164	0	5	0.4025	106.4	532.0	0.3333333333333333
32230	327	0	5	0.81	256.2	1281.0	0.3333333333333333
32231	366	1	4	0.9125	238.4	1192.0	1.0
32232	223	0	5	0.55	163.4	817.0	0.0
32233	312	0	5	0.7725	241.2	1206.0	0.6666666666666666
32234	97	0	5	0.235	95.0	475.0	0.0
32235	131	0	5	0.32	52.0	260.0	0.3333333333333333
32236	21	0	5	0.045	19.0	95.0	0.0
32237	245	1	4	0.61	72.6	363.0	1.0
32238	324	0	5	0.8025	116.4	582.0	0.6666666666666666
32239	76	0	5	0.1825	74.0	370.0	0.0
32240	7	0	5	0.01	5.0	25.0	0.0
32241	145	0	5	0.355	83.0	415.0	0.3333333333333333
32242	253	0	5	0.625	158.2	791.0	0.6666666666666666
32243	400	0	5	0.9925	132.8	664.0	0.6666666666666666
32244	377	1	4	0.94	225.4	1127.0	1.0
32245	19	0	5	0.04	17.0	85.0	0.0
32246	202	0	5	0.4975	169.2	846.0	0.3333333333333333
32247	58	0	5	0.1375	56.0	280.0	0.0
32248	159	0	5	0.39	144.4	722.0	0.6666666666666666
32249	103	0	5	0.25	45.2	226.0	0.3333333333333333
32250	83	0	5	0.2	81.0	405.0	0.0
32251	63	0	5	0.15	49.0	245.0	0.0
32252	172	1	4	0.4275	92.8	464.0	1.0
32253	199	0	5	0.49	197.0	985.0	0.0
32254	360	0	5	0.8925	230.0	1150.0	0.6666666666666666
32255	92	0	5	0.2225	57.6	288.0	0.0
32256	249	1	4	0.62	202.0	1010.0	1.0
32257	190	1	4	0.4725	109.2	546.0	1.0
32258	280	0	5	0.6925	258.4	1292.0	0.0
32259	161	0	5	0.395	158.0	790.0	0.3333333333333333
32260	330	1	4	0.8225	128.0	640.0	1.0
32261	375	0	5	0.93	193.8	969.0	0.3333333333333333
32262	390	1	4	0.9725	275.4	1377.0	1.0
32263	14	0	5	0.0275	12.0	60.0	0.0
32264	6	0	5	0.0075	1.6	8.0	0.3333333333333333
32265	338	0	5	0.8375	165.6	828.0	0.6666666666666666
32266	319	0	5	0.79	254.2	1271.0	0.6666666666666666
32267	368	0	5	0.9125	224.8	1124.0	0.6666666666666666
32268	276	0	5	0.6825	85.2	426.0	0.0
32269	195	1	4	0.485	131.8	659.0	1.0
32270	244	0	5	0.6025	207.0	1035.0	0.6666666666666666
32271	392	1	4	0.9775	116.0	580.0	1.0
32272	131	0	5	0.32	110.6	553.0	0.3333333333333333
32273	306	0	5	0.7575	184.0	920.0	0.3333333333333333
32274	201	0	5	0.495	116.8	584.0	0.0
32275	399	0	5	0.99	268.8	1344.0	0.6666666666666666
32276	345	1	4	0.86	178.6	893.0	1.0
32277	45	0	5	0.105	32.6	163.0	0.0
32278	226	0	5	0.5575	198.4	992.0	0.0
32279	361	0	5	0.895	198.2	991.0	0.6666666666666666
32280	111	0	5	0.27	57.4	287.0	0.3333333333333333
32281	90	0	5	0.2175	86.2	431.0	0.0
32282	312	0	5	0.7725	132.0	660.0	0.6666666666666666
32283	20	0	5	0.0425	18.0	90.0	0.0
32284	225	0	5	0.555	125.0	625.0	0.6666666666666666
32285	366	0	5	0.9075	234.0	1170.0	0.6666666666666666
32286	290	0	5	0.7175	175.6	878.0	0.6666666666666666
32287	272	0	5	0.6725	130.0	650.0	0.6666666666666666
32288	231	0	5	0.57	113.6	568.0	0.6666666666666666
32289	328	1	4	0.8175	116.8	584.0	1.0
32290	272	0	5	0.6725	182.0	910.0	0.3333333333333333
32291	132	0	5	0.3225	76.2	381.0	0.3333333333333333
32292	350	1	4	0.8725	157.0	785.0	1.0
32293	140	0	5	0.3425	138.0	690.0	0.0
32294	374	1	4	0.9325	289.8	1449.0	1.0
32295	239	0	5	0.59	193.2	966.0	0.3333333333333333
32296	77	0	5	0.185	75.0	375.0	0.0
32297	175	0	5	0.43	113.6	568.0	0.0
32298	344	1	4	0.8575	257.4	1287.0	1.0
32299	106	0	5	0.2575	104.0	520.0	0.0
32300	143	0	5	0.35	96.6	483.0	0.3333333333333333
32301	77	0	5	0.185	57.4	287.0	0.3333333333333333
32302	2	0	5	0.0	0.0	0.0	0.0
32303	373	0	5	0.925	180.2	901.0	0.6666666666666666
32304	382	0	5	0.9475	196.4	982.0	0.6666666666666666
32305	99	0	5	0.24	93.4	467.0	0.0
32306	129	0	5	0.315	112.6	563.0	0.6666666666666666
32307	344	0	5	0.8525	173.2	866.0	0.6666666666666666
32308	139	0	5	0.34	87.8	439.0	0.0
32309	341	0	5	0.845	98.2	491.0	0.6666666666666666
32310	123	0	5	0.3	65.2	326.0	0.6666666666666666
32311	128	0	5	0.3125	94.4	472.0	0.0
32312	128	0	5	0.3125	89.4	447.0	0.3333333333333333
32313	331	0	5	0.82	198.2	991.0	0.6666666666666666
32314	3	0	5	0.0025	0.4	2.0	0.0
32315	172	0	5	0.4225	158.0	790.0	0.0
32316	128	0	5	0.3125	79.6	398.0	0.0
32317	318	0	5	0.7875	245.6	1228.0	0.3333333333333333
32318	138	0	5	0.3375	59.2	296.0	0.6666666666666666
32319	119	0	5	0.29	74.0	370.0	0.6666666666666666
32320	336	0	5	0.8325	214.2	1071.0	0.6666666666666666
32321	160	0	5	0.3925	118.8	594.0	0.3333333333333333
32322	270	0	5	0.6675	77.6	388.0	0.3333333333333333
32323	141	0	5	0.345	139.0	695.0	0.3333333333333333
32324	194	0	5	0.4775	141.0	705.0	0.0
32325	48	0	5	0.1125	46.0	230.0	0.0
32326	92	0	5	0.2225	90.0	450.0	0.0
32327	150	0	5	0.3675	66.4	332.0	0.3333333333333333
32328	255	0	5	0.63	184.8	924.0	0.6666666666666666
32329	124	0	5	0.3025	102.4	512.0	0.6666666666666666
32330	245	0	5	0.605	75.6	378.0	0.6666666666666666
32331	169	0	5	0.415	86.0	430.0	0.6666666666666666
32332	314	0	5	0.7775	144.8	724.0	0.6666666666666666
32333	177	1	4	0.44	99.4	497.0	1.0
32334	99	0	5	0.24	59.8	299.0	0.3333333333333333
32335	315	0	5	0.78	205.0	1025.0	0.3333333333333333
32336	110	0	5	0.2675	108.0	540.0	0.0
32337	364	0	5	0.9025	256.6	1283.0	0.6666666666666666
32338	230	0	5	0.5675	140.4	702.0	0.3333333333333333
32339	232	0	5	0.5725	148.0	740.0	0.6666666666666666
32340	302	0	5	0.7475	238.8	1194.0	0.3333333333333333
32341	279	0	5	0.69	127.8	639.0	0.6666666666666666
32342	94	0	5	0.2275	92.0	460.0	0.0
32343	194	0	5	0.4775	121.8	609.0	0.3333333333333333
32344	292	0	5	0.7225	189.8	949.0	0.3333333333333333
32345	304	0	5	0.7525	124.0	620.0	0.6666666666666666
32346	82	0	5	0.1975	71.6	358.0	0.3333333333333333
32347	159	0	5	0.39	130.0	650.0	0.0
32348	208	0	5	0.5125	118.6	593.0	0.3333333333333333
32349	316	0	5	0.7825	187.6	938.0	0.3333333333333333
32350	237	0	5	0.585	228.8	1144.0	0.0
32351	381	0	5	0.945	150.2	751.0	0.6666666666666666
32352	54	0	5	0.1275	51.4	257.0	0.0
32353	196	0	5	0.4825	133.4	667.0	0.6666666666666666
32354	203	0	5	0.5	130.2	651.0	0.0
32355	186	0	5	0.4575	184.0	920.0	0.0
32356	41	0	5	0.095	39.0	195.0	0.0
32357	16	0	5	0.0325	14.0	70.0	0.0
32358	201	0	5	0.495	115.8	579.0	0.0
32359	262	0	5	0.6475	209.6	1048.0	0.6666666666666666
32360	306	0	5	0.7575	208.0	1040.0	0.3333333333333333
32361	239	0	5	0.59	123.4	617.0	0.3333333333333333
32362	340	0	5	0.8425	206.8	1034.0	0.6666666666666666
32363	66	0	5	0.1575	23.2	116.0	0.6666666666666666
32364	180	0	5	0.4425	110.8	554.0	0.3333333333333333
32365	287	0	5	0.71	241.8	1209.0	0.3333333333333333
32366	153	0	5	0.375	97.0	485.0	0.0
32367	134	1	4	0.3325	105.2	526.0	1.0
32368	183	0	5	0.45	61.8	309.0	0.3333333333333333
32369	234	0	5	0.5775	192.8	964.0	0.3333333333333333
32370	310	0	5	0.7675	130.8	654.0	0.6666666666666666
32371	25	0	5	0.055	23.0	115.0	0.0
32372	335	0	5	0.83	157.0	785.0	0.6666666666666666
32373	10	0	5	0.0175	8.0	40.0	0.0
32374	274	0	5	0.6775	186.6	933.0	0.6666666666666666
32375	39	0	5	0.09	17.8	89.0	0.3333333333333333
32376	178	0	5	0.4375	141.6	708.0	0.3333333333333333
32377	73	0	5	0.175	66.8	334.0	0.0
32378	28	0	5	0.0625	23.6	118.0	0.0
32379	353	1	4	0.88	154.8	774.0	1.0
32380	316	0	5	0.7825	66.0	330.0	0.6666666666666666
32381	205	0	5	0.505	83.0	415.0	0.6666666666666666
32382	119	0	5	0.29	117.0	585.0	0.0
32383	131	0	5	0.32	129.0	645.0	0.0
32384	193	0	5	0.475	134.2	671.0	0.3333333333333333
32385	253	0	5	0.625	106.2	531.0	0.3333333333333333
32386	232	0	5	0.5725	176.6	883.0	0.6666666666666666
32387	281	1	4	0.7	130.6	653.0	1.0
32388	283	1	4	0.705	77.4	387.0	1.0
32389	294	1	4	0.7325	159.6	798.0	1.0
32390	262	0	5	0.6475	167.0	835.0	0.3333333333333333
32391	285	0	5	0.705	133.6	668.0	0.6666666666666666
32392	270	0	5	0.6675	255.8	1279.0	0.6666666666666666
32393	280	0	5	0.6925	259.8	1299.0	0.6666666666666666
32394	288	0	5	0.7125	182.8	914.0	0.3333333333333333
32395	364	1	4	0.9075	177.6	888.0	1.0
32396	149	0	5	0.365	126.6	633.0	0.0
32397	273	0	5	0.675	253.6	1268.0	0.3333333333333333
32398	322	0	5	0.7975	272.4	1362.0	0.3333333333333333
32399	386	0	5	0.9575	206.6	1033.0	0.6666666666666666
32400	163	0	5	0.4	155.0	775.0	0.0
32401	204	0	5	0.5025	98.8	494.0	0.3333333333333333
32402	249	0	5	0.615	185.0	925.0	0.0
32403	147	0	5	0.36	82.6	413.0	0.3333333333333333
32404	63	0	5	0.15	61.0	305.0	0.0
32405	284	1	4	0.7075	101.4	507.0	1.0
32406	274	0	5	0.6775	166.0	830.0	0.3333333333333333
32407	227	0	5	0.56	57.0	285.0	0.0
32408	349	1	4	0.87	322.6	1613.0	1.0
32409	378	1	4	0.9425	357.2	1786.0	1.0
32410	122	0	5	0.2975	76.2	381.0	0.0
32411	111	0	5	0.27	77.8	389.0	0.3333333333333333
32412	61	0	5	0.145	47.0	235.0	0.0
32413	220	0	5	0.5425	124.0	620.0	0.0
32414	109	0	5	0.265	101.4	507.0	0.0
32415	379	1	4	0.945	160.4	802.0	1.0
32416	266	0	5	0.6575	226.6	1133.0	0.6666666666666666
32417	298	0	5	0.7375	93.2	466.0	0.6666666666666666
32418	33	0	5	0.075	31.0	155.0	0.0
32419	289	1	3	0.72	118.0	590.0	1.0
32420	150	0	5	0.3675	135.0	675.0	0.0
32421	294	0	5	0.7275	102.4	512.0	0.6666666666666666
32422	242	0	5	0.5975	87.2	436.0	0.6666666666666666
32423	98	0	5	0.2375	65.6	328.0	0.3333333333333333
32424	124	0	5	0.3025	119.6	598.0	0.0
32425	381	0	5	0.945	115.4	577.0	0.6666666666666666
32426	52	0	5	0.1225	50.0	250.0	0.0
32427	226	0	5	0.5575	148.4	742.0	0.6666666666666666
32428	228	0	5	0.5625	150.8	754.0	0.6666666666666666
32429	269	0	5	0.665	202.6	1013.0	0.6666666666666666
32430	74	0	5	0.1775	37.6	188.0	0.0
32431	154	0	5	0.3775	49.6	248.0	0.3333333333333333
32432	234	0	5	0.5775	145.2	726.0	0.3333333333333333
32433	353	0	5	0.875	104.0	520.0	0.6666666666666666
32434	163	0	5	0.4	131.4	657.0	0.0
32435	299	0	5	0.74	155.0	775.0	0.6666666666666666
32436	25	0	5	0.055	23.0	115.0	0.0
32437	189	0	5	0.465	183.8	919.0	0.3333333333333333
32438	379	0	5	0.94	133.4	667.0	0.6666666666666666
32439	231	0	5	0.57	209.8	1049.0	0.6666666666666666
32440	71	0	5	0.17	69.0	345.0	0.0
32441	367	0	5	0.91	184.0	920.0	0.6666666666666666
32442	185	0	5	0.455	163.8	819.0	0.3333333333333333
32443	252	0	5	0.6225	169.0	845.0	0.3333333333333333
32444	183	0	5	0.45	118.6	593.0	0.3333333333333333
32445	49	0	5	0.115	47.0	235.0	0.0
32446	176	0	5	0.4325	97.2	486.0	0.3333333333333333
32447	207	0	5	0.51	88.6	443.0	0.0
32448	206	0	5	0.5075	168.8	844.0	0.3333333333333333
32449	275	0	5	0.68	203.8	1019.0	0.6666666666666666
32450	180	0	5	0.4425	172.0	860.0	0.0
32451	229	0	5	0.565	119.0	595.0	0.0
32452	222	0	5	0.5475	146.8	734.0	0.3333333333333333
32453	342	0	5	0.8475	262.0	1310.0	0.6666666666666666
32454	170	0	5	0.4175	134.4	672.0	0.3333333333333333
32455	235	0	5	0.58	168.6	843.0	0.0
32456	226	1	4	0.5625	190.0	950.0	1.0
32457	120	0	5	0.2925	85.6	428.0	0.3333333333333333
32458	356	0	5	0.8825	161.2	806.0	0.6666666666666666
32459	26	0	5	0.0575	24.0	120.0	0.0
32460	132	0	5	0.3225	84.4	422.0	0.0
32461	319	0	5	0.79	301.4	1507.0	0.3333333333333333
32462	149	0	5	0.365	147.0	735.0	0.0
32463	326	0	5	0.8075	174.8	874.0	0.6666666666666666
32464	315	0	5	0.78	283.0	1415.0	0.3333333333333333
32465	323	0	5	0.8	203.4	1017.0	0.3333333333333333
32466	234	0	5	0.5775	116.4	582.0	0.6666666666666666
32467	389	0	5	0.965	226.0	1130.0	0.6666666666666666
32468	331	0	5	0.82	315.8	1579.0	0.3333333333333333
32469	111	0	5	0.27	79.0	395.0	0.0
32470	280	0	5	0.6925	211.4	1057.0	0.3333333333333333
32471	169	0	5	0.415	167.0	835.0	0.0
32472	349	0	5	0.865	237.8	1189.0	0.6666666666666666
32473	54	0	5	0.1275	30.4	152.0	0.0
32474	162	0	5	0.3975	79.8	399.0	0.3333333333333333
32475	393	0	5	0.975	169.8	849.0	0.6666666666666666
32476	145	0	5	0.355	125.4	627.0	0.3333333333333333
32477	302	0	5	0.7475	196.0	980.0	0.6666666666666666
32478	77	0	5	0.185	29.4	147.0	0.3333333333333333
32479	48	0	5	0.1125	30.4	152.0	0.0
32480	12	0	5	0.0225	10.0	50.0	0.0
32481	196	0	5	0.4825	174.8	874.0	0.3333333333333333
32482	117	0	5	0.285	115.0	575.0	0.0
32483	287	0	5	0.71	189.0	945.0	0.3333333333333333
32484	308	1	3	0.7675	280.8	1404.0	1.0
32485	227	0	5	0.56	120.4	602.0	0.6666666666666666
32486	283	0	5	0.7	179.4	897.0	0.6666666666666666
32487	234	0	5	0.5775	75.2	376.0	0.3333333333333333
32488	111	0	5	0.27	109.0	545.0	0.0
32489	230	0	5	0.5675	209.4	1047.0	0.3333333333333333
32490	189	1	4	0.47	49.8	249.0	1.0
32491	133	0	5	0.325	91.4	457.0	0.0
32492	336	0	5	0.8325	182.2	911.0	0.6666666666666666
32493	94	0	5	0.2275	92.0	460.0	0.0
32494	206	0	5	0.5075	90.4	452.0	0.3333333333333333
32495	13	0	5	0.025	11.0	55.0	0.0
32496	326	0	5	0.8075	166.0	830.0	0.3333333333333333
32497	371	0	5	0.92	192.0	960.0	0.6666666666666666
32498	393	1	4	0.98	246.0	1230.0	1.0
32499	375	0	5	0.93	200.6	1003.0	0.6666666666666666
32500	322	1	4	0.8025	162.0	810.0	1.0
32501	76	0	5	0.1825	45.6	228.0	0.0
32502	342	0	5	0.8475	202.8	1014.0	0.6666666666666666
32503	329	0	5	0.815	225.0	1125.0	0.6666666666666666
32504	221	0	5	0.545	168.4	842.0	0.3333333333333333
32505	77	0	5	0.185	63.6	318.0	0.0
32506	68	0	5	0.1625	66.0	330.0	0.0
32507	203	0	5	0.5	169.6	848.0	0.6666666666666666
32508	390	0	5	0.9675	238.0	1190.0	0.6666666666666666
32509	68	0	5	0.1625	66.0	330.0	0.0
32510	94	0	5	0.2275	81.6	408.0	0.3333333333333333
32511	275	1	4	0.685	79.8	399.0	1.0
32512	331	0	5	0.82	268.6	1343.0	0.0
32513	206	0	5	0.5075	147.2	736.0	0.6666666666666666
32514	194	0	5	0.4775	124.4	622.0	0.6666666666666666
32515	216	0	5	0.5325	214.0	1070.0	0.0
32516	75	0	5	0.18	55.4	277.0	0.3333333333333333
32517	228	0	5	0.5625	197.0	985.0	0.3333333333333333
32518	283	0	5	0.7	65.8	329.0	0.6666666666666666
32519	185	0	5	0.455	133.2	666.0	0.3333333333333333
32520	293	0	5	0.725	118.6	593.0	0.6666666666666666
32521	29	0	5	0.065	27.0	135.0	0.0
32522	32	0	5	0.0725	30.0	150.0	0.0
32523	208	0	5	0.5125	190.6	953.0	0.3333333333333333
32524	188	0	5	0.4625	146.8	734.0	0.3333333333333333
32525	140	0	5	0.3425	94.0	470.0	0.3333333333333333
32526	263	0	5	0.65	67.4	337.0	0.6666666666666666
32527	195	0	5	0.48	85.0	425.0	0.6666666666666666
32528	202	0	5	0.4975	50.4	252.0	0.6666666666666666
32529	378	0	5	0.9375	283.0	1415.0	0.6666666666666666
32530	377	0	5	0.935	320.0	1600.0	0.6666666666666666
32531	326	0	5	0.8075	182.2	911.0	0.6666666666666666
32532	371	1	4	0.925	234.6	1173.0	1.0
32533	241	0	5	0.595	159.0	795.0	0.3333333333333333
32534	310	0	5	0.7675	262.0	1310.0	0.3333333333333333
32535	333	1	4	0.83	134.2	671.0	1.0
32536	192	0	5	0.4725	75.2	376.0	0.0
32537	385	0	5	0.955	167.2	836.0	0.6666666666666666
32538	62	0	5	0.1475	59.6	298.0	0.0
32539	279	0	5	0.69	195.4	977.0	0.6666666666666666
32540	183	0	5	0.45	65.0	325.0	0.6666666666666666
32541	176	0	5	0.4325	157.2	786.0	0.0
32542	278	0	5	0.6875	134.0	670.0	0.3333333333333333
32543	121	0	5	0.295	117.4	587.0	0.0
32544	134	0	5	0.3275	122.0	610.0	0.3333333333333333
32545	44	0	5	0.1025	42.0	210.0	0.0
32546	29	0	5	0.065	27.0	135.0	0.0
32547	297	0	5	0.735	253.0	1265.0	0.6666666666666666
32548	239	0	5	0.59	169.0	845.0	0.3333333333333333
32549	109	0	5	0.265	80.6	403.0	0.3333333333333333
32550	279	0	5	0.69	104.4	522.0	0.6666666666666666
32551	167	0	5	0.41	112.8	564.0	0.6666666666666666
32552	141	0	5	0.345	138.4	692.0	0.3333333333333333
32553	48	0	5	0.1125	46.0	230.0	0.0
32554	305	0	5	0.755	295.4	1477.0	0.6666666666666666
32555	375	1	4	0.935	171.0	855.0	1.0
32556	307	0	5	0.76	170.6	853.0	0.6666666666666666
32557	13	0	5	0.025	11.0	55.0	0.0
32558	373	0	5	0.925	302.6	1513.0	0.6666666666666666
32559	201	0	5	0.495	140.4	702.0	0.6666666666666666
32560	129	0	5	0.315	94.0	470.0	0.6666666666666666
32561	123	0	5	0.3	103.6	518.0	0.3333333333333333
32562	322	0	5	0.7975	288.4	1442.0	0.3333333333333333
32563	199	0	5	0.49	144.2	721.0	0.3333333333333333
32564	196	0	5	0.4825	133.8	669.0	0.3333333333333333
32565	289	0	5	0.715	167.0	835.0	0.3333333333333333
32566	161	0	5	0.395	112.2	561.0	0.3333333333333333
32567	255	0	5	0.63	203.4	1017.0	0.0
32568	32	0	5	0.0725	27.6	138.0	0.3333333333333333
32569	288	0	5	0.7125	148.0	740.0	0.3333333333333333
32570	256	0	5	0.6325	137.2	686.0	0.6666666666666666
32571	244	0	5	0.6025	229.0	1145.0	0.0
32572	19	0	5	0.04	17.0	85.0	0.0
32573	172	0	5	0.4225	170.0	850.0	0.0
32574	296	0	5	0.7325	152.0	760.0	0.6666666666666666
32575	228	0	5	0.5625	167.6	838.0	0.3333333333333333
32576	109	0	5	0.265	91.4	457.0	0.0
32577	379	0	5	0.94	181.0	905.0	0.3333333333333333
32578	349	0	5	0.865	264.6	1323.0	0.3333333333333333
32579	206	0	5	0.5075	147.4	737.0	0.0
32580	381	0	5	0.945	156.6	783.0	0.3333333333333333
32581	353	1	4	0.88	74.6	373.0	1.0
32582	227	0	5	0.56	225.0	1125.0	0.0
32583	42	0	5	0.0975	8.6	43.0	0.6666666666666666
32584	380	0	5	0.9425	208.0	1040.0	0.6666666666666666
32585	135	1	4	0.335	117.4	587.0	1.0
32586	129	0	5	0.315	113.4	567.0	0.3333333333333333
32587	284	0	5	0.7025	135.8	679.0	0.3333333333333333
32588	235	0	5	0.58	212.6	1063.0	0.3333333333333333
32589	221	0	5	0.545	159.6	798.0	0.3333333333333333
32590	300	0	5	0.7425	224.4	1122.0	0.3333333333333333
32591	349	0	5	0.865	167.4	837.0	0.6666666666666666
32592	141	0	5	0.345	139.0	695.0	0.0
32593	255	0	5	0.63	222.2	1111.0	0.6666666666666666
32594	242	0	5	0.5975	205.6	1028.0	0.0
32595	396	1	4	0.9875	281.4	1407.0	1.0
32596	364	1	4	0.9075	261.8	1309.0	1.0
32597	97	0	5	0.235	95.0	475.0	0.0
32598	220	0	5	0.5425	99.8	499.0	0.3333333333333333
32599	341	0	5	0.845	181.4	907.0	0.6666666666666666
32600	357	0	5	0.885	78.2	391.0	0.6666666666666666
32601	307	0	5	0.76	122.6	613.0	0.3333333333333333
32602	373	1	4	0.93	257.4	1287.0	1.0
32603	199	0	5	0.49	90.4	452.0	0.6666666666666666
32604	284	0	5	0.7025	140.0	700.0	0.3333333333333333
32605	367	0	5	0.91	221.4	1107.0	0.6666666666666666
32606	175	0	5	0.43	140.0	700.0	0.3333333333333333
32607	2	0	5	0.0	0.0	0.0	0.0
32608	233	0	5	0.575	65.6	328.0	0.0
32609	288	0	5	0.7125	169.2	846.0	0.6666666666666666
32610	313	0	5	0.775	115.0	575.0	0.6666666666666666
32611	391	1	4	0.975	279.0	1395.0	1.0
32612	31	0	5	0.07	29.0	145.0	0.0
32613	71	0	5	0.17	65.0	325.0	0.0
32614	119	0	5	0.29	96.0	480.0	0.0
32615	19	0	5	0.04	17.0	85.0	0.0
32616	202	0	5	0.4975	50.4	252.0	0.3333333333333333
32617	211	0	5	0.52	102.0	510.0	0.3333333333333333
32618	291	0	5	0.72	206.2	1031.0	0.3333333333333333
32619	244	0	5	0.6025	153.8	769.0	0.0
32620	267	1	4	0.665	205.6	1028.0	1.0
32621	318	0	5	0.7875	131.8	659.0	0.6666666666666666
32622	317	0	5	0.785	95.6	478.0	0.3333333333333333
32623	181	0	5	0.445	113.8	569.0	0.6666666666666666
32624	55	0	5	0.13	43.4	217.0	0.3333333333333333
32625	378	0	5	0.9375	161.0	805.0	0.6666666666666666
32626	211	0	5	0.52	121.4	607.0	0.3333333333333333
32627	256	0	5	0.6325	178.8	894.0	0.3333333333333333
32628	192	0	5	0.4725	148.8	744.0	0.3333333333333333
32629	31	0	5	0.07	29.0	145.0	0.0
32630	337	0	5	0.835	84.2	421.0	0.6666666666666666
32631	349	0	5	0.865	341.0	1705.0	0.3333333333333333
32632	229	0	5	0.565	198.2	991.0	0.6666666666666666
32633	35	0	5	0.08	15.0	75.0	0.3333333333333333
32634	101	0	5	0.245	79.8	399.0	0.0
32635	109	0	5	0.265	106.6	533.0	0.0
32636	67	0	5	0.16	65.0	325.0	0.0
32637	214	0	5	0.5275	175.0	875.0	0.3333333333333333
32638	220	0	5	0.5425	116.2	581.0	0.6666666666666666
32639	202	0	5	0.4975	152.4	762.0	0.3333333333333333
32640	373	1	4	0.93	105.0	525.0	1.0
32641	7	0	5	0.01	5.0	25.0	0.0
32642	343	0	5	0.85	256.4	1282.0	0.3333333333333333
32643	108	0	5	0.2625	78.4	392.0	0.3333333333333333
32644	201	0	5	0.495	199.0	995.0	0.0
32645	216	0	5	0.5325	143.4	717.0	0.6666666666666666
32646	103	0	5	0.25	81.2	406.0	0.0
32647	93	1	4	0.23	52.0	260.0	1.0
32648	278	0	5	0.6875	126.8	634.0	0.3333333333333333
32649	338	0	5	0.8375	134.8	674.0	0.3333333333333333
32650	346	1	4	0.8625	141.6	708.0	1.0
32651	126	0	5	0.3075	124.0	620.0	0.0
32652	243	0	5	0.6	71.4	357.0	0.3333333333333333
32653	249	0	5	0.615	173.8	869.0	0.6666666666666666
32654	64	0	5	0.1525	15.8	79.0	0.3333333333333333
32655	339	0	5	0.84	206.0	1030.0	0.3333333333333333
32656	161	0	5	0.395	116.6	583.0	0.0
32657	185	0	5	0.455	86.2	431.0	0.3333333333333333
32658	371	0	5	0.92	166.6	833.0	0.6666666666666666
32659	263	1	4	0.655	138.6	693.0	1.0
32660	302	0	5	0.7475	246.4	1232.0	0.6666666666666666
32661	354	0	5	0.8775	105.0	525.0	0.6666666666666666
32662	315	0	5	0.78	234.4	1172.0	0.6666666666666666
32663	158	0	5	0.3875	132.4	662.0	0.3333333333333333
32664	150	0	5	0.3675	148.0	740.0	0.0
32665	153	0	5	0.375	90.4	452.0	0.6666666666666666
32666	176	0	5	0.4325	89.4	447.0	0.6666666666666666
32667	11	0	5	0.02	9.0	45.0	0.0
32668	252	0	5	0.6225	90.6	453.0	0.6666666666666666
32669	243	0	5	0.6	109.8	549.0	0.3333333333333333
32670	302	0	5	0.7475	227.0	1135.0	0.3333333333333333
32671	36	0	5	0.0825	34.0	170.0	0.0
32672	296	0	5	0.7325	255.2	1276.0	0.3333333333333333
32673	176	0	5	0.4325	174.0	870.0	0.0
32674	94	0	5	0.2275	74.4	372.0	0.3333333333333333
32675	363	0	5	0.9	226.6	1133.0	0.6666666666666666
32676	335	0	5	0.83	180.6	903.0	0.3333333333333333
32677	310	0	5	0.7675	172.4	862.0	0.6666666666666666
32678	348	0	5	0.8625	230.4	1152.0	0.6666666666666666
32679	165	0	5	0.405	163.0	815.0	0.0
32680	202	0	5	0.4975	48.8	244.0	0.3333333333333333
32681	42	0	5	0.0975	40.0	200.0	0.0
32682	153	0	5	0.375	151.0	755.0	0.0
32683	188	1	4	0.4675	160.4	802.0	1.0
32684	376	0	5	0.9325	102.0	510.0	0.6666666666666666
32685	42	0	5	0.0975	38.4	192.0	0.3333333333333333
32686	143	0	5	0.35	124.2	621.0	0.0
32687	140	0	5	0.3425	134.6	673.0	0.3333333333333333
32688	241	0	5	0.595	150.0	750.0	0.6666666666666666
32689	33	0	5	0.075	31.0	155.0	0.0
32690	194	0	5	0.4775	148.2	741.0	0.6666666666666666
32691	90	0	5	0.2175	88.0	440.0	0.0
32692	97	0	5	0.235	85.8	429.0	0.3333333333333333
32693	364	0	5	0.9025	114.6	573.0	0.6666666666666666
32694	312	1	4	0.7775	273.2	1366.0	1.0
32695	110	0	5	0.2675	108.0	540.0	0.0
32696	263	0	5	0.65	192.0	960.0	0.3333333333333333
32697	240	0	5	0.5925	190.0	950.0	0.3333333333333333
32698	120	0	5	0.2925	32.0	160.0	0.6666666666666666
32699	65	0	5	0.155	41.0	205.0	0.0
32700	292	1	4	0.7275	155.6	778.0	1.0
32701	314	0	5	0.7775	168.4	842.0	0.3333333333333333
32702	377	1	4	0.94	259.4	1297.0	1.0
32703	239	1	4	0.595	145.0	725.0	1.0
32704	104	0	5	0.2525	102.0	510.0	0.0
32705	254	0	5	0.6275	160.8	804.0	0.3333333333333333
32706	342	0	5	0.8475	120.0	600.0	0.3333333333333333
32707	110	0	5	0.2675	88.2	441.0	0.6666666666666666
32708	265	0	5	0.655	220.2	1101.0	0.6666666666666666
32709	226	0	5	0.5575	137.2	686.0	0.3333333333333333
32710	11	0	5	0.02	9.0	45.0	0.0
32711	119	0	5	0.29	55.2	276.0	0.3333333333333333
32712	114	0	5	0.2775	56.2	281.0	0.3333333333333333
32713	148	0	5	0.3625	50.4	252.0	0.6666666666666666
32714	32	0	5	0.0725	25.2	126.0	0.0
32715	186	0	5	0.4575	55.8	279.0	0.3333333333333333
32716	382	1	4	0.9525	268.0	1340.0	1.0
32717	128	0	5	0.3125	121.2	606.0	0.3333333333333333
32718	5	0	5	0.005	3.0	15.0	0.0
32719	223	0	5	0.55	138.2	691.0	0.3333333333333333
32720	140	0	5	0.3425	64.8	324.0	0.3333333333333333
32721	340	0	5	0.8425	118.0	590.0	0.3333333333333333
32722	243	0	5	0.6	96.4	482.0	0.3333333333333333
32723	131	0	5	0.32	103.6	518.0	0.3333333333333333
32724	273	0	5	0.675	127.8	639.0	0.3333333333333333
32725	240	0	5	0.5925	62.0	310.0	0.6666666666666666
32726	8	0	5	0.0125	6.0	30.0	0.0
32727	366	0	5	0.9075	184.6	923.0	0.6666666666666666
32728	248	0	5	0.6125	111.0	555.0	0.3333333333333333
32729	285	0	5	0.705	97.4	487.0	0.3333333333333333
32730	145	0	5	0.355	98.8	494.0	0.3333333333333333
32731	181	0	5	0.445	174.2	871.0	0.3333333333333333
32732	194	0	5	0.4775	107.2	536.0	0.3333333333333333
32733	211	1	4	0.525	107.6	538.0	1.0
32734	231	1	4	0.575	98.6	493.0	1.0
32735	295	0	5	0.73	236.6	1183.0	0.3333333333333333
32736	280	0	5	0.6925	179.6	898.0	0.6666666666666666
32737	150	0	5	0.3675	119.8	599.0	0.0
32738	384	1	4	0.9575	144.0	720.0	1.0
32739	318	1	4	0.7925	167.6	838.0	1.0
32740	22	0	5	0.0475	20.0	100.0	0.0
32741	271	1	4	0.675	186.8	934.0	1.0
32742	291	0	5	0.72	166.6	833.0	0.3333333333333333
32743	269	0	5	0.665	123.8	619.0	0.3333333333333333
32744	106	0	5	0.2575	104.0	520.0	0.0
32745	349	0	5	0.865	307.8	1539.0	0.6666666666666666
32746	231	0	5	0.57	154.6	773.0	0.3333333333333333
32747	292	0	5	0.7225	247.0	1235.0	0.6666666666666666
32748	204	0	5	0.5025	188.0	940.0	0.0
32749	42	0	5	0.0975	40.0	200.0	0.0
32750	146	0	5	0.3575	144.0	720.0	0.0
32751	297	0	5	0.735	144.4	722.0	0.3333333333333333
32752	148	0	5	0.3625	88.8	444.0	0.3333333333333333
32753	210	0	5	0.5175	98.4	492.0	0.3333333333333333
32754	268	0	5	0.6625	196.2	981.0	0.6666666666666666
32755	303	0	5	0.75	280.6	1403.0	0.6666666666666666
32756	96	0	5	0.2325	74.4	372.0	0.3333333333333333
32757	76	0	5	0.1825	74.0	370.0	0.0
32758	135	0	5	0.33	114.0	570.0	0.6666666666666666
32759	42	0	5	0.0975	24.8	124.0	0.3333333333333333
32760	302	0	5	0.7475	147.6	738.0	0.6666666666666666
32761	315	0	5	0.78	138.4	692.0	0.3333333333333333
32762	258	0	5	0.6375	139.6	698.0	0.3333333333333333
32763	50	0	5	0.1175	44.4	222.0	0.0
32764	43	0	5	0.1	41.0	205.0	0.0
32765	335	1	4	0.835	246.6	1233.0	1.0
32766	160	0	5	0.3925	78.8	394.0	0.3333333333333333
32767	270	0	5	0.6675	179.2	896.0	0.3333333333333333
32768	308	0	5	0.7625	154.4	772.0	0.6666666666666666
32769	198	0	5	0.4875	151.8	759.0	0.3333333333333333
32770	29	0	5	0.065	27.0	135.0	0.0
32771	294	0	5	0.7275	138.8	694.0	0.6666666666666666
32772	247	0	5	0.61	111.8	559.0	0.6666666666666666
32773	292	0	5	0.7225	143.2	716.0	0.3333333333333333
32774	388	1	4	0.9675	208.8	1044.0	1.0
32775	200	0	5	0.4925	83.6	418.0	0.6666666666666666
32776	34	0	5	0.0775	32.0	160.0	0.0
32777	201	0	5	0.495	89.0	445.0	0.3333333333333333
32778	396	0	5	0.9825	176.0	880.0	0.6666666666666666
32779	156	0	5	0.3825	87.2	436.0	0.6666666666666666
32780	208	0	5	0.5125	166.4	832.0	0.3333333333333333
32781	159	0	5	0.39	41.8	209.0	0.0
32782	115	0	5	0.28	65.6	328.0	0.0
32783	136	0	5	0.3325	129.8	649.0	0.0
32784	75	0	5	0.18	71.2	356.0	0.0
32785	362	0	5	0.8975	229.0	1145.0	0.3333333333333333
32786	339	0	5	0.84	221.6	1108.0	0.3333333333333333
32787	171	0	5	0.42	108.2	541.0	0.6666666666666666
32788	367	0	5	0.91	191.6	958.0	0.6666666666666666
32789	199	1	4	0.495	138.6	693.0	1.0
32790	150	0	5	0.3675	133.0	665.0	0.3333333333333333
32791	189	0	5	0.465	85.2	426.0	0.6666666666666666
32792	268	0	5	0.6625	208.0	1040.0	0.3333333333333333
32793	146	0	5	0.3575	115.2	576.0	0.0
32794	147	0	5	0.36	56.6	283.0	0.3333333333333333
32795	217	0	5	0.535	104.6	523.0	0.6666666666666666
32796	347	0	5	0.86	82.0	410.0	0.6666666666666666
32797	245	0	5	0.605	243.0	1215.0	0.0
32798	185	0	5	0.455	117.0	585.0	0.6666666666666666
32799	274	0	5	0.6775	180.6	903.0	0.3333333333333333
32800	197	0	5	0.485	117.6	588.0	0.0
32801	352	1	4	0.8775	84.4	422.0	1.0
32802	203	0	5	0.5	99.0	495.0	0.6666666666666666
32803	200	0	5	0.4925	84.6	423.0	0.3333333333333333
32804	279	0	5	0.69	121.6	608.0	0.3333333333333333
32805	254	0	5	0.6275	250.8	1254.0	0.0
32806	365	0	5	0.905	120.6	603.0	0.6666666666666666
32807	328	0	5	0.8125	215.0	1075.0	0.3333333333333333
32808	41	0	5	0.095	23.4	117.0	0.0
32809	152	0	5	0.3725	140.8	704.0	0.3333333333333333
32810	119	0	5	0.29	93.0	465.0	0.6666666666666666
32811	275	0	5	0.68	78.2	391.0	0.6666666666666666
32812	250	0	5	0.6175	128.0	640.0	0.6666666666666666
32813	357	1	4	0.89	242.4	1212.0	1.0
32814	376	0	5	0.9325	142.2	711.0	0.6666666666666666
32815	295	0	5	0.73	82.2	411.0	0.3333333333333333
32816	235	0	5	0.58	153.4	767.0	0.3333333333333333
32817	198	0	5	0.4875	161.2	806.0	0.3333333333333333
32818	358	0	5	0.8875	207.6	1038.0	0.6666666666666666
32819	385	0	5	0.955	162.6	813.0	0.6666666666666666
32820	38	0	5	0.0875	36.0	180.0	0.0
32821	354	1	3	0.8825	222.4	1112.0	1.0
32822	322	0	5	0.7975	102.0	510.0	0.3333333333333333
32823	93	0	5	0.225	77.6	388.0	0.3333333333333333
32824	397	1	4	0.99	219.6	1098.0	1.0
32825	60	0	5	0.1425	41.2	206.0	0.0
32826	95	0	5	0.23	51.6	258.0	0.0
32827	338	1	4	0.8425	110.0	550.0	1.0
32828	178	0	5	0.4375	39.2	196.0	0.3333333333333333
32829	170	0	5	0.4175	140.4	702.0	0.0
32830	96	0	5	0.2325	85.2	426.0	0.3333333333333333
32831	95	0	5	0.23	77.4	387.0	0.0
32832	254	0	5	0.6275	190.8	954.0	0.3333333333333333
32833	299	0	5	0.74	198.0	990.0	0.6666666666666666
32834	25	0	5	0.055	23.0	115.0	0.3333333333333333
32835	221	0	5	0.545	97.2	486.0	0.6666666666666666
32836	401	0	5	0.995	246.4	1232.0	0.6666666666666666
32837	198	0	5	0.4875	115.4	577.0	0.3333333333333333
32838	74	0	5	0.1775	39.0	195.0	0.6666666666666666
32839	283	0	5	0.7	227.2	1136.0	0.6666666666666666
32840	344	0	5	0.8525	157.4	787.0	0.6666666666666666
32841	203	0	5	0.5	146.4	732.0	0.3333333333333333
32842	65	0	5	0.155	30.6	153.0	0.3333333333333333
32843	81	0	5	0.195	47.0	235.0	0.3333333333333333
32844	197	0	5	0.485	187.0	935.0	0.6666666666666666
32845	285	0	5	0.705	199.4	997.0	0.6666666666666666
32846	285	0	5	0.705	149.4	747.0	0.6666666666666666
32847	330	0	5	0.8175	274.0	1370.0	0.6666666666666666
32848	223	0	5	0.55	85.8	429.0	0.3333333333333333
32849	230	0	5	0.5675	162.6	813.0	0.3333333333333333
32850	179	0	5	0.44	72.2	361.0	0.3333333333333333
32851	225	1	4	0.56	127.2	636.0	1.0
32852	132	0	5	0.3225	110.8	554.0	0.3333333333333333
32853	278	0	5	0.6875	205.2	1026.0	0.6666666666666666
32854	68	0	5	0.1625	64.2	321.0	0.3333333333333333
32855	97	0	5	0.235	95.0	475.0	0.0
32856	346	0	5	0.8575	225.2	1126.0	0.6666666666666666
32857	122	0	5	0.2975	120.0	600.0	0.0
32858	186	0	5	0.4575	60.4	302.0	0.6666666666666666
32859	17	0	5	0.035	15.0	75.0	0.0
32860	219	0	5	0.54	92.6	463.0	0.6666666666666666
32861	216	0	5	0.5325	93.8	469.0	0.6666666666666666
32862	116	0	5	0.2825	67.8	339.0	0.3333333333333333
32863	286	0	5	0.7075	203.0	1015.0	0.6666666666666666
32864	64	0	5	0.1525	12.6	63.0	0.3333333333333333
32865	178	0	5	0.4375	94.4	472.0	0.3333333333333333
32866	209	0	5	0.515	152.2	761.0	0.6666666666666666
32867	169	0	5	0.415	156.8	784.0	0.0
32868	300	0	5	0.7425	212.6	1063.0	0.3333333333333333
32869	300	0	5	0.7425	142.2	711.0	0.6666666666666666
32870	86	0	5	0.2075	66.0	330.0	0.3333333333333333
32871	253	0	5	0.625	146.2	731.0	0.0
32872	248	0	5	0.6125	194.2	971.0	0.3333333333333333
32873	325	0	5	0.805	218.4	1092.0	0.6666666666666666
32874	20	0	5	0.0425	18.0	90.0	0.0
32875	227	0	5	0.56	81.8	409.0	0.6666666666666666
32876	265	1	4	0.66	99.6	498.0	1.0
32877	98	0	5	0.2375	59.8	299.0	0.3333333333333333
32878	242	0	5	0.5975	141.6	708.0	0.6666666666666666
32879	379	0	5	0.94	195.0	975.0	0.3333333333333333
32880	104	0	5	0.2525	86.6	433.0	0.0
32881	363	0	5	0.9	188.0	940.0	0.6666666666666666
32882	55	0	5	0.13	53.0	265.0	0.0
32883	285	1	4	0.71	147.6	738.0	1.0
32884	211	0	5	0.52	169.4	847.0	0.3333333333333333
32885	395	0	5	0.98	136.2	681.0	0.3333333333333333
32886	328	0	5	0.8125	177.6	888.0	0.6666666666666666
32887	146	0	5	0.3575	144.0	720.0	0.0
32888	136	0	5	0.3325	134.0	670.0	0.3333333333333333
32889	341	0	5	0.845	259.4	1297.0	0.3333333333333333
32890	191	1	4	0.475	176.4	882.0	1.0
32891	210	0	5	0.5175	49.6	248.0	0.6666666666666666
32892	131	0	5	0.32	93.2	466.0	0.3333333333333333
32893	37	0	5	0.085	35.0	175.0	0.0
32894	65	0	5	0.155	52.6	263.0	0.3333333333333333
32895	64	0	5	0.1525	35.6	178.0	0.3333333333333333
32896	85	0	5	0.205	18.2	91.0	0.6666666666666666
32897	65	0	5	0.155	59.8	299.0	0.3333333333333333
32898	9	0	5	0.015	5.8	29.0	0.0
32899	60	0	5	0.1425	58.0	290.0	0.0
32900	211	0	5	0.52	147.4	737.0	0.3333333333333333
32901	210	0	5	0.5175	87.4	437.0	0.3333333333333333
32902	213	1	4	0.53	93.0	465.0	1.0
32903	273	0	5	0.675	271.0	1355.0	0.3333333333333333
32904	104	0	5	0.2525	49.8	249.0	0.6666666666666666
32905	304	0	5	0.7525	169.2	846.0	0.3333333333333333
32906	292	1	4	0.7275	180.6	903.0	1.0
32907	188	1	4	0.4675	142.4	712.0	1.0
32908	263	0	5	0.65	205.0	1025.0	0.6666666666666666
32909	162	0	5	0.3975	113.2	566.0	0.6666666666666666
32910	72	0	5	0.1725	56.4	282.0	0.3333333333333333
32911	41	0	5	0.095	39.0	195.0	0.0
32912	104	0	5	0.2525	30.8	154.0	0.3333333333333333
32913	316	0	5	0.7825	282.4	1412.0	0.6666666666666666
32914	396	1	4	0.9875	100.4	502.0	1.0
32915	55	0	5	0.13	53.0	265.0	0.0
32916	160	1	4	0.3975	127.2	636.0	1.0
32917	337	0	5	0.835	232.6	1163.0	0.6666666666666666
32918	40	0	5	0.0925	38.0	190.0	0.0
32919	174	0	5	0.4275	139.0	695.0	0.3333333333333333
32920	296	1	4	0.7375	99.2	496.0	1.0
32921	273	0	5	0.675	248.8	1244.0	0.3333333333333333
32922	151	0	5	0.37	56.2	281.0	0.3333333333333333
32923	125	0	5	0.305	109.0	545.0	0.0
32924	381	0	5	0.945	206.4	1032.0	0.6666666666666666
32925	13	0	5	0.025	11.0	55.0	0.0
32926	397	0	5	0.985	247.2	1236.0	0.6666666666666666
32927	193	1	4	0.48	89.0	445.0	1.0
32928	9	0	5	0.015	2.8	14.0	0.3333333333333333
32929	107	0	5	0.26	87.2	436.0	0.0
32930	267	0	5	0.66	188.4	942.0	0.6666666666666666
32931	294	1	4	0.7325	149.6	748.0	1.0
32932	345	0	5	0.855	98.2	491.0	0.6666666666666666
32933	220	0	5	0.5425	91.2	456.0	0.6666666666666666
32934	182	0	5	0.4475	99.2	496.0	0.6666666666666666
32935	116	0	5	0.2825	97.8	489.0	0.6666666666666666
32936	177	0	5	0.435	92.2	461.0	0.3333333333333333
32937	129	0	5	0.315	95.8	479.0	0.0
32938	237	0	5	0.585	112.8	564.0	0.3333333333333333
32939	53	0	5	0.125	51.0	255.0	0.0
32940	328	1	4	0.8175	163.6	818.0	1.0
32941	401	0	4	0.9975	126.8	634.0	0.6666666666666666
32942	298	0	5	0.7375	177.2	886.0	0.3333333333333333
32943	82	0	5	0.1975	69.0	345.0	0.3333333333333333
32944	206	0	5	0.5075	169.4	847.0	0.0
32945	359	0	5	0.89	154.8	774.0	0.6666666666666666
32946	304	0	5	0.7525	104.0	520.0	0.3333333333333333
32947	158	0	5	0.3875	136.2	681.0	0.0
32948	187	0	5	0.46	111.0	555.0	0.6666666666666666
32949	153	0	5	0.375	89.2	446.0	0.3333333333333333
32950	202	0	5	0.4975	96.8	484.0	0.3333333333333333
32951	351	0	5	0.87	108.8	544.0	0.3333333333333333
32952	145	0	5	0.355	143.0	715.0	0.0
32953	15	0	5	0.03	13.0	65.0	0.0
32954	283	0	5	0.7	140.4	702.0	0.3333333333333333
32955	102	0	5	0.2475	100.0	500.0	0.0
32956	272	0	5	0.6725	237.2	1186.0	0.0
32957	265	0	5	0.655	105.0	525.0	0.3333333333333333
32958	223	0	5	0.55	204.0	1020.0	0.3333333333333333
32959	2	0	5	0.0	0.0	0.0	0.0
32960	299	0	5	0.74	202.2	1011.0	0.0
32961	260	1	4	0.6475	128.0	640.0	1.0
32962	61	0	5	0.145	41.8	209.0	0.3333333333333333
32963	320	0	5	0.7925	96.2	481.0	0.3333333333333333
32964	251	1	4	0.625	57.4	287.0	1.0
32965	272	0	5	0.6725	90.0	450.0	0.3333333333333333
32966	309	0	5	0.765	236.6	1183.0	0.6666666666666666
32967	110	0	5	0.2675	108.0	540.0	0.0
32968	233	0	5	0.575	225.6	1128.0	0.3333333333333333
32969	188	0	5	0.4625	138.6	693.0	0.6666666666666666
32970	345	0	5	0.855	325.8	1629.0	0.3333333333333333
32971	370	0	5	0.9175	211.0	1055.0	0.6666666666666666
32972	322	0	5	0.7975	189.2	946.0	0.3333333333333333
32973	113	0	5	0.275	32.6	163.0	0.6666666666666666
32974	242	0	5	0.5975	240.0	1200.0	0.0
32975	135	0	5	0.33	118.2	591.0	0.0
32976	342	0	5	0.8475	163.2	816.0	0.3333333333333333
32977	81	0	5	0.195	79.0	395.0	0.0
32978	293	1	3	0.73	262.0	1310.0	1.0
32979	241	0	5	0.595	129.8	649.0	0.6666666666666666
32980	150	0	5	0.3675	88.0	440.0	0.0
32981	394	1	4	0.9825	127.0	635.0	1.0
32982	204	0	5	0.5025	174.4	872.0	0.3333333333333333
32983	206	0	5	0.5075	132.6	663.0	0.3333333333333333
32984	207	0	5	0.51	154.2	771.0	0.3333333333333333
32985	107	0	5	0.26	47.0	235.0	0.6666666666666666
32986	254	0	5	0.6275	111.2	556.0	0.3333333333333333
32987	337	0	5	0.835	242.2	1211.0	0.6666666666666666
32988	189	0	5	0.465	182.4	912.0	0.6666666666666666
32989	266	0	5	0.6575	215.2	1076.0	0.0
32990	123	0	5	0.3	102.2	511.0	0.3333333333333333
32991	74	0	5	0.1775	72.0	360.0	0.0
32992	209	0	5	0.515	62.2	311.0	0.6666666666666666
32993	253	0	5	0.625	108.4	542.0	0.3333333333333333
32994	220	0	5	0.5425	141.2	706.0	0.0
32995	241	0	5	0.595	84.8	424.0	0.3333333333333333
32996	342	0	5	0.8475	208.2	1041.0	0.6666666666666666
32997	352	0	5	0.8725	263.0	1315.0	0.6666666666666666
32998	197	0	5	0.485	98.8	494.0	0.6666666666666666
32999	86	0	5	0.2075	82.2	411.0	0.3333333333333333
33000	115	0	5	0.28	96.2	481.0	0.6666666666666666
33001	122	0	5	0.2975	48.0	240.0	0.3333333333333333
33002	107	0	5	0.26	105.0	525.0	0.0
33003	65	0	5	0.155	63.0	315.0	0.0
33004	268	0	5	0.6625	259.2	1296.0	0.3333333333333333
33005	44	0	5	0.1025	42.0	210.0	0.0
33006	367	1	4	0.915	179.0	895.0	1.0
33007	184	0	5	0.4525	83.6	418.0	0.0
33008	225	0	5	0.555	94.0	470.0	0.6666666666666666
33009	156	0	5	0.3825	144.4	722.0	0.0
33010	315	0	5	0.78	186.4	932.0	0.6666666666666666
33011	365	0	5	0.905	240.8	1204.0	0.6666666666666666
33012	85	0	5	0.205	71.8	359.0	0.3333333333333333
33013	119	0	5	0.29	94.6	473.0	0.3333333333333333
33014	248	1	4	0.6175	146.0	730.0	1.0
33015	364	0	5	0.9025	195.6	978.0	0.3333333333333333
33016	327	0	5	0.81	232.2	1161.0	0.6666666666666666
33017	217	0	5	0.535	147.4	737.0	0.3333333333333333
33018	355	0	5	0.88	175.4	877.0	0.6666666666666666
33019	152	0	5	0.3725	111.6	558.0	0.3333333333333333
33020	271	1	4	0.675	129.8	649.0	1.0
33021	368	0	5	0.9125	239.8	1199.0	0.6666666666666666
33022	80	0	5	0.1925	45.6	228.0	0.6666666666666666
33023	33	0	5	0.075	24.4	122.0	0.0
33024	275	0	5	0.68	223.8	1119.0	0.6666666666666666
33025	218	0	5	0.5375	58.4	292.0	0.3333333333333333
33026	247	0	5	0.61	78.4	392.0	0.6666666666666666
33027	76	0	5	0.1825	74.0	370.0	0.0
33028	269	0	5	0.665	112.8	564.0	0.3333333333333333
33029	366	0	5	0.9075	147.2	736.0	0.6666666666666666
33030	378	0	5	0.9375	246.8	1234.0	0.6666666666666666
33031	195	0	5	0.48	190.6	953.0	0.3333333333333333
33032	28	0	5	0.0625	21.2	106.0	0.3333333333333333
33033	349	1	4	0.87	172.4	862.0	1.0
33034	349	0	5	0.865	223.8	1119.0	0.6666666666666666
33035	68	0	5	0.1625	65.2	326.0	0.3333333333333333
33036	209	0	5	0.515	107.4	537.0	0.6666666666666666
33037	340	0	5	0.8425	174.0	870.0	0.3333333333333333
33038	321	0	5	0.795	203.2	1016.0	0.6666666666666666
33039	234	1	4	0.5825	97.0	485.0	1.0
33040	258	0	5	0.6375	167.4	837.0	0.3333333333333333
33041	94	0	5	0.2275	58.4	292.0	0.6666666666666666
33042	154	0	5	0.3775	138.2	691.0	0.3333333333333333
33043	45	0	5	0.105	19.0	95.0	0.0
33044	353	0	5	0.875	263.8	1319.0	0.3333333333333333
33045	153	0	5	0.375	123.4	617.0	0.0
33046	350	1	4	0.8725	236.0	1180.0	1.0
33047	29	0	5	0.065	27.0	135.0	0.0
33048	285	0	5	0.705	143.2	716.0	0.6666666666666666
33049	137	0	5	0.335	124.4	622.0	0.3333333333333333
33050	362	0	5	0.8975	120.2	601.0	0.6666666666666666
33051	397	1	4	0.99	275.4	1377.0	1.0
33052	72	0	5	0.1725	70.0	350.0	0.0
33053	30	0	5	0.0675	28.0	140.0	0.0
33054	111	1	4	0.275	45.4	227.0	1.0
33055	353	0	5	0.875	195.4	977.0	0.6666666666666666
33056	401	0	4	0.9975	246.6	1233.0	0.6666666666666666
33057	258	0	5	0.6375	163.6	818.0	0.6666666666666666
33058	84	0	5	0.2025	82.0	410.0	0.0
33059	116	0	5	0.2825	88.8	444.0	0.0
33060	24	0	5	0.0525	22.0	110.0	0.0
33061	291	0	5	0.72	147.0	735.0	0.3333333333333333
33062	333	0	5	0.825	173.2	866.0	0.6666666666666666
33063	178	0	5	0.4375	176.0	880.0	0.0
33064	109	0	5	0.265	26.6	133.0	0.6666666666666666
33065	105	0	5	0.255	40.8	204.0	0.0
33066	163	0	5	0.4	133.8	669.0	0.3333333333333333
33067	110	0	5	0.2675	66.8	334.0	0.3333333333333333
33068	55	0	5	0.13	53.0	265.0	0.0
33069	213	0	5	0.525	140.8	704.0	0.3333333333333333
33070	364	0	5	0.9025	123.2	616.0	0.6666666666666666
33071	221	0	5	0.545	96.6	483.0	0.3333333333333333
33072	245	0	5	0.605	195.0	975.0	0.6666666666666666
33073	227	0	5	0.56	134.6	673.0	0.6666666666666666
33074	216	0	5	0.5325	214.0	1070.0	0.6666666666666666
33075	86	0	5	0.2075	84.0	420.0	0.0
33076	358	0	5	0.8875	240.4	1202.0	0.6666666666666666
33077	129	0	5	0.315	87.2	436.0	0.3333333333333333
33078	99	0	5	0.24	88.0	440.0	0.3333333333333333
33079	292	0	5	0.7225	143.6	718.0	0.3333333333333333
33080	45	0	5	0.105	27.0	135.0	0.3333333333333333
33081	178	0	5	0.4375	132.0	660.0	0.3333333333333333
33082	252	0	5	0.6225	74.0	370.0	0.6666666666666666
33083	127	0	5	0.31	114.6	573.0	0.3333333333333333
33084	352	0	5	0.8725	272.8	1364.0	0.3333333333333333
33085	231	0	5	0.57	119.4	597.0	0.6666666666666666
33086	115	0	5	0.28	47.4	237.0	0.0
33087	340	0	5	0.8425	82.0	410.0	0.6666666666666666
33088	194	0	5	0.4775	42.8	214.0	0.3333333333333333
33089	45	0	5	0.105	27.8	139.0	0.3333333333333333
33090	390	1	4	0.9725	254.8	1274.0	1.0
33091	126	0	5	0.3075	60.2	301.0	0.3333333333333333
33092	275	0	5	0.68	249.0	1245.0	0.3333333333333333
33093	382	0	5	0.9475	277.0	1385.0	0.6666666666666666
33094	236	0	5	0.5825	234.0	1170.0	0.3333333333333333
33095	279	0	5	0.69	227.6	1138.0	0.3333333333333333
33096	96	0	5	0.2325	78.0	390.0	0.3333333333333333
33097	272	0	5	0.6725	224.4	1122.0	0.6666666666666666
33098	395	0	5	0.98	282.2	1411.0	0.3333333333333333
33099	311	0	5	0.77	109.0	545.0	0.6666666666666666
33100	171	0	5	0.42	169.0	845.0	0.0
33101	352	0	5	0.8725	200.2	1001.0	0.3333333333333333
33102	256	0	5	0.6325	87.6	438.0	0.3333333333333333
33103	371	0	5	0.92	199.4	997.0	0.6666666666666666
33104	19	0	5	0.04	17.0	85.0	0.0
33105	261	1	4	0.65	115.4	577.0	1.0
33106	318	0	5	0.7875	129.4	647.0	0.6666666666666666
33107	101	0	5	0.245	69.0	345.0	0.0
33108	348	1	4	0.8675	170.4	852.0	1.0
33109	393	1	4	0.98	201.6	1008.0	1.0
33110	197	0	5	0.485	152.6	763.0	0.3333333333333333
33111	310	0	5	0.7675	65.8	329.0	0.6666666666666666
33112	218	0	5	0.5375	106.8	534.0	0.6666666666666666
33113	82	0	5	0.1975	80.0	400.0	0.0
33114	328	1	4	0.8175	205.8	1029.0	1.0
33115	123	0	5	0.3	100.8	504.0	0.3333333333333333
33116	195	0	5	0.48	172.0	860.0	0.3333333333333333
33117	74	0	5	0.1775	72.0	360.0	0.0
33118	319	0	5	0.79	262.6	1313.0	0.6666666666666666
33119	27	0	5	0.06	25.0	125.0	0.0
33120	231	0	5	0.57	187.4	937.0	0.6666666666666666
33121	187	0	5	0.46	157.8	789.0	0.3333333333333333
33122	114	0	5	0.2775	112.0	560.0	0.0
33123	56	0	5	0.1325	21.6	108.0	0.3333333333333333
33124	164	0	5	0.4025	162.0	810.0	0.0
33125	168	0	5	0.4125	164.0	820.0	0.0
33126	363	0	5	0.9	274.6	1373.0	0.6666666666666666
33127	107	0	5	0.26	105.0	525.0	0.0
33128	79	0	5	0.19	63.0	315.0	0.0
33129	102	0	5	0.2475	69.2	346.0	0.3333333333333333
33130	217	0	5	0.535	149.6	748.0	0.6666666666666666
33131	174	0	5	0.4275	94.6	473.0	0.3333333333333333
33132	316	0	5	0.7825	106.0	530.0	0.6666666666666666
33133	147	0	5	0.36	138.2	691.0	0.3333333333333333
33134	41	0	5	0.095	21.8	109.0	0.3333333333333333
33135	229	0	5	0.565	81.4	407.0	0.6666666666666666
33136	128	0	5	0.3125	63.6	318.0	0.3333333333333333
33137	103	0	5	0.25	97.0	485.0	0.0
33138	389	0	5	0.965	180.0	900.0	0.6666666666666666
33139	285	1	4	0.71	205.4	1027.0	1.0
33140	301	0	5	0.745	183.8	919.0	0.0
33141	177	0	5	0.435	127.0	635.0	0.0
33142	134	0	5	0.3275	64.8	324.0	0.3333333333333333
33143	156	0	5	0.3825	107.6	538.0	0.3333333333333333
33144	176	0	5	0.4325	73.4	367.0	0.3333333333333333
33145	355	1	4	0.885	176.0	880.0	1.0
33146	188	0	5	0.4625	186.0	930.0	0.0
33147	104	0	5	0.2525	102.0	510.0	0.0
33148	182	0	5	0.4475	77.8	389.0	0.6666666666666666
33149	7	0	5	0.01	5.0	25.0	0.0
33150	112	0	5	0.2725	102.0	510.0	0.3333333333333333
33151	298	0	5	0.7375	237.8	1189.0	0.3333333333333333
33152	358	0	5	0.8875	223.6	1118.0	0.6666666666666666
33153	249	0	5	0.615	203.0	1015.0	0.3333333333333333
33154	208	0	5	0.5125	100.2	501.0	0.6666666666666666
33155	229	0	5	0.565	169.8	849.0	0.3333333333333333
33156	241	0	5	0.595	203.8	1019.0	0.3333333333333333
33157	158	0	5	0.3875	44.8	224.0	0.6666666666666666
33158	169	0	5	0.415	133.2	666.0	0.3333333333333333
33159	192	0	5	0.4725	131.2	656.0	0.0
33160	316	0	5	0.7825	115.2	576.0	0.6666666666666666
33161	282	0	5	0.6975	115.0	575.0	0.6666666666666666
33162	144	0	5	0.3525	134.0	670.0	0.3333333333333333
33163	311	0	5	0.77	172.0	860.0	0.6666666666666666
33164	162	0	5	0.3975	160.0	800.0	0.0
33165	8	0	5	0.0125	6.0	30.0	0.0
33166	55	0	5	0.13	42.6	213.0	0.0
33167	135	0	5	0.33	120.6	603.0	0.0
33168	401	0	5	0.995	137.4	687.0	0.6666666666666666
33169	122	0	5	0.2975	62.4	312.0	0.6666666666666666
33170	68	0	5	0.1625	66.0	330.0	0.0
33171	129	0	5	0.315	118.6	593.0	0.0
33172	191	0	5	0.47	108.0	540.0	0.3333333333333333
33173	294	0	5	0.7275	189.0	945.0	0.6666666666666666
33174	75	0	5	0.18	61.6	308.0	0.0
33175	249	0	5	0.615	247.0	1235.0	0.0
33176	205	0	5	0.505	160.6	803.0	0.3333333333333333
33177	250	0	5	0.6175	195.6	978.0	0.6666666666666666
33178	157	0	5	0.385	87.8	439.0	0.6666666666666666
33179	63	0	5	0.15	40.0	200.0	0.6666666666666666
33180	324	0	5	0.8025	234.2	1171.0	0.3333333333333333
33181	171	0	5	0.42	104.8	524.0	0.3333333333333333
33182	128	0	5	0.3125	122.4	612.0	0.3333333333333333
33183	377	0	5	0.935	246.4	1232.0	0.6666666666666666
33184	374	0	5	0.9275	115.8	579.0	0.6666666666666666
33185	233	0	5	0.575	62.6	313.0	0.6666666666666666
33186	132	0	5	0.3225	95.6	478.0	0.0
33187	30	0	5	0.0675	25.2	126.0	0.0
33188	386	1	4	0.9625	253.6	1268.0	1.0
33189	174	0	5	0.4275	140.0	700.0	0.3333333333333333
33190	91	0	5	0.22	59.0	295.0	0.3333333333333333
33191	7	0	5	0.01	5.0	25.0	0.0
33192	389	0	5	0.965	233.2	1166.0	0.6666666666666666
33193	269	0	5	0.665	136.4	682.0	0.3333333333333333
33194	5	0	5	0.005	3.0	15.0	0.0
33195	329	0	5	0.815	148.6	743.0	0.6666666666666666
33196	103	0	5	0.25	81.4	407.0	0.3333333333333333
33197	314	0	5	0.7775	103.8	519.0	0.3333333333333333
33198	119	0	5	0.29	117.0	585.0	0.0
33199	260	0	5	0.6425	223.6	1118.0	0.3333333333333333
33200	276	1	4	0.6875	94.4	472.0	1.0
33201	279	0	5	0.69	183.8	919.0	0.3333333333333333
33202	212	0	5	0.5225	194.2	971.0	0.0
33203	391	0	5	0.97	298.0	1490.0	0.6666666666666666
33204	251	0	5	0.62	114.2	571.0	0.6666666666666666
33205	10	0	5	0.0175	8.0	40.0	0.0
33206	144	0	5	0.3525	91.0	455.0	0.6666666666666666
33207	350	1	4	0.8725	150.8	754.0	1.0
33208	12	0	5	0.0225	10.0	50.0	0.0
33209	134	0	5	0.3275	110.4	552.0	0.3333333333333333
33210	27	0	5	0.06	18.4	92.0	0.3333333333333333
33211	388	0	5	0.9625	197.2	986.0	0.6666666666666666
33212	327	0	5	0.81	168.6	843.0	0.6666666666666666
33213	288	0	5	0.7125	163.2	816.0	0.3333333333333333
33214	188	0	5	0.4625	186.0	930.0	0.0
33215	310	1	4	0.7725	102.2	511.0	1.0
33216	216	1	3	0.5375	141.0	705.0	1.0
33217	107	0	5	0.26	105.0	525.0	0.0
33218	101	0	5	0.245	84.2	421.0	0.0
33219	255	0	5	0.63	177.0	885.0	0.3333333333333333
33220	194	0	5	0.4775	117.6	588.0	0.3333333333333333
33221	127	0	5	0.31	121.6	608.0	0.0
33222	386	0	5	0.9575	240.2	1201.0	0.3333333333333333
33223	253	0	5	0.625	247.0	1235.0	0.0
33224	141	0	5	0.345	87.4	437.0	0.3333333333333333
33225	146	0	5	0.3575	106.6	533.0	0.6666666666666666
33226	183	0	5	0.45	72.4	362.0	0.3333333333333333
33227	176	0	5	0.4325	96.0	480.0	0.3333333333333333
33228	95	0	5	0.23	93.0	465.0	0.0
33229	108	0	5	0.2625	64.0	320.0	0.6666666666666666
33230	108	0	5	0.2625	88.4	442.0	0.3333333333333333
33231	154	0	5	0.3775	110.0	550.0	0.0
33232	247	0	5	0.61	206.0	1030.0	0.0
33233	268	0	5	0.6625	152.0	760.0	0.3333333333333333
33234	192	0	5	0.4725	130.0	650.0	0.3333333333333333
33235	141	0	5	0.345	127.8	639.0	0.0
33236	237	0	5	0.585	196.6	983.0	0.3333333333333333
33237	355	0	5	0.88	282.2	1411.0	0.3333333333333333
33238	283	0	5	0.7	142.0	710.0	0.6666666666666666
33239	260	0	5	0.6425	198.8	994.0	0.3333333333333333
33240	110	0	5	0.2675	100.8	504.0	0.3333333333333333
33241	331	0	5	0.82	230.8	1154.0	0.3333333333333333
33242	297	0	5	0.735	226.8	1134.0	0.3333333333333333
33243	194	0	5	0.4775	45.4	227.0	0.6666666666666666
33244	342	0	5	0.8475	217.0	1085.0	0.3333333333333333
33245	73	0	5	0.175	47.6	238.0	0.6666666666666666
33246	14	0	5	0.0275	12.0	60.0	0.0
33247	261	0	5	0.645	130.2	651.0	0.3333333333333333
33248	124	0	5	0.3025	93.8	469.0	0.3333333333333333
33249	126	0	5	0.3075	124.0	620.0	0.0
33250	389	0	5	0.965	243.0	1215.0	0.6666666666666666
33251	264	0	5	0.6525	221.6	1108.0	0.0
33252	147	0	5	0.36	141.0	705.0	0.0
33253	165	0	5	0.405	163.0	815.0	0.0
33254	294	0	5	0.7275	153.0	765.0	0.3333333333333333
33255	277	0	5	0.685	173.8	869.0	0.0
33256	269	0	5	0.665	102.2	511.0	0.3333333333333333
33257	187	0	5	0.46	168.4	842.0	0.3333333333333333
33258	207	0	5	0.51	88.0	440.0	0.0
33259	140	0	5	0.3425	120.4	602.0	0.3333333333333333
33260	215	0	5	0.53	207.4	1037.0	0.3333333333333333
33261	303	0	5	0.75	279.0	1395.0	0.0
33262	76	0	5	0.1825	50.0	250.0	0.3333333333333333
33263	268	0	5	0.6625	247.2	1236.0	0.3333333333333333
33264	31	0	5	0.07	29.0	145.0	0.0
33265	365	0	5	0.905	164.0	820.0	0.6666666666666666
33266	376	0	5	0.9325	339.0	1695.0	0.6666666666666666
33267	375	0	5	0.93	230.4	1152.0	0.6666666666666666
33268	254	0	5	0.6275	235.4	1177.0	0.3333333333333333
33269	65	0	5	0.155	63.0	315.0	0.0
33270	386	0	5	0.9575	171.0	855.0	0.6666666666666666
33271	317	0	5	0.785	167.8	839.0	0.3333333333333333
33272	297	0	5	0.735	136.4	682.0	0.6666666666666666
33273	166	0	5	0.4075	53.6	268.0	0.3333333333333333
33274	34	0	5	0.0775	25.6	128.0	0.3333333333333333
33275	182	0	5	0.4475	154.2	771.0	0.3333333333333333
33276	263	0	5	0.65	138.0	690.0	0.6666666666666666
33277	244	0	5	0.6025	242.0	1210.0	0.0
33278	297	0	5	0.735	266.8	1334.0	0.3333333333333333
33279	318	0	5	0.7875	190.0	950.0	0.6666666666666666
33280	374	0	5	0.9275	143.8	719.0	0.6666666666666666
33281	82	0	5	0.1975	25.2	126.0	0.6666666666666666
33282	225	0	5	0.555	93.0	465.0	0.3333333333333333
33283	59	0	5	0.14	57.0	285.0	0.0
33284	192	0	5	0.4725	126.0	630.0	0.0
33285	34	0	5	0.0775	32.0	160.0	0.0
33286	73	0	5	0.175	36.8	184.0	0.3333333333333333
33287	318	0	5	0.7875	313.0	1565.0	0.3333333333333333
33288	320	0	5	0.7925	197.6	988.0	0.6666666666666666
33289	280	1	4	0.6975	229.8	1149.0	1.0
33290	98	0	5	0.2375	81.2	406.0	0.0
33291	249	0	5	0.615	189.6	948.0	0.6666666666666666
33292	9	0	5	0.015	7.0	35.0	0.0
33293	281	0	5	0.695	138.2	691.0	0.3333333333333333
33294	202	0	5	0.4975	200.0	1000.0	0.0
33295	320	0	5	0.7925	230.0	1150.0	0.3333333333333333
33296	132	0	5	0.3225	83.8	419.0	0.3333333333333333
33297	60	0	5	0.1425	58.0	290.0	0.0
33298	54	0	5	0.1275	40.8	204.0	0.0
33299	185	0	5	0.455	136.6	683.0	0.3333333333333333
33300	195	0	5	0.48	152.2	761.0	0.0
33301	311	0	5	0.77	188.2	941.0	0.6666666666666666
33302	389	1	4	0.97	277.6	1388.0	1.0
33303	350	0	5	0.8675	156.0	780.0	0.3333333333333333
33304	257	0	5	0.635	96.8	484.0	0.6666666666666666
33305	255	0	5	0.63	195.8	979.0	0.3333333333333333
33306	136	0	5	0.3325	56.4	282.0	0.3333333333333333
33307	190	0	5	0.4675	97.6	488.0	0.3333333333333333
33308	52	0	5	0.1225	34.4	172.0	0.6666666666666666
33309	350	0	5	0.8675	181.8	909.0	0.6666666666666666
33310	169	0	5	0.415	129.8	649.0	0.3333333333333333
33311	209	0	5	0.515	152.6	763.0	0.3333333333333333
33312	123	0	5	0.3	111.6	558.0	0.3333333333333333
33313	124	0	5	0.3025	122.0	610.0	0.0
33314	46	1	4	0.1125	18.8	94.0	1.0
33315	12	0	5	0.0225	10.0	50.0	0.0
33316	93	0	5	0.225	80.0	400.0	0.6666666666666666
33317	140	0	5	0.3425	138.0	690.0	0.0
33318	30	0	5	0.0675	28.0	140.0	0.0
33319	396	0	5	0.9825	174.6	873.0	0.3333333333333333
33320	212	1	4	0.5275	133.6	668.0	1.0
33321	272	0	5	0.6725	161.4	807.0	0.3333333333333333
33322	135	0	5	0.33	91.0	455.0	0.3333333333333333
33323	213	0	5	0.525	117.4	587.0	0.6666666666666666
33324	180	0	5	0.4425	146.4	732.0	0.6666666666666666
33325	237	0	5	0.585	217.0	1085.0	0.3333333333333333
33326	8	0	5	0.0125	5.4	27.0	0.3333333333333333
33327	338	1	4	0.8425	305.0	1525.0	1.0
33328	237	0	5	0.585	132.0	660.0	0.3333333333333333
33329	301	0	5	0.745	205.0	1025.0	0.3333333333333333
33330	20	0	5	0.0425	18.0	90.0	0.0
33331	50	0	5	0.1175	48.0	240.0	0.0
33332	221	0	5	0.545	125.8	629.0	0.3333333333333333
33333	193	0	5	0.475	68.2	341.0	0.3333333333333333
33334	343	0	5	0.85	140.6	703.0	0.3333333333333333
33335	200	0	5	0.4925	198.0	990.0	0.3333333333333333
33336	149	0	5	0.365	147.0	735.0	0.0
33337	382	0	5	0.9475	366.2	1831.0	0.3333333333333333
33338	398	0	5	0.9875	204.0	1020.0	0.6666666666666666
33339	331	0	5	0.82	162.4	812.0	0.3333333333333333
33340	146	0	5	0.3575	135.8	679.0	0.3333333333333333
33341	64	0	5	0.1525	47.0	235.0	0.3333333333333333
33342	334	0	5	0.8275	218.4	1092.0	0.6666666666666666
33343	50	0	5	0.1175	21.8	109.0	0.3333333333333333
33344	178	0	5	0.4375	111.2	556.0	0.3333333333333333
33345	327	0	5	0.81	167.4	837.0	0.6666666666666666
33346	113	0	5	0.275	101.4	507.0	0.3333333333333333
33347	317	0	5	0.785	206.2	1031.0	0.3333333333333333
33348	290	0	5	0.7175	208.0	1040.0	0.3333333333333333
33349	242	1	4	0.6025	192.4	962.0	1.0
33350	82	0	5	0.1975	54.2	271.0	0.0
33351	380	0	5	0.9425	244.2	1221.0	0.6666666666666666
33352	362	0	5	0.8975	111.0	555.0	0.6666666666666666
33353	318	0	5	0.7875	220.0	1100.0	0.6666666666666666
33354	312	0	5	0.7725	132.8	664.0	0.3333333333333333
33355	209	0	5	0.515	65.4	327.0	0.6666666666666666
33356	371	0	5	0.92	271.8	1359.0	0.6666666666666666
33357	64	0	5	0.1525	27.6	138.0	0.3333333333333333
33358	197	0	5	0.485	88.8	444.0	0.6666666666666666
33359	310	0	5	0.7675	175.6	878.0	0.6666666666666666
33360	38	0	5	0.0875	35.2	176.0	0.0
33361	131	0	5	0.32	88.2	441.0	0.3333333333333333
33362	258	0	5	0.6375	223.8	1119.0	0.3333333333333333
33363	319	0	5	0.79	234.6	1173.0	0.6666666666666666
33364	279	0	5	0.69	277.0	1385.0	0.3333333333333333
33365	71	0	5	0.17	64.2	321.0	0.0
33366	225	1	4	0.56	66.6	333.0	1.0
33367	203	0	5	0.5	109.4	547.0	0.3333333333333333
33368	98	0	5	0.2375	69.2	346.0	0.3333333333333333
33369	165	0	5	0.405	158.4	792.0	0.3333333333333333
33370	280	0	5	0.6925	135.2	676.0	0.6666666666666666
33371	383	0	5	0.95	254.0	1270.0	0.6666666666666666
33372	67	0	5	0.16	65.0	325.0	0.0
33373	136	0	5	0.3325	94.8	474.0	0.3333333333333333
33374	103	0	5	0.25	74.6	373.0	0.3333333333333333
33375	45	0	5	0.105	35.2	176.0	0.0
33376	401	0	5	0.995	339.4	1697.0	0.6666666666666666
33377	308	0	5	0.7625	144.4	722.0	0.6666666666666666
33378	251	0	5	0.62	132.6	663.0	0.6666666666666666
33379	133	0	5	0.325	60.0	300.0	0.3333333333333333
33380	124	0	5	0.3025	92.4	462.0	0.3333333333333333
33381	278	0	5	0.6875	250.4	1252.0	0.6666666666666666
33382	307	0	5	0.76	300.2	1501.0	0.0
33383	76	0	5	0.1825	70.4	352.0	0.0
33384	18	0	5	0.0375	16.0	80.0	0.0
33385	20	0	5	0.0425	18.0	90.0	0.0
33386	100	0	5	0.2425	62.8	314.0	0.3333333333333333
33387	355	1	4	0.885	166.6	833.0	1.0
33388	354	0	5	0.8775	228.6	1143.0	0.6666666666666666
33389	285	0	5	0.705	183.0	915.0	0.3333333333333333
33390	126	0	5	0.3075	79.2	396.0	0.3333333333333333
33391	397	0	5	0.985	361.8	1809.0	0.6666666666666666
33392	400	1	4	0.9975	171.2	856.0	1.0
33393	292	0	5	0.7225	70.8	354.0	0.3333333333333333
33394	353	1	4	0.88	271.8	1359.0	1.0
33395	70	0	5	0.1675	68.0	340.0	0.0
33396	162	0	5	0.3975	74.0	370.0	0.6666666666666666
33397	258	0	5	0.6375	140.8	704.0	0.3333333333333333
33398	94	0	5	0.2275	92.0	460.0	0.0
33399	322	0	5	0.7975	163.8	819.0	0.6666666666666666
33400	34	0	5	0.0775	32.0	160.0	0.0
33401	251	1	3	0.625	137.6	688.0	1.0
33402	101	0	5	0.245	70.8	354.0	0.0
33403	321	0	5	0.795	92.8	464.0	0.6666666666666666
33404	4	0	5	0.0025	2.0	10.0	0.0
33405	287	0	5	0.71	196.2	981.0	0.3333333333333333
33406	10	0	5	0.0175	8.0	40.0	0.0
33407	393	1	4	0.98	85.2	426.0	1.0
33408	197	0	5	0.485	56.6	283.0	0.3333333333333333
33409	263	0	5	0.65	60.2	301.0	0.6666666666666666
33410	386	1	4	0.9625	126.8	634.0	1.0
33411	33	0	5	0.075	31.0	155.0	0.0
33412	61	0	5	0.145	59.0	295.0	0.0
33413	157	0	5	0.385	121.0	605.0	0.3333333333333333
33414	278	0	5	0.6875	170.0	850.0	0.3333333333333333
33415	135	0	5	0.33	120.2	601.0	0.3333333333333333
33416	197	0	5	0.485	117.2	586.0	0.3333333333333333
33417	68	0	5	0.1625	66.0	330.0	0.0
33418	200	0	5	0.4925	107.8	539.0	0.3333333333333333
33419	308	0	5	0.7625	126.0	630.0	0.6666666666666666
33420	353	0	5	0.875	212.8	1064.0	0.3333333333333333
33421	57	0	5	0.135	18.2	91.0	0.3333333333333333
33422	81	0	5	0.195	78.4	392.0	0.0
33423	280	0	5	0.6925	90.0	450.0	0.6666666666666666
33424	385	0	5	0.955	211.8	1059.0	0.6666666666666666
33425	311	1	4	0.775	189.2	946.0	1.0
33426	45	0	5	0.105	20.6	103.0	0.3333333333333333
33427	103	0	5	0.25	34.6	173.0	0.3333333333333333
33428	128	0	5	0.3125	115.0	575.0	0.3333333333333333
33429	169	1	4	0.42	129.2	646.0	1.0
33430	23	0	5	0.05	21.0	105.0	0.0
33431	195	0	5	0.48	183.4	917.0	0.0
33432	26	0	5	0.0575	24.0	120.0	0.0
33433	214	0	5	0.5275	183.8	919.0	0.6666666666666666
33434	255	0	5	0.63	73.0	365.0	0.3333333333333333
33435	62	0	5	0.1475	60.0	300.0	0.0
33436	228	0	5	0.5625	173.6	868.0	0.6666666666666666
33437	49	0	5	0.115	47.0	235.0	0.0
33438	219	0	5	0.54	144.2	721.0	0.6666666666666666
33439	134	0	5	0.3275	132.0	660.0	0.0
33440	234	1	4	0.5825	169.0	845.0	1.0
33441	275	0	5	0.68	237.4	1187.0	0.3333333333333333
33442	322	0	5	0.7975	241.0	1205.0	0.3333333333333333
33443	231	0	5	0.57	116.2	581.0	0.3333333333333333
33444	363	0	5	0.9	152.6	763.0	0.6666666666666666
33445	240	0	5	0.5925	117.8	589.0	0.6666666666666666
33446	236	0	5	0.5825	129.8	649.0	0.3333333333333333
33447	88	0	5	0.2125	53.4	267.0	0.3333333333333333
33448	96	0	5	0.2325	59.2	296.0	0.3333333333333333
33449	353	1	4	0.88	78.6	393.0	1.0
33450	214	0	5	0.5275	112.4	562.0	0.3333333333333333
33451	94	0	5	0.2275	61.6	308.0	0.0
33452	115	0	5	0.28	55.4	277.0	0.3333333333333333
33453	41	0	5	0.095	18.4	92.0	0.6666666666666666
33454	200	0	5	0.4925	165.0	825.0	0.3333333333333333
33455	70	0	5	0.1675	56.0	280.0	0.0
33456	101	0	5	0.245	72.2	361.0	0.6666666666666666
33457	388	0	5	0.9625	216.4	1082.0	0.3333333333333333
33458	385	0	5	0.955	223.0	1115.0	0.3333333333333333
33459	350	0	5	0.8675	212.6	1063.0	0.6666666666666666
33460	20	0	5	0.0425	7.8	39.0	0.3333333333333333
33461	200	0	5	0.4925	160.6	803.0	0.3333333333333333
33462	157	0	5	0.385	139.4	697.0	0.0
33463	212	0	5	0.5225	168.2	841.0	0.3333333333333333
33464	330	0	5	0.8175	202.6	1013.0	0.6666666666666666
33465	242	0	5	0.5975	100.4	502.0	0.6666666666666666
33466	41	0	5	0.095	39.0	195.0	0.0
33467	385	0	5	0.955	180.2	901.0	0.6666666666666666
33468	303	0	5	0.75	100.8	504.0	0.6666666666666666
33469	184	0	5	0.4525	160.4	802.0	0.3333333333333333
33470	319	0	5	0.79	97.0	485.0	0.6666666666666666
33471	161	0	5	0.395	68.4	342.0	0.3333333333333333
33472	376	0	5	0.9325	121.4	607.0	0.6666666666666666
33473	378	1	4	0.9425	259.6	1298.0	1.0
33474	247	0	5	0.61	135.4	677.0	0.6666666666666666
33475	139	0	5	0.34	78.6	393.0	0.3333333333333333
33476	87	0	5	0.21	85.0	425.0	0.0
33477	148	0	5	0.3625	83.6	418.0	0.3333333333333333
33478	268	0	5	0.6625	160.6	803.0	0.3333333333333333
33479	272	1	4	0.6775	140.6	703.0	1.0
33480	263	0	5	0.65	240.0	1200.0	0.3333333333333333
33481	246	0	5	0.6075	135.6	678.0	0.3333333333333333
33482	254	0	5	0.6275	133.6	668.0	0.0
33483	85	0	5	0.205	83.0	415.0	0.0
33484	140	0	5	0.3425	117.6	588.0	0.3333333333333333
33485	96	0	5	0.2325	53.2	266.0	0.6666666666666666
33486	153	0	5	0.375	133.8	669.0	0.3333333333333333
33487	177	0	5	0.435	175.0	875.0	0.0
33488	145	0	5	0.355	127.8	639.0	0.3333333333333333
33489	79	0	5	0.19	75.4	377.0	0.3333333333333333
33490	210	1	4	0.5225	79.4	397.0	1.0
33491	290	1	3	0.7225	192.2	961.0	1.0
33492	156	0	5	0.3825	135.6	678.0	0.3333333333333333
33493	279	1	4	0.695	157.8	789.0	1.0
33494	139	0	5	0.34	112.4	562.0	0.3333333333333333
33495	182	0	5	0.4475	77.0	385.0	0.3333333333333333
33496	60	0	5	0.1425	58.0	290.0	0.0
33497	290	1	4	0.7225	120.0	600.0	1.0
33498	288	0	5	0.7125	94.0	470.0	0.3333333333333333
33499	381	0	5	0.945	233.0	1165.0	0.6666666666666666
33500	330	0	5	0.8175	179.2	896.0	0.6666666666666666
33501	379	1	4	0.945	304.0	1520.0	1.0
33502	287	0	5	0.71	278.2	1391.0	0.3333333333333333
33503	377	0	5	0.935	208.6	1043.0	0.6666666666666666
33504	209	0	5	0.515	96.4	482.0	0.3333333333333333
33505	28	0	5	0.0625	26.0	130.0	0.0
33506	372	1	4	0.9275	230.4	1152.0	1.0
33507	74	0	5	0.1775	32.8	164.0	0.3333333333333333
33508	214	0	5	0.5275	185.6	928.0	0.0
33509	64	0	5	0.1525	62.0	310.0	0.0
33510	56	0	5	0.1325	54.0	270.0	0.0
33511	376	0	5	0.9325	116.0	580.0	0.6666666666666666
33512	235	0	5	0.58	112.6	563.0	0.6666666666666666
33513	174	0	5	0.4275	120.6	603.0	0.3333333333333333
33514	62	0	5	0.1475	28.0	140.0	0.3333333333333333
33515	272	0	5	0.6725	175.6	878.0	0.6666666666666666
33516	56	0	5	0.1325	54.0	270.0	0.0
33517	101	1	4	0.25	86.4	432.0	1.0
33518	305	0	5	0.755	213.0	1065.0	0.6666666666666666
33519	128	0	5	0.3125	126.0	630.0	0.0
33520	380	1	3	0.9475	158.6	793.0	1.0
33521	243	0	5	0.6	191.2	956.0	0.3333333333333333
33522	323	0	5	0.8	107.4	537.0	0.6666666666666666
33523	242	0	5	0.5975	180.2	901.0	0.3333333333333333
33524	368	0	5	0.9125	252.0	1260.0	0.6666666666666666
33525	114	0	5	0.2775	39.2	196.0	0.3333333333333333
33526	215	0	5	0.53	99.4	497.0	0.6666666666666666
33527	259	0	5	0.64	94.6	473.0	0.3333333333333333
33528	143	0	5	0.35	89.4	447.0	0.3333333333333333
33529	322	1	4	0.8025	126.4	632.0	1.0
33530	367	0	5	0.91	288.2	1441.0	0.6666666666666666
33531	156	0	5	0.3825	110.4	552.0	0.0
33532	287	0	5	0.71	131.2	656.0	0.0
33533	355	0	5	0.88	298.2	1491.0	0.6666666666666666
33534	164	0	5	0.4025	162.0	810.0	0.0
33535	144	0	5	0.3525	142.0	710.0	0.0
33536	215	0	5	0.53	116.2	581.0	0.3333333333333333
33537	108	0	5	0.2625	88.2	441.0	0.3333333333333333
33538	122	0	5	0.2975	120.0	600.0	0.0
33539	105	0	5	0.255	90.0	450.0	0.3333333333333333
33540	18	0	5	0.0375	16.0	80.0	0.0
33541	243	0	5	0.6	114.2	571.0	0.3333333333333333
33542	393	0	5	0.975	209.0	1045.0	0.6666666666666666
33543	359	0	5	0.89	199.8	999.0	0.6666666666666666
33544	210	0	5	0.5175	152.8	764.0	0.0
33545	230	0	5	0.5675	93.2	466.0	0.6666666666666666
33546	246	0	5	0.6075	135.6	678.0	0.6666666666666666
33547	49	0	5	0.115	45.4	227.0	0.0
33548	160	0	5	0.3925	122.8	614.0	0.0
33549	332	0	5	0.8225	225.6	1128.0	0.3333333333333333
33550	232	1	4	0.5775	109.4	547.0	1.0
33551	75	0	5	0.18	73.0	365.0	0.0
33552	100	0	5	0.2425	79.6	398.0	0.6666666666666666
33553	95	1	4	0.235	70.2	351.0	1.0
33554	322	0	5	0.7975	168.6	843.0	0.3333333333333333
33555	151	0	5	0.37	137.8	689.0	0.0
33556	380	0	5	0.9425	200.6	1003.0	0.6666666666666666
33557	188	0	5	0.4625	168.6	843.0	0.6666666666666666
33558	49	0	5	0.115	41.2	206.0	0.3333333333333333
33559	210	0	5	0.5175	208.0	1040.0	0.3333333333333333
33560	78	0	5	0.1875	54.4	272.0	0.0
33561	327	0	5	0.81	121.0	605.0	0.6666666666666666
33562	138	0	5	0.3375	116.8	584.0	0.3333333333333333
33563	100	0	5	0.2425	73.8	369.0	0.3333333333333333
33564	378	0	5	0.9375	248.6	1243.0	0.6666666666666666
33565	63	0	5	0.15	22.6	113.0	0.3333333333333333
33566	386	0	5	0.9575	234.6	1173.0	0.6666666666666666
33567	77	0	5	0.185	62.2	311.0	0.3333333333333333
33568	52	0	5	0.1225	50.0	250.0	0.0
33569	117	0	5	0.285	107.8	539.0	0.3333333333333333
33570	277	0	5	0.685	275.0	1375.0	0.3333333333333333
33571	259	0	5	0.64	182.6	913.0	0.0
33572	124	1	3	0.3075	110.8	554.0	1.0
33573	119	0	5	0.29	73.2	366.0	0.3333333333333333
33574	397	0	5	0.985	195.4	977.0	0.6666666666666666
33575	398	0	5	0.9875	281.0	1405.0	0.6666666666666666
33576	191	0	5	0.47	93.4	467.0	0.3333333333333333
33577	297	0	5	0.735	177.8	889.0	0.6666666666666666
33578	225	0	5	0.555	169.6	848.0	0.3333333333333333
33579	381	0	5	0.945	142.8	714.0	0.6666666666666666
33580	204	0	5	0.5025	75.6	378.0	0.6666666666666666
33581	346	0	5	0.8575	205.8	1029.0	0.3333333333333333
33582	366	0	5	0.9075	134.4	672.0	0.6666666666666666
33583	295	0	5	0.73	93.0	465.0	0.6666666666666666
33584	15	0	5	0.03	9.8	49.0	0.3333333333333333
33585	190	0	5	0.4675	107.2	536.0	0.3333333333333333
33586	312	0	5	0.7725	207.6	1038.0	0.6666666666666666
33587	87	0	5	0.21	85.0	425.0	0.0
33588	292	0	5	0.7225	254.0	1270.0	0.6666666666666666
33589	317	0	5	0.785	224.8	1124.0	0.6666666666666666
33590	36	0	5	0.0825	34.0	170.0	0.0
33591	175	0	5	0.43	173.0	865.0	0.0
33592	355	1	4	0.885	239.0	1195.0	1.0
33593	163	0	5	0.4	142.2	711.0	0.3333333333333333
33594	83	0	5	0.2	65.8	329.0	0.3333333333333333
33595	214	1	4	0.5325	166.6	833.0	1.0
33596	182	0	5	0.4475	170.4	852.0	0.3333333333333333
33597	294	0	5	0.7275	191.6	958.0	0.6666666666666666
33598	223	0	5	0.55	169.4	847.0	0.6666666666666666
33599	385	0	5	0.955	168.8	844.0	0.6666666666666666
33600	145	0	5	0.355	143.0	715.0	0.0
33601	244	0	5	0.6025	182.8	914.0	0.6666666666666666
33602	98	0	5	0.2375	96.0	480.0	0.0
33603	289	0	5	0.715	202.6	1013.0	0.6666666666666666
33604	356	0	5	0.8825	108.4	542.0	0.6666666666666666
33605	330	0	5	0.8175	108.6	543.0	0.6666666666666666
33606	224	0	5	0.5525	179.2	896.0	0.0
33607	77	0	5	0.185	75.0	375.0	0.0
33608	87	0	5	0.21	61.0	305.0	0.6666666666666666
33609	114	0	5	0.2775	112.0	560.0	0.0
33610	383	0	5	0.95	251.2	1256.0	0.6666666666666666
33611	75	0	5	0.18	38.2	191.0	0.3333333333333333
33612	95	0	5	0.23	38.6	193.0	0.0
33613	125	0	5	0.305	86.6	433.0	0.6666666666666666
33614	40	0	5	0.0925	38.0	190.0	0.0
33615	229	0	5	0.565	61.4	307.0	0.6666666666666666
33616	263	0	5	0.65	81.8	409.0	0.3333333333333333
33617	201	0	5	0.495	125.0	625.0	0.3333333333333333
33618	379	1	3	0.945	274.0	1370.0	1.0
33619	149	0	5	0.365	147.0	735.0	0.0
33620	95	0	5	0.23	63.4	317.0	0.0
33621	297	0	5	0.735	75.0	375.0	0.6666666666666666
33622	343	0	5	0.85	246.8	1234.0	0.6666666666666666
33623	333	0	5	0.825	87.4	437.0	0.6666666666666666
33624	347	0	5	0.86	220.2	1101.0	0.3333333333333333
33625	293	0	5	0.725	231.2	1156.0	0.3333333333333333
33626	386	1	4	0.9625	133.2	666.0	1.0
33627	401	0	5	0.995	190.4	952.0	0.6666666666666666
33628	206	0	5	0.5075	160.8	804.0	0.0
33629	397	1	4	0.99	245.2	1226.0	1.0
33630	270	0	5	0.6675	193.0	965.0	0.0
33631	254	0	5	0.6275	70.4	352.0	0.6666666666666666
33632	9	0	5	0.015	7.0	35.0	0.0
33633	302	0	5	0.7475	157.6	788.0	0.6666666666666666
33634	170	0	5	0.4175	126.8	634.0	0.3333333333333333
33635	401	0	3	0.9975	212.2	1061.0	0.6666666666666666
33636	293	0	5	0.725	106.0	530.0	0.6666666666666666
33637	34	0	5	0.0775	29.0	145.0	0.3333333333333333
33638	204	0	5	0.5025	172.0	860.0	0.0
33639	366	0	5	0.9075	216.6	1083.0	0.6666666666666666
33640	329	1	4	0.82	208.8	1044.0	1.0
33641	206	0	5	0.5075	138.8	694.0	0.0
33642	279	1	4	0.695	229.0	1145.0	1.0
33643	28	0	5	0.0625	22.4	112.0	0.3333333333333333
33644	356	1	4	0.8875	245.4	1227.0	1.0
33645	120	0	5	0.2925	104.4	522.0	0.3333333333333333
33646	336	0	5	0.8325	122.4	612.0	0.6666666666666666
33647	55	0	5	0.13	23.4	117.0	0.0
33648	245	0	5	0.605	221.4	1107.0	0.0
33649	128	0	5	0.3125	121.6	608.0	0.3333333333333333
33650	365	0	5	0.905	211.8	1059.0	0.6666666666666666
33651	30	0	5	0.0675	22.6	113.0	0.3333333333333333
33652	275	0	5	0.68	123.6	618.0	0.6666666666666666
33653	16	0	5	0.0325	14.0	70.0	0.0
33654	111	0	5	0.27	109.0	545.0	0.0
33655	11	0	5	0.02	8.2	41.0	0.3333333333333333
33656	169	0	5	0.415	142.8	714.0	0.6666666666666666
33657	154	0	5	0.3775	152.0	760.0	0.0
33658	358	0	5	0.8875	269.8	1349.0	0.3333333333333333
33659	321	0	5	0.795	306.2	1531.0	0.3333333333333333
33660	277	0	5	0.685	243.8	1219.0	0.3333333333333333
33661	328	0	5	0.8125	118.4	592.0	0.3333333333333333
33662	215	0	5	0.53	127.6	638.0	0.0
33663	62	0	5	0.1475	60.0	300.0	0.0
33664	301	1	4	0.75	182.6	913.0	1.0
33665	115	0	5	0.28	113.0	565.0	0.3333333333333333
33666	244	0	5	0.6025	153.4	767.0	0.3333333333333333
33667	326	0	5	0.8075	223.4	1117.0	0.3333333333333333
33668	312	1	4	0.7775	234.0	1170.0	1.0
33669	56	0	5	0.1325	54.0	270.0	0.0
33670	267	0	5	0.66	220.8	1104.0	0.3333333333333333
33671	86	0	5	0.2075	59.6	298.0	0.3333333333333333
33672	399	0	5	0.99	143.2	716.0	0.6666666666666666
33673	367	0	5	0.91	195.0	975.0	0.3333333333333333
33674	97	0	5	0.235	42.2	211.0	0.6666666666666666
33675	362	0	5	0.8975	126.4	632.0	0.6666666666666666
33676	81	0	5	0.195	60.6	303.0	0.0
33677	283	0	5	0.7	170.2	851.0	0.6666666666666666
33678	196	0	5	0.4825	156.6	783.0	0.3333333333333333
33679	357	0	5	0.885	194.0	970.0	0.6666666666666666
33680	113	0	5	0.275	111.0	555.0	0.0
33681	154	0	5	0.3775	51.6	258.0	0.3333333333333333
33682	298	0	5	0.7375	282.6	1413.0	0.3333333333333333
33683	50	0	5	0.1175	48.0	240.0	0.3333333333333333
33684	376	1	4	0.9375	228.8	1144.0	1.0
33685	235	0	5	0.58	133.8	669.0	0.3333333333333333
33686	225	0	5	0.555	153.0	765.0	0.3333333333333333
33687	97	0	5	0.235	48.6	243.0	0.6666666666666666
33688	59	0	5	0.14	28.8	144.0	0.0
33689	178	1	4	0.4425	118.8	594.0	1.0
33690	145	0	5	0.355	118.2	591.0	0.3333333333333333
33691	320	1	4	0.7975	111.6	558.0	1.0
33692	244	0	5	0.6025	64.4	322.0	0.3333333333333333
33693	186	0	5	0.4575	145.4	727.0	0.6666666666666666
33694	268	0	5	0.6625	152.0	760.0	0.6666666666666666
33695	25	0	5	0.055	19.8	99.0	0.3333333333333333
33696	90	0	5	0.2175	63.2	316.0	0.3333333333333333
33697	339	1	4	0.845	154.8	774.0	1.0
33698	102	0	5	0.2475	59.4	297.0	0.3333333333333333
33699	252	0	5	0.6225	151.6	758.0	0.6666666666666666
33700	2	0	5	0.0	0.0	0.0	0.0
33701	327	0	5	0.81	186.6	933.0	0.6666666666666666
33702	157	0	5	0.385	98.4	492.0	0.3333333333333333
33703	372	0	5	0.9225	208.0	1040.0	0.6666666666666666
33704	330	1	4	0.8225	262.4	1312.0	1.0
33705	61	0	5	0.145	59.0	295.0	0.0
33706	316	0	5	0.7825	196.0	980.0	0.6666666666666666
33707	325	0	5	0.805	68.6	343.0	0.6666666666666666
33708	227	0	5	0.56	180.4	902.0	0.0
33709	223	0	5	0.55	109.0	545.0	0.6666666666666666
33710	170	1	4	0.4225	84.8	424.0	1.0
33711	246	0	5	0.6075	217.0	1085.0	0.3333333333333333
33712	196	0	5	0.4825	188.0	940.0	0.3333333333333333
33713	328	1	4	0.8175	250.6	1253.0	1.0
33714	308	0	5	0.7625	230.8	1154.0	0.6666666666666666
33715	114	0	5	0.2775	103.6	518.0	0.0
33716	121	0	5	0.295	60.2	301.0	0.3333333333333333
33717	221	0	5	0.545	158.4	792.0	0.3333333333333333
33718	163	0	5	0.4	40.2	201.0	0.0
33719	56	0	5	0.1325	52.8	264.0	0.0
33720	312	0	5	0.7725	225.0	1125.0	0.6666666666666666
33721	321	0	5	0.795	115.4	577.0	0.6666666666666666
33722	153	0	5	0.375	106.6	533.0	0.3333333333333333
33723	259	0	5	0.64	156.8	784.0	0.6666666666666666
33724	344	0	5	0.8525	246.0	1230.0	0.3333333333333333
33725	350	0	5	0.8675	206.0	1030.0	0.6666666666666666
33726	271	0	5	0.67	160.4	802.0	0.6666666666666666
33727	280	1	4	0.6975	231.6	1158.0	1.0
33728	279	0	5	0.69	69.0	345.0	0.6666666666666666
33729	118	0	5	0.2875	90.8	454.0	0.3333333333333333
33730	392	0	5	0.9725	274.0	1370.0	0.6666666666666666
33731	89	0	5	0.215	84.2	421.0	0.0
33732	360	0	5	0.8925	126.8	634.0	0.6666666666666666
33733	196	0	5	0.4825	56.4	282.0	0.6666666666666666
33734	279	0	5	0.69	172.4	862.0	0.3333333333333333
33735	262	0	5	0.6475	78.2	391.0	0.6666666666666666
33736	211	0	5	0.52	99.8	499.0	0.0
33737	42	0	5	0.0975	40.0	200.0	0.0
33738	276	0	5	0.6825	188.0	940.0	0.6666666666666666
33739	200	0	5	0.4925	191.2	956.0	0.0
33740	175	0	5	0.43	90.6	453.0	0.6666666666666666
33741	247	0	5	0.61	193.6	968.0	0.3333333333333333
33742	396	0	5	0.9825	97.6	488.0	0.6666666666666666
33743	155	0	5	0.38	56.8	284.0	0.6666666666666666
33744	221	0	5	0.545	219.0	1095.0	0.0
33745	282	0	5	0.6975	238.4	1192.0	0.6666666666666666
33746	214	0	5	0.5275	91.2	456.0	0.3333333333333333
33747	115	0	5	0.28	45.8	229.0	0.0
33748	225	0	5	0.555	98.2	491.0	0.6666666666666666
33749	236	1	4	0.5875	114.4	572.0	1.0
33750	168	0	5	0.4125	115.4	577.0	0.3333333333333333
33751	271	0	5	0.67	142.6	713.0	0.6666666666666666
33752	229	0	5	0.565	227.0	1135.0	0.0
33753	342	1	4	0.8525	268.0	1340.0	1.0
33754	15	0	5	0.03	13.0	65.0	0.0
33755	269	1	4	0.67	142.6	713.0	1.0
33756	97	0	5	0.235	78.2	391.0	0.3333333333333333
33757	40	0	5	0.0925	7.8	39.0	0.3333333333333333
33758	28	0	5	0.0625	26.0	130.0	0.0
33759	318	0	5	0.7875	224.2	1121.0	0.3333333333333333
33760	133	0	5	0.325	95.8	479.0	0.0
33761	298	0	5	0.7375	236.0	1180.0	0.3333333333333333
33762	112	0	5	0.2725	49.4	247.0	0.3333333333333333
33763	209	0	5	0.515	175.8	879.0	0.3333333333333333
33764	120	0	5	0.2925	92.0	460.0	0.0
33765	233	0	5	0.575	231.0	1155.0	0.0
33766	24	0	5	0.0525	22.0	110.0	0.0
33767	209	0	5	0.515	207.0	1035.0	0.0
33768	286	0	5	0.7075	228.0	1140.0	0.3333333333333333
33769	196	0	5	0.4825	186.4	932.0	0.0
33770	354	0	5	0.8775	251.0	1255.0	0.6666666666666666
33771	182	0	5	0.4475	180.0	900.0	0.3333333333333333
33772	26	0	5	0.0575	17.4	87.0	0.0
33773	73	0	5	0.175	71.0	355.0	0.0
33774	13	0	5	0.025	11.0	55.0	0.0
33775	207	0	5	0.51	143.8	719.0	0.0
33776	312	0	5	0.7725	202.0	1010.0	0.6666666666666666
33777	215	0	5	0.53	140.6	703.0	0.3333333333333333
33778	151	0	5	0.37	95.0	475.0	0.3333333333333333
33779	152	0	5	0.3725	88.2	441.0	0.3333333333333333
33780	289	0	5	0.715	114.2	571.0	0.6666666666666666
33781	133	0	5	0.325	113.2	566.0	0.3333333333333333
33782	97	0	5	0.235	81.4	407.0	0.3333333333333333
33783	89	0	5	0.215	57.4	287.0	0.3333333333333333
33784	256	0	5	0.6325	86.8	434.0	0.3333333333333333
33785	66	0	5	0.1575	50.6	253.0	0.3333333333333333
33786	84	0	5	0.2025	54.8	274.0	0.0
33787	153	0	5	0.375	102.4	512.0	0.0
33788	307	0	5	0.76	160.8	804.0	0.6666666666666666
33789	390	0	5	0.9675	239.6	1198.0	0.6666666666666666
33790	251	0	5	0.62	205.0	1025.0	0.0
33791	322	0	5	0.7975	168.8	844.0	0.6666666666666666
33792	66	0	5	0.1575	58.4	292.0	0.3333333333333333
33793	333	0	5	0.825	175.2	876.0	0.6666666666666666
33794	190	0	5	0.4675	128.2	641.0	0.3333333333333333
33795	251	0	5	0.62	223.8	1119.0	0.6666666666666666
33796	253	0	5	0.625	183.2	916.0	0.3333333333333333
33797	191	0	5	0.47	117.8	589.0	0.3333333333333333
33798	367	1	4	0.915	90.6	453.0	1.0
33799	232	0	5	0.5725	202.8	1014.0	0.0
33800	150	0	5	0.3675	144.0	720.0	0.3333333333333333
33801	121	0	5	0.295	119.0	595.0	0.0
33802	260	0	5	0.6425	134.4	672.0	0.6666666666666666
33803	358	0	5	0.8875	176.6	883.0	0.0
33804	48	0	5	0.1125	46.0	230.0	0.0
33805	245	0	5	0.605	109.0	545.0	0.3333333333333333
33806	69	0	5	0.165	40.6	203.0	0.3333333333333333
33807	309	0	5	0.765	237.6	1188.0	0.6666666666666666
33808	321	0	5	0.795	157.0	785.0	0.6666666666666666
33809	242	0	5	0.5975	93.6	468.0	0.6666666666666666
33810	178	0	5	0.4375	49.6	248.0	0.0
33811	243	0	5	0.6	69.8	349.0	0.3333333333333333
33812	401	0	5	0.995	221.0	1105.0	0.6666666666666666
33813	295	0	5	0.73	172.0	860.0	0.6666666666666666
33814	135	1	4	0.335	62.2	311.0	1.0
33815	298	0	5	0.7375	259.4	1297.0	0.3333333333333333
33816	92	0	5	0.2225	72.0	360.0	0.3333333333333333
33817	186	0	5	0.4575	108.8	544.0	0.3333333333333333
33818	128	0	5	0.3125	122.8	614.0	0.3333333333333333
33819	318	0	5	0.7875	223.4	1117.0	0.3333333333333333
33820	337	1	4	0.84	187.8	939.0	1.0
33821	302	0	5	0.7475	261.8	1309.0	0.3333333333333333
33822	152	0	5	0.3725	143.2	716.0	0.0
33823	134	0	5	0.3275	132.0	660.0	0.0
33824	378	1	4	0.9425	184.6	923.0	1.0
33825	172	0	5	0.4225	117.2	586.0	0.3333333333333333
33826	31	0	5	0.07	29.0	145.0	0.0
33827	330	0	5	0.8175	242.8	1214.0	0.6666666666666666
33828	251	0	5	0.62	153.0	765.0	0.0
33829	49	0	5	0.115	47.0	235.0	0.0
33830	249	0	5	0.615	102.4	512.0	0.3333333333333333
33831	125	0	5	0.305	113.6	568.0	0.3333333333333333
33832	250	0	5	0.6175	160.2	801.0	0.6666666666666666
33833	295	0	5	0.73	186.0	930.0	0.3333333333333333
33834	234	0	5	0.5775	125.6	628.0	0.3333333333333333
33835	308	0	5	0.7625	96.8	484.0	0.6666666666666666
33836	147	0	5	0.36	98.2	491.0	0.0
33837	71	0	5	0.17	69.0	345.0	0.0
33838	220	0	5	0.5425	93.2	466.0	0.0
33839	273	0	5	0.675	80.6	403.0	0.6666666666666666
33840	274	0	5	0.6775	83.2	416.0	0.3333333333333333
33841	137	0	5	0.335	104.0	520.0	0.6666666666666666
33842	146	0	5	0.3575	70.4	352.0	0.0
33843	385	1	4	0.96	146.6	733.0	1.0
33844	193	0	5	0.475	64.6	323.0	0.3333333333333333
33845	317	0	5	0.785	181.4	907.0	0.3333333333333333
33846	73	0	5	0.175	45.4	227.0	0.0
33847	169	0	5	0.415	136.4	682.0	0.0
33848	183	0	5	0.45	73.0	365.0	0.6666666666666666
33849	122	0	5	0.2975	74.4	372.0	0.3333333333333333
33850	131	0	5	0.32	59.4	297.0	0.3333333333333333
33851	74	0	5	0.1775	48.0	240.0	0.0
33852	71	0	5	0.17	17.0	85.0	0.3333333333333333
33853	135	0	5	0.33	133.0	665.0	0.0
33854	122	0	5	0.2975	120.0	600.0	0.0
33855	152	0	5	0.3725	101.4	507.0	0.0
33856	68	0	5	0.1625	66.0	330.0	0.0
33857	262	0	5	0.6475	221.4	1107.0	0.6666666666666666
33858	213	0	5	0.525	75.4	377.0	0.6666666666666666
33859	357	0	5	0.885	154.0	770.0	0.6666666666666666
33860	219	0	5	0.54	205.8	1029.0	0.3333333333333333
33861	216	0	5	0.5325	122.8	614.0	0.6666666666666666
33862	326	0	5	0.8075	187.8	939.0	0.3333333333333333
33863	144	0	5	0.3525	99.2	496.0	0.3333333333333333
33864	48	0	5	0.1125	46.0	230.0	0.0
33865	228	0	5	0.5625	180.4	902.0	0.3333333333333333
33866	357	0	5	0.885	171.0	855.0	0.6666666666666666
33867	179	0	5	0.44	165.6	828.0	0.3333333333333333
33868	175	0	5	0.43	125.6	628.0	0.6666666666666666
33869	354	0	5	0.8775	157.6	788.0	0.6666666666666666
33870	386	0	5	0.9575	179.4	897.0	0.3333333333333333
33871	37	0	5	0.085	35.0	175.0	0.0
33872	130	0	5	0.3175	111.2	556.0	0.0
33873	6	0	5	0.0075	4.0	20.0	0.0
33874	317	0	5	0.785	239.0	1195.0	0.6666666666666666
33875	48	0	5	0.1125	46.0	230.0	0.0
33876	280	0	5	0.6925	108.2	541.0	0.0
33877	268	0	5	0.6625	183.6	918.0	0.3333333333333333
33878	310	0	5	0.7675	205.6	1028.0	0.6666666666666666
33879	105	0	5	0.255	103.0	515.0	0.3333333333333333
33880	362	0	5	0.8975	192.2	961.0	0.6666666666666666
33881	352	0	5	0.8725	252.0	1260.0	0.3333333333333333
33882	198	0	5	0.4875	196.0	980.0	0.0
33883	62	0	5	0.1475	60.0	300.0	0.0
33884	235	0	5	0.58	196.8	984.0	0.3333333333333333
33885	324	0	5	0.8025	90.0	450.0	0.3333333333333333
33886	274	0	5	0.6775	157.2	786.0	0.3333333333333333
33887	42	0	5	0.0975	40.0	200.0	0.0
33888	165	0	5	0.405	116.2	581.0	0.3333333333333333
33889	221	0	5	0.545	98.2	491.0	0.3333333333333333
33890	181	1	4	0.45	118.6	593.0	1.0
33891	237	0	5	0.585	205.4	1027.0	0.3333333333333333
33892	190	0	5	0.4675	129.2	646.0	0.3333333333333333
33893	296	0	5	0.7325	186.6	933.0	0.6666666666666666
33894	148	0	5	0.3625	108.2	541.0	0.3333333333333333
33895	250	0	5	0.6175	186.4	932.0	0.3333333333333333
33896	243	0	5	0.6	180.4	902.0	0.3333333333333333
33897	204	0	5	0.5025	200.4	1002.0	0.3333333333333333
33898	223	0	5	0.55	127.0	635.0	0.6666666666666666
33899	343	0	5	0.85	227.2	1136.0	0.6666666666666666
33900	131	0	5	0.32	88.2	441.0	0.6666666666666666
33901	172	0	5	0.4225	102.0	510.0	0.3333333333333333
33902	212	0	5	0.5225	98.8	494.0	0.0
33903	366	0	5	0.9075	176.8	884.0	0.3333333333333333
33904	184	1	4	0.4575	72.8	364.0	1.0
33905	187	0	5	0.46	160.4	802.0	0.3333333333333333
33906	162	0	5	0.3975	105.6	528.0	0.3333333333333333
33907	59	0	5	0.14	39.0	195.0	0.0
33908	159	1	3	0.395	123.0	615.0	1.0
33909	59	0	5	0.14	57.0	285.0	0.0
33910	173	0	5	0.425	112.8	564.0	0.3333333333333333
33911	312	0	5	0.7725	178.6	893.0	0.0
33912	277	0	5	0.685	275.0	1375.0	0.0
33913	239	0	5	0.59	161.4	807.0	0.3333333333333333
33914	271	0	5	0.67	167.2	836.0	0.6666666666666666
33915	146	0	5	0.3575	126.0	630.0	0.6666666666666666
33916	394	0	5	0.9775	252.0	1260.0	0.6666666666666666
33917	208	1	4	0.5175	161.0	805.0	1.0
33918	49	1	3	0.12	23.2	116.0	1.0
33919	56	0	5	0.1325	48.2	241.0	0.0
33920	20	0	5	0.0425	18.0	90.0	0.0
33921	9	0	5	0.015	7.0	35.0	0.0
33922	167	0	5	0.41	124.6	623.0	0.3333333333333333
33923	142	0	5	0.3475	81.6	408.0	0.6666666666666666
33924	282	0	5	0.6975	212.4	1062.0	0.3333333333333333
33925	207	0	5	0.51	85.0	425.0	0.3333333333333333
33926	287	0	5	0.71	123.0	615.0	0.6666666666666666
33927	198	0	5	0.4875	78.2	391.0	0.0
33928	51	0	5	0.12	24.0	120.0	0.6666666666666666
33929	342	0	5	0.8475	220.0	1100.0	0.6666666666666666
33930	48	0	5	0.1125	46.0	230.0	0.0
33931	302	0	5	0.7475	196.4	982.0	0.6666666666666666
33932	396	0	5	0.9825	115.6	578.0	0.6666666666666666
33933	81	0	5	0.195	73.0	365.0	0.3333333333333333
33934	266	0	5	0.6575	137.2	686.0	0.6666666666666666
33935	247	0	5	0.61	114.6	573.0	0.6666666666666666
33936	119	0	5	0.29	79.8	399.0	0.0
33937	78	0	5	0.1875	66.6	333.0	0.0
33938	142	1	4	0.3525	50.8	254.0	1.0
33939	206	0	5	0.5075	130.4	652.0	0.3333333333333333
33940	83	0	5	0.2	79.8	399.0	0.0
33941	166	0	5	0.4075	164.0	820.0	0.0
33942	138	0	5	0.3375	79.6	398.0	0.6666666666666666
33943	401	0	5	0.995	119.0	595.0	0.6666666666666666
33944	301	0	5	0.745	271.0	1355.0	0.6666666666666666
33945	317	0	5	0.785	172.4	862.0	0.6666666666666666
33946	376	0	5	0.9325	120.4	602.0	0.6666666666666666
33947	264	0	5	0.6525	84.4	422.0	0.3333333333333333
33948	311	0	5	0.77	169.0	845.0	0.3333333333333333
33949	187	0	5	0.46	120.2	601.0	0.0
33950	376	1	4	0.9375	238.8	1194.0	1.0
33951	75	0	5	0.18	66.6	333.0	0.3333333333333333
33952	206	0	5	0.5075	200.4	1002.0	0.3333333333333333
33953	14	0	5	0.0275	12.0	60.0	0.0
33954	250	0	5	0.6175	156.4	782.0	0.6666666666666666
33955	79	0	5	0.19	25.8	129.0	0.3333333333333333
33956	69	0	5	0.165	49.8	249.0	0.3333333333333333
33957	390	0	5	0.9675	217.6	1088.0	0.6666666666666666
33958	349	0	5	0.865	194.0	970.0	0.6666666666666666
33959	353	0	5	0.875	129.8	649.0	0.6666666666666666
33960	154	0	5	0.3775	143.2	716.0	0.3333333333333333
33961	27	0	5	0.06	24.8	124.0	0.0
33962	69	0	5	0.165	39.8	199.0	0.3333333333333333
33963	6	0	5	0.0075	4.0	20.0	0.0
33964	32	0	5	0.0725	30.0	150.0	0.0
33965	347	0	5	0.86	237.0	1185.0	0.3333333333333333
33966	259	0	5	0.64	145.0	725.0	0.6666666666666666
33967	283	0	5	0.7	197.4	987.0	0.6666666666666666
33968	61	0	5	0.145	39.0	195.0	0.0
33969	346	0	5	0.8575	166.4	832.0	0.6666666666666666
33970	237	0	5	0.585	129.0	645.0	0.3333333333333333
33971	131	0	5	0.32	56.2	281.0	0.3333333333333333
33972	217	0	5	0.535	194.0	970.0	0.3333333333333333
33973	224	0	5	0.5525	104.6	523.0	0.6666666666666666
33974	233	0	5	0.575	152.8	764.0	0.3333333333333333
33975	271	0	5	0.67	241.0	1205.0	0.6666666666666666
33976	120	0	5	0.2925	73.6	368.0	0.0
33977	244	0	5	0.6025	101.6	508.0	0.3333333333333333
33978	315	0	5	0.78	284.2	1421.0	0.6666666666666666
33979	380	0	5	0.9425	105.6	528.0	0.6666666666666666
33980	216	0	5	0.5325	146.0	730.0	0.3333333333333333
33981	324	1	4	0.8075	207.0	1035.0	1.0
33982	118	0	5	0.2875	32.8	164.0	0.3333333333333333
33983	370	0	5	0.9175	228.4	1142.0	0.3333333333333333
33984	161	0	5	0.395	74.2	371.0	0.3333333333333333
33985	354	0	5	0.8775	265.2	1326.0	0.3333333333333333
33986	255	1	4	0.635	230.6	1153.0	1.0
33987	152	0	5	0.3725	82.8	414.0	0.3333333333333333
33988	148	0	5	0.3625	146.0	730.0	0.0
33989	352	0	5	0.8725	151.8	759.0	0.6666666666666666
33990	298	0	5	0.7375	290.0	1450.0	0.3333333333333333
33991	215	0	5	0.53	124.2	621.0	0.3333333333333333
33992	89	0	5	0.215	83.0	415.0	0.0
33993	325	0	5	0.805	266.2	1331.0	0.3333333333333333
33994	305	1	4	0.76	109.2	546.0	1.0
33995	337	1	4	0.84	118.6	593.0	1.0
33996	55	0	5	0.13	23.0	115.0	0.3333333333333333
33997	267	0	5	0.66	136.2	681.0	0.6666666666666666
33998	343	0	5	0.85	232.0	1160.0	0.6666666666666666
33999	63	0	5	0.15	53.4	267.0	0.3333333333333333
34000	148	0	5	0.3625	46.8	234.0	0.3333333333333333
34001	305	0	5	0.755	211.4	1057.0	0.0
34002	306	0	5	0.7575	119.4	597.0	0.3333333333333333
34003	218	0	5	0.5375	127.6	638.0	0.6666666666666666
34004	205	0	5	0.505	133.0	665.0	0.3333333333333333
34005	41	0	5	0.095	39.0	195.0	0.0
34006	294	0	5	0.7275	220.0	1100.0	0.3333333333333333
34007	28	0	5	0.0625	21.2	106.0	0.0
34008	33	0	5	0.075	22.0	110.0	0.3333333333333333
34009	299	0	5	0.74	199.0	995.0	0.3333333333333333
34010	48	0	5	0.1125	43.6	218.0	0.3333333333333333
34011	371	1	4	0.925	267.2	1336.0	1.0
34012	236	0	5	0.5825	134.0	670.0	0.3333333333333333
34013	38	0	5	0.0875	36.0	180.0	0.0
34014	246	0	5	0.6075	165.6	828.0	0.6666666666666666
34015	155	0	5	0.38	51.4	257.0	0.6666666666666666
34016	141	0	5	0.345	112.2	561.0	0.3333333333333333
34017	296	0	5	0.7325	191.2	956.0	0.3333333333333333
34018	241	0	5	0.595	223.2	1116.0	0.3333333333333333
34019	297	0	5	0.735	197.8	989.0	0.6666666666666666
34020	282	0	5	0.6975	273.4	1367.0	0.3333333333333333
34021	384	0	5	0.9525	228.2	1141.0	0.6666666666666666
34022	179	0	5	0.44	78.4	392.0	0.6666666666666666
34023	95	0	5	0.23	41.0	205.0	0.3333333333333333
34024	277	0	5	0.685	169.4	847.0	0.6666666666666666
34025	215	0	5	0.53	97.8	489.0	0.3333333333333333
34026	16	0	5	0.0325	13.2	66.0	0.3333333333333333
34027	247	0	5	0.61	98.2	491.0	0.6666666666666666
34028	364	0	5	0.9025	256.2	1281.0	0.6666666666666666
34029	220	0	5	0.5425	99.0	495.0	0.6666666666666666
34030	350	0	5	0.8675	203.8	1019.0	0.6666666666666666
34031	283	0	5	0.7	252.6	1263.0	0.6666666666666666
34032	131	0	5	0.32	97.8	489.0	0.3333333333333333
34033	108	0	5	0.2625	84.0	420.0	0.0
34034	216	0	5	0.5325	143.4	717.0	0.3333333333333333
34035	305	0	5	0.755	131.2	656.0	0.6666666666666666
34036	294	0	5	0.7275	259.4	1297.0	0.3333333333333333
34037	17	0	5	0.035	15.0	75.0	0.0
34038	144	0	5	0.3525	62.0	310.0	0.3333333333333333
34039	395	1	4	0.985	183.8	919.0	1.0
34040	305	0	5	0.755	201.8	1009.0	0.6666666666666666
34041	106	0	5	0.2575	69.6	348.0	0.6666666666666666
34042	198	0	5	0.4875	179.8	899.0	0.0
34043	281	0	5	0.695	137.4	687.0	0.6666666666666666
34044	106	0	5	0.2575	104.0	520.0	0.0
34045	38	0	5	0.0875	36.0	180.0	0.0
34046	71	0	5	0.17	69.0	345.0	0.0
34047	203	0	5	0.5	201.0	1005.0	0.3333333333333333
34048	205	0	5	0.505	84.6	423.0	0.3333333333333333
34049	139	0	5	0.34	70.6	353.0	0.3333333333333333
34050	58	0	5	0.1375	56.0	280.0	0.0
34051	306	0	5	0.7575	260.2	1301.0	0.3333333333333333
34052	371	0	5	0.92	247.8	1239.0	0.6666666666666666
34053	252	0	5	0.6225	205.0	1025.0	0.0
34054	255	0	5	0.63	81.8	409.0	0.6666666666666666
34055	152	0	5	0.3725	137.0	685.0	0.3333333333333333
34056	166	0	5	0.4075	50.4	252.0	0.3333333333333333
34057	295	0	5	0.73	116.4	582.0	0.6666666666666666
34058	210	0	5	0.5175	132.8	664.0	0.3333333333333333
34059	115	0	5	0.28	91.0	455.0	0.0
34060	116	0	5	0.2825	103.8	519.0	0.0
34061	169	0	5	0.415	99.8	499.0	0.6666666666666666
34062	311	0	5	0.77	201.8	1009.0	0.3333333333333333
34063	142	0	5	0.3475	125.2	626.0	0.6666666666666666
34064	198	0	5	0.4875	196.0	980.0	0.3333333333333333
34065	310	0	5	0.7675	133.0	665.0	0.6666666666666666
34066	169	0	5	0.415	141.4	707.0	0.3333333333333333
34067	329	0	5	0.815	175.4	877.0	0.6666666666666666
34068	188	0	5	0.4625	73.2	366.0	0.3333333333333333
34069	234	0	5	0.5775	202.4	1012.0	0.3333333333333333
34070	304	0	5	0.7525	154.8	774.0	0.6666666666666666
34071	220	0	5	0.5425	127.8	639.0	0.3333333333333333
34072	125	0	5	0.305	106.2	531.0	0.3333333333333333
34073	42	0	5	0.0975	36.4	182.0	0.0
34074	72	0	5	0.1725	50.8	254.0	0.3333333333333333
34075	389	0	5	0.965	212.2	1061.0	0.6666666666666666
34076	317	0	5	0.785	229.4	1147.0	0.6666666666666666
34077	29	0	5	0.065	16.6	83.0	0.0
34078	297	0	5	0.735	175.6	878.0	0.3333333333333333
34079	58	0	5	0.1375	36.8	184.0	0.0
34080	267	1	4	0.665	131.2	656.0	1.0
34081	259	0	5	0.64	131.4	657.0	0.3333333333333333
34082	260	0	5	0.6425	258.0	1290.0	0.0
34083	127	0	5	0.31	119.8	599.0	0.3333333333333333
34084	132	0	5	0.3225	130.0	650.0	0.0
34085	121	0	5	0.295	79.0	395.0	0.3333333333333333
34086	301	0	5	0.745	251.0	1255.0	0.3333333333333333
34087	371	0	5	0.92	105.0	525.0	0.6666666666666666
34088	221	0	5	0.545	109.2	546.0	0.6666666666666666
34089	284	0	5	0.7025	179.2	896.0	0.6666666666666666
34090	146	0	5	0.3575	94.8	474.0	0.0
34091	43	0	5	0.1	41.0	205.0	0.0
34092	273	0	5	0.675	191.0	955.0	0.3333333333333333
34093	293	0	5	0.725	89.6	448.0	0.6666666666666666
34094	341	0	5	0.845	120.4	602.0	0.3333333333333333
34095	209	0	5	0.515	47.8	239.0	0.3333333333333333
34096	348	1	4	0.8675	194.2	971.0	1.0
34097	172	0	5	0.4225	170.0	850.0	0.3333333333333333
34098	324	0	5	0.8025	254.2	1271.0	0.6666666666666666
34099	28	0	5	0.0625	24.4	122.0	0.3333333333333333
34100	142	1	4	0.3525	70.2	351.0	1.0
34101	71	0	5	0.17	45.0	225.0	0.3333333333333333
34102	235	0	5	0.58	73.0	365.0	0.3333333333333333
34103	356	1	4	0.8875	101.2	506.0	1.0
34104	347	0	5	0.86	283.2	1416.0	0.6666666666666666
34105	231	1	4	0.575	98.0	490.0	1.0
34106	269	1	4	0.67	198.8	994.0	1.0
34107	76	0	5	0.1825	64.2	321.0	0.3333333333333333
34108	149	0	5	0.365	93.0	465.0	0.3333333333333333
34109	292	0	5	0.7225	290.0	1450.0	0.0
34110	363	0	5	0.9	149.0	745.0	0.3333333333333333
34111	252	0	5	0.6225	219.8	1099.0	0.6666666666666666
34112	289	0	5	0.715	255.6	1278.0	0.3333333333333333
34113	359	0	5	0.89	176.6	883.0	0.6666666666666666
34114	314	0	5	0.7775	159.8	799.0	0.3333333333333333
34115	160	0	5	0.3925	90.0	450.0	0.3333333333333333
34116	228	0	5	0.5625	201.0	1005.0	0.6666666666666666
34117	63	0	5	0.15	32.2	161.0	0.6666666666666666
34118	38	0	5	0.0875	36.0	180.0	0.0
34119	305	0	5	0.755	228.4	1142.0	0.6666666666666666
34120	162	0	5	0.3975	109.8	549.0	0.3333333333333333
34121	175	0	5	0.43	173.0	865.0	0.0
34122	119	0	5	0.29	103.2	516.0	0.0
34123	374	0	5	0.9275	199.6	998.0	0.6666666666666666
34124	95	0	5	0.23	93.0	465.0	0.0
34125	306	0	5	0.7575	164.8	824.0	0.3333333333333333
34126	266	0	5	0.6575	197.0	985.0	0.3333333333333333
34127	168	0	5	0.4125	163.0	815.0	0.3333333333333333
34128	363	0	5	0.9	281.6	1408.0	0.6666666666666666
34129	243	0	5	0.6	118.6	593.0	0.0
34130	167	0	5	0.41	95.4	477.0	0.3333333333333333
34131	109	0	5	0.265	72.2	361.0	0.3333333333333333
34132	153	0	5	0.375	114.2	571.0	0.6666666666666666
34133	327	0	5	0.81	174.4	872.0	0.6666666666666666
34134	188	0	5	0.4625	182.0	910.0	0.3333333333333333
34135	179	0	5	0.44	135.4	677.0	0.6666666666666666
34136	19	0	5	0.04	17.0	85.0	0.0
34137	227	0	5	0.56	205.2	1026.0	0.3333333333333333
34138	103	0	5	0.25	101.0	505.0	0.0
34139	348	0	5	0.8625	182.8	914.0	0.6666666666666666
34140	145	0	5	0.355	143.0	715.0	0.0
34141	192	0	5	0.4725	94.0	470.0	0.6666666666666666
34142	249	0	5	0.615	166.2	831.0	0.3333333333333333
34143	244	0	5	0.6025	212.8	1064.0	0.0
34144	187	0	5	0.46	130.6	653.0	0.6666666666666666
34145	188	0	5	0.4625	104.4	522.0	0.3333333333333333
34146	292	0	5	0.7225	265.2	1326.0	0.3333333333333333
34147	298	0	5	0.7375	206.2	1031.0	0.3333333333333333
34148	174	0	5	0.4275	145.8	729.0	0.0
34149	316	0	5	0.7825	220.4	1102.0	0.3333333333333333
34150	180	1	4	0.4475	115.2	576.0	1.0
34151	299	0	5	0.74	192.2	961.0	0.6666666666666666
34152	253	0	5	0.625	116.8	584.0	0.3333333333333333
34153	33	0	5	0.075	31.0	155.0	0.0
34154	197	0	5	0.485	167.8	839.0	0.3333333333333333
34155	297	0	5	0.735	249.6	1248.0	0.0
34156	63	0	5	0.15	50.6	253.0	0.0
34157	116	0	5	0.2825	74.4	372.0	0.3333333333333333
34158	212	0	5	0.5225	118.8	594.0	0.3333333333333333
34159	265	0	5	0.655	208.8	1044.0	0.3333333333333333
34160	291	1	4	0.725	59.8	299.0	1.0
34161	185	0	5	0.455	111.4	557.0	0.3333333333333333
34162	120	0	5	0.2925	113.6	568.0	0.0
34163	172	0	5	0.4225	38.8	194.0	0.3333333333333333
34164	343	0	5	0.85	135.4	677.0	0.6666666666666666
34165	50	0	5	0.1175	48.0	240.0	0.0
34166	178	0	5	0.4375	176.0	880.0	0.0
34167	312	0	5	0.7725	161.2	806.0	0.3333333333333333
34168	264	0	5	0.6525	137.2	686.0	0.3333333333333333
34169	19	0	5	0.04	17.0	85.0	0.0
34170	340	0	5	0.8425	185.0	925.0	0.6666666666666666
34171	21	0	5	0.045	19.0	95.0	0.0
34172	206	0	5	0.5075	182.6	913.0	0.0
34173	256	0	5	0.6325	193.4	967.0	0.3333333333333333
34174	303	0	5	0.75	100.2	501.0	0.3333333333333333
34175	275	1	4	0.685	159.4	797.0	1.0
34176	120	0	5	0.2925	118.0	590.0	0.0
34177	124	0	5	0.3025	102.2	511.0	0.0
34178	54	0	5	0.1275	52.0	260.0	0.0
34179	256	0	5	0.6325	69.6	348.0	0.6666666666666666
34180	86	0	5	0.2075	60.8	304.0	0.3333333333333333
34181	63	0	5	0.15	61.0	305.0	0.0
34182	308	0	5	0.7625	186.6	933.0	0.6666666666666666
34183	224	0	5	0.5525	175.8	879.0	0.3333333333333333
34184	25	0	5	0.055	23.0	115.0	0.0
34185	63	0	5	0.15	42.4	212.0	0.3333333333333333
34186	213	0	5	0.525	94.4	472.0	0.6666666666666666
34187	14	0	5	0.0275	12.0	60.0	0.0
34188	290	0	5	0.7175	232.8	1164.0	0.6666666666666666
34189	125	0	5	0.305	65.4	327.0	0.3333333333333333
34190	349	0	5	0.865	238.6	1193.0	0.6666666666666666
34191	147	0	5	0.36	97.0	485.0	0.0
34192	230	0	5	0.5675	163.2	816.0	0.0
34193	305	0	5	0.755	172.6	863.0	0.3333333333333333
34194	180	0	5	0.4425	129.6	648.0	0.0
34195	320	0	5	0.7925	246.2	1231.0	0.6666666666666666
34196	385	0	5	0.955	205.0	1025.0	0.6666666666666666
34197	397	1	4	0.99	194.0	970.0	1.0
34198	83	0	5	0.2	60.6	303.0	0.0
34199	82	0	5	0.1975	78.2	391.0	0.3333333333333333
34200	152	0	5	0.3725	107.6	538.0	0.6666666666666666
34201	169	0	5	0.415	38.2	191.0	0.6666666666666666
34202	42	0	5	0.0975	40.0	200.0	0.0
34203	243	0	5	0.6	117.8	589.0	0.3333333333333333
34204	242	0	5	0.5975	148.4	742.0	0.3333333333333333
34205	232	1	4	0.5775	124.0	620.0	1.0
34206	226	0	5	0.5575	224.0	1120.0	0.0
34207	351	0	5	0.87	210.6	1053.0	0.0
34208	288	0	5	0.7125	234.8	1174.0	0.3333333333333333
34209	49	0	5	0.115	39.8	199.0	0.0
34210	36	0	5	0.0825	34.0	170.0	0.0
34211	187	0	5	0.46	156.0	780.0	0.6666666666666666
34212	166	0	5	0.4075	135.2	676.0	0.3333333333333333
34213	197	1	3	0.49	140.4	702.0	1.0
34214	91	0	5	0.22	68.2	341.0	0.3333333333333333
34215	71	0	5	0.17	44.2	221.0	0.3333333333333333
34216	54	0	5	0.1275	37.6	188.0	0.0
34217	170	0	5	0.4175	111.6	558.0	0.3333333333333333
34218	31	0	5	0.07	29.0	145.0	0.0
34219	62	0	5	0.1475	54.0	270.0	0.0
34220	35	0	5	0.08	21.0	105.0	0.3333333333333333
34221	198	0	5	0.4875	103.2	516.0	0.3333333333333333
34222	337	0	5	0.835	282.4	1412.0	0.6666666666666666
34223	384	1	4	0.9575	212.8	1064.0	1.0
34224	87	0	5	0.21	78.4	392.0	0.0
34225	107	0	5	0.26	86.6	433.0	0.3333333333333333
34226	13	0	5	0.025	11.0	55.0	0.0
34227	136	0	5	0.3325	130.0	650.0	0.3333333333333333
34228	22	0	5	0.0475	20.0	100.0	0.0
34229	335	0	5	0.83	157.2	786.0	0.6666666666666666
34230	143	0	5	0.35	141.0	705.0	0.0
34231	57	0	5	0.135	55.0	275.0	0.0
34232	237	0	5	0.585	201.8	1009.0	0.0
34233	311	0	5	0.77	176.4	882.0	0.3333333333333333
34234	91	0	5	0.22	89.0	445.0	0.0
34235	286	1	4	0.7125	150.2	751.0	1.0
34236	266	0	5	0.6575	217.8	1089.0	0.6666666666666666
34237	199	0	5	0.49	181.4	907.0	0.0
34238	247	0	5	0.61	83.8	419.0	0.3333333333333333
34239	247	1	4	0.615	159.0	795.0	1.0
34240	255	0	5	0.63	217.6	1088.0	0.6666666666666666
34241	288	1	4	0.7175	248.0	1240.0	1.0
34242	14	0	5	0.0275	5.0	25.0	0.0
34243	285	0	5	0.705	151.8	759.0	0.6666666666666666
34244	71	0	5	0.17	52.2	261.0	0.0
34245	175	0	5	0.43	106.6	533.0	0.6666666666666666
34246	344	0	5	0.8525	214.8	1074.0	0.6666666666666666
34247	4	0	5	0.0025	1.2	6.0	0.0
34248	79	0	5	0.19	66.4	332.0	0.3333333333333333
34249	225	1	4	0.56	209.8	1049.0	1.0
34250	18	0	5	0.0375	16.0	80.0	0.0
34251	193	0	5	0.475	130.6	653.0	0.6666666666666666
34252	240	0	5	0.5925	144.6	723.0	0.3333333333333333
34253	231	0	5	0.57	146.2	731.0	0.6666666666666666
34254	268	0	5	0.6625	217.4	1087.0	0.3333333333333333
34255	33	0	5	0.075	31.0	155.0	0.0
34256	174	0	5	0.4275	172.0	860.0	0.0
34257	36	0	5	0.0825	34.0	170.0	0.0
34258	178	0	5	0.4375	73.6	368.0	0.3333333333333333
34259	123	0	5	0.3	89.8	449.0	0.0
34260	121	0	5	0.295	59.6	298.0	0.3333333333333333
34261	369	1	4	0.92	207.2	1036.0	1.0
34262	244	0	5	0.6025	171.6	858.0	0.3333333333333333
34263	329	0	5	0.815	195.8	979.0	0.6666666666666666
34264	338	0	5	0.8375	189.6	948.0	0.6666666666666666
34265	230	0	5	0.5675	228.0	1140.0	0.0
34266	166	0	5	0.4075	101.6	508.0	0.3333333333333333
34267	42	0	5	0.0975	40.0	200.0	0.0
34268	178	0	5	0.4375	112.8	564.0	0.0
34269	180	0	5	0.4425	172.8	864.0	0.0
34270	129	0	5	0.315	56.6	283.0	0.6666666666666666
34271	112	0	5	0.2725	110.0	550.0	0.0
34272	364	1	4	0.9075	198.2	991.0	1.0
34273	51	0	5	0.12	42.0	210.0	0.3333333333333333
34274	190	0	5	0.4675	188.0	940.0	0.0
34275	330	0	5	0.8175	175.2	876.0	0.6666666666666666
34276	284	1	4	0.7075	190.0	950.0	1.0
34277	305	0	5	0.755	204.4	1022.0	0.3333333333333333
34278	401	0	5	0.995	228.8	1144.0	0.6666666666666666
34279	202	1	4	0.5025	94.8	474.0	1.0
34280	80	0	5	0.1925	33.0	165.0	0.3333333333333333
34281	84	0	5	0.2025	82.0	410.0	0.0
34282	375	0	5	0.93	118.4	592.0	0.6666666666666666
34283	256	0	5	0.6325	151.8	759.0	0.3333333333333333
34284	43	0	5	0.1	11.4	57.0	0.3333333333333333
34285	84	0	5	0.2025	71.2	356.0	0.0
34286	93	0	5	0.225	76.2	381.0	0.3333333333333333
34287	344	0	5	0.8525	85.0	425.0	0.3333333333333333
34288	312	0	5	0.7725	187.2	936.0	0.6666666666666666
34289	389	0	5	0.965	217.8	1089.0	0.6666666666666666
34290	292	1	4	0.7275	224.2	1121.0	1.0
34291	79	0	5	0.19	22.6	113.0	0.3333333333333333
34292	136	0	5	0.3325	64.0	320.0	0.6666666666666666
34293	73	0	5	0.175	69.8	349.0	0.0
34294	30	0	5	0.0675	28.0	140.0	0.0
34295	200	0	5	0.4925	146.0	730.0	0.3333333333333333
34296	379	0	5	0.94	344.0	1720.0	0.6666666666666666
34297	389	0	5	0.965	273.0	1365.0	0.6666666666666666
34298	79	0	5	0.19	67.4	337.0	0.0
34299	177	0	5	0.435	151.0	755.0	0.3333333333333333
34300	207	0	5	0.51	150.2	751.0	0.3333333333333333
34301	226	0	5	0.5575	200.4	1002.0	0.3333333333333333
34302	75	0	5	0.18	64.0	320.0	0.3333333333333333
34303	156	0	5	0.3825	154.0	770.0	0.0
34304	7	0	5	0.01	5.0	25.0	0.0
34305	252	0	5	0.6225	194.4	972.0	0.3333333333333333
34306	151	0	5	0.37	44.8	224.0	0.3333333333333333
34307	145	0	5	0.355	143.0	715.0	0.0
34308	53	0	5	0.125	16.2	81.0	0.3333333333333333
34309	339	0	5	0.84	241.6	1208.0	0.3333333333333333
34310	350	0	5	0.8675	137.2	686.0	0.6666666666666666
34311	202	0	5	0.4975	193.2	966.0	0.3333333333333333
34312	373	0	5	0.925	210.6	1053.0	0.6666666666666666
34313	157	0	5	0.385	121.6	608.0	0.6666666666666666
34314	246	0	5	0.6075	140.2	701.0	0.3333333333333333
34315	304	0	5	0.7525	237.2	1186.0	0.3333333333333333
34316	370	0	5	0.9175	184.2	921.0	0.6666666666666666
34317	157	0	5	0.385	110.2	551.0	0.3333333333333333
34318	34	0	5	0.0775	13.6	68.0	0.0
34319	256	1	4	0.6375	82.6	413.0	1.0
34320	141	0	5	0.345	58.2	291.0	0.3333333333333333
34321	157	0	5	0.385	75.8	379.0	0.3333333333333333
34322	314	1	4	0.7825	129.2	646.0	1.0
34323	92	0	5	0.2225	76.4	382.0	0.3333333333333333
34324	215	1	4	0.535	157.2	786.0	1.0
34325	346	0	5	0.8575	154.8	774.0	0.6666666666666666
34326	320	1	4	0.7975	171.8	859.0	1.0
34327	106	0	5	0.2575	104.0	520.0	0.0
34328	195	0	5	0.48	156.2	781.0	0.3333333333333333
34329	204	0	5	0.5025	137.6	688.0	0.3333333333333333
34330	146	0	5	0.3575	74.4	372.0	0.3333333333333333
34331	3	0	5	0.0025	0.8	4.0	0.3333333333333333
34332	74	0	5	0.1775	66.4	332.0	0.3333333333333333
34333	347	0	5	0.86	187.8	939.0	0.6666666666666666
34334	237	0	5	0.585	186.4	932.0	0.3333333333333333
34335	172	0	5	0.4225	53.2	266.0	0.6666666666666666
34336	87	0	5	0.21	70.4	352.0	0.3333333333333333
34337	194	0	5	0.4775	106.2	531.0	0.3333333333333333
34338	372	0	5	0.9225	196.0	980.0	0.6666666666666666
34339	209	0	5	0.515	90.0	450.0	0.3333333333333333
34340	186	0	5	0.4575	106.8	534.0	0.3333333333333333
34341	115	0	5	0.28	33.0	165.0	0.0
34342	332	0	5	0.8225	135.6	678.0	0.6666666666666666
34343	318	0	5	0.7875	236.0	1180.0	0.3333333333333333
34344	317	0	5	0.785	102.8	514.0	0.6666666666666666
34345	349	0	5	0.865	227.4	1137.0	0.6666666666666666
34346	283	0	5	0.7	258.0	1290.0	0.3333333333333333
34347	257	0	5	0.635	175.8	879.0	0.6666666666666666
34348	32	0	5	0.0725	11.0	55.0	0.3333333333333333
34349	164	0	5	0.4025	74.4	372.0	0.3333333333333333
34350	386	1	4	0.9625	194.4	972.0	1.0
34351	102	0	5	0.2475	43.6	218.0	0.3333333333333333
34352	382	0	5	0.9475	222.6	1113.0	0.6666666666666666
34353	152	0	5	0.3725	150.0	750.0	0.0
34354	180	0	5	0.4425	51.4	257.0	0.6666666666666666
34355	186	0	5	0.4575	140.4	702.0	0.3333333333333333
34356	191	0	5	0.47	177.4	887.0	0.0
34357	243	0	5	0.6	218.8	1094.0	0.6666666666666666
34358	237	0	5	0.585	205.6	1028.0	0.0
34359	138	0	5	0.3375	136.0	680.0	0.0
34360	93	0	5	0.225	78.2	391.0	0.3333333333333333
34361	229	0	5	0.565	227.0	1135.0	0.0
34362	86	0	5	0.2075	84.0	420.0	0.0
34363	372	1	4	0.9275	152.8	764.0	1.0
34364	338	0	5	0.8375	145.2	726.0	0.6666666666666666
34365	357	0	5	0.885	215.4	1077.0	0.3333333333333333
34366	39	0	5	0.09	36.8	184.0	0.3333333333333333
34367	173	0	5	0.425	138.6	693.0	0.0
34368	193	0	5	0.475	91.8	459.0	0.6666666666666666
34369	212	0	5	0.5225	138.0	690.0	0.3333333333333333
34370	148	0	5	0.3625	121.0	605.0	0.0
34371	25	0	5	0.055	20.2	101.0	0.0
34372	207	0	5	0.51	186.2	931.0	0.3333333333333333
34373	23	0	5	0.05	21.0	105.0	0.0
34374	296	0	5	0.7325	119.6	598.0	0.6666666666666666
34375	171	0	5	0.42	162.6	813.0	0.0
34376	94	0	5	0.2275	92.0	460.0	0.0
34377	179	0	5	0.44	133.2	666.0	0.0
34378	271	0	5	0.67	201.6	1008.0	0.3333333333333333
34379	300	0	5	0.7425	254.8	1274.0	0.3333333333333333
34380	339	0	5	0.84	84.0	420.0	0.3333333333333333
34381	372	0	5	0.9225	266.0	1330.0	0.6666666666666666
34382	21	0	5	0.045	19.0	95.0	0.0
34383	180	0	5	0.4425	91.2	456.0	0.3333333333333333
34384	212	0	5	0.5225	121.2	606.0	0.6666666666666666
34385	265	0	5	0.655	74.6	373.0	0.6666666666666666
34386	176	0	5	0.4325	62.0	310.0	0.6666666666666666
34387	215	0	5	0.53	131.8	659.0	0.6666666666666666
34388	311	0	5	0.77	210.4	1052.0	0.3333333333333333
34389	72	0	5	0.1725	70.0	350.0	0.0
34390	193	0	5	0.475	67.8	339.0	0.0
34391	155	0	5	0.38	110.4	552.0	0.6666666666666666
34392	239	0	5	0.59	186.6	933.0	0.6666666666666666
34393	144	0	5	0.3525	70.8	354.0	0.3333333333333333
34394	220	0	5	0.5425	102.4	512.0	0.6666666666666666
34395	119	0	5	0.29	99.8	499.0	0.3333333333333333
34396	123	0	5	0.3	32.6	163.0	0.6666666666666666
34397	354	0	5	0.8775	298.2	1491.0	0.6666666666666666
34398	32	0	5	0.0725	15.0	75.0	0.0
34399	169	0	5	0.415	108.6	543.0	0.0
34400	184	0	5	0.4525	138.8	694.0	0.6666666666666666
34401	385	1	4	0.96	143.2	716.0	1.0
34402	112	0	5	0.2725	86.0	430.0	0.0
34403	43	0	5	0.1	41.0	205.0	0.0
34404	94	0	5	0.2275	92.0	460.0	0.0
34405	335	0	5	0.83	121.6	608.0	0.6666666666666666
34406	39	0	5	0.09	37.0	185.0	0.0
34407	396	0	5	0.9825	176.0	880.0	0.6666666666666666
34408	286	0	5	0.7075	234.6	1173.0	0.3333333333333333
34409	380	1	4	0.9475	191.6	958.0	1.0
34410	294	0	5	0.7275	200.2	1001.0	0.3333333333333333
34411	7	0	5	0.01	5.0	25.0	0.0
34412	184	0	5	0.4525	78.4	392.0	0.6666666666666666
34413	301	0	5	0.745	200.8	1004.0	0.3333333333333333
34414	325	1	3	0.81	204.2	1021.0	1.0
34415	235	0	5	0.58	112.2	561.0	0.3333333333333333
34416	298	0	5	0.7375	223.2	1116.0	0.3333333333333333
34417	244	0	5	0.6025	224.6	1123.0	0.3333333333333333
34418	148	0	5	0.3625	146.0	730.0	0.0
34419	71	0	5	0.17	69.0	345.0	0.0
34420	240	1	4	0.5975	52.8	264.0	1.0
34421	24	0	5	0.0525	22.0	110.0	0.0
34422	220	0	5	0.5425	93.8	469.0	0.6666666666666666
34423	350	0	5	0.8675	111.0	555.0	0.6666666666666666
34424	205	0	5	0.505	140.6	703.0	0.3333333333333333
34425	187	0	5	0.46	158.4	792.0	0.3333333333333333
34426	16	0	5	0.0325	14.0	70.0	0.0
34427	265	0	5	0.655	101.4	507.0	0.3333333333333333
34428	141	0	5	0.345	120.4	602.0	0.3333333333333333
34429	191	0	5	0.47	125.4	627.0	0.0
34430	249	1	4	0.62	154.4	772.0	1.0
34431	380	0	5	0.9425	319.4	1597.0	0.6666666666666666
34432	148	0	5	0.3625	84.4	422.0	0.6666666666666666
34433	164	0	5	0.4025	105.8	529.0	0.6666666666666666
34434	162	0	5	0.3975	91.0	455.0	0.3333333333333333
34435	165	0	5	0.405	141.0	705.0	0.0
34436	358	1	4	0.8925	208.2	1041.0	1.0
34437	377	1	4	0.94	194.8	974.0	1.0
34438	215	1	4	0.535	121.4	607.0	1.0
34439	371	0	5	0.92	104.4	522.0	0.6666666666666666
34440	151	0	5	0.37	123.4	617.0	0.6666666666666666
34441	69	0	5	0.165	51.8	259.0	0.3333333333333333
34442	296	0	5	0.7325	156.8	784.0	0.3333333333333333
34443	319	0	5	0.79	204.2	1021.0	0.3333333333333333
34444	84	0	5	0.2025	77.4	387.0	0.3333333333333333
34445	217	0	5	0.535	188.2	941.0	0.0
34446	15	0	5	0.03	12.2	61.0	0.3333333333333333
34447	285	0	5	0.705	181.0	905.0	0.3333333333333333
34448	170	0	5	0.4175	49.6	248.0	0.3333333333333333
34449	339	0	5	0.84	206.2	1031.0	0.6666666666666666
34450	375	0	5	0.93	356.8	1784.0	0.6666666666666666
34451	382	1	4	0.9525	251.2	1256.0	1.0
34452	142	0	5	0.3475	140.0	700.0	0.0
34453	75	0	5	0.18	73.0	365.0	0.0
34454	220	0	5	0.5425	144.2	721.0	0.3333333333333333
34455	151	0	5	0.37	132.0	660.0	0.0
34456	306	0	5	0.7575	243.8	1219.0	0.3333333333333333
34457	386	1	4	0.9625	251.0	1255.0	1.0
34458	83	0	5	0.2	81.0	405.0	0.0
34459	274	0	5	0.6775	160.4	802.0	0.3333333333333333
34460	21	0	5	0.045	19.0	95.0	0.0
34461	401	0	4	0.9975	185.2	926.0	0.6666666666666666
34462	91	0	5	0.22	54.8	274.0	0.3333333333333333
34463	100	0	5	0.2425	82.0	410.0	0.3333333333333333
34464	354	0	5	0.8775	302.4	1512.0	0.6666666666666666
34465	215	0	5	0.53	139.8	699.0	0.6666666666666666
34466	300	0	5	0.7425	159.8	799.0	0.0
34467	205	0	5	0.505	136.4	682.0	0.0
34468	38	0	5	0.0875	10.4	52.0	0.3333333333333333
34469	126	0	5	0.3075	96.2	481.0	0.6666666666666666
34470	142	0	5	0.3475	140.0	700.0	0.3333333333333333
34471	225	0	5	0.555	141.8	709.0	0.6666666666666666
34472	34	0	5	0.0775	32.0	160.0	0.0
34473	246	0	5	0.6075	146.4	732.0	0.3333333333333333
34474	34	0	5	0.0775	31.4	157.0	0.3333333333333333
34475	154	0	5	0.3775	134.8	674.0	0.3333333333333333
34476	320	0	5	0.7925	166.2	831.0	0.3333333333333333
34477	55	0	5	0.13	27.4	137.0	0.3333333333333333
34478	365	1	4	0.91	215.6	1078.0	1.0
34479	292	1	4	0.7275	107.2	536.0	1.0
34480	99	0	5	0.24	93.0	465.0	0.3333333333333333
34481	389	0	5	0.965	134.2	671.0	0.6666666666666666
34482	51	0	5	0.12	37.0	185.0	0.3333333333333333
34483	393	0	5	0.975	317.6	1588.0	0.6666666666666666
34484	316	1	4	0.7875	142.8	714.0	1.0
34485	207	0	5	0.51	174.0	870.0	0.0
34486	135	0	5	0.33	47.8	239.0	0.3333333333333333
34487	315	0	5	0.78	224.2	1121.0	0.6666666666666666
34488	290	1	4	0.7225	214.8	1074.0	1.0
34489	189	0	5	0.465	70.8	354.0	0.6666666666666666
34490	368	0	5	0.9125	191.2	956.0	0.3333333333333333
34491	151	0	5	0.37	72.6	363.0	0.3333333333333333
34492	304	0	5	0.7525	216.2	1081.0	0.6666666666666666
34493	310	0	5	0.7675	211.0	1055.0	0.6666666666666666
34494	140	0	5	0.3425	71.6	358.0	0.6666666666666666
34495	222	0	5	0.5475	107.4	537.0	0.6666666666666666
34496	128	0	5	0.3125	82.0	410.0	0.0
34497	130	0	5	0.3175	53.6	268.0	0.3333333333333333
34498	284	0	5	0.7025	187.6	938.0	0.6666666666666666
34499	353	0	5	0.875	301.2	1506.0	0.6666666666666666
34500	56	0	5	0.1325	46.8	234.0	0.0
34501	28	0	5	0.0625	24.8	124.0	0.0
34502	221	0	5	0.545	162.6	813.0	0.6666666666666666
34503	127	0	5	0.31	78.6	393.0	0.3333333333333333
34504	134	0	5	0.3275	123.2	616.0	0.3333333333333333
34505	271	0	5	0.67	143.8	719.0	0.3333333333333333
34506	245	0	5	0.605	92.2	461.0	0.6666666666666666
34507	216	0	5	0.5325	118.2	591.0	0.3333333333333333
34508	166	0	5	0.4075	164.0	820.0	0.0
34509	138	0	5	0.3375	74.0	370.0	0.3333333333333333
34510	284	0	5	0.7025	153.6	768.0	0.3333333333333333
34511	378	0	5	0.9375	281.2	1406.0	0.6666666666666666
34512	119	0	5	0.29	83.4	417.0	0.3333333333333333
34513	391	0	5	0.97	182.6	913.0	0.3333333333333333
34514	387	0	5	0.96	265.0	1325.0	0.6666666666666666
34515	377	0	5	0.935	293.4	1467.0	0.6666666666666666
34516	258	1	4	0.6425	116.0	580.0	1.0
34517	5	0	5	0.005	3.0	15.0	0.0
34518	166	1	4	0.4125	103.2	516.0	1.0
34519	322	0	5	0.7975	262.6	1313.0	0.6666666666666666
34520	256	0	5	0.6325	121.0	605.0	0.6666666666666666
34521	310	0	5	0.7675	132.8	664.0	0.6666666666666666
34522	321	0	5	0.795	217.6	1088.0	0.6666666666666666
34523	143	0	5	0.35	141.0	705.0	0.0
34524	142	0	5	0.3475	123.2	616.0	0.6666666666666666
34525	379	1	4	0.945	249.6	1248.0	1.0
34526	283	0	5	0.7	165.6	828.0	0.3333333333333333
34527	45	0	5	0.105	43.0	215.0	0.0
34528	355	0	5	0.88	333.0	1665.0	0.6666666666666666
34529	205	0	5	0.505	61.0	305.0	0.6666666666666666
34530	104	0	5	0.2525	46.0	230.0	0.3333333333333333
34531	86	0	5	0.2075	84.0	420.0	0.0
34532	289	0	5	0.715	287.0	1435.0	0.0
34533	116	0	5	0.2825	63.0	315.0	0.3333333333333333
34534	357	0	5	0.885	199.2	996.0	0.6666666666666666
34535	167	0	5	0.41	149.0	745.0	0.0
34536	232	0	5	0.5725	202.6	1013.0	0.3333333333333333
34537	294	0	5	0.7275	259.2	1296.0	0.0
34538	112	0	5	0.2725	63.8	319.0	0.3333333333333333
34539	33	0	5	0.075	23.8	119.0	0.3333333333333333
34540	122	0	5	0.2975	88.6	443.0	0.6666666666666666
34541	148	0	5	0.3625	118.2	591.0	0.3333333333333333
34542	75	0	5	0.18	73.0	365.0	0.0
34543	41	0	5	0.095	32.6	163.0	0.0
34544	400	0	5	0.9925	269.8	1349.0	0.6666666666666666
34545	342	1	4	0.8525	139.2	696.0	1.0
34546	166	0	5	0.4075	71.6	358.0	0.3333333333333333
34547	301	0	5	0.745	131.2	656.0	0.6666666666666666
34548	258	0	5	0.6375	192.4	962.0	0.3333333333333333
34549	96	0	5	0.2325	89.2	446.0	0.3333333333333333
34550	65	0	5	0.155	41.8	209.0	0.0
34551	151	0	5	0.37	122.0	610.0	0.6666666666666666
34552	279	0	5	0.69	99.0	495.0	0.0
34553	273	0	5	0.675	204.6	1023.0	0.3333333333333333
34554	292	1	4	0.7275	219.4	1097.0	1.0
34555	349	0	5	0.865	224.4	1122.0	0.6666666666666666
34556	322	1	4	0.8025	125.8	629.0	1.0
34557	319	0	5	0.79	91.8	459.0	0.3333333333333333
34558	341	0	5	0.845	209.2	1046.0	0.6666666666666666
34559	334	1	4	0.8325	197.6	988.0	1.0
34560	309	0	5	0.765	233.0	1165.0	0.6666666666666666
34561	223	0	5	0.55	105.8	529.0	0.3333333333333333
34562	16	0	5	0.0325	14.0	70.0	0.0
34563	302	0	5	0.7475	279.4	1397.0	0.0
34564	115	0	5	0.28	90.2	451.0	0.3333333333333333
34565	382	0	5	0.9475	291.6	1458.0	0.6666666666666666
34566	82	0	5	0.1975	80.0	400.0	0.0
34567	80	0	5	0.1925	78.0	390.0	0.0
34568	15	0	5	0.03	13.0	65.0	0.0
34569	224	0	5	0.5525	113.8	569.0	0.6666666666666666
34570	92	1	4	0.2275	78.2	391.0	1.0
34571	61	0	5	0.145	55.0	275.0	0.0
34572	233	0	5	0.575	94.2	471.0	0.3333333333333333
34573	247	1	3	0.615	165.8	829.0	1.0
34574	359	0	5	0.89	223.6	1118.0	0.6666666666666666
34575	358	1	4	0.8925	140.6	703.0	1.0
34576	123	0	5	0.3	97.8	489.0	0.0
34577	112	0	5	0.2725	110.0	550.0	0.0
34578	284	0	5	0.7025	109.6	548.0	0.6666666666666666
34579	382	0	5	0.9475	274.6	1373.0	0.3333333333333333
34580	157	0	5	0.385	50.2	251.0	0.3333333333333333
34581	366	0	5	0.9075	78.0	390.0	0.6666666666666666
34582	220	0	5	0.5425	168.4	842.0	0.3333333333333333
34583	54	0	5	0.1275	44.8	224.0	0.3333333333333333
34584	208	0	5	0.5125	156.4	782.0	0.0
34585	252	0	5	0.6225	162.0	810.0	0.6666666666666666
34586	396	0	5	0.9825	145.2	726.0	0.6666666666666666
34587	6	0	5	0.0075	4.0	20.0	0.0
34588	297	0	5	0.735	173.8	869.0	0.3333333333333333
34589	140	0	5	0.3425	107.6	538.0	0.0
34590	193	0	5	0.475	107.4	537.0	0.6666666666666666
34591	349	0	5	0.865	293.0	1465.0	0.3333333333333333
34592	251	0	5	0.62	229.2	1146.0	0.0
34593	203	0	5	0.5	195.0	975.0	0.3333333333333333
34594	243	0	5	0.6	149.0	745.0	0.6666666666666666
34595	303	0	5	0.75	190.8	954.0	0.6666666666666666
34596	38	0	5	0.0875	12.4	62.0	0.3333333333333333
34597	307	0	5	0.76	130.6	653.0	0.6666666666666666
34598	87	0	5	0.21	55.2	276.0	0.3333333333333333
34599	147	0	5	0.36	140.2	701.0	0.0
34600	232	0	5	0.5725	183.4	917.0	0.3333333333333333
34601	381	1	4	0.95	177.4	887.0	1.0
34602	156	0	5	0.3825	152.8	764.0	0.3333333333333333
34603	321	0	5	0.795	166.8	834.0	0.6666666666666666
34604	109	0	5	0.265	51.2	256.0	0.6666666666666666
34605	193	0	5	0.475	161.6	808.0	0.3333333333333333
34606	79	0	5	0.19	77.0	385.0	0.0
34607	313	0	5	0.775	173.4	867.0	0.6666666666666666
34608	33	0	5	0.075	31.0	155.0	0.0
34609	81	0	5	0.195	62.2	311.0	0.3333333333333333
34610	328	1	4	0.8175	281.0	1405.0	1.0
34611	128	0	5	0.3125	107.6	538.0	0.0
34612	166	0	5	0.4075	164.0	820.0	0.0
34613	69	1	4	0.17	63.4	317.0	1.0
34614	305	0	5	0.755	203.6	1018.0	0.6666666666666666
34615	336	0	5	0.8325	277.4	1387.0	0.6666666666666666
34616	172	0	5	0.4225	147.6	738.0	0.3333333333333333
34617	239	0	5	0.59	59.4	297.0	0.6666666666666666
34618	47	0	5	0.11	45.0	225.0	0.0
34619	377	0	5	0.935	86.2	431.0	0.6666666666666666
34620	138	0	5	0.3375	96.4	482.0	0.3333333333333333
34621	372	0	5	0.9225	285.4	1427.0	0.3333333333333333
34622	338	0	5	0.8375	120.8	604.0	0.3333333333333333
34623	131	0	5	0.32	111.4	557.0	0.0
34624	124	0	5	0.3025	53.0	265.0	0.0
34625	394	1	3	0.9825	293.2	1466.0	1.0
34626	296	0	5	0.7325	180.4	902.0	0.6666666666666666
34627	315	0	5	0.78	263.4	1317.0	0.6666666666666666
34628	312	1	4	0.7775	137.6	688.0	1.0
34629	220	0	5	0.5425	137.8	689.0	0.3333333333333333
34630	300	0	5	0.7425	198.0	990.0	0.3333333333333333
34631	164	0	5	0.4025	151.6	758.0	0.3333333333333333
34632	155	0	5	0.38	92.6	463.0	0.3333333333333333
34633	32	0	5	0.0725	30.0	150.0	0.0
34634	289	0	5	0.715	170.6	853.0	0.3333333333333333
34635	46	0	5	0.1075	9.0	45.0	0.3333333333333333
34636	22	0	5	0.0475	20.0	100.0	0.0
34637	98	0	5	0.2375	88.8	444.0	0.3333333333333333
34638	206	0	5	0.5075	63.4	317.0	0.3333333333333333
34639	108	0	5	0.2625	53.2	266.0	0.6666666666666666
34640	273	0	5	0.675	175.4	877.0	0.3333333333333333
34641	134	0	5	0.3275	80.2	401.0	0.6666666666666666
34642	253	0	5	0.625	142.4	712.0	0.6666666666666666
34643	377	0	5	0.935	322.2	1611.0	0.6666666666666666
34644	142	0	5	0.3475	95.6	478.0	0.3333333333333333
34645	165	0	5	0.405	117.6	588.0	0.6666666666666666
34646	365	0	5	0.905	195.6	978.0	0.6666666666666666
34647	93	0	5	0.225	57.8	289.0	0.0
34648	207	0	5	0.51	173.4	867.0	0.3333333333333333
34649	193	1	4	0.48	167.0	835.0	1.0
34650	228	0	5	0.5625	63.8	319.0	0.3333333333333333
34651	147	0	5	0.36	73.4	367.0	0.3333333333333333
34652	242	0	5	0.5975	135.4	677.0	0.3333333333333333
34653	121	0	5	0.295	119.0	595.0	0.0
34654	280	0	5	0.6925	129.4	647.0	0.3333333333333333
34655	204	0	5	0.5025	163.4	817.0	0.3333333333333333
34656	22	0	5	0.0475	20.0	100.0	0.0
34657	351	0	5	0.87	274.6	1373.0	0.6666666666666666
34658	361	0	5	0.895	182.8	914.0	0.6666666666666666
34659	50	0	5	0.1175	48.0	240.0	0.0
34660	201	0	5	0.495	126.6	633.0	0.3333333333333333
34661	106	0	5	0.2575	70.4	352.0	0.3333333333333333
34662	60	0	5	0.1425	58.0	290.0	0.0
34663	84	0	5	0.2025	45.2	226.0	0.3333333333333333
34664	224	0	5	0.5525	85.2	426.0	0.3333333333333333
34665	362	0	5	0.8975	187.0	935.0	0.6666666666666666
34666	368	0	5	0.9125	84.0	420.0	0.6666666666666666
34667	250	0	5	0.6175	248.0	1240.0	0.3333333333333333
34668	124	0	5	0.3025	92.4	462.0	0.0
34669	186	0	5	0.4575	104.0	520.0	0.6666666666666666
34670	199	0	5	0.49	110.8	554.0	0.6666666666666666
34671	174	0	5	0.4275	172.0	860.0	0.0
34672	399	0	5	0.99	177.2	886.0	0.6666666666666666
34673	271	1	4	0.675	241.8	1209.0	1.0
34674	275	0	5	0.68	179.8	899.0	0.3333333333333333
34675	290	0	5	0.7175	210.4	1052.0	0.3333333333333333
34676	296	0	5	0.7325	86.4	432.0	0.6666666666666666
34677	360	0	5	0.8925	309.0	1545.0	0.6666666666666666
34678	281	0	5	0.695	144.0	720.0	0.6666666666666666
34679	216	1	4	0.5375	182.0	910.0	1.0
34680	119	1	4	0.295	70.0	350.0	1.0
34681	177	0	5	0.435	150.6	753.0	0.3333333333333333
34682	72	0	5	0.1725	66.0	330.0	0.0
34683	271	0	5	0.67	219.0	1095.0	0.0
34684	201	0	5	0.495	147.4	737.0	0.3333333333333333
34685	200	0	5	0.4925	160.4	802.0	0.3333333333333333
34686	258	0	5	0.6375	148.0	740.0	0.6666666666666666
34687	234	0	5	0.5775	191.2	956.0	0.3333333333333333
34688	100	0	5	0.2425	83.6	418.0	0.3333333333333333
34689	165	0	5	0.405	81.0	405.0	0.6666666666666666
34690	272	0	5	0.6725	175.8	879.0	0.0
34691	307	0	5	0.76	225.0	1125.0	0.3333333333333333
34692	110	0	5	0.2675	49.6	248.0	0.3333333333333333
34693	251	0	5	0.62	240.4	1202.0	0.3333333333333333
34694	241	0	5	0.595	213.0	1065.0	0.6666666666666666
34695	70	0	5	0.1675	56.0	280.0	0.3333333333333333
34696	108	0	5	0.2625	106.0	530.0	0.0
34697	252	0	5	0.6225	110.0	550.0	0.3333333333333333
34698	38	0	5	0.0875	21.0	105.0	0.3333333333333333
34699	209	0	5	0.515	141.6	708.0	0.3333333333333333
34700	76	0	5	0.1825	74.0	370.0	0.0
34701	276	0	5	0.6825	246.6	1233.0	0.3333333333333333
34702	323	0	5	0.8	250.8	1254.0	0.6666666666666666
34703	169	0	5	0.415	86.6	433.0	0.3333333333333333
34704	26	0	5	0.0575	18.0	90.0	0.3333333333333333
34705	334	0	5	0.8275	259.2	1296.0	0.6666666666666666
34706	67	0	5	0.16	56.6	283.0	0.0
34707	199	0	5	0.49	127.4	637.0	0.6666666666666666
34708	400	1	4	0.9975	317.2	1586.0	1.0
34709	196	0	5	0.4825	82.8	414.0	0.6666666666666666
34710	373	1	4	0.93	294.2	1471.0	1.0
34711	211	0	5	0.52	197.0	985.0	0.3333333333333333
34712	275	0	5	0.68	164.8	824.0	0.6666666666666666
34713	148	0	5	0.3625	110.0	550.0	0.3333333333333333
34714	177	0	5	0.435	120.6	603.0	0.3333333333333333
34715	401	0	4	0.9975	310.8	1554.0	0.6666666666666666
34716	301	0	5	0.745	214.6	1073.0	0.3333333333333333
34717	17	0	5	0.035	15.0	75.0	0.0
34718	80	0	5	0.1925	78.0	390.0	0.0
34719	167	0	5	0.41	108.2	541.0	0.3333333333333333
34720	132	0	5	0.3225	38.8	194.0	0.6666666666666666
34721	236	0	5	0.5825	156.4	782.0	0.6666666666666666
34722	316	0	5	0.7825	176.4	882.0	0.6666666666666666
34723	306	0	5	0.7575	280.0	1400.0	0.3333333333333333
34724	143	0	5	0.35	101.0	505.0	0.3333333333333333
34725	301	0	5	0.745	137.8	689.0	0.6666666666666666
34726	198	0	5	0.4875	190.6	953.0	0.3333333333333333
34727	377	0	5	0.935	133.2	666.0	0.6666666666666666
34728	176	1	4	0.4375	66.8	334.0	1.0
34729	30	0	5	0.0675	28.0	140.0	0.0
34730	374	0	5	0.9275	317.2	1586.0	0.6666666666666666
34731	103	0	5	0.25	101.0	505.0	0.0
34732	309	0	5	0.765	171.0	855.0	0.6666666666666666
34733	280	0	5	0.6925	165.8	829.0	0.3333333333333333
34734	267	0	5	0.66	104.2	521.0	0.6666666666666666
34735	268	0	5	0.6625	146.4	732.0	0.3333333333333333
34736	230	0	5	0.5675	134.4	672.0	0.3333333333333333
34737	258	1	4	0.6425	161.2	806.0	1.0
34738	302	1	4	0.7525	73.2	366.0	1.0
34739	50	0	5	0.1175	48.0	240.0	0.0
34740	189	1	4	0.47	53.0	265.0	1.0
34741	335	0	5	0.83	307.8	1539.0	0.3333333333333333
34742	400	0	5	0.9925	218.6	1093.0	0.6666666666666666
34743	139	1	4	0.345	86.0	430.0	1.0
34744	113	0	5	0.275	30.2	151.0	0.3333333333333333
34745	288	0	5	0.7125	97.2	486.0	0.6666666666666666
34746	325	1	4	0.81	182.2	911.0	1.0
34747	181	0	5	0.445	88.6	443.0	0.3333333333333333
34748	235	0	5	0.58	63.4	317.0	0.6666666666666666
34749	119	0	5	0.29	86.2	431.0	0.0
34750	165	0	5	0.405	145.0	725.0	0.0
34751	43	0	5	0.1	41.0	205.0	0.0
34752	190	0	5	0.4675	164.2	821.0	0.0
34753	312	0	5	0.7725	265.8	1329.0	0.6666666666666666
34754	297	0	5	0.735	109.0	545.0	0.6666666666666666
34755	184	0	5	0.4525	51.6	258.0	0.6666666666666666
34756	186	0	5	0.4575	127.0	635.0	0.3333333333333333
34757	285	0	5	0.705	102.6	513.0	0.3333333333333333
34758	355	0	5	0.88	180.6	903.0	0.6666666666666666
34759	300	0	5	0.7425	201.6	1008.0	0.6666666666666666
34760	128	0	5	0.3125	82.8	414.0	0.3333333333333333
34761	45	0	5	0.105	43.0	215.0	0.0
34762	344	1	4	0.8575	252.8	1264.0	1.0
34763	359	1	4	0.895	171.8	859.0	1.0
34764	286	0	5	0.7075	215.8	1079.0	0.3333333333333333
34765	329	0	5	0.815	239.0	1195.0	0.6666666666666666
34766	397	1	4	0.99	218.8	1094.0	1.0
34767	80	0	5	0.1925	67.2	336.0	0.0
34768	163	0	5	0.4	141.8	709.0	0.0
34769	277	1	4	0.69	97.0	485.0	1.0
34770	268	0	5	0.6625	246.4	1232.0	0.6666666666666666
34771	227	0	5	0.56	171.8	859.0	0.6666666666666666
34772	99	0	5	0.24	60.8	304.0	0.6666666666666666
34773	106	0	5	0.2575	90.8	454.0	0.3333333333333333
34774	198	0	5	0.4875	87.0	435.0	0.6666666666666666
34775	262	0	5	0.6475	132.0	660.0	0.3333333333333333
34776	62	0	5	0.1475	60.0	300.0	0.0
34777	275	0	5	0.68	84.2	421.0	0.3333333333333333
34778	175	0	5	0.43	71.6	358.0	0.3333333333333333
34779	47	0	5	0.11	45.0	225.0	0.0
34780	43	0	5	0.1	36.8	184.0	0.3333333333333333
34781	141	0	5	0.345	133.0	665.0	0.3333333333333333
34782	279	0	5	0.69	260.8	1304.0	0.3333333333333333
34783	41	0	5	0.095	39.0	195.0	0.0
34784	93	0	5	0.225	91.0	455.0	0.0
34785	329	1	4	0.82	225.0	1125.0	1.0
34786	6	0	5	0.0075	4.0	20.0	0.0
34787	363	1	4	0.905	104.4	522.0	1.0
34788	177	0	5	0.435	76.6	383.0	0.3333333333333333
34789	19	0	5	0.04	17.0	85.0	0.0
34790	68	0	5	0.1625	66.0	330.0	0.0
34791	178	0	5	0.4375	86.4	432.0	0.3333333333333333
34792	67	0	5	0.16	63.2	316.0	0.3333333333333333
34793	162	0	5	0.3975	157.2	786.0	0.0
34794	346	1	4	0.8625	155.6	778.0	1.0
34795	215	0	5	0.53	147.0	735.0	0.6666666666666666
34796	286	0	5	0.7075	221.6	1108.0	0.3333333333333333
34797	172	0	5	0.4225	158.4	792.0	0.0
34798	179	0	5	0.44	143.4	717.0	0.3333333333333333
34799	4	0	5	0.0025	2.0	10.0	0.0
34800	52	0	5	0.1225	36.0	180.0	0.0
34801	156	0	5	0.3825	150.8	754.0	0.3333333333333333
34802	288	0	5	0.7125	167.4	837.0	0.3333333333333333
34803	180	0	5	0.4425	115.4	577.0	0.6666666666666666
34804	251	0	5	0.62	174.2	871.0	0.6666666666666666
34805	280	0	5	0.6925	153.4	767.0	0.6666666666666666
34806	323	0	5	0.8	194.6	973.0	0.3333333333333333
34807	222	0	5	0.5475	176.0	880.0	0.6666666666666666
34808	179	0	5	0.44	130.8	654.0	0.3333333333333333
34809	388	1	4	0.9675	89.6	448.0	1.0
34810	81	0	5	0.195	79.0	395.0	0.0
34811	394	1	4	0.9825	202.6	1013.0	1.0
34812	210	0	5	0.5175	143.0	715.0	0.3333333333333333
34813	170	0	5	0.4175	125.4	627.0	0.3333333333333333
34814	104	0	5	0.2525	102.0	510.0	0.0
34815	292	0	5	0.7225	259.6	1298.0	0.0
34816	210	0	5	0.5175	154.0	770.0	0.3333333333333333
34817	13	0	5	0.025	11.0	55.0	0.0
34818	351	0	5	0.87	193.8	969.0	0.0
34819	127	0	5	0.31	61.8	309.0	0.6666666666666666
34820	328	0	5	0.8125	156.2	781.0	0.6666666666666666
34821	383	1	4	0.955	238.8	1194.0	1.0
34822	138	0	5	0.3375	111.4	557.0	0.3333333333333333
34823	115	0	5	0.28	83.4	417.0	0.6666666666666666
34824	236	0	5	0.5825	105.2	526.0	0.6666666666666666
34825	153	0	5	0.375	137.8	689.0	0.0
34826	155	0	5	0.38	81.4	407.0	0.3333333333333333
34827	201	0	5	0.495	177.4	887.0	0.3333333333333333
34828	357	0	5	0.885	190.6	953.0	0.6666666666666666
34829	92	0	5	0.2225	89.2	446.0	0.0
34830	62	0	5	0.1475	60.0	300.0	0.0
34831	301	1	4	0.75	165.0	825.0	1.0
34832	24	0	5	0.0525	22.0	110.0	0.0
34833	64	0	5	0.1525	52.4	262.0	0.3333333333333333
34834	132	0	5	0.3225	51.6	258.0	0.3333333333333333
34835	108	0	5	0.2625	93.4	467.0	0.3333333333333333
34836	149	0	5	0.365	75.6	378.0	0.0
34837	48	0	5	0.1125	39.2	196.0	0.3333333333333333
34838	375	1	4	0.935	234.8	1174.0	1.0
34839	38	0	5	0.0875	36.0	180.0	0.0
34840	325	0	5	0.805	182.6	913.0	0.6666666666666666
34841	7	0	5	0.01	5.0	25.0	0.0
34842	147	0	5	0.36	145.0	725.0	0.0
34843	62	0	5	0.1475	44.0	220.0	0.3333333333333333
34844	236	0	5	0.5825	103.8	519.0	0.6666666666666666
34845	171	0	5	0.42	169.0	845.0	0.0
34846	265	0	5	0.655	136.6	683.0	0.0
34847	310	0	5	0.7675	163.2	816.0	0.6666666666666666
34848	288	0	5	0.7125	162.8	814.0	0.6666666666666666
34849	197	0	5	0.485	181.8	909.0	0.0
34850	375	0	5	0.93	264.0	1320.0	0.3333333333333333
34851	23	0	5	0.05	21.0	105.0	0.0
34852	340	0	5	0.8425	134.8	674.0	0.6666666666666666
34853	132	0	5	0.3225	66.4	332.0	0.3333333333333333
34854	85	0	5	0.205	64.2	321.0	0.3333333333333333
34855	267	1	4	0.665	199.4	997.0	1.0
34856	166	0	5	0.4075	130.8	654.0	0.3333333333333333
34857	184	0	5	0.4525	134.8	674.0	0.3333333333333333
34858	364	0	5	0.9025	173.4	867.0	0.6666666666666666
34859	307	0	5	0.76	231.0	1155.0	0.0
34860	62	0	5	0.1475	60.0	300.0	0.0
34861	303	0	5	0.75	286.2	1431.0	0.0
34862	185	0	5	0.455	72.2	361.0	0.6666666666666666
34863	5	0	5	0.005	3.0	15.0	0.0
34864	12	0	5	0.0225	10.0	50.0	0.0
34865	151	0	5	0.37	149.0	745.0	0.0
34866	263	1	4	0.655	200.0	1000.0	1.0
34867	136	0	5	0.3325	128.2	641.0	0.3333333333333333
34868	6	0	5	0.0075	4.0	20.0	0.0
34869	209	0	5	0.515	118.8	594.0	0.3333333333333333
34870	283	0	5	0.7	162.6	813.0	0.3333333333333333
34871	35	0	5	0.08	33.0	165.0	0.0
34872	263	0	5	0.65	195.0	975.0	0.6666666666666666
34873	99	0	5	0.24	97.0	485.0	0.0
34874	162	0	5	0.3975	86.0	430.0	0.3333333333333333
34875	269	0	5	0.665	163.2	816.0	0.6666666666666666
34876	265	0	5	0.655	123.0	615.0	0.3333333333333333
34877	258	1	4	0.6425	202.8	1014.0	1.0
34878	175	0	5	0.43	69.4	347.0	0.3333333333333333
34879	87	0	5	0.21	69.4	347.0	0.0
34880	323	0	5	0.8	212.4	1062.0	0.3333333333333333
34881	285	0	5	0.705	260.6	1303.0	0.6666666666666666
34882	292	0	5	0.7225	183.4	917.0	0.3333333333333333
34883	103	0	5	0.25	65.8	329.0	0.0
34884	187	0	5	0.46	110.6	553.0	0.6666666666666666
34885	105	0	5	0.255	87.8	439.0	0.3333333333333333
34886	168	0	5	0.4125	82.8	414.0	0.3333333333333333
34887	44	0	5	0.1025	42.0	210.0	0.0
34888	200	0	5	0.4925	97.2	486.0	0.6666666666666666
34889	188	0	5	0.4625	182.0	910.0	0.3333333333333333
34890	161	0	5	0.395	159.0	795.0	0.0
34891	177	0	5	0.435	143.0	715.0	0.0
34892	190	0	5	0.4675	153.8	769.0	0.3333333333333333
34893	156	0	5	0.3825	61.2	306.0	0.3333333333333333
34894	276	0	5	0.6825	90.4	452.0	0.3333333333333333
34895	219	0	5	0.54	151.0	755.0	0.3333333333333333
34896	162	0	5	0.3975	135.2	676.0	0.3333333333333333
34897	317	0	5	0.785	209.4	1047.0	0.6666666666666666
34898	103	0	5	0.25	101.0	505.0	0.0
34899	120	0	5	0.2925	67.6	338.0	0.3333333333333333
34900	256	1	4	0.6375	169.2	846.0	1.0
34901	239	0	5	0.59	101.8	509.0	0.6666666666666666
34902	94	0	5	0.2275	69.6	348.0	0.0
34903	372	0	5	0.9225	257.0	1285.0	0.6666666666666666
34904	293	0	5	0.725	209.2	1046.0	0.6666666666666666
34905	284	0	5	0.7025	156.6	783.0	0.6666666666666666
34906	268	0	5	0.6625	194.8	974.0	0.3333333333333333
34907	338	0	5	0.8375	204.4	1022.0	0.6666666666666666
34908	184	0	5	0.4525	120.8	604.0	0.3333333333333333
34909	50	0	5	0.1175	48.0	240.0	0.0
34910	226	0	5	0.5575	182.4	912.0	0.3333333333333333
34911	226	0	5	0.5575	196.2	981.0	0.6666666666666666
34912	150	0	5	0.3675	68.8	344.0	0.0
34913	86	0	5	0.2075	84.0	420.0	0.0
34914	139	0	5	0.34	117.4	587.0	0.3333333333333333
34915	103	0	5	0.25	101.0	505.0	0.0
34916	161	0	5	0.395	127.8	639.0	0.3333333333333333
34917	135	0	5	0.33	60.2	301.0	0.3333333333333333
34918	2	0	5	0.0	0.0	0.0	0.0
34919	270	0	5	0.6675	77.6	388.0	0.6666666666666666
34920	333	1	4	0.83	91.4	457.0	1.0
34921	351	0	5	0.87	121.4	607.0	0.6666666666666666
34922	67	0	5	0.16	62.0	310.0	0.0
34923	25	0	5	0.055	23.0	115.0	0.0
34924	370	0	5	0.9175	205.6	1028.0	0.6666666666666666
34925	205	0	5	0.505	131.8	659.0	0.3333333333333333
34926	381	0	5	0.945	300.6	1503.0	0.6666666666666666
34927	33	0	5	0.075	31.0	155.0	0.0
34928	265	0	5	0.655	180.2	901.0	0.3333333333333333
34929	210	0	5	0.5175	153.6	768.0	0.3333333333333333
34930	145	0	5	0.355	143.0	715.0	0.0
34931	150	0	5	0.3675	47.2	236.0	0.0
34932	92	0	5	0.2225	73.8	369.0	0.0
34933	173	0	5	0.425	72.6	363.0	0.3333333333333333
34934	30	0	5	0.0675	28.0	140.0	0.0
34935	384	0	5	0.9525	231.8	1159.0	0.3333333333333333
34936	87	0	5	0.21	47.8	239.0	0.3333333333333333
34937	321	0	5	0.795	233.2	1166.0	0.3333333333333333
34938	52	0	5	0.1225	46.0	230.0	0.3333333333333333
34939	369	0	5	0.915	177.2	886.0	0.3333333333333333
34940	155	0	5	0.38	45.8	229.0	0.6666666666666666
34941	12	0	5	0.0225	10.0	50.0	0.0
34942	40	0	5	0.0925	27.0	135.0	0.0
34943	105	0	5	0.255	103.0	515.0	0.0
34944	275	1	4	0.685	95.8	479.0	1.0
34945	213	0	5	0.525	162.4	812.0	0.0
34946	295	0	5	0.73	178.6	893.0	0.3333333333333333
34947	143	0	5	0.35	119.8	599.0	0.6666666666666666
34948	16	0	5	0.0325	14.0	70.0	0.0
34949	350	0	5	0.8675	140.2	701.0	0.6666666666666666
34950	90	1	4	0.2225	39.0	195.0	1.0
34951	383	0	5	0.95	286.2	1431.0	0.6666666666666666
34952	381	0	5	0.945	263.8	1319.0	0.3333333333333333
34953	64	0	5	0.1525	62.0	310.0	0.0
34954	258	1	4	0.6425	159.4	797.0	1.0
34955	42	0	5	0.0975	39.2	196.0	0.0
34956	314	0	5	0.7775	285.8	1429.0	0.6666666666666666
34957	176	0	5	0.4325	148.0	740.0	0.3333333333333333
34958	340	0	5	0.8425	269.0	1345.0	0.6666666666666666
34959	87	0	5	0.21	66.6	333.0	0.3333333333333333
34960	85	0	5	0.205	83.0	415.0	0.0
34961	334	0	5	0.8275	121.6	608.0	0.6666666666666666
34962	248	0	5	0.6125	68.4	342.0	0.6666666666666666
34963	295	0	5	0.73	127.6	638.0	0.3333333333333333
34964	159	0	5	0.39	115.4	577.0	0.3333333333333333
34965	186	1	1	0.4625	168.8	844.0	1.0
34966	397	0	5	0.985	91.4	457.0	0.6666666666666666
34967	134	0	5	0.3275	88.8	444.0	0.3333333333333333
34968	261	0	5	0.645	204.4	1022.0	0.3333333333333333
34969	243	0	5	0.6	192.6	963.0	0.3333333333333333
34970	191	0	5	0.47	103.4	517.0	0.3333333333333333
34971	183	0	5	0.45	165.0	825.0	0.0
34972	249	0	5	0.615	148.0	740.0	0.3333333333333333
34973	123	0	5	0.3	121.0	605.0	0.0
34974	39	0	5	0.09	33.0	165.0	0.0
34975	332	0	5	0.8225	220.8	1104.0	0.6666666666666666
34976	87	0	5	0.21	85.0	425.0	0.0
34977	203	0	5	0.5	138.6	693.0	0.3333333333333333
34978	130	1	4	0.3225	80.4	402.0	1.0
34979	196	0	5	0.4825	186.0	930.0	0.3333333333333333
34980	198	0	5	0.4875	150.6	753.0	0.6666666666666666
34981	363	0	5	0.9	277.6	1388.0	0.0
34982	346	0	5	0.8575	185.6	928.0	0.6666666666666666
34983	231	0	5	0.57	59.4	297.0	0.3333333333333333
34984	11	0	5	0.02	9.0	45.0	0.0
34985	161	0	5	0.395	128.0	640.0	0.3333333333333333
34986	230	0	5	0.5675	152.8	764.0	0.6666666666666666
34987	132	0	5	0.3225	130.0	650.0	0.0
34988	142	0	5	0.3475	63.2	316.0	0.3333333333333333
34989	157	0	5	0.385	132.6	663.0	0.0
34990	63	0	5	0.15	46.6	233.0	0.3333333333333333
34991	93	0	5	0.225	72.2	361.0	0.3333333333333333
34992	270	1	4	0.6725	116.2	581.0	1.0
34993	394	0	5	0.9775	190.8	954.0	0.6666666666666666
34994	320	0	5	0.7925	139.8	699.0	0.6666666666666666
34995	34	0	5	0.0775	32.0	160.0	0.0
34996	225	1	4	0.56	71.0	355.0	1.0
34997	186	0	5	0.4575	180.2	901.0	0.0
34998	252	1	4	0.6275	133.0	665.0	1.0
34999	360	1	4	0.8975	219.2	1096.0	1.0
35000	154	1	4	0.3825	139.6	698.0	1.0
35001	313	0	5	0.775	175.0	875.0	0.3333333333333333
35002	64	0	5	0.1525	25.2	126.0	0.3333333333333333
35003	294	0	5	0.7275	103.0	515.0	0.6666666666666666
35004	186	0	5	0.4575	111.2	556.0	0.3333333333333333
35005	204	0	5	0.5025	75.6	378.0	0.6666666666666666
35006	166	0	5	0.4075	158.2	791.0	0.6666666666666666
35007	85	0	5	0.205	79.4	397.0	0.0
35008	3	0	5	0.0025	0.2	1.0	0.3333333333333333
35009	257	0	5	0.635	214.8	1074.0	0.3333333333333333
35010	208	0	5	0.5125	86.0	430.0	0.3333333333333333
35011	230	0	5	0.5675	121.4	607.0	0.6666666666666666
35012	183	0	5	0.45	181.0	905.0	0.0
35013	139	0	5	0.34	85.0	425.0	0.3333333333333333
35014	5	0	5	0.005	3.0	15.0	0.0
35015	121	0	5	0.295	119.0	595.0	0.3333333333333333
35016	230	0	5	0.5675	204.8	1024.0	0.3333333333333333
35017	146	0	5	0.3575	144.0	720.0	0.0
35018	201	0	5	0.495	110.6	553.0	0.3333333333333333
35019	249	1	4	0.62	77.0	385.0	1.0
35020	75	0	5	0.18	65.0	325.0	0.0
35021	255	0	5	0.63	243.2	1216.0	0.3333333333333333
35022	208	1	4	0.5175	115.0	575.0	1.0
35023	20	0	5	0.0425	18.0	90.0	0.0
35024	255	0	5	0.63	114.8	574.0	0.6666666666666666
35025	32	0	5	0.0725	30.0	150.0	0.0
35026	184	0	5	0.4525	144.0	720.0	0.6666666666666666
35027	235	1	4	0.585	149.0	745.0	1.0
35028	281	0	5	0.695	240.6	1203.0	0.0
35029	70	0	5	0.1675	63.6	318.0	0.3333333333333333
35030	374	0	5	0.9275	146.2	731.0	0.6666666666666666
35031	369	1	4	0.92	222.2	1111.0	1.0
35032	249	0	5	0.615	155.4	777.0	0.6666666666666666
35033	173	0	5	0.425	171.0	855.0	0.0
35034	179	0	5	0.44	41.8	209.0	0.6666666666666666
35035	72	0	5	0.1725	65.8	329.0	0.0
35036	40	0	5	0.0925	38.0	190.0	0.0
35037	358	0	5	0.8875	277.8	1389.0	0.3333333333333333
35038	124	0	5	0.3025	32.4	162.0	0.6666666666666666
35039	210	0	5	0.5175	129.2	646.0	0.0
35040	169	0	5	0.415	160.6	803.0	0.3333333333333333
35041	110	0	5	0.2675	85.2	426.0	0.3333333333333333
35042	73	0	5	0.175	71.0	355.0	0.0
35043	175	1	4	0.435	159.0	795.0	1.0
35044	62	0	5	0.1475	60.0	300.0	0.0
35045	358	1	4	0.8925	263.2	1316.0	1.0
35046	12	0	5	0.0225	10.0	50.0	0.0
35047	192	0	5	0.4725	147.4	737.0	0.3333333333333333
35048	327	1	4	0.815	178.8	894.0	1.0
35049	331	0	5	0.82	75.0	375.0	0.6666666666666666
35050	98	0	5	0.2375	96.0	480.0	0.0
35051	207	0	5	0.51	205.0	1025.0	0.0
35052	105	0	5	0.255	77.8	389.0	0.0
35053	183	0	5	0.45	175.0	875.0	0.0
35054	324	0	5	0.8025	162.4	812.0	0.6666666666666666
35055	17	0	5	0.035	15.0	75.0	0.0
35056	364	0	5	0.9025	156.8	784.0	0.6666666666666666
35057	44	0	5	0.1025	42.0	210.0	0.0
35058	353	1	4	0.88	275.2	1376.0	1.0
35059	203	0	5	0.5	60.8	304.0	0.6666666666666666
35060	391	0	5	0.97	219.6	1098.0	0.6666666666666666
35061	168	0	5	0.4125	74.0	370.0	0.6666666666666666
35062	164	0	5	0.4025	119.2	596.0	0.3333333333333333
35063	377	0	5	0.935	274.8	1374.0	0.3333333333333333
35064	155	0	5	0.38	124.8	624.0	0.3333333333333333
35065	143	0	5	0.35	123.2	616.0	0.0
35066	183	0	5	0.45	132.0	660.0	0.3333333333333333
35067	60	0	5	0.1425	47.8	239.0	0.0
35068	326	0	5	0.8075	176.0	880.0	0.6666666666666666
35069	134	0	5	0.3275	60.0	300.0	0.0
35070	372	0	5	0.9225	218.4	1092.0	0.6666666666666666
35071	295	0	5	0.73	272.2	1361.0	0.0
35072	71	0	5	0.17	56.8	284.0	0.0
35073	239	0	5	0.59	99.0	495.0	0.3333333333333333
35074	171	0	5	0.42	80.2	401.0	0.6666666666666666
35075	56	0	5	0.1325	16.4	82.0	0.0
35076	51	0	5	0.12	49.0	245.0	0.0
35077	346	0	5	0.8575	152.2	761.0	0.6666666666666666
35078	53	0	5	0.125	51.0	255.0	0.0
35079	200	0	5	0.4925	118.8	594.0	0.0
35080	378	0	5	0.9375	335.8	1679.0	0.6666666666666666
35081	85	0	5	0.205	22.0	110.0	0.3333333333333333
35082	214	0	5	0.5275	132.4	662.0	0.6666666666666666
35083	225	0	5	0.555	78.2	391.0	0.6666666666666666
35084	275	0	5	0.68	153.2	766.0	0.3333333333333333
35085	92	0	5	0.2225	58.6	293.0	0.3333333333333333
35086	242	0	5	0.5975	154.8	774.0	0.6666666666666666
35087	304	0	5	0.7525	197.8	989.0	0.3333333333333333
35088	131	0	5	0.32	69.8	349.0	0.3333333333333333
35089	395	0	5	0.98	287.4	1437.0	0.6666666666666666
35090	276	0	5	0.6825	137.8	689.0	0.6666666666666666
35091	45	0	5	0.105	43.0	215.0	0.0
35092	137	0	5	0.335	85.6	428.0	0.3333333333333333
35093	225	0	5	0.555	223.0	1115.0	0.3333333333333333
35094	223	0	5	0.55	156.0	780.0	0.3333333333333333
35095	145	1	4	0.36	50.6	253.0	1.0
35096	332	0	5	0.8225	185.2	926.0	0.6666666666666666
35097	130	0	5	0.3175	36.0	180.0	0.3333333333333333
35098	79	0	5	0.19	77.0	385.0	0.0
35099	340	0	5	0.8425	195.2	976.0	0.6666666666666666
35100	187	0	5	0.46	79.4	397.0	0.3333333333333333
35101	247	0	5	0.61	117.4	587.0	0.6666666666666666
35102	98	0	5	0.2375	96.0	480.0	0.0
35103	329	0	5	0.815	193.2	966.0	0.3333333333333333
35104	373	0	5	0.925	179.0	895.0	0.6666666666666666
35105	133	0	5	0.325	129.4	647.0	0.0
35106	349	0	5	0.865	220.6	1103.0	0.6666666666666666
35107	137	0	5	0.335	59.4	297.0	0.0
35108	179	0	5	0.44	159.0	795.0	0.3333333333333333
35109	213	0	5	0.525	150.8	754.0	0.3333333333333333
35110	141	0	5	0.345	106.2	531.0	0.3333333333333333
35111	161	0	5	0.395	141.8	709.0	0.3333333333333333
35112	317	0	5	0.785	117.8	589.0	0.6666666666666666
35113	278	0	5	0.6875	182.8	914.0	0.3333333333333333
35114	366	0	5	0.9075	250.8	1254.0	0.6666666666666666
35115	234	0	5	0.5775	168.6	843.0	0.3333333333333333
35116	199	1	4	0.495	97.0	485.0	1.0
35117	273	0	5	0.675	222.0	1110.0	0.3333333333333333
35118	63	0	5	0.15	52.2	261.0	0.0
35119	252	0	5	0.6225	183.2	916.0	0.3333333333333333
35120	298	0	5	0.7375	185.0	925.0	0.6666666666666666
35121	301	0	5	0.745	261.4	1307.0	0.3333333333333333
35122	109	0	5	0.265	107.0	535.0	0.0
35123	209	0	5	0.515	142.0	710.0	0.3333333333333333
35124	233	0	5	0.575	156.6	783.0	0.0
35125	333	0	5	0.825	179.2	896.0	0.6666666666666666
35126	144	0	5	0.3525	120.6	603.0	0.0
35127	125	0	5	0.305	104.4	522.0	0.3333333333333333
35128	292	0	5	0.7225	233.0	1165.0	0.3333333333333333
35129	193	0	5	0.475	146.4	732.0	0.6666666666666666
35130	278	1	4	0.6925	157.8	789.0	1.0
35131	391	1	4	0.975	152.0	760.0	1.0
35132	321	0	5	0.795	306.2	1531.0	0.6666666666666666
35133	246	0	5	0.6075	66.6	333.0	0.6666666666666666
35134	390	0	5	0.9675	225.2	1126.0	0.6666666666666666
35135	283	0	5	0.7	246.0	1230.0	0.3333333333333333
35136	94	0	5	0.2275	78.6	393.0	0.3333333333333333
35137	234	0	5	0.5775	173.8	869.0	0.3333333333333333
35138	40	0	5	0.0925	32.6	163.0	0.0
35139	163	0	5	0.4	117.2	586.0	0.0
35140	133	0	5	0.325	131.0	655.0	0.0
35141	377	1	4	0.94	112.2	561.0	1.0
35142	82	0	5	0.1975	80.0	400.0	0.0
35143	299	0	5	0.74	181.6	908.0	0.6666666666666666
35144	159	0	5	0.39	157.0	785.0	0.0
35145	297	0	5	0.735	167.8	839.0	0.6666666666666666
35146	176	0	5	0.4325	116.8	584.0	0.6666666666666666
35147	18	0	5	0.0375	16.0	80.0	0.0
35148	278	0	5	0.6875	142.0	710.0	0.0
35149	137	0	5	0.335	135.0	675.0	0.0
35150	88	0	5	0.2125	85.2	426.0	0.3333333333333333
35151	229	1	4	0.57	68.6	343.0	1.0
35152	183	0	5	0.45	94.0	470.0	0.3333333333333333
35153	245	1	4	0.61	155.0	775.0	1.0
35154	358	0	5	0.8875	222.0	1110.0	0.6666666666666666
35155	92	0	5	0.2225	84.4	422.0	0.0
35156	338	0	5	0.8375	245.0	1225.0	0.3333333333333333
35157	207	0	5	0.51	178.0	890.0	0.3333333333333333
35158	28	0	5	0.0625	26.0	130.0	0.0
35159	316	1	4	0.7875	306.6	1533.0	1.0
35160	121	0	5	0.295	68.6	343.0	0.0
35161	200	0	5	0.4925	142.0	710.0	0.3333333333333333
35162	383	1	4	0.955	284.6	1423.0	1.0
35163	196	0	5	0.4825	164.0	820.0	0.3333333333333333
35164	77	0	5	0.185	75.0	375.0	0.0
35165	29	0	5	0.065	27.0	135.0	0.0
35166	70	0	5	0.1675	13.6	68.0	0.0
35167	181	0	5	0.445	58.0	290.0	0.3333333333333333
35168	81	1	4	0.2	44.6	223.0	1.0
35169	231	0	5	0.57	191.8	959.0	0.3333333333333333
35170	133	0	5	0.325	67.6	338.0	0.3333333333333333
35171	290	0	5	0.7175	174.8	874.0	0.3333333333333333
35172	141	0	5	0.345	133.0	665.0	0.3333333333333333
35173	210	0	5	0.5175	134.4	672.0	0.0
35174	127	0	5	0.31	48.4	242.0	0.6666666666666666
35175	185	0	5	0.455	141.6	708.0	0.3333333333333333
35176	64	0	5	0.1525	36.4	182.0	0.6666666666666666
35177	380	0	5	0.9425	112.0	560.0	0.6666666666666666
35178	244	0	5	0.6025	201.6	1008.0	0.6666666666666666
35179	323	0	5	0.8	164.2	821.0	0.0
35180	381	0	5	0.945	194.4	972.0	0.6666666666666666
35181	392	1	4	0.9775	186.4	932.0	1.0
35182	136	0	5	0.3325	122.4	612.0	0.0
35183	276	1	4	0.6875	248.2	1241.0	1.0
35184	309	0	5	0.765	131.8	659.0	0.6666666666666666
35185	155	0	5	0.38	52.6	263.0	0.3333333333333333
35186	376	0	5	0.9325	291.4	1457.0	0.3333333333333333
35187	395	1	4	0.985	217.8	1089.0	1.0
35188	77	0	5	0.185	62.2	311.0	0.3333333333333333
35189	56	0	5	0.1325	43.2	216.0	0.0
35190	2	0	5	0.0	0.0	0.0	0.0
35191	182	0	5	0.4475	56.8	284.0	0.6666666666666666
35192	273	0	5	0.675	113.4	567.0	0.3333333333333333
35193	245	0	5	0.605	164.8	824.0	0.3333333333333333
35194	249	1	4	0.62	242.2	1211.0	1.0
35195	130	0	5	0.3175	128.0	640.0	0.3333333333333333
35196	85	0	5	0.205	41.4	207.0	0.3333333333333333
35197	208	0	5	0.5125	156.4	782.0	0.3333333333333333
35198	110	0	5	0.2675	97.2	486.0	0.3333333333333333
35199	361	0	5	0.895	247.8	1239.0	0.6666666666666666
35200	367	0	5	0.91	254.6	1273.0	0.3333333333333333
35201	80	0	5	0.1925	53.0	265.0	0.0
35202	271	0	5	0.67	55.4	277.0	0.6666666666666666
35203	26	0	5	0.0575	19.8	99.0	0.3333333333333333
35204	104	0	5	0.2525	59.6	298.0	0.3333333333333333
35205	306	0	5	0.7575	98.4	492.0	0.6666666666666666
35206	115	0	5	0.28	106.4	532.0	0.3333333333333333
35207	76	0	5	0.1825	74.0	370.0	0.0
35208	167	0	5	0.41	146.4	732.0	0.3333333333333333
35209	69	0	5	0.165	67.0	335.0	0.0
35210	262	0	5	0.6475	174.8	874.0	0.6666666666666666
35211	392	1	4	0.9775	168.4	842.0	1.0
35212	58	0	5	0.1375	56.0	280.0	0.0
35213	369	0	5	0.915	180.0	900.0	0.3333333333333333
35214	32	0	5	0.0725	29.6	148.0	0.0
35215	57	0	5	0.135	47.8	239.0	0.0
35216	174	0	5	0.4275	131.8	659.0	0.3333333333333333
35217	150	0	5	0.3675	102.8	514.0	0.6666666666666666
35218	93	0	5	0.225	91.0	455.0	0.0
35219	288	0	5	0.7125	271.4	1357.0	0.0
35220	337	0	5	0.835	154.2	771.0	0.6666666666666666
35221	180	0	5	0.4425	91.6	458.0	0.6666666666666666
35222	86	0	5	0.2075	72.8	364.0	0.3333333333333333
35223	13	0	5	0.025	11.0	55.0	0.0
35224	52	0	5	0.1225	50.0	250.0	0.0
35225	94	0	5	0.2275	65.6	328.0	0.3333333333333333
35226	237	0	5	0.585	115.6	578.0	0.3333333333333333
35227	28	0	5	0.0625	26.0	130.0	0.0
35228	269	0	5	0.665	90.6	453.0	0.3333333333333333
35229	378	0	5	0.9375	234.0	1170.0	0.6666666666666666
35230	339	0	5	0.84	278.2	1391.0	0.6666666666666666
35231	174	0	5	0.4275	92.8	464.0	0.3333333333333333
35232	178	0	5	0.4375	143.0	715.0	0.0
35233	134	0	5	0.3275	83.2	416.0	0.3333333333333333
35234	326	1	4	0.8125	250.4	1252.0	1.0
35235	119	0	5	0.29	108.2	541.0	0.0
35236	183	0	5	0.45	171.4	857.0	0.0
35237	350	0	5	0.8675	130.6	653.0	0.3333333333333333
35238	364	0	5	0.9025	162.0	810.0	0.6666666666666666
35239	365	0	5	0.905	193.2	966.0	0.6666666666666666
35240	85	0	5	0.205	58.2	291.0	0.3333333333333333
35241	369	0	5	0.915	211.6	1058.0	0.3333333333333333
35242	302	0	5	0.7475	112.8	564.0	0.6666666666666666
35243	183	0	5	0.45	181.0	905.0	0.0
35244	245	0	5	0.605	185.0	925.0	0.6666666666666666
35245	387	0	5	0.96	244.4	1222.0	0.6666666666666666
35246	265	1	4	0.66	193.8	969.0	1.0
35247	169	0	5	0.415	150.6	753.0	0.0
35248	162	0	5	0.3975	96.0	480.0	0.6666666666666666
35249	192	0	5	0.4725	182.8	914.0	0.0
35250	191	0	5	0.47	115.0	575.0	0.6666666666666666
35251	89	0	5	0.215	68.6	343.0	0.0
35252	61	0	5	0.145	59.0	295.0	0.0
35253	161	0	5	0.395	68.6	343.0	0.3333333333333333
35254	384	0	5	0.9525	151.0	755.0	0.6666666666666666
35255	239	1	4	0.595	61.2	306.0	1.0
35256	390	0	5	0.9675	183.0	915.0	0.6666666666666666
35257	111	0	5	0.27	109.0	545.0	0.0
35258	97	0	5	0.235	52.6	263.0	0.6666666666666666
35259	97	0	5	0.235	95.0	475.0	0.0
35260	98	0	5	0.2375	96.0	480.0	0.0
35261	219	0	5	0.54	138.2	691.0	0.0
35262	75	0	5	0.18	54.6	273.0	0.3333333333333333
35263	321	0	5	0.795	114.2	571.0	0.3333333333333333
35264	91	0	5	0.22	78.2	391.0	0.0
35265	194	0	5	0.4775	192.0	960.0	0.0
35266	355	0	5	0.88	288.2	1441.0	0.6666666666666666
35267	368	0	5	0.9125	216.0	1080.0	0.6666666666666666
35268	277	0	5	0.685	182.6	913.0	0.3333333333333333
35269	229	0	5	0.565	156.4	782.0	0.3333333333333333
35270	215	0	5	0.53	138.6	693.0	0.3333333333333333
35271	395	0	5	0.98	181.2	906.0	0.6666666666666666
35272	59	0	5	0.14	45.0	225.0	0.3333333333333333
35273	220	0	5	0.5425	123.4	617.0	0.3333333333333333
35274	210	0	5	0.5175	204.8	1024.0	0.3333333333333333
35275	384	1	4	0.9575	142.0	710.0	1.0
35276	3	0	5	0.0025	0.2	1.0	0.3333333333333333
35277	371	0	5	0.92	231.8	1159.0	0.6666666666666666
35278	172	0	5	0.4225	75.8	379.0	0.0
35279	23	0	5	0.05	21.0	105.0	0.0
35280	359	0	5	0.89	199.6	998.0	0.3333333333333333
35281	76	0	5	0.1825	65.2	326.0	0.3333333333333333
35282	129	0	5	0.315	117.8	589.0	0.0
35283	94	0	5	0.2275	76.8	384.0	0.3333333333333333
35284	323	0	5	0.8	164.4	822.0	0.6666666666666666
35285	321	1	4	0.8	139.0	695.0	1.0
35286	247	0	5	0.61	190.8	954.0	0.6666666666666666
35287	396	1	4	0.9875	240.8	1204.0	1.0
35288	214	0	5	0.5275	168.8	844.0	0.6666666666666666
35289	208	0	5	0.5125	91.8	459.0	0.3333333333333333
35290	231	0	5	0.57	119.0	595.0	0.3333333333333333
35291	369	0	5	0.915	282.0	1410.0	0.6666666666666666
35292	22	0	5	0.0475	20.0	100.0	0.0
35293	161	0	5	0.395	101.4	507.0	0.3333333333333333
35294	151	0	5	0.37	45.8	229.0	0.3333333333333333
35295	81	0	5	0.195	54.4	272.0	0.3333333333333333
35296	77	0	5	0.185	75.0	375.0	0.0
35297	33	0	5	0.075	29.8	149.0	0.0
35298	211	0	5	0.52	199.4	997.0	0.3333333333333333
35299	278	0	5	0.6875	93.0	465.0	0.6666666666666666
35300	250	0	5	0.6175	139.6	698.0	0.6666666666666666
35301	360	0	5	0.8925	324.4	1622.0	0.6666666666666666
35302	110	0	5	0.2675	72.8	364.0	0.3333333333333333
35303	57	0	5	0.135	55.0	275.0	0.0
35304	34	0	5	0.0775	30.8	154.0	0.3333333333333333
35305	327	1	4	0.815	203.0	1015.0	1.0
35306	284	0	5	0.7025	229.6	1148.0	0.3333333333333333
35307	198	0	5	0.4875	86.8	434.0	0.6666666666666666
35308	257	0	5	0.635	197.8	989.0	0.6666666666666666
35309	172	0	5	0.4225	166.4	832.0	0.3333333333333333
35310	207	0	5	0.51	125.8	629.0	0.0
35311	135	0	5	0.33	133.0	665.0	0.0
35312	308	0	5	0.7625	228.6	1143.0	0.3333333333333333
35313	232	0	5	0.5725	130.6	653.0	0.3333333333333333
35314	113	0	5	0.275	61.6	308.0	0.3333333333333333
35315	131	0	5	0.32	80.4	402.0	0.3333333333333333
35316	230	0	5	0.5675	185.8	929.0	0.3333333333333333
35317	131	0	5	0.32	114.6	573.0	0.0
35318	275	0	5	0.68	102.6	513.0	0.3333333333333333
35319	338	0	5	0.8375	191.4	957.0	0.3333333333333333
35320	170	0	5	0.4175	168.0	840.0	0.3333333333333333
35321	326	0	5	0.8075	204.0	1020.0	0.6666666666666666
35322	226	0	5	0.5575	78.0	390.0	0.6666666666666666
35323	396	0	5	0.9825	262.8	1314.0	0.6666666666666666
35324	145	0	5	0.355	63.6	318.0	0.3333333333333333
35325	175	0	5	0.43	156.6	783.0	0.3333333333333333
35326	35	0	5	0.08	25.8	129.0	0.3333333333333333
35327	183	0	5	0.45	94.6	473.0	0.3333333333333333
35328	383	1	4	0.955	106.2	531.0	1.0
35329	31	0	5	0.07	29.0	145.0	0.0
35330	69	0	5	0.165	67.0	335.0	0.0
35331	218	0	5	0.5375	144.8	724.0	0.0
35332	212	1	4	0.5275	65.6	328.0	1.0
35333	17	0	5	0.035	15.0	75.0	0.0
35334	205	0	5	0.505	63.8	319.0	0.3333333333333333
35335	62	0	5	0.1475	55.2	276.0	0.3333333333333333
35336	215	0	5	0.53	178.2	891.0	0.3333333333333333
35337	56	0	5	0.1325	25.2	126.0	0.0
35338	120	0	5	0.2925	101.2	506.0	0.3333333333333333
35339	150	0	5	0.3675	58.4	292.0	0.3333333333333333
35340	401	0	4	0.9975	123.2	616.0	0.6666666666666666
35341	232	0	5	0.5725	186.8	934.0	0.3333333333333333
35342	225	0	5	0.555	110.6	553.0	0.0
35343	155	0	5	0.38	150.2	751.0	0.0
35344	139	0	5	0.34	114.6	573.0	0.3333333333333333
35345	362	0	5	0.8975	128.6	643.0	0.6666666666666666
35346	177	0	5	0.435	97.0	485.0	0.3333333333333333
35347	235	0	5	0.58	183.8	919.0	0.3333333333333333
35348	308	0	5	0.7625	228.0	1140.0	0.3333333333333333
35349	86	0	5	0.2075	84.0	420.0	0.0
35350	168	0	5	0.4125	129.4	647.0	0.3333333333333333
35351	240	0	5	0.5925	143.2	716.0	0.6666666666666666
35352	90	0	5	0.2175	70.2	351.0	0.3333333333333333
35353	119	0	5	0.29	105.8	529.0	0.0
35354	195	0	5	0.48	136.6	683.0	0.3333333333333333
35355	206	0	5	0.5075	115.2	576.0	0.3333333333333333
35356	309	0	5	0.765	159.0	795.0	0.6666666666666666
35357	388	0	5	0.9625	292.4	1462.0	0.3333333333333333
35358	131	0	5	0.32	112.4	562.0	0.3333333333333333
35359	338	0	5	0.8375	236.8	1184.0	0.3333333333333333
35360	117	0	5	0.285	107.4	537.0	0.0
35361	286	0	5	0.7075	182.4	912.0	0.3333333333333333
35362	349	0	5	0.865	155.6	778.0	0.6666666666666666
35363	174	0	5	0.4275	119.6	598.0	0.0
35364	75	0	5	0.18	73.0	365.0	0.0
35365	209	0	5	0.515	161.4	807.0	0.6666666666666666
35366	45	0	5	0.105	43.0	215.0	0.0
35367	400	1	4	0.9975	334.0	1670.0	1.0
35368	251	0	5	0.62	236.6	1183.0	0.0
35369	16	0	5	0.0325	14.0	70.0	0.0
35370	100	0	5	0.2425	98.0	490.0	0.0
35371	203	0	5	0.5	139.8	699.0	0.3333333333333333
35372	79	0	5	0.19	49.4	247.0	0.0
35373	231	0	5	0.57	192.8	964.0	0.3333333333333333
35374	164	0	5	0.4025	127.0	635.0	0.3333333333333333
35375	92	0	5	0.2225	90.0	450.0	0.0
35376	242	0	5	0.5975	144.6	723.0	0.6666666666666666
35377	93	0	5	0.225	21.4	107.0	0.3333333333333333
35378	300	0	5	0.7425	226.8	1134.0	0.3333333333333333
35379	171	0	5	0.42	139.0	695.0	0.0
35380	89	0	5	0.215	51.0	255.0	0.3333333333333333
35381	175	0	5	0.43	108.2	541.0	0.3333333333333333
35382	13	0	5	0.025	11.0	55.0	0.0
35383	152	0	5	0.3725	73.8	369.0	0.0
35384	319	0	5	0.79	264.0	1320.0	0.6666666666666666
35385	252	0	5	0.6225	84.4	422.0	0.6666666666666666
35386	210	0	5	0.5175	112.8	564.0	0.3333333333333333
35387	193	0	5	0.475	61.4	307.0	0.6666666666666666
35388	294	0	5	0.7275	292.0	1460.0	0.0
35389	35	0	5	0.08	33.0	165.0	0.0
35390	386	0	5	0.9575	232.4	1162.0	0.6666666666666666
35391	337	0	5	0.835	199.2	996.0	0.6666666666666666
35392	159	0	5	0.39	111.4	557.0	0.0
35393	163	0	5	0.4	155.0	775.0	0.0
35394	240	0	5	0.5925	175.6	878.0	0.6666666666666666
35395	233	0	5	0.575	179.2	896.0	0.3333333333333333
35396	49	0	5	0.115	24.8	124.0	0.0
35397	318	0	5	0.7875	157.6	788.0	0.6666666666666666
35398	333	0	5	0.825	219.8	1099.0	0.3333333333333333
35399	196	0	5	0.4825	128.8	644.0	0.0
35400	32	0	5	0.0725	30.0	150.0	0.0
35401	327	0	5	0.81	270.2	1351.0	0.3333333333333333
35402	127	0	5	0.31	125.0	625.0	0.0
35403	212	0	5	0.5225	133.8	669.0	0.3333333333333333
35404	202	1	4	0.5025	124.2	621.0	1.0
35405	38	0	5	0.0875	36.0	180.0	0.0
35406	362	0	5	0.8975	192.6	963.0	0.3333333333333333
35407	257	0	5	0.635	123.6	618.0	0.0
35408	395	0	5	0.98	197.2	986.0	0.6666666666666666
35409	136	0	5	0.3325	31.6	158.0	0.3333333333333333
35410	389	0	5	0.965	159.6	798.0	0.6666666666666666
35411	26	0	5	0.0575	24.0	120.0	0.0
35412	47	0	5	0.11	45.0	225.0	0.0
35413	244	1	4	0.6075	138.6	693.0	1.0
35414	257	0	5	0.635	157.8	789.0	0.0
35415	236	1	4	0.5875	75.2	376.0	1.0
35416	292	0	5	0.7225	205.8	1029.0	0.3333333333333333
35417	192	0	5	0.4725	165.6	828.0	0.6666666666666666
35418	384	0	5	0.9525	250.8	1254.0	0.6666666666666666
35419	264	0	5	0.6525	91.4	457.0	0.3333333333333333
35420	354	0	5	0.8775	273.6	1368.0	0.3333333333333333
35421	117	0	5	0.285	59.4	297.0	0.6666666666666666
35422	232	0	5	0.5725	121.4	607.0	0.0
35423	200	0	5	0.4925	121.2	606.0	0.6666666666666666
35424	340	0	5	0.8425	185.0	925.0	0.6666666666666666
35425	366	1	4	0.9125	168.4	842.0	1.0
35426	315	0	5	0.78	87.4	437.0	0.6666666666666666
35427	185	0	5	0.455	109.0	545.0	0.3333333333333333
35428	101	0	5	0.245	94.8	474.0	0.3333333333333333
35429	67	0	5	0.16	13.2	66.0	0.3333333333333333
35430	365	0	5	0.905	269.8	1349.0	0.6666666666666666
35431	195	0	5	0.48	187.6	938.0	0.0
35432	258	0	5	0.6375	118.6	593.0	0.6666666666666666
35433	290	0	5	0.7175	128.8	644.0	0.6666666666666666
35434	153	0	5	0.375	127.8	639.0	0.6666666666666666
35435	243	0	5	0.6	136.6	683.0	0.6666666666666666
35436	70	0	5	0.1675	47.0	235.0	0.3333333333333333
35437	175	0	5	0.43	115.0	575.0	0.6666666666666666
35438	344	1	4	0.8575	157.6	788.0	1.0
35439	199	0	5	0.49	148.4	742.0	0.0
35440	97	0	5	0.235	95.0	475.0	0.0
35441	110	0	5	0.2675	86.4	432.0	0.3333333333333333
35442	109	0	5	0.265	65.0	325.0	0.3333333333333333
35443	294	1	4	0.7325	102.6	513.0	1.0
35444	331	1	4	0.825	259.4	1297.0	1.0
35445	233	0	5	0.575	174.4	872.0	0.3333333333333333
35446	192	0	5	0.4725	81.2	406.0	0.3333333333333333
35447	65	0	5	0.155	63.0	315.0	0.0
35448	274	0	5	0.6775	123.2	616.0	0.3333333333333333
35449	375	0	5	0.93	150.0	750.0	0.3333333333333333
35450	219	0	5	0.54	178.4	892.0	0.3333333333333333
35451	206	1	4	0.5125	102.4	512.0	1.0
35452	128	0	5	0.3125	121.0	605.0	0.3333333333333333
35453	236	0	5	0.5825	178.8	894.0	0.6666666666666666
35454	61	0	5	0.145	59.0	295.0	0.0
35455	202	0	5	0.4975	49.6	248.0	0.6666666666666666
35456	368	0	5	0.9125	233.2	1166.0	0.6666666666666666
35457	212	1	4	0.5275	123.2	616.0	1.0
35458	208	0	5	0.5125	192.0	960.0	0.6666666666666666
35459	198	0	5	0.4875	128.8	644.0	0.0
35460	131	0	5	0.32	125.8	629.0	0.0
35461	150	0	5	0.3675	132.0	660.0	0.0
35462	343	1	4	0.855	167.0	835.0	1.0
35463	139	0	5	0.34	112.2	561.0	0.0
35464	14	0	5	0.0275	12.0	60.0	0.0
35465	322	1	4	0.8025	215.4	1077.0	1.0
35466	145	0	5	0.355	87.0	435.0	0.3333333333333333
35467	299	0	5	0.74	210.2	1051.0	0.3333333333333333
35468	127	0	5	0.31	50.4	252.0	0.6666666666666666
35469	329	0	5	0.815	166.2	831.0	0.3333333333333333
35470	246	0	5	0.6075	160.4	802.0	0.3333333333333333
35471	111	0	5	0.27	66.6	333.0	0.3333333333333333
35472	108	0	5	0.2625	43.6	218.0	0.3333333333333333
35473	218	0	5	0.5375	159.6	798.0	0.6666666666666666
35474	187	0	5	0.46	137.4	687.0	0.6666666666666666
35475	306	0	5	0.7575	268.2	1341.0	0.3333333333333333
35476	376	1	4	0.9375	146.0	730.0	1.0
35477	291	0	5	0.72	181.4	907.0	0.6666666666666666
35478	115	0	5	0.28	94.2	471.0	0.0
35479	103	0	5	0.25	81.8	409.0	0.0
35480	43	0	5	0.1	38.6	193.0	0.0
35481	182	0	5	0.4475	147.2	736.0	0.0
35482	237	0	5	0.585	88.4	442.0	0.0
35483	341	0	5	0.845	256.4	1282.0	0.6666666666666666
35484	255	0	5	0.63	180.2	901.0	0.6666666666666666
35485	283	0	5	0.7	164.2	821.0	0.6666666666666666
35486	397	0	5	0.985	256.6	1283.0	0.6666666666666666
35487	12	0	5	0.0225	2.2	11.0	0.0
35488	106	0	5	0.2575	88.4	442.0	0.3333333333333333
35489	286	0	5	0.7075	173.6	868.0	0.0
35490	144	0	5	0.3525	127.2	636.0	0.3333333333333333
35491	330	0	5	0.8175	143.0	715.0	0.6666666666666666
35492	147	0	5	0.36	130.6	653.0	0.3333333333333333
35493	192	1	4	0.4775	41.6	208.0	1.0
35494	259	0	5	0.64	145.0	725.0	0.6666666666666666
35495	390	0	5	0.9675	206.6	1033.0	0.6666666666666666
35496	343	0	5	0.85	210.6	1053.0	0.6666666666666666
35497	234	0	5	0.5775	140.4	702.0	0.0
35498	323	1	4	0.805	103.2	516.0	1.0
35499	49	0	5	0.115	21.2	106.0	0.3333333333333333
35500	305	0	5	0.755	73.4	367.0	0.3333333333333333
35501	153	0	5	0.375	112.6	563.0	0.3333333333333333
35502	384	1	4	0.9575	202.6	1013.0	1.0
35503	335	1	3	0.835	204.2	1021.0	1.0
35504	286	0	5	0.7075	121.0	605.0	0.3333333333333333
35505	196	0	5	0.4825	157.2	786.0	0.3333333333333333
35506	202	0	5	0.4975	94.0	470.0	0.6666666666666666
35507	41	0	5	0.095	39.0	195.0	0.0
35508	204	0	5	0.5025	86.2	431.0	0.3333333333333333
35509	130	0	5	0.3175	128.0	640.0	0.0
35510	334	0	5	0.8275	216.8	1084.0	0.6666666666666666
35511	391	0	5	0.97	235.2	1176.0	0.6666666666666666
35512	74	0	5	0.1775	51.6	258.0	0.3333333333333333
35513	247	0	5	0.61	175.2	876.0	0.6666666666666666
35514	157	0	5	0.385	129.4	647.0	0.3333333333333333
35515	4	0	5	0.0025	2.0	10.0	0.0
35516	191	1	4	0.475	112.6	563.0	1.0
35517	16	0	5	0.0325	14.0	70.0	0.0
35518	369	1	4	0.92	188.6	943.0	1.0
35519	263	0	5	0.65	141.4	707.0	0.3333333333333333
35520	333	0	5	0.825	298.6	1493.0	0.3333333333333333
35521	383	0	5	0.95	97.8	489.0	0.6666666666666666
35522	3	0	5	0.0025	0.4	2.0	0.0
35523	240	1	4	0.5975	58.4	292.0	1.0
35524	121	0	5	0.295	106.6	533.0	0.6666666666666666
35525	388	1	4	0.9675	198.8	994.0	1.0
35526	17	0	5	0.035	15.0	75.0	0.0
35527	268	1	4	0.6675	197.8	989.0	1.0
35528	228	0	5	0.5625	174.0	870.0	0.3333333333333333
35529	283	0	5	0.7	172.6	863.0	0.6666666666666666
35530	96	0	5	0.2325	82.0	410.0	0.0
35531	303	0	5	0.75	182.4	912.0	0.6666666666666666
35532	180	0	5	0.4425	178.0	890.0	0.3333333333333333
35533	259	0	5	0.64	196.0	980.0	0.3333333333333333
35534	256	0	5	0.6325	178.8	894.0	0.3333333333333333
35535	328	0	5	0.8125	199.2	996.0	0.3333333333333333
35536	179	0	5	0.44	151.0	755.0	0.3333333333333333
35537	223	0	5	0.55	221.0	1105.0	0.0
35538	31	0	5	0.07	29.0	145.0	0.0
35539	276	0	5	0.6825	246.6	1233.0	0.3333333333333333
35540	81	0	5	0.195	72.4	362.0	0.0
35541	57	0	5	0.135	55.0	275.0	0.0
35542	178	0	5	0.4375	176.0	880.0	0.0
35543	349	0	5	0.865	122.6	613.0	0.6666666666666666
35544	165	0	5	0.405	163.0	815.0	0.0
35545	235	1	4	0.585	200.4	1002.0	1.0
35546	154	0	5	0.3775	132.2	661.0	0.6666666666666666
35547	184	0	5	0.4525	130.8	654.0	0.3333333333333333
35548	167	0	5	0.41	150.2	751.0	0.3333333333333333
35549	162	0	5	0.3975	153.0	765.0	0.3333333333333333
35550	284	0	5	0.7025	199.6	998.0	0.6666666666666666
35551	239	0	5	0.59	221.8	1109.0	0.3333333333333333
35552	5	0	5	0.005	3.0	15.0	0.0
35553	94	0	5	0.2275	46.4	232.0	0.3333333333333333
35554	45	0	5	0.105	40.8	204.0	0.0
35555	264	1	4	0.6575	169.2	846.0	1.0
35556	108	0	5	0.2625	106.0	530.0	0.0
35557	168	0	5	0.4125	101.2	506.0	0.3333333333333333
35558	201	0	5	0.495	199.0	995.0	0.0
35559	236	0	5	0.5825	129.6	648.0	0.3333333333333333
35560	256	0	5	0.6325	215.6	1078.0	0.3333333333333333
35561	117	0	5	0.285	115.0	575.0	0.0
35562	111	0	5	0.27	63.4	317.0	0.3333333333333333
35563	199	0	5	0.49	89.0	445.0	0.6666666666666666
35564	234	0	5	0.5775	84.8	424.0	0.6666666666666666
35565	154	0	5	0.3775	74.0	370.0	0.6666666666666666
35566	336	0	5	0.8325	237.6	1188.0	0.6666666666666666
35567	344	0	5	0.8525	173.8	869.0	0.6666666666666666
35568	76	0	5	0.1825	22.0	110.0	0.3333333333333333
35569	147	0	5	0.36	106.2	531.0	0.3333333333333333
35570	127	0	5	0.31	47.4	237.0	0.6666666666666666
35571	163	0	5	0.4	136.2	681.0	0.0
35572	316	0	5	0.7825	235.6	1178.0	0.6666666666666666
35573	117	0	5	0.285	60.4	302.0	0.3333333333333333
35574	67	0	5	0.16	25.8	129.0	0.3333333333333333
35575	84	0	5	0.2025	82.0	410.0	0.0
35576	324	0	5	0.8025	189.2	946.0	0.3333333333333333
35577	230	0	5	0.5675	219.2	1096.0	0.3333333333333333
35578	290	0	5	0.7175	99.2	496.0	0.6666666666666666
35579	164	0	5	0.4025	130.8	654.0	0.3333333333333333
35580	326	0	5	0.8075	197.8	989.0	0.6666666666666666
35581	184	0	5	0.4525	140.4	702.0	0.3333333333333333
35582	191	0	5	0.47	189.0	945.0	0.0
35583	64	0	5	0.1525	62.0	310.0	0.0
35584	329	0	5	0.815	88.6	443.0	0.6666666666666666
35585	67	0	5	0.16	65.0	325.0	0.0
35586	378	1	4	0.9425	140.4	702.0	1.0
35587	298	0	5	0.7375	184.2	921.0	0.3333333333333333
35588	384	0	5	0.9525	286.0	1430.0	0.6666666666666666
35589	248	0	5	0.6125	136.2	681.0	0.3333333333333333
35590	242	0	5	0.5975	119.0	595.0	0.3333333333333333
35591	351	0	5	0.87	291.6	1458.0	0.6666666666666666
35592	305	0	5	0.755	170.0	850.0	0.3333333333333333
35593	378	0	5	0.9375	147.0	735.0	0.6666666666666666
35594	302	0	5	0.7475	231.6	1158.0	0.6666666666666666
35595	18	0	5	0.0375	16.0	80.0	0.0
35596	136	0	5	0.3325	134.0	670.0	0.0
35597	394	0	5	0.9775	207.4	1037.0	0.6666666666666666
35598	265	0	5	0.655	263.0	1315.0	0.0
35599	345	1	4	0.86	221.4	1107.0	1.0
35600	264	0	5	0.6525	228.4	1142.0	0.6666666666666666
35601	361	1	4	0.9	134.2	671.0	1.0
35602	377	1	4	0.94	266.2	1331.0	1.0
35603	215	0	5	0.53	122.4	612.0	0.3333333333333333
35604	58	0	5	0.1375	54.4	272.0	0.0
35605	213	0	5	0.525	108.2	541.0	0.3333333333333333
35606	90	0	5	0.2175	28.8	144.0	0.3333333333333333
35607	317	1	4	0.79	135.6	678.0	1.0
35608	13	0	5	0.025	11.0	55.0	0.0
35609	177	0	5	0.435	77.0	385.0	0.3333333333333333
35610	270	0	5	0.6675	230.8	1154.0	0.3333333333333333
35611	210	0	5	0.5175	190.8	954.0	0.0
35612	209	0	5	0.515	74.8	374.0	0.0
35613	114	0	5	0.2775	54.8	274.0	0.0
35614	160	0	5	0.3925	135.8	679.0	0.3333333333333333
35615	359	0	5	0.89	200.0	1000.0	0.3333333333333333
35616	282	0	5	0.6975	126.0	630.0	0.6666666666666666
35617	138	0	5	0.3375	124.0	620.0	0.3333333333333333
35618	59	0	5	0.14	30.0	150.0	0.3333333333333333
35619	344	0	5	0.8525	266.0	1330.0	0.6666666666666666
35620	387	0	5	0.96	176.2	881.0	0.6666666666666666
35621	350	0	5	0.8675	270.0	1350.0	0.6666666666666666
35622	368	0	5	0.9125	255.0	1275.0	0.3333333333333333
35623	55	0	5	0.13	53.0	265.0	0.0
35624	371	0	5	0.92	237.0	1185.0	0.6666666666666666
35625	392	0	5	0.9725	242.0	1210.0	0.3333333333333333
35626	290	0	5	0.7175	112.6	563.0	0.6666666666666666
35627	187	0	5	0.46	159.4	797.0	0.3333333333333333
35628	184	0	5	0.4525	90.8	454.0	0.6666666666666666
35629	289	1	4	0.72	84.0	420.0	1.0
35630	245	1	4	0.61	117.0	585.0	1.0
35631	374	0	5	0.9275	111.0	555.0	0.3333333333333333
35632	308	0	5	0.7625	84.0	420.0	0.6666666666666666
35633	357	0	5	0.885	253.0	1265.0	0.3333333333333333
35634	264	0	5	0.6525	129.4	647.0	0.6666666666666666
35635	122	0	5	0.2975	101.6	508.0	0.0
35636	169	0	5	0.415	105.2	526.0	0.3333333333333333
35637	223	0	5	0.55	116.6	583.0	0.3333333333333333
35638	327	0	5	0.81	243.2	1216.0	0.3333333333333333
35639	113	0	5	0.275	90.2	451.0	0.0
35640	138	0	5	0.3375	136.0	680.0	0.0
35641	362	0	5	0.8975	165.4	827.0	0.6666666666666666
35642	60	0	5	0.1425	35.4	177.0	0.3333333333333333
35643	318	0	5	0.7875	223.8	1119.0	0.6666666666666666
35644	90	0	5	0.2175	66.0	330.0	0.3333333333333333
35645	158	0	5	0.3875	156.0	780.0	0.0
35646	82	0	5	0.1975	51.8	259.0	0.3333333333333333
35647	188	0	5	0.4625	186.0	930.0	0.0
35648	140	0	5	0.3425	90.6	453.0	0.0
35649	263	0	5	0.65	111.4	557.0	0.3333333333333333
35650	24	0	5	0.0525	22.0	110.0	0.0
35651	97	0	5	0.235	60.6	303.0	0.3333333333333333
35652	25	0	5	0.055	23.0	115.0	0.0
35653	207	0	5	0.51	184.2	921.0	0.3333333333333333
35654	242	0	5	0.5975	130.4	652.0	0.3333333333333333
35655	285	0	5	0.705	204.4	1022.0	0.3333333333333333
35656	7	0	5	0.01	2.6	13.0	0.3333333333333333
35657	118	0	5	0.2875	116.0	580.0	0.0
35658	4	0	5	0.0025	2.0	10.0	0.0
35659	161	1	4	0.4	116.6	583.0	1.0
35660	89	0	5	0.215	87.0	435.0	0.0
35661	210	0	5	0.5175	208.0	1040.0	0.3333333333333333
35662	152	0	5	0.3725	100.4	502.0	0.0
35663	369	0	5	0.915	150.8	754.0	0.6666666666666666
35664	169	0	5	0.415	82.2	411.0	0.3333333333333333
35665	378	0	5	0.9375	222.2	1111.0	0.6666666666666666
35666	63	0	5	0.15	61.0	305.0	0.0
35667	312	1	4	0.7775	196.4	982.0	1.0
35668	79	0	5	0.19	77.0	385.0	0.0
35669	20	0	5	0.0425	18.0	90.0	0.0
35670	32	0	5	0.0725	30.0	150.0	0.0
35671	231	0	5	0.57	173.0	865.0	0.3333333333333333
35672	240	0	5	0.5925	143.0	715.0	0.3333333333333333
35673	74	0	5	0.1775	72.0	360.0	0.0
35674	131	0	5	0.32	79.8	399.0	0.0
35675	108	0	5	0.2625	98.8	494.0	0.0
35676	70	0	5	0.1675	53.0	265.0	0.3333333333333333
35677	242	0	5	0.5975	156.0	780.0	0.3333333333333333
35678	360	0	5	0.8925	230.2	1151.0	0.6666666666666666
35679	47	0	5	0.11	45.0	225.0	0.0
35680	375	0	5	0.93	228.8	1144.0	0.3333333333333333
35681	60	0	5	0.1425	58.0	290.0	0.0
35682	272	0	5	0.6725	56.4	282.0	0.3333333333333333
35683	202	0	5	0.4975	98.8	494.0	0.3333333333333333
35684	284	0	5	0.7025	186.8	934.0	0.3333333333333333
35685	210	0	5	0.5175	196.4	982.0	0.0
35686	126	0	5	0.3075	81.2	406.0	0.3333333333333333
35687	90	0	5	0.2175	33.6	168.0	0.3333333333333333
35688	395	0	5	0.98	180.0	900.0	0.6666666666666666
35689	107	0	5	0.26	76.2	381.0	0.3333333333333333
35690	369	0	5	0.915	157.0	785.0	0.3333333333333333
35691	156	1	4	0.3875	84.0	420.0	1.0
35692	280	0	5	0.6925	179.4	897.0	0.6666666666666666
35693	324	0	5	0.8025	181.8	909.0	0.3333333333333333
35694	57	0	5	0.135	39.8	199.0	0.3333333333333333
35695	376	0	5	0.9325	110.6	553.0	0.6666666666666666
35696	151	0	5	0.37	149.0	745.0	0.0
35697	271	1	4	0.675	195.6	978.0	1.0
35698	17	0	5	0.035	15.0	75.0	0.0
35699	50	0	5	0.1175	48.0	240.0	0.0
35700	295	0	5	0.73	163.8	819.0	0.6666666666666666
35701	44	0	5	0.1025	42.0	210.0	0.0
35702	312	0	5	0.7725	150.8	754.0	0.6666666666666666
35703	97	0	5	0.235	76.8	384.0	0.3333333333333333
35704	277	0	5	0.685	161.8	809.0	0.3333333333333333
35705	186	0	5	0.4575	105.6	528.0	0.6666666666666666
35706	293	1	4	0.73	86.4	432.0	1.0
35707	151	0	5	0.37	128.0	640.0	0.3333333333333333
35708	168	0	5	0.4125	108.6	543.0	0.6666666666666666
35709	232	0	5	0.5725	199.0	995.0	0.0
35710	22	0	5	0.0475	18.2	91.0	0.3333333333333333
35711	259	1	4	0.645	223.2	1116.0	1.0
35712	233	1	4	0.58	117.0	585.0	1.0
35713	365	0	5	0.905	160.6	803.0	0.6666666666666666
35714	175	0	5	0.43	162.4	812.0	0.3333333333333333
35715	226	0	5	0.5575	224.0	1120.0	0.3333333333333333
35716	241	0	5	0.595	91.6	458.0	0.6666666666666666
35717	211	0	5	0.52	170.8	854.0	0.3333333333333333
35718	14	0	5	0.0275	12.0	60.0	0.0
35719	330	0	5	0.8175	267.0	1335.0	0.6666666666666666
35720	7	0	5	0.01	5.0	25.0	0.0
35721	180	0	5	0.4425	157.0	785.0	0.6666666666666666
35722	273	0	5	0.675	166.2	831.0	0.6666666666666666
35723	32	0	5	0.0725	20.8	104.0	0.3333333333333333
35724	246	0	5	0.6075	173.2	866.0	0.3333333333333333
35725	254	0	5	0.6275	199.6	998.0	0.0
35726	44	0	5	0.1025	42.0	210.0	0.0
35727	124	0	5	0.3025	121.4	607.0	0.3333333333333333
35728	221	0	5	0.545	179.8	899.0	0.3333333333333333
35729	7	0	5	0.01	5.0	25.0	0.0
35730	188	0	5	0.4625	186.0	930.0	0.0
35731	187	0	5	0.46	124.0	620.0	0.6666666666666666
35732	253	0	5	0.625	251.0	1255.0	0.0
35733	315	0	5	0.78	186.0	930.0	0.6666666666666666
35734	313	0	5	0.775	295.0	1475.0	0.3333333333333333
35735	149	0	5	0.365	58.0	290.0	0.3333333333333333
35736	290	0	5	0.7175	62.4	312.0	0.6666666666666666
35737	346	0	5	0.8575	112.8	564.0	0.6666666666666666
35738	177	0	5	0.435	158.2	791.0	0.3333333333333333
35739	336	0	5	0.8325	111.8	559.0	0.6666666666666666
35740	183	0	5	0.45	101.2	506.0	0.6666666666666666
35741	101	0	5	0.245	83.8	419.0	0.3333333333333333
35742	159	0	5	0.39	77.8	389.0	0.3333333333333333
35743	76	0	5	0.1825	74.0	370.0	0.0
35744	241	0	5	0.595	131.0	655.0	0.0
35745	293	0	5	0.725	174.8	874.0	0.3333333333333333
35746	153	0	5	0.375	127.8	639.0	0.3333333333333333
35747	166	0	5	0.4075	62.4	312.0	0.6666666666666666
35748	350	0	5	0.8675	289.8	1449.0	0.6666666666666666
35749	105	0	5	0.255	55.0	275.0	0.0
35750	170	0	5	0.4175	138.0	690.0	0.3333333333333333
35751	64	0	5	0.1525	57.4	287.0	0.0
35752	9	0	5	0.015	7.0	35.0	0.0
35753	217	0	5	0.535	133.6	668.0	0.6666666666666666
35754	21	0	5	0.045	19.0	95.0	0.0
35755	160	0	5	0.3925	106.8	534.0	0.3333333333333333
35756	131	0	5	0.32	118.2	591.0	0.0
35757	64	0	5	0.1525	27.6	138.0	0.3333333333333333
35758	146	0	5	0.3575	65.6	328.0	0.0
35759	396	0	5	0.9825	215.4	1077.0	0.6666666666666666
35760	214	0	5	0.5275	90.2	451.0	0.3333333333333333
35761	373	0	5	0.925	77.0	385.0	0.6666666666666666
35762	197	0	5	0.485	193.6	968.0	0.0
35763	321	0	5	0.795	265.2	1326.0	0.6666666666666666
35764	185	0	5	0.455	116.2	581.0	0.3333333333333333
35765	60	0	5	0.1425	58.0	290.0	0.0
35766	146	0	5	0.3575	100.0	500.0	0.0
35767	391	0	5	0.97	169.8	849.0	0.6666666666666666
35768	65	0	5	0.155	43.0	215.0	0.0
35769	287	0	5	0.71	78.0	390.0	0.6666666666666666
35770	152	0	5	0.3725	150.0	750.0	0.0
35771	291	0	5	0.72	128.2	641.0	0.6666666666666666
35772	158	0	5	0.3875	73.4	367.0	0.6666666666666666
35773	256	0	5	0.6325	63.6	318.0	0.6666666666666666
35774	189	0	5	0.465	80.8	404.0	0.6666666666666666
35775	288	0	5	0.7125	173.2	866.0	0.3333333333333333
35776	187	0	5	0.46	111.4	557.0	0.0
35777	365	0	5	0.905	249.0	1245.0	0.6666666666666666
35778	140	0	5	0.3425	106.4	532.0	0.6666666666666666
35779	49	0	5	0.115	47.0	235.0	0.0
35780	341	0	5	0.845	133.4	667.0	0.3333333333333333
35781	128	0	5	0.3125	90.6	453.0	0.3333333333333333
35782	373	0	5	0.925	250.2	1251.0	0.6666666666666666
35783	388	0	5	0.9625	237.0	1185.0	0.6666666666666666
35784	278	0	5	0.6875	239.0	1195.0	0.3333333333333333
35785	301	0	5	0.745	201.8	1009.0	0.6666666666666666
35786	54	0	5	0.1275	39.2	196.0	0.0
35787	334	0	5	0.8275	155.0	775.0	0.6666666666666666
35788	79	0	5	0.19	77.0	385.0	0.0
35789	287	0	5	0.71	118.8	594.0	0.6666666666666666
35790	343	0	5	0.85	264.6	1323.0	0.6666666666666666
35791	32	0	5	0.0725	30.0	150.0	0.0
35792	323	1	4	0.805	125.2	626.0	1.0
35793	85	0	5	0.205	78.2	391.0	0.3333333333333333
35794	225	0	5	0.555	223.0	1115.0	0.0
35795	233	0	5	0.575	133.0	665.0	0.6666666666666666
35796	154	0	5	0.3775	81.6	408.0	0.3333333333333333
35797	5	0	5	0.005	3.0	15.0	0.0
35798	200	0	5	0.4925	156.8	784.0	0.6666666666666666
35799	298	0	5	0.7375	156.8	784.0	0.3333333333333333
35800	297	0	5	0.735	251.8	1259.0	0.3333333333333333
35801	39	0	5	0.09	34.2	171.0	0.0
35802	98	0	5	0.2375	84.4	422.0	0.3333333333333333
35803	314	1	4	0.7825	241.2	1206.0	1.0
35804	180	0	5	0.4425	107.6	538.0	0.0
35805	318	0	5	0.7875	157.2	786.0	0.6666666666666666
35806	198	0	5	0.4875	137.2	686.0	0.0
35807	230	0	5	0.5675	98.4	492.0	0.6666666666666666
35808	78	0	5	0.1875	72.8	364.0	0.3333333333333333
35809	212	0	5	0.5225	76.4	382.0	0.3333333333333333
35810	310	0	5	0.7675	137.6	688.0	0.3333333333333333
35811	338	0	5	0.8375	332.4	1662.0	0.3333333333333333
35812	13	0	5	0.025	11.0	55.0	0.0
35813	246	0	5	0.6075	244.0	1220.0	0.3333333333333333
35814	388	0	5	0.9625	156.0	780.0	0.3333333333333333
35815	331	0	5	0.82	257.6	1288.0	0.6666666666666666
35816	234	0	5	0.5775	68.8	344.0	0.3333333333333333
35817	177	0	5	0.435	89.8	449.0	0.3333333333333333
35818	113	0	5	0.275	109.4	547.0	0.3333333333333333
35819	201	0	5	0.495	75.8	379.0	0.6666666666666666
35820	187	0	5	0.46	71.6	358.0	0.6666666666666666
35821	241	0	5	0.595	151.8	759.0	0.6666666666666666
35822	288	0	5	0.7125	124.8	624.0	0.3333333333333333
35823	325	0	5	0.805	166.2	831.0	0.0
35824	78	0	5	0.1875	56.4	282.0	0.3333333333333333
35825	147	0	5	0.36	65.0	325.0	0.6666666666666666
35826	388	0	5	0.9625	94.8	474.0	0.6666666666666666
35827	228	0	5	0.5625	226.0	1130.0	0.3333333333333333
35828	327	1	4	0.815	264.4	1322.0	1.0
35829	307	1	4	0.765	166.8	834.0	1.0
35830	76	0	5	0.1825	61.0	305.0	0.0
35831	208	0	5	0.5125	53.4	267.0	0.3333333333333333
35832	40	0	5	0.0925	38.0	190.0	0.0
35833	74	0	5	0.1775	38.4	192.0	0.0
35834	392	0	5	0.9725	304.2	1521.0	0.6666666666666666
35835	73	0	5	0.175	45.8	229.0	0.3333333333333333
35836	78	0	5	0.1875	52.4	262.0	0.0
35837	267	0	5	0.66	174.0	870.0	0.3333333333333333
35838	38	0	5	0.0875	36.0	180.0	0.0
35839	236	0	5	0.5825	107.0	535.0	0.3333333333333333
35840	349	0	5	0.865	230.4	1152.0	0.6666666666666666
35841	190	0	5	0.4675	102.2	511.0	0.3333333333333333
35842	70	0	5	0.1675	43.4	217.0	0.3333333333333333
35843	140	0	5	0.3425	69.6	348.0	0.0
35844	209	0	5	0.515	122.2	611.0	0.6666666666666666
35845	124	0	5	0.3025	117.6	588.0	0.3333333333333333
35846	7	0	5	0.01	5.0	25.0	0.0
35847	281	0	5	0.695	139.0	695.0	0.3333333333333333
35848	106	0	5	0.2575	104.0	520.0	0.0
35849	350	1	4	0.8725	174.2	871.0	1.0
35850	188	0	5	0.4625	156.4	782.0	0.0
35851	17	0	5	0.035	15.0	75.0	0.0
35852	108	0	5	0.2625	106.0	530.0	0.0
35853	262	0	5	0.6475	251.0	1255.0	0.0
35854	202	0	5	0.4975	118.0	590.0	0.6666666666666666
35855	116	0	5	0.2825	98.4	492.0	0.0
35856	236	0	5	0.5825	209.2	1046.0	0.3333333333333333
35857	220	0	5	0.5425	130.4	652.0	0.3333333333333333
35858	386	0	5	0.9575	210.6	1053.0	0.6666666666666666
35859	55	0	5	0.13	30.0	150.0	0.3333333333333333
35860	176	0	5	0.4325	124.8	624.0	0.3333333333333333
35861	306	0	5	0.7575	187.8	939.0	0.6666666666666666
35862	102	0	5	0.2475	80.0	400.0	0.3333333333333333
35863	252	0	5	0.6225	189.4	947.0	0.6666666666666666
35864	285	1	4	0.71	183.4	917.0	1.0
35865	183	0	5	0.45	50.6	253.0	0.3333333333333333
35866	206	0	5	0.5075	204.0	1020.0	0.0
35867	186	0	5	0.4575	121.2	606.0	0.3333333333333333
35868	78	0	5	0.1875	76.0	380.0	0.0
35869	149	0	5	0.365	141.0	705.0	0.0
35870	253	0	5	0.625	204.8	1024.0	0.3333333333333333
35871	122	0	5	0.2975	101.6	508.0	0.3333333333333333
35872	369	1	4	0.92	147.2	736.0	1.0
35873	128	0	5	0.3125	60.6	303.0	0.0
35874	301	0	5	0.745	177.8	889.0	0.6666666666666666
35875	304	1	4	0.7575	151.2	756.0	1.0
35876	348	1	4	0.8675	260.6	1303.0	1.0
35877	82	0	5	0.1975	80.0	400.0	0.0
35878	155	0	5	0.38	83.0	415.0	0.6666666666666666
35879	207	0	5	0.51	155.6	778.0	0.3333333333333333
35880	266	0	5	0.6575	111.6	558.0	0.3333333333333333
35881	138	0	5	0.3375	99.2	496.0	0.0
35882	175	0	5	0.43	90.6	453.0	0.0
35883	219	0	5	0.54	172.6	863.0	0.3333333333333333
35884	317	0	5	0.785	224.0	1120.0	0.6666666666666666
35885	44	0	5	0.1025	42.0	210.0	0.0
35886	82	0	5	0.1975	78.4	392.0	0.3333333333333333
35887	63	0	5	0.15	36.4	182.0	0.3333333333333333
35888	60	0	5	0.1425	31.6	158.0	0.0
35889	47	0	5	0.11	37.4	187.0	0.3333333333333333
35890	73	0	5	0.175	40.6	203.0	0.3333333333333333
35891	129	0	5	0.315	98.8	494.0	0.6666666666666666
35892	63	0	5	0.15	38.8	194.0	0.0
35893	368	0	5	0.9125	235.8	1179.0	0.6666666666666666
35894	58	0	5	0.1375	56.0	280.0	0.0
35895	392	1	4	0.9775	175.6	878.0	1.0
35896	219	0	5	0.54	159.4	797.0	0.0
35897	356	1	4	0.8875	132.8	664.0	1.0
35898	183	0	5	0.45	151.4	757.0	0.3333333333333333
35899	241	0	5	0.595	127.6	638.0	0.3333333333333333
35900	187	0	5	0.46	51.8	259.0	0.3333333333333333
35901	6	0	5	0.0075	4.0	20.0	0.0
35902	239	0	5	0.59	190.0	950.0	0.3333333333333333
35903	135	0	5	0.33	82.0	410.0	0.3333333333333333
35904	370	0	5	0.9175	176.0	880.0	0.3333333333333333
35905	373	1	4	0.93	185.8	929.0	1.0
35906	150	0	5	0.3675	102.4	512.0	0.3333333333333333
35907	190	0	5	0.4675	70.8	354.0	0.3333333333333333
35908	117	0	5	0.285	115.0	575.0	0.0
35909	99	0	5	0.24	96.2	481.0	0.3333333333333333
35910	307	0	5	0.76	211.4	1057.0	0.6666666666666666
35911	95	0	5	0.23	54.0	270.0	0.0
35912	131	0	5	0.32	54.0	270.0	0.3333333333333333
35913	159	0	5	0.39	81.8	409.0	0.3333333333333333
35914	308	0	5	0.7625	163.8	819.0	0.6666666666666666
35915	151	0	5	0.37	149.0	745.0	0.3333333333333333
35916	66	0	5	0.1575	52.0	260.0	0.3333333333333333
35917	104	0	5	0.2525	84.8	424.0	0.0
35918	180	0	5	0.4425	82.0	410.0	0.3333333333333333
35919	328	0	5	0.8125	183.0	915.0	0.6666666666666666
35920	96	0	5	0.2325	44.8	224.0	0.3333333333333333
35921	68	0	5	0.1625	56.0	280.0	0.0
35922	77	0	5	0.185	50.6	253.0	0.0
35923	108	0	5	0.2625	106.0	530.0	0.0
35924	376	1	4	0.9375	245.0	1225.0	1.0
35925	49	0	5	0.115	34.2	171.0	0.0
35926	238	0	5	0.5875	141.2	706.0	0.6666666666666666
35927	187	1	4	0.465	95.8	479.0	1.0
35928	382	0	5	0.9475	240.8	1204.0	0.6666666666666666
35929	226	1	4	0.5625	125.6	628.0	1.0
35930	290	0	5	0.7175	146.6	733.0	0.6666666666666666
35931	200	0	5	0.4925	198.0	990.0	0.0
35932	142	0	5	0.3475	79.0	395.0	0.3333333333333333
35933	118	0	5	0.2875	116.0	580.0	0.0
35934	38	0	5	0.0875	36.0	180.0	0.0
35935	139	0	5	0.34	49.0	245.0	0.0
35936	175	0	5	0.43	93.6	468.0	0.3333333333333333
35937	370	0	5	0.9175	251.6	1258.0	0.3333333333333333
35938	58	0	5	0.1375	56.0	280.0	0.0
35939	340	0	5	0.8425	230.8	1154.0	0.6666666666666666
35940	3	0	5	0.0025	0.6	3.0	0.3333333333333333
35941	321	0	5	0.795	237.0	1185.0	0.0
35942	150	0	5	0.3675	106.8	534.0	0.3333333333333333
35943	258	0	5	0.6375	251.6	1258.0	0.3333333333333333
35944	348	0	5	0.8625	119.2	596.0	0.6666666666666666
35945	138	1	4	0.3425	111.6	558.0	1.0
35946	167	0	5	0.41	68.0	340.0	0.3333333333333333
35947	352	0	5	0.8725	265.2	1326.0	0.6666666666666666
35948	219	0	5	0.54	211.8	1059.0	0.0
35949	183	0	5	0.45	91.6	458.0	0.6666666666666666
35950	301	0	5	0.745	188.4	942.0	0.6666666666666666
35951	148	0	5	0.3625	121.8	609.0	0.6666666666666666
35952	182	0	5	0.4475	136.4	682.0	0.0
35953	218	0	5	0.5375	174.8	874.0	0.6666666666666666
35954	203	0	5	0.5	142.6	713.0	0.3333333333333333
35955	370	0	5	0.9175	250.4	1252.0	0.3333333333333333
35956	255	0	5	0.63	160.6	803.0	0.6666666666666666
35957	199	0	5	0.49	183.2	916.0	0.3333333333333333
35958	389	1	4	0.97	232.6	1163.0	1.0
35959	56	0	5	0.1325	30.0	150.0	0.6666666666666666
35960	253	0	5	0.625	190.4	952.0	0.3333333333333333
35961	226	0	5	0.5575	165.2	826.0	0.3333333333333333
35962	145	0	5	0.355	74.6	373.0	0.3333333333333333
35963	345	1	4	0.86	101.8	509.0	1.0
35964	382	0	5	0.9475	207.8	1039.0	0.6666666666666666
35965	24	0	5	0.0525	22.0	110.0	0.0
35966	184	0	5	0.4525	113.6	568.0	0.6666666666666666
35967	380	0	5	0.9425	220.8	1104.0	0.6666666666666666
35968	71	0	5	0.17	17.0	85.0	0.3333333333333333
35969	34	0	5	0.0775	32.0	160.0	0.3333333333333333
35970	182	0	5	0.4475	129.6	648.0	0.3333333333333333
35971	198	0	5	0.4875	162.4	812.0	0.3333333333333333
35972	231	0	5	0.57	222.4	1112.0	0.3333333333333333
35973	121	0	5	0.295	59.8	299.0	0.3333333333333333
35974	325	0	5	0.805	140.6	703.0	0.6666666666666666
35975	49	0	5	0.115	47.0	235.0	0.0
35976	106	0	5	0.2575	21.0	105.0	0.3333333333333333
35977	372	0	5	0.9225	270.2	1351.0	0.6666666666666666
35978	302	0	5	0.7475	253.2	1266.0	0.3333333333333333
35979	72	0	5	0.1725	70.0	350.0	0.0
35980	217	0	5	0.535	196.0	980.0	0.3333333333333333
35981	378	0	5	0.9375	186.2	931.0	0.6666666666666666
35982	306	0	5	0.7575	304.0	1520.0	0.3333333333333333
35983	248	0	5	0.6125	130.0	650.0	0.3333333333333333
35984	355	1	4	0.885	157.2	786.0	1.0
35985	47	0	5	0.11	45.0	225.0	0.0
35986	317	0	5	0.785	173.4	867.0	0.6666666666666666
35987	226	1	4	0.5625	180.4	902.0	1.0
35988	165	0	5	0.405	107.8	539.0	0.3333333333333333
35989	262	0	5	0.6475	128.4	642.0	0.6666666666666666
35990	120	0	5	0.2925	110.4	552.0	0.3333333333333333
35991	159	0	5	0.39	73.6	368.0	0.6666666666666666
35992	312	0	5	0.7725	206.6	1033.0	0.3333333333333333
35993	287	0	5	0.71	180.6	903.0	0.3333333333333333
35994	83	0	5	0.2	81.0	405.0	0.0
35995	113	0	5	0.275	111.0	555.0	0.0
35996	218	0	5	0.5375	195.4	977.0	0.3333333333333333
35997	252	0	5	0.6225	119.0	595.0	0.3333333333333333
35998	73	0	5	0.175	71.0	355.0	0.0
35999	256	0	5	0.6325	136.4	682.0	0.3333333333333333
36000	320	1	4	0.7975	128.0	640.0	1.0
36001	134	0	5	0.3275	84.0	420.0	0.3333333333333333
36002	314	0	5	0.7775	233.4	1167.0	0.6666666666666666
36003	174	0	5	0.4275	70.4	352.0	0.0
36004	249	0	5	0.615	118.2	591.0	0.3333333333333333
36005	99	0	5	0.24	78.2	391.0	0.6666666666666666
36006	184	0	5	0.4525	112.0	560.0	0.6666666666666666
36007	235	1	4	0.585	92.6	463.0	1.0
36008	237	0	5	0.585	84.6	423.0	0.3333333333333333
36009	79	0	5	0.19	15.6	78.0	0.3333333333333333
36010	237	0	5	0.585	104.6	523.0	0.3333333333333333
36011	206	0	5	0.5075	98.8	494.0	0.3333333333333333
36012	208	0	5	0.5125	136.2	681.0	0.3333333333333333
36013	231	0	5	0.57	187.4	937.0	0.3333333333333333
36014	251	0	5	0.62	169.6	848.0	0.6666666666666666
36015	220	0	5	0.5425	194.2	971.0	0.3333333333333333
36016	63	0	5	0.15	42.6	213.0	0.0
36017	114	0	5	0.2775	71.8	359.0	0.3333333333333333
36018	34	0	5	0.0775	32.0	160.0	0.0
36019	210	0	5	0.5175	201.4	1007.0	0.3333333333333333
36020	147	0	5	0.36	133.8	669.0	0.0
36021	298	0	5	0.7375	212.6	1063.0	0.0
36022	246	0	5	0.6075	131.6	658.0	0.3333333333333333
36023	197	0	5	0.485	108.6	543.0	0.3333333333333333
36024	271	0	5	0.67	225.8	1129.0	0.0
36025	314	0	5	0.7775	192.2	961.0	0.6666666666666666
36026	97	0	5	0.235	51.8	259.0	0.3333333333333333
36027	328	0	5	0.8125	169.4	847.0	0.6666666666666666
36028	394	0	5	0.9775	309.2	1546.0	0.6666666666666666
36029	251	0	5	0.62	238.6	1193.0	0.6666666666666666
36030	97	0	5	0.235	95.0	475.0	0.0
36031	400	1	4	0.9975	248.4	1242.0	1.0
36032	262	0	5	0.6475	127.2	636.0	0.3333333333333333
36033	73	0	5	0.175	43.4	217.0	0.6666666666666666
36034	234	0	5	0.5775	187.2	936.0	0.6666666666666666
36035	251	0	5	0.62	170.8	854.0	0.6666666666666666
36036	296	0	5	0.7325	218.0	1090.0	0.3333333333333333
36037	170	0	5	0.4175	123.6	618.0	0.0
36038	209	0	5	0.515	44.6	223.0	0.0
36039	133	0	5	0.325	99.0	495.0	0.3333333333333333
36040	305	0	5	0.755	210.2	1051.0	0.6666666666666666
36041	143	0	5	0.35	116.6	583.0	0.6666666666666666
36042	349	0	5	0.865	133.8	669.0	0.6666666666666666
36043	304	0	5	0.7525	254.2	1271.0	0.6666666666666666
36044	107	0	5	0.26	86.4	432.0	0.3333333333333333
36045	114	0	5	0.2775	102.6	513.0	0.3333333333333333
36046	351	0	5	0.87	319.4	1597.0	0.3333333333333333
36047	71	0	5	0.17	65.4	327.0	0.3333333333333333
36048	27	0	5	0.06	8.0	40.0	0.3333333333333333
36049	228	0	5	0.5625	96.6	483.0	0.6666666666666666
36050	307	0	5	0.76	131.8	659.0	0.6666666666666666
36051	36	0	5	0.0825	34.0	170.0	0.0
36052	92	0	5	0.2225	61.6	308.0	0.3333333333333333
36053	266	0	5	0.6575	200.8	1004.0	0.3333333333333333
36054	144	0	5	0.3525	71.8	359.0	0.0
36055	4	0	5	0.0025	2.0	10.0	0.0
36056	298	0	5	0.7375	113.2	566.0	0.3333333333333333
36057	205	0	5	0.505	178.4	892.0	0.6666666666666666
36058	371	0	5	0.92	184.8	924.0	0.6666666666666666
36059	201	0	5	0.495	167.8	839.0	0.3333333333333333
36060	261	0	5	0.645	58.2	291.0	0.0
36061	220	0	5	0.5425	151.2	756.0	0.3333333333333333
36062	275	1	4	0.685	167.0	835.0	1.0
36063	140	0	5	0.3425	70.2	351.0	0.0
36064	20	0	5	0.0425	18.0	90.0	0.0
36065	348	0	5	0.8625	157.0	785.0	0.6666666666666666
36066	159	0	5	0.39	129.0	645.0	0.3333333333333333
36067	81	0	5	0.195	38.0	190.0	0.6666666666666666
36068	84	0	5	0.2025	38.0	190.0	0.3333333333333333
36069	331	0	5	0.82	193.0	965.0	0.6666666666666666
36070	389	0	5	0.965	214.4	1072.0	0.6666666666666666
36071	66	0	5	0.1575	53.6	268.0	0.0
36072	362	0	5	0.8975	122.4	612.0	0.6666666666666666
36073	199	0	5	0.49	172.0	860.0	0.0
36074	301	0	5	0.745	161.0	805.0	0.6666666666666666
36075	31	0	5	0.07	29.0	145.0	0.0
36076	313	0	5	0.775	139.2	696.0	0.3333333333333333
36077	241	0	5	0.595	160.6	803.0	0.6666666666666666
36078	113	0	5	0.275	111.0	555.0	0.0
36079	17	0	5	0.035	15.0	75.0	0.0
36080	400	0	5	0.9925	277.8	1389.0	0.6666666666666666
36081	209	0	5	0.515	123.0	615.0	0.6666666666666666
36082	309	0	5	0.765	143.8	719.0	0.6666666666666666
36083	162	0	5	0.3975	91.2	456.0	0.6666666666666666
36084	229	1	4	0.57	175.8	879.0	1.0
36085	315	0	5	0.78	189.0	945.0	0.3333333333333333
36086	162	0	5	0.3975	75.2	376.0	0.3333333333333333
36087	302	0	5	0.7475	236.6	1183.0	0.6666666666666666
36088	287	0	5	0.71	161.4	807.0	0.3333333333333333
36089	118	0	5	0.2875	74.8	374.0	0.3333333333333333
36090	320	0	5	0.7925	278.8	1394.0	0.3333333333333333
36091	47	0	5	0.11	32.2	161.0	0.3333333333333333
36092	388	0	5	0.9625	224.4	1122.0	0.6666666666666666
36093	103	0	5	0.25	30.6	153.0	0.3333333333333333
36094	400	0	5	0.9925	202.8	1014.0	0.6666666666666666
36095	374	1	4	0.9325	235.0	1175.0	1.0
36096	167	0	5	0.41	107.8	539.0	0.0
36097	335	0	5	0.83	237.8	1189.0	0.6666666666666666
36098	181	0	5	0.445	145.8	729.0	0.0
36099	182	0	5	0.4475	180.0	900.0	0.0
36100	79	0	5	0.19	77.0	385.0	0.0
36101	347	0	5	0.86	235.4	1177.0	0.6666666666666666
36102	283	0	5	0.7	258.8	1294.0	0.0
36103	321	0	5	0.795	248.0	1240.0	0.6666666666666666
36104	10	0	5	0.0175	7.0	35.0	0.0
36105	304	0	5	0.7525	271.4	1357.0	0.0
36106	208	0	5	0.5125	147.6	738.0	0.3333333333333333
36107	288	0	5	0.7125	194.4	972.0	0.3333333333333333
36108	204	0	5	0.5025	180.4	902.0	0.3333333333333333
36109	198	0	5	0.4875	95.6	478.0	0.6666666666666666
36110	298	0	5	0.7375	265.6	1328.0	0.3333333333333333
36111	331	0	5	0.82	183.4	917.0	0.6666666666666666
36112	183	0	5	0.45	153.2	766.0	0.0
36113	248	0	5	0.6125	175.0	875.0	0.3333333333333333
36114	332	0	5	0.8225	120.0	600.0	0.3333333333333333
36115	131	0	5	0.32	99.0	495.0	0.3333333333333333
36116	146	0	5	0.3575	96.0	480.0	0.6666666666666666
36117	303	0	5	0.75	127.2	636.0	0.3333333333333333
36118	90	0	5	0.2175	82.0	410.0	0.0
36119	289	0	5	0.715	238.4	1192.0	0.3333333333333333
36120	239	0	5	0.59	166.8	834.0	0.6666666666666666
36121	215	0	5	0.53	119.4	597.0	0.6666666666666666
36122	376	1	4	0.9375	308.4	1542.0	1.0
36123	36	0	5	0.0825	34.0	170.0	0.0
36124	325	0	5	0.805	172.6	863.0	0.6666666666666666
36125	36	0	5	0.0825	34.0	170.0	0.0
36126	390	0	5	0.9675	158.6	793.0	0.6666666666666666
36127	19	0	5	0.04	17.0	85.0	0.0
36128	226	0	5	0.5575	194.4	972.0	0.3333333333333333
36129	25	0	5	0.055	12.2	61.0	0.3333333333333333
36130	96	0	5	0.2325	62.0	310.0	0.6666666666666666
36131	50	0	5	0.1175	48.0	240.0	0.0
36132	364	0	5	0.9025	249.8	1249.0	0.6666666666666666
36133	153	0	5	0.375	52.4	262.0	0.0
36134	6	0	5	0.0075	4.0	20.0	0.0
36135	254	0	5	0.6275	202.2	1011.0	0.6666666666666666
36136	187	0	5	0.46	118.4	592.0	0.0
36137	144	0	5	0.3525	37.2	186.0	0.3333333333333333
36138	126	0	5	0.3075	81.4	407.0	0.3333333333333333
36139	156	0	5	0.3825	154.0	770.0	0.0
36140	2	0	5	0.0	0.0	0.0	0.0
36141	311	0	5	0.77	115.4	577.0	0.6666666666666666
36142	266	0	5	0.6575	132.0	660.0	0.3333333333333333
36143	211	0	5	0.52	111.4	557.0	0.0
36144	87	0	5	0.21	83.2	416.0	0.3333333333333333
36145	64	0	5	0.1525	62.0	310.0	0.0
36146	289	1	4	0.72	159.0	795.0	1.0
36147	172	0	5	0.4225	140.0	700.0	0.3333333333333333
36148	278	0	5	0.6875	217.2	1086.0	0.3333333333333333
36149	38	0	5	0.0875	31.2	156.0	0.3333333333333333
36150	38	0	5	0.0875	36.0	180.0	0.0
36151	289	0	5	0.715	227.8	1139.0	0.6666666666666666
36152	363	1	4	0.905	131.4	657.0	1.0
36153	336	0	5	0.8325	242.2	1211.0	0.6666666666666666
36154	195	0	5	0.48	41.0	205.0	0.6666666666666666
36155	262	0	5	0.6475	159.2	796.0	0.0
36156	148	0	5	0.3625	143.6	718.0	0.3333333333333333
36157	231	0	5	0.57	102.2	511.0	0.6666666666666666
36158	116	0	5	0.2825	70.4	352.0	0.3333333333333333
36159	204	0	5	0.5025	190.0	950.0	0.3333333333333333
36160	234	0	5	0.5775	110.0	550.0	0.0
36161	218	0	5	0.5375	110.0	550.0	0.6666666666666666
36162	121	0	5	0.295	117.4	587.0	0.3333333333333333
36163	21	0	5	0.045	14.8	74.0	0.3333333333333333
36164	30	0	5	0.0675	9.6	48.0	0.6666666666666666
36165	104	0	5	0.2525	42.0	210.0	0.6666666666666666
36166	101	1	4	0.25	69.8	349.0	1.0
36167	340	0	5	0.8425	230.8	1154.0	0.3333333333333333
36168	126	0	5	0.3075	67.2	336.0	0.3333333333333333
36169	138	0	5	0.3375	136.0	680.0	0.0
36170	184	1	4	0.4575	164.4	822.0	1.0
36171	326	0	5	0.8075	242.4	1212.0	0.6666666666666666
36172	136	0	5	0.3325	37.4	187.0	0.3333333333333333
36173	188	0	5	0.4625	181.2	906.0	0.0
36174	19	0	5	0.04	17.0	85.0	0.0
36175	273	0	5	0.675	62.2	311.0	0.6666666666666666
36176	259	0	5	0.64	182.2	911.0	0.0
36177	283	0	5	0.7	156.6	783.0	0.6666666666666666
36178	72	0	5	0.1725	70.0	350.0	0.0
36179	11	0	5	0.02	9.0	45.0	0.0
36180	282	0	5	0.6975	208.0	1040.0	0.3333333333333333
36181	22	0	5	0.0475	20.0	100.0	0.0
36182	386	1	4	0.9625	246.0	1230.0	1.0
36183	306	1	4	0.7625	271.4	1357.0	1.0
36184	187	0	5	0.46	112.8	564.0	0.3333333333333333
36185	25	0	5	0.055	21.4	107.0	0.0
36186	357	0	5	0.885	144.6	723.0	0.6666666666666666
36187	271	0	5	0.67	184.4	922.0	0.6666666666666666
36188	284	0	5	0.7025	164.4	822.0	0.3333333333333333
36189	230	0	5	0.5675	96.2	481.0	0.6666666666666666
36190	242	0	5	0.5975	56.8	284.0	0.3333333333333333
36191	251	0	5	0.62	219.2	1096.0	0.3333333333333333
36192	288	0	5	0.7125	119.6	598.0	0.3333333333333333
36193	107	0	5	0.26	73.8	369.0	0.3333333333333333
36194	235	0	5	0.58	157.4	787.0	0.3333333333333333
36195	379	1	4	0.945	100.4	502.0	1.0
36196	12	0	5	0.0225	10.0	50.0	0.0
36197	39	0	5	0.09	37.0	185.0	0.0
36198	362	0	5	0.8975	152.4	762.0	0.6666666666666666
36199	110	0	5	0.2675	90.8	454.0	0.3333333333333333
36200	138	0	5	0.3375	92.8	464.0	0.0
36201	148	0	5	0.3625	91.6	458.0	0.6666666666666666
36202	128	0	5	0.3125	126.0	630.0	0.0
36203	225	0	5	0.555	156.2	781.0	0.0
36204	188	0	5	0.4625	124.0	620.0	0.6666666666666666
36205	112	0	5	0.2725	93.6	468.0	0.3333333333333333
36206	17	0	5	0.035	15.0	75.0	0.0
36207	15	0	5	0.03	7.6	38.0	0.0
36208	334	0	5	0.8275	168.0	840.0	0.6666666666666666
36209	222	0	5	0.5475	115.6	578.0	0.3333333333333333
36210	15	0	5	0.03	13.0	65.0	0.0
36211	124	0	5	0.3025	33.2	166.0	0.0
36212	200	0	5	0.4925	121.4	607.0	0.6666666666666666
36213	394	0	5	0.9775	149.4	747.0	0.6666666666666666
36214	124	0	5	0.3025	122.0	610.0	0.0
36215	151	0	5	0.37	109.0	545.0	0.3333333333333333
36216	300	0	5	0.7425	131.2	656.0	0.3333333333333333
36217	288	1	4	0.7175	151.2	756.0	1.0
36218	303	0	5	0.75	238.6	1193.0	0.3333333333333333
36219	304	0	5	0.7525	92.0	460.0	0.6666666666666666
36220	67	0	5	0.16	54.8	274.0	0.3333333333333333
36221	158	0	5	0.3875	145.6	728.0	0.0
36222	289	1	4	0.72	202.0	1010.0	1.0
36223	169	0	5	0.415	113.0	565.0	0.3333333333333333
36224	33	0	5	0.075	31.0	155.0	0.0
36225	345	0	5	0.855	277.8	1389.0	0.3333333333333333
36226	247	0	5	0.61	144.8	724.0	0.3333333333333333
36227	357	1	4	0.89	160.2	801.0	1.0
36228	83	0	5	0.2	57.0	285.0	0.0
36229	265	0	5	0.655	161.6	808.0	0.6666666666666666
36230	80	0	5	0.1925	74.2	371.0	0.3333333333333333
36231	72	0	5	0.1725	70.0	350.0	0.0
36232	331	0	5	0.82	228.6	1143.0	0.6666666666666666
36233	132	0	5	0.3225	99.6	498.0	0.3333333333333333
36234	399	0	5	0.99	225.8	1129.0	0.6666666666666666
36235	220	0	5	0.5425	130.8	654.0	0.3333333333333333
36236	288	1	4	0.7175	196.4	982.0	1.0
36237	68	0	5	0.1625	39.0	195.0	0.0
36238	383	0	5	0.95	238.2	1191.0	0.6666666666666666
36239	271	0	5	0.67	113.4	567.0	0.3333333333333333
36240	350	0	5	0.8675	188.2	941.0	0.6666666666666666
36241	270	0	5	0.6675	147.8	739.0	0.3333333333333333
36242	145	0	5	0.355	143.0	715.0	0.0
36243	337	0	5	0.835	173.6	868.0	0.6666666666666666
36244	398	1	4	0.9925	171.6	858.0	1.0
36245	322	0	5	0.7975	280.8	1404.0	0.3333333333333333
36246	346	0	5	0.8575	102.6	513.0	0.6666666666666666
36247	197	0	5	0.485	125.4	627.0	0.3333333333333333
36248	104	0	5	0.2525	96.0	480.0	0.0
36249	257	0	5	0.635	108.2	541.0	0.6666666666666666
36250	204	0	5	0.5025	199.2	996.0	0.0
36251	193	1	4	0.48	125.0	625.0	1.0
36252	346	0	5	0.8575	230.0	1150.0	0.6666666666666666
36253	128	0	5	0.3125	76.0	380.0	0.3333333333333333
36254	324	0	5	0.8025	102.8	514.0	0.3333333333333333
36255	339	1	4	0.845	87.0	435.0	1.0
36256	199	0	5	0.49	123.8	619.0	0.3333333333333333
36257	394	0	5	0.9775	222.6	1113.0	0.6666666666666666
36258	100	0	5	0.2425	64.0	320.0	0.3333333333333333
36259	291	1	4	0.725	182.2	911.0	1.0
36260	141	0	5	0.345	130.6	653.0	0.0
36261	191	1	4	0.475	116.8	584.0	1.0
36262	365	0	5	0.905	139.2	696.0	0.6666666666666666
36263	338	0	5	0.8375	140.2	701.0	0.6666666666666666
36264	391	0	5	0.97	316.0	1580.0	0.6666666666666666
36265	34	0	5	0.0775	26.0	130.0	0.0
36266	315	0	5	0.78	173.0	865.0	0.3333333333333333
36267	331	0	5	0.82	188.0	940.0	0.6666666666666666
36268	266	0	5	0.6575	247.2	1236.0	0.0
36269	162	0	5	0.3975	54.4	272.0	0.3333333333333333
36270	305	0	5	0.755	160.4	802.0	0.6666666666666666
36271	355	0	5	0.88	267.2	1336.0	0.0
36272	219	0	5	0.54	142.6	713.0	0.0
36273	57	0	5	0.135	42.4	212.0	0.3333333333333333
36274	187	0	5	0.46	122.0	610.0	0.6666666666666666
36275	291	0	5	0.72	88.4	442.0	0.6666666666666666
36276	296	0	5	0.7325	118.4	592.0	0.3333333333333333
36277	92	0	5	0.2225	87.6	438.0	0.0
36278	157	0	5	0.385	135.8	679.0	0.3333333333333333
36279	351	0	5	0.87	198.4	992.0	0.6666666666666666
36280	282	0	5	0.6975	160.0	800.0	0.3333333333333333
36281	259	0	5	0.64	257.0	1285.0	0.0
36282	93	0	5	0.225	32.6	163.0	0.3333333333333333
36283	240	0	5	0.5925	74.8	374.0	0.6666666666666666
36284	309	0	5	0.765	227.0	1135.0	0.3333333333333333
36285	123	0	5	0.3	118.6	593.0	0.0
36286	232	0	5	0.5725	89.8	449.0	0.6666666666666666
36287	368	0	5	0.9125	297.8	1489.0	0.3333333333333333
36288	178	0	5	0.4375	44.4	222.0	0.3333333333333333
36289	108	0	5	0.2625	86.8	434.0	0.0
36290	341	0	5	0.845	207.0	1035.0	0.6666666666666666
36291	127	0	5	0.31	111.0	555.0	0.0
36292	346	1	4	0.8625	175.0	875.0	1.0
36293	175	0	5	0.43	172.4	862.0	0.3333333333333333
36294	175	0	5	0.43	131.2	656.0	0.3333333333333333
36295	261	0	5	0.645	239.8	1199.0	0.3333333333333333
36296	47	0	5	0.11	45.0	225.0	0.0
36297	298	0	5	0.7375	146.0	730.0	0.6666666666666666
36298	372	1	4	0.9275	109.6	548.0	1.0
36299	200	0	5	0.4925	134.0	670.0	0.6666666666666666
36300	286	0	5	0.7075	250.6	1253.0	0.6666666666666666
36301	59	0	5	0.14	57.0	285.0	0.0
36302	27	0	5	0.06	13.0	65.0	0.3333333333333333
36303	289	1	4	0.72	70.6	353.0	1.0
36304	353	1	4	0.88	145.8	729.0	1.0
36305	71	0	5	0.17	58.4	292.0	0.3333333333333333
36306	222	0	5	0.5475	124.0	620.0	0.3333333333333333
36307	174	0	5	0.4275	74.6	373.0	0.3333333333333333
36308	196	0	5	0.4825	89.2	446.0	0.3333333333333333
36309	109	0	5	0.265	107.0	535.0	0.0
36310	183	0	5	0.45	173.4	867.0	0.0
36311	177	0	5	0.435	160.2	801.0	0.0
36312	15	0	5	0.03	13.0	65.0	0.0
36313	396	0	5	0.9825	257.2	1286.0	0.6666666666666666
36314	294	0	5	0.7275	244.6	1223.0	0.3333333333333333
36315	77	0	5	0.185	71.0	355.0	0.3333333333333333
36316	263	0	5	0.65	58.2	291.0	0.6666666666666666
36317	169	0	5	0.415	80.0	400.0	0.3333333333333333
36318	246	0	5	0.6075	146.8	734.0	0.6666666666666666
36319	246	0	5	0.6075	149.2	746.0	0.3333333333333333
36320	244	0	5	0.6025	181.6	908.0	0.3333333333333333
36321	396	1	4	0.9875	153.6	768.0	1.0
36322	120	0	5	0.2925	54.8	274.0	0.3333333333333333
36323	268	0	5	0.6625	266.0	1330.0	0.0
36324	349	0	5	0.865	203.6	1018.0	0.6666666666666666
36325	54	0	5	0.1275	52.0	260.0	0.0
36326	126	0	5	0.3075	121.6	608.0	0.0
36327	306	1	4	0.7625	222.2	1111.0	1.0
36328	72	0	5	0.1725	58.2	291.0	0.0
36329	10	0	5	0.0175	8.0	40.0	0.0
36330	309	0	5	0.765	92.4	462.0	0.6666666666666666
36331	353	0	5	0.875	137.8	689.0	0.6666666666666666
36332	205	0	5	0.505	120.6	603.0	0.6666666666666666
36333	121	0	5	0.295	51.2	256.0	0.3333333333333333
36334	278	0	5	0.6875	218.4	1092.0	0.6666666666666666
36335	270	0	5	0.6675	172.8	864.0	0.3333333333333333
36336	362	0	5	0.8975	117.8	589.0	0.3333333333333333
36337	163	0	5	0.4	82.8	414.0	0.6666666666666666
36338	86	0	5	0.2075	79.2	396.0	0.0
36339	150	0	5	0.3675	144.8	724.0	0.3333333333333333
36340	389	1	4	0.97	173.6	868.0	1.0
36341	204	0	5	0.5025	94.8	474.0	0.3333333333333333
36342	330	0	5	0.8175	143.6	718.0	0.6666666666666666
36343	290	0	5	0.7175	76.8	384.0	0.6666666666666666
36344	214	0	5	0.5275	108.8	544.0	0.6666666666666666
36345	297	0	5	0.735	114.6	573.0	0.6666666666666666
36346	393	0	5	0.975	160.8	804.0	0.6666666666666666
36347	266	0	5	0.6575	205.6	1028.0	0.6666666666666666
36348	304	0	5	0.7525	189.4	947.0	0.3333333333333333
36349	106	0	5	0.2575	86.6	433.0	0.3333333333333333
36350	202	0	5	0.4975	85.6	428.0	0.6666666666666666
36351	168	0	5	0.4125	123.4	617.0	0.3333333333333333
36352	198	0	5	0.4875	165.6	828.0	0.6666666666666666
36353	278	0	5	0.6875	154.4	772.0	0.3333333333333333
36354	324	0	5	0.8025	131.0	655.0	0.3333333333333333
36355	319	0	5	0.79	161.0	805.0	0.6666666666666666
36356	184	0	5	0.4525	145.8	729.0	0.3333333333333333
36357	253	0	5	0.625	163.4	817.0	0.6666666666666666
36358	279	0	5	0.69	168.4	842.0	0.3333333333333333
36359	201	0	5	0.495	55.8	279.0	0.6666666666666666
36360	230	0	5	0.5675	114.0	570.0	0.3333333333333333
36361	254	0	5	0.6275	162.8	814.0	0.6666666666666666
36362	303	0	5	0.75	113.8	569.0	0.6666666666666666
36363	138	0	5	0.3375	136.0	680.0	0.0
36364	370	0	5	0.9175	110.8	554.0	0.6666666666666666
36365	209	0	5	0.515	158.6	793.0	0.3333333333333333
36366	281	1	4	0.7	84.2	421.0	1.0
36367	183	0	5	0.45	173.6	868.0	0.0
36368	376	1	4	0.9375	235.0	1175.0	1.0
36369	13	0	5	0.025	11.0	55.0	0.0
36370	246	0	5	0.6075	218.4	1092.0	0.0
36371	45	0	5	0.105	43.0	215.0	0.0
36372	278	0	5	0.6875	185.4	927.0	0.0
36373	189	0	5	0.465	81.6	408.0	0.3333333333333333
36374	242	0	5	0.5975	181.6	908.0	0.3333333333333333
36375	330	0	5	0.8175	220.8	1104.0	0.6666666666666666
36376	132	0	5	0.3225	130.0	650.0	0.0
36377	74	0	5	0.1775	59.6	298.0	0.3333333333333333
36378	362	0	5	0.8975	186.8	934.0	0.3333333333333333
36379	47	0	5	0.11	44.8	224.0	0.3333333333333333
36380	89	0	5	0.215	44.6	223.0	0.3333333333333333
36381	349	0	5	0.865	215.2	1076.0	0.6666666666666666
36382	287	1	4	0.715	135.8	679.0	1.0
36383	289	0	5	0.715	269.2	1346.0	0.0
36384	178	0	5	0.4375	148.8	744.0	0.0
36385	72	0	5	0.1725	70.0	350.0	0.0
36386	321	0	5	0.795	319.0	1595.0	0.3333333333333333
36387	351	0	5	0.87	270.2	1351.0	0.6666666666666666
36388	332	0	5	0.8225	219.4	1097.0	0.3333333333333333
36389	7	0	5	0.01	5.0	25.0	0.0
36390	379	0	5	0.94	214.4	1072.0	0.6666666666666666
36391	366	0	5	0.9075	257.2	1286.0	0.6666666666666666
36392	270	0	5	0.6675	213.2	1066.0	0.6666666666666666
36393	171	0	5	0.42	169.0	845.0	0.0
36394	373	0	5	0.925	179.2	896.0	0.6666666666666666
36395	26	0	5	0.0575	24.0	120.0	0.0
36396	240	1	4	0.5975	149.2	746.0	1.0
36397	274	0	5	0.6775	230.0	1150.0	0.0
36398	132	0	5	0.3225	68.2	341.0	0.3333333333333333
36399	240	0	5	0.5925	230.6	1153.0	0.3333333333333333
36400	137	0	5	0.335	119.2	596.0	0.3333333333333333
36401	165	0	5	0.405	146.2	731.0	0.0
36402	58	0	5	0.1375	42.8	214.0	0.3333333333333333
36403	320	0	5	0.7925	117.4	587.0	0.6666666666666666
36404	117	0	5	0.285	27.8	139.0	0.3333333333333333
36405	162	0	5	0.3975	86.2	431.0	0.0
36406	80	0	5	0.1925	47.6	238.0	0.3333333333333333
36407	211	0	5	0.52	170.8	854.0	0.3333333333333333
36408	166	0	5	0.4075	87.2	436.0	0.3333333333333333
36409	108	0	5	0.2625	64.4	322.0	0.3333333333333333
36410	363	1	4	0.905	99.6	498.0	1.0
36411	368	0	5	0.9125	200.4	1002.0	0.6666666666666666
36412	278	0	5	0.6875	65.2	326.0	0.6666666666666666
36413	271	0	5	0.67	137.4	687.0	0.3333333333333333
36414	285	1	4	0.71	105.8	529.0	1.0
36415	377	0	5	0.935	106.2	531.0	0.6666666666666666
36416	371	1	4	0.925	256.0	1280.0	1.0
36417	286	0	5	0.7075	156.4	782.0	0.6666666666666666
36418	151	0	5	0.37	57.4	287.0	0.3333333333333333
36419	98	0	5	0.2375	96.0	480.0	0.0
36420	269	0	5	0.665	175.0	875.0	0.6666666666666666
36421	225	0	5	0.555	223.0	1115.0	0.3333333333333333
36422	51	0	5	0.12	49.0	245.0	0.0
36423	205	0	5	0.505	122.0	610.0	0.0
36424	378	0	5	0.9375	189.6	948.0	0.3333333333333333
36425	265	0	5	0.655	124.8	624.0	0.6666666666666666
36426	119	0	5	0.29	67.4	337.0	0.0
36427	75	0	5	0.18	73.0	365.0	0.0
36428	310	0	5	0.7675	228.0	1140.0	0.3333333333333333
36429	101	0	5	0.245	67.8	339.0	0.3333333333333333
36430	240	1	4	0.5975	114.6	573.0	1.0
36431	263	0	5	0.65	91.8	459.0	0.3333333333333333
36432	117	0	5	0.285	115.0	575.0	0.0
36433	290	0	5	0.7175	168.0	840.0	0.6666666666666666
36434	98	0	5	0.2375	63.2	316.0	0.3333333333333333
36435	301	0	5	0.745	109.0	545.0	0.6666666666666666
36436	45	0	5	0.105	17.8	89.0	0.3333333333333333
36437	398	0	5	0.9875	194.8	974.0	0.6666666666666666
36438	286	0	5	0.7075	210.8	1054.0	0.3333333333333333
36439	5	0	5	0.005	3.0	15.0	0.0
36440	137	0	5	0.335	115.8	579.0	0.3333333333333333
36441	50	0	5	0.1175	28.8	144.0	0.3333333333333333
36442	134	0	5	0.3275	127.6	638.0	0.0
36443	170	0	5	0.4175	71.2	356.0	0.3333333333333333
36444	254	0	5	0.6275	244.0	1220.0	0.0
36445	383	1	4	0.955	368.6	1843.0	1.0
36446	185	0	5	0.455	101.4	507.0	0.6666666666666666
36447	252	0	5	0.6225	123.6	618.0	0.3333333333333333
36448	298	0	5	0.7375	132.4	662.0	0.6666666666666666
36449	141	0	5	0.345	125.8	629.0	0.0
36450	144	0	5	0.3525	132.2	661.0	0.3333333333333333
36451	137	0	5	0.335	97.8	489.0	0.0
36452	309	0	5	0.765	125.0	625.0	0.3333333333333333
36453	190	0	5	0.4675	144.4	722.0	0.3333333333333333
36454	43	0	5	0.1	34.6	173.0	0.0
36455	39	0	5	0.09	37.0	185.0	0.0
36456	174	0	5	0.4275	59.2	296.0	0.3333333333333333
36457	103	0	5	0.25	61.0	305.0	0.0
36458	44	0	5	0.1025	42.0	210.0	0.0
36459	51	0	5	0.12	13.8	69.0	0.3333333333333333
36460	134	0	5	0.3275	36.8	184.0	0.3333333333333333
36461	120	0	5	0.2925	118.0	590.0	0.0
36462	240	0	5	0.5925	174.0	870.0	0.6666666666666666
36463	214	0	5	0.5275	186.2	931.0	0.0
36464	263	0	5	0.65	133.6	668.0	0.6666666666666666
36465	35	0	5	0.08	28.8	144.0	0.3333333333333333
36466	110	0	5	0.2675	31.8	159.0	0.3333333333333333
36467	268	0	5	0.6625	102.2	511.0	0.3333333333333333
36468	316	0	5	0.7825	171.4	857.0	0.6666666666666666
36469	267	0	5	0.66	158.0	790.0	0.6666666666666666
36470	224	0	5	0.5525	222.0	1110.0	0.0
36471	110	0	5	0.2675	93.0	465.0	0.3333333333333333
36472	9	0	5	0.015	7.0	35.0	0.0
36473	147	0	5	0.36	57.0	285.0	0.3333333333333333
36474	319	0	5	0.79	156.2	781.0	0.6666666666666666
36475	332	0	5	0.8225	200.4	1002.0	0.6666666666666666
36476	3	0	5	0.0025	0.2	1.0	0.3333333333333333
36477	72	0	5	0.1725	41.2	206.0	0.3333333333333333
36478	241	0	5	0.595	117.4	587.0	0.3333333333333333
36479	357	0	5	0.885	284.2	1421.0	0.6666666666666666
36480	240	0	5	0.5925	165.4	827.0	0.6666666666666666
36481	105	0	5	0.255	89.0	445.0	0.3333333333333333
36482	31	0	5	0.07	29.0	145.0	0.0
36483	219	0	5	0.54	203.4	1017.0	0.3333333333333333
36484	269	0	5	0.665	171.6	858.0	0.3333333333333333
36485	338	0	5	0.8375	206.8	1034.0	0.6666666666666666
36486	50	0	5	0.1175	48.0	240.0	0.0
36487	387	0	5	0.96	235.4	1177.0	0.6666666666666666
36488	372	0	5	0.9225	245.2	1226.0	0.6666666666666666
36489	129	0	5	0.315	127.0	635.0	0.0
36490	83	0	5	0.2	81.0	405.0	0.0
36491	93	0	5	0.225	86.8	434.0	0.0
36492	321	0	5	0.795	242.2	1211.0	0.3333333333333333
36493	138	0	5	0.3375	89.2	446.0	0.0
36494	229	0	5	0.565	178.4	892.0	0.6666666666666666
36495	46	0	5	0.1075	19.2	96.0	0.3333333333333333
36496	175	1	4	0.435	36.6	183.0	1.0
36497	206	0	5	0.5075	181.8	909.0	0.3333333333333333
36498	137	0	5	0.335	94.8	474.0	0.0
36499	194	0	5	0.4775	121.2	606.0	0.3333333333333333
36500	221	0	5	0.545	125.4	627.0	0.0
36501	284	0	5	0.7025	100.6	503.0	0.6666666666666666
36502	229	0	5	0.565	118.0	590.0	0.6666666666666666
36503	176	0	5	0.4325	118.4	592.0	0.3333333333333333
36504	258	0	5	0.6375	126.8	634.0	0.6666666666666666
36505	298	0	5	0.7375	104.2	521.0	0.3333333333333333
36506	355	0	5	0.88	258.6	1293.0	0.3333333333333333
36507	261	0	5	0.645	232.0	1160.0	0.3333333333333333
36508	186	0	5	0.4575	107.6	538.0	0.3333333333333333
36509	34	0	5	0.0775	32.0	160.0	0.0
36510	271	0	5	0.67	148.4	742.0	0.6666666666666666
36511	151	0	5	0.37	60.4	302.0	0.3333333333333333
36512	387	0	5	0.96	107.6	538.0	0.6666666666666666
36513	224	0	5	0.5525	121.0	605.0	0.3333333333333333
36514	353	0	5	0.875	94.2	471.0	0.6666666666666666
36515	27	0	5	0.06	25.0	125.0	0.0
36516	211	0	5	0.52	186.2	931.0	0.3333333333333333
36517	187	0	5	0.46	106.0	530.0	0.3333333333333333
36518	317	0	5	0.785	275.4	1377.0	0.3333333333333333
36519	5	0	5	0.005	3.0	15.0	0.0
36520	98	0	5	0.2375	96.0	480.0	0.0
36521	46	0	5	0.1075	44.0	220.0	0.0
36522	14	0	5	0.0275	12.0	60.0	0.0
36523	98	0	5	0.2375	88.6	443.0	0.3333333333333333
36524	42	0	5	0.0975	40.0	200.0	0.0
36525	110	0	5	0.2675	95.6	478.0	0.3333333333333333
36526	319	1	4	0.795	149.0	745.0	1.0
36527	68	0	5	0.1625	66.0	330.0	0.0
36528	248	1	4	0.6175	234.6	1173.0	1.0
36529	216	0	5	0.5325	151.0	755.0	0.6666666666666666
36530	27	0	5	0.06	25.0	125.0	0.0
36531	229	0	5	0.565	141.8	709.0	0.3333333333333333
36532	276	0	5	0.6825	114.0	570.0	0.6666666666666666
36533	321	1	4	0.8	86.6	433.0	1.0
36534	144	0	5	0.3525	138.0	690.0	0.0
36535	97	0	5	0.235	95.0	475.0	0.0
36536	378	0	5	0.9375	200.8	1004.0	0.6666666666666666
36537	142	0	5	0.3475	62.0	310.0	0.3333333333333333
36538	39	0	5	0.09	23.8	119.0	0.3333333333333333
36539	186	0	5	0.4575	184.0	920.0	0.0
36540	256	0	5	0.6325	179.6	898.0	0.3333333333333333
36541	307	0	5	0.76	218.4	1092.0	0.3333333333333333
36542	329	1	4	0.82	134.6	673.0	1.0
36543	253	0	5	0.625	195.8	979.0	0.6666666666666666
36544	384	0	5	0.9525	219.6	1098.0	0.6666666666666666
36545	8	0	5	0.0125	6.0	30.0	0.0
36546	361	0	5	0.895	147.6	738.0	0.6666666666666666
36547	51	0	5	0.12	49.0	245.0	0.0
36548	348	0	5	0.8625	125.2	626.0	0.6666666666666666
36549	88	0	5	0.2125	80.0	400.0	0.3333333333333333
36550	148	0	5	0.3625	71.6	358.0	0.3333333333333333
36551	197	0	5	0.485	163.8	819.0	0.3333333333333333
36552	76	0	5	0.1825	74.0	370.0	0.0
36553	99	0	5	0.24	31.4	157.0	0.6666666666666666
36554	213	0	5	0.525	208.6	1043.0	0.3333333333333333
36555	354	0	5	0.8775	141.4	707.0	0.6666666666666666
36556	213	0	5	0.525	131.4	657.0	0.3333333333333333
36557	175	0	5	0.43	173.0	865.0	0.0
36558	152	0	5	0.3725	90.6	453.0	0.0
36559	212	0	5	0.5225	177.6	888.0	0.6666666666666666
36560	50	0	5	0.1175	48.0	240.0	0.0
36561	26	0	5	0.0575	24.0	120.0	0.0
36562	385	0	5	0.955	254.8	1274.0	0.6666666666666666
36563	151	0	5	0.37	129.0	645.0	0.3333333333333333
36564	238	0	5	0.5875	174.0	870.0	0.3333333333333333
36565	302	0	5	0.7475	157.4	787.0	0.6666666666666666
36566	230	0	5	0.5675	228.0	1140.0	0.0
36567	241	0	5	0.595	122.6	613.0	0.0
36568	318	0	5	0.7875	185.8	929.0	0.6666666666666666
36569	177	0	5	0.435	106.8	534.0	0.0
36570	206	0	5	0.5075	84.2	421.0	0.6666666666666666
36571	301	0	5	0.745	83.0	415.0	0.6666666666666666
36572	273	1	4	0.68	117.8	589.0	1.0
36573	202	0	5	0.4975	158.2	791.0	0.3333333333333333
36574	272	0	5	0.6725	206.4	1032.0	0.6666666666666666
36575	91	0	5	0.22	89.0	445.0	0.0
36576	117	0	5	0.285	49.4	247.0	0.6666666666666666
36577	374	0	5	0.9275	270.8	1354.0	0.6666666666666666
36578	181	0	5	0.445	101.4	507.0	0.3333333333333333
36579	348	0	5	0.8625	197.6	988.0	0.3333333333333333
36580	187	0	5	0.46	90.8	454.0	0.3333333333333333
36581	177	0	5	0.435	155.0	775.0	0.3333333333333333
36582	68	0	5	0.1625	66.0	330.0	0.0
36583	263	1	4	0.655	188.4	942.0	1.0
36584	278	0	5	0.6875	137.6	688.0	0.6666666666666666
36585	153	0	5	0.375	65.2	326.0	0.3333333333333333
36586	286	0	5	0.7075	240.4	1202.0	0.3333333333333333
36587	126	0	5	0.3075	68.4	342.0	0.3333333333333333
36588	182	0	5	0.4475	73.6	368.0	0.3333333333333333
36589	224	0	5	0.5525	78.2	391.0	0.3333333333333333
36590	108	0	5	0.2625	88.4	442.0	0.3333333333333333
36591	179	0	5	0.44	114.2	571.0	0.6666666666666666
36592	305	1	4	0.76	121.8	609.0	1.0
36593	103	0	5	0.25	101.0	505.0	0.0
36594	202	0	5	0.4975	136.8	684.0	0.3333333333333333
36595	187	0	5	0.46	99.0	495.0	0.3333333333333333
36596	147	0	5	0.36	90.6	453.0	0.0
36597	188	0	5	0.4625	75.6	378.0	0.3333333333333333
36598	27	0	5	0.06	25.0	125.0	0.0
36599	269	0	5	0.665	260.2	1301.0	0.0
36600	156	0	5	0.3825	43.2	216.0	0.3333333333333333
36601	41	0	5	0.095	39.0	195.0	0.0
36602	173	0	5	0.425	130.0	650.0	0.3333333333333333
36603	97	0	5	0.235	78.4	392.0	0.0
36604	271	0	5	0.67	182.0	910.0	0.3333333333333333
36605	347	0	5	0.86	205.4	1027.0	0.6666666666666666
36606	172	0	5	0.4225	64.4	322.0	0.3333333333333333
36607	73	0	5	0.175	71.0	355.0	0.0
36608	170	1	4	0.4225	76.4	382.0	1.0
36609	145	1	4	0.36	135.2	676.0	1.0
36610	379	1	4	0.945	85.4	427.0	1.0
36611	300	1	4	0.7475	178.4	892.0	1.0
36612	231	0	5	0.57	137.0	685.0	0.6666666666666666
36613	27	0	5	0.06	25.0	125.0	0.0
36614	382	0	5	0.9475	225.8	1129.0	0.6666666666666666
36615	231	0	5	0.57	145.4	727.0	0.6666666666666666
36616	227	0	5	0.56	144.2	721.0	0.3333333333333333
36617	282	0	5	0.6975	230.8	1154.0	0.3333333333333333
36618	16	0	5	0.0325	14.0	70.0	0.0
36619	145	0	5	0.355	121.4	607.0	0.0
36620	170	1	4	0.4225	87.6	438.0	1.0
36621	22	0	5	0.0475	20.0	100.0	0.0
36622	223	1	4	0.555	83.6	418.0	1.0
36623	137	0	5	0.335	95.4	477.0	0.3333333333333333
36624	230	0	5	0.5675	150.0	750.0	0.0
36625	90	0	5	0.2175	88.0	440.0	0.0
36626	347	1	4	0.865	164.6	823.0	1.0
36627	224	0	5	0.5525	140.0	700.0	0.3333333333333333
36628	248	0	5	0.6125	67.6	338.0	0.0
36629	20	0	5	0.0425	18.0	90.0	0.0
36630	282	0	5	0.6975	178.4	892.0	0.6666666666666666
36631	387	1	4	0.965	312.4	1562.0	1.0
36632	7	0	5	0.01	5.0	25.0	0.0
36633	206	0	5	0.5075	73.2	366.0	0.6666666666666666
36634	100	0	5	0.2425	98.0	490.0	0.0
36635	395	0	5	0.98	132.6	663.0	0.6666666666666666
36636	192	0	5	0.4725	68.4	342.0	0.6666666666666666
36637	254	0	5	0.6275	116.8	584.0	0.6666666666666666
36638	118	0	5	0.2875	116.0	580.0	0.3333333333333333
36639	299	0	5	0.74	157.4	787.0	0.0
36640	350	1	4	0.8725	251.2	1256.0	1.0
36641	390	1	4	0.9725	228.2	1141.0	1.0
36642	247	1	4	0.615	169.8	849.0	1.0
36643	76	0	5	0.1825	74.0	370.0	0.0
36644	382	0	5	0.9475	206.8	1034.0	0.6666666666666666
36645	132	0	5	0.3225	66.4	332.0	0.3333333333333333
36646	130	1	4	0.3225	53.0	265.0	1.0
36647	168	0	5	0.4125	162.0	810.0	0.3333333333333333
36648	117	0	5	0.285	100.6	503.0	0.0
36649	272	0	5	0.6725	169.2	846.0	0.3333333333333333
36650	21	0	5	0.045	13.0	65.0	0.0
36651	9	0	5	0.015	5.0	25.0	0.0
36652	258	0	5	0.6375	138.0	690.0	0.6666666666666666
36653	220	0	5	0.5425	86.8	434.0	0.3333333333333333
36654	320	0	5	0.7925	247.6	1238.0	0.3333333333333333
36655	97	0	5	0.235	95.0	475.0	0.0
36656	109	0	5	0.265	48.8	244.0	0.3333333333333333
36657	59	0	5	0.14	48.4	242.0	0.3333333333333333
36658	272	0	5	0.6725	191.6	958.0	0.3333333333333333
36659	101	0	5	0.245	43.8	219.0	0.3333333333333333
36660	179	0	5	0.44	98.4	492.0	0.0
36661	30	0	5	0.0675	28.0	140.0	0.0
36662	222	1	4	0.5525	124.4	622.0	1.0
36663	125	0	5	0.305	63.6	318.0	0.3333333333333333
36664	339	0	5	0.84	152.8	764.0	0.6666666666666666
36665	237	0	5	0.585	180.2	901.0	0.3333333333333333
36666	281	0	5	0.695	154.4	772.0	0.3333333333333333
36667	283	0	5	0.7	176.2	881.0	0.3333333333333333
36668	364	0	5	0.9025	268.8	1344.0	0.6666666666666666
36669	172	0	5	0.4225	137.2	686.0	0.3333333333333333
36670	112	0	5	0.2725	84.4	422.0	0.0
36671	163	0	5	0.4	95.6	478.0	0.3333333333333333
36672	298	0	5	0.7375	88.8	444.0	0.6666666666666666
36673	273	0	5	0.675	233.2	1166.0	0.6666666666666666
36674	390	0	5	0.9675	146.8	734.0	0.6666666666666666
36675	307	0	5	0.76	299.4	1497.0	0.3333333333333333
36676	275	0	5	0.68	172.0	860.0	0.6666666666666666
36677	59	0	5	0.14	49.0	245.0	0.3333333333333333
36678	147	0	5	0.36	143.0	715.0	0.0
36679	172	0	5	0.4225	110.8	554.0	0.0
36680	316	0	5	0.7825	229.4	1147.0	0.6666666666666666
36681	227	0	5	0.56	105.8	529.0	0.3333333333333333
36682	280	0	5	0.6925	160.0	800.0	0.6666666666666666
36683	200	0	5	0.4925	162.0	810.0	0.3333333333333333
36684	110	0	5	0.2675	57.0	285.0	0.0
36685	269	0	5	0.665	103.8	519.0	0.6666666666666666
36686	224	0	5	0.5525	106.4	532.0	0.6666666666666666
36687	291	0	5	0.72	258.6	1293.0	0.3333333333333333
36688	93	0	5	0.225	56.8	284.0	0.0
36689	35	0	5	0.08	33.0	165.0	0.0
36690	4	0	5	0.0025	2.0	10.0	0.0
36691	264	0	5	0.6525	182.0	910.0	0.3333333333333333
36692	336	0	5	0.8325	202.8	1014.0	0.3333333333333333
36693	119	0	5	0.29	101.8	509.0	0.3333333333333333
36694	338	0	5	0.8375	176.4	882.0	0.3333333333333333
36695	118	0	5	0.2875	109.4	547.0	0.0
36696	309	0	5	0.765	110.8	554.0	0.3333333333333333
36697	267	1	4	0.665	104.8	524.0	1.0
36698	332	0	5	0.8225	137.8	689.0	0.3333333333333333
36699	282	1	4	0.7025	136.2	681.0	1.0
36700	241	1	4	0.6	133.8	669.0	1.0
36701	79	0	5	0.19	57.8	289.0	0.3333333333333333
36702	34	0	5	0.0775	32.0	160.0	0.0
36703	372	1	4	0.9275	315.4	1577.0	1.0
36704	238	0	5	0.5875	234.2	1171.0	0.3333333333333333
36705	194	0	5	0.4775	134.0	670.0	0.3333333333333333
36706	180	1	4	0.4475	105.6	528.0	1.0
36707	327	0	5	0.81	223.0	1115.0	0.0
36708	137	0	5	0.335	115.8	579.0	0.0
36709	202	0	5	0.4975	109.4	547.0	0.3333333333333333
36710	248	0	5	0.6125	164.8	824.0	0.6666666666666666
36711	75	0	5	0.18	28.6	143.0	0.3333333333333333
36712	307	0	5	0.76	197.0	985.0	0.6666666666666666
36713	224	0	5	0.5525	108.0	540.0	0.3333333333333333
36714	190	0	5	0.4675	121.6	608.0	0.6666666666666666
36715	166	0	5	0.4075	163.6	818.0	0.3333333333333333
36716	170	0	5	0.4175	40.6	203.0	0.3333333333333333
36717	231	0	5	0.57	129.8	649.0	0.6666666666666666
36718	93	0	5	0.225	66.6	333.0	0.0
36719	256	0	5	0.6325	176.2	881.0	0.6666666666666666
36720	42	0	5	0.0975	40.0	200.0	0.0
36721	268	0	5	0.6625	213.0	1065.0	0.6666666666666666
36722	310	0	5	0.7675	170.0	850.0	0.3333333333333333
36723	41	0	5	0.095	39.0	195.0	0.0
36724	362	0	5	0.8975	203.0	1015.0	0.6666666666666666
36725	388	0	5	0.9625	365.2	1826.0	0.6666666666666666
36726	210	0	5	0.5175	60.8	304.0	0.3333333333333333
36727	165	0	5	0.405	152.8	764.0	0.3333333333333333
36728	299	0	5	0.74	258.6	1293.0	0.6666666666666666
36729	100	0	5	0.2425	88.8	444.0	0.3333333333333333
36730	394	0	5	0.9775	327.6	1638.0	0.6666666666666666
36731	290	0	5	0.7175	185.6	928.0	0.6666666666666666
36732	232	0	5	0.5725	121.6	608.0	0.6666666666666666
36733	160	0	5	0.3925	82.0	410.0	0.3333333333333333
36734	320	0	5	0.7925	123.4	617.0	0.6666666666666666
36735	376	1	4	0.9375	275.2	1376.0	1.0
36736	393	0	5	0.975	273.6	1368.0	0.6666666666666666
36737	200	0	5	0.4925	44.4	222.0	0.0
36738	362	1	4	0.9025	219.0	1095.0	1.0
36739	303	0	5	0.75	172.6	863.0	0.6666666666666666
36740	128	0	5	0.3125	126.0	630.0	0.0
36741	188	0	5	0.4625	62.0	310.0	0.3333333333333333
36742	265	0	5	0.655	247.8	1239.0	0.3333333333333333
36743	317	1	4	0.79	107.4	537.0	1.0
36744	273	0	5	0.675	165.8	829.0	0.3333333333333333
36745	28	0	5	0.0625	26.0	130.0	0.0
36746	138	1	4	0.3425	118.6	593.0	1.0
36747	35	0	5	0.08	22.6	113.0	0.6666666666666666
36748	155	0	5	0.38	115.8	579.0	0.3333333333333333
36749	31	0	5	0.07	29.0	145.0	0.0
36750	253	0	5	0.625	63.8	319.0	0.6666666666666666
36751	285	0	5	0.705	124.6	623.0	0.6666666666666666
36752	35	0	5	0.08	26.4	132.0	0.0
36753	165	0	5	0.405	153.0	765.0	0.3333333333333333
36754	228	0	5	0.5625	172.8	864.0	0.3333333333333333
36755	159	0	5	0.39	78.4	392.0	0.0
36756	115	0	5	0.28	78.2	391.0	0.3333333333333333
36757	303	0	5	0.75	282.6	1413.0	0.0
36758	196	0	5	0.4825	158.8	794.0	0.3333333333333333
36759	299	1	4	0.745	166.6	833.0	1.0
36760	96	0	5	0.2325	65.6	328.0	0.3333333333333333
36761	226	0	5	0.5575	74.4	372.0	0.6666666666666666
36762	158	0	5	0.3875	132.6	663.0	0.0
36763	301	1	4	0.75	149.6	748.0	1.0
36764	316	1	4	0.7875	254.4	1272.0	1.0
36765	266	0	5	0.6575	257.6	1288.0	0.3333333333333333
36766	182	0	5	0.4475	134.4	672.0	0.3333333333333333
36767	219	0	5	0.54	176.4	882.0	0.3333333333333333
36768	23	0	5	0.05	21.0	105.0	0.0
36769	200	0	5	0.4925	109.8	549.0	0.0
36770	180	0	5	0.4425	140.8	704.0	0.3333333333333333
36771	218	0	5	0.5375	79.2	396.0	0.3333333333333333
36772	29	0	5	0.065	27.0	135.0	0.0
36773	84	0	5	0.2025	42.4	212.0	0.3333333333333333
36774	324	0	5	0.8025	166.2	831.0	0.6666666666666666
36775	112	0	5	0.2725	102.0	510.0	0.3333333333333333
36776	95	0	5	0.23	93.0	465.0	0.0
36777	159	0	5	0.39	111.4	557.0	0.6666666666666666
36778	228	0	5	0.5625	158.6	793.0	0.0
36779	323	0	5	0.8	181.0	905.0	0.6666666666666666
36780	252	0	5	0.6225	186.4	932.0	0.0
36781	197	0	5	0.485	105.4	527.0	0.3333333333333333
36782	42	0	5	0.0975	29.6	148.0	0.3333333333333333
36783	211	0	5	0.52	87.8	439.0	0.3333333333333333
36784	148	0	5	0.3625	101.6	508.0	0.0
36785	345	0	5	0.855	273.0	1365.0	0.3333333333333333
36786	329	0	5	0.815	139.2	696.0	0.6666666666666666
36787	233	0	5	0.575	54.2	271.0	0.0
36788	215	0	5	0.53	177.8	889.0	0.6666666666666666
36789	291	0	5	0.72	148.2	741.0	0.3333333333333333
36790	398	0	5	0.9875	238.8	1194.0	0.6666666666666666
36791	63	0	5	0.15	44.2	221.0	0.0
36792	282	1	4	0.7025	203.2	1016.0	1.0
36793	10	0	5	0.0175	8.0	40.0	0.0
36794	107	0	5	0.26	105.0	525.0	0.0
36795	91	0	5	0.22	67.6	338.0	0.3333333333333333
36796	62	0	5	0.1475	36.0	180.0	0.0
36797	222	0	5	0.5475	148.6	743.0	0.3333333333333333
36798	198	0	5	0.4875	114.4	572.0	0.6666666666666666
36799	242	0	5	0.5975	108.4	542.0	0.6666666666666666
36800	47	0	5	0.11	39.4	197.0	0.0
36801	375	0	5	0.93	250.0	1250.0	0.6666666666666666
36802	234	0	5	0.5775	120.2	601.0	0.3333333333333333
36803	363	0	5	0.9	159.8	799.0	0.6666666666666666
36804	323	1	4	0.805	158.6	793.0	1.0
36805	127	0	5	0.31	106.0	530.0	0.3333333333333333
36806	137	0	5	0.335	89.4	447.0	0.0
36807	159	0	5	0.39	116.8	584.0	0.3333333333333333
36808	349	0	5	0.865	166.8	834.0	0.3333333333333333
36809	147	0	5	0.36	63.4	317.0	0.3333333333333333
36810	259	0	5	0.64	213.6	1068.0	0.3333333333333333
36811	232	0	5	0.5725	126.6	633.0	0.6666666666666666
36812	337	0	5	0.835	249.0	1245.0	0.3333333333333333
36813	154	0	5	0.3775	147.6	738.0	0.0
36814	256	0	5	0.6325	160.4	802.0	0.3333333333333333
36815	48	0	5	0.1125	46.0	230.0	0.0
36816	110	0	5	0.2675	108.0	540.0	0.0
36817	289	0	5	0.715	192.4	962.0	0.3333333333333333
36818	162	0	5	0.3975	136.0	680.0	0.3333333333333333
36819	197	0	5	0.485	195.0	975.0	0.0
36820	362	0	5	0.8975	113.0	565.0	0.6666666666666666
36821	357	1	4	0.89	214.6	1073.0	1.0
36822	147	0	5	0.36	133.8	669.0	0.3333333333333333
36823	25	0	5	0.055	23.0	115.0	0.0
36824	225	0	5	0.555	150.2	751.0	0.6666666666666666
36825	94	0	5	0.2275	83.0	415.0	0.0
36826	221	0	5	0.545	126.6	633.0	0.3333333333333333
36827	212	0	5	0.5225	188.8	944.0	0.0
36828	258	0	5	0.6375	110.4	552.0	0.6666666666666666
36829	133	0	5	0.325	109.2	546.0	0.0
36830	52	0	5	0.1225	50.0	250.0	0.0
36831	199	1	4	0.495	147.0	735.0	1.0
36832	262	1	3	0.6525	195.8	979.0	1.0
36833	347	0	5	0.86	150.4	752.0	0.3333333333333333
36834	244	0	5	0.6025	140.2	701.0	0.6666666666666666
36835	228	0	5	0.5625	215.2	1076.0	0.3333333333333333
36836	120	0	5	0.2925	100.0	500.0	0.3333333333333333
36837	286	0	5	0.7075	241.6	1208.0	0.3333333333333333
36838	150	0	5	0.3675	73.4	367.0	0.6666666666666666
36839	26	0	5	0.0575	9.8	49.0	0.0
36840	225	0	5	0.555	109.0	545.0	0.3333333333333333
36841	205	0	5	0.505	101.6	508.0	0.0
36842	210	0	5	0.5175	53.0	265.0	0.3333333333333333
36843	78	0	5	0.1875	76.0	380.0	0.0
36844	295	0	5	0.73	93.4	467.0	0.3333333333333333
36845	12	0	5	0.0225	2.2	11.0	0.0
36846	139	0	5	0.34	112.2	561.0	0.3333333333333333
36847	18	0	5	0.0375	16.0	80.0	0.0
36848	396	0	5	0.9825	304.6	1523.0	0.6666666666666666
36849	230	0	5	0.5675	224.4	1122.0	0.3333333333333333
36850	273	0	5	0.675	245.2	1226.0	0.3333333333333333
36851	158	0	5	0.3875	65.0	325.0	0.3333333333333333
36852	298	0	5	0.7375	116.8	584.0	0.6666666666666666
36853	152	0	5	0.3725	150.0	750.0	0.0
36854	255	0	5	0.63	206.6	1033.0	0.3333333333333333
36855	327	0	5	0.81	124.2	621.0	0.6666666666666666
36856	284	0	5	0.7025	130.8	654.0	0.6666666666666666
36857	233	0	5	0.575	147.0	735.0	0.3333333333333333
36858	262	0	5	0.6475	171.0	855.0	0.3333333333333333
36859	4	0	5	0.0025	2.0	10.0	0.0
36860	293	0	5	0.725	178.8	894.0	0.3333333333333333
36861	27	0	5	0.06	22.2	111.0	0.3333333333333333
36862	243	0	5	0.6	135.4	677.0	0.6666666666666666
36863	187	0	5	0.46	150.4	752.0	0.6666666666666666
36864	296	0	5	0.7325	90.0	450.0	0.3333333333333333
36865	110	0	5	0.2675	108.0	540.0	0.0
36866	239	0	5	0.59	171.4	857.0	0.6666666666666666
36867	171	1	4	0.425	73.6	368.0	1.0
36868	203	0	5	0.5	134.2	671.0	0.3333333333333333
36869	360	0	5	0.8925	281.6	1408.0	0.6666666666666666
36870	103	0	5	0.25	101.0	505.0	0.0
36871	144	0	5	0.3525	100.8	504.0	0.3333333333333333
36872	158	0	5	0.3875	140.8	704.0	0.3333333333333333
36873	343	0	5	0.85	190.8	954.0	0.6666666666666666
36874	153	0	5	0.375	113.6	568.0	0.3333333333333333
36875	88	0	5	0.2125	57.2	286.0	0.3333333333333333
36876	286	0	5	0.7075	265.6	1328.0	0.3333333333333333
36877	159	0	5	0.39	128.6	643.0	0.3333333333333333
36878	336	0	5	0.8325	167.2	836.0	0.6666666666666666
36879	364	0	5	0.9025	233.8	1169.0	0.6666666666666666
36880	205	0	5	0.505	203.0	1015.0	0.0
36881	240	0	5	0.5925	169.6	848.0	0.6666666666666666
36882	231	0	5	0.57	126.4	632.0	0.3333333333333333
36883	175	0	5	0.43	109.8	549.0	0.3333333333333333
36884	38	0	5	0.0875	36.0	180.0	0.0
36885	274	0	5	0.6775	162.6	813.0	0.6666666666666666
36886	392	0	5	0.9725	234.2	1171.0	0.6666666666666666
36887	4	0	5	0.0025	2.0	10.0	0.0
36888	175	1	3	0.435	99.4	497.0	1.0
36889	230	0	5	0.5675	160.2	801.0	0.6666666666666666
36890	111	0	5	0.27	81.0	405.0	0.3333333333333333
36891	371	0	5	0.92	184.4	922.0	0.6666666666666666
36892	164	0	5	0.4025	123.2	616.0	0.3333333333333333
36893	184	0	5	0.4525	159.8	799.0	0.0
36894	218	0	5	0.5375	94.4	472.0	0.6666666666666666
36895	108	0	5	0.2625	69.6	348.0	0.3333333333333333
36896	288	0	5	0.7125	202.4	1012.0	0.3333333333333333
36897	326	0	5	0.8075	257.2	1286.0	0.6666666666666666
36898	322	0	5	0.7975	158.6	793.0	0.3333333333333333
36899	352	0	5	0.8725	148.2	741.0	0.6666666666666666
36900	199	1	4	0.495	120.8	604.0	1.0
36901	385	1	4	0.96	257.8	1289.0	1.0
36902	159	0	5	0.39	51.4	257.0	0.3333333333333333
36903	366	0	5	0.9075	269.4	1347.0	0.6666666666666666
36904	289	1	4	0.72	207.8	1039.0	1.0
36905	31	0	5	0.07	22.2	111.0	0.0
36906	224	0	5	0.5525	162.4	812.0	0.6666666666666666
36907	93	0	5	0.225	70.6	353.0	0.6666666666666666
36908	258	0	5	0.6375	204.4	1022.0	0.0
36909	266	0	5	0.6575	191.6	958.0	0.3333333333333333
36910	237	0	5	0.585	115.2	576.0	0.3333333333333333
36911	386	1	4	0.9625	286.4	1432.0	1.0
36912	286	0	5	0.7075	214.8	1074.0	0.3333333333333333
36913	389	0	5	0.965	262.6	1313.0	0.6666666666666666
36914	386	1	4	0.9625	187.2	936.0	1.0
36915	264	0	5	0.6525	107.2	536.0	0.6666666666666666
36916	247	1	4	0.615	59.0	295.0	1.0
36917	278	0	5	0.6875	208.0	1040.0	0.3333333333333333
36918	82	1	4	0.2025	46.4	232.0	1.0
36919	107	0	5	0.26	25.0	125.0	0.0
36920	209	0	5	0.515	159.2	796.0	0.0
36921	266	0	5	0.6575	185.6	928.0	0.3333333333333333
36922	85	0	5	0.205	67.6	338.0	0.0
36923	121	0	5	0.295	54.2	271.0	0.3333333333333333
36924	198	0	5	0.4875	169.4	847.0	0.3333333333333333
36925	52	0	5	0.1225	41.6	208.0	0.0
36926	281	0	5	0.695	66.2	331.0	0.6666666666666666
36927	252	1	4	0.6275	95.2	476.0	1.0
36928	132	0	5	0.3225	86.2	431.0	0.3333333333333333
36929	19	0	5	0.04	9.8	49.0	0.3333333333333333
36930	250	0	5	0.6175	180.8	904.0	0.3333333333333333
36931	391	0	5	0.97	172.8	864.0	0.6666666666666666
36932	392	1	4	0.9775	189.4	947.0	1.0
36933	41	0	5	0.095	36.6	183.0	0.0
36934	163	0	5	0.4	142.6	713.0	0.3333333333333333
36935	213	0	5	0.525	208.8	1044.0	0.0
36936	306	0	5	0.7575	253.4	1267.0	0.3333333333333333
36937	205	0	5	0.505	191.4	957.0	0.0
36938	269	0	5	0.665	123.0	615.0	0.3333333333333333
36939	119	0	5	0.29	84.2	421.0	0.3333333333333333
36940	334	0	5	0.8275	211.2	1056.0	0.6666666666666666
36941	194	0	5	0.4775	103.6	518.0	0.3333333333333333
36942	46	0	5	0.1075	27.8	139.0	0.3333333333333333
36943	57	0	5	0.135	23.2	116.0	0.6666666666666666
36944	124	0	5	0.3025	98.6	493.0	0.0
36945	60	0	5	0.1425	22.8	114.0	0.3333333333333333
36946	104	0	5	0.2525	70.8	354.0	0.0
36947	58	0	5	0.1375	56.0	280.0	0.0
36948	259	0	5	0.64	107.6	538.0	0.0
36949	114	0	5	0.2775	75.6	378.0	0.3333333333333333
36950	157	0	5	0.385	155.0	775.0	0.0
36951	192	0	5	0.4725	190.0	950.0	0.3333333333333333
36952	89	0	5	0.215	61.4	307.0	0.0
36953	248	0	5	0.6125	86.8	434.0	0.6666666666666666
36954	389	0	5	0.965	327.8	1639.0	0.6666666666666666
36955	129	0	5	0.315	37.4	187.0	0.0
36956	61	0	5	0.145	59.0	295.0	0.0
36957	303	0	5	0.75	151.4	757.0	0.6666666666666666
36958	96	1	4	0.2375	81.6	408.0	1.0
36959	150	0	5	0.3675	101.2	506.0	0.3333333333333333
36960	345	0	5	0.855	208.8	1044.0	0.6666666666666666
36961	267	0	5	0.66	208.2	1041.0	0.3333333333333333
36962	296	0	5	0.7325	290.0	1450.0	0.3333333333333333
36963	358	0	5	0.8875	111.2	556.0	0.6666666666666666
36964	166	0	5	0.4075	146.2	731.0	0.0
36965	188	0	5	0.4625	138.8	694.0	0.3333333333333333
36966	398	0	5	0.9875	212.2	1061.0	0.6666666666666666
36967	196	0	5	0.4825	148.0	740.0	0.3333333333333333
36968	310	0	5	0.7675	171.6	858.0	0.3333333333333333
36969	35	0	5	0.08	32.2	161.0	0.3333333333333333
36970	352	0	5	0.8725	188.6	943.0	0.3333333333333333
36971	222	0	5	0.5475	180.8	904.0	0.3333333333333333
36972	305	0	5	0.755	172.6	863.0	0.6666666666666666
36973	82	0	5	0.1975	80.0	400.0	0.0
36974	191	0	5	0.47	150.8	754.0	0.3333333333333333
36975	59	0	5	0.14	57.0	285.0	0.0
36976	66	0	5	0.1575	30.6	153.0	0.3333333333333333
36977	248	0	5	0.6125	217.2	1086.0	0.3333333333333333
36978	202	0	5	0.4975	105.6	528.0	0.3333333333333333
36979	226	0	5	0.5575	110.6	553.0	0.0
36980	285	0	5	0.705	215.0	1075.0	0.6666666666666666
36981	225	0	5	0.555	81.0	405.0	0.6666666666666666
36982	151	0	5	0.37	52.2	261.0	0.3333333333333333
36983	383	0	5	0.95	213.6	1068.0	0.6666666666666666
36984	128	0	5	0.3125	106.0	530.0	0.3333333333333333
36985	118	0	5	0.2875	116.0	580.0	0.0
36986	223	0	5	0.55	131.2	656.0	0.6666666666666666
36987	106	0	5	0.2575	104.0	520.0	0.0
36988	159	0	5	0.39	126.2	631.0	0.3333333333333333
36989	386	1	4	0.9625	139.6	698.0	1.0
36990	242	0	5	0.5975	119.6	598.0	0.3333333333333333
36991	333	1	4	0.83	217.8	1089.0	1.0
36992	163	0	5	0.4	77.8	389.0	0.3333333333333333
36993	181	0	5	0.445	102.8	514.0	0.3333333333333333
36994	49	0	5	0.115	24.8	124.0	0.3333333333333333
36995	250	0	5	0.6175	151.4	757.0	0.0
36996	176	0	5	0.4325	110.4	552.0	0.0
36997	325	0	5	0.805	274.0	1370.0	0.6666666666666666
36998	180	0	5	0.4425	102.4	512.0	0.3333333333333333
36999	401	0	3	0.9975	308.6	1543.0	0.6666666666666666
37000	223	0	5	0.55	97.4	487.0	0.0
37001	178	0	5	0.4375	143.6	718.0	0.6666666666666666
37002	378	0	5	0.9375	117.6	588.0	0.6666666666666666
37003	378	0	5	0.9375	315.4	1577.0	0.6666666666666666
37004	393	1	4	0.98	232.2	1161.0	1.0
37005	355	0	5	0.88	180.0	900.0	0.6666666666666666
37006	354	0	5	0.8775	273.0	1365.0	0.6666666666666666
37007	141	0	5	0.345	86.4	432.0	0.3333333333333333
37008	164	1	4	0.4075	64.8	324.0	1.0
37009	160	0	5	0.3925	136.0	680.0	0.3333333333333333
37010	291	0	5	0.72	125.6	628.0	0.6666666666666666
37011	396	0	5	0.9825	193.0	965.0	0.6666666666666666
37012	241	0	5	0.595	79.4	397.0	0.3333333333333333
37013	95	0	5	0.23	70.2	351.0	0.0
37014	138	0	5	0.3375	62.4	312.0	0.6666666666666666
37015	296	0	5	0.7325	61.2	306.0	0.3333333333333333
37016	36	0	5	0.0825	34.0	170.0	0.0
37017	351	0	5	0.87	297.2	1486.0	0.6666666666666666
37018	278	0	5	0.6875	185.6	928.0	0.3333333333333333
37019	83	0	5	0.2	52.2	261.0	0.6666666666666666
37020	233	0	5	0.575	231.0	1155.0	0.0
37021	158	0	5	0.3875	84.6	423.0	0.0
37022	145	0	5	0.355	31.8	159.0	0.3333333333333333
37023	302	0	5	0.7475	178.8	894.0	0.6666666666666666
37024	211	0	5	0.52	150.0	750.0	0.6666666666666666
37025	179	0	5	0.44	153.8	769.0	0.0
37026	27	0	5	0.06	25.0	125.0	0.0
37027	110	1	4	0.2725	90.0	450.0	1.0
37028	224	0	5	0.5525	56.4	282.0	0.6666666666666666
37029	360	0	5	0.8925	208.0	1040.0	0.6666666666666666
37030	163	0	5	0.4	94.4	472.0	0.3333333333333333
37031	200	0	5	0.4925	57.2	286.0	0.3333333333333333
37032	231	0	5	0.57	154.2	771.0	0.3333333333333333
37033	235	0	5	0.58	199.6	998.0	0.3333333333333333
37034	190	0	5	0.4675	96.0	480.0	0.6666666666666666
37035	136	0	5	0.3325	76.0	380.0	0.6666666666666666
37036	128	0	5	0.3125	75.6	378.0	0.3333333333333333
37037	286	0	5	0.7075	168.2	841.0	0.6666666666666666
37038	131	0	5	0.32	111.8	559.0	0.0
37039	119	0	5	0.29	101.2	506.0	0.3333333333333333
37040	22	0	5	0.0475	20.0	100.0	0.0
37041	195	0	5	0.48	106.8	534.0	0.6666666666666666
37042	243	0	5	0.6	239.4	1197.0	0.0
37043	248	0	5	0.6125	156.8	784.0	0.0
37044	125	0	5	0.305	104.4	522.0	0.3333333333333333
37045	231	0	5	0.57	161.0	805.0	0.3333333333333333
37046	244	1	4	0.6075	141.6	708.0	1.0
37047	54	0	5	0.1275	52.0	260.0	0.0
37048	15	0	5	0.03	13.0	65.0	0.0
37049	170	0	5	0.4175	134.8	674.0	0.3333333333333333
37050	34	0	5	0.0775	32.0	160.0	0.0
37051	374	1	4	0.9325	112.4	562.0	1.0
37052	247	0	5	0.61	201.6	1008.0	0.6666666666666666
37053	316	0	5	0.7825	162.4	812.0	0.3333333333333333
37054	30	0	5	0.0675	28.0	140.0	0.0
37055	367	0	5	0.91	307.6	1538.0	0.6666666666666666
37056	240	0	5	0.5925	95.0	475.0	0.6666666666666666
37057	256	0	5	0.6325	197.2	986.0	0.6666666666666666
37058	96	0	5	0.2325	62.6	313.0	0.3333333333333333
37059	231	0	5	0.57	123.4	617.0	0.6666666666666666
37060	127	0	5	0.31	32.2	161.0	0.3333333333333333
37061	279	0	5	0.69	121.6	608.0	0.3333333333333333
37062	167	0	5	0.41	160.6	803.0	0.3333333333333333
37063	328	0	5	0.8125	152.4	762.0	0.6666666666666666
37064	317	1	4	0.79	121.0	605.0	1.0
37065	371	0	5	0.92	300.0	1500.0	0.6666666666666666
37066	202	0	5	0.4975	98.0	490.0	0.3333333333333333
37067	292	0	5	0.7225	200.2	1001.0	0.3333333333333333
37068	214	0	5	0.5275	151.6	758.0	0.3333333333333333
37069	276	1	4	0.6875	135.2	676.0	1.0
37070	281	0	5	0.695	123.4	617.0	0.6666666666666666
37071	165	0	5	0.405	135.0	675.0	0.3333333333333333
37072	85	0	5	0.205	83.0	415.0	0.0
37073	128	0	5	0.3125	88.8	444.0	0.6666666666666666
37074	274	0	5	0.6775	184.4	922.0	0.6666666666666666
37075	320	0	5	0.7925	198.0	990.0	0.6666666666666666
37076	360	0	5	0.8925	334.2	1671.0	0.3333333333333333
37077	373	0	5	0.925	163.8	819.0	0.6666666666666666
37078	15	0	5	0.03	13.0	65.0	0.0
37079	370	0	5	0.9175	91.2	456.0	0.6666666666666666
37080	52	0	5	0.1225	50.0	250.0	0.0
37081	277	0	5	0.685	161.8	809.0	0.6666666666666666
37082	22	0	5	0.0475	20.0	100.0	0.0
37083	244	1	4	0.6075	129.0	645.0	1.0
37084	392	0	5	0.9725	173.8	869.0	0.6666666666666666
37085	243	1	4	0.605	101.6	508.0	1.0
37086	307	0	5	0.76	194.6	973.0	0.6666666666666666
37087	256	0	5	0.6325	222.8	1114.0	0.3333333333333333
37088	326	0	5	0.8075	171.4	857.0	0.3333333333333333
37089	274	0	5	0.6775	124.4	622.0	0.3333333333333333
37090	365	0	5	0.905	247.4	1237.0	0.6666666666666666
37091	187	0	5	0.46	121.0	605.0	0.3333333333333333
37092	280	0	5	0.6925	198.0	990.0	0.3333333333333333
37093	262	0	5	0.6475	122.4	612.0	0.6666666666666666
37094	332	0	5	0.8225	139.6	698.0	0.6666666666666666
37095	57	0	5	0.135	45.0	225.0	0.0
37096	23	0	5	0.05	14.6	73.0	0.0
37097	109	0	5	0.265	65.4	327.0	0.6666666666666666
37098	182	1	4	0.4525	120.4	602.0	1.0
37099	386	0	5	0.9575	247.2	1236.0	0.6666666666666666
37100	79	0	5	0.19	59.4	297.0	0.3333333333333333
37101	61	0	5	0.145	49.4	247.0	0.0
37102	238	0	5	0.5875	153.8	769.0	0.3333333333333333
37103	16	0	5	0.0325	12.2	61.0	0.3333333333333333
37104	203	0	5	0.5	161.6	808.0	0.3333333333333333
37105	208	0	5	0.5125	77.2	386.0	0.3333333333333333
37106	113	0	5	0.275	92.6	463.0	0.3333333333333333
37107	62	0	5	0.1475	39.2	196.0	0.3333333333333333
37108	253	0	5	0.625	172.4	862.0	0.3333333333333333
37109	68	0	5	0.1625	66.0	330.0	0.0
37110	44	0	5	0.1025	42.0	210.0	0.0
37111	59	0	5	0.14	30.2	151.0	0.0
37112	82	0	5	0.1975	80.0	400.0	0.0
37113	310	0	5	0.7675	203.8	1019.0	0.6666666666666666
37114	124	0	5	0.3025	122.0	610.0	0.0
37115	243	0	5	0.6	210.2	1051.0	0.3333333333333333
37116	229	0	5	0.565	154.2	771.0	0.6666666666666666
37117	261	1	4	0.65	81.8	409.0	1.0
37118	105	0	5	0.255	43.0	215.0	0.0
37119	234	0	5	0.5775	76.4	382.0	0.3333333333333333
37120	225	0	5	0.555	194.2	971.0	0.3333333333333333
37121	46	0	5	0.1075	44.0	220.0	0.0
37122	149	0	5	0.365	66.0	330.0	0.3333333333333333
37123	248	0	5	0.6125	138.6	693.0	0.6666666666666666
37124	198	0	5	0.4875	164.2	821.0	0.3333333333333333
37125	338	0	5	0.8375	260.8	1304.0	0.6666666666666666
37126	187	0	5	0.46	61.8	309.0	0.6666666666666666
37127	138	0	5	0.3375	108.0	540.0	0.3333333333333333
37128	45	0	5	0.105	37.6	188.0	0.3333333333333333
37129	137	0	5	0.335	132.4	662.0	0.0
37130	235	0	5	0.58	204.2	1021.0	0.0
37131	195	0	5	0.48	168.4	842.0	0.0
37132	325	0	5	0.805	214.2	1071.0	0.3333333333333333
37133	187	0	5	0.46	173.0	865.0	0.3333333333333333
37134	337	0	5	0.835	217.4	1087.0	0.3333333333333333
37135	269	0	5	0.665	163.8	819.0	0.0
37136	233	0	5	0.575	187.8	939.0	0.0
37137	157	0	5	0.385	155.0	775.0	0.0
37138	240	0	5	0.5925	208.4	1042.0	0.0
37139	370	0	5	0.9175	165.0	825.0	0.6666666666666666
37140	239	0	5	0.59	151.0	755.0	0.3333333333333333
37141	309	1	4	0.77	236.6	1183.0	1.0
37142	290	0	5	0.7175	139.2	696.0	0.3333333333333333
37143	102	0	5	0.2475	86.4	432.0	0.3333333333333333
37144	61	0	5	0.145	59.0	295.0	0.0
37145	152	0	5	0.3725	146.4	732.0	0.3333333333333333
37146	103	0	5	0.25	101.0	505.0	0.0
37147	373	0	5	0.925	245.2	1226.0	0.6666666666666666
37148	268	0	5	0.6625	95.6	478.0	0.6666666666666666
37149	217	1	4	0.54	73.2	366.0	1.0
37150	214	0	5	0.5275	169.2	846.0	0.3333333333333333
37151	399	1	4	0.995	231.0	1155.0	1.0
37152	332	0	5	0.8225	200.6	1003.0	0.6666666666666666
37153	219	0	5	0.54	122.8	614.0	0.6666666666666666
37154	277	0	5	0.685	190.6	953.0	0.3333333333333333
37155	60	0	5	0.1425	58.0	290.0	0.0
37156	80	0	5	0.1925	78.0	390.0	0.0
37157	183	0	5	0.45	181.0	905.0	0.0
37158	63	0	5	0.15	59.4	297.0	0.3333333333333333
37159	122	0	5	0.2975	120.0	600.0	0.3333333333333333
37160	3	0	5	0.0025	0.2	1.0	0.3333333333333333
37161	277	0	5	0.685	127.4	637.0	0.6666666666666666
37162	204	0	5	0.5025	173.4	867.0	0.3333333333333333
37163	92	0	5	0.2225	61.8	309.0	0.3333333333333333
37164	79	0	5	0.19	77.0	385.0	0.0
37165	150	0	5	0.3675	141.2	706.0	0.3333333333333333
37166	225	1	4	0.56	188.0	940.0	1.0
37167	309	0	5	0.765	185.2	926.0	0.6666666666666666
37168	313	1	4	0.78	277.8	1389.0	1.0
37169	120	0	5	0.2925	102.8	514.0	0.3333333333333333
37170	93	0	5	0.225	70.2	351.0	0.3333333333333333
37171	87	0	5	0.21	36.6	183.0	0.0
37172	82	0	5	0.1975	80.0	400.0	0.0
37173	309	0	5	0.765	296.0	1480.0	0.3333333333333333
37174	166	1	4	0.4125	67.4	337.0	1.0
37175	185	0	5	0.455	148.6	743.0	0.3333333333333333
37176	15	0	5	0.03	13.0	65.0	0.0
37177	190	1	4	0.4725	120.4	602.0	1.0
37178	384	1	4	0.9575	341.6	1708.0	1.0
37179	309	0	5	0.765	133.2	666.0	0.3333333333333333
37180	65	0	5	0.155	47.8	239.0	0.3333333333333333
37181	401	0	5	0.995	262.4	1312.0	0.6666666666666666
37182	307	1	4	0.765	139.0	695.0	1.0
37183	281	0	5	0.695	279.0	1395.0	0.0
37184	179	0	5	0.44	69.2	346.0	0.3333333333333333
37185	268	0	5	0.6625	117.2	586.0	0.6666666666666666
37186	145	0	5	0.355	102.4	512.0	0.6666666666666666
37187	264	1	4	0.6575	190.2	951.0	1.0
37188	130	0	5	0.3175	128.0	640.0	0.0
37189	289	0	5	0.715	200.6	1003.0	0.3333333333333333
37190	166	0	5	0.4075	66.2	331.0	0.6666666666666666
37191	198	0	5	0.4875	137.2	686.0	0.3333333333333333
37192	211	0	5	0.52	187.4	937.0	0.0
37193	256	0	5	0.6325	179.4	897.0	0.6666666666666666
37194	143	0	5	0.35	118.6	593.0	0.0
37195	121	0	5	0.295	83.0	415.0	0.0
37196	268	0	5	0.6625	183.8	919.0	0.3333333333333333
37197	15	0	5	0.03	13.0	65.0	0.0
37198	66	0	5	0.1575	64.0	320.0	0.0
37199	121	0	5	0.295	119.0	595.0	0.0
37200	377	0	5	0.935	195.6	978.0	0.6666666666666666
37201	119	0	5	0.29	117.0	585.0	0.0
37202	236	0	5	0.5825	114.0	570.0	0.6666666666666666
37203	95	0	5	0.23	78.0	390.0	0.0
37204	269	1	4	0.67	151.4	757.0	1.0
37205	130	0	5	0.3175	104.4	522.0	0.6666666666666666
37206	35	0	5	0.08	33.0	165.0	0.0
37207	253	0	5	0.625	128.4	642.0	0.3333333333333333
37208	307	0	5	0.76	114.0	570.0	0.3333333333333333
37209	4	0	5	0.0025	2.0	10.0	0.0
37210	291	1	4	0.725	188.2	941.0	1.0
37211	13	0	5	0.025	11.0	55.0	0.0
37212	146	0	5	0.3575	51.6	258.0	0.6666666666666666
37213	292	0	5	0.7225	102.0	510.0	0.6666666666666666
37214	392	1	4	0.9775	144.0	720.0	1.0
37215	193	0	5	0.475	191.0	955.0	0.0
37216	310	0	5	0.7675	260.8	1304.0	0.3333333333333333
37217	314	0	5	0.7775	191.4	957.0	0.6666666666666666
37218	236	0	5	0.5825	131.6	658.0	0.0
37219	325	0	5	0.805	229.2	1146.0	0.3333333333333333
37220	4	0	5	0.0025	2.0	10.0	0.0
37221	140	0	5	0.3425	85.2	426.0	0.0
37222	115	0	5	0.28	113.0	565.0	0.0
37223	82	0	5	0.1975	80.0	400.0	0.0
37224	322	0	5	0.7975	116.8	584.0	0.3333333333333333
37225	269	0	5	0.665	61.6	308.0	0.0
37226	300	0	5	0.7425	194.2	971.0	0.6666666666666666
37227	170	0	5	0.4175	118.8	594.0	0.0
37228	248	0	5	0.6125	182.8	914.0	0.3333333333333333
37229	102	0	5	0.2475	53.6	268.0	0.3333333333333333
37230	259	0	5	0.64	202.4	1012.0	0.6666666666666666
37231	224	0	5	0.5525	157.8	789.0	0.3333333333333333
37232	93	0	5	0.225	91.0	455.0	0.0
37233	199	0	5	0.49	162.0	810.0	0.0
37234	298	0	5	0.7375	164.0	820.0	0.6666666666666666
37235	347	0	5	0.86	225.8	1129.0	0.6666666666666666
37236	102	0	5	0.2475	56.8	284.0	0.0
37237	247	0	5	0.61	214.2	1071.0	0.3333333333333333
37238	188	0	5	0.4625	87.6	438.0	0.3333333333333333
37239	55	0	5	0.13	53.0	265.0	0.0
37240	398	0	5	0.9875	172.4	862.0	0.6666666666666666
37241	125	0	5	0.305	47.0	235.0	0.3333333333333333
37242	286	0	5	0.7075	113.6	568.0	0.0
37243	338	0	5	0.8375	168.4	842.0	0.3333333333333333
37244	19	0	5	0.04	17.0	85.0	0.0
37245	98	0	5	0.2375	64.8	324.0	0.0
37246	182	0	5	0.4475	123.0	615.0	0.0
37247	108	0	5	0.2625	46.6	233.0	0.3333333333333333
37248	305	0	5	0.755	232.4	1162.0	0.3333333333333333
37249	142	0	5	0.3475	60.2	301.0	0.0
37250	91	0	5	0.22	45.2	226.0	0.3333333333333333
37251	158	0	5	0.3875	143.4	717.0	0.0
37252	244	0	5	0.6025	202.0	1010.0	0.0
37253	49	0	5	0.115	11.0	55.0	0.6666666666666666
37254	167	0	5	0.41	140.2	701.0	0.3333333333333333
37255	361	0	5	0.895	229.4	1147.0	0.6666666666666666
37256	314	0	5	0.7775	243.8	1219.0	0.6666666666666666
37257	75	0	5	0.18	59.2	296.0	0.3333333333333333
37258	343	0	5	0.85	135.4	677.0	0.6666666666666666
37259	277	0	5	0.685	197.8	989.0	0.3333333333333333
37260	152	0	5	0.3725	86.6	433.0	0.6666666666666666
37261	302	0	5	0.7475	202.0	1010.0	0.6666666666666666
37262	86	0	5	0.2075	84.0	420.0	0.0
37263	46	0	5	0.1075	16.0	80.0	0.0
37264	79	0	5	0.19	66.4	332.0	0.0
37265	47	0	5	0.11	33.0	165.0	0.0
37266	72	0	5	0.1725	70.0	350.0	0.0
37267	161	0	5	0.395	141.4	707.0	0.3333333333333333
37268	21	0	5	0.045	9.2	46.0	0.3333333333333333
37269	157	0	5	0.385	149.0	745.0	0.0
37270	214	0	5	0.5275	188.4	942.0	0.3333333333333333
37271	336	0	5	0.8325	290.0	1450.0	0.6666666666666666
37272	81	0	5	0.195	79.0	395.0	0.0
37273	84	0	5	0.2025	68.4	342.0	0.0
37274	177	0	5	0.435	70.2	351.0	0.6666666666666666
37275	63	0	5	0.15	53.0	265.0	0.3333333333333333
37276	117	0	5	0.285	26.2	131.0	0.3333333333333333
37277	314	0	5	0.7775	129.6	648.0	0.6666666666666666
37278	339	0	5	0.84	80.2	401.0	0.3333333333333333
37279	42	0	5	0.0975	29.4	147.0	0.3333333333333333
37280	138	0	5	0.3375	125.0	625.0	0.3333333333333333
37281	193	0	5	0.475	183.6	918.0	0.0
37282	23	0	5	0.05	21.0	105.0	0.0
37283	312	0	5	0.7725	200.6	1003.0	0.6666666666666666
37284	165	0	5	0.405	163.0	815.0	0.0
37285	322	0	5	0.7975	226.4	1132.0	0.6666666666666666
37286	114	0	5	0.2775	108.8	544.0	0.3333333333333333
37287	194	0	5	0.4775	171.4	857.0	0.3333333333333333
37288	363	0	5	0.9	148.8	744.0	0.6666666666666666
37289	69	0	5	0.165	67.0	335.0	0.0
37290	346	0	5	0.8575	237.8	1189.0	0.6666666666666666
37291	227	1	4	0.565	118.6	593.0	1.0
37292	247	1	4	0.615	207.2	1036.0	1.0
37293	146	0	5	0.3575	144.0	720.0	0.0
37294	53	0	5	0.125	51.0	255.0	0.0
37295	226	0	5	0.5575	160.0	800.0	0.3333333333333333
37296	345	0	5	0.855	206.4	1032.0	0.6666666666666666
37297	369	0	5	0.915	169.4	847.0	0.6666666666666666
37298	140	0	5	0.3425	116.0	580.0	0.3333333333333333
37299	343	0	5	0.85	158.8	794.0	0.6666666666666666
37300	203	0	5	0.5	146.2	731.0	0.3333333333333333
37301	145	0	5	0.355	143.0	715.0	0.0
37302	386	0	5	0.9575	319.0	1595.0	0.6666666666666666
37303	331	0	5	0.82	145.0	725.0	0.3333333333333333
37304	238	0	5	0.5875	99.2	496.0	0.3333333333333333
37305	383	0	5	0.95	302.0	1510.0	0.6666666666666666
37306	80	0	5	0.1925	37.2	186.0	0.3333333333333333
37307	188	0	5	0.4625	42.0	210.0	0.6666666666666666
37308	121	0	5	0.295	91.4	457.0	0.3333333333333333
37309	386	0	5	0.9575	174.8	874.0	0.6666666666666666
37310	268	0	5	0.6625	130.8	654.0	0.3333333333333333
37311	193	0	5	0.475	147.0	735.0	0.3333333333333333
37312	353	0	5	0.875	99.8	499.0	0.6666666666666666
37313	171	0	5	0.42	67.6	338.0	0.6666666666666666
37314	44	0	5	0.1025	42.0	210.0	0.0
37315	191	0	5	0.47	62.6	313.0	0.3333333333333333
37316	241	0	5	0.595	203.8	1019.0	0.0
37317	324	0	5	0.8025	276.0	1380.0	0.3333333333333333
37318	286	0	5	0.7075	112.0	560.0	0.6666666666666666
37319	182	0	5	0.4475	138.4	692.0	0.3333333333333333
37320	221	0	5	0.545	157.0	785.0	0.3333333333333333
37321	263	0	5	0.65	168.2	841.0	0.3333333333333333
37322	199	0	5	0.49	145.8	729.0	0.6666666666666666
37323	109	0	5	0.265	107.0	535.0	0.0
37324	152	0	5	0.3725	98.4	492.0	0.3333333333333333
37325	244	0	5	0.6025	159.2	796.0	0.3333333333333333
37326	339	0	5	0.84	103.2	516.0	0.3333333333333333
37327	369	0	5	0.915	231.4	1157.0	0.3333333333333333
37328	329	0	5	0.815	239.4	1197.0	0.6666666666666666
37329	260	0	5	0.6425	173.2	866.0	0.3333333333333333
37330	317	0	5	0.785	185.8	929.0	0.6666666666666666
37331	370	0	5	0.9175	225.2	1126.0	0.6666666666666666
37332	225	0	5	0.555	107.8	539.0	0.6666666666666666
37333	63	0	5	0.15	61.0	305.0	0.0
37334	245	0	5	0.605	212.8	1064.0	0.6666666666666666
37335	198	0	5	0.4875	82.4	412.0	0.3333333333333333
37336	304	0	5	0.7525	224.6	1123.0	0.3333333333333333
37337	183	0	5	0.45	174.0	870.0	0.3333333333333333
37338	236	0	5	0.5825	93.2	466.0	0.3333333333333333
37339	339	0	5	0.84	231.2	1156.0	0.3333333333333333
37340	331	0	5	0.82	133.0	665.0	0.6666666666666666
37341	174	0	5	0.4275	94.8	474.0	0.6666666666666666
37342	75	0	5	0.18	55.4	277.0	0.3333333333333333
37343	156	0	5	0.3825	111.4	557.0	0.3333333333333333
37344	14	0	5	0.0275	12.0	60.0	0.0
37345	21	0	5	0.045	19.0	95.0	0.0
37346	106	0	5	0.2575	67.4	337.0	0.3333333333333333
37347	295	1	4	0.735	211.8	1059.0	1.0
37348	189	0	5	0.465	134.6	673.0	0.6666666666666666
37349	172	0	5	0.4225	170.0	850.0	0.0
37350	357	0	5	0.885	324.4	1622.0	0.3333333333333333
37351	96	0	5	0.2325	36.4	182.0	0.3333333333333333
37352	260	1	4	0.6475	119.6	598.0	1.0
37353	26	0	5	0.0575	24.0	120.0	0.0
37354	206	1	4	0.5125	91.6	458.0	1.0
37355	179	0	5	0.44	120.2	601.0	0.0
37356	169	1	4	0.42	119.6	598.0	1.0
37357	284	0	5	0.7025	161.2	806.0	0.3333333333333333
37358	285	0	5	0.705	227.8	1139.0	0.6666666666666666
37359	170	0	5	0.4175	130.6	653.0	0.3333333333333333
37360	27	0	5	0.06	25.0	125.0	0.0
37361	174	0	5	0.4275	150.0	750.0	0.3333333333333333
37362	105	0	5	0.255	73.4	367.0	0.3333333333333333
37363	398	0	5	0.9875	187.6	938.0	0.6666666666666666
37364	344	0	5	0.8525	171.8	859.0	0.6666666666666666
37365	4	0	5	0.0025	2.0	10.0	0.0
37366	208	0	5	0.5125	169.0	845.0	0.6666666666666666
37367	41	0	5	0.095	30.2	151.0	0.3333333333333333
37368	399	1	4	0.995	316.2	1581.0	1.0
37369	209	0	5	0.515	130.8	654.0	0.3333333333333333
37370	258	0	5	0.6375	224.6	1123.0	0.0
37371	192	0	5	0.4725	184.4	922.0	0.3333333333333333
37372	330	0	5	0.8175	127.4	637.0	0.6666666666666666
37373	191	0	5	0.47	154.0	770.0	0.3333333333333333
37374	143	0	5	0.35	79.4	397.0	0.3333333333333333
37375	86	0	5	0.2075	66.8	334.0	0.3333333333333333
37376	267	0	5	0.66	235.2	1176.0	0.3333333333333333
37377	387	0	5	0.96	200.6	1003.0	0.6666666666666666
37378	256	0	5	0.6325	137.6	688.0	0.6666666666666666
37379	16	0	5	0.0325	14.0	70.0	0.0
37380	276	0	5	0.6825	229.8	1149.0	0.6666666666666666
37381	334	0	5	0.8275	189.0	945.0	0.6666666666666666
37382	107	0	5	0.26	66.4	332.0	0.3333333333333333
37383	50	0	5	0.1175	48.0	240.0	0.0
37384	263	0	5	0.65	212.4	1062.0	0.0
37385	367	0	5	0.91	89.2	446.0	0.6666666666666666
37386	148	0	5	0.3625	128.6	643.0	0.0
37387	92	0	5	0.2225	85.2	426.0	0.0
37388	244	0	5	0.6025	152.8	764.0	0.6666666666666666
37389	282	0	5	0.6975	145.0	725.0	0.3333333333333333
37390	226	0	5	0.5575	224.0	1120.0	0.0
37391	206	0	5	0.5075	192.8	964.0	0.0
37392	262	1	4	0.6525	159.0	795.0	1.0
37393	28	0	5	0.0625	26.0	130.0	0.0
37394	230	0	5	0.5675	208.8	1044.0	0.6666666666666666
37395	328	0	5	0.8125	190.0	950.0	0.6666666666666666
37396	146	0	5	0.3575	124.2	621.0	0.3333333333333333
37397	400	0	5	0.9925	154.4	772.0	0.6666666666666666
37398	294	0	5	0.7275	186.4	932.0	0.3333333333333333
37399	121	0	5	0.295	41.4	207.0	0.3333333333333333
37400	131	0	5	0.32	81.0	405.0	0.3333333333333333
37401	267	0	5	0.66	96.6	483.0	0.6666666666666666
37402	78	0	5	0.1875	56.8	284.0	0.3333333333333333
37403	14	0	5	0.0275	12.0	60.0	0.0
37404	58	0	5	0.1375	56.0	280.0	0.0
37405	400	0	5	0.9925	114.0	570.0	0.6666666666666666
37406	106	0	5	0.2575	33.2	166.0	0.6666666666666666
37407	37	0	5	0.085	35.0	175.0	0.0
37408	3	0	5	0.0025	0.4	2.0	0.3333333333333333
37409	231	1	4	0.575	118.8	594.0	1.0
37410	216	1	4	0.5375	154.8	774.0	1.0
37411	60	0	5	0.1425	13.2	66.0	0.0
37412	181	1	3	0.45	138.0	690.0	1.0
37413	354	0	5	0.8775	209.4	1047.0	0.6666666666666666
37414	262	1	4	0.6525	210.0	1050.0	1.0
37415	136	0	5	0.3325	82.8	414.0	0.3333333333333333
37416	105	0	5	0.255	61.4	307.0	0.6666666666666666
37417	45	0	5	0.105	43.0	215.0	0.0
37418	294	0	5	0.7275	203.6	1018.0	0.6666666666666666
37419	360	0	5	0.8925	129.6	648.0	0.6666666666666666
37420	376	0	5	0.9325	126.8	634.0	0.6666666666666666
37421	215	0	5	0.53	68.0	340.0	0.3333333333333333
37422	243	0	5	0.6	209.4	1047.0	0.0
37423	178	0	5	0.4375	76.8	384.0	0.3333333333333333
37424	340	0	5	0.8425	190.4	952.0	0.3333333333333333
37425	225	0	5	0.555	159.0	795.0	0.3333333333333333
37426	34	0	5	0.0775	32.0	160.0	0.0
37427	94	0	5	0.2275	81.8	409.0	0.0
37428	328	0	5	0.8125	98.0	490.0	0.6666666666666666
37429	254	0	5	0.6275	187.8	939.0	0.6666666666666666
37430	237	0	5	0.585	117.4	587.0	0.6666666666666666
37431	59	0	5	0.14	35.8	179.0	0.0
37432	141	0	5	0.345	45.4	227.0	0.3333333333333333
37433	339	1	4	0.845	178.2	891.0	1.0
37434	276	0	5	0.6825	146.8	734.0	0.6666666666666666
37435	220	0	5	0.5425	196.8	984.0	0.0
37436	186	0	5	0.4575	117.6	588.0	0.0
37437	3	0	5	0.0025	0.4	2.0	0.0
37438	315	0	5	0.78	203.2	1016.0	0.3333333333333333
37439	230	0	5	0.5675	149.0	745.0	0.6666666666666666
37440	143	0	5	0.35	119.4	597.0	0.0
37441	52	0	5	0.1225	50.0	250.0	0.0
37442	241	0	5	0.595	145.8	729.0	0.3333333333333333
37443	169	0	5	0.415	73.2	366.0	0.3333333333333333
37444	351	0	5	0.87	155.8	779.0	0.3333333333333333
37445	171	0	5	0.42	110.0	550.0	0.3333333333333333
37446	346	0	5	0.8575	176.2	881.0	0.6666666666666666
37447	159	0	5	0.39	46.2	231.0	0.6666666666666666
37448	164	0	5	0.4025	122.4	612.0	0.3333333333333333
37449	212	0	5	0.5225	151.4	757.0	0.3333333333333333
37450	307	1	4	0.765	153.4	767.0	1.0
37451	352	1	4	0.8775	131.6	658.0	1.0
37452	254	0	5	0.6275	203.8	1019.0	0.3333333333333333
37453	57	0	5	0.135	55.0	275.0	0.0
37454	111	0	5	0.27	81.0	405.0	0.3333333333333333
37455	193	0	5	0.475	41.4	207.0	0.6666666666666666
37456	162	0	5	0.3975	143.2	716.0	0.3333333333333333
37457	285	0	5	0.705	164.6	823.0	0.3333333333333333
37458	213	0	5	0.525	131.8	659.0	0.6666666666666666
37459	148	0	5	0.3625	146.0	730.0	0.3333333333333333
37460	364	0	5	0.9025	242.0	1210.0	0.6666666666666666
37461	127	0	5	0.31	125.0	625.0	0.0
37462	225	0	5	0.555	142.4	712.0	0.6666666666666666
37463	189	0	5	0.465	134.2	671.0	0.3333333333333333
37464	319	0	5	0.79	197.0	985.0	0.3333333333333333
37465	7	0	5	0.01	2.6	13.0	0.3333333333333333
37466	107	0	5	0.26	84.6	423.0	0.0
37467	334	0	5	0.8275	160.4	802.0	0.6666666666666666
37468	59	1	4	0.145	43.4	217.0	1.0
37469	400	0	5	0.9925	205.2	1026.0	0.6666666666666666
37470	366	0	5	0.9075	100.8	504.0	0.6666666666666666
37471	298	0	5	0.7375	243.8	1219.0	0.3333333333333333
37472	273	0	5	0.675	135.4	677.0	0.3333333333333333
37473	324	0	5	0.8025	214.6	1073.0	0.3333333333333333
37474	76	0	5	0.1825	63.6	318.0	0.3333333333333333
37475	220	0	5	0.5425	155.4	777.0	0.0
37476	180	0	5	0.4425	64.4	322.0	0.3333333333333333
37477	249	0	5	0.615	132.8	664.0	0.6666666666666666
37478	50	0	5	0.1175	47.8	239.0	0.0
37479	82	0	5	0.1975	52.0	260.0	0.0
37480	100	0	5	0.2425	98.0	490.0	0.0
37481	203	0	5	0.5	152.6	763.0	0.0
37482	338	0	5	0.8375	216.8	1084.0	0.6666666666666666
37483	211	0	5	0.52	122.2	611.0	0.3333333333333333
37484	336	0	5	0.8325	190.0	950.0	0.6666666666666666
37485	186	0	5	0.4575	171.2	856.0	0.6666666666666666
37486	210	0	5	0.5175	42.2	211.0	0.3333333333333333
37487	372	0	5	0.9225	116.8	584.0	0.6666666666666666
37488	240	0	5	0.5925	130.6	653.0	0.3333333333333333
37489	80	0	5	0.1925	78.0	390.0	0.0
37490	328	0	5	0.8125	322.0	1610.0	0.0
37491	76	0	5	0.1825	74.0	370.0	0.0
37492	89	0	5	0.215	54.2	271.0	0.3333333333333333
37493	86	0	5	0.2075	70.8	354.0	0.0
37494	158	0	5	0.3875	70.4	352.0	0.6666666666666666
37495	173	0	5	0.425	108.4	542.0	0.3333333333333333
37496	346	0	5	0.8575	198.0	990.0	0.6666666666666666
37497	381	0	5	0.945	155.0	775.0	0.3333333333333333
37498	221	0	5	0.545	112.0	560.0	0.3333333333333333
37499	312	0	5	0.7725	250.8	1254.0	0.3333333333333333
37500	175	0	5	0.43	97.8	489.0	0.6666666666666666
37501	388	0	5	0.9625	120.8	604.0	0.6666666666666666
37502	165	0	5	0.405	130.6	653.0	0.6666666666666666
37503	345	0	5	0.855	153.4	767.0	0.6666666666666666
37504	344	0	5	0.8525	184.6	923.0	0.6666666666666666
37505	150	0	5	0.3675	99.4	497.0	0.3333333333333333
37506	393	0	5	0.975	194.8	974.0	0.6666666666666666
37507	86	0	5	0.2075	63.6	318.0	0.3333333333333333
37508	145	0	5	0.355	122.6	613.0	0.3333333333333333
37509	63	0	5	0.15	33.6	168.0	0.3333333333333333
37510	163	0	5	0.4	161.0	805.0	0.0
37511	120	0	5	0.2925	118.0	590.0	0.0
37512	236	0	5	0.5825	123.6	618.0	0.3333333333333333
37513	9	0	5	0.015	7.0	35.0	0.0
37514	327	0	5	0.81	261.8	1309.0	0.6666666666666666
37515	126	0	5	0.3075	112.8	564.0	0.0
37516	128	0	5	0.3125	73.0	365.0	0.6666666666666666
37517	154	0	5	0.3775	84.8	424.0	0.6666666666666666
37518	43	0	5	0.1	41.0	205.0	0.0
37519	61	0	5	0.145	59.0	295.0	0.0
37520	26	0	5	0.0575	24.0	120.0	0.0
37521	293	0	5	0.725	228.2	1141.0	0.3333333333333333
37522	374	0	5	0.9275	233.6	1168.0	0.6666666666666666
37523	344	0	5	0.8525	122.4	612.0	0.6666666666666666
37524	120	0	5	0.2925	108.6	543.0	0.3333333333333333
37525	8	0	5	0.0125	6.0	30.0	0.0
37526	400	0	5	0.9925	209.2	1046.0	0.6666666666666666
37527	203	0	5	0.5	88.8	444.0	0.3333333333333333
37528	270	0	5	0.6675	122.0	610.0	0.6666666666666666
37529	145	0	5	0.355	45.0	225.0	0.3333333333333333
37530	312	0	5	0.7725	166.0	830.0	0.6666666666666666
37531	215	0	5	0.53	186.2	931.0	0.3333333333333333
37532	215	0	5	0.53	186.6	933.0	0.3333333333333333
37533	37	0	5	0.085	35.0	175.0	0.0
37534	389	0	5	0.965	117.6	588.0	0.6666666666666666
37535	116	0	5	0.2825	35.6	178.0	0.6666666666666666
37536	281	0	5	0.695	252.2	1261.0	0.3333333333333333
37537	176	0	5	0.4325	170.8	854.0	0.0
37538	104	0	5	0.2525	70.0	350.0	0.0
37539	80	0	5	0.1925	78.0	390.0	0.0
37540	250	0	5	0.6175	88.0	440.0	0.3333333333333333
37541	306	0	5	0.7575	247.6	1238.0	0.3333333333333333
37542	82	0	5	0.1975	44.0	220.0	0.3333333333333333
37543	70	0	5	0.1675	60.4	302.0	0.3333333333333333
37544	62	0	5	0.1475	53.6	268.0	0.0
37545	397	0	5	0.985	295.0	1475.0	0.6666666666666666
37546	362	1	4	0.9025	164.8	824.0	1.0
37547	52	0	5	0.1225	44.4	222.0	0.3333333333333333
37548	169	0	5	0.415	139.8	699.0	0.0
37549	46	0	5	0.1075	11.2	56.0	0.3333333333333333
37550	367	0	5	0.91	131.8	659.0	0.6666666666666666
37551	287	0	5	0.71	147.4	737.0	0.6666666666666666
37552	284	0	5	0.7025	138.0	690.0	0.6666666666666666
37553	292	1	4	0.7275	103.2	516.0	1.0
37554	18	0	5	0.0375	16.0	80.0	0.0
37555	399	0	5	0.99	181.4	907.0	0.6666666666666666
37556	290	0	5	0.7175	205.8	1029.0	0.6666666666666666
37557	339	0	5	0.84	150.6	753.0	0.6666666666666666
37558	84	0	5	0.2025	55.6	278.0	0.3333333333333333
37559	272	0	5	0.6725	235.6	1178.0	0.0
37560	367	0	5	0.91	143.4	717.0	0.3333333333333333
37561	212	0	5	0.5225	160.4	802.0	0.3333333333333333
37562	87	0	5	0.21	65.8	329.0	0.3333333333333333
37563	131	1	4	0.325	64.6	323.0	1.0
37564	322	0	5	0.7975	233.8	1169.0	0.6666666666666666
37565	279	0	5	0.69	166.0	830.0	0.3333333333333333
37566	337	0	5	0.835	177.8	889.0	0.3333333333333333
37567	84	0	5	0.2025	82.0	410.0	0.0
37568	278	0	5	0.6875	144.6	723.0	0.6666666666666666
37569	67	0	5	0.16	41.6	208.0	0.3333333333333333
37570	265	1	4	0.66	205.0	1025.0	1.0
37571	189	0	5	0.465	43.0	215.0	0.3333333333333333
37572	329	1	4	0.82	113.0	565.0	1.0
37573	158	0	5	0.3875	156.0	780.0	0.0
37574	249	0	5	0.615	237.0	1185.0	0.3333333333333333
37575	144	0	5	0.3525	142.0	710.0	0.0
37576	153	0	5	0.375	92.8	464.0	0.3333333333333333
37577	212	0	5	0.5225	105.2	526.0	0.6666666666666666
37578	98	0	5	0.2375	65.0	325.0	0.3333333333333333
37579	260	0	5	0.6425	183.2	916.0	0.3333333333333333
37580	118	0	5	0.2875	71.0	355.0	0.0
37581	381	0	5	0.945	141.0	705.0	0.6666666666666666
37582	297	0	5	0.735	233.4	1167.0	0.3333333333333333
37583	177	0	5	0.435	35.2	176.0	0.6666666666666666
37584	206	0	5	0.5075	79.2	396.0	0.0
37585	76	0	5	0.1825	69.6	348.0	0.0
37586	361	0	5	0.895	310.4	1552.0	0.3333333333333333
37587	61	0	5	0.145	51.8	259.0	0.3333333333333333
37588	181	0	5	0.445	142.2	711.0	0.6666666666666666
37589	3	0	5	0.0025	0.8	4.0	0.0
37590	99	0	5	0.24	94.8	474.0	0.0
37591	256	0	5	0.6325	57.2	286.0	0.3333333333333333
37592	2	0	5	0.0	0.0	0.0	0.0
37593	72	0	5	0.1725	66.0	330.0	0.0
37594	259	0	5	0.64	219.6	1098.0	0.3333333333333333
37595	202	0	5	0.4975	81.8	409.0	0.0
37596	224	1	4	0.5575	159.8	799.0	1.0
37597	239	0	5	0.59	145.0	725.0	0.3333333333333333
37598	275	0	5	0.68	238.2	1191.0	0.6666666666666666
37599	389	0	5	0.965	178.6	893.0	0.6666666666666666
37600	210	0	5	0.5175	121.6	608.0	0.6666666666666666
37601	207	0	5	0.51	112.0	560.0	0.6666666666666666
37602	142	0	5	0.3475	140.0	700.0	0.0
37603	187	0	5	0.46	113.4	567.0	0.3333333333333333
37604	37	0	5	0.085	35.0	175.0	0.0
37605	140	0	5	0.3425	77.0	385.0	0.3333333333333333
37606	106	0	5	0.2575	89.2	446.0	0.3333333333333333
37607	305	0	5	0.755	162.2	811.0	0.3333333333333333
37608	31	0	5	0.07	26.6	133.0	0.0
37609	102	0	5	0.2475	99.8	499.0	0.3333333333333333
37610	276	0	5	0.6825	141.2	706.0	0.6666666666666666
37611	277	0	5	0.685	109.0	545.0	0.6666666666666666
37612	59	0	5	0.14	25.2	126.0	0.3333333333333333
37613	85	0	5	0.205	80.4	402.0	0.3333333333333333
37614	247	0	5	0.61	191.4	957.0	0.0
37615	301	0	5	0.745	157.4	787.0	0.6666666666666666
37616	100	0	5	0.2425	95.4	477.0	0.0
37617	277	1	4	0.69	82.6	413.0	1.0
37618	188	0	5	0.4625	59.6	298.0	0.6666666666666666
37619	167	0	5	0.41	165.0	825.0	0.0
37620	132	0	5	0.3225	130.0	650.0	0.0
37621	140	0	5	0.3425	85.2	426.0	0.3333333333333333
37622	214	0	5	0.5275	192.4	962.0	0.3333333333333333
37623	336	0	5	0.8325	117.6	588.0	0.3333333333333333
37624	45	0	5	0.105	37.0	185.0	0.0
37625	229	0	5	0.565	207.0	1035.0	0.3333333333333333
37626	388	0	5	0.9625	212.6	1063.0	0.6666666666666666
37627	281	0	5	0.695	117.2	586.0	0.3333333333333333
37628	8	0	5	0.0125	6.0	30.0	0.0
37629	137	0	5	0.335	28.6	143.0	0.3333333333333333
37630	229	0	5	0.565	161.4	807.0	0.3333333333333333
37631	251	0	5	0.62	184.6	923.0	0.3333333333333333
37632	207	0	5	0.51	140.2	701.0	0.3333333333333333
37633	89	0	5	0.215	87.0	435.0	0.0
37634	307	0	5	0.76	192.0	960.0	0.6666666666666666
37635	112	0	5	0.2725	73.6	368.0	0.3333333333333333
37636	115	0	5	0.28	37.0	185.0	0.3333333333333333
37637	145	0	5	0.355	79.4	397.0	0.6666666666666666
37638	327	0	5	0.81	169.8	849.0	0.3333333333333333
37639	251	0	5	0.62	173.8	869.0	0.0
37640	110	0	5	0.2675	61.6	308.0	0.0
37641	381	1	4	0.95	256.8	1284.0	1.0
37642	185	0	5	0.455	80.2	401.0	0.0
37643	299	0	5	0.74	217.0	1085.0	0.3333333333333333
37644	126	0	5	0.3075	57.2	286.0	0.0
37645	121	0	5	0.295	65.6	328.0	0.6666666666666666
37646	391	0	5	0.97	192.2	961.0	0.6666666666666666
37647	176	0	5	0.4325	135.8	679.0	0.3333333333333333
37648	389	0	5	0.965	226.4	1132.0	0.6666666666666666
37649	249	0	5	0.615	89.0	445.0	0.6666666666666666
37650	346	0	5	0.8575	173.0	865.0	0.6666666666666666
37651	35	0	5	0.08	17.8	89.0	0.3333333333333333
37652	281	0	5	0.695	162.0	810.0	0.3333333333333333
37653	330	1	4	0.8225	150.4	752.0	1.0
37654	384	0	5	0.9525	110.0	550.0	0.6666666666666666
37655	64	0	5	0.1525	34.0	170.0	0.3333333333333333
37656	145	0	5	0.355	69.4	347.0	0.6666666666666666
37657	355	0	5	0.88	145.0	725.0	0.6666666666666666
37658	178	0	5	0.4375	38.4	192.0	0.0
37659	69	0	5	0.165	67.0	335.0	0.0
37660	393	0	5	0.975	216.6	1083.0	0.6666666666666666
37661	389	0	5	0.965	280.6	1403.0	0.6666666666666666
37662	129	0	5	0.315	123.8	619.0	0.3333333333333333
37663	56	0	5	0.1325	54.0	270.0	0.0
37664	297	0	5	0.735	59.6	298.0	0.0
37665	74	0	5	0.1775	30.6	153.0	0.0
37666	185	0	5	0.455	117.6	588.0	0.3333333333333333
37667	335	1	4	0.835	282.2	1411.0	1.0
37668	161	0	5	0.395	159.0	795.0	0.0
37669	299	0	5	0.74	183.4	917.0	0.6666666666666666
37670	148	0	5	0.3625	123.2	616.0	0.3333333333333333
37671	198	0	5	0.4875	83.0	415.0	0.3333333333333333
37672	373	0	5	0.925	175.8	879.0	0.6666666666666666
37673	118	0	5	0.2875	99.6	498.0	0.3333333333333333
37674	133	0	5	0.325	131.0	655.0	0.0
37675	210	1	4	0.5225	67.6	338.0	1.0
37676	134	0	5	0.3275	132.0	660.0	0.0
37677	356	1	4	0.8875	88.0	440.0	1.0
37678	214	0	5	0.5275	101.8	509.0	0.6666666666666666
37679	193	0	5	0.475	94.4	472.0	0.3333333333333333
37680	37	0	5	0.085	24.2	121.0	0.3333333333333333
37681	211	0	5	0.52	200.6	1003.0	0.0
37682	233	0	5	0.575	100.2	501.0	0.6666666666666666
37683	245	0	5	0.605	120.4	602.0	0.6666666666666666
37684	223	0	5	0.55	195.4	977.0	0.3333333333333333
37685	299	0	5	0.74	203.0	1015.0	0.3333333333333333
37686	299	0	5	0.74	242.2	1211.0	0.6666666666666666
37687	110	0	5	0.2675	108.0	540.0	0.0
37688	234	0	5	0.5775	139.2	696.0	0.6666666666666666
37689	217	0	5	0.535	168.2	841.0	0.3333333333333333
37690	58	0	5	0.1375	56.0	280.0	0.0
37691	307	0	5	0.76	253.0	1265.0	0.6666666666666666
37692	268	0	5	0.6625	118.2	591.0	0.3333333333333333
37693	228	1	4	0.5675	147.2	736.0	1.0
37694	281	0	5	0.695	189.8	949.0	0.3333333333333333
37695	153	1	4	0.38	132.4	662.0	1.0
37696	52	0	5	0.1225	50.0	250.0	0.0
37697	100	0	5	0.2425	98.0	490.0	0.0
37698	87	0	5	0.21	58.6	293.0	0.3333333333333333
37699	308	0	5	0.7625	196.4	982.0	0.6666666666666666
37700	260	1	4	0.6475	53.6	268.0	1.0
37701	86	0	5	0.2075	49.8	249.0	0.3333333333333333
37702	96	0	5	0.2325	62.8	314.0	0.0
37703	85	0	5	0.205	83.0	415.0	0.0
37704	216	0	5	0.5325	93.4	467.0	0.3333333333333333
37705	278	0	5	0.6875	207.2	1036.0	0.6666666666666666
37706	251	0	5	0.62	105.2	526.0	0.3333333333333333
37707	107	0	5	0.26	105.0	525.0	0.0
37708	69	0	5	0.165	58.6	293.0	0.0
37709	256	0	5	0.6325	165.2	826.0	0.3333333333333333
37710	238	1	4	0.5925	166.4	832.0	1.0
37711	216	0	5	0.5325	81.6	408.0	0.6666666666666666
37712	276	1	4	0.6875	95.2	476.0	1.0
37713	232	0	5	0.5725	61.2	306.0	0.0
37714	267	0	5	0.66	215.8	1079.0	0.3333333333333333
37715	160	0	5	0.3925	154.8	774.0	0.3333333333333333
37716	354	0	5	0.8775	181.6	908.0	0.6666666666666666
37717	353	0	5	0.875	284.4	1422.0	0.3333333333333333
37718	204	0	5	0.5025	138.8	694.0	0.6666666666666666
37719	164	1	4	0.4075	106.4	532.0	1.0
37720	102	0	5	0.2475	52.0	260.0	0.3333333333333333
37721	396	1	4	0.9875	262.2	1311.0	1.0
37722	75	0	5	0.18	50.2	251.0	0.0
37723	194	1	4	0.4825	163.0	815.0	1.0
37724	366	0	5	0.9075	333.8	1669.0	0.3333333333333333
37725	88	0	5	0.2125	86.0	430.0	0.0
37726	353	0	5	0.875	163.4	817.0	0.3333333333333333
37727	328	0	5	0.8125	252.6	1263.0	0.3333333333333333
37728	85	0	5	0.205	44.8	224.0	0.3333333333333333
37729	86	0	5	0.2075	51.6	258.0	0.3333333333333333
37730	83	0	5	0.2	81.0	405.0	0.0
37731	326	0	5	0.8075	229.0	1145.0	0.6666666666666666
37732	362	0	5	0.8975	158.8	794.0	0.3333333333333333
37733	369	0	5	0.915	109.8	549.0	0.6666666666666666
37734	43	0	5	0.1	41.0	205.0	0.0
37735	235	1	4	0.585	82.6	413.0	1.0
37736	111	0	5	0.27	50.6	253.0	0.3333333333333333
37737	385	1	4	0.96	247.4	1237.0	1.0
37738	32	0	5	0.0725	18.8	94.0	0.3333333333333333
37739	328	0	5	0.8125	77.2	386.0	0.6666666666666666
37740	333	0	5	0.825	266.2	1331.0	0.0
37741	183	0	5	0.45	75.6	378.0	0.3333333333333333
37742	348	0	5	0.8625	79.4	397.0	0.6666666666666666
37743	333	1	4	0.83	145.0	725.0	1.0
37744	226	0	5	0.5575	70.4	352.0	0.3333333333333333
37745	192	0	5	0.4725	129.2	646.0	0.3333333333333333
37746	162	0	5	0.3975	78.2	391.0	0.3333333333333333
37747	331	0	5	0.82	250.8	1254.0	0.3333333333333333
37748	233	0	5	0.575	192.0	960.0	0.3333333333333333
37749	284	0	5	0.7025	168.0	840.0	0.6666666666666666
37750	207	0	5	0.51	115.8	579.0	0.6666666666666666
37751	321	0	5	0.795	216.0	1080.0	0.6666666666666666
37752	174	0	5	0.4275	92.8	464.0	0.6666666666666666
37753	143	0	5	0.35	91.0	455.0	0.3333333333333333
37754	242	0	5	0.5975	166.4	832.0	0.3333333333333333
37755	293	0	5	0.725	212.2	1061.0	0.3333333333333333
37756	34	0	5	0.0775	19.2	96.0	0.0
37757	230	1	4	0.5725	136.8	684.0	1.0
37758	131	0	5	0.32	129.0	645.0	0.0
37759	364	0	5	0.9025	126.0	630.0	0.3333333333333333
37760	238	0	5	0.5875	148.8	744.0	0.6666666666666666
37761	139	0	5	0.34	122.4	612.0	0.3333333333333333
37762	301	0	5	0.745	247.2	1236.0	0.3333333333333333
37763	67	0	5	0.16	59.4	297.0	0.0
37764	26	0	5	0.0575	24.0	120.0	0.0
37765	306	0	5	0.7575	253.0	1265.0	0.6666666666666666
37766	165	0	5	0.405	163.0	815.0	0.0
37767	56	0	5	0.1325	41.6	208.0	0.3333333333333333
37768	51	0	5	0.12	34.6	173.0	0.0
37769	333	1	4	0.83	126.6	633.0	1.0
37770	15	0	5	0.03	13.0	65.0	0.0
37771	118	0	5	0.2875	96.0	480.0	0.3333333333333333
37772	178	1	4	0.4425	108.2	541.0	1.0
37773	110	0	5	0.2675	89.0	445.0	0.0
37774	119	0	5	0.29	117.0	585.0	0.0
37775	183	0	5	0.45	69.8	349.0	0.3333333333333333
37776	236	0	5	0.5825	93.2	466.0	0.3333333333333333
37777	143	0	5	0.35	123.0	615.0	0.0
37778	258	0	5	0.6375	138.8	694.0	0.6666666666666666
37779	90	0	5	0.2175	75.4	377.0	0.0
37780	385	1	4	0.96	211.4	1057.0	1.0
37781	155	1	3	0.385	111.6	558.0	1.0
37782	141	0	5	0.345	110.2	551.0	0.3333333333333333
37783	154	0	5	0.3775	39.2	196.0	0.3333333333333333
37784	208	0	5	0.5125	132.8	664.0	0.6666666666666666
37785	343	1	4	0.855	159.6	798.0	1.0
37786	229	0	5	0.565	158.2	791.0	0.6666666666666666
37787	277	0	5	0.685	196.2	981.0	0.6666666666666666
37788	292	0	5	0.7225	179.0	895.0	0.3333333333333333
37789	342	1	4	0.8525	158.4	792.0	1.0
37790	392	0	5	0.9725	152.8	764.0	0.6666666666666666
37791	396	0	5	0.9825	348.4	1742.0	0.6666666666666666
37792	313	0	5	0.775	174.4	872.0	0.6666666666666666
37793	280	0	5	0.6925	101.2	506.0	0.6666666666666666
37794	134	0	5	0.3275	59.4	297.0	0.6666666666666666
37795	37	0	5	0.085	29.8	149.0	0.0
37796	396	0	5	0.9825	266.0	1330.0	0.6666666666666666
37797	264	1	4	0.6575	199.0	995.0	1.0
37798	245	0	5	0.605	178.6	893.0	0.3333333333333333
37799	328	0	5	0.8125	113.2	566.0	0.3333333333333333
37800	283	0	5	0.7	56.6	283.0	0.3333333333333333
37801	314	0	5	0.7775	192.4	962.0	0.6666666666666666
37802	18	0	5	0.0375	16.0	80.0	0.0
37803	351	0	5	0.87	243.6	1218.0	0.6666666666666666
37804	154	0	5	0.3775	105.2	526.0	0.3333333333333333
37805	171	0	5	0.42	113.0	565.0	0.3333333333333333
37806	328	0	5	0.8125	268.0	1340.0	0.6666666666666666
37807	228	0	5	0.5625	86.8	434.0	0.3333333333333333
37808	361	0	5	0.895	92.2	461.0	0.6666666666666666
37809	85	0	5	0.205	51.2	256.0	0.6666666666666666
37810	88	0	5	0.2125	54.4	272.0	0.3333333333333333
37811	234	0	5	0.5775	154.8	774.0	0.6666666666666666
37812	184	0	5	0.4525	95.2	476.0	0.3333333333333333
37813	97	0	5	0.235	76.8	384.0	0.0
37814	377	1	4	0.94	242.6	1213.0	1.0
37815	174	0	5	0.4275	146.4	732.0	0.3333333333333333
37816	157	0	5	0.385	153.4	767.0	0.0
37817	282	0	5	0.6975	148.8	744.0	0.6666666666666666
37818	213	1	4	0.53	93.2	466.0	1.0
37819	236	0	5	0.5825	136.8	684.0	0.3333333333333333
37820	241	0	5	0.595	224.6	1123.0	0.0
37821	303	0	5	0.75	224.4	1122.0	0.6666666666666666
37822	190	0	5	0.4675	146.4	732.0	0.3333333333333333
37823	225	1	4	0.56	103.4	517.0	1.0
37824	246	0	5	0.6075	55.6	278.0	0.3333333333333333
37825	398	0	5	0.9875	260.6	1303.0	0.6666666666666666
37826	125	0	5	0.305	63.4	317.0	0.3333333333333333
37827	311	0	5	0.77	158.6	793.0	0.6666666666666666
37828	227	0	5	0.56	179.2	896.0	0.3333333333333333
37829	277	1	3	0.69	163.6	818.0	1.0
37830	213	1	4	0.53	101.8	509.0	1.0
37831	121	0	5	0.295	81.0	405.0	0.3333333333333333
37832	385	0	5	0.955	138.2	691.0	0.6666666666666666
37833	299	0	5	0.74	97.6	488.0	0.6666666666666666
37834	116	0	5	0.2825	114.0	570.0	0.0
37835	136	0	5	0.3325	67.6	338.0	0.3333333333333333
37836	255	0	5	0.63	213.8	1069.0	0.6666666666666666
37837	324	0	5	0.8025	130.4	652.0	0.3333333333333333
37838	64	0	5	0.1525	53.6	268.0	0.3333333333333333
37839	332	0	5	0.8225	154.8	774.0	0.0
37840	313	0	5	0.775	158.6	793.0	0.3333333333333333
37841	151	0	5	0.37	148.0	740.0	0.3333333333333333
37842	307	0	5	0.76	82.2	411.0	0.6666666666666666
37843	25	0	5	0.055	18.2	91.0	0.0
37844	93	0	5	0.225	86.2	431.0	0.6666666666666666
37845	359	0	5	0.89	191.4	957.0	0.6666666666666666
37846	139	0	5	0.34	112.2	561.0	0.0
37847	401	0	5	0.995	199.0	995.0	0.6666666666666666
37848	272	0	5	0.6725	265.2	1326.0	0.3333333333333333
37849	113	0	5	0.275	95.4	477.0	0.0
37850	174	0	5	0.4275	150.0	750.0	0.3333333333333333
37851	89	0	5	0.215	87.0	435.0	0.0
37852	287	0	5	0.71	137.8	689.0	0.3333333333333333
37853	85	0	5	0.205	71.2	356.0	0.0
37854	238	0	5	0.5875	186.2	931.0	0.3333333333333333
37855	10	0	5	0.0175	8.0	40.0	0.0
37856	10	0	5	0.0175	8.0	40.0	0.0
37857	358	0	5	0.8875	83.2	416.0	0.3333333333333333
37858	305	1	4	0.76	146.4	732.0	1.0
37859	200	0	5	0.4925	107.2	536.0	0.6666666666666666
37860	290	0	5	0.7175	83.8	419.0	0.3333333333333333
37861	286	1	4	0.7125	256.6	1283.0	1.0
37862	123	0	5	0.3	51.4	257.0	0.3333333333333333
37863	179	0	5	0.44	173.8	869.0	0.0
37864	198	0	5	0.4875	95.2	476.0	0.3333333333333333
37865	362	0	5	0.8975	137.2	686.0	0.3333333333333333
37866	74	0	5	0.1775	50.0	250.0	0.0
37867	328	0	5	0.8125	280.6	1403.0	0.6666666666666666
37868	202	0	5	0.4975	132.0	660.0	0.6666666666666666
37869	288	0	5	0.7125	129.2	646.0	0.3333333333333333
37870	151	0	5	0.37	131.8	659.0	0.0
37871	303	0	5	0.75	62.6	313.0	0.6666666666666666
37872	327	0	5	0.81	202.2	1011.0	0.3333333333333333
37873	47	0	5	0.11	45.0	225.0	0.0
37874	73	0	5	0.175	56.0	280.0	0.0
37875	236	0	5	0.5825	75.6	378.0	0.6666666666666666
37876	2	0	5	0.0	0.0	0.0	0.0
37877	56	0	5	0.1325	54.0	270.0	0.0
37878	157	0	5	0.385	115.0	575.0	0.3333333333333333
37879	278	0	5	0.6875	206.0	1030.0	0.6666666666666666
37880	363	1	4	0.905	203.8	1019.0	1.0
37881	374	0	5	0.9275	187.2	936.0	0.6666666666666666
37882	312	0	5	0.7725	215.2	1076.0	0.0
37883	120	0	5	0.2925	118.0	590.0	0.3333333333333333
37884	303	1	4	0.755	103.8	519.0	1.0
37885	244	0	5	0.6025	82.0	410.0	0.3333333333333333
37886	141	0	5	0.345	113.0	565.0	0.3333333333333333
37887	71	0	5	0.17	48.2	241.0	0.0
37888	379	0	5	0.94	217.2	1086.0	0.6666666666666666
37889	217	0	5	0.535	152.2	761.0	0.6666666666666666
37890	376	0	5	0.9325	272.8	1364.0	0.6666666666666666
37891	166	0	5	0.4075	71.0	355.0	0.0
37892	246	0	5	0.6075	107.8	539.0	0.6666666666666666
37893	82	0	5	0.1975	63.2	316.0	0.3333333333333333
37894	56	0	5	0.1325	38.8	194.0	0.3333333333333333
37895	29	0	5	0.065	27.0	135.0	0.0
37896	294	1	4	0.7325	114.0	570.0	1.0
37897	350	0	5	0.8675	184.6	923.0	0.6666666666666666
37898	321	0	5	0.795	241.0	1205.0	0.6666666666666666
37899	307	0	5	0.76	136.6	683.0	0.3333333333333333
37900	156	0	5	0.3825	154.0	770.0	0.0
37901	263	0	5	0.65	64.6	323.0	0.6666666666666666
37902	185	0	5	0.455	81.6	408.0	0.3333333333333333
37903	356	0	5	0.8825	175.6	878.0	0.6666666666666666
37904	233	0	5	0.575	133.4	667.0	0.3333333333333333
37905	348	0	5	0.8625	251.2	1256.0	0.6666666666666666
37906	351	0	5	0.87	296.2	1481.0	0.6666666666666666
37907	141	0	5	0.345	94.6	473.0	0.6666666666666666
37908	241	1	4	0.6	86.8	434.0	1.0
37909	175	1	4	0.435	46.6	233.0	1.0
37910	59	0	5	0.14	23.2	116.0	0.0
37911	302	0	5	0.7475	162.4	812.0	0.3333333333333333
37912	137	0	5	0.335	45.4	227.0	0.3333333333333333
37913	83	0	5	0.2	37.4	187.0	0.3333333333333333
37914	253	0	5	0.625	91.4	457.0	0.6666666666666666
37915	360	0	5	0.8925	226.2	1131.0	0.6666666666666666
37916	131	0	5	0.32	129.0	645.0	0.0
37917	129	0	5	0.315	110.4	552.0	0.6666666666666666
37918	164	1	4	0.4075	113.6	568.0	1.0
37919	337	0	5	0.835	188.2	941.0	0.6666666666666666
37920	353	0	5	0.875	182.6	913.0	0.6666666666666666
37921	151	1	4	0.375	133.4	667.0	1.0
37922	360	0	5	0.8925	222.0	1110.0	0.3333333333333333
37923	228	0	5	0.5625	182.0	910.0	0.3333333333333333
37924	321	1	4	0.8	170.4	852.0	1.0
37925	238	0	5	0.5875	149.6	748.0	0.3333333333333333
37926	88	0	5	0.2125	86.0	430.0	0.3333333333333333
37927	373	0	5	0.925	223.4	1117.0	0.6666666666666666
37928	75	0	5	0.18	40.0	200.0	0.3333333333333333
37929	224	0	5	0.5525	107.2	536.0	0.3333333333333333
37930	173	0	5	0.425	87.0	435.0	0.6666666666666666
37931	335	0	5	0.83	99.4	497.0	0.6666666666666666
37932	254	0	5	0.6275	238.0	1190.0	0.6666666666666666
37933	181	0	5	0.445	120.6	603.0	0.3333333333333333
37934	104	0	5	0.2525	77.4	387.0	0.3333333333333333
37935	73	0	5	0.175	57.2	286.0	0.0
37936	174	0	5	0.4275	90.2	451.0	0.6666666666666666
37937	326	0	5	0.8075	132.0	660.0	0.3333333333333333
37938	290	0	5	0.7175	168.2	841.0	0.6666666666666666
37939	102	0	5	0.2475	68.0	340.0	0.0
37940	24	0	5	0.0525	22.0	110.0	0.0
37941	196	0	5	0.4825	130.0	650.0	0.6666666666666666
37942	137	0	5	0.335	120.0	600.0	0.0
37943	164	0	5	0.4025	103.8	519.0	0.6666666666666666
37944	155	0	5	0.38	73.4	367.0	0.3333333333333333
37945	307	0	5	0.76	151.4	757.0	0.6666666666666666
37946	377	0	5	0.935	179.8	899.0	0.6666666666666666
37947	373	0	5	0.925	160.0	800.0	0.6666666666666666
37948	61	0	5	0.145	48.2	241.0	0.0
37949	255	0	5	0.63	113.8	569.0	0.6666666666666666
37950	294	1	4	0.7325	168.0	840.0	1.0
37951	243	0	5	0.6	161.0	805.0	0.6666666666666666
37952	100	0	5	0.2425	65.2	326.0	0.3333333333333333
37953	112	0	5	0.2725	51.4	257.0	0.6666666666666666
37954	125	0	5	0.305	123.0	615.0	0.0
37955	79	0	5	0.19	51.2	256.0	0.3333333333333333
37956	81	0	5	0.195	71.4	357.0	0.0
37957	23	0	5	0.05	21.0	105.0	0.0
37958	96	0	5	0.2325	94.0	470.0	0.0
37959	319	0	5	0.79	288.6	1443.0	0.6666666666666666
37960	342	0	5	0.8475	164.4	822.0	0.6666666666666666
37961	252	0	5	0.6225	196.2	981.0	0.6666666666666666
37962	293	1	4	0.73	167.4	837.0	1.0
37963	45	0	5	0.105	43.0	215.0	0.0
37964	304	0	5	0.7525	177.2	886.0	0.3333333333333333
37965	217	0	5	0.535	119.2	596.0	0.6666666666666666
37966	61	0	5	0.145	59.0	295.0	0.0
37967	98	0	5	0.2375	63.2	316.0	0.3333333333333333
37968	153	0	5	0.375	98.2	491.0	0.3333333333333333
37969	50	0	5	0.1175	48.0	240.0	0.0
37970	291	1	4	0.725	223.8	1119.0	1.0
37971	245	0	5	0.605	195.8	979.0	0.3333333333333333
37972	264	0	5	0.6525	102.0	510.0	0.3333333333333333
37973	345	0	5	0.855	265.8	1329.0	0.3333333333333333
37974	247	1	4	0.615	126.2	631.0	1.0
37975	4	0	5	0.0025	2.0	10.0	0.0
37976	109	0	5	0.265	84.6	423.0	0.0
37977	374	1	4	0.9325	200.4	1002.0	1.0
37978	158	0	5	0.3875	74.4	372.0	0.3333333333333333
37979	207	0	5	0.51	117.8	589.0	0.3333333333333333
37980	159	0	5	0.39	157.0	785.0	0.0
37981	15	0	5	0.03	13.0	65.0	0.0
37982	19	0	5	0.04	13.0	65.0	0.0
37983	367	0	5	0.91	290.2	1451.0	0.3333333333333333
37984	47	0	5	0.11	43.4	217.0	0.3333333333333333
37985	235	0	5	0.58	93.0	465.0	0.3333333333333333
37986	102	0	5	0.2475	90.4	452.0	0.3333333333333333
37987	52	0	5	0.1225	50.0	250.0	0.0
37988	62	0	5	0.1475	60.0	300.0	0.0
37989	48	0	5	0.1125	38.0	190.0	0.3333333333333333
37990	166	0	5	0.4075	109.0	545.0	0.6666666666666666
37991	71	0	5	0.17	60.0	300.0	0.3333333333333333
37992	125	0	5	0.305	114.4	572.0	0.3333333333333333
37993	47	0	5	0.11	45.0	225.0	0.0
37994	193	0	5	0.475	143.0	715.0	0.6666666666666666
37995	123	0	5	0.3	45.0	225.0	0.6666666666666666
37996	209	0	5	0.515	176.0	880.0	0.3333333333333333
37997	76	0	5	0.1825	66.4	332.0	0.0
37998	340	0	5	0.8425	74.8	374.0	0.6666666666666666
37999	332	0	5	0.8225	271.0	1355.0	0.3333333333333333
38000	142	0	5	0.3475	82.8	414.0	0.3333333333333333
38001	232	0	5	0.5725	174.4	872.0	0.3333333333333333
38002	385	0	5	0.955	218.0	1090.0	0.6666666666666666
38003	146	0	5	0.3575	100.8	504.0	0.3333333333333333
38004	249	0	5	0.615	157.6	788.0	0.6666666666666666
38005	342	0	5	0.8475	229.8	1149.0	0.6666666666666666
38006	217	0	5	0.535	123.0	615.0	0.3333333333333333
38007	19	0	5	0.04	17.0	85.0	0.0
38008	185	0	5	0.455	135.2	676.0	0.6666666666666666
38009	344	1	4	0.8575	232.0	1160.0	1.0
38010	53	0	5	0.125	43.8	219.0	0.0
38011	137	0	5	0.335	132.2	661.0	0.3333333333333333
38012	92	0	5	0.2225	37.2	186.0	0.3333333333333333
38013	150	0	5	0.3675	104.2	521.0	0.3333333333333333
38014	226	0	5	0.5575	94.4	472.0	0.6666666666666666
38015	247	0	5	0.61	77.0	385.0	0.3333333333333333
38016	346	0	5	0.8575	265.8	1329.0	0.6666666666666666
38017	63	0	5	0.15	61.0	305.0	0.0
38018	31	0	5	0.07	25.0	125.0	0.3333333333333333
38019	73	0	5	0.175	41.4	207.0	0.6666666666666666
38020	30	0	5	0.0675	28.0	140.0	0.0
38021	276	1	4	0.6875	59.2	296.0	1.0
38022	202	0	5	0.4975	157.8	789.0	0.3333333333333333
38023	330	1	4	0.8225	232.2	1161.0	1.0
38024	140	0	5	0.3425	115.0	575.0	0.3333333333333333
38025	226	0	5	0.5575	97.6	488.0	0.3333333333333333
38026	247	0	5	0.61	163.6	818.0	0.6666666666666666
38027	401	0	5	0.995	155.4	777.0	0.6666666666666666
38028	193	0	5	0.475	101.0	505.0	0.3333333333333333
38029	143	0	5	0.35	134.2	671.0	0.3333333333333333
38030	350	1	4	0.8725	113.2	566.0	1.0
38031	245	0	5	0.605	94.2	471.0	0.3333333333333333
38032	139	0	5	0.34	107.8	539.0	0.3333333333333333
38033	232	0	5	0.5725	126.4	632.0	0.3333333333333333
38034	296	0	5	0.7325	202.8	1014.0	0.6666666666666666
38035	169	0	5	0.415	89.4	447.0	0.6666666666666666
38036	173	0	5	0.425	131.6	658.0	0.3333333333333333
38037	207	0	5	0.51	173.2	866.0	0.3333333333333333
38038	150	0	5	0.3675	99.6	498.0	0.3333333333333333
38039	246	0	5	0.6075	105.8	529.0	0.6666666666666666
38040	201	0	5	0.495	108.6	543.0	0.3333333333333333
38041	324	0	5	0.8025	93.4	467.0	0.6666666666666666
38042	334	0	5	0.8275	162.4	812.0	0.6666666666666666
38043	399	0	5	0.99	159.2	796.0	0.6666666666666666
38044	93	0	5	0.225	70.0	350.0	0.3333333333333333
38045	291	0	5	0.72	226.6	1133.0	0.3333333333333333
38046	316	1	4	0.7875	208.2	1041.0	1.0
38047	215	1	4	0.535	86.2	431.0	1.0
38048	134	0	5	0.3275	132.0	660.0	0.0
38049	398	1	4	0.9925	220.6	1103.0	1.0
38050	285	0	5	0.705	188.0	940.0	0.6666666666666666
38051	70	0	5	0.1675	48.8	244.0	0.3333333333333333
38052	133	1	4	0.33	93.8	469.0	1.0
38053	306	1	4	0.7625	141.2	706.0	1.0
38054	106	0	5	0.2575	63.2	316.0	0.3333333333333333
38055	12	0	5	0.0225	10.0	50.0	0.0
38056	20	0	5	0.0425	18.0	90.0	0.0
38057	103	0	5	0.25	101.0	505.0	0.0
38058	254	0	5	0.6275	158.8	794.0	0.3333333333333333
38059	219	0	5	0.54	130.4	652.0	0.0
38060	276	0	5	0.6825	157.0	785.0	0.0
38061	138	0	5	0.3375	134.8	674.0	0.0
38062	125	1	4	0.31	81.8	409.0	1.0
38063	62	0	5	0.1475	60.0	300.0	0.0
38064	298	0	5	0.7375	217.2	1086.0	0.6666666666666666
38065	187	0	5	0.46	87.6	438.0	0.6666666666666666
38066	171	0	5	0.42	150.8	754.0	0.0
38067	336	0	5	0.8325	207.2	1036.0	0.3333333333333333
38068	120	0	5	0.2925	92.2	461.0	0.3333333333333333
38069	359	0	5	0.89	231.8	1159.0	0.6666666666666666
38070	230	0	5	0.5675	52.8	264.0	0.3333333333333333
38071	75	0	5	0.18	55.0	275.0	0.3333333333333333
38072	118	0	5	0.2875	89.0	445.0	0.3333333333333333
38073	26	0	5	0.0575	24.0	120.0	0.0
38074	80	0	5	0.1925	60.8	304.0	0.3333333333333333
38075	253	0	5	0.625	57.4	287.0	0.6666666666666666
38076	185	0	5	0.455	151.6	758.0	0.3333333333333333
38077	255	0	5	0.63	125.0	625.0	0.3333333333333333
38078	205	0	5	0.505	197.0	985.0	0.3333333333333333
38079	214	1	4	0.5325	174.8	874.0	1.0
38080	289	0	5	0.715	139.2	696.0	0.6666666666666666
38081	62	0	5	0.1475	40.2	201.0	0.3333333333333333
38082	330	1	4	0.8225	226.0	1130.0	1.0
38083	92	0	5	0.2225	45.2	226.0	0.3333333333333333
38084	377	0	5	0.935	294.4	1472.0	0.6666666666666666
38085	220	0	5	0.5425	45.2	226.0	0.3333333333333333
38086	139	0	5	0.34	137.0	685.0	0.3333333333333333
38087	290	0	5	0.7175	117.2	586.0	0.0
38088	209	0	5	0.515	164.6	823.0	0.3333333333333333
38089	205	0	5	0.505	94.4	472.0	0.0
38090	289	0	5	0.715	173.8	869.0	0.6666666666666666
38091	360	0	5	0.8925	147.2	736.0	0.6666666666666666
38092	382	1	4	0.9525	292.4	1462.0	1.0
38093	221	0	5	0.545	219.0	1095.0	0.0
38094	171	0	5	0.42	35.4	177.0	0.3333333333333333
38095	221	0	5	0.545	135.4	677.0	0.3333333333333333
38096	232	0	5	0.5725	221.2	1106.0	0.0
38097	187	0	5	0.46	149.4	747.0	0.3333333333333333
38098	244	0	5	0.6025	153.2	766.0	0.3333333333333333
38099	229	0	5	0.565	170.2	851.0	0.6666666666666666
38100	185	0	5	0.455	102.6	513.0	0.0
38101	2	0	5	0.0	0.0	0.0	0.0
38102	35	0	5	0.08	33.0	165.0	0.0
38103	70	0	5	0.1675	68.0	340.0	0.0
38104	374	0	5	0.9275	275.6	1378.0	0.6666666666666666
38105	64	0	5	0.1525	62.0	310.0	0.0
38106	176	0	5	0.4325	130.8	654.0	0.6666666666666666
38107	110	0	5	0.2675	108.0	540.0	0.0
38108	44	0	5	0.1025	42.0	210.0	0.0
38109	325	0	5	0.805	80.6	403.0	0.3333333333333333
38110	301	0	5	0.745	199.2	996.0	0.6666666666666666
38111	361	0	5	0.895	178.8	894.0	0.3333333333333333
38112	195	0	5	0.48	183.4	917.0	0.0
38113	343	0	5	0.85	205.0	1025.0	0.3333333333333333
38114	339	0	5	0.84	166.6	833.0	0.6666666666666666
38115	47	0	5	0.11	39.0	195.0	0.3333333333333333
38116	138	0	5	0.3375	56.8	284.0	0.3333333333333333
38117	115	0	5	0.28	113.0	565.0	0.0
38118	236	0	5	0.5825	57.2	286.0	0.6666666666666666
38119	7	0	5	0.01	5.0	25.0	0.0
38120	91	0	5	0.22	36.0	180.0	0.3333333333333333
38121	377	0	5	0.935	188.6	943.0	0.6666666666666666
38122	162	0	5	0.3975	155.6	778.0	0.0
38123	263	1	4	0.655	124.0	620.0	1.0
38124	214	0	5	0.5275	88.8	444.0	0.6666666666666666
38125	185	0	5	0.455	149.0	745.0	0.0
38126	142	0	5	0.3475	100.2	501.0	0.6666666666666666
38127	230	1	4	0.5725	134.6	673.0	1.0
38128	309	0	5	0.765	227.4	1137.0	0.3333333333333333
38129	396	1	4	0.9875	284.6	1423.0	1.0
38130	62	0	5	0.1475	48.0	240.0	0.3333333333333333
38131	242	0	5	0.5975	180.0	900.0	0.6666666666666666
38132	332	1	4	0.8275	238.8	1194.0	1.0
38133	242	0	5	0.5975	146.6	733.0	0.3333333333333333
38134	98	0	5	0.2375	86.4	432.0	0.3333333333333333
38135	95	0	5	0.23	93.0	465.0	0.0
38136	34	0	5	0.0775	25.2	126.0	0.3333333333333333
38137	328	0	5	0.8125	243.2	1216.0	0.3333333333333333
38138	299	0	5	0.74	172.0	860.0	0.6666666666666666
38139	50	0	5	0.1175	32.8	164.0	0.6666666666666666
38140	346	0	5	0.8575	292.2	1461.0	0.3333333333333333
38141	335	0	5	0.83	215.8	1079.0	0.6666666666666666
38142	214	0	5	0.5275	130.8	654.0	0.3333333333333333
38143	67	0	5	0.16	47.0	235.0	0.3333333333333333
38144	354	0	5	0.8775	150.8	754.0	0.6666666666666666
38145	243	0	5	0.6	216.2	1081.0	0.3333333333333333
38146	202	0	5	0.4975	125.8	629.0	0.3333333333333333
38147	92	0	5	0.2225	78.0	390.0	0.3333333333333333
38148	24	0	5	0.0525	20.4	102.0	0.3333333333333333
38149	190	0	5	0.4675	146.4	732.0	0.6666666666666666
38150	226	1	4	0.5625	98.8	494.0	1.0
38151	269	0	5	0.665	55.8	279.0	0.6666666666666666
38152	128	0	5	0.3125	123.2	616.0	0.0
38153	56	0	5	0.1325	22.8	114.0	0.3333333333333333
38154	150	0	5	0.3675	63.4	317.0	0.3333333333333333
38155	251	0	5	0.62	214.6	1073.0	0.3333333333333333
38156	191	0	5	0.47	189.0	945.0	0.0
38157	170	0	5	0.4175	80.2	401.0	0.3333333333333333
38158	66	0	5	0.1575	64.0	320.0	0.0
38159	255	0	5	0.63	218.6	1093.0	0.3333333333333333
38160	122	0	5	0.2975	120.0	600.0	0.0
38161	292	0	5	0.7225	250.8	1254.0	0.3333333333333333
38162	153	0	5	0.375	142.2	711.0	0.3333333333333333
38163	229	1	4	0.57	115.4	577.0	1.0
38164	85	0	5	0.205	83.0	415.0	0.0
38165	192	1	4	0.4775	110.8	554.0	1.0
38166	100	0	5	0.2425	60.0	300.0	0.3333333333333333
38167	342	0	5	0.8475	272.0	1360.0	0.3333333333333333
38168	20	0	5	0.0425	18.0	90.0	0.0
38169	263	0	5	0.65	95.6	478.0	0.3333333333333333
38170	162	0	5	0.3975	130.2	651.0	0.0
38171	161	1	4	0.4	127.6	638.0	1.0
38172	116	0	5	0.2825	114.0	570.0	0.0
38173	381	1	4	0.95	129.0	645.0	1.0
38174	177	0	5	0.435	41.4	207.0	0.6666666666666666
38175	380	1	4	0.9475	122.6	613.0	1.0
38176	331	0	5	0.82	114.4	572.0	0.6666666666666666
38177	246	0	5	0.6075	199.8	999.0	0.6666666666666666
38178	267	0	5	0.66	115.0	575.0	0.6666666666666666
38179	94	0	5	0.2275	40.8	204.0	0.3333333333333333
38180	333	0	5	0.825	165.6	828.0	0.6666666666666666
38181	285	0	5	0.705	97.4	487.0	0.3333333333333333
38182	39	0	5	0.09	37.0	185.0	0.0
38183	267	0	5	0.66	210.4	1052.0	0.6666666666666666
38184	132	0	5	0.3225	96.4	482.0	0.3333333333333333
38185	21	0	5	0.045	19.0	95.0	0.0
38186	14	0	5	0.0275	6.0	30.0	0.3333333333333333
38187	26	0	5	0.0575	19.6	98.0	0.3333333333333333
38188	72	0	5	0.1725	56.2	281.0	0.3333333333333333
38189	77	0	5	0.185	75.0	375.0	0.0
38190	247	0	5	0.61	135.4	677.0	0.0
38191	66	0	5	0.1575	62.4	312.0	0.0
38192	312	0	5	0.7725	177.0	885.0	0.6666666666666666
38193	244	0	5	0.6025	192.2	961.0	0.0
38194	37	0	5	0.085	32.2	161.0	0.3333333333333333
38195	116	0	5	0.2825	76.8	384.0	0.3333333333333333
38196	2	0	5	0.0	0.0	0.0	0.0
38197	153	0	5	0.375	86.0	430.0	0.3333333333333333
38198	64	0	5	0.1525	50.0	250.0	0.3333333333333333
38199	237	0	5	0.585	233.8	1169.0	0.3333333333333333
38200	97	0	5	0.235	95.0	475.0	0.0
38201	189	0	5	0.465	162.6	813.0	0.0
38202	7	0	5	0.01	5.0	25.0	0.0
38203	349	0	5	0.865	148.2	741.0	0.6666666666666666
38204	97	0	5	0.235	95.0	475.0	0.0
38205	248	0	5	0.6125	238.4	1192.0	0.3333333333333333
38206	45	0	5	0.105	35.0	175.0	0.0
38207	49	0	5	0.115	47.0	235.0	0.0
38208	112	0	5	0.2725	104.0	520.0	0.3333333333333333
38209	229	0	5	0.565	135.0	675.0	0.3333333333333333
38210	207	0	5	0.51	98.8	494.0	0.3333333333333333
38211	60	0	5	0.1425	52.8	264.0	0.3333333333333333
38212	202	0	5	0.4975	149.2	746.0	0.6666666666666666
38213	147	0	5	0.36	46.6	233.0	0.3333333333333333
38214	189	0	5	0.465	107.8	539.0	0.3333333333333333
38215	149	0	5	0.365	31.8	159.0	0.3333333333333333
38216	49	0	5	0.115	30.8	154.0	0.0
38217	283	0	5	0.7	231.8	1159.0	0.3333333333333333
38218	35	0	5	0.08	27.0	135.0	0.3333333333333333
38219	398	0	5	0.9875	150.8	754.0	0.6666666666666666
38220	372	0	5	0.9225	268.0	1340.0	0.3333333333333333
38221	331	0	5	0.82	168.6	843.0	0.3333333333333333
38222	339	0	5	0.84	195.0	975.0	0.3333333333333333
38223	150	0	5	0.3675	139.6	698.0	0.3333333333333333
38224	216	0	5	0.5325	166.4	832.0	0.3333333333333333
38225	400	0	5	0.9925	359.6	1798.0	0.6666666666666666
38226	73	0	5	0.175	38.6	193.0	0.3333333333333333
38227	401	0	4	0.9975	160.0	800.0	0.6666666666666666
38228	181	1	4	0.45	145.0	725.0	1.0
38229	313	1	4	0.78	173.4	867.0	1.0
38230	215	0	5	0.53	186.4	932.0	0.6666666666666666
38231	219	0	5	0.54	217.0	1085.0	0.0
38232	88	0	5	0.2125	86.0	430.0	0.0
38233	22	0	5	0.0475	15.2	76.0	0.3333333333333333
38234	231	0	5	0.57	173.8	869.0	0.3333333333333333
38235	336	0	5	0.8325	249.6	1248.0	0.3333333333333333
38236	333	0	5	0.825	215.2	1076.0	0.6666666666666666
38237	330	0	5	0.8175	189.4	947.0	0.6666666666666666
38238	346	0	5	0.8575	130.4	652.0	0.6666666666666666
38239	366	0	5	0.9075	267.2	1336.0	0.3333333333333333
38240	174	0	5	0.4275	61.6	308.0	0.3333333333333333
38241	156	0	5	0.3825	154.0	770.0	0.0
38242	234	0	5	0.5775	227.8	1139.0	0.0
38243	112	0	5	0.2725	56.2	281.0	0.3333333333333333
38244	303	0	5	0.75	172.2	861.0	0.6666666666666666
38245	381	0	5	0.945	194.8	974.0	0.6666666666666666
38246	312	0	5	0.7725	171.2	856.0	0.6666666666666666
38247	101	0	5	0.245	99.0	495.0	0.0
38248	55	0	5	0.13	36.2	181.0	0.0
38249	323	0	5	0.8	211.8	1059.0	0.6666666666666666
38250	131	0	5	0.32	129.0	645.0	0.0
38251	79	0	5	0.19	77.0	385.0	0.0
38252	129	0	5	0.315	89.0	445.0	0.0
38253	290	1	4	0.7225	196.6	983.0	1.0
38254	43	0	5	0.1	41.0	205.0	0.0
38255	80	0	5	0.1925	56.4	282.0	0.0
38256	112	0	5	0.2725	63.6	318.0	0.6666666666666666
38257	210	1	4	0.5225	58.0	290.0	1.0
38258	268	1	4	0.6675	149.4	747.0	1.0
38259	87	0	5	0.21	64.6	323.0	0.3333333333333333
38260	274	0	5	0.6775	248.0	1240.0	0.3333333333333333
38261	170	0	5	0.4175	125.4	627.0	0.3333333333333333
38262	116	0	5	0.2825	112.2	561.0	0.0
38263	177	0	5	0.435	106.6	533.0	0.6666666666666666
38264	32	0	5	0.0725	24.4	122.0	0.3333333333333333
38265	334	0	5	0.8275	121.4	607.0	0.3333333333333333
38266	230	0	5	0.5675	143.2	716.0	0.3333333333333333
38267	139	1	4	0.345	37.4	187.0	1.0
38268	338	0	5	0.8375	137.0	685.0	0.3333333333333333
38269	388	1	4	0.9675	136.0	680.0	1.0
38270	176	0	5	0.4325	171.0	855.0	0.0
38271	81	0	5	0.195	32.8	164.0	0.3333333333333333
38272	36	0	5	0.0825	34.0	170.0	0.0
38273	291	0	5	0.72	224.2	1121.0	0.6666666666666666
38274	332	0	5	0.8225	173.2	866.0	0.6666666666666666
38275	116	0	5	0.2825	80.4	402.0	0.3333333333333333
38276	161	0	5	0.395	107.8	539.0	0.3333333333333333
38277	95	0	5	0.23	58.2	291.0	0.3333333333333333
38278	282	0	5	0.6975	219.2	1096.0	0.6666666666666666
38279	390	1	4	0.9725	239.2	1196.0	1.0
38280	4	0	5	0.0025	2.0	10.0	0.0
38281	210	0	5	0.5175	140.8	704.0	0.3333333333333333
38282	23	0	5	0.05	21.0	105.0	0.0
38283	150	0	5	0.3675	135.6	678.0	0.3333333333333333
38284	84	0	5	0.2025	71.6	358.0	0.3333333333333333
38285	29	0	5	0.065	21.6	108.0	0.3333333333333333
38286	85	0	5	0.205	75.8	379.0	0.3333333333333333
38287	357	1	4	0.89	113.4	567.0	1.0
38288	176	0	5	0.4325	133.4	667.0	0.6666666666666666
38289	182	0	5	0.4475	140.8	704.0	0.6666666666666666
38290	297	0	5	0.735	219.8	1099.0	0.6666666666666666
38291	388	1	4	0.9675	173.2	866.0	1.0
38292	391	0	5	0.97	307.8	1539.0	0.6666666666666666
38293	122	0	5	0.2975	102.4	512.0	0.0
38294	66	0	5	0.1575	59.2	296.0	0.3333333333333333
38295	146	0	5	0.3575	84.4	422.0	0.6666666666666666
38296	135	0	5	0.33	133.0	665.0	0.3333333333333333
38297	320	0	5	0.7925	176.0	880.0	0.3333333333333333
38298	134	0	5	0.3275	78.4	392.0	0.6666666666666666
38299	86	0	5	0.2075	84.0	420.0	0.0
38300	207	0	5	0.51	135.8	679.0	0.3333333333333333
38301	224	0	5	0.5525	105.6	528.0	0.3333333333333333
38302	146	0	5	0.3575	81.0	405.0	0.3333333333333333
38303	358	0	5	0.8875	331.6	1658.0	0.3333333333333333
38304	128	0	5	0.3125	66.8	334.0	0.6666666666666666
38305	392	0	5	0.9725	189.8	949.0	0.6666666666666666
38306	253	0	5	0.625	206.2	1031.0	0.3333333333333333
38307	149	0	5	0.365	59.8	299.0	0.3333333333333333
38308	77	0	5	0.185	75.0	375.0	0.0
38309	160	0	5	0.3925	116.2	581.0	0.3333333333333333
38310	78	0	5	0.1875	35.2	176.0	0.3333333333333333
38311	122	1	4	0.3025	61.8	309.0	1.0
38312	297	0	5	0.735	161.8	809.0	0.6666666666666666
38313	104	0	5	0.2525	93.0	465.0	0.3333333333333333
38314	343	0	5	0.85	268.6	1343.0	0.6666666666666666
38315	153	0	5	0.375	137.4	687.0	0.0
38316	177	0	5	0.435	112.0	560.0	0.3333333333333333
38317	32	0	5	0.0725	30.0	150.0	0.0
38318	251	1	4	0.625	93.8	469.0	1.0
38319	290	0	5	0.7175	173.2	866.0	0.6666666666666666
38320	58	0	5	0.1375	56.0	280.0	0.0
38321	291	0	5	0.72	251.0	1255.0	0.6666666666666666
38322	212	0	5	0.5225	136.4	682.0	0.3333333333333333
38323	221	0	5	0.545	120.6	603.0	0.3333333333333333
38324	254	0	5	0.6275	214.0	1070.0	0.3333333333333333
38325	223	0	5	0.55	123.6	618.0	0.6666666666666666
38326	78	0	5	0.1875	69.6	348.0	0.3333333333333333
38327	325	0	5	0.805	148.6	743.0	0.6666666666666666
38328	234	0	5	0.5775	140.0	700.0	0.3333333333333333
38329	229	0	5	0.565	174.4	872.0	0.3333333333333333
38330	229	0	5	0.565	144.8	724.0	0.3333333333333333
38331	276	0	5	0.6825	119.2	596.0	0.3333333333333333
38332	8	0	5	0.0125	6.0	30.0	0.0
38333	157	0	5	0.385	52.8	264.0	0.3333333333333333
38334	81	0	5	0.195	79.0	395.0	0.0
38335	401	0	5	0.995	118.0	590.0	0.6666666666666666
38336	214	0	5	0.5275	178.8	894.0	0.0
38337	308	0	5	0.7625	206.0	1030.0	0.3333333333333333
38338	367	0	5	0.91	298.4	1492.0	0.6666666666666666
38339	360	0	5	0.8925	93.6	468.0	0.6666666666666666
38340	357	0	5	0.885	154.0	770.0	0.6666666666666666
38341	296	0	5	0.7325	232.4	1162.0	0.3333333333333333
38342	232	0	5	0.5725	63.6	318.0	0.3333333333333333
38343	135	0	5	0.33	121.0	605.0	0.3333333333333333
38344	279	0	5	0.69	181.4	907.0	0.6666666666666666
38345	227	0	5	0.56	78.4	392.0	0.3333333333333333
38346	87	0	5	0.21	43.4	217.0	0.3333333333333333
38347	352	0	5	0.8725	89.8	449.0	0.6666666666666666
38348	366	1	4	0.9125	77.2	386.0	1.0
38349	215	0	5	0.53	158.4	792.0	0.3333333333333333
38350	359	0	5	0.89	199.8	999.0	0.6666666666666666
38351	307	0	5	0.76	268.6	1343.0	0.3333333333333333
38352	170	0	5	0.4175	112.8	564.0	0.3333333333333333
38353	223	0	5	0.55	132.2	661.0	0.3333333333333333
38354	214	0	5	0.5275	178.0	890.0	0.0
38355	101	0	5	0.245	28.6	143.0	0.3333333333333333
38356	220	0	5	0.5425	48.0	240.0	0.3333333333333333
38357	167	0	5	0.41	104.0	520.0	0.3333333333333333
38358	9	0	5	0.015	7.0	35.0	0.0
38359	309	0	5	0.765	161.4	807.0	0.6666666666666666
38360	169	0	5	0.415	167.0	835.0	0.0
38361	359	0	5	0.89	158.2	791.0	0.6666666666666666
38362	143	0	5	0.35	141.0	705.0	0.0
38363	341	0	5	0.845	177.0	885.0	0.3333333333333333
38364	132	0	5	0.3225	128.4	642.0	0.3333333333333333
38365	302	0	5	0.7475	109.2	546.0	0.6666666666666666
38366	11	0	5	0.02	9.0	45.0	0.0
38367	223	0	5	0.55	167.2	836.0	0.3333333333333333
38368	72	0	5	0.1725	41.2	206.0	0.6666666666666666
38369	103	0	5	0.25	65.8	329.0	0.3333333333333333
38370	345	0	5	0.855	245.0	1225.0	0.3333333333333333
38371	99	0	5	0.24	66.4	332.0	0.6666666666666666
38372	303	0	5	0.75	219.8	1099.0	0.3333333333333333
38373	107	0	5	0.26	99.8	499.0	0.0
38374	156	0	5	0.3825	102.2	511.0	0.0
38375	346	0	5	0.8575	213.6	1068.0	0.6666666666666666
38376	285	0	5	0.705	122.2	611.0	0.6666666666666666
38377	358	0	5	0.8875	268.8	1344.0	0.6666666666666666
38378	278	0	5	0.6875	192.0	960.0	0.3333333333333333
38379	270	0	5	0.6675	124.8	624.0	0.6666666666666666
38380	119	1	4	0.295	96.6	483.0	1.0
38381	188	1	4	0.4675	121.6	608.0	1.0
38382	181	0	5	0.445	134.0	670.0	0.3333333333333333
38383	30	0	5	0.0675	28.0	140.0	0.0
38384	114	0	5	0.2775	71.2	356.0	0.3333333333333333
38385	105	0	5	0.255	68.2	341.0	0.0
38386	334	0	5	0.8275	100.0	500.0	0.3333333333333333
38387	158	0	5	0.3875	121.8	609.0	0.3333333333333333
38388	114	0	5	0.2775	101.6	508.0	0.3333333333333333
38389	149	0	5	0.365	118.4	592.0	0.3333333333333333
38390	13	0	5	0.025	9.0	45.0	0.0
38391	4	0	5	0.0025	2.0	10.0	0.0
38392	23	0	5	0.05	21.0	105.0	0.0
38393	348	0	5	0.8625	224.8	1124.0	0.3333333333333333
38394	191	0	5	0.47	84.0	420.0	0.6666666666666666
38395	86	0	5	0.2075	69.6	348.0	0.3333333333333333
38396	54	0	5	0.1275	47.6	238.0	0.0
38397	160	0	5	0.3925	86.0	430.0	0.3333333333333333
38398	189	0	5	0.465	151.0	755.0	0.0
38399	29	0	5	0.065	13.8	69.0	0.3333333333333333
38400	138	0	5	0.3375	136.0	680.0	0.0
38401	236	0	5	0.5825	80.4	402.0	0.3333333333333333
38402	177	0	5	0.435	120.2	601.0	0.3333333333333333
38403	397	0	5	0.985	246.6	1233.0	0.6666666666666666
38404	257	0	5	0.635	122.2	611.0	0.6666666666666666
38405	59	0	5	0.14	52.8	264.0	0.3333333333333333
38406	74	0	5	0.1775	67.2	336.0	0.0
38407	383	1	4	0.955	194.8	974.0	1.0
38408	285	0	5	0.705	234.4	1172.0	0.0
38409	85	0	5	0.205	43.0	215.0	0.3333333333333333
38410	106	0	5	0.2575	56.0	280.0	0.0
38411	262	0	5	0.6475	220.0	1100.0	0.0
38412	61	0	5	0.145	17.4	87.0	0.3333333333333333
38413	171	0	5	0.42	86.8	434.0	0.3333333333333333
38414	51	0	5	0.12	32.8	164.0	0.0
38415	171	0	5	0.42	120.8	604.0	0.3333333333333333
38416	21	0	5	0.045	19.0	95.0	0.0
38417	129	0	5	0.315	51.4	257.0	0.3333333333333333
38418	163	0	5	0.4	35.4	177.0	0.3333333333333333
38419	136	0	5	0.3325	134.0	670.0	0.0
38420	163	0	5	0.4	130.6	653.0	0.3333333333333333
38421	354	0	5	0.8775	81.6	408.0	0.6666666666666666
38422	320	0	5	0.7925	180.4	902.0	0.6666666666666666
38423	216	0	5	0.5325	153.6	768.0	0.6666666666666666
38424	205	0	5	0.505	171.0	855.0	0.3333333333333333
38425	176	0	5	0.4325	141.2	706.0	0.0
38426	256	0	5	0.6325	187.2	936.0	0.3333333333333333
38427	396	1	4	0.9875	222.8	1114.0	1.0
38428	362	1	4	0.9025	263.0	1315.0	1.0
38429	205	0	5	0.505	153.4	767.0	0.0
38430	95	0	5	0.23	65.4	327.0	0.3333333333333333
38431	75	0	5	0.18	57.6	288.0	0.0
38432	167	0	5	0.41	101.4	507.0	0.3333333333333333
38433	192	0	5	0.4725	82.8	414.0	0.3333333333333333
38434	175	0	5	0.43	149.8	749.0	0.3333333333333333
38435	36	0	5	0.0825	31.6	158.0	0.3333333333333333
38436	149	1	4	0.37	42.6	213.0	1.0
38437	59	0	5	0.14	44.2	221.0	0.0
38438	234	0	5	0.5775	89.2	446.0	0.6666666666666666
38439	89	0	5	0.215	75.8	379.0	0.0
38440	245	0	5	0.605	153.4	767.0	0.3333333333333333
38441	276	0	5	0.6825	83.6	418.0	0.6666666666666666
38442	64	0	5	0.1525	57.8	289.0	0.0
38443	279	1	3	0.695	240.4	1202.0	1.0
38444	145	0	5	0.355	127.8	639.0	0.0
38445	64	0	5	0.1525	62.0	310.0	0.0
38446	335	0	5	0.83	252.2	1261.0	0.3333333333333333
38447	170	0	5	0.4175	94.0	470.0	0.6666666666666666
38448	256	0	5	0.6325	219.2	1096.0	0.3333333333333333
38449	222	0	5	0.5475	119.6	598.0	0.6666666666666666
38450	70	0	5	0.1675	68.0	340.0	0.0
38451	130	0	5	0.3175	78.4	392.0	0.3333333333333333
38452	362	0	5	0.8975	246.0	1230.0	0.6666666666666666
38453	9	0	5	0.015	7.0	35.0	0.0
38454	74	0	5	0.1775	51.2	256.0	0.0
38455	37	0	5	0.085	35.0	175.0	0.0
38456	172	0	5	0.4225	80.4	402.0	0.0
38457	267	0	5	0.66	265.0	1325.0	0.0
38458	144	1	3	0.3575	112.6	563.0	1.0
38459	113	0	5	0.275	100.0	500.0	0.3333333333333333
38460	222	0	5	0.5475	170.0	850.0	0.6666666666666666
38461	209	0	5	0.515	80.6	403.0	0.6666666666666666
38462	102	0	5	0.2475	63.6	318.0	0.3333333333333333
38463	239	0	5	0.59	105.8	529.0	0.3333333333333333
38464	344	0	5	0.8525	206.2	1031.0	0.6666666666666666
38465	226	0	5	0.5575	72.4	362.0	0.6666666666666666
38466	316	0	5	0.7825	176.0	880.0	0.3333333333333333
38467	127	0	5	0.31	54.2	271.0	0.0
38468	246	0	5	0.6075	145.6	728.0	0.3333333333333333
38469	36	0	5	0.0825	22.0	110.0	0.3333333333333333
38470	340	1	4	0.8475	291.6	1458.0	1.0
38471	86	0	5	0.2075	76.6	383.0	0.0
38472	9	0	5	0.015	7.0	35.0	0.0
38473	89	0	5	0.215	85.8	429.0	0.3333333333333333
38474	272	0	5	0.6725	208.4	1042.0	0.3333333333333333
38475	177	0	5	0.435	114.4	572.0	0.6666666666666666
38476	375	0	5	0.93	140.0	700.0	0.6666666666666666
38477	62	0	5	0.1475	60.0	300.0	0.0
38478	217	0	5	0.535	171.8	859.0	0.3333333333333333
38479	94	0	5	0.2275	84.8	424.0	0.0
38480	228	0	5	0.5625	172.0	860.0	0.3333333333333333
38481	345	0	5	0.855	307.6	1538.0	0.6666666666666666
38482	112	0	5	0.2725	110.0	550.0	0.3333333333333333
38483	175	0	5	0.43	64.6	323.0	0.3333333333333333
38484	293	1	4	0.73	138.6	693.0	1.0
38485	394	0	5	0.9775	333.6	1668.0	0.6666666666666666
38486	369	0	5	0.915	133.2	666.0	0.6666666666666666
38487	173	0	5	0.425	92.6	463.0	0.6666666666666666
38488	296	1	4	0.7375	132.6	663.0	1.0
38489	182	0	5	0.4475	98.4	492.0	0.3333333333333333
38490	214	0	5	0.5275	105.4	527.0	0.6666666666666666
38491	227	0	5	0.56	198.0	990.0	0.3333333333333333
38492	185	0	5	0.455	153.2	766.0	0.0
38493	102	0	5	0.2475	56.2	281.0	0.3333333333333333
38494	279	0	5	0.69	172.8	864.0	0.0
38495	91	0	5	0.22	48.0	240.0	0.3333333333333333
38496	32	0	5	0.0725	30.0	150.0	0.0
38497	321	0	5	0.795	252.6	1263.0	0.3333333333333333
38498	376	0	5	0.9325	192.0	960.0	0.6666666666666666
38499	214	0	5	0.5275	97.4	487.0	0.6666666666666666
38500	180	0	5	0.4425	72.4	362.0	0.0
38501	27	0	5	0.06	25.0	125.0	0.0
38502	3	0	5	0.0025	0.4	2.0	0.3333333333333333
38503	80	0	5	0.1925	48.8	244.0	0.3333333333333333
38504	164	0	5	0.4025	109.8	549.0	0.3333333333333333
38505	37	0	5	0.085	17.4	87.0	0.3333333333333333
38506	314	0	5	0.7775	215.8	1079.0	0.3333333333333333
38507	116	0	5	0.2825	114.0	570.0	0.0
38508	373	0	5	0.925	183.6	918.0	0.6666666666666666
38509	342	0	5	0.8475	183.6	918.0	0.6666666666666666
38510	395	0	5	0.98	214.2	1071.0	0.6666666666666666
38511	153	0	5	0.375	85.4	427.0	0.0
38512	302	1	4	0.7525	97.2	486.0	1.0
38513	370	0	5	0.9175	203.6	1018.0	0.6666666666666666
38514	112	0	5	0.2725	71.6	358.0	0.3333333333333333
38515	58	0	5	0.1375	56.0	280.0	0.0
38516	375	1	4	0.935	284.2	1421.0	1.0
38517	205	0	5	0.505	147.8	739.0	0.3333333333333333
38518	218	0	5	0.5375	169.6	848.0	0.3333333333333333
38519	259	0	5	0.64	148.4	742.0	0.6666666666666666
38520	160	0	5	0.3925	56.8	284.0	0.0
38521	87	0	5	0.21	85.0	425.0	0.0
38522	332	0	5	0.8225	171.4	857.0	0.6666666666666666
38523	70	0	5	0.1675	59.6	298.0	0.3333333333333333
38524	60	0	5	0.1425	48.0	240.0	0.3333333333333333
38525	75	0	5	0.18	73.0	365.0	0.0
38526	317	0	5	0.785	152.6	763.0	0.3333333333333333
38527	123	0	5	0.3	108.6	543.0	0.6666666666666666
38528	317	0	5	0.785	161.4	807.0	0.6666666666666666
38529	241	0	5	0.595	174.6	873.0	0.3333333333333333
38530	58	0	5	0.1375	56.0	280.0	0.0
38531	161	0	5	0.395	119.8	599.0	0.3333333333333333
38532	151	0	5	0.37	149.0	745.0	0.0
38533	230	0	5	0.5675	190.6	953.0	0.3333333333333333
38534	65	0	5	0.155	41.4	207.0	0.3333333333333333
38535	237	1	4	0.59	53.0	265.0	1.0
38536	240	0	5	0.5925	175.6	878.0	0.3333333333333333
38537	262	0	5	0.6475	174.6	873.0	0.3333333333333333
38538	380	1	4	0.9475	218.4	1092.0	1.0
38539	156	0	5	0.3825	105.2	526.0	0.0
38540	104	0	5	0.2525	90.8	454.0	0.3333333333333333
38541	42	0	5	0.0975	40.0	200.0	0.0
38542	77	0	5	0.185	69.6	348.0	0.0
38543	49	0	5	0.115	25.4	127.0	0.3333333333333333
38544	233	0	5	0.575	209.8	1049.0	0.0
38545	222	0	5	0.5475	220.0	1100.0	0.0
38546	81	0	5	0.195	70.2	351.0	0.0
38547	50	0	5	0.1175	29.6	148.0	0.3333333333333333
38548	23	0	5	0.05	12.6	63.0	0.3333333333333333
38549	387	0	5	0.96	343.0	1715.0	0.6666666666666666
38550	386	0	5	0.9575	226.4	1132.0	0.6666666666666666
38551	71	0	5	0.17	69.0	345.0	0.0
38552	314	0	5	0.7775	124.8	624.0	0.6666666666666666
38553	378	0	5	0.9375	272.8	1364.0	0.3333333333333333
38554	381	0	5	0.945	231.0	1155.0	0.6666666666666666
38555	220	0	5	0.5425	181.6	908.0	0.6666666666666666
38556	213	0	5	0.525	91.2	456.0	0.0
38557	274	0	5	0.6775	234.0	1170.0	0.0
38558	309	0	5	0.765	185.0	925.0	0.3333333333333333
38559	324	1	4	0.8075	157.2	786.0	1.0
38560	41	0	5	0.095	39.0	195.0	0.0
38561	304	0	5	0.7525	151.8	759.0	0.6666666666666666
38562	224	0	5	0.5525	222.0	1110.0	0.0
38563	49	0	5	0.115	47.0	235.0	0.0
38564	145	0	5	0.355	81.8	409.0	0.3333333333333333
38565	292	0	5	0.7225	117.8	589.0	0.3333333333333333
38566	5	0	5	0.005	3.0	15.0	0.0
38567	150	0	5	0.3675	140.4	702.0	0.6666666666666666
38568	253	0	5	0.625	210.0	1050.0	0.0
38569	281	0	5	0.695	215.0	1075.0	0.3333333333333333
38570	180	0	5	0.4425	133.6	668.0	0.6666666666666666
38571	195	0	5	0.48	119.2	596.0	0.3333333333333333
38572	152	0	5	0.3725	49.2	246.0	0.3333333333333333
38573	238	0	5	0.5875	204.8	1024.0	0.3333333333333333
38574	386	0	5	0.9575	233.4	1167.0	0.6666666666666666
38575	106	0	5	0.2575	71.0	355.0	0.0
38576	93	0	5	0.225	79.0	395.0	0.3333333333333333
38577	304	0	5	0.7525	284.0	1420.0	0.3333333333333333
38578	101	0	5	0.245	99.0	495.0	0.0
38579	146	0	5	0.3575	144.0	720.0	0.0
38580	278	0	5	0.6875	110.2	551.0	0.6666666666666666
38581	138	0	5	0.3375	98.2	491.0	0.3333333333333333
38582	328	0	5	0.8125	195.6	978.0	0.3333333333333333
38583	50	0	5	0.1175	48.0	240.0	0.0
38584	239	0	5	0.59	174.6	873.0	0.3333333333333333
38585	116	0	5	0.2825	58.8	294.0	0.0
38586	169	0	5	0.415	118.4	592.0	0.6666666666666666
38587	333	0	5	0.825	215.8	1079.0	0.6666666666666666
38588	297	0	5	0.735	238.6	1193.0	0.3333333333333333
38589	95	0	5	0.23	83.6	418.0	0.3333333333333333
38590	326	0	5	0.8075	130.2	651.0	0.6666666666666666
38591	324	0	5	0.8025	258.6	1293.0	0.6666666666666666
38592	239	0	5	0.59	143.4	717.0	0.3333333333333333
38593	227	0	5	0.56	116.2	581.0	0.6666666666666666
38594	82	0	5	0.1975	78.8	394.0	0.3333333333333333
38595	154	0	5	0.3775	58.4	292.0	0.3333333333333333
38596	308	0	5	0.7625	245.4	1227.0	0.6666666666666666
38597	309	0	5	0.765	238.2	1191.0	0.3333333333333333
38598	227	0	5	0.56	107.0	535.0	0.3333333333333333
38599	123	0	5	0.3	120.0	600.0	0.3333333333333333
38600	67	0	5	0.16	35.0	175.0	0.0
38601	171	0	5	0.42	76.6	383.0	0.0
38602	343	0	5	0.85	153.8	769.0	0.6666666666666666
38603	297	0	5	0.735	181.0	905.0	0.3333333333333333
38604	40	0	5	0.0925	38.0	190.0	0.0
38605	126	0	5	0.3075	83.8	419.0	0.0
38606	379	1	4	0.945	122.2	611.0	1.0
38607	124	0	5	0.3025	42.0	210.0	0.6666666666666666
38608	362	0	5	0.8975	229.6	1148.0	0.6666666666666666
38609	370	0	5	0.9175	321.2	1606.0	0.0
38610	137	0	5	0.335	125.4	627.0	0.3333333333333333
38611	30	0	5	0.0675	28.0	140.0	0.0
38612	66	0	5	0.1575	48.8	244.0	0.3333333333333333
38613	253	0	5	0.625	169.2	846.0	0.3333333333333333
38614	394	0	5	0.9775	180.4	902.0	0.6666666666666666
38615	203	0	5	0.5	177.0	885.0	0.3333333333333333
38616	351	0	5	0.87	258.2	1291.0	0.6666666666666666
38617	187	0	5	0.46	157.8	789.0	0.3333333333333333
38618	186	0	5	0.4575	177.8	889.0	0.6666666666666666
38619	294	0	5	0.7275	122.8	614.0	0.6666666666666666
38620	107	0	5	0.26	69.0	345.0	0.3333333333333333
38621	356	1	4	0.8875	259.4	1297.0	1.0
38622	72	0	5	0.1725	70.0	350.0	0.0
38623	131	0	5	0.32	129.0	645.0	0.0
38624	48	0	5	0.1125	40.0	200.0	0.3333333333333333
38625	365	1	4	0.91	342.0	1710.0	1.0
38626	200	1	4	0.4975	112.6	563.0	1.0
38627	282	0	5	0.6975	70.4	352.0	0.6666666666666666
38628	31	0	5	0.07	27.6	138.0	0.0
38629	287	0	5	0.71	139.8	699.0	0.6666666666666666
38630	190	0	5	0.4675	145.6	728.0	0.3333333333333333
38631	364	1	4	0.9075	217.4	1087.0	1.0
38632	373	1	4	0.93	261.0	1305.0	1.0
38633	359	0	5	0.89	157.0	785.0	0.3333333333333333
38634	232	0	5	0.5725	47.6	238.0	0.6666666666666666
38635	335	0	5	0.83	182.2	911.0	0.6666666666666666
38636	258	0	5	0.6375	127.0	635.0	0.3333333333333333
38637	345	1	4	0.86	101.0	505.0	1.0
38638	247	0	5	0.61	123.8	619.0	0.0
38639	339	0	5	0.84	287.8	1439.0	0.6666666666666666
38640	216	0	5	0.5325	139.2	696.0	0.3333333333333333
38641	130	0	5	0.3175	107.2	536.0	0.0
38642	240	0	5	0.5925	155.4	777.0	0.0
38643	120	0	5	0.2925	97.6	488.0	0.0
38644	299	0	5	0.74	209.4	1047.0	0.6666666666666666
38645	249	1	4	0.62	119.8	599.0	1.0
38646	77	0	5	0.185	51.4	257.0	0.3333333333333333
38647	201	0	5	0.495	194.8	974.0	0.0
38648	120	0	5	0.2925	78.0	390.0	0.3333333333333333
38649	279	0	5	0.69	93.6	468.0	0.6666666666666666
38650	18	0	5	0.0375	16.0	80.0	0.0
38651	307	0	5	0.76	118.6	593.0	0.6666666666666666
38652	286	0	5	0.7075	175.4	877.0	0.3333333333333333
38653	72	1	4	0.1775	16.8	84.0	1.0
38654	38	0	5	0.0875	36.0	180.0	0.3333333333333333
38655	46	0	5	0.1075	41.6	208.0	0.0
38656	98	0	5	0.2375	85.6	428.0	0.3333333333333333
38657	265	0	5	0.655	140.4	702.0	0.6666666666666666
38658	317	1	4	0.79	146.2	731.0	1.0
38659	18	0	5	0.0375	16.0	80.0	0.0
38660	194	0	5	0.4775	105.6	528.0	0.6666666666666666
38661	125	0	5	0.305	35.2	176.0	0.3333333333333333
38662	223	0	5	0.55	111.4	557.0	0.3333333333333333
38663	122	0	5	0.2975	116.4	582.0	0.0
38664	75	0	5	0.18	45.4	227.0	0.0
38665	230	0	5	0.5675	195.8	979.0	0.0
38666	385	0	5	0.955	235.0	1175.0	0.6666666666666666
38667	374	0	5	0.9275	234.0	1170.0	0.6666666666666666
38668	379	0	5	0.94	192.4	962.0	0.6666666666666666
38669	305	0	5	0.755	260.8	1304.0	0.0
38670	241	0	5	0.595	222.6	1113.0	0.3333333333333333
38671	244	0	5	0.6025	181.2	906.0	0.6666666666666666
38672	213	0	5	0.525	68.6	343.0	0.3333333333333333
38673	281	0	5	0.695	113.4	567.0	0.3333333333333333
38674	28	0	5	0.0625	26.0	130.0	0.0
38675	324	0	5	0.8025	179.2	896.0	0.3333333333333333
38676	393	0	5	0.975	219.8	1099.0	0.6666666666666666
38677	248	0	5	0.6125	228.8	1144.0	0.0
38678	291	0	5	0.72	186.6	933.0	0.0
38679	317	0	5	0.785	183.0	915.0	0.6666666666666666
38680	2	0	5	0.0	0.0	0.0	0.0
38681	131	0	5	0.32	119.4	597.0	0.3333333333333333
38682	137	0	5	0.335	122.2	611.0	0.6666666666666666
38683	57	0	5	0.135	55.0	275.0	0.0
38684	294	0	5	0.7275	155.4	777.0	0.6666666666666666
38685	259	0	5	0.64	168.0	840.0	0.3333333333333333
38686	280	0	5	0.6925	159.8	799.0	0.3333333333333333
38687	15	0	5	0.03	13.0	65.0	0.0
38688	134	0	5	0.3275	112.4	562.0	0.0
38689	78	0	5	0.1875	42.8	214.0	0.3333333333333333
38690	139	0	5	0.34	83.8	419.0	0.3333333333333333
38691	49	0	5	0.115	21.2	106.0	0.3333333333333333
38692	245	0	5	0.605	113.8	569.0	0.3333333333333333
38693	76	0	5	0.1825	74.0	370.0	0.0
38694	132	0	5	0.3225	130.0	650.0	0.3333333333333333
38695	399	0	5	0.99	212.8	1064.0	0.6666666666666666
38696	131	0	5	0.32	45.8	229.0	0.3333333333333333
38697	197	0	5	0.485	62.2	311.0	0.3333333333333333
38698	301	0	5	0.745	161.4	807.0	0.6666666666666666
38699	307	0	5	0.76	145.4	727.0	0.6666666666666666
38700	298	0	5	0.7375	203.6	1018.0	0.3333333333333333
38701	76	0	5	0.1825	65.0	325.0	0.3333333333333333
38702	328	0	5	0.8125	176.8	884.0	0.6666666666666666
38703	36	0	5	0.0825	34.0	170.0	0.0
38704	198	1	4	0.4925	194.4	972.0	1.0
38705	241	0	5	0.595	239.0	1195.0	0.0
38706	203	0	5	0.5	71.2	356.0	0.0
38707	185	0	5	0.455	125.8	629.0	0.0
38708	167	0	5	0.41	114.0	570.0	0.6666666666666666
38709	148	0	5	0.3625	119.6	598.0	0.3333333333333333
38710	215	0	5	0.53	213.0	1065.0	0.3333333333333333
38711	15	0	5	0.03	13.0	65.0	0.0
38712	265	0	5	0.655	206.6	1033.0	0.6666666666666666
38713	157	0	5	0.385	95.0	475.0	0.0
38714	348	0	5	0.8625	280.4	1402.0	0.3333333333333333
38715	28	0	5	0.0625	16.4	82.0	0.6666666666666666
38716	29	0	5	0.065	27.0	135.0	0.0
38717	94	0	5	0.2275	92.0	460.0	0.0
38718	330	1	4	0.8225	201.4	1007.0	1.0
38719	110	0	5	0.2675	108.0	540.0	0.0
38720	159	0	5	0.39	132.0	660.0	0.3333333333333333
38721	81	0	5	0.195	51.0	255.0	0.0
38722	99	0	5	0.24	97.0	485.0	0.0
38723	147	0	5	0.36	108.4	542.0	0.3333333333333333
38724	178	0	5	0.4375	166.4	832.0	0.6666666666666666
38725	166	0	5	0.4075	121.6	608.0	0.6666666666666666
38726	367	1	4	0.915	137.2	686.0	1.0
38727	245	0	5	0.605	132.4	662.0	0.3333333333333333
38728	157	0	5	0.385	110.0	550.0	0.3333333333333333
38729	270	0	5	0.6675	191.6	958.0	0.6666666666666666
38730	226	0	5	0.5575	148.2	741.0	0.3333333333333333
38731	43	0	5	0.1	30.6	153.0	0.3333333333333333
38732	31	0	5	0.07	29.0	145.0	0.0
38733	338	0	5	0.8375	142.4	712.0	0.6666666666666666
38734	88	0	5	0.2125	59.0	295.0	0.3333333333333333
38735	287	0	5	0.71	165.6	828.0	0.6666666666666666
38736	31	0	5	0.07	29.0	145.0	0.0
38737	322	1	4	0.8025	97.2	486.0	1.0
38738	176	0	5	0.4325	146.6	733.0	0.0
38739	72	0	5	0.1725	22.0	110.0	0.3333333333333333
38740	288	0	5	0.7125	233.8	1169.0	0.6666666666666666
38741	221	0	5	0.545	127.8	639.0	0.6666666666666666
38742	23	0	5	0.05	5.8	29.0	0.3333333333333333
38743	102	0	5	0.2475	66.2	331.0	0.6666666666666666
38744	132	0	5	0.3225	117.2	586.0	0.3333333333333333
38745	179	0	5	0.44	113.4	567.0	0.0
38746	7	0	5	0.01	5.0	25.0	0.0
38747	161	0	5	0.395	79.4	397.0	0.6666666666666666
38748	343	0	5	0.85	166.4	832.0	0.6666666666666666
38749	341	0	5	0.845	203.8	1019.0	0.3333333333333333
38750	114	0	5	0.2775	100.4	502.0	0.3333333333333333
38751	256	0	5	0.6325	136.2	681.0	0.3333333333333333
38752	139	0	5	0.34	137.0	685.0	0.0
38753	398	0	5	0.9875	233.2	1166.0	0.6666666666666666
38754	89	0	5	0.215	36.0	180.0	0.3333333333333333
38755	64	0	5	0.1525	43.8	219.0	0.3333333333333333
38756	98	0	5	0.2375	64.4	322.0	0.3333333333333333
38757	139	0	5	0.34	123.8	619.0	0.0
38758	43	0	5	0.1	41.0	205.0	0.0
38759	366	0	5	0.9075	157.4	787.0	0.6666666666666666
38760	107	0	5	0.26	94.2	471.0	0.6666666666666666
38761	278	0	5	0.6875	178.8	894.0	0.3333333333333333
38762	357	0	5	0.885	199.8	999.0	0.6666666666666666
38763	346	0	5	0.8575	69.0	345.0	0.6666666666666666
38764	389	0	5	0.965	306.6	1533.0	0.6666666666666666
38765	277	0	5	0.685	220.0	1100.0	0.6666666666666666
38766	247	0	5	0.61	155.4	777.0	0.6666666666666666
38767	352	0	5	0.8725	177.8	889.0	0.6666666666666666
38768	263	0	5	0.65	166.8	834.0	0.6666666666666666
38769	374	0	5	0.9275	195.2	976.0	0.6666666666666666
38770	250	1	4	0.6225	191.2	956.0	1.0
38771	137	0	5	0.335	120.0	600.0	0.0
38772	141	0	5	0.345	91.8	459.0	0.3333333333333333
38773	14	0	5	0.0275	12.0	60.0	0.0
38774	171	0	5	0.42	76.4	382.0	0.3333333333333333
38775	52	0	5	0.1225	50.0	250.0	0.0
38776	72	0	5	0.1725	70.0	350.0	0.0
38777	275	0	5	0.68	61.0	305.0	0.6666666666666666
38778	63	0	5	0.15	58.2	291.0	0.0
38779	260	0	5	0.6425	172.8	864.0	0.0
38780	193	0	5	0.475	100.6	503.0	0.6666666666666666
38781	213	0	5	0.525	192.6	963.0	0.3333333333333333
38782	44	0	5	0.1025	42.0	210.0	0.0
38783	367	0	5	0.91	232.0	1160.0	0.6666666666666666
38784	345	0	5	0.855	125.6	628.0	0.6666666666666666
38785	272	0	5	0.6725	165.6	828.0	0.3333333333333333
38786	65	0	5	0.155	63.0	315.0	0.0
38787	231	0	5	0.57	227.8	1139.0	0.3333333333333333
38788	276	0	5	0.6825	131.8	659.0	0.3333333333333333
38789	107	0	5	0.26	83.0	415.0	0.0
38790	287	0	5	0.71	177.0	885.0	0.0
38791	174	0	5	0.4275	121.6	608.0	0.3333333333333333
38792	147	0	5	0.36	110.8	554.0	0.3333333333333333
38793	321	0	5	0.795	165.6	828.0	0.6666666666666666
38794	130	0	5	0.3175	57.6	288.0	0.3333333333333333
38795	250	0	5	0.6175	91.0	455.0	0.3333333333333333
38796	260	0	5	0.6425	134.8	674.0	0.6666666666666666
38797	158	0	5	0.3875	117.6	588.0	0.3333333333333333
38798	155	0	5	0.38	82.8	414.0	0.0
38799	131	0	5	0.32	70.2	351.0	0.0
38800	224	0	5	0.5525	168.4	842.0	0.6666666666666666
38801	183	0	5	0.45	134.0	670.0	0.3333333333333333
38802	60	0	5	0.1425	58.0	290.0	0.0
38803	337	1	4	0.84	179.6	898.0	1.0
38804	315	0	5	0.78	145.6	728.0	0.6666666666666666
38805	300	0	5	0.7425	173.0	865.0	0.3333333333333333
38806	49	0	5	0.115	28.4	142.0	0.6666666666666666
38807	94	0	5	0.2275	55.2	276.0	0.3333333333333333
38808	108	0	5	0.2625	78.4	392.0	0.3333333333333333
38809	130	0	5	0.3175	106.4	532.0	0.3333333333333333
38810	364	0	5	0.9025	104.0	520.0	0.6666666666666666
38811	118	0	5	0.2875	116.0	580.0	0.0
38812	257	1	4	0.64	119.0	595.0	1.0
38813	24	0	5	0.0525	22.0	110.0	0.0
38814	297	0	5	0.735	162.6	813.0	0.6666666666666666
38815	129	0	5	0.315	87.4	437.0	0.3333333333333333
38816	236	0	5	0.5825	184.8	924.0	0.3333333333333333
38817	350	1	4	0.8725	302.4	1512.0	1.0
38818	316	1	4	0.7875	184.8	924.0	1.0
38819	150	0	5	0.3675	128.8	644.0	0.0
38820	309	0	5	0.765	147.2	736.0	0.6666666666666666
38821	139	0	5	0.34	117.4	587.0	0.0
38822	148	0	5	0.3625	59.6	298.0	0.6666666666666666
38823	304	1	4	0.7575	192.4	962.0	1.0
38824	362	0	5	0.8975	193.2	966.0	0.6666666666666666
38825	75	0	5	0.18	34.0	170.0	0.0
38826	306	0	5	0.7575	167.8	839.0	0.6666666666666666
38827	292	0	5	0.7225	151.4	757.0	0.6666666666666666
38828	131	0	5	0.32	129.0	645.0	0.0
38829	132	0	5	0.3225	88.2	441.0	0.0
38830	372	0	5	0.9225	139.6	698.0	0.6666666666666666
38831	121	0	5	0.295	41.8	209.0	0.0
38832	132	0	5	0.3225	52.0	260.0	0.3333333333333333
38833	322	0	5	0.7975	177.8	889.0	0.3333333333333333
38834	179	0	5	0.44	106.2	531.0	0.3333333333333333
38835	275	0	5	0.68	160.4	802.0	0.6666666666666666
38836	175	0	5	0.43	126.2	631.0	0.3333333333333333
38837	241	0	5	0.595	239.0	1195.0	0.0
38838	204	0	5	0.5025	202.0	1010.0	0.3333333333333333
38839	286	0	5	0.7075	217.6	1088.0	0.3333333333333333
38840	69	0	5	0.165	67.0	335.0	0.3333333333333333
38841	178	0	5	0.4375	176.0	880.0	0.0
38842	298	0	5	0.7375	169.6	848.0	0.6666666666666666
38843	250	0	5	0.6175	248.0	1240.0	0.3333333333333333
38844	75	0	5	0.18	73.0	365.0	0.0
38845	305	0	5	0.755	191.0	955.0	0.3333333333333333
38846	53	0	5	0.125	48.0	240.0	0.0
38847	170	0	5	0.4175	80.8	404.0	0.6666666666666666
38848	207	0	5	0.51	129.8	649.0	0.0
38849	109	0	5	0.265	58.2	291.0	0.0
38850	103	0	5	0.25	56.8	284.0	0.6666666666666666
38851	103	0	5	0.25	84.0	420.0	0.0
38852	156	0	5	0.3825	70.0	350.0	0.3333333333333333
38853	299	0	5	0.74	154.8	774.0	0.3333333333333333
38854	17	0	5	0.035	8.6	43.0	0.0
38855	152	1	4	0.3775	77.2	386.0	1.0
38856	301	1	4	0.75	166.4	832.0	1.0
38857	312	0	5	0.7725	256.6	1283.0	0.6666666666666666
38858	162	0	5	0.3975	74.4	372.0	0.3333333333333333
38859	152	0	5	0.3725	150.0	750.0	0.0
38860	199	0	5	0.49	197.0	985.0	0.0
38861	228	0	5	0.5625	139.2	696.0	0.3333333333333333
38862	290	1	4	0.7225	116.6	583.0	1.0
38863	335	1	4	0.835	269.4	1347.0	1.0
38864	272	0	5	0.6725	175.0	875.0	0.3333333333333333
38865	104	0	5	0.2525	90.0	450.0	0.6666666666666666
38866	112	0	5	0.2725	84.4	422.0	0.3333333333333333
38867	130	0	5	0.3175	102.8	514.0	0.0
38868	6	0	5	0.0075	4.0	20.0	0.0
38869	258	0	5	0.6375	207.8	1039.0	0.6666666666666666
38870	297	0	5	0.735	173.4	867.0	0.6666666666666666
38871	290	0	5	0.7175	169.6	848.0	0.3333333333333333
38872	20	0	5	0.0425	14.0	70.0	0.6666666666666666
38873	353	0	5	0.875	215.6	1078.0	0.6666666666666666
38874	159	0	5	0.39	123.0	615.0	0.3333333333333333
38875	43	0	5	0.1	41.0	205.0	0.0
38876	87	0	5	0.21	74.8	374.0	0.3333333333333333
38877	64	0	5	0.1525	54.2	271.0	0.3333333333333333
38878	57	0	5	0.135	36.6	183.0	0.3333333333333333
38879	275	0	5	0.68	116.0	580.0	0.6666666666666666
38880	268	0	5	0.6625	199.0	995.0	0.6666666666666666
38881	88	0	5	0.2125	86.0	430.0	0.0
38882	87	0	5	0.21	83.2	416.0	0.0
38883	216	1	4	0.5375	109.6	548.0	1.0
38884	254	0	5	0.6275	108.0	540.0	0.0
38885	160	0	5	0.3925	107.6	538.0	0.6666666666666666
38886	50	0	5	0.1175	48.0	240.0	0.0
38887	112	0	5	0.2725	99.2	496.0	0.3333333333333333
38888	276	0	5	0.6825	62.0	310.0	0.6666666666666666
38889	261	0	5	0.645	178.0	890.0	0.3333333333333333
38890	138	0	5	0.3375	78.4	392.0	0.3333333333333333
38891	393	0	5	0.975	194.8	974.0	0.6666666666666666
38892	18	0	5	0.0375	16.0	80.0	0.0
38893	59	0	5	0.14	57.0	285.0	0.0
38894	203	0	5	0.5	53.8	269.0	0.3333333333333333
38895	227	0	5	0.56	149.4	747.0	0.6666666666666666
38896	31	0	5	0.07	14.0	70.0	0.0
38897	338	0	5	0.8375	232.4	1162.0	0.6666666666666666
38898	367	0	5	0.91	212.6	1063.0	0.6666666666666666
38899	136	0	5	0.3325	131.8	659.0	0.0
38900	167	0	5	0.41	144.6	723.0	0.0
38901	202	0	5	0.4975	165.6	828.0	0.6666666666666666
38902	347	0	5	0.86	140.2	701.0	0.6666666666666666
38903	100	0	5	0.2425	88.8	444.0	0.3333333333333333
38904	246	0	5	0.6075	214.4	1072.0	0.3333333333333333
38905	254	0	5	0.6275	116.2	581.0	0.3333333333333333
38906	101	0	5	0.245	90.2	451.0	0.3333333333333333
38907	120	0	5	0.2925	112.4	562.0	0.3333333333333333
38908	128	0	5	0.3125	104.0	520.0	0.3333333333333333
38909	214	0	5	0.5275	112.6	563.0	0.6666666666666666
38910	243	0	5	0.6	241.0	1205.0	0.0
38911	50	0	5	0.1175	16.2	81.0	0.3333333333333333
38912	194	0	5	0.4775	112.2	561.0	0.3333333333333333
38913	372	0	5	0.9225	244.4	1222.0	0.6666666666666666
38914	255	0	5	0.63	233.0	1165.0	0.0
38915	370	1	4	0.9225	225.6	1128.0	1.0
38916	4	0	5	0.0025	2.0	10.0	0.0
38917	399	0	5	0.99	197.0	985.0	0.6666666666666666
38918	357	0	5	0.885	230.2	1151.0	0.6666666666666666
38919	53	0	5	0.125	51.0	255.0	0.0
38920	315	0	5	0.78	222.8	1114.0	0.6666666666666666
38921	63	0	5	0.15	61.0	305.0	0.0
38922	188	0	5	0.4625	186.0	930.0	0.0
38923	282	0	5	0.6975	188.0	940.0	0.6666666666666666
38924	151	1	4	0.375	125.2	626.0	1.0
38925	401	0	3	0.9975	246.2	1231.0	0.6666666666666666
38926	139	0	5	0.34	137.0	685.0	0.0
38927	279	0	5	0.69	153.2	766.0	0.3333333333333333
38928	242	0	5	0.5975	240.0	1200.0	0.0
38929	234	0	5	0.5775	187.2	936.0	0.6666666666666666
38930	51	1	4	0.125	35.8	179.0	1.0
38931	211	0	5	0.52	103.2	516.0	0.6666666666666666
38932	43	0	5	0.1	28.2	141.0	0.3333333333333333
38933	395	0	5	0.98	96.4	482.0	0.6666666666666666
38934	11	0	5	0.02	9.0	45.0	0.0
38935	398	1	4	0.9925	181.6	908.0	1.0
38936	160	0	5	0.3925	158.0	790.0	0.0
38937	398	1	4	0.9925	90.0	450.0	1.0
38938	91	0	5	0.22	76.2	381.0	0.3333333333333333
38939	340	0	5	0.8425	274.2	1371.0	0.6666666666666666
38940	326	0	5	0.8075	265.2	1326.0	0.3333333333333333
38941	303	0	5	0.75	194.4	972.0	0.3333333333333333
38942	262	0	5	0.6475	225.8	1129.0	0.3333333333333333
38943	325	0	5	0.805	227.0	1135.0	0.3333333333333333
38944	134	0	5	0.3275	100.0	500.0	0.0
38945	223	0	5	0.55	141.6	708.0	0.3333333333333333
38946	268	0	5	0.6625	241.2	1206.0	0.3333333333333333
38947	384	1	4	0.9575	287.6	1438.0	1.0
38948	68	0	5	0.1625	66.0	330.0	0.0
38949	329	0	5	0.815	104.6	523.0	0.6666666666666666
38950	200	0	5	0.4925	143.6	718.0	0.6666666666666666
38951	36	0	5	0.0825	34.0	170.0	0.0
38952	297	0	5	0.735	175.8	879.0	0.3333333333333333
38953	188	0	5	0.4625	37.2	186.0	0.3333333333333333
38954	278	1	4	0.6925	96.8	484.0	1.0
38955	279	0	5	0.69	263.2	1316.0	0.3333333333333333
38956	374	0	5	0.9275	161.4	807.0	0.6666666666666666
38957	394	0	5	0.9775	237.8	1189.0	0.6666666666666666
38958	315	0	5	0.78	240.2	1201.0	0.3333333333333333
38959	142	0	5	0.3475	140.0	700.0	0.0
38960	335	0	5	0.83	252.6	1263.0	0.6666666666666666
38961	80	0	5	0.1925	78.0	390.0	0.0
38962	102	0	5	0.2475	56.8	284.0	0.6666666666666666
38963	205	0	5	0.505	171.6	858.0	0.6666666666666666
38964	325	1	3	0.81	190.2	951.0	1.0
38965	165	0	5	0.405	163.0	815.0	0.0
38966	179	0	5	0.44	137.8	689.0	0.6666666666666666
38967	18	0	5	0.0375	16.0	80.0	0.0
38968	240	0	5	0.5925	95.4	477.0	0.6666666666666666
38969	338	1	4	0.8425	102.0	510.0	1.0
38970	254	0	5	0.6275	252.0	1260.0	0.3333333333333333
38971	65	0	5	0.155	43.2	216.0	0.3333333333333333
38972	276	0	5	0.6825	212.4	1062.0	0.6666666666666666
38973	85	0	5	0.205	57.8	289.0	0.3333333333333333
38974	317	0	5	0.785	255.6	1278.0	0.0
38975	133	0	5	0.325	35.8	179.0	0.6666666666666666
38976	189	0	5	0.465	154.2	771.0	0.3333333333333333
38977	150	0	5	0.3675	90.4	452.0	0.0
38978	304	0	5	0.7525	236.0	1180.0	0.3333333333333333
38979	300	0	5	0.7425	227.4	1137.0	0.3333333333333333
38980	47	0	5	0.11	26.6	133.0	0.3333333333333333
38981	5	0	5	0.005	3.0	15.0	0.0
38982	270	0	5	0.6675	72.6	363.0	0.3333333333333333
38983	170	0	5	0.4175	150.8	754.0	0.3333333333333333
38984	322	0	5	0.7975	252.0	1260.0	0.6666666666666666
38985	325	0	5	0.805	180.0	900.0	0.6666666666666666
38986	364	0	5	0.9025	297.8	1489.0	0.3333333333333333
38987	196	0	5	0.4825	194.0	970.0	0.0
38988	332	1	4	0.8275	152.8	764.0	1.0
38989	293	0	5	0.725	187.6	938.0	0.6666666666666666
38990	377	0	5	0.935	163.0	815.0	0.3333333333333333
38991	164	0	5	0.4025	70.8	354.0	0.0
38992	44	0	5	0.1025	16.4	82.0	0.6666666666666666
38993	180	0	5	0.4425	134.0	670.0	0.0
38994	333	0	5	0.825	171.6	858.0	0.6666666666666666
38995	58	0	5	0.1375	45.8	229.0	0.3333333333333333
38996	17	0	5	0.035	15.0	75.0	0.0
38997	185	0	5	0.455	108.6	543.0	0.3333333333333333
38998	53	0	5	0.125	51.0	255.0	0.0
38999	141	0	5	0.345	87.0	435.0	0.3333333333333333
39000	354	0	5	0.8775	119.8	599.0	0.6666666666666666
39001	191	0	5	0.47	152.2	761.0	0.3333333333333333
39002	135	0	5	0.33	83.0	415.0	0.3333333333333333
39003	46	0	5	0.1075	44.0	220.0	0.0
39004	177	1	4	0.44	140.8	704.0	1.0
39005	217	0	5	0.535	108.6	543.0	0.3333333333333333
39006	246	0	5	0.6075	187.4	937.0	0.6666666666666666
39007	282	0	5	0.6975	139.2	696.0	0.3333333333333333
39008	67	0	5	0.16	65.0	325.0	0.0
39009	358	0	5	0.8875	234.6	1173.0	0.6666666666666666
39010	88	0	5	0.2125	86.0	430.0	0.3333333333333333
39011	78	0	5	0.1875	76.0	380.0	0.0
39012	388	0	5	0.9625	294.2	1471.0	0.6666666666666666
39013	320	0	5	0.7925	168.4	842.0	0.6666666666666666
39014	98	0	5	0.2375	30.4	152.0	0.3333333333333333
39015	122	0	5	0.2975	102.4	512.0	0.0
39016	223	0	5	0.55	97.4	487.0	0.6666666666666666
39017	320	1	4	0.7975	113.6	568.0	1.0
39018	331	0	5	0.82	262.6	1313.0	0.3333333333333333
39019	216	1	4	0.5375	172.8	864.0	1.0
39020	107	0	5	0.26	81.0	405.0	0.3333333333333333
39021	165	0	5	0.405	80.0	400.0	0.6666666666666666
39022	154	1	4	0.3825	101.2	506.0	1.0
39023	66	0	5	0.1575	64.0	320.0	0.0
39024	142	0	5	0.3475	109.2	546.0	0.3333333333333333
39025	369	1	4	0.92	224.6	1123.0	1.0
39026	315	0	5	0.78	259.6	1298.0	0.6666666666666666
39027	299	0	5	0.74	195.4	977.0	0.3333333333333333
39028	340	1	4	0.8475	185.0	925.0	1.0
39029	88	0	5	0.2125	54.8	274.0	0.3333333333333333
39030	282	0	5	0.6975	182.4	912.0	0.6666666666666666
39031	283	0	5	0.7	142.2	711.0	0.3333333333333333
39032	194	0	5	0.4775	174.0	870.0	0.3333333333333333
39033	318	1	4	0.7925	97.8	489.0	1.0
39034	144	0	5	0.3525	128.8	644.0	0.0
39035	104	1	4	0.2575	84.0	420.0	1.0
39036	237	0	5	0.585	221.4	1107.0	0.0
39037	94	0	5	0.2275	27.2	136.0	0.0
39038	311	0	5	0.77	213.6	1068.0	0.0
39039	95	0	5	0.23	93.0	465.0	0.0
39040	249	0	5	0.615	97.6	488.0	0.3333333333333333
39041	317	0	5	0.785	151.0	755.0	0.3333333333333333
39042	378	0	5	0.9375	118.8	594.0	0.6666666666666666
39043	333	0	5	0.825	107.4	537.0	0.3333333333333333
39044	363	1	4	0.905	268.0	1340.0	1.0
39045	169	0	5	0.415	71.6	358.0	0.3333333333333333
39046	126	0	5	0.3075	124.0	620.0	0.0
39047	161	1	4	0.4	140.2	701.0	1.0
39048	277	0	5	0.685	217.8	1089.0	0.6666666666666666
39049	190	0	5	0.4675	114.4	572.0	0.3333333333333333
39050	4	0	5	0.0025	2.0	10.0	0.0
39051	249	0	5	0.615	182.8	914.0	0.6666666666666666
39052	158	0	5	0.3875	66.0	330.0	0.3333333333333333
39053	47	0	5	0.11	38.6	193.0	0.3333333333333333
39054	215	0	5	0.53	70.8	354.0	0.3333333333333333
39055	181	0	5	0.445	179.0	895.0	0.0
39056	360	0	5	0.8925	325.0	1625.0	0.3333333333333333
39057	240	0	5	0.5925	142.6	713.0	0.6666666666666666
39058	84	0	5	0.2025	42.0	210.0	0.3333333333333333
39059	26	0	5	0.0575	24.0	120.0	0.0
39060	115	0	5	0.28	79.6	398.0	0.3333333333333333
39061	210	0	5	0.5175	172.0	860.0	0.0
39062	117	0	5	0.285	77.8	389.0	0.3333333333333333
39063	289	1	4	0.72	134.2	671.0	1.0
39064	157	0	5	0.385	81.2	406.0	0.6666666666666666
39065	367	0	5	0.91	178.2	891.0	0.6666666666666666
39066	209	0	5	0.515	88.4	442.0	0.3333333333333333
39067	154	0	5	0.3775	87.8	439.0	0.0
39068	359	0	5	0.89	142.2	711.0	0.3333333333333333
39069	389	0	5	0.965	107.4	537.0	0.6666666666666666
39070	212	0	5	0.5225	170.8	854.0	0.3333333333333333
39071	387	1	4	0.965	255.2	1276.0	1.0
39072	169	0	5	0.415	102.6	513.0	0.3333333333333333
39073	392	0	5	0.9725	342.2	1711.0	0.6666666666666666
39074	111	0	5	0.27	97.8	489.0	0.3333333333333333
39075	139	0	5	0.34	78.6	393.0	0.3333333333333333
39076	52	0	5	0.1225	19.8	99.0	0.0
39077	137	0	5	0.335	104.2	521.0	0.0
39078	6	0	5	0.0075	4.0	20.0	0.0
39079	174	0	5	0.4275	100.6	503.0	0.3333333333333333
39080	76	0	5	0.1825	56.0	280.0	0.3333333333333333
39081	100	0	5	0.2425	46.4	232.0	0.0
39082	297	0	5	0.735	167.6	838.0	0.3333333333333333
39083	160	0	5	0.3925	43.6	218.0	0.3333333333333333
39084	198	0	5	0.4875	68.0	340.0	0.3333333333333333
39085	266	0	5	0.6575	130.0	650.0	0.6666666666666666
39086	277	0	5	0.685	116.8	584.0	0.6666666666666666
39087	301	0	5	0.745	255.2	1276.0	0.0
39088	200	0	5	0.4925	198.0	990.0	0.0
39089	320	0	5	0.7925	147.2	736.0	0.3333333333333333
39090	387	0	5	0.96	155.6	778.0	0.6666666666666666
39091	45	0	5	0.105	43.0	215.0	0.0
39092	272	0	5	0.6725	127.8	639.0	0.3333333333333333
39093	23	0	5	0.05	21.0	105.0	0.0
39094	83	0	5	0.2	23.4	117.0	0.3333333333333333
39095	228	0	5	0.5625	95.8	479.0	0.3333333333333333
39096	182	0	5	0.4475	95.4	477.0	0.3333333333333333
39097	401	0	4	0.9975	230.6	1153.0	0.6666666666666666
39098	258	0	5	0.6375	232.6	1163.0	0.0
39099	295	0	5	0.73	285.2	1426.0	0.3333333333333333
39100	365	0	5	0.905	246.4	1232.0	0.6666666666666666
39101	165	0	5	0.405	129.6	648.0	0.0
39102	278	0	5	0.6875	64.6	323.0	0.6666666666666666
39103	221	0	5	0.545	174.4	872.0	0.0
39104	177	1	4	0.44	87.4	437.0	1.0
39105	270	0	5	0.6675	171.6	858.0	0.0
39106	9	0	5	0.015	1.6	8.0	0.3333333333333333
39107	10	0	5	0.0175	8.0	40.0	0.0
39108	108	0	5	0.2625	106.0	530.0	0.0
39109	79	0	5	0.19	69.0	345.0	0.3333333333333333
39110	170	0	5	0.4175	111.0	555.0	0.3333333333333333
39111	146	0	5	0.3575	107.8	539.0	0.3333333333333333
39112	271	0	5	0.67	202.6	1013.0	0.3333333333333333
39113	234	0	5	0.5775	92.8	464.0	0.3333333333333333
39114	374	0	5	0.9275	274.2	1371.0	0.6666666666666666
39115	87	0	5	0.21	45.0	225.0	0.3333333333333333
39116	72	0	5	0.1725	70.0	350.0	0.0
39117	302	1	4	0.7525	178.2	891.0	1.0
39118	384	1	4	0.9575	267.4	1337.0	1.0
39119	93	0	5	0.225	76.4	382.0	0.3333333333333333
39120	133	0	5	0.325	57.2	286.0	0.0
39121	368	1	4	0.9175	241.0	1205.0	1.0
39122	13	0	5	0.025	9.8	49.0	0.0
39123	225	0	5	0.555	176.0	880.0	0.3333333333333333
39124	6	0	5	0.0075	3.2	16.0	0.0
39125	156	0	5	0.3825	103.2	516.0	0.3333333333333333
39126	271	0	5	0.67	153.4	767.0	0.6666666666666666
39127	347	0	5	0.86	259.4	1297.0	0.6666666666666666
39128	261	0	5	0.645	106.4	532.0	0.6666666666666666
39129	191	0	5	0.47	174.6	873.0	0.3333333333333333
39130	80	0	5	0.1925	57.6	288.0	0.3333333333333333
39131	132	0	5	0.3225	130.0	650.0	0.0
39132	258	0	5	0.6375	203.4	1017.0	0.6666666666666666
39133	6	0	5	0.0075	4.0	20.0	0.0
39134	145	0	5	0.355	93.2	466.0	0.0
39135	278	1	4	0.6925	105.2	526.0	1.0
39136	388	1	4	0.9675	163.6	818.0	1.0
39137	194	0	5	0.4775	123.6	618.0	0.0
39138	371	0	5	0.92	215.4	1077.0	0.6666666666666666
39139	69	0	5	0.165	62.0	310.0	0.3333333333333333
39140	51	0	5	0.12	49.0	245.0	0.0
39141	46	0	5	0.1075	44.0	220.0	0.0
39142	41	0	5	0.095	39.0	195.0	0.0
39143	145	0	5	0.355	84.8	424.0	0.3333333333333333
39144	371	0	5	0.92	181.0	905.0	0.6666666666666666
39145	264	0	5	0.6525	198.8	994.0	0.3333333333333333
39146	199	0	5	0.49	133.8	669.0	0.6666666666666666
39147	234	0	5	0.5775	216.6	1083.0	0.0
39148	240	1	4	0.5975	188.8	944.0	1.0
39149	328	0	5	0.8125	138.6	693.0	0.6666666666666666
39150	367	1	4	0.915	255.0	1275.0	1.0
39151	326	0	5	0.8075	177.0	885.0	0.6666666666666666
39152	159	0	5	0.39	106.6	533.0	0.3333333333333333
39153	151	0	5	0.37	143.6	718.0	0.3333333333333333
39154	305	0	5	0.755	236.8	1184.0	0.3333333333333333
39155	158	0	5	0.3875	121.2	606.0	0.3333333333333333
39156	27	0	5	0.06	25.0	125.0	0.0
39157	132	0	5	0.3225	94.0	470.0	0.0
39158	385	0	5	0.955	261.4	1307.0	0.6666666666666666
39159	274	1	4	0.6825	126.2	631.0	1.0
39160	163	0	5	0.4	114.8	574.0	0.3333333333333333
39161	124	0	5	0.3025	112.2	561.0	0.0
39162	4	0	5	0.0025	2.0	10.0	0.0
39163	192	0	5	0.4725	72.4	362.0	0.3333333333333333
39164	190	0	5	0.4675	62.6	313.0	0.6666666666666666
39165	78	0	5	0.1875	54.4	272.0	0.0
39166	239	0	5	0.59	151.8	759.0	0.6666666666666666
39167	11	0	5	0.02	9.0	45.0	0.0
39168	332	0	5	0.8225	226.8	1134.0	0.3333333333333333
39169	397	0	5	0.985	218.4	1092.0	0.6666666666666666
39170	54	0	5	0.1275	43.0	215.0	0.3333333333333333
39171	71	0	5	0.17	29.8	149.0	0.6666666666666666
39172	349	0	5	0.865	136.0	680.0	0.3333333333333333
39173	397	1	4	0.99	101.2	506.0	1.0
39174	163	0	5	0.4	100.2	501.0	0.3333333333333333
39175	28	0	5	0.0625	26.0	130.0	0.0
39176	204	0	5	0.5025	118.0	590.0	0.6666666666666666
39177	106	0	5	0.2575	104.0	520.0	0.0
39178	379	0	5	0.94	269.6	1348.0	0.6666666666666666
39179	162	0	5	0.3975	128.0	640.0	0.3333333333333333
39180	2	0	5	0.0	0.0	0.0	0.0
39181	72	0	5	0.1725	70.0	350.0	0.0
39182	159	1	4	0.395	94.6	473.0	1.0
39183	305	0	5	0.755	106.6	533.0	0.3333333333333333
39184	86	0	5	0.2075	76.6	383.0	0.6666666666666666
39185	303	1	4	0.755	169.2	846.0	1.0
39186	383	0	5	0.95	97.8	489.0	0.6666666666666666
39187	377	0	5	0.935	270.8	1354.0	0.6666666666666666
39188	262	0	5	0.6475	206.6	1033.0	0.6666666666666666
39189	17	0	5	0.035	11.0	55.0	0.0
39190	387	0	5	0.96	190.6	953.0	0.6666666666666666
39191	68	0	5	0.1625	66.0	330.0	0.0
39192	179	0	5	0.44	172.2	861.0	0.3333333333333333
39193	149	0	5	0.365	101.4	507.0	0.6666666666666666
39194	274	0	5	0.6775	215.2	1076.0	0.0
39195	133	0	5	0.325	131.0	655.0	0.0
39196	345	0	5	0.855	160.8	804.0	0.6666666666666666
39197	344	1	4	0.8575	101.6	508.0	1.0
39198	328	0	5	0.8125	211.8	1059.0	0.6666666666666666
39199	61	0	5	0.145	59.0	295.0	0.0
39200	309	0	5	0.765	181.2	906.0	0.6666666666666666
39201	345	1	4	0.86	151.4	757.0	1.0
39202	196	0	5	0.4825	132.2	661.0	0.3333333333333333
39203	81	0	5	0.195	78.4	392.0	0.0
39204	146	0	5	0.3575	84.6	423.0	0.6666666666666666
39205	140	0	5	0.3425	138.0	690.0	0.0
39206	63	0	5	0.15	35.8	179.0	0.3333333333333333
39207	86	0	5	0.2075	61.6	308.0	0.3333333333333333
39208	124	0	5	0.3025	106.4	532.0	0.3333333333333333
39209	67	0	5	0.16	56.2	281.0	0.3333333333333333
39210	263	0	5	0.65	195.0	975.0	0.6666666666666666
39211	389	0	5	0.965	226.8	1134.0	0.6666666666666666
39212	235	0	5	0.58	79.4	397.0	0.6666666666666666
39213	79	0	5	0.19	77.0	385.0	0.0
39214	57	0	5	0.135	19.8	99.0	0.3333333333333333
39215	144	0	5	0.3525	91.2	456.0	0.3333333333333333
39216	59	0	5	0.14	57.0	285.0	0.0
39217	29	0	5	0.065	27.0	135.0	0.0
39218	262	0	5	0.6475	223.2	1116.0	0.3333333333333333
39219	268	0	5	0.6625	266.0	1330.0	0.3333333333333333
39220	396	0	5	0.9825	108.0	540.0	0.6666666666666666
39221	96	0	5	0.2325	77.2	386.0	0.3333333333333333
39222	176	0	5	0.4325	106.0	530.0	0.0
39223	178	0	5	0.4375	165.6	828.0	0.3333333333333333
39224	116	0	5	0.2825	64.2	321.0	0.3333333333333333
39225	71	0	5	0.17	52.4	262.0	0.3333333333333333
39226	207	0	5	0.51	164.4	822.0	0.3333333333333333
39227	180	0	5	0.4425	122.8	614.0	0.6666666666666666
39228	226	0	5	0.5575	170.0	850.0	0.0
39229	158	1	4	0.3925	83.6	418.0	1.0
39230	149	0	5	0.365	119.8	599.0	0.0
39231	305	0	5	0.755	145.0	725.0	0.6666666666666666
39232	103	0	5	0.25	71.8	359.0	0.3333333333333333
39233	307	0	5	0.76	113.4	567.0	0.6666666666666666
39234	213	0	5	0.525	139.8	699.0	0.6666666666666666
39235	399	1	4	0.995	336.2	1681.0	1.0
39236	92	0	5	0.2225	88.2	441.0	0.3333333333333333
39237	115	0	5	0.28	103.4	517.0	0.3333333333333333
39238	374	0	5	0.9275	225.6	1128.0	0.6666666666666666
39239	2	0	5	0.0	0.0	0.0	0.0
39240	126	0	5	0.3075	94.6	473.0	0.3333333333333333
39241	41	0	5	0.095	39.0	195.0	0.0
39242	283	0	5	0.7	247.4	1237.0	0.3333333333333333
39243	207	0	5	0.51	107.6	538.0	0.3333333333333333
39244	239	0	5	0.59	185.0	925.0	0.0
39245	108	0	5	0.2625	47.6	238.0	0.0
39246	268	0	5	0.6625	219.6	1098.0	0.3333333333333333
39247	329	0	5	0.815	179.8	899.0	0.6666666666666666
39248	316	0	5	0.7825	130.0	650.0	0.6666666666666666
39249	184	0	5	0.4525	155.4	777.0	0.0
39250	274	0	5	0.6775	124.0	620.0	0.6666666666666666
39251	379	1	4	0.945	261.8	1309.0	1.0
39252	104	0	5	0.2525	88.8	444.0	0.3333333333333333
39253	216	0	5	0.5325	142.0	710.0	0.3333333333333333
39254	223	0	5	0.55	190.6	953.0	0.3333333333333333
39255	238	0	5	0.5875	210.2	1051.0	0.0
39256	48	0	5	0.1125	32.8	164.0	0.0
39257	279	0	5	0.69	118.2	591.0	0.6666666666666666
39258	382	0	5	0.9475	206.4	1032.0	0.6666666666666666
39259	395	0	5	0.98	179.2	896.0	0.6666666666666666
39260	159	0	5	0.39	131.4	657.0	0.3333333333333333
39261	302	0	5	0.7475	203.0	1015.0	0.3333333333333333
39262	140	0	5	0.3425	138.0	690.0	0.0
39263	160	0	5	0.3925	158.0	790.0	0.0
39264	286	0	5	0.7075	92.8	464.0	0.6666666666666666
39265	216	0	5	0.5325	122.0	610.0	0.3333333333333333
39266	262	0	5	0.6475	120.2	601.0	0.6666666666666666
39267	129	0	5	0.315	36.6	183.0	0.3333333333333333
39268	79	0	5	0.19	77.0	385.0	0.0
39269	364	0	5	0.9025	98.0	490.0	0.6666666666666666
39270	200	0	5	0.4925	63.6	318.0	0.3333333333333333
39271	229	0	5	0.565	227.0	1135.0	0.0
39272	389	0	5	0.965	166.8	834.0	0.6666666666666666
39273	82	0	5	0.1975	75.8	379.0	0.0
39274	350	0	5	0.8675	155.6	778.0	0.6666666666666666
39275	210	0	5	0.5175	107.8	539.0	0.3333333333333333
39276	268	0	5	0.6625	264.8	1324.0	0.3333333333333333
39277	150	0	5	0.3675	45.0	225.0	0.6666666666666666
39278	17	0	5	0.035	15.0	75.0	0.0
39279	66	0	5	0.1575	37.6	188.0	0.3333333333333333
39280	400	1	4	0.9975	145.6	728.0	1.0
39281	386	0	5	0.9575	210.2	1051.0	0.6666666666666666
39282	227	0	5	0.56	157.0	785.0	0.6666666666666666
39283	185	0	5	0.455	148.0	740.0	0.3333333333333333
39284	325	0	5	0.805	140.4	702.0	0.6666666666666666
39285	4	0	5	0.0025	2.0	10.0	0.0
39286	54	0	5	0.1275	52.0	260.0	0.0
39287	211	1	4	0.525	155.0	775.0	1.0
39288	101	0	5	0.245	66.0	330.0	0.3333333333333333
39289	175	0	5	0.43	124.2	621.0	0.6666666666666666
39290	372	0	5	0.9225	296.0	1480.0	0.6666666666666666
39291	211	0	5	0.52	111.4	557.0	0.6666666666666666
39292	335	1	4	0.835	88.4	442.0	1.0
39293	36	0	5	0.0825	34.0	170.0	0.0
39294	230	0	5	0.5675	130.8	654.0	0.3333333333333333
39295	234	0	5	0.5775	205.0	1025.0	0.3333333333333333
39296	219	0	5	0.54	127.4	637.0	0.3333333333333333
39297	324	0	5	0.8025	148.0	740.0	0.3333333333333333
39298	342	0	5	0.8475	186.0	930.0	0.3333333333333333
39299	357	0	5	0.885	223.6	1118.0	0.6666666666666666
39300	181	0	5	0.445	89.0	445.0	0.0
39301	181	0	5	0.445	179.0	895.0	0.3333333333333333
39302	193	0	5	0.475	122.4	612.0	0.0
39303	228	0	5	0.5625	162.0	810.0	0.3333333333333333
39304	347	0	5	0.86	111.6	558.0	0.6666666666666666
39305	35	0	5	0.08	33.0	165.0	0.0
39306	85	0	5	0.205	83.0	415.0	0.0
39307	113	0	5	0.275	111.0	555.0	0.0
39308	211	0	5	0.52	159.4	797.0	0.3333333333333333
39309	159	0	5	0.39	127.0	635.0	0.3333333333333333
39310	184	0	5	0.4525	90.8	454.0	0.6666666666666666
39311	36	0	5	0.0825	34.0	170.0	0.0
39312	41	0	5	0.095	39.0	195.0	0.0
39313	376	0	5	0.9325	280.4	1402.0	0.6666666666666666
39314	312	0	5	0.7725	200.8	1004.0	0.6666666666666666
39315	294	0	5	0.7275	238.6	1193.0	0.3333333333333333
39316	251	0	5	0.62	212.4	1062.0	0.3333333333333333
39317	335	0	5	0.83	147.2	736.0	0.6666666666666666
39318	24	0	5	0.0525	22.0	110.0	0.0
39319	377	0	5	0.935	253.4	1267.0	0.6666666666666666
39320	97	0	5	0.235	44.4	222.0	0.3333333333333333
39321	129	0	5	0.315	123.8	619.0	0.3333333333333333
39322	389	0	5	0.965	121.4	607.0	0.6666666666666666
39323	340	0	5	0.8425	230.6	1153.0	0.6666666666666666
39324	96	0	5	0.2325	92.4	462.0	0.0
39325	211	0	5	0.52	162.2	811.0	0.6666666666666666
39326	39	0	5	0.09	31.0	155.0	0.3333333333333333
39327	44	0	5	0.1025	26.8	134.0	0.3333333333333333
39328	255	0	5	0.63	111.6	558.0	0.6666666666666666
39329	170	0	5	0.4175	60.2	301.0	0.3333333333333333
39330	311	0	5	0.77	215.0	1075.0	0.3333333333333333
39331	204	0	5	0.5025	185.4	927.0	0.0
39332	123	0	5	0.3	99.0	495.0	0.3333333333333333
39333	214	0	5	0.5275	123.2	616.0	0.3333333333333333
39334	369	1	4	0.92	226.6	1133.0	1.0
39335	250	0	5	0.6175	108.4	542.0	0.6666666666666666
39336	334	0	5	0.8275	135.8	679.0	0.3333333333333333
39337	366	0	5	0.9075	187.0	935.0	0.6666666666666666
39338	254	0	5	0.6275	194.8	974.0	0.3333333333333333
39339	299	1	4	0.745	144.8	724.0	1.0
39340	366	1	4	0.9125	113.6	568.0	1.0
39341	285	0	5	0.705	123.8	619.0	0.3333333333333333
39342	341	1	4	0.85	95.4	477.0	1.0
39343	117	0	5	0.285	104.0	520.0	0.0
39344	172	0	5	0.4225	58.0	290.0	0.3333333333333333
39345	143	0	5	0.35	79.6	398.0	0.6666666666666666
39346	197	0	5	0.485	145.4	727.0	0.0
39347	41	0	5	0.095	29.4	147.0	0.3333333333333333
39348	89	0	5	0.215	87.0	435.0	0.0
39349	260	0	5	0.6425	167.6	838.0	0.3333333333333333
39350	48	0	5	0.1125	31.4	157.0	0.3333333333333333
39351	196	0	5	0.4825	175.6	878.0	0.3333333333333333
39352	314	0	5	0.7775	107.6	538.0	0.3333333333333333
39353	261	0	5	0.645	143.8	719.0	0.3333333333333333
39354	327	0	5	0.81	147.6	738.0	0.6666666666666666
39355	279	1	3	0.695	197.4	987.0	1.0
39356	64	0	5	0.1525	54.2	271.0	0.0
39357	179	0	5	0.44	156.4	782.0	0.0
39358	281	0	5	0.695	190.8	954.0	0.6666666666666666
39359	121	0	5	0.295	48.6	243.0	0.3333333333333333
39360	165	0	5	0.405	133.0	665.0	0.3333333333333333
39361	380	0	5	0.9425	136.0	680.0	0.6666666666666666
39362	45	0	5	0.105	43.0	215.0	0.0
39363	186	0	5	0.4575	184.0	920.0	0.3333333333333333
39364	56	0	5	0.1325	54.0	270.0	0.0
39365	335	0	5	0.83	232.4	1162.0	0.6666666666666666
39366	306	0	5	0.7575	248.8	1244.0	0.0
39367	177	0	5	0.435	166.0	830.0	0.0
39368	374	0	5	0.9275	318.6	1593.0	0.3333333333333333
39369	337	0	5	0.835	165.6	828.0	0.3333333333333333
39370	119	0	5	0.29	117.0	585.0	0.0
39371	212	0	5	0.5225	169.8	849.0	0.0
39372	54	0	5	0.1275	46.0	230.0	0.0
39373	397	0	5	0.985	232.8	1164.0	0.6666666666666666
39374	184	0	5	0.4525	157.0	785.0	0.6666666666666666
39375	115	0	5	0.28	95.6	478.0	0.0
39376	75	0	5	0.18	55.6	278.0	0.0
39377	207	0	5	0.51	79.8	399.0	0.3333333333333333
39378	32	0	5	0.0725	26.0	130.0	0.0
39379	196	0	5	0.4825	113.6	568.0	0.3333333333333333
39380	231	0	5	0.57	61.8	309.0	0.3333333333333333
39381	382	1	4	0.9525	166.2	831.0	1.0
39382	41	0	5	0.095	39.0	195.0	0.0
39383	393	0	5	0.975	274.4	1372.0	0.6666666666666666
39384	369	0	5	0.915	121.2	606.0	0.6666666666666666
39385	224	0	5	0.5525	118.2	591.0	0.3333333333333333
39386	231	0	5	0.57	139.4	697.0	0.0
39387	396	0	5	0.9825	251.8	1259.0	0.6666666666666666
39388	83	0	5	0.2	81.0	405.0	0.0
39389	360	0	5	0.8925	71.8	359.0	0.6666666666666666
39390	192	0	5	0.4725	88.4	442.0	0.6666666666666666
39391	218	0	5	0.5375	179.2	896.0	0.3333333333333333
39392	198	0	5	0.4875	155.6	778.0	0.3333333333333333
39393	123	0	5	0.3	99.4	497.0	0.3333333333333333
39394	110	0	5	0.2675	75.2	376.0	0.6666666666666666
39395	302	0	5	0.7475	93.6	468.0	0.6666666666666666
39396	277	0	5	0.685	202.2	1011.0	0.6666666666666666
39397	159	0	5	0.39	124.6	623.0	0.0
39398	317	0	5	0.785	258.4	1292.0	0.3333333333333333
39399	111	0	5	0.27	109.0	545.0	0.0
39400	334	0	5	0.8275	132.2	661.0	0.6666666666666666
39401	100	0	5	0.2425	75.2	376.0	0.0
39402	157	0	5	0.385	114.2	571.0	0.3333333333333333
39403	92	0	5	0.2225	90.0	450.0	0.0
39404	384	0	5	0.9525	202.6	1013.0	0.6666666666666666
39405	369	0	5	0.915	230.6	1153.0	0.6666666666666666
39406	149	0	5	0.365	135.0	675.0	0.0
39407	144	0	5	0.3525	55.0	275.0	0.3333333333333333
39408	280	0	5	0.6925	149.4	747.0	0.6666666666666666
39409	117	0	5	0.285	110.2	551.0	0.0
39410	250	0	5	0.6175	216.8	1084.0	0.0
39411	245	0	5	0.605	86.2	431.0	0.3333333333333333
39412	138	0	5	0.3375	110.4	552.0	0.0
39413	191	0	5	0.47	79.0	395.0	0.6666666666666666
39414	131	0	5	0.32	53.4	267.0	0.6666666666666666
39415	48	0	5	0.1125	32.0	160.0	0.3333333333333333
39416	321	0	5	0.795	161.0	805.0	0.3333333333333333
39417	335	0	5	0.83	255.4	1277.0	0.3333333333333333
39418	231	0	5	0.57	203.0	1015.0	0.0
39419	392	0	5	0.9725	238.8	1194.0	0.6666666666666666
39420	195	0	5	0.48	169.6	848.0	0.0
39421	272	0	5	0.6725	146.8	734.0	0.3333333333333333
39422	270	0	5	0.6675	175.2	876.0	0.6666666666666666
39423	264	0	5	0.6525	175.6	878.0	0.3333333333333333
39424	295	1	4	0.735	174.2	871.0	1.0
39425	236	0	5	0.5825	67.6	338.0	0.3333333333333333
39426	304	0	5	0.7525	202.6	1013.0	0.6666666666666666
39427	144	0	5	0.3525	68.8	344.0	0.3333333333333333
39428	153	0	5	0.375	151.0	755.0	0.0
39429	311	0	5	0.77	179.2	896.0	0.3333333333333333
39430	336	0	5	0.8325	138.8	694.0	0.6666666666666666
39431	138	0	5	0.3375	124.0	620.0	0.6666666666666666
39432	308	1	4	0.7675	221.8	1109.0	1.0
39433	258	0	5	0.6375	226.6	1133.0	0.0
39434	24	0	5	0.0525	22.0	110.0	0.0
39435	116	0	5	0.2825	53.6	268.0	0.6666666666666666
39436	115	0	5	0.28	111.0	555.0	0.3333333333333333
39437	150	0	5	0.3675	71.2	356.0	0.3333333333333333
39438	399	0	5	0.99	146.2	731.0	0.6666666666666666
39439	291	0	5	0.72	161.0	805.0	0.3333333333333333
39440	177	0	5	0.435	98.6	493.0	0.3333333333333333
39441	259	0	5	0.64	196.8	984.0	0.3333333333333333
39442	132	0	5	0.3225	65.8	329.0	0.3333333333333333
39443	2	0	5	0.0	0.0	0.0	0.0
39444	184	0	5	0.4525	96.0	480.0	0.3333333333333333
39445	121	0	5	0.295	92.6	463.0	0.3333333333333333
39446	34	0	5	0.0775	29.6	148.0	0.3333333333333333
39447	168	0	5	0.4125	133.8	669.0	0.3333333333333333
39448	371	1	4	0.925	323.6	1618.0	1.0
39449	326	0	5	0.8075	180.8	904.0	0.6666666666666666
39450	96	0	5	0.2325	34.0	170.0	0.6666666666666666
39451	129	0	5	0.315	105.8	529.0	0.0
39452	296	0	5	0.7325	145.4	727.0	0.3333333333333333
39453	344	0	5	0.8525	162.2	811.0	0.6666666666666666
39454	186	1	3	0.4625	133.6	668.0	1.0
39455	148	0	5	0.3625	119.4	597.0	0.0
39456	68	0	5	0.1625	51.6	258.0	0.3333333333333333
39457	356	0	5	0.8825	178.2	891.0	0.0
39458	323	0	5	0.8	239.4	1197.0	0.3333333333333333
39459	152	0	5	0.3725	72.4	362.0	0.3333333333333333
39460	199	0	5	0.49	145.8	729.0	0.3333333333333333
39461	261	0	5	0.645	235.8	1179.0	0.6666666666666666
39462	329	0	5	0.815	189.0	945.0	0.3333333333333333
39463	72	0	5	0.1725	70.0	350.0	0.0
39464	63	0	5	0.15	26.8	134.0	0.0
39465	340	0	5	0.8425	265.2	1326.0	0.3333333333333333
39466	378	0	5	0.9375	272.4	1362.0	0.6666666666666666
39467	93	0	5	0.225	22.6	113.0	0.6666666666666666
39468	326	0	5	0.8075	288.4	1442.0	0.0
39469	206	0	5	0.5075	132.2	661.0	0.6666666666666666
39470	60	0	5	0.1425	50.2	251.0	0.3333333333333333
39471	240	0	5	0.5925	156.0	780.0	0.6666666666666666
39472	156	0	5	0.3825	121.6	608.0	0.0
39473	331	0	5	0.82	265.4	1327.0	0.3333333333333333
39474	289	0	5	0.715	165.2	826.0	0.6666666666666666
39475	46	0	5	0.1075	44.0	220.0	0.3333333333333333
39476	379	0	5	0.94	264.0	1320.0	0.6666666666666666
39477	192	0	5	0.4725	82.0	410.0	0.3333333333333333
39478	184	0	5	0.4525	182.0	910.0	0.0
39479	287	0	5	0.71	99.4	497.0	0.3333333333333333
39480	138	0	5	0.3375	75.4	377.0	0.3333333333333333
39481	285	0	5	0.705	165.8	829.0	0.6666666666666666
39482	106	0	5	0.2575	22.4	112.0	0.3333333333333333
39483	352	0	5	0.8725	275.0	1375.0	0.6666666666666666
39484	395	1	4	0.985	167.6	838.0	1.0
39485	209	0	5	0.515	179.4	897.0	0.0
39486	99	0	5	0.24	78.4	392.0	0.3333333333333333
39487	205	0	5	0.505	75.8	379.0	0.6666666666666666
39488	18	0	5	0.0375	8.0	40.0	0.3333333333333333
39489	249	0	5	0.615	146.2	731.0	0.6666666666666666
39490	151	0	5	0.37	144.2	721.0	0.0
39491	261	0	5	0.645	128.8	644.0	0.3333333333333333
39492	64	0	5	0.1525	50.6	253.0	0.3333333333333333
39493	90	0	5	0.2175	59.6	298.0	0.3333333333333333
39494	323	1	4	0.805	141.6	708.0	1.0
39495	239	0	5	0.59	195.8	979.0	0.3333333333333333
39496	146	1	4	0.3625	110.0	550.0	1.0
39497	261	0	5	0.645	204.8	1024.0	0.6666666666666666
39498	307	0	5	0.76	191.4	957.0	0.6666666666666666
39499	164	0	5	0.4025	106.2	531.0	0.0
39500	184	0	5	0.4525	172.4	862.0	0.0
39501	218	0	5	0.5375	103.2	516.0	0.3333333333333333
39502	263	0	5	0.65	80.2	401.0	0.6666666666666666
39503	132	0	5	0.3225	56.2	281.0	0.6666666666666666
39504	239	0	5	0.59	104.4	522.0	0.3333333333333333
39505	319	0	5	0.79	302.4	1512.0	0.3333333333333333
39506	4	0	5	0.0025	2.0	10.0	0.0
39507	78	0	5	0.1875	56.4	282.0	0.3333333333333333
39508	179	0	5	0.44	100.2	501.0	0.6666666666666666
39509	189	0	5	0.465	138.2	691.0	0.3333333333333333
39510	65	0	5	0.155	52.0	260.0	0.0
39511	329	1	3	0.82	149.0	745.0	1.0
39512	378	0	5	0.9375	292.8	1464.0	0.6666666666666666
39513	391	0	5	0.97	327.0	1635.0	0.6666666666666666
39514	54	0	5	0.1275	48.6	243.0	0.3333333333333333
39515	252	0	5	0.6225	204.4	1022.0	0.3333333333333333
39516	78	0	5	0.1875	52.8	264.0	0.0
39517	150	0	5	0.3675	133.2	666.0	0.3333333333333333
39518	97	1	4	0.24	78.0	390.0	1.0
39519	340	0	5	0.8425	186.6	933.0	0.6666666666666666
39520	279	1	4	0.695	160.2	801.0	1.0
39521	137	0	5	0.335	114.2	571.0	0.3333333333333333
39522	220	0	5	0.5425	123.6	618.0	0.6666666666666666
39523	224	0	5	0.5525	155.2	776.0	0.3333333333333333
39524	126	0	5	0.3075	45.0	225.0	0.6666666666666666
39525	181	0	5	0.445	161.6	808.0	0.3333333333333333
39526	308	0	5	0.7625	171.2	856.0	0.3333333333333333
39527	206	0	5	0.5075	186.8	934.0	0.3333333333333333
39528	163	0	5	0.4	81.8	409.0	0.3333333333333333
39529	118	1	4	0.2925	116.6	583.0	1.0
39530	248	0	5	0.6125	136.0	680.0	0.0
39531	342	0	5	0.8475	87.2	436.0	0.3333333333333333
39532	230	0	5	0.5675	146.6	733.0	0.6666666666666666
39533	275	0	5	0.68	200.4	1002.0	0.3333333333333333
39534	238	0	5	0.5875	150.6	753.0	0.3333333333333333
39535	44	0	5	0.1025	42.0	210.0	0.0
39536	133	0	5	0.325	107.4	537.0	0.0
39537	343	0	5	0.85	170.2	851.0	0.6666666666666666
39538	276	0	5	0.6825	196.0	980.0	0.6666666666666666
39539	363	0	5	0.9	277.8	1389.0	0.6666666666666666
39540	377	0	5	0.935	246.2	1231.0	0.6666666666666666
39541	383	1	4	0.955	178.8	894.0	1.0
39542	175	0	5	0.43	93.8	469.0	0.3333333333333333
39543	125	0	5	0.305	78.8	394.0	0.3333333333333333
39544	388	0	5	0.9625	180.6	903.0	0.6666666666666666
39545	200	0	5	0.4925	90.0	450.0	0.3333333333333333
39546	118	0	5	0.2875	80.6	403.0	0.3333333333333333
39547	20	0	5	0.0425	18.0	90.0	0.0
39548	348	0	5	0.8625	203.8	1019.0	0.6666666666666666
39549	365	1	4	0.91	217.2	1086.0	1.0
39550	328	0	5	0.8125	260.0	1300.0	0.3333333333333333
39551	386	1	4	0.9625	207.6	1038.0	1.0
39552	70	0	5	0.1675	68.0	340.0	0.0
39553	88	0	5	0.2125	57.2	286.0	0.0
39554	128	0	5	0.3125	81.2	406.0	0.6666666666666666
39555	203	1	4	0.505	142.4	712.0	1.0
39556	236	0	5	0.5825	139.6	698.0	0.6666666666666666
39557	271	0	5	0.67	195.8	979.0	0.6666666666666666
39558	103	0	5	0.25	43.0	215.0	0.3333333333333333
39559	352	1	4	0.8775	243.2	1216.0	1.0
39560	98	0	5	0.2375	44.0	220.0	0.3333333333333333
39561	284	0	5	0.7025	104.4	522.0	0.3333333333333333
39562	328	0	5	0.8125	266.6	1333.0	0.0
39563	385	0	5	0.955	293.6	1468.0	0.6666666666666666
39564	375	0	5	0.93	148.2	741.0	0.6666666666666666
39565	374	1	4	0.9325	206.6	1033.0	1.0
39566	63	0	5	0.15	39.4	197.0	0.3333333333333333
39567	210	0	5	0.5175	137.2	686.0	0.3333333333333333
39568	64	0	5	0.1525	37.2	186.0	0.3333333333333333
39569	325	0	5	0.805	295.0	1475.0	0.6666666666666666
39570	367	1	3	0.915	157.0	785.0	1.0
39571	201	0	5	0.495	121.8	609.0	0.3333333333333333
39572	162	0	5	0.3975	154.6	773.0	0.0
39573	9	0	5	0.015	7.0	35.0	0.0
39574	369	0	5	0.915	128.6	643.0	0.6666666666666666
39575	177	0	5	0.435	111.4	557.0	0.3333333333333333
39576	330	0	5	0.8175	263.4	1317.0	0.6666666666666666
39577	142	0	5	0.3475	126.2	631.0	0.0
39578	44	0	5	0.1025	42.0	210.0	0.0
39579	23	0	5	0.05	21.0	105.0	0.0
39580	398	0	5	0.9875	172.8	864.0	0.6666666666666666
39581	225	0	5	0.555	96.0	480.0	0.3333333333333333
39582	58	0	5	0.1375	52.0	260.0	0.0
39583	88	0	5	0.2125	68.4	342.0	0.0
39584	140	0	5	0.3425	92.4	462.0	0.0
39585	251	0	5	0.62	145.8	729.0	0.3333333333333333
39586	47	0	5	0.11	45.0	225.0	0.0
39587	307	0	5	0.76	117.6	588.0	0.3333333333333333
39588	177	0	5	0.435	131.0	655.0	0.3333333333333333
39589	162	0	5	0.3975	71.2	356.0	0.3333333333333333
39590	98	0	5	0.2375	29.4	147.0	0.3333333333333333
39591	166	0	5	0.4075	156.4	782.0	0.3333333333333333
39592	397	0	5	0.985	280.8	1404.0	0.3333333333333333
39593	292	0	5	0.7225	188.6	943.0	0.3333333333333333
39594	279	0	5	0.69	214.6	1073.0	0.6666666666666666
39595	272	0	5	0.6725	180.4	902.0	0.3333333333333333
39596	76	0	5	0.1825	72.8	364.0	0.0
39597	378	1	4	0.9425	289.8	1449.0	1.0
39598	257	0	5	0.635	66.2	331.0	0.6666666666666666
39599	243	0	5	0.6	93.8	469.0	0.6666666666666666
39600	280	0	5	0.6925	205.2	1026.0	0.3333333333333333
39601	122	0	5	0.2975	37.0	185.0	0.6666666666666666
39602	179	0	5	0.44	68.2	341.0	0.6666666666666666
39603	161	0	5	0.395	122.2	611.0	0.3333333333333333
39604	34	0	5	0.0775	32.0	160.0	0.0
39605	334	0	5	0.8275	116.8	584.0	0.6666666666666666
39606	262	1	4	0.6525	166.0	830.0	1.0
39607	245	0	5	0.605	130.2	651.0	0.6666666666666666
39608	172	0	5	0.4225	107.6	538.0	0.6666666666666666
39609	298	0	5	0.7375	296.0	1480.0	0.0
39610	280	1	4	0.6975	180.2	901.0	1.0
39611	284	0	5	0.7025	85.2	426.0	0.3333333333333333
39612	208	1	4	0.5175	132.8	664.0	1.0
39613	173	0	5	0.425	74.8	374.0	0.3333333333333333
39614	326	0	5	0.8075	240.8	1204.0	0.0
39615	271	1	4	0.675	160.4	802.0	1.0
39616	215	0	5	0.53	203.8	1019.0	0.3333333333333333
39617	139	0	5	0.34	85.0	425.0	0.3333333333333333
39618	266	0	5	0.6575	125.6	628.0	0.3333333333333333
39619	38	0	5	0.0875	36.0	180.0	0.0
39620	362	0	5	0.8975	237.0	1185.0	0.6666666666666666
39621	278	0	5	0.6875	228.4	1142.0	0.3333333333333333
39622	309	1	4	0.77	232.2	1161.0	1.0
39623	218	0	5	0.5375	216.0	1080.0	0.0
39624	297	0	5	0.735	114.2	571.0	0.6666666666666666
39625	282	0	5	0.6975	252.0	1260.0	0.3333333333333333
39626	295	0	5	0.73	110.4	552.0	0.6666666666666666
39627	330	0	5	0.8175	286.8	1434.0	0.3333333333333333
39628	220	1	4	0.5475	80.0	400.0	1.0
39629	245	0	5	0.605	63.0	315.0	0.3333333333333333
39630	182	0	5	0.4475	120.0	600.0	0.3333333333333333
39631	249	0	5	0.615	181.8	909.0	0.6666666666666666
39632	29	0	5	0.065	11.0	55.0	0.3333333333333333
39633	368	0	5	0.9125	213.6	1068.0	0.6666666666666666
39634	258	0	5	0.6375	155.2	776.0	0.3333333333333333
39635	27	0	5	0.06	25.0	125.0	0.0
39636	269	0	5	0.665	152.2	761.0	0.3333333333333333
39637	150	1	4	0.3725	74.6	373.0	1.0
39638	336	1	4	0.8375	207.4	1037.0	1.0
39639	146	0	5	0.3575	57.2	286.0	0.3333333333333333
39640	73	0	5	0.175	71.0	355.0	0.0
39641	64	0	5	0.1525	62.0	310.0	0.0
39642	209	0	5	0.515	156.2	781.0	0.6666666666666666
39643	248	0	5	0.6125	227.2	1136.0	0.3333333333333333
39644	148	0	5	0.3625	115.6	578.0	0.3333333333333333
39645	5	0	5	0.005	3.0	15.0	0.0
39646	182	1	4	0.4525	87.6	438.0	1.0
39647	45	0	5	0.105	43.0	215.0	0.0
39648	189	0	5	0.465	77.2	386.0	0.0
39649	255	1	4	0.635	92.6	463.0	1.0
39650	275	1	4	0.685	136.8	684.0	1.0
39651	158	0	5	0.3875	79.0	395.0	0.6666666666666666
39652	114	0	5	0.2775	80.8	404.0	0.0
39653	71	0	5	0.17	65.2	326.0	0.3333333333333333
39654	288	0	5	0.7125	182.0	910.0	0.3333333333333333
39655	206	0	5	0.5075	201.8	1009.0	0.3333333333333333
39656	289	0	5	0.715	203.8	1019.0	0.6666666666666666
39657	383	1	4	0.955	196.0	980.0	1.0
39658	131	0	5	0.32	106.8	534.0	0.6666666666666666
39659	386	0	5	0.9575	136.4	682.0	0.6666666666666666
39660	110	0	5	0.2675	84.4	422.0	0.3333333333333333
39661	127	0	5	0.31	91.6	458.0	0.3333333333333333
39662	288	0	5	0.7125	261.6	1308.0	0.3333333333333333
39663	326	0	5	0.8075	185.6	928.0	0.6666666666666666
39664	118	0	5	0.2875	114.4	572.0	0.3333333333333333
39665	163	0	5	0.4	101.0	505.0	0.3333333333333333
39666	21	0	5	0.045	19.0	95.0	0.0
39667	347	0	5	0.86	84.4	422.0	0.3333333333333333
39668	229	0	5	0.565	127.4	637.0	0.6666666666666666
39669	298	0	5	0.7375	250.0	1250.0	0.3333333333333333
39670	239	0	5	0.59	148.0	740.0	0.6666666666666666
39671	276	0	5	0.6825	168.0	840.0	0.6666666666666666
39672	30	0	5	0.0675	28.0	140.0	0.0
39673	156	0	5	0.3825	149.2	746.0	0.0
39674	345	0	5	0.855	187.4	937.0	0.6666666666666666
39675	339	1	4	0.845	166.6	833.0	1.0
39676	189	0	5	0.465	187.0	935.0	0.0
39677	193	0	5	0.475	170.0	850.0	0.0
39678	164	0	5	0.4025	42.0	210.0	0.3333333333333333
39679	173	0	5	0.425	131.6	658.0	0.6666666666666666
39680	362	0	5	0.8975	265.2	1326.0	0.3333333333333333
39681	118	0	5	0.2875	95.6	478.0	0.3333333333333333
39682	128	0	5	0.3125	31.2	156.0	0.0
39683	86	0	5	0.2075	84.0	420.0	0.0
39684	29	0	5	0.065	27.0	135.0	0.0
39685	167	0	5	0.41	93.6	468.0	0.3333333333333333
39686	307	1	4	0.765	170.0	850.0	1.0
39687	244	0	5	0.6025	166.8	834.0	0.3333333333333333
39688	102	0	5	0.2475	92.8	464.0	0.3333333333333333
39689	93	0	5	0.225	77.4	387.0	0.3333333333333333
39690	189	1	4	0.47	153.6	768.0	1.0
39691	207	0	5	0.51	129.4	647.0	0.3333333333333333
39692	299	0	5	0.74	127.6	638.0	0.3333333333333333
39693	57	0	5	0.135	55.0	275.0	0.0
39694	339	0	5	0.84	188.2	941.0	0.6666666666666666
39695	175	0	5	0.43	65.2	326.0	0.3333333333333333
39696	292	0	5	0.7225	218.4	1092.0	0.6666666666666666
39697	116	0	5	0.2825	64.2	321.0	0.3333333333333333
39698	339	0	5	0.84	287.0	1435.0	0.3333333333333333
39699	377	0	5	0.935	206.2	1031.0	0.6666666666666666
39700	120	0	5	0.2925	116.8	584.0	0.0
39701	36	0	5	0.0825	20.2	101.0	0.0
39702	304	0	5	0.7525	205.4	1027.0	0.3333333333333333
39703	263	0	5	0.65	93.4	467.0	0.6666666666666666
39704	39	0	5	0.09	18.4	92.0	0.0
39705	79	0	5	0.19	51.0	255.0	0.0
39706	181	0	5	0.445	69.4	347.0	0.3333333333333333
39707	87	0	5	0.21	85.0	425.0	0.0
39708	65	0	5	0.155	21.4	107.0	0.3333333333333333
39709	202	1	4	0.5025	59.4	297.0	1.0
39710	228	0	5	0.5625	106.4	532.0	0.3333333333333333
39711	394	0	5	0.9775	251.0	1255.0	0.6666666666666666
39712	138	0	5	0.3375	136.0	680.0	0.0
39713	330	0	5	0.8175	172.8	864.0	0.6666666666666666
39714	220	0	5	0.5425	131.6	658.0	0.3333333333333333
39715	302	0	5	0.7475	171.0	855.0	0.3333333333333333
39716	234	0	5	0.5775	136.4	682.0	0.6666666666666666
39717	160	0	5	0.3925	99.6	498.0	0.3333333333333333
39718	15	0	5	0.03	13.0	65.0	0.0
39719	85	0	5	0.205	83.0	415.0	0.0
39720	246	0	5	0.6075	197.0	985.0	0.3333333333333333
39721	262	0	5	0.6475	169.8	849.0	0.3333333333333333
39722	181	0	5	0.445	167.4	837.0	0.3333333333333333
39723	168	0	5	0.4125	122.0	610.0	0.3333333333333333
39724	160	0	5	0.3925	88.4	442.0	0.6666666666666666
39725	88	0	5	0.2125	76.8	384.0	0.3333333333333333
39726	70	0	5	0.1675	68.0	340.0	0.0
39727	170	0	5	0.4175	135.8	679.0	0.3333333333333333
39728	328	0	5	0.8125	316.4	1582.0	0.0
39729	186	0	5	0.4575	105.6	528.0	0.3333333333333333
39730	213	0	5	0.525	166.6	833.0	0.3333333333333333
39731	330	0	5	0.8175	161.8	809.0	0.6666666666666666
39732	90	0	5	0.2175	81.2	406.0	0.0
39733	185	1	4	0.46	94.6	473.0	1.0
39734	209	0	5	0.515	207.0	1035.0	0.0
39735	15	0	5	0.03	13.0	65.0	0.0
39736	66	0	5	0.1575	16.0	80.0	0.3333333333333333
39737	394	1	4	0.9825	225.6	1128.0	1.0
39738	378	1	4	0.9425	205.2	1026.0	1.0
39739	278	0	5	0.6875	192.4	962.0	0.3333333333333333
39740	123	0	5	0.3	51.8	259.0	0.3333333333333333
39741	85	0	5	0.205	50.6	253.0	0.3333333333333333
39742	79	0	5	0.19	77.0	385.0	0.0
39743	14	0	5	0.0275	12.0	60.0	0.0
39744	54	0	5	0.1275	52.0	260.0	0.0
39745	272	0	5	0.6725	166.4	832.0	0.0
39746	379	1	4	0.945	151.6	758.0	1.0
39747	131	1	4	0.325	46.8	234.0	1.0
39748	248	0	5	0.6125	207.6	1038.0	0.0
39749	327	0	5	0.81	248.4	1242.0	0.3333333333333333
39750	197	0	5	0.485	117.0	585.0	0.3333333333333333
39751	143	0	5	0.35	108.2	541.0	0.3333333333333333
39752	360	0	5	0.8925	92.0	460.0	0.6666666666666666
39753	92	0	5	0.2225	90.0	450.0	0.0
39754	178	0	5	0.4375	145.0	725.0	0.6666666666666666
39755	342	1	4	0.8525	162.0	810.0	1.0
39756	195	0	5	0.48	153.6	768.0	0.6666666666666666
39757	375	0	5	0.93	300.6	1503.0	0.6666666666666666
39758	129	0	5	0.315	93.4	467.0	0.3333333333333333
39759	166	0	5	0.4075	109.6	548.0	0.3333333333333333
39760	112	0	5	0.2725	81.2	406.0	0.0
39761	116	0	5	0.2825	93.6	468.0	0.3333333333333333
39762	336	0	5	0.8325	265.8	1329.0	0.6666666666666666
39763	39	0	5	0.09	37.0	185.0	0.0
39764	90	0	5	0.2175	88.0	440.0	0.0
39765	355	0	5	0.88	139.0	695.0	0.6666666666666666
39766	311	0	5	0.77	255.0	1275.0	0.0
39767	207	0	5	0.51	163.4	817.0	0.3333333333333333
39768	133	0	5	0.325	91.4	457.0	0.0
39769	249	0	5	0.615	76.2	381.0	0.6666666666666666
39770	343	1	4	0.855	207.8	1039.0	1.0
39771	316	0	5	0.7825	216.0	1080.0	0.3333333333333333
39772	165	0	5	0.405	131.2	656.0	0.3333333333333333
39773	139	0	5	0.34	100.0	500.0	0.3333333333333333
39774	26	0	5	0.0575	24.0	120.0	0.0
39775	209	0	5	0.515	95.6	478.0	0.3333333333333333
39776	56	0	5	0.1325	54.0	270.0	0.0
39777	130	0	5	0.3175	96.8	484.0	0.3333333333333333
39778	184	0	5	0.4525	137.6	688.0	0.0
39779	195	0	5	0.48	106.4	532.0	0.6666666666666666
39780	366	0	5	0.9075	261.2	1306.0	0.6666666666666666
39781	168	1	4	0.4175	73.0	365.0	1.0
39782	118	0	5	0.2875	116.0	580.0	0.0
39783	171	0	5	0.42	127.0	635.0	0.3333333333333333
39784	11	0	5	0.02	9.0	45.0	0.0
39785	372	0	5	0.9225	302.2	1511.0	0.6666666666666666
39786	39	0	5	0.09	37.0	185.0	0.0
39787	174	0	5	0.4275	102.4	512.0	0.3333333333333333
39788	92	0	5	0.2225	90.0	450.0	0.0
39789	182	0	5	0.4475	110.6	553.0	0.3333333333333333
39790	324	0	5	0.8025	247.2	1236.0	0.6666666666666666
39791	189	0	5	0.465	77.4	387.0	0.6666666666666666
39792	340	0	5	0.8425	205.6	1028.0	0.6666666666666666
39793	131	0	5	0.32	116.2	581.0	0.3333333333333333
39794	294	1	4	0.7325	128.4	642.0	1.0
39795	103	0	5	0.25	33.0	165.0	0.6666666666666666
39796	379	1	4	0.945	286.8	1434.0	1.0
39797	201	0	5	0.495	99.0	495.0	0.3333333333333333
39798	314	0	5	0.7775	203.6	1018.0	0.6666666666666666
39799	212	0	5	0.5225	175.6	878.0	0.3333333333333333
39800	145	0	5	0.355	143.0	715.0	0.0
39801	374	1	4	0.9325	168.4	842.0	1.0
39802	155	0	5	0.38	135.4	677.0	0.3333333333333333
39803	100	0	5	0.2425	91.6	458.0	0.3333333333333333
39804	306	0	5	0.7575	199.2	996.0	0.6666666666666666
39805	260	0	5	0.6425	104.6	523.0	0.3333333333333333
39806	136	0	5	0.3325	106.4	532.0	0.3333333333333333
39807	218	1	4	0.5425	66.0	330.0	1.0
39808	274	0	5	0.6775	213.8	1069.0	0.6666666666666666
39809	269	0	5	0.665	128.8	644.0	0.3333333333333333
39810	259	1	4	0.645	91.8	459.0	1.0
39811	170	0	5	0.4175	127.0	635.0	0.6666666666666666
39812	290	0	5	0.7175	84.0	420.0	0.6666666666666666
39813	332	1	4	0.8275	168.8	844.0	1.0
39814	140	0	5	0.3425	122.2	611.0	0.6666666666666666
39815	263	0	5	0.65	148.2	741.0	0.3333333333333333
39816	250	0	5	0.6175	180.0	900.0	0.6666666666666666
39817	359	0	5	0.89	148.2	741.0	0.6666666666666666
39818	3	0	5	0.0025	0.4	2.0	0.3333333333333333
39819	197	0	5	0.485	113.4	567.0	0.6666666666666666
39820	261	0	5	0.645	113.0	565.0	0.6666666666666666
39821	29	0	5	0.065	27.0	135.0	0.0
39822	188	0	5	0.4625	97.6	488.0	0.3333333333333333
39823	88	0	5	0.2125	71.8	359.0	0.0
39824	145	0	5	0.355	84.2	421.0	0.3333333333333333
39825	305	1	4	0.76	137.8	689.0	1.0
39826	126	0	5	0.3075	61.0	305.0	0.3333333333333333
39827	92	0	5	0.2225	90.0	450.0	0.0
39828	262	0	5	0.6475	159.8	799.0	0.3333333333333333
39829	360	0	5	0.8925	274.2	1371.0	0.6666666666666666
39830	352	0	5	0.8725	217.8	1089.0	0.6666666666666666
39831	226	0	5	0.5575	193.8	969.0	0.0
39832	172	0	5	0.4225	47.8	239.0	0.3333333333333333
39833	234	0	5	0.5775	186.8	934.0	0.3333333333333333
39834	329	0	5	0.815	234.2	1171.0	0.3333333333333333
39835	172	0	5	0.4225	170.0	850.0	0.0
39836	192	0	5	0.4725	126.0	630.0	0.3333333333333333
39837	354	1	4	0.8825	264.4	1322.0	1.0
39838	297	0	5	0.735	141.6	708.0	0.6666666666666666
39839	138	0	5	0.3375	63.6	318.0	0.3333333333333333
39840	171	0	5	0.42	120.2	601.0	0.0
39841	289	0	5	0.715	187.6	938.0	0.6666666666666666
39842	261	0	5	0.645	158.2	791.0	0.3333333333333333
39843	314	0	5	0.7775	298.2	1491.0	0.6666666666666666
39844	383	0	5	0.95	297.6	1488.0	0.6666666666666666
39845	205	0	5	0.505	170.4	852.0	0.6666666666666666
39846	267	0	5	0.66	166.6	833.0	0.6666666666666666
39847	5	0	5	0.005	3.0	15.0	0.0
39848	96	0	5	0.2325	27.6	138.0	0.3333333333333333
39849	278	0	5	0.6875	102.8	514.0	0.6666666666666666
39850	194	1	4	0.4825	64.4	322.0	1.0
39851	272	0	5	0.6725	119.4	597.0	0.6666666666666666
39852	122	0	5	0.2975	88.0	440.0	0.3333333333333333
39853	309	0	5	0.765	244.8	1224.0	0.3333333333333333
39854	335	0	5	0.83	282.0	1410.0	0.6666666666666666
39855	214	0	5	0.5275	163.4	817.0	0.3333333333333333
39856	38	0	5	0.0875	36.0	180.0	0.0
39857	264	1	4	0.6575	170.8	854.0	1.0
39858	44	0	5	0.1025	42.0	210.0	0.0
39859	384	0	5	0.9525	109.8	549.0	0.6666666666666666
39860	354	0	5	0.8775	197.2	986.0	0.3333333333333333
39861	300	1	4	0.7475	142.4	712.0	1.0
39862	305	0	5	0.755	147.2	736.0	0.3333333333333333
39863	178	0	5	0.4375	147.2	736.0	0.6666666666666666
39864	341	0	5	0.845	217.0	1085.0	0.6666666666666666
39865	207	0	5	0.51	109.6	548.0	0.3333333333333333
39866	115	0	5	0.28	113.0	565.0	0.0
39867	259	0	5	0.64	157.8	789.0	0.3333333333333333
39868	328	0	5	0.8125	147.8	739.0	0.6666666666666666
39869	217	0	5	0.535	106.4	532.0	0.6666666666666666
39870	64	0	5	0.1525	50.2	251.0	0.3333333333333333
39871	94	0	5	0.2275	92.0	460.0	0.0
39872	242	0	5	0.5975	123.8	619.0	0.6666666666666666
39873	302	0	5	0.7475	149.2	746.0	0.6666666666666666
39874	15	0	5	0.03	13.0	65.0	0.0
39875	275	0	5	0.68	170.2	851.0	0.3333333333333333
39876	292	0	5	0.7225	236.6	1183.0	0.3333333333333333
39877	31	0	5	0.07	29.0	145.0	0.0
39878	47	0	5	0.11	45.0	225.0	0.0
39879	293	0	5	0.725	135.8	679.0	0.6666666666666666
39880	35	0	5	0.08	33.0	165.0	0.0
39881	333	0	5	0.825	211.4	1057.0	0.6666666666666666
39882	158	0	5	0.3875	156.0	780.0	0.0
39883	264	0	5	0.6525	236.4	1182.0	0.3333333333333333
39884	91	0	5	0.22	53.6	268.0	0.3333333333333333
39885	190	0	5	0.4675	106.4	532.0	0.3333333333333333
39886	44	0	5	0.1025	42.0	210.0	0.0
39887	18	0	5	0.0375	16.0	80.0	0.0
39888	354	0	5	0.8775	154.0	770.0	0.0
39889	233	0	5	0.575	66.2	331.0	0.3333333333333333
39890	273	0	5	0.675	142.8	714.0	0.6666666666666666
39891	279	0	5	0.69	151.4	757.0	0.3333333333333333
39892	131	0	5	0.32	115.4	577.0	0.3333333333333333
39893	200	0	5	0.4925	125.4	627.0	0.6666666666666666
39894	198	0	5	0.4875	196.0	980.0	0.0
39895	202	0	5	0.4975	114.6	573.0	0.3333333333333333
39896	171	0	5	0.42	116.2	581.0	0.0
39897	69	0	5	0.165	35.2	176.0	0.3333333333333333
39898	218	1	4	0.5425	146.6	733.0	1.0
39899	269	0	5	0.665	97.4	487.0	0.3333333333333333
39900	257	0	5	0.635	159.0	795.0	0.6666666666666666
39901	133	0	5	0.325	68.0	340.0	0.3333333333333333
39902	356	0	5	0.8825	323.2	1616.0	0.0
39903	203	0	5	0.5	153.8	769.0	0.6666666666666666
39904	159	0	5	0.39	157.0	785.0	0.0
39905	99	0	5	0.24	97.0	485.0	0.6666666666666666
39906	202	1	2	0.5025	168.2	841.0	1.0
39907	393	1	4	0.98	193.0	965.0	1.0
39908	167	0	5	0.41	93.8	469.0	0.3333333333333333
39909	173	0	5	0.425	123.6	618.0	0.6666666666666666
39910	265	0	5	0.655	194.4	972.0	0.6666666666666666
39911	193	0	5	0.475	115.4	577.0	0.6666666666666666
39912	296	0	5	0.7325	96.8	484.0	0.6666666666666666
39913	139	0	5	0.34	122.4	612.0	0.6666666666666666
39914	192	0	5	0.4725	158.6	793.0	0.6666666666666666
39915	58	0	5	0.1375	40.4	202.0	0.3333333333333333
39916	37	0	5	0.085	35.0	175.0	0.0
39917	399	0	5	0.99	216.0	1080.0	0.6666666666666666
39918	338	1	4	0.8425	221.0	1105.0	1.0
39919	23	0	5	0.05	21.0	105.0	0.0
39920	242	0	5	0.5975	111.6	558.0	0.0
39921	45	0	5	0.105	43.0	215.0	0.0
39922	179	0	5	0.44	99.6	498.0	0.6666666666666666
39923	23	0	5	0.05	21.0	105.0	0.0
39924	266	0	5	0.6575	261.0	1305.0	0.3333333333333333
39925	29	0	5	0.065	27.0	135.0	0.0
39926	401	0	4	0.9975	163.2	816.0	0.6666666666666666
39927	215	0	5	0.53	212.6	1063.0	0.3333333333333333
39928	58	0	5	0.1375	39.6	198.0	0.3333333333333333
39929	113	0	5	0.275	91.6	458.0	0.0
39930	392	0	5	0.9725	228.0	1140.0	0.6666666666666666
39931	203	1	4	0.505	111.4	557.0	1.0
39932	59	0	5	0.14	53.4	267.0	0.3333333333333333
39933	268	1	4	0.6675	97.4	487.0	1.0
39934	283	0	5	0.7	245.0	1225.0	0.6666666666666666
39935	110	0	5	0.2675	98.6	493.0	0.0
39936	193	0	5	0.475	142.2	711.0	0.3333333333333333
39937	327	1	4	0.815	117.2	586.0	1.0
39938	291	0	5	0.72	80.8	404.0	0.3333333333333333
39939	25	0	5	0.055	21.8	109.0	0.0
39940	125	0	5	0.305	123.0	615.0	0.0
39941	116	0	5	0.2825	90.0	450.0	0.0
39942	362	0	5	0.8975	211.6	1058.0	0.6666666666666666
39943	47	0	5	0.11	45.0	225.0	0.0
39944	199	0	5	0.49	78.2	391.0	0.3333333333333333
39945	217	0	5	0.535	78.2	391.0	0.6666666666666666
39946	205	0	5	0.505	185.4	927.0	0.3333333333333333
39947	258	1	4	0.6425	150.6	753.0	1.0
39948	98	0	5	0.2375	92.0	460.0	0.3333333333333333
39949	259	1	4	0.645	177.0	885.0	1.0
39950	387	0	5	0.96	287.0	1435.0	0.6666666666666666
39951	381	0	5	0.945	346.8	1734.0	0.6666666666666666
39952	150	0	5	0.3675	74.4	372.0	0.3333333333333333
39953	96	0	5	0.2325	27.6	138.0	0.3333333333333333
39954	121	0	5	0.295	40.6	203.0	0.0
39955	347	1	4	0.865	209.8	1049.0	1.0
39956	20	0	5	0.0425	18.0	90.0	0.0
39957	242	0	5	0.5975	115.8	579.0	0.0
39958	202	0	5	0.4975	72.4	362.0	0.6666666666666666
39959	167	0	5	0.41	165.0	825.0	0.0
39960	256	0	5	0.6325	185.2	926.0	0.3333333333333333
39961	175	0	5	0.43	38.6	193.0	0.6666666666666666
39962	228	0	5	0.5625	45.2	226.0	0.3333333333333333
39963	137	0	5	0.335	135.0	675.0	0.0
39964	260	0	5	0.6425	206.4	1032.0	0.0
39965	108	0	5	0.2625	65.6	328.0	0.6666666666666666
39966	230	0	5	0.5675	187.0	935.0	0.3333333333333333
39967	75	0	5	0.18	73.0	365.0	0.0
39968	386	0	5	0.9575	117.0	585.0	0.6666666666666666
39969	163	0	5	0.4	113.0	565.0	0.3333333333333333
39970	82	0	5	0.1975	80.0	400.0	0.0
39971	385	0	5	0.955	220.8	1104.0	0.6666666666666666
39972	317	0	5	0.785	293.2	1466.0	0.3333333333333333
39973	273	0	5	0.675	117.4	587.0	0.6666666666666666
39974	323	0	5	0.8	222.0	1110.0	0.3333333333333333
39975	236	0	5	0.5825	211.4	1057.0	0.6666666666666666
39976	182	0	5	0.4475	180.0	900.0	0.0
39977	155	0	5	0.38	153.0	765.0	0.0
39978	85	0	5	0.205	19.0	95.0	0.3333333333333333
39979	214	0	5	0.5275	131.6	658.0	0.3333333333333333
39980	230	0	5	0.5675	80.8	404.0	0.6666666666666666
39981	73	0	5	0.175	71.0	355.0	0.0
39982	39	0	5	0.09	31.0	155.0	0.0
39983	74	0	5	0.1775	72.0	360.0	0.0
39984	336	0	5	0.8325	181.4	907.0	0.3333333333333333
39985	48	0	5	0.1125	46.0	230.0	0.0
39986	190	0	5	0.4675	146.8	734.0	0.3333333333333333
39987	236	0	5	0.5825	223.6	1118.0	0.3333333333333333
39988	316	0	5	0.7825	213.4	1067.0	0.3333333333333333
39989	265	0	5	0.655	187.2	936.0	0.6666666666666666
39990	84	0	5	0.2025	78.0	390.0	0.6666666666666666
39991	154	0	5	0.3775	150.6	753.0	0.0
39992	118	0	5	0.2875	92.6	463.0	0.3333333333333333
39993	250	0	5	0.6175	100.8	504.0	0.3333333333333333
39994	46	0	5	0.1075	40.2	201.0	0.0
39995	168	0	5	0.4125	141.2	706.0	0.3333333333333333
39996	215	0	5	0.53	162.2	811.0	0.6666666666666666
39997	120	0	5	0.2925	26.0	130.0	0.3333333333333333
39998	335	0	5	0.83	215.0	1075.0	0.6666666666666666
39999	226	0	5	0.5575	216.4	1082.0	0.3333333333333333
40000	150	0	5	0.3675	92.8	464.0	0.3333333333333333
40001	253	0	5	0.625	205.0	1025.0	0.3333333333333333
40002	201	0	5	0.495	198.0	990.0	0.0
40003	232	0	5	0.5725	173.2	866.0	0.3333333333333333
40004	95	0	5	0.23	79.0	395.0	0.3333333333333333
40005	364	0	5	0.9025	231.4	1157.0	0.6666666666666666
40006	100	0	5	0.2425	90.8	454.0	0.3333333333333333
40007	282	0	5	0.6975	183.8	919.0	0.3333333333333333
40008	301	0	5	0.745	161.0	805.0	0.6666666666666666
40009	335	1	4	0.835	250.2	1251.0	1.0
40010	91	0	5	0.22	61.4	307.0	0.3333333333333333
40011	217	0	5	0.535	215.0	1075.0	0.0
40012	384	0	5	0.9525	243.2	1216.0	0.6666666666666666
40013	360	0	5	0.8925	239.2	1196.0	0.3333333333333333
40014	165	0	5	0.405	80.2	401.0	0.3333333333333333
40015	224	0	5	0.5525	176.4	882.0	0.3333333333333333
40016	223	0	5	0.55	179.4	897.0	0.3333333333333333
40017	236	0	5	0.5825	162.0	810.0	0.3333333333333333
40018	381	0	5	0.945	281.8	1409.0	0.6666666666666666
40019	400	0	5	0.9925	101.8	509.0	0.6666666666666666
40020	263	0	5	0.65	161.6	808.0	0.3333333333333333
40021	257	0	5	0.635	141.0	705.0	0.3333333333333333
40022	96	0	5	0.2325	75.6	378.0	0.0
40023	245	0	5	0.605	116.6	583.0	0.3333333333333333
40024	142	0	5	0.3475	114.0	570.0	0.3333333333333333
40025	62	0	5	0.1475	50.0	250.0	0.0
40026	266	0	5	0.6575	183.2	916.0	0.3333333333333333
40027	247	0	5	0.61	157.8	789.0	0.3333333333333333
40028	11	0	5	0.02	9.0	45.0	0.0
40029	387	1	4	0.965	220.6	1103.0	1.0
40030	294	0	5	0.7275	218.8	1094.0	0.6666666666666666
40031	338	0	5	0.8375	171.4	857.0	0.3333333333333333
40032	318	0	5	0.7875	114.4	572.0	0.6666666666666666
40033	69	0	5	0.165	50.2	251.0	0.0
40034	300	1	4	0.7475	164.0	820.0	1.0
40035	63	0	5	0.15	27.4	137.0	0.3333333333333333
40036	43	0	5	0.1	41.0	205.0	0.0
40037	182	1	4	0.4525	90.2	451.0	1.0
40038	119	0	5	0.29	73.4	367.0	0.6666666666666666
40039	3	0	5	0.0025	0.2	1.0	0.3333333333333333
40040	199	0	5	0.49	189.2	946.0	0.3333333333333333
40041	251	1	4	0.625	183.0	915.0	1.0
40042	84	0	5	0.2025	49.2	246.0	0.6666666666666666
40043	56	0	5	0.1325	54.0	270.0	0.0
40044	160	0	5	0.3925	133.6	668.0	0.3333333333333333
40045	347	0	5	0.86	98.6	493.0	0.6666666666666666
40046	306	1	4	0.7625	164.6	823.0	1.0
40047	253	0	5	0.625	131.4	657.0	0.6666666666666666
40048	141	0	5	0.345	119.8	599.0	0.0
40049	187	0	5	0.46	185.0	925.0	0.0
40050	289	0	5	0.715	236.0	1180.0	0.3333333333333333
40051	309	0	5	0.765	235.4	1177.0	0.3333333333333333
40052	283	0	5	0.7	157.0	785.0	0.6666666666666666
40053	400	1	4	0.9975	198.8	994.0	1.0
40054	381	0	5	0.945	219.4	1097.0	0.6666666666666666
40055	139	0	5	0.34	137.0	685.0	0.3333333333333333
40056	52	0	5	0.1225	50.0	250.0	0.0
40057	351	0	5	0.87	149.2	746.0	0.6666666666666666
40058	370	1	4	0.9225	97.2	486.0	1.0
40059	28	0	5	0.0625	5.4	27.0	0.0
40060	43	0	5	0.1	39.8	199.0	0.0
40061	96	0	5	0.2325	29.2	146.0	0.3333333333333333
40062	338	0	5	0.8375	211.4	1057.0	0.6666666666666666
40063	267	0	5	0.66	249.4	1247.0	0.6666666666666666
40064	229	0	5	0.565	174.2	871.0	0.3333333333333333
40065	401	0	4	0.9975	228.2	1141.0	0.6666666666666666
40066	68	0	5	0.1625	18.8	94.0	0.3333333333333333
40067	240	0	5	0.5925	202.0	1010.0	0.6666666666666666
40068	253	0	5	0.625	186.6	933.0	0.6666666666666666
40069	15	0	5	0.03	13.0	65.0	0.0
40070	73	0	5	0.175	31.2	156.0	0.3333333333333333
40071	122	0	5	0.2975	112.2	561.0	0.3333333333333333
40072	273	0	5	0.675	142.4	712.0	0.6666666666666666
40073	158	0	5	0.3875	70.8	354.0	0.6666666666666666
40074	116	0	5	0.2825	25.2	126.0	0.3333333333333333
40075	268	0	5	0.6625	96.4	482.0	0.6666666666666666
40076	8	0	5	0.0125	6.0	30.0	0.0
40077	97	0	5	0.235	90.2	451.0	0.0
40078	125	0	5	0.305	123.0	615.0	0.0
40079	136	0	5	0.3325	75.8	379.0	0.0
40080	194	0	5	0.4775	148.8	744.0	0.6666666666666666
40081	238	0	5	0.5875	144.6	723.0	0.6666666666666666
40082	180	0	5	0.4425	128.8	644.0	0.0
40083	385	0	5	0.955	175.4	877.0	0.6666666666666666
40084	323	0	5	0.8	217.8	1089.0	0.3333333333333333
40085	352	0	5	0.8725	213.2	1066.0	0.3333333333333333
40086	309	1	4	0.77	181.0	905.0	1.0
40087	11	0	5	0.02	2.4	12.0	0.0
40088	190	0	5	0.4675	107.2	536.0	0.3333333333333333
40089	208	0	5	0.5125	144.8	724.0	0.3333333333333333
40090	161	0	5	0.395	103.8	519.0	0.3333333333333333
40091	170	0	5	0.4175	76.4	382.0	0.3333333333333333
40092	62	0	5	0.1475	60.0	300.0	0.0
40093	183	0	5	0.45	181.0	905.0	0.0
40094	130	0	5	0.3175	68.8	344.0	0.6666666666666666
40095	282	0	5	0.6975	135.4	677.0	0.3333333333333333
40096	142	0	5	0.3475	89.0	445.0	0.3333333333333333
40097	148	0	5	0.3625	118.6	593.0	0.0
40098	203	0	5	0.5	85.8	429.0	0.6666666666666666
40099	217	1	4	0.54	125.0	625.0	1.0
40100	297	0	5	0.735	262.6	1313.0	0.3333333333333333
40101	206	0	5	0.5075	150.8	754.0	0.3333333333333333
40102	275	0	5	0.68	208.2	1041.0	0.6666666666666666
40103	193	0	5	0.475	170.6	853.0	0.0
40104	167	0	5	0.41	107.0	535.0	0.0
40105	167	0	5	0.41	69.0	345.0	0.6666666666666666
40106	315	0	5	0.78	123.4	617.0	0.6666666666666666
40107	75	0	5	0.18	68.2	341.0	0.3333333333333333
40108	293	0	5	0.725	150.6	753.0	0.3333333333333333
40109	321	0	5	0.795	132.4	662.0	0.3333333333333333
40110	188	0	5	0.4625	120.0	600.0	0.6666666666666666
40111	183	1	4	0.455	154.2	771.0	1.0
40112	369	1	4	0.92	213.4	1067.0	1.0
40113	310	0	5	0.7675	188.0	940.0	0.0
40114	111	0	5	0.27	109.0	545.0	0.0
40115	216	0	5	0.5325	163.0	815.0	0.3333333333333333
40116	370	1	4	0.9225	79.6	398.0	1.0
40117	90	0	5	0.2175	88.0	440.0	0.0
40118	367	0	5	0.91	198.4	992.0	0.6666666666666666
40119	124	0	5	0.3025	66.8	334.0	0.0
40120	67	0	5	0.16	29.2	146.0	0.3333333333333333
40121	302	0	5	0.7475	193.2	966.0	0.6666666666666666
40122	67	0	5	0.16	55.4	277.0	0.3333333333333333
40123	207	0	5	0.51	133.0	665.0	0.3333333333333333
40124	150	0	5	0.3675	97.6	488.0	0.3333333333333333
40125	301	0	5	0.745	266.4	1332.0	0.3333333333333333
40126	105	1	4	0.26	58.4	292.0	1.0
40127	127	0	5	0.31	125.0	625.0	0.0
40128	236	0	5	0.5825	122.2	611.0	0.6666666666666666
40129	54	0	5	0.1275	10.8	54.0	0.3333333333333333
40130	262	0	5	0.6475	59.2	296.0	0.0
40131	340	0	5	0.8425	180.2	901.0	0.6666666666666666
40132	261	0	5	0.645	113.4	567.0	0.3333333333333333
40133	259	0	5	0.64	164.2	821.0	0.3333333333333333
40134	384	1	4	0.9575	115.6	578.0	1.0
40135	162	0	5	0.3975	51.2	256.0	0.3333333333333333
40136	174	0	5	0.4275	144.8	724.0	0.3333333333333333
40137	266	0	5	0.6575	129.8	649.0	0.3333333333333333
40138	202	0	5	0.4975	177.8	889.0	0.3333333333333333
40139	40	0	5	0.0925	36.4	182.0	0.0
40140	181	0	5	0.445	150.4	752.0	0.3333333333333333
40141	296	0	5	0.7325	219.0	1095.0	0.6666666666666666
40142	13	0	5	0.025	6.8	34.0	0.0
40143	89	0	5	0.215	87.0	435.0	0.3333333333333333
40144	14	0	5	0.0275	12.0	60.0	0.0
40145	389	0	5	0.965	131.0	655.0	0.6666666666666666
40146	281	0	5	0.695	105.4	527.0	0.6666666666666666
40147	366	0	5	0.9075	228.0	1140.0	0.3333333333333333
40148	208	0	5	0.5125	199.2	996.0	0.0
40149	260	0	5	0.6425	161.6	808.0	0.3333333333333333
40150	204	0	5	0.5025	145.0	725.0	0.3333333333333333
40151	176	0	5	0.4325	174.0	870.0	0.0
40152	382	0	5	0.9475	112.0	560.0	0.6666666666666666
40153	331	0	5	0.82	254.4	1272.0	0.6666666666666666
40154	144	0	5	0.3525	114.0	570.0	0.3333333333333333
40155	339	0	5	0.84	119.8	599.0	0.6666666666666666
40156	287	0	5	0.71	191.8	959.0	0.6666666666666666
40157	118	0	5	0.2875	84.2	421.0	0.3333333333333333
40158	253	0	5	0.625	169.8	849.0	0.3333333333333333
40159	228	0	5	0.5625	138.4	692.0	0.3333333333333333
40160	212	0	5	0.5225	141.2	706.0	0.0
40161	357	0	5	0.885	272.8	1364.0	0.6666666666666666
40162	396	1	3	0.9875	260.6	1303.0	1.0
40163	9	0	5	0.015	7.0	35.0	0.0
40164	174	0	5	0.4275	172.0	860.0	0.0
40165	63	0	5	0.15	61.0	305.0	0.0
40166	13	0	5	0.025	11.0	55.0	0.0
40167	155	0	5	0.38	125.4	627.0	0.3333333333333333
40168	35	0	5	0.08	27.8	139.0	0.3333333333333333
40169	89	0	5	0.215	87.0	435.0	0.0
40170	369	0	5	0.915	168.6	843.0	0.6666666666666666
40171	181	0	5	0.445	162.8	814.0	0.3333333333333333
40172	314	1	4	0.7825	105.2	526.0	1.0
40173	186	0	5	0.4575	148.0	740.0	0.3333333333333333
40174	161	0	5	0.395	144.6	723.0	0.0
40175	198	0	5	0.4875	61.4	307.0	0.3333333333333333
40176	256	0	5	0.6325	147.6	738.0	0.3333333333333333
40177	109	0	5	0.265	68.8	344.0	0.3333333333333333
40178	160	0	5	0.3925	92.8	464.0	0.3333333333333333
40179	309	0	5	0.765	147.0	735.0	0.3333333333333333
40180	172	0	5	0.4225	100.6	503.0	0.6666666666666666
40181	39	1	4	0.095	16.8	84.0	1.0
40182	376	0	5	0.9325	213.0	1065.0	0.3333333333333333
40183	316	0	5	0.7825	163.0	815.0	0.3333333333333333
40184	98	0	5	0.2375	96.0	480.0	0.0
40185	236	0	5	0.5825	83.6	418.0	0.3333333333333333
40186	251	0	5	0.62	123.0	615.0	0.3333333333333333
40187	38	0	5	0.0875	36.0	180.0	0.0
40188	44	0	5	0.1025	42.0	210.0	0.0
40189	49	0	5	0.115	47.0	235.0	0.0
40190	315	0	5	0.78	101.0	505.0	0.6666666666666666
40191	365	0	5	0.905	276.6	1383.0	0.3333333333333333
40192	399	0	5	0.99	198.2	991.0	0.6666666666666666
40193	357	1	4	0.89	216.2	1081.0	1.0
40194	149	0	5	0.365	147.0	735.0	0.0
40195	110	0	5	0.2675	74.4	372.0	0.0
40196	355	0	5	0.88	217.8	1089.0	0.6666666666666666
40197	264	0	5	0.6525	184.0	920.0	0.3333333333333333
40198	209	0	5	0.515	108.2	541.0	0.0
40199	363	0	5	0.9	262.4	1312.0	0.6666666666666666
40200	75	0	5	0.18	49.0	245.0	0.3333333333333333
40201	237	0	5	0.585	127.0	635.0	0.6666666666666666
40202	58	0	5	0.1375	26.4	132.0	0.3333333333333333
40203	74	0	5	0.1775	72.0	360.0	0.0
40204	16	0	5	0.0325	14.0	70.0	0.0
40205	148	0	5	0.3625	116.0	580.0	0.3333333333333333
40206	271	0	5	0.67	220.6	1103.0	0.0
40207	391	0	5	0.97	222.8	1114.0	0.6666666666666666
40208	345	0	5	0.855	319.6	1598.0	0.3333333333333333
40209	151	0	5	0.37	124.0	620.0	0.3333333333333333
40210	183	1	4	0.455	167.0	835.0	1.0
40211	391	0	5	0.97	209.4	1047.0	0.6666666666666666
40212	143	0	5	0.35	109.8	549.0	0.3333333333333333
40213	86	0	5	0.2075	84.0	420.0	0.0
40214	215	0	5	0.53	131.4	657.0	0.6666666666666666
40215	232	0	5	0.5725	188.2	941.0	0.3333333333333333
40216	39	0	5	0.09	24.4	122.0	0.3333333333333333
40217	339	0	5	0.84	122.0	610.0	0.6666666666666666
40218	303	0	5	0.75	103.8	519.0	0.3333333333333333
40219	372	0	5	0.9225	240.4	1202.0	0.6666666666666666
40220	179	0	5	0.44	117.0	585.0	0.3333333333333333
40221	240	0	5	0.5925	172.2	861.0	0.3333333333333333
40222	367	0	5	0.91	96.6	483.0	0.6666666666666666
40223	168	0	5	0.4125	147.6	738.0	0.3333333333333333
40224	216	0	5	0.5325	125.6	628.0	0.6666666666666666
40225	350	0	5	0.8675	157.4	787.0	0.6666666666666666
40226	149	1	4	0.37	88.4	442.0	1.0
40227	392	1	4	0.9775	197.8	989.0	1.0
40228	51	0	5	0.12	33.4	167.0	0.3333333333333333
40229	125	0	5	0.305	123.0	615.0	0.0
40230	61	0	5	0.145	38.4	192.0	0.6666666666666666
40231	218	0	5	0.5375	197.6	988.0	0.6666666666666666
40232	241	0	5	0.595	151.0	755.0	0.0
40233	39	0	5	0.09	37.0	185.0	0.0
40234	140	1	4	0.3475	92.0	460.0	1.0
40235	209	1	4	0.52	92.2	461.0	1.0
40236	219	0	5	0.54	191.2	956.0	0.3333333333333333
40237	181	0	5	0.445	62.2	311.0	0.3333333333333333
40238	212	0	5	0.5225	121.8	609.0	0.6666666666666666
40239	95	0	5	0.23	89.2	446.0	0.3333333333333333
40240	39	0	5	0.09	37.0	185.0	0.0
40241	322	0	5	0.7975	208.8	1044.0	0.3333333333333333
40242	192	0	5	0.4725	170.2	851.0	0.3333333333333333
40243	367	1	4	0.915	171.2	856.0	1.0
40244	4	0	5	0.0025	2.0	10.0	0.0
40245	22	0	5	0.0475	11.6	58.0	0.3333333333333333
40246	182	0	5	0.4475	141.0	705.0	0.3333333333333333
40247	25	0	5	0.055	23.0	115.0	0.0
40248	299	0	5	0.74	157.4	787.0	0.6666666666666666
40249	113	0	5	0.275	92.6	463.0	0.3333333333333333
40250	148	0	5	0.3625	146.0	730.0	0.0
40251	320	1	4	0.7975	150.8	754.0	1.0
40252	53	0	5	0.125	51.0	255.0	0.0
40253	394	0	5	0.9775	95.2	476.0	0.6666666666666666
40254	349	0	5	0.865	228.0	1140.0	0.6666666666666666
40255	369	0	5	0.915	255.4	1277.0	0.6666666666666666
40256	209	0	5	0.515	164.6	823.0	0.3333333333333333
40257	31	0	5	0.07	29.0	145.0	0.0
40258	378	0	5	0.9375	166.4	832.0	0.6666666666666666
40259	385	0	5	0.955	154.4	772.0	0.6666666666666666
40260	137	0	5	0.335	127.4	637.0	0.0
40261	204	1	4	0.5075	198.0	990.0	1.0
40262	369	1	4	0.92	119.4	597.0	1.0
40263	12	0	5	0.0225	10.0	50.0	0.0
40264	99	0	5	0.24	45.4	227.0	0.3333333333333333
40265	86	0	5	0.2075	84.0	420.0	0.0
40266	222	0	5	0.5475	215.4	1077.0	0.3333333333333333
40267	140	0	5	0.3425	117.2	586.0	0.3333333333333333
40268	219	0	5	0.54	161.6	808.0	0.3333333333333333
40269	197	0	5	0.485	183.8	919.0	0.3333333333333333
40270	219	0	5	0.54	189.8	949.0	0.3333333333333333
40271	394	0	5	0.9775	238.2	1191.0	0.6666666666666666
40272	8	0	5	0.0125	5.6	28.0	0.3333333333333333
40273	112	0	5	0.2725	76.4	382.0	0.3333333333333333
40274	312	0	5	0.7725	199.0	995.0	0.6666666666666666
40275	244	0	5	0.6025	218.6	1093.0	0.0
40276	371	0	5	0.92	273.0	1365.0	0.6666666666666666
40277	308	0	5	0.7625	266.4	1332.0	0.6666666666666666
40278	264	0	5	0.6525	138.8	694.0	0.6666666666666666
40279	272	0	5	0.6725	219.0	1095.0	0.3333333333333333
40280	234	0	5	0.5775	116.0	580.0	0.6666666666666666
40281	162	0	5	0.3975	156.4	782.0	0.3333333333333333
40282	199	0	5	0.49	128.2	641.0	0.6666666666666666
40283	138	0	5	0.3375	110.2	551.0	0.6666666666666666
40284	260	0	5	0.6425	208.0	1040.0	0.3333333333333333
40285	65	0	5	0.155	63.0	315.0	0.0
40286	327	0	5	0.81	180.8	904.0	0.6666666666666666
40287	223	0	5	0.55	122.0	610.0	0.3333333333333333
40288	200	0	5	0.4925	67.6	338.0	0.3333333333333333
40289	384	0	5	0.9525	166.0	830.0	0.6666666666666666
40290	312	0	5	0.7725	204.4	1022.0	0.6666666666666666
40291	128	0	5	0.3125	55.2	276.0	0.0
40292	296	0	5	0.7325	276.4	1382.0	0.0
40293	258	0	5	0.6375	210.6	1053.0	0.3333333333333333
40294	76	0	5	0.1825	74.0	370.0	0.3333333333333333
40295	325	0	5	0.805	250.6	1253.0	0.6666666666666666
40296	110	0	5	0.2675	98.0	490.0	0.3333333333333333
40297	61	0	5	0.145	59.0	295.0	0.0
40298	233	0	5	0.575	187.4	937.0	0.3333333333333333
40299	328	1	4	0.8175	98.4	492.0	1.0
40300	295	0	5	0.73	274.6	1373.0	0.0
40301	219	0	5	0.54	217.0	1085.0	0.0
40302	198	0	5	0.4875	106.4	532.0	0.0
40303	166	0	5	0.4075	103.6	518.0	0.6666666666666666
40304	156	0	5	0.3825	154.0	770.0	0.3333333333333333
40305	285	0	5	0.705	226.8	1134.0	0.3333333333333333
40306	325	0	5	0.805	287.8	1439.0	0.6666666666666666
40307	349	0	5	0.865	177.6	888.0	0.0
40308	155	0	5	0.38	98.4	492.0	0.6666666666666666
40309	250	0	5	0.6175	212.4	1062.0	0.3333333333333333
40310	321	0	5	0.795	156.8	784.0	0.6666666666666666
40311	362	1	4	0.9025	171.6	858.0	1.0
40312	146	0	5	0.3575	102.8	514.0	0.6666666666666666
40313	69	0	5	0.165	67.0	335.0	0.0
40314	144	0	5	0.3525	92.4	462.0	0.0
40315	345	0	5	0.855	144.6	723.0	0.3333333333333333
40316	10	0	5	0.0175	8.0	40.0	0.0
40317	237	0	5	0.585	161.6	808.0	0.3333333333333333
40318	261	0	5	0.645	126.0	630.0	0.6666666666666666
40319	210	0	5	0.5175	125.6	628.0	0.3333333333333333
40320	114	0	5	0.2775	112.0	560.0	0.0
40321	188	0	5	0.4625	119.8	599.0	0.3333333333333333
40322	191	0	5	0.47	142.4	712.0	0.3333333333333333
40323	66	0	5	0.1575	26.8	134.0	0.3333333333333333
40324	152	0	5	0.3725	150.0	750.0	0.0
40325	271	0	5	0.67	89.0	445.0	0.6666666666666666
40326	293	0	5	0.725	192.2	961.0	0.6666666666666666
40327	381	0	5	0.945	285.4	1427.0	0.6666666666666666
40328	393	0	5	0.975	231.2	1156.0	0.6666666666666666
40329	7	0	5	0.01	5.0	25.0	0.0
40330	105	0	5	0.255	103.0	515.0	0.0
40331	212	0	5	0.5225	137.2	686.0	0.3333333333333333
40332	217	0	5	0.535	93.4	467.0	0.3333333333333333
40333	379	0	5	0.94	214.6	1073.0	0.6666666666666666
40334	305	0	5	0.755	231.8	1159.0	0.3333333333333333
40335	215	0	5	0.53	169.0	845.0	0.0
40336	26	0	5	0.0575	24.0	120.0	0.0
40337	156	0	5	0.3825	98.0	490.0	0.3333333333333333
40338	179	0	5	0.44	149.0	745.0	0.0
40339	171	0	5	0.42	91.2	456.0	0.3333333333333333
40340	68	0	5	0.1625	46.8	234.0	0.3333333333333333
40341	114	0	5	0.2775	64.0	320.0	0.3333333333333333
40342	233	0	5	0.575	78.8	394.0	0.6666666666666666
40343	166	0	5	0.4075	133.6	668.0	0.3333333333333333
40344	166	0	5	0.4075	127.2	636.0	0.0
40345	22	0	5	0.0475	20.0	100.0	0.0
40346	136	0	5	0.3325	64.4	322.0	0.3333333333333333
40347	376	0	5	0.9325	172.6	863.0	0.6666666666666666
40348	29	0	5	0.065	27.0	135.0	0.0
40349	271	0	5	0.67	172.2	861.0	0.3333333333333333
40350	264	0	5	0.6525	162.0	810.0	0.6666666666666666
40351	196	0	5	0.4825	140.8	704.0	0.6666666666666666
40352	214	1	4	0.5325	61.2	306.0	1.0
40353	323	0	5	0.8	193.4	967.0	0.0
40354	238	0	5	0.5875	83.6	418.0	0.6666666666666666
40355	212	0	5	0.5225	106.8	534.0	0.3333333333333333
40356	367	0	5	0.91	242.6	1213.0	0.6666666666666666
40357	389	1	4	0.97	137.6	688.0	1.0
40358	352	0	5	0.8725	185.2	926.0	0.6666666666666666
40359	60	0	5	0.1425	58.0	290.0	0.0
40360	308	0	5	0.7625	147.6	738.0	0.3333333333333333
40361	147	0	5	0.36	80.8	404.0	0.0
40362	277	0	5	0.685	168.6	843.0	0.6666666666666666
40363	23	0	5	0.05	21.0	105.0	0.0
40364	153	0	5	0.375	137.4	687.0	0.3333333333333333
40365	338	0	5	0.8375	76.8	384.0	0.3333333333333333
40366	59	0	5	0.14	26.4	132.0	0.3333333333333333
40367	186	0	5	0.4575	142.4	712.0	0.3333333333333333
40368	223	0	5	0.55	116.2	581.0	0.0
40369	37	0	5	0.085	27.0	135.0	0.3333333333333333
40370	83	0	5	0.2	57.8	289.0	0.3333333333333333
40371	147	0	5	0.36	91.0	455.0	0.6666666666666666
40372	125	0	5	0.305	102.0	510.0	0.3333333333333333
40373	173	0	5	0.425	68.8	344.0	0.3333333333333333
40374	246	1	4	0.6125	56.4	282.0	1.0
40375	348	0	5	0.8625	224.8	1124.0	0.3333333333333333
40376	357	0	5	0.885	111.4	557.0	0.6666666666666666
40377	181	0	5	0.445	123.8	619.0	0.3333333333333333
40378	244	0	5	0.6025	216.8	1084.0	0.3333333333333333
40379	120	0	5	0.2925	118.0	590.0	0.0
40380	285	0	5	0.705	99.8	499.0	0.6666666666666666
40381	76	0	5	0.1825	56.0	280.0	0.3333333333333333
40382	38	0	5	0.0875	25.2	126.0	0.0
40383	311	0	5	0.77	199.8	999.0	0.3333333333333333
40384	273	0	5	0.675	127.8	639.0	0.6666666666666666
40385	373	1	4	0.93	211.0	1055.0	1.0
40386	236	0	5	0.5825	147.6	738.0	0.6666666666666666
40387	244	0	5	0.6025	128.8	644.0	0.6666666666666666
40388	3	0	5	0.0025	0.2	1.0	0.3333333333333333
40389	126	0	5	0.3075	111.4	557.0	0.0
40390	384	0	5	0.9525	218.0	1090.0	0.6666666666666666
40391	201	0	5	0.495	122.6	613.0	0.3333333333333333
40392	95	0	5	0.23	93.0	465.0	0.0
40393	34	0	5	0.0775	32.0	160.0	0.0
40394	298	0	5	0.7375	183.6	918.0	0.6666666666666666
40395	199	0	5	0.49	144.0	720.0	0.3333333333333333
40396	294	0	5	0.7275	149.8	749.0	0.6666666666666666
40397	162	0	5	0.3975	100.8	504.0	0.3333333333333333
40398	327	0	5	0.81	130.8	654.0	0.3333333333333333
40399	292	0	5	0.7225	186.0	930.0	0.3333333333333333
40400	378	0	5	0.9375	228.2	1141.0	0.6666666666666666
40401	50	0	5	0.1175	48.0	240.0	0.0
40402	54	0	5	0.1275	39.2	196.0	0.3333333333333333
40403	354	1	4	0.8825	254.0	1270.0	1.0
40404	341	1	4	0.85	165.2	826.0	1.0
40405	339	0	5	0.84	208.8	1044.0	0.3333333333333333
40406	334	0	5	0.8275	83.2	416.0	0.6666666666666666
40407	75	0	5	0.18	46.6	233.0	0.0
40408	239	0	5	0.59	177.4	887.0	0.3333333333333333
40409	281	0	5	0.695	114.6	573.0	0.3333333333333333
40410	209	0	5	0.515	56.6	283.0	0.6666666666666666
40411	323	0	5	0.8	204.0	1020.0	0.3333333333333333
40412	376	0	5	0.9325	178.4	892.0	0.6666666666666666
40413	6	0	5	0.0075	4.0	20.0	0.0
40414	192	0	5	0.4725	85.4	427.0	0.6666666666666666
40415	196	0	5	0.4825	194.0	970.0	0.0
40416	94	0	5	0.2275	75.8	379.0	0.3333333333333333
40417	311	1	4	0.775	195.4	977.0	1.0
40418	40	0	5	0.0925	38.0	190.0	0.0
40419	261	0	5	0.645	215.2	1076.0	0.3333333333333333
40420	201	0	5	0.495	144.6	723.0	0.0
40421	29	0	5	0.065	27.0	135.0	0.0
40422	331	0	5	0.82	118.2	591.0	0.6666666666666666
40423	346	1	4	0.8625	163.4	817.0	1.0
40424	380	0	5	0.9425	192.8	964.0	0.6666666666666666
40425	325	0	5	0.805	78.2	391.0	0.6666666666666666
40426	120	0	5	0.2925	109.6	548.0	0.3333333333333333
40427	273	0	5	0.675	183.0	915.0	0.6666666666666666
40428	175	0	5	0.43	106.2	531.0	0.3333333333333333
40429	183	0	5	0.45	118.8	594.0	0.3333333333333333
40430	231	0	5	0.57	84.6	423.0	0.6666666666666666
40431	118	0	5	0.2875	72.8	364.0	0.6666666666666666
40432	207	0	5	0.51	175.8	879.0	0.3333333333333333
40433	50	0	5	0.1175	48.0	240.0	0.0
40434	233	0	5	0.575	139.8	699.0	0.3333333333333333
40435	122	0	5	0.2975	101.8	509.0	0.0
40436	265	0	5	0.655	263.0	1315.0	0.0
40437	124	0	5	0.3025	65.2	326.0	0.3333333333333333
40438	306	0	5	0.7575	84.0	420.0	0.3333333333333333
40439	204	0	5	0.5025	52.8	264.0	0.6666666666666666
40440	275	1	4	0.685	237.8	1189.0	1.0
40441	231	0	5	0.57	191.0	955.0	0.3333333333333333
40442	330	0	5	0.8175	224.8	1124.0	0.3333333333333333
40443	164	0	5	0.4025	162.0	810.0	0.0
40444	187	0	5	0.46	165.0	825.0	0.0
40445	347	0	5	0.86	237.8	1189.0	0.6666666666666666
40446	42	0	5	0.0975	36.8	184.0	0.3333333333333333
40447	96	0	5	0.2325	53.6	268.0	0.0
40448	11	0	5	0.02	6.6	33.0	0.3333333333333333
40449	52	0	5	0.1225	27.2	136.0	0.0
40450	256	0	5	0.6325	122.0	610.0	0.6666666666666666
40451	43	0	5	0.1	19.0	95.0	0.0
40452	327	0	5	0.81	279.8	1399.0	0.6666666666666666
40453	299	0	5	0.74	190.2	951.0	0.3333333333333333
40454	218	0	5	0.5375	216.0	1080.0	0.3333333333333333
40455	213	0	5	0.525	182.8	914.0	0.3333333333333333
40456	85	0	5	0.205	51.2	256.0	0.3333333333333333
40457	249	0	5	0.615	125.8	629.0	0.6666666666666666
40458	201	0	5	0.495	65.0	325.0	0.6666666666666666
40459	4	0	5	0.0025	2.0	10.0	0.0
40460	96	0	5	0.2325	51.4	257.0	0.3333333333333333
40461	346	0	5	0.8575	151.6	758.0	0.6666666666666666
40462	273	0	5	0.675	211.4	1057.0	0.3333333333333333
40463	155	0	5	0.38	125.4	627.0	0.0
40464	282	0	5	0.6975	88.8	444.0	0.6666666666666666
40465	9	0	5	0.015	7.0	35.0	0.0
40466	182	0	5	0.4475	152.4	762.0	0.3333333333333333
40467	233	0	5	0.575	166.0	830.0	0.3333333333333333
40468	72	0	5	0.1725	70.0	350.0	0.0
40469	344	0	5	0.8525	164.8	824.0	0.6666666666666666
40470	214	0	5	0.5275	117.8	589.0	0.6666666666666666
40471	245	1	4	0.61	133.2	666.0	1.0
40472	233	0	5	0.575	202.2	1011.0	0.3333333333333333
40473	387	0	5	0.96	302.2	1511.0	0.6666666666666666
40474	299	0	5	0.74	297.0	1485.0	0.0
40475	79	0	5	0.19	77.0	385.0	0.0
40476	228	0	5	0.5625	125.0	625.0	0.3333333333333333
40477	277	0	5	0.685	171.0	855.0	0.0
40478	223	0	5	0.55	121.4	607.0	0.6666666666666666
40479	52	0	5	0.1225	33.2	166.0	0.3333333333333333
40480	177	0	5	0.435	95.0	475.0	0.6666666666666666
40481	140	0	5	0.3425	90.8	454.0	0.0
40482	220	0	5	0.5425	194.0	970.0	0.6666666666666666
40483	152	0	5	0.3725	143.6	718.0	0.3333333333333333
40484	57	0	5	0.135	51.4	257.0	0.0
40485	68	0	5	0.1625	63.6	318.0	0.0
40486	26	0	5	0.0575	20.8	104.0	0.3333333333333333
40487	222	0	5	0.5475	130.0	650.0	0.6666666666666666
40488	136	0	5	0.3325	86.8	434.0	0.0
40489	178	0	5	0.4375	141.6	708.0	0.3333333333333333
40490	37	0	5	0.085	35.0	175.0	0.0
40491	190	0	5	0.4675	144.2	721.0	0.3333333333333333
40492	357	0	5	0.885	261.8	1309.0	0.3333333333333333
40493	315	0	5	0.78	220.2	1101.0	0.6666666666666666
40494	23	0	5	0.05	21.0	105.0	0.0
40495	25	0	5	0.055	23.0	115.0	0.0
40496	229	0	5	0.565	154.2	771.0	0.3333333333333333
40497	213	0	5	0.525	105.8	529.0	0.3333333333333333
40498	127	0	5	0.31	125.0	625.0	0.0
40499	247	0	5	0.61	146.6	733.0	0.6666666666666666
40500	333	0	5	0.825	186.8	934.0	0.3333333333333333
40501	20	0	5	0.0425	18.0	90.0	0.0
40502	107	0	5	0.26	105.0	525.0	0.0
40503	210	1	4	0.5225	51.2	256.0	1.0
40504	141	0	5	0.345	93.0	465.0	0.0
40505	385	0	5	0.955	280.2	1401.0	0.6666666666666666
40506	217	0	5	0.535	209.0	1045.0	0.0
40507	293	0	5	0.725	194.4	972.0	0.6666666666666666
40508	269	0	5	0.665	202.0	1010.0	0.3333333333333333
40509	390	0	5	0.9675	220.8	1104.0	0.6666666666666666
40510	344	0	5	0.8525	245.2	1226.0	0.6666666666666666
40511	119	0	5	0.29	117.0	585.0	0.0
40512	140	0	5	0.3425	102.0	510.0	0.6666666666666666
40513	67	0	5	0.16	46.2	231.0	0.3333333333333333
40514	218	0	5	0.5375	144.6	723.0	0.3333333333333333
40515	80	0	5	0.1925	78.0	390.0	0.0
40516	355	0	5	0.88	323.4	1617.0	0.6666666666666666
40517	185	0	5	0.455	145.4	727.0	0.3333333333333333
40518	339	0	5	0.84	170.2	851.0	0.3333333333333333
40519	336	0	5	0.8325	256.0	1280.0	0.3333333333333333
40520	318	0	5	0.7875	292.6	1463.0	0.0
40521	309	0	5	0.765	197.6	988.0	0.6666666666666666
40522	396	0	5	0.9825	228.0	1140.0	0.6666666666666666
40523	201	0	5	0.495	199.0	995.0	0.0
40524	157	0	5	0.385	93.6	468.0	0.6666666666666666
40525	60	0	5	0.1425	58.0	290.0	0.0
40526	289	0	5	0.715	133.2	666.0	0.6666666666666666
40527	377	1	4	0.94	262.0	1310.0	1.0
40528	28	0	5	0.0625	20.8	104.0	0.0
40529	192	1	3	0.4775	110.4	552.0	1.0
40530	122	0	5	0.2975	70.4	352.0	0.0
40531	322	0	5	0.7975	292.0	1460.0	0.3333333333333333
40532	182	0	5	0.4475	95.8	479.0	0.3333333333333333
40533	81	0	5	0.195	79.0	395.0	0.0
40534	192	0	5	0.4725	85.6	428.0	0.3333333333333333
40535	333	0	5	0.825	159.0	795.0	0.3333333333333333
40536	152	0	5	0.3725	113.8	569.0	0.3333333333333333
40537	393	0	5	0.975	307.4	1537.0	0.6666666666666666
40538	51	0	5	0.12	49.0	245.0	0.0
40539	99	0	5	0.24	64.0	320.0	0.3333333333333333
40540	38	0	5	0.0875	36.0	180.0	0.0
40541	274	0	5	0.6775	92.8	464.0	0.6666666666666666
40542	261	0	5	0.645	94.4	472.0	0.0
40543	76	0	5	0.1825	74.0	370.0	0.0
40544	89	1	4	0.22	51.6	258.0	1.0
40545	75	0	5	0.18	40.2	201.0	0.3333333333333333
40546	216	0	5	0.5325	208.2	1041.0	0.0
40547	326	0	5	0.8075	141.2	706.0	0.6666666666666666
40548	34	0	5	0.0775	27.4	137.0	0.0
40549	201	0	5	0.495	177.8	889.0	0.6666666666666666
40550	58	0	5	0.1375	46.6	233.0	0.3333333333333333
40551	52	0	5	0.1225	50.0	250.0	0.0
40552	249	0	5	0.615	179.8	899.0	0.3333333333333333
40553	370	0	5	0.9175	285.4	1427.0	0.6666666666666666
40554	330	0	5	0.8175	107.4	537.0	0.6666666666666666
40555	287	1	4	0.715	162.2	811.0	1.0
40556	108	0	5	0.2625	90.6	453.0	0.0
40557	13	0	5	0.025	11.0	55.0	0.0
40558	294	0	5	0.7275	241.2	1206.0	0.6666666666666666
40559	245	0	5	0.605	160.8	804.0	0.6666666666666666
40560	364	1	4	0.9075	133.2	666.0	1.0
40561	390	1	4	0.9725	107.8	539.0	1.0
40562	149	0	5	0.365	144.2	721.0	0.0
40563	374	0	5	0.9275	120.4	602.0	0.6666666666666666
40564	268	0	5	0.6625	110.6	553.0	0.3333333333333333
40565	149	0	5	0.365	74.4	372.0	0.6666666666666666
40566	101	0	5	0.245	22.2	111.0	0.3333333333333333
40567	273	0	5	0.675	188.2	941.0	0.6666666666666666
40568	166	0	5	0.4075	42.4	212.0	0.3333333333333333
40569	312	0	5	0.7725	224.0	1120.0	0.6666666666666666
40570	129	0	5	0.315	118.2	591.0	0.3333333333333333
40571	260	0	5	0.6425	156.8	784.0	0.6666666666666666
40572	213	0	5	0.525	151.2	756.0	0.6666666666666666
40573	259	0	5	0.64	212.8	1064.0	0.3333333333333333
40574	178	0	5	0.4375	148.0	740.0	0.3333333333333333
40575	8	0	5	0.0125	6.0	30.0	0.0
40576	312	0	5	0.7725	134.0	670.0	0.3333333333333333
40577	216	0	5	0.5325	92.2	461.0	0.3333333333333333
40578	395	0	5	0.98	226.8	1134.0	0.6666666666666666
40579	19	0	5	0.04	17.0	85.0	0.0
40580	171	0	5	0.42	146.2	731.0	0.3333333333333333
40581	86	0	5	0.2075	79.2	396.0	0.3333333333333333
40582	267	0	5	0.66	139.4	697.0	0.6666666666666666
40583	143	0	5	0.35	113.0	565.0	0.3333333333333333
40584	211	0	5	0.52	102.6	513.0	0.3333333333333333
40585	102	0	5	0.2475	48.0	240.0	0.3333333333333333
40586	34	0	5	0.0775	32.0	160.0	0.0
40587	140	0	5	0.3425	65.2	326.0	0.3333333333333333
40588	26	0	5	0.0575	24.0	120.0	0.0
40589	159	0	5	0.39	157.0	785.0	0.0
40590	146	0	5	0.3575	92.0	460.0	0.3333333333333333
40591	136	0	5	0.3325	56.2	281.0	0.3333333333333333
40592	274	0	5	0.6775	219.2	1096.0	0.3333333333333333
40593	332	1	4	0.8275	216.2	1081.0	1.0
40594	279	0	5	0.69	203.2	1016.0	0.3333333333333333
40595	111	0	5	0.27	49.0	245.0	0.0
40596	273	1	4	0.68	127.4	637.0	1.0
40597	132	0	5	0.3225	86.0	430.0	0.6666666666666666
40598	352	0	5	0.8725	308.0	1540.0	0.6666666666666666
40599	309	0	5	0.765	198.0	990.0	0.3333333333333333
40600	30	0	5	0.0675	28.0	140.0	0.0
40601	124	0	5	0.3025	93.2	466.0	0.3333333333333333
40602	251	0	5	0.62	149.4	747.0	0.0
40603	122	0	5	0.2975	120.0	600.0	0.0
40604	321	0	5	0.795	234.2	1171.0	0.3333333333333333
40605	203	0	5	0.5	131.4	657.0	0.6666666666666666
40606	359	0	5	0.89	266.0	1330.0	0.6666666666666666
40607	99	0	5	0.24	55.8	279.0	0.6666666666666666
40608	88	0	5	0.2125	71.2	356.0	0.0
40609	290	1	4	0.7225	196.4	982.0	1.0
40610	225	0	5	0.555	189.4	947.0	0.3333333333333333
40611	162	0	5	0.3975	140.6	703.0	0.0
40612	198	0	5	0.4875	107.6	538.0	0.3333333333333333
40613	358	1	4	0.8925	201.6	1008.0	1.0
40614	289	0	5	0.715	147.0	735.0	0.3333333333333333
40615	58	0	5	0.1375	56.0	280.0	0.0
40616	105	0	5	0.255	69.0	345.0	0.0
40617	143	0	5	0.35	63.2	316.0	0.3333333333333333
40618	58	0	5	0.1375	56.0	280.0	0.0
40619	279	0	5	0.69	185.0	925.0	0.0
40620	204	0	5	0.5025	140.8	704.0	0.3333333333333333
40621	129	0	5	0.315	111.0	555.0	0.3333333333333333
40622	210	0	5	0.5175	146.0	730.0	0.3333333333333333
40623	197	0	5	0.485	122.6	613.0	0.3333333333333333
40624	210	0	5	0.5175	84.8	424.0	0.3333333333333333
40625	28	0	5	0.0625	26.0	130.0	0.0
40626	356	1	4	0.8875	104.8	524.0	1.0
40627	377	0	5	0.935	89.4	447.0	0.6666666666666666
40628	47	0	5	0.11	45.0	225.0	0.0
40629	296	0	5	0.7325	200.4	1002.0	0.3333333333333333
40630	311	0	5	0.77	73.2	366.0	0.3333333333333333
40631	165	0	5	0.405	71.4	357.0	0.6666666666666666
40632	216	0	5	0.5325	106.0	530.0	0.3333333333333333
40633	339	1	4	0.845	99.0	495.0	1.0
40634	275	1	4	0.685	77.4	387.0	1.0
40635	157	0	5	0.385	127.4	637.0	0.0
40636	200	0	5	0.4925	94.8	474.0	0.0
40637	44	0	5	0.1025	42.0	210.0	0.0
40638	355	1	4	0.885	149.0	745.0	1.0
40639	369	0	5	0.915	249.0	1245.0	0.6666666666666666
40640	333	0	5	0.825	186.0	930.0	0.3333333333333333
40641	309	0	5	0.765	137.0	685.0	0.6666666666666666
40642	262	1	4	0.6525	167.0	835.0	1.0
40643	122	0	5	0.2975	103.8	519.0	0.0
40644	77	0	5	0.185	52.6	263.0	0.3333333333333333
40645	301	0	5	0.745	122.2	611.0	0.3333333333333333
40646	8	0	5	0.0125	6.0	30.0	0.0
40647	256	0	5	0.6325	129.2	646.0	0.0
40648	32	0	5	0.0725	28.6	143.0	0.0
40649	275	1	4	0.685	82.2	411.0	1.0
40650	71	0	5	0.17	56.2	281.0	0.3333333333333333
40651	267	0	5	0.66	147.4	737.0	0.3333333333333333
40652	203	0	5	0.5	186.6	933.0	0.3333333333333333
40653	112	0	5	0.2725	96.8	484.0	0.3333333333333333
40654	238	0	5	0.5875	47.4	237.0	0.3333333333333333
40655	272	0	5	0.6725	191.0	955.0	0.3333333333333333
40656	267	1	4	0.665	93.4	467.0	1.0
40657	338	0	5	0.8375	293.2	1466.0	0.3333333333333333
40658	207	0	5	0.51	173.8	869.0	0.0
40659	91	0	5	0.22	89.0	445.0	0.0
40660	95	0	5	0.23	51.2	256.0	0.6666666666666666
40661	307	1	4	0.765	135.8	679.0	1.0
40662	96	0	5	0.2325	94.0	470.0	0.0
40663	111	0	5	0.27	94.2	471.0	0.6666666666666666
40664	229	0	5	0.565	146.0	730.0	0.0
40665	318	0	5	0.7875	231.2	1156.0	0.3333333333333333
40666	19	0	5	0.04	17.0	85.0	0.0
40667	217	0	5	0.535	143.0	715.0	0.3333333333333333
40668	385	0	5	0.955	146.2	731.0	0.6666666666666666
40669	332	0	5	0.8225	216.0	1080.0	0.6666666666666666
40670	371	0	5	0.92	249.0	1245.0	0.6666666666666666
40671	334	0	5	0.8275	234.8	1174.0	0.3333333333333333
40672	331	0	5	0.82	283.8	1419.0	0.6666666666666666
40673	72	0	5	0.1725	63.4	317.0	0.3333333333333333
40674	328	0	5	0.8125	249.2	1246.0	0.6666666666666666
40675	160	1	4	0.3975	138.8	694.0	1.0
40676	287	0	5	0.71	199.6	998.0	0.3333333333333333
40677	191	0	5	0.47	73.8	369.0	0.3333333333333333
40678	145	0	5	0.355	136.0	680.0	0.6666666666666666
40679	206	0	5	0.5075	109.2	546.0	0.3333333333333333
40680	365	0	5	0.905	159.0	795.0	0.6666666666666666
40681	158	0	5	0.3875	126.4	632.0	0.3333333333333333
40682	299	0	5	0.74	180.2	901.0	0.0
40683	223	0	5	0.55	168.0	840.0	0.3333333333333333
40684	229	0	5	0.565	56.6	283.0	0.6666666666666666
40685	375	0	5	0.93	145.0	725.0	0.6666666666666666
40686	178	0	5	0.4375	119.8	599.0	0.6666666666666666
40687	138	0	5	0.3375	66.8	334.0	0.6666666666666666
40688	46	0	5	0.1075	44.0	220.0	0.0
40689	361	1	4	0.9	164.8	824.0	1.0
40690	254	0	5	0.6275	226.2	1131.0	0.3333333333333333
40691	331	0	5	0.82	240.6	1203.0	0.6666666666666666
40692	192	0	5	0.4725	171.8	859.0	0.3333333333333333
40693	28	0	5	0.0625	16.8	84.0	0.3333333333333333
40694	362	0	5	0.8975	161.2	806.0	0.6666666666666666
40695	319	0	5	0.79	151.4	757.0	0.0
40696	285	1	4	0.71	221.4	1107.0	1.0
40697	223	0	5	0.55	142.8	714.0	0.6666666666666666
40698	234	0	5	0.5775	168.4	842.0	0.0
40699	202	0	5	0.4975	84.2	421.0	0.3333333333333333
40700	117	0	5	0.285	107.8	539.0	0.3333333333333333
40701	215	0	5	0.53	172.2	861.0	0.6666666666666666
40702	155	0	5	0.38	112.8	564.0	0.6666666666666666
40703	83	0	5	0.2	60.0	300.0	0.3333333333333333
40704	240	0	5	0.5925	115.0	575.0	0.3333333333333333
40705	80	0	5	0.1925	45.0	225.0	0.0
40706	145	0	5	0.355	68.0	340.0	0.3333333333333333
40707	252	0	5	0.6225	103.6	518.0	0.3333333333333333
40708	108	0	5	0.2625	36.4	182.0	0.0
40709	315	0	5	0.78	171.0	855.0	0.3333333333333333
40710	301	0	5	0.745	241.2	1206.0	0.0
40711	122	0	5	0.2975	80.4	402.0	0.0
40712	257	0	5	0.635	230.6	1153.0	0.0
40713	118	0	5	0.2875	102.0	510.0	0.6666666666666666
40714	319	0	5	0.79	219.4	1097.0	0.6666666666666666
40715	75	0	5	0.18	73.0	365.0	0.0
40716	125	0	5	0.305	74.4	372.0	0.3333333333333333
40717	239	0	5	0.59	56.2	281.0	0.3333333333333333
40718	7	0	5	0.01	5.0	25.0	0.0
40719	225	1	4	0.56	106.0	530.0	1.0
40720	255	0	5	0.63	188.2	941.0	0.6666666666666666
40721	88	0	5	0.2125	33.2	166.0	0.0
40722	328	0	5	0.8125	90.2	451.0	0.3333333333333333
40723	45	0	5	0.105	39.2	196.0	0.3333333333333333
40724	203	0	5	0.5	127.0	635.0	0.6666666666666666
40725	205	0	5	0.505	82.4	412.0	0.6666666666666666
40726	235	0	5	0.58	149.8	749.0	0.3333333333333333
40727	224	0	5	0.5525	173.8	869.0	0.3333333333333333
40728	219	0	5	0.54	111.6	558.0	0.6666666666666666
40729	171	0	5	0.42	68.6	343.0	0.6666666666666666
40730	236	0	5	0.5825	112.2	561.0	0.3333333333333333
40731	396	0	5	0.9825	220.4	1102.0	0.6666666666666666
40732	252	0	5	0.6225	133.6	668.0	0.3333333333333333
40733	67	0	5	0.16	28.4	142.0	0.0
40734	33	0	5	0.075	31.0	155.0	0.0
40735	38	0	5	0.0875	36.0	180.0	0.0
40736	110	0	5	0.2675	80.4	402.0	0.3333333333333333
40737	387	0	5	0.96	232.2	1161.0	0.6666666666666666
40738	263	0	5	0.65	207.2	1036.0	0.6666666666666666
40739	152	0	5	0.3725	43.0	215.0	0.3333333333333333
40740	35	0	5	0.08	33.0	165.0	0.0
40741	137	0	5	0.335	84.2	421.0	0.6666666666666666
40742	101	0	5	0.245	86.2	431.0	0.3333333333333333
40743	72	0	5	0.1725	59.6	298.0	0.3333333333333333
40744	316	0	5	0.7825	271.6	1358.0	0.3333333333333333
40745	94	0	5	0.2275	81.0	405.0	0.0
40746	135	0	5	0.33	110.8	554.0	0.0
40747	171	0	5	0.42	116.2	581.0	0.0
40748	78	0	5	0.1875	76.0	380.0	0.0
40749	226	0	5	0.5575	121.0	605.0	0.3333333333333333
40750	330	1	4	0.8225	66.4	332.0	1.0
40751	107	0	5	0.26	93.0	465.0	0.3333333333333333
40752	276	0	5	0.6825	209.8	1049.0	0.6666666666666666
40753	33	0	5	0.075	31.0	155.0	0.0
40754	282	0	5	0.6975	87.8	439.0	0.3333333333333333
40755	202	0	5	0.4975	196.8	984.0	0.3333333333333333
40756	86	0	5	0.2075	84.0	420.0	0.0
40757	83	0	5	0.2	54.0	270.0	0.0
40758	122	0	5	0.2975	93.2	466.0	0.3333333333333333
40759	124	0	5	0.3025	122.0	610.0	0.0
40760	84	0	5	0.2025	82.0	410.0	0.0
40761	272	0	5	0.6725	194.0	970.0	0.3333333333333333
40762	368	0	5	0.9125	192.4	962.0	0.3333333333333333
40763	189	0	5	0.465	141.4	707.0	0.3333333333333333
40764	111	0	5	0.27	99.6	498.0	0.3333333333333333
40765	94	0	5	0.2275	87.2	436.0	0.3333333333333333
40766	350	1	4	0.8725	114.4	572.0	1.0
40767	210	0	5	0.5175	67.0	335.0	0.6666666666666666
40768	86	0	5	0.2075	53.6	268.0	0.3333333333333333
40769	205	0	5	0.505	197.6	988.0	0.3333333333333333
40770	61	0	5	0.145	59.0	295.0	0.0
40771	147	0	5	0.36	101.6	508.0	0.3333333333333333
40772	93	0	5	0.225	66.4	332.0	0.3333333333333333
40773	52	0	5	0.1225	36.2	181.0	0.0
40774	271	0	5	0.67	251.2	1256.0	0.3333333333333333
40775	215	0	5	0.53	56.6	283.0	0.6666666666666666
40776	226	0	5	0.5575	167.0	835.0	0.0
40777	106	0	5	0.2575	104.0	520.0	0.0
40778	184	0	5	0.4525	147.6	738.0	0.6666666666666666
40779	328	0	5	0.8125	313.6	1568.0	0.0
40780	240	0	5	0.5925	96.8	484.0	0.0
40781	46	0	5	0.1075	44.0	220.0	0.0
40782	152	0	5	0.3725	30.2	151.0	0.3333333333333333
40783	100	0	5	0.2425	84.4	422.0	0.6666666666666666
40784	183	0	5	0.45	146.2	731.0	0.3333333333333333
40785	220	0	5	0.5425	98.4	492.0	0.3333333333333333
40786	33	0	5	0.075	24.4	122.0	0.0
40787	129	0	5	0.315	124.8	624.0	0.0
40788	134	0	5	0.3275	52.2	261.0	0.6666666666666666
40789	272	0	5	0.6725	189.2	946.0	0.3333333333333333
40790	211	0	5	0.52	148.6	743.0	0.6666666666666666
40791	33	0	5	0.075	20.2	101.0	0.0
40792	232	0	5	0.5725	155.0	775.0	0.0
40793	240	0	5	0.5925	180.4	902.0	0.6666666666666666
40794	221	0	5	0.545	88.6	443.0	0.6666666666666666
40795	204	0	5	0.5025	100.4	502.0	0.6666666666666666
40796	118	0	5	0.2875	109.6	548.0	0.0
40797	188	0	5	0.4625	128.0	640.0	0.6666666666666666
40798	401	0	5	0.995	267.6	1338.0	0.6666666666666666
40799	380	1	4	0.9475	335.8	1679.0	1.0
40800	222	0	5	0.5475	181.2	906.0	0.3333333333333333
40801	161	1	4	0.4	118.4	592.0	1.0
40802	106	0	5	0.2575	89.2	446.0	0.3333333333333333
40803	112	0	5	0.2725	57.8	289.0	0.3333333333333333
40804	180	0	5	0.4425	81.2	406.0	0.3333333333333333
40805	173	0	5	0.425	107.0	535.0	0.3333333333333333
40806	197	0	5	0.485	147.8	739.0	0.3333333333333333
40807	339	1	4	0.845	163.0	815.0	1.0
40808	193	0	5	0.475	157.6	788.0	0.3333333333333333
40809	99	0	5	0.24	41.2	206.0	0.3333333333333333
40810	201	0	5	0.495	42.2	211.0	0.3333333333333333
40811	332	0	5	0.8225	252.8	1264.0	0.3333333333333333
40812	249	0	5	0.615	208.8	1044.0	0.3333333333333333
40813	316	0	5	0.7825	239.6	1198.0	0.6666666666666666
40814	29	0	5	0.065	27.0	135.0	0.0
40815	80	0	5	0.1925	78.0	390.0	0.0
40816	356	1	4	0.8875	231.2	1156.0	1.0
40817	365	0	5	0.905	248.8	1244.0	0.6666666666666666
40818	368	0	5	0.9125	251.4	1257.0	0.6666666666666666
40819	384	0	5	0.9525	91.4	457.0	0.6666666666666666
40820	372	1	4	0.9275	118.0	590.0	1.0
40821	189	0	5	0.465	76.6	383.0	0.6666666666666666
40822	109	0	5	0.265	66.2	331.0	0.6666666666666666
40823	109	0	5	0.265	107.0	535.0	0.0
40824	345	0	5	0.855	222.0	1110.0	0.6666666666666666
40825	358	0	5	0.8875	228.4	1142.0	0.3333333333333333
40826	100	0	5	0.2425	98.0	490.0	0.0
40827	91	0	5	0.22	54.2	271.0	0.6666666666666666
40828	83	0	5	0.2	18.6	93.0	0.0
40829	223	0	5	0.55	56.0	280.0	0.6666666666666666
40830	23	0	5	0.05	21.0	105.0	0.0
40831	315	0	5	0.78	190.8	954.0	0.6666666666666666
40832	97	0	5	0.235	76.6	383.0	0.3333333333333333
40833	145	0	5	0.355	91.0	455.0	0.3333333333333333
40834	223	0	5	0.55	136.0	680.0	0.3333333333333333
40835	165	0	5	0.405	163.0	815.0	0.0
40836	11	0	5	0.02	9.0	45.0	0.0
40837	292	0	5	0.7225	231.8	1159.0	0.3333333333333333
40838	304	0	5	0.7525	96.4	482.0	0.6666666666666666
40839	299	0	5	0.74	133.8	669.0	0.3333333333333333
40840	109	0	5	0.265	31.8	159.0	0.0
40841	120	0	5	0.2925	118.0	590.0	0.0
40842	203	0	5	0.5	90.6	453.0	0.3333333333333333
40843	312	0	5	0.7725	296.4	1482.0	0.6666666666666666
40844	24	0	5	0.0525	22.0	110.0	0.0
40845	358	0	5	0.8875	143.2	716.0	0.6666666666666666
40846	84	0	5	0.2025	74.0	370.0	0.3333333333333333
40847	213	0	5	0.525	108.2	541.0	0.3333333333333333
40848	282	0	5	0.6975	124.2	621.0	0.6666666666666666
40849	349	0	5	0.865	181.2	906.0	0.6666666666666666
40850	369	0	5	0.915	86.6	433.0	0.6666666666666666
40851	178	0	5	0.4375	167.6	838.0	0.3333333333333333
40852	120	0	5	0.2925	76.0	380.0	0.3333333333333333
40853	46	1	4	0.1125	33.8	169.0	1.0
40854	162	0	5	0.3975	34.4	172.0	0.6666666666666666
40855	117	0	5	0.285	38.2	191.0	0.3333333333333333
40856	204	0	5	0.5025	194.2	971.0	0.6666666666666666
40857	279	0	5	0.69	173.8	869.0	0.3333333333333333
40858	61	0	5	0.145	49.2	246.0	0.0
40859	371	1	4	0.925	158.2	791.0	1.0
40860	26	0	5	0.0575	24.0	120.0	0.0
40861	89	0	5	0.215	87.0	435.0	0.0
40862	313	0	5	0.775	153.0	765.0	0.3333333333333333
40863	284	0	5	0.7025	176.8	884.0	0.6666666666666666
40864	332	0	5	0.8225	232.8	1164.0	0.3333333333333333
40865	276	0	5	0.6825	181.2	906.0	0.6666666666666666
40866	312	1	4	0.7775	99.8	499.0	1.0
40867	148	0	5	0.3625	40.4	202.0	0.0
40868	33	0	5	0.075	31.0	155.0	0.0
40869	382	0	5	0.9475	300.8	1504.0	0.6666666666666666
40870	358	0	5	0.8875	143.2	716.0	0.6666666666666666
40871	243	1	4	0.605	177.4	887.0	1.0
40872	303	0	5	0.75	275.0	1375.0	0.3333333333333333
40873	220	0	5	0.5425	207.6	1038.0	0.3333333333333333
40874	253	0	5	0.625	91.4	457.0	0.3333333333333333
40875	78	0	5	0.1875	76.0	380.0	0.0
40876	22	0	5	0.0475	18.0	90.0	0.0
40877	356	0	5	0.8825	98.0	490.0	0.3333333333333333
40878	143	0	5	0.35	141.0	705.0	0.0
40879	345	0	5	0.855	244.0	1220.0	0.6666666666666666
40880	123	0	5	0.3	111.6	558.0	0.3333333333333333
40881	336	0	5	0.8325	187.2	936.0	0.6666666666666666
40882	354	0	5	0.8775	152.0	760.0	0.6666666666666666
40883	291	0	5	0.72	188.2	941.0	0.3333333333333333
40884	325	1	4	0.81	245.8	1229.0	1.0
40885	318	0	5	0.7875	275.8	1379.0	0.6666666666666666
40886	260	1	4	0.6475	174.2	871.0	1.0
40887	235	0	5	0.58	54.6	273.0	0.3333333333333333
40888	68	0	5	0.1625	66.0	330.0	0.0
40889	385	1	4	0.96	143.4	717.0	1.0
40890	71	0	5	0.17	56.6	283.0	0.3333333333333333
40891	282	0	5	0.6975	255.4	1277.0	0.3333333333333333
40892	12	0	5	0.0225	10.0	50.0	0.0
40893	242	0	5	0.5975	124.4	622.0	0.6666666666666666
40894	330	0	5	0.8175	95.0	475.0	0.6666666666666666
40895	354	1	4	0.8825	141.4	707.0	1.0
40896	308	0	5	0.7625	129.6	648.0	0.6666666666666666
40897	319	0	5	0.79	300.2	1501.0	0.3333333333333333
40898	37	0	5	0.085	32.0	160.0	0.3333333333333333
40899	150	0	5	0.3675	104.4	522.0	0.3333333333333333
40900	149	0	5	0.365	147.0	735.0	0.3333333333333333
40901	131	0	5	0.32	39.4	197.0	0.3333333333333333
40902	69	0	5	0.165	67.0	335.0	0.0
40903	234	1	4	0.5825	162.6	813.0	1.0
40904	68	0	5	0.1625	58.8	294.0	0.3333333333333333
40905	143	0	5	0.35	128.2	641.0	0.3333333333333333
40906	266	0	5	0.6575	186.8	934.0	0.3333333333333333
40907	94	0	5	0.2275	62.0	310.0	0.3333333333333333
40908	336	0	5	0.8325	267.4	1337.0	0.6666666666666666
40909	332	0	5	0.8225	82.8	414.0	0.6666666666666666
40910	42	0	5	0.0975	40.0	200.0	0.0
40911	86	0	5	0.2075	40.6	203.0	0.6666666666666666
40912	320	0	5	0.7925	276.8	1384.0	0.3333333333333333
40913	163	1	4	0.405	85.4	427.0	1.0
40914	152	0	5	0.3725	84.4	422.0	0.3333333333333333
40915	300	0	5	0.7425	179.6	898.0	0.3333333333333333
40916	274	0	5	0.6775	160.4	802.0	0.6666666666666666
40917	12	0	5	0.0225	10.0	50.0	0.0
40918	306	0	5	0.7575	128.0	640.0	0.6666666666666666
40919	365	0	5	0.905	241.0	1205.0	0.3333333333333333
40920	348	0	5	0.8625	224.4	1122.0	0.3333333333333333
40921	123	0	5	0.3	121.0	605.0	0.0
40922	50	0	5	0.1175	18.6	93.0	0.3333333333333333
40923	76	0	5	0.1825	64.4	322.0	0.3333333333333333
40924	108	0	5	0.2625	75.6	378.0	0.3333333333333333
40925	200	0	5	0.4925	184.2	921.0	0.3333333333333333
40926	329	0	5	0.815	220.2	1101.0	0.6666666666666666
40927	115	0	5	0.28	96.8	484.0	0.3333333333333333
40928	61	0	5	0.145	59.0	295.0	0.0
40929	363	0	5	0.9	112.2	561.0	0.6666666666666666
40930	253	0	5	0.625	198.2	991.0	0.0
40931	90	0	5	0.2175	88.0	440.0	0.0
40932	225	0	5	0.555	134.8	674.0	0.3333333333333333
40933	209	0	5	0.515	94.4	472.0	0.3333333333333333
40934	304	0	5	0.7525	221.6	1108.0	0.6666666666666666
40935	282	0	5	0.6975	207.6	1038.0	0.6666666666666666
40936	151	0	5	0.37	91.0	455.0	0.6666666666666666
40937	252	0	5	0.6225	190.8	954.0	0.3333333333333333
40938	3	0	5	0.0025	0.2	1.0	0.3333333333333333
40939	202	0	5	0.4975	106.4	532.0	0.3333333333333333
40940	108	0	5	0.2625	53.2	266.0	0.3333333333333333
40941	356	0	5	0.8825	254.8	1274.0	0.6666666666666666
40942	370	1	4	0.9225	169.2	846.0	1.0
40943	107	0	5	0.26	46.0	230.0	0.3333333333333333
40944	273	0	5	0.675	233.4	1167.0	0.6666666666666666
40945	381	0	5	0.945	80.0	400.0	0.3333333333333333
40946	342	0	5	0.8475	256.2	1281.0	0.3333333333333333
40947	251	0	5	0.62	183.4	917.0	0.3333333333333333
40948	92	0	5	0.2225	90.0	450.0	0.0
40949	168	0	5	0.4125	33.6	168.0	0.6666666666666666
40950	213	0	5	0.525	184.6	923.0	0.3333333333333333
40951	309	0	5	0.765	267.8	1339.0	0.0
40952	253	0	5	0.625	190.4	952.0	0.3333333333333333
40953	183	0	5	0.45	152.6	763.0	0.3333333333333333
40954	15	0	5	0.03	13.0	65.0	0.0
40955	208	0	5	0.5125	74.6	373.0	0.6666666666666666
40956	77	0	5	0.185	71.6	358.0	0.0
40957	180	0	5	0.4425	118.4	592.0	0.3333333333333333
40958	6	0	5	0.0075	4.0	20.0	0.0
40959	116	0	5	0.2825	63.6	318.0	0.0
40960	231	1	4	0.575	183.0	915.0	1.0
40961	243	1	3	0.605	205.2	1026.0	1.0
40962	351	0	5	0.87	102.4	512.0	0.6666666666666666
40963	148	0	5	0.3625	64.8	324.0	0.3333333333333333
40964	90	0	5	0.2175	88.0	440.0	0.0
40965	53	0	5	0.125	44.2	221.0	0.3333333333333333
40966	267	0	5	0.66	113.2	566.0	0.3333333333333333
40967	130	0	5	0.3175	104.0	520.0	0.3333333333333333
40968	185	0	5	0.455	117.8	589.0	0.3333333333333333
40969	15	0	5	0.03	13.0	65.0	0.0
40970	233	0	5	0.575	85.0	425.0	0.6666666666666666
40971	382	0	5	0.9475	274.0	1370.0	0.6666666666666666
40972	266	0	5	0.6575	75.2	376.0	0.6666666666666666
40973	363	0	5	0.9	218.6	1093.0	0.6666666666666666
40974	206	0	5	0.5075	204.0	1020.0	0.3333333333333333
40975	384	0	5	0.9525	162.6	813.0	0.6666666666666666
40976	380	0	5	0.9425	202.4	1012.0	0.6666666666666666
40977	348	1	4	0.8675	143.0	715.0	1.0
40978	177	0	5	0.435	144.2	721.0	0.0
40979	242	1	4	0.6025	161.6	808.0	1.0
40980	261	0	5	0.645	199.0	995.0	0.0
40981	251	0	5	0.62	211.2	1056.0	0.6666666666666666
40982	163	0	5	0.4	106.4	532.0	0.0
40983	194	0	5	0.4775	127.2	636.0	0.3333333333333333
40984	360	0	5	0.8925	150.2	751.0	0.6666666666666666
40985	364	1	4	0.9075	289.8	1449.0	1.0
40986	279	1	4	0.695	185.4	927.0	1.0
40987	332	0	5	0.8225	210.4	1052.0	0.6666666666666666
40988	30	0	5	0.0675	22.8	114.0	0.3333333333333333
40989	344	0	5	0.8525	245.0	1225.0	0.6666666666666666
40990	212	0	5	0.5225	190.4	952.0	0.3333333333333333
40991	352	0	5	0.8725	138.2	691.0	0.6666666666666666
40992	168	0	5	0.4125	75.6	378.0	0.3333333333333333
40993	95	0	5	0.23	93.0	465.0	0.0
40994	248	0	5	0.6125	187.8	939.0	0.3333333333333333
40995	237	0	5	0.585	159.0	795.0	0.3333333333333333
40996	284	0	5	0.7025	113.2	566.0	0.3333333333333333
40997	228	0	5	0.5625	98.8	494.0	0.3333333333333333
40998	42	0	5	0.0975	20.8	104.0	0.3333333333333333
40999	232	0	5	0.5725	157.8	789.0	0.6666666666666666
41000	298	0	5	0.7375	130.4	652.0	0.3333333333333333
41001	322	0	5	0.7975	307.0	1535.0	0.3333333333333333
41002	295	1	4	0.735	63.8	319.0	1.0
41003	83	0	5	0.2	68.6	343.0	0.0
41004	217	0	5	0.535	137.8	689.0	0.3333333333333333
41005	241	0	5	0.595	101.0	505.0	0.6666666666666666
41006	207	0	5	0.51	101.2	506.0	0.6666666666666666
41007	60	0	5	0.1425	51.4	257.0	0.0
41008	125	0	5	0.305	122.2	611.0	0.0
41009	68	0	5	0.1625	54.8	274.0	0.3333333333333333
41010	320	0	5	0.7925	280.4	1402.0	0.6666666666666666
41011	349	1	4	0.87	309.2	1546.0	1.0
41012	368	1	4	0.9175	228.8	1144.0	1.0
41013	370	0	5	0.9175	162.0	810.0	0.3333333333333333
41014	25	0	5	0.055	23.0	115.0	0.0
41015	205	0	5	0.505	172.6	863.0	0.3333333333333333
41016	67	0	5	0.16	56.6	283.0	0.0
41017	338	0	5	0.8375	164.6	823.0	0.6666666666666666
41018	183	0	5	0.45	97.8	489.0	0.3333333333333333
41019	133	1	4	0.33	83.4	417.0	1.0
41020	76	0	5	0.1825	33.2	166.0	0.3333333333333333
41021	29	0	5	0.065	27.0	135.0	0.0
41022	65	0	5	0.155	40.2	201.0	0.3333333333333333
41023	268	0	5	0.6625	194.2	971.0	0.6666666666666666
41024	96	0	5	0.2325	64.4	322.0	0.6666666666666666
41025	117	0	5	0.285	115.0	575.0	0.0
41026	177	0	5	0.435	104.2	521.0	0.6666666666666666
41027	231	0	5	0.57	122.6	613.0	0.6666666666666666
41028	206	1	4	0.5125	77.2	386.0	1.0
41029	29	0	5	0.065	27.0	135.0	0.0
41030	284	0	5	0.7025	113.2	566.0	0.6666666666666666
41031	57	0	5	0.135	33.6	168.0	0.6666666666666666
41032	352	0	5	0.8725	217.8	1089.0	0.6666666666666666
41033	185	0	5	0.455	46.2	231.0	0.6666666666666666
41034	221	0	5	0.545	149.6	748.0	0.3333333333333333
41035	233	0	5	0.575	193.0	965.0	0.3333333333333333
41036	33	0	5	0.075	31.0	155.0	0.0
41037	273	0	5	0.675	215.0	1075.0	0.3333333333333333
41038	262	1	4	0.6525	208.2	1041.0	1.0
41039	400	1	4	0.9975	202.4	1012.0	1.0
41040	309	1	4	0.77	90.6	453.0	1.0
41041	107	0	5	0.26	102.6	513.0	0.3333333333333333
41042	324	0	5	0.8025	130.0	650.0	0.3333333333333333
41043	91	0	5	0.22	53.0	265.0	0.0
41044	343	0	5	0.85	291.8	1459.0	0.6666666666666666
41045	214	0	5	0.5275	129.8	649.0	0.3333333333333333
41046	250	0	5	0.6175	61.6	308.0	0.6666666666666666
41047	275	1	4	0.685	75.0	375.0	1.0
41048	190	0	5	0.4675	187.6	938.0	0.0
41049	21	0	5	0.045	19.0	95.0	0.0
41050	364	1	4	0.9075	276.4	1382.0	1.0
41051	155	0	5	0.38	112.2	561.0	0.3333333333333333
41052	89	0	5	0.215	72.6	363.0	0.0
41053	168	0	5	0.4125	158.0	790.0	0.3333333333333333
41054	139	0	5	0.34	61.2	306.0	0.3333333333333333
41055	311	1	4	0.775	180.6	903.0	1.0
41056	144	0	5	0.3525	100.0	500.0	0.3333333333333333
41057	36	0	5	0.0825	25.2	126.0	0.3333333333333333
41058	194	0	5	0.4775	84.6	423.0	0.3333333333333333
41059	183	0	5	0.45	89.6	448.0	0.6666666666666666
41060	244	0	5	0.6025	242.0	1210.0	0.0
41061	294	0	5	0.7275	227.4	1137.0	0.3333333333333333
41062	344	0	5	0.8525	175.4	877.0	0.6666666666666666
41063	245	0	5	0.605	160.2	801.0	0.3333333333333333
41064	311	0	5	0.77	221.4	1107.0	0.6666666666666666
41065	115	0	5	0.28	90.6	453.0	0.3333333333333333
41066	150	0	5	0.3675	100.0	500.0	0.6666666666666666
41067	35	0	5	0.08	29.8	149.0	0.0
41068	317	0	5	0.785	175.0	875.0	0.6666666666666666
41069	294	0	5	0.7275	192.4	962.0	0.3333333333333333
41070	84	0	5	0.2025	49.2	246.0	0.3333333333333333
41071	300	0	5	0.7425	196.4	982.0	0.6666666666666666
41072	289	0	5	0.715	185.4	927.0	0.3333333333333333
41073	276	0	5	0.6825	227.2	1136.0	0.0
41074	218	0	5	0.5375	100.8	504.0	0.3333333333333333
41075	347	1	4	0.865	172.2	861.0	1.0
41076	24	0	5	0.0525	16.8	84.0	0.3333333333333333
41077	155	0	5	0.38	138.2	691.0	0.3333333333333333
41078	158	0	5	0.3875	63.2	316.0	0.3333333333333333
41079	221	0	5	0.545	161.4	807.0	0.0
41080	12	0	5	0.0225	10.0	50.0	0.0
41081	67	0	5	0.16	40.2	201.0	0.3333333333333333
41082	212	0	5	0.5225	190.8	954.0	0.0
41083	23	0	5	0.05	21.0	105.0	0.0
41084	174	0	5	0.4275	172.0	860.0	0.0
41085	53	0	5	0.125	51.0	255.0	0.0
41086	138	0	5	0.3375	100.4	502.0	0.3333333333333333
41087	314	0	5	0.7775	129.0	645.0	0.6666666666666666
41088	321	0	5	0.795	273.2	1366.0	0.3333333333333333
41089	363	0	5	0.9	316.2	1581.0	0.3333333333333333
41090	51	0	5	0.12	44.4	222.0	0.3333333333333333
41091	191	0	5	0.47	139.2	696.0	0.3333333333333333
41092	7	0	5	0.01	5.0	25.0	0.0
41093	318	0	5	0.7875	186.4	932.0	0.6666666666666666
41094	137	0	5	0.335	105.8	529.0	0.6666666666666666
41095	331	1	4	0.825	93.4	467.0	1.0
41096	400	1	4	0.9975	138.2	691.0	1.0
41097	269	1	4	0.67	85.0	425.0	1.0
41098	321	0	5	0.795	107.8	539.0	0.3333333333333333
41099	5	0	5	0.005	3.0	15.0	0.0
41100	389	0	5	0.965	180.8	904.0	0.6666666666666666
41101	328	0	5	0.8125	198.8	994.0	0.6666666666666666
41102	189	0	5	0.465	109.0	545.0	0.6666666666666666
41103	138	0	5	0.3375	92.8	464.0	0.3333333333333333
41104	315	0	5	0.78	134.2	671.0	0.3333333333333333
41105	246	0	5	0.6075	77.6	388.0	0.3333333333333333
41106	333	0	5	0.825	247.6	1238.0	0.6666666666666666
41107	394	0	5	0.9775	101.4	507.0	0.6666666666666666
41108	91	0	5	0.22	76.2	381.0	0.0
41109	170	0	5	0.4175	102.6	513.0	0.6666666666666666
41110	252	0	5	0.6225	155.2	776.0	0.3333333333333333
41111	293	0	5	0.725	120.6	603.0	0.3333333333333333
41112	197	0	5	0.485	171.4	857.0	0.3333333333333333
41113	96	0	5	0.2325	90.4	452.0	0.3333333333333333
41114	122	0	5	0.2975	118.8	594.0	0.0
41115	253	0	5	0.625	118.2	591.0	0.6666666666666666
41116	129	0	5	0.315	113.4	567.0	0.0
41117	170	1	4	0.4225	90.0	450.0	1.0
41118	284	0	5	0.7025	183.2	916.0	0.3333333333333333
41119	352	0	5	0.8725	204.8	1024.0	0.3333333333333333
41120	219	0	5	0.54	148.2	741.0	0.0
41121	117	0	5	0.285	57.8	289.0	0.3333333333333333
41122	380	0	5	0.9425	260.8	1304.0	0.6666666666666666
41123	375	0	5	0.93	273.0	1365.0	0.6666666666666666
41124	339	0	5	0.84	248.4	1242.0	0.6666666666666666
41125	93	0	5	0.225	62.2	311.0	0.3333333333333333
41126	165	0	5	0.405	135.4	677.0	0.0
41127	124	0	5	0.3025	76.0	380.0	0.0
41128	144	0	5	0.3525	132.4	662.0	0.3333333333333333
41129	271	0	5	0.67	193.0	965.0	0.6666666666666666
41130	67	0	5	0.16	51.2	256.0	0.0
41131	362	0	5	0.8975	151.4	757.0	0.6666666666666666
41132	31	0	5	0.07	29.0	145.0	0.0
41133	255	0	5	0.63	182.0	910.0	0.3333333333333333
41134	361	0	5	0.895	207.2	1036.0	0.6666666666666666
41135	213	0	5	0.525	172.0	860.0	0.6666666666666666
41136	332	1	4	0.8275	225.8	1129.0	1.0
41137	188	0	5	0.4625	78.0	390.0	0.6666666666666666
41138	394	0	5	0.9775	239.4	1197.0	0.6666666666666666
41139	237	0	5	0.585	136.6	683.0	0.6666666666666666
41140	145	0	5	0.355	113.8	569.0	0.3333333333333333
41141	262	1	4	0.6525	198.0	990.0	1.0
41142	245	0	5	0.605	180.0	900.0	0.3333333333333333
41143	127	0	5	0.31	96.0	480.0	0.6666666666666666
41144	142	0	5	0.3475	106.4	532.0	0.3333333333333333
41145	143	0	5	0.35	73.4	367.0	0.3333333333333333
41146	328	0	5	0.8125	139.2	696.0	0.6666666666666666
41147	266	0	5	0.6575	190.8	954.0	0.3333333333333333
41148	95	0	5	0.23	64.2	321.0	0.6666666666666666
41149	297	0	5	0.735	287.8	1439.0	0.6666666666666666
41150	201	0	5	0.495	153.0	765.0	0.0
41151	251	0	5	0.62	200.4	1002.0	0.3333333333333333
41152	169	0	5	0.415	78.0	390.0	0.3333333333333333
41153	283	1	4	0.705	204.4	1022.0	1.0
41154	260	1	4	0.6475	188.6	943.0	1.0
41155	25	0	5	0.055	23.0	115.0	0.0
41156	44	0	5	0.1025	30.0	150.0	0.3333333333333333
41157	44	0	5	0.1025	29.2	146.0	0.6666666666666666
41158	109	0	5	0.265	107.0	535.0	0.0
41159	316	0	5	0.7825	109.6	548.0	0.3333333333333333
41160	7	0	5	0.01	5.0	25.0	0.0
41161	65	0	5	0.155	63.0	315.0	0.0
41162	91	0	5	0.22	44.2	221.0	0.3333333333333333
41163	279	0	5	0.69	112.8	564.0	0.3333333333333333
41164	91	0	5	0.22	37.8	189.0	0.3333333333333333
41165	303	1	4	0.755	129.0	645.0	1.0
41166	50	0	5	0.1175	48.0	240.0	0.0
41167	219	0	5	0.54	143.2	716.0	0.3333333333333333
41168	240	0	5	0.5925	173.8	869.0	0.6666666666666666
41169	306	0	5	0.7575	169.0	845.0	0.6666666666666666
41170	270	0	5	0.6675	128.0	640.0	0.6666666666666666
41171	270	1	3	0.6725	222.6	1113.0	1.0
41172	370	1	4	0.9225	277.4	1387.0	1.0
41173	355	0	5	0.88	206.8	1034.0	0.6666666666666666
41174	48	0	5	0.1125	46.0	230.0	0.0
41175	98	0	5	0.2375	89.4	447.0	0.0
41176	139	0	5	0.34	137.0	685.0	0.0
41177	95	0	5	0.23	20.4	102.0	0.3333333333333333
41178	93	0	5	0.225	44.6	223.0	0.3333333333333333
41179	225	1	4	0.56	191.0	955.0	1.0
41180	252	0	5	0.6225	127.6	638.0	0.3333333333333333
41181	346	0	5	0.8575	139.8	699.0	0.6666666666666666
41182	231	0	5	0.57	97.6	488.0	0.3333333333333333
41183	293	0	5	0.725	142.8	714.0	0.6666666666666666
41184	259	0	5	0.64	182.0	910.0	0.3333333333333333
41185	56	0	5	0.1325	54.0	270.0	0.0
41186	354	0	5	0.8775	99.2	496.0	0.6666666666666666
41187	37	0	5	0.085	27.4	137.0	0.0
41188	20	0	5	0.0425	18.0	90.0	0.0
41189	12	0	5	0.0225	10.0	50.0	0.0
41190	133	0	5	0.325	131.0	655.0	0.0
41191	47	0	5	0.11	19.4	97.0	0.3333333333333333
41192	316	0	5	0.7825	117.2	586.0	0.6666666666666666
41193	106	0	5	0.2575	87.6	438.0	0.3333333333333333
41194	134	0	5	0.3275	89.4	447.0	0.3333333333333333
41195	28	0	5	0.0625	26.0	130.0	0.0
41196	83	0	5	0.2	40.2	201.0	0.3333333333333333
41197	157	0	5	0.385	71.0	355.0	0.3333333333333333
41198	280	0	5	0.6925	91.6	458.0	0.3333333333333333
41199	123	0	5	0.3	121.0	605.0	0.0
41200	142	0	5	0.3475	106.0	530.0	0.3333333333333333
41201	285	0	5	0.705	151.0	755.0	0.3333333333333333
41202	27	0	5	0.06	25.0	125.0	0.0
41203	220	1	4	0.5475	79.0	395.0	1.0
41204	381	0	5	0.945	193.2	966.0	0.6666666666666666
41205	7	0	5	0.01	2.2	11.0	0.3333333333333333
41206	141	0	5	0.345	62.4	312.0	0.3333333333333333
41207	376	0	5	0.9325	114.0	570.0	0.6666666666666666
41208	200	0	5	0.4925	154.0	770.0	0.3333333333333333
41209	34	0	5	0.0775	32.0	160.0	0.0
41210	99	0	5	0.24	97.0	485.0	0.0
41211	20	0	5	0.0425	9.6	48.0	0.0
41212	203	0	5	0.5	167.4	837.0	0.3333333333333333
41213	14	0	5	0.0275	12.0	60.0	0.0
41214	401	0	4	0.9975	180.4	902.0	0.6666666666666666
41215	149	1	4	0.37	124.2	621.0	1.0
41216	296	0	5	0.7325	158.8	794.0	0.6666666666666666
41217	63	0	5	0.15	61.0	305.0	0.0
41218	230	0	5	0.5675	150.8	754.0	0.6666666666666666
41219	246	0	5	0.6075	107.8	539.0	0.3333333333333333
41220	242	0	5	0.5975	240.0	1200.0	0.0
41221	84	0	5	0.2025	82.0	410.0	0.0
41222	299	0	5	0.74	129.4	647.0	0.6666666666666666
41223	46	0	5	0.1075	44.0	220.0	0.0
41224	237	0	5	0.585	209.0	1045.0	0.0
41225	296	1	4	0.7375	133.2	666.0	1.0
41226	166	0	5	0.4075	112.8	564.0	0.0
41227	28	0	5	0.0625	26.0	130.0	0.3333333333333333
41228	146	0	5	0.3575	119.6	598.0	0.3333333333333333
41229	286	0	5	0.7075	81.2	406.0	0.3333333333333333
41230	270	1	4	0.6725	169.0	845.0	1.0
41231	133	0	5	0.325	56.2	281.0	0.6666666666666666
41232	38	0	5	0.0875	7.4	37.0	0.0
41233	16	0	5	0.0325	14.0	70.0	0.0
41234	227	0	5	0.56	107.4	537.0	0.3333333333333333
41235	153	0	5	0.375	64.2	321.0	0.3333333333333333
41236	116	0	5	0.2825	103.2	516.0	0.3333333333333333
41237	84	0	5	0.2025	80.8	404.0	0.0
41238	90	0	5	0.2175	88.0	440.0	0.0
41239	168	0	5	0.4125	114.2	571.0	0.3333333333333333
41240	187	0	5	0.46	129.2	646.0	0.0
41241	238	0	5	0.5875	185.4	927.0	0.3333333333333333
41242	191	0	5	0.47	188.4	942.0	0.3333333333333333
41243	92	0	5	0.2225	65.0	325.0	0.3333333333333333
41244	15	0	5	0.03	8.8	44.0	0.0
41245	383	0	5	0.95	159.6	798.0	0.6666666666666666
41246	389	1	4	0.97	326.4	1632.0	1.0
41247	209	0	5	0.515	123.0	615.0	0.6666666666666666
41248	373	1	4	0.93	215.8	1079.0	1.0
41249	184	0	5	0.4525	158.8	794.0	0.3333333333333333
41250	258	0	5	0.6375	66.6	333.0	0.6666666666666666
41251	117	0	5	0.285	115.0	575.0	0.0
41252	216	1	4	0.5375	167.2	836.0	1.0
41253	229	0	5	0.565	181.4	907.0	0.3333333333333333
41254	273	0	5	0.675	215.4	1077.0	0.3333333333333333
41255	115	0	5	0.28	74.2	371.0	0.0
41256	173	0	5	0.425	135.4	677.0	0.3333333333333333
41257	224	0	5	0.5525	89.0	445.0	0.6666666666666666
41258	70	0	5	0.1675	68.0	340.0	0.0
41259	60	0	5	0.1425	58.0	290.0	0.0
41260	174	0	5	0.4275	150.4	752.0	0.3333333333333333
41261	96	0	5	0.2325	94.0	470.0	0.0
41262	96	0	5	0.2325	92.8	464.0	0.0
41263	276	0	5	0.6825	199.2	996.0	0.6666666666666666
41264	125	0	5	0.305	90.4	452.0	0.3333333333333333
41265	136	0	5	0.3325	116.6	583.0	0.0
41266	154	0	5	0.3775	107.8	539.0	0.3333333333333333
41267	185	0	5	0.455	76.6	383.0	0.3333333333333333
41268	313	0	5	0.775	159.0	795.0	0.0
41269	164	0	5	0.4025	78.2	391.0	0.3333333333333333
41270	192	0	5	0.4725	186.4	932.0	0.3333333333333333
41271	269	0	5	0.665	146.2	731.0	0.3333333333333333
41272	239	0	5	0.59	187.2	936.0	0.6666666666666666
41273	56	0	5	0.1325	54.0	270.0	0.0
41274	128	0	5	0.3125	126.0	630.0	0.0
41275	54	0	5	0.1275	38.8	194.0	0.3333333333333333
41276	121	0	5	0.295	77.8	389.0	0.3333333333333333
41277	54	0	5	0.1275	36.8	184.0	0.3333333333333333
41278	137	0	5	0.335	125.8	629.0	0.3333333333333333
41279	329	0	5	0.815	138.2	691.0	0.6666666666666666
41280	291	0	5	0.72	106.4	532.0	0.3333333333333333
41281	350	1	4	0.8725	190.6	953.0	1.0
41282	128	0	5	0.3125	126.0	630.0	0.0
41283	13	0	5	0.025	11.0	55.0	0.0
41284	399	0	5	0.99	163.8	819.0	0.6666666666666666
41285	108	0	5	0.2625	106.0	530.0	0.0
41286	370	1	4	0.9225	237.4	1187.0	1.0
41287	241	1	4	0.6	199.0	995.0	1.0
41288	244	0	5	0.6025	163.2	816.0	0.3333333333333333
41289	245	0	5	0.605	146.0	730.0	0.6666666666666666
41290	125	0	5	0.305	100.6	503.0	0.3333333333333333
41291	190	0	5	0.4675	184.6	923.0	0.0
41292	281	0	5	0.695	199.4	997.0	0.6666666666666666
41293	106	0	5	0.2575	94.4	472.0	0.3333333333333333
41294	231	0	5	0.57	198.6	993.0	0.3333333333333333
41295	225	1	4	0.56	152.8	764.0	1.0
41296	5	0	5	0.005	3.0	15.0	0.0
41297	44	0	5	0.1025	42.0	210.0	0.0
41298	146	0	5	0.3575	58.2	291.0	0.3333333333333333
41299	287	0	5	0.71	109.0	545.0	0.6666666666666666
41300	328	0	5	0.8125	163.8	819.0	0.6666666666666666
41301	94	1	4	0.2325	62.0	310.0	1.0
41302	152	0	5	0.3725	86.2	431.0	0.3333333333333333
41303	193	0	5	0.475	175.0	875.0	0.0
41304	18	0	5	0.0375	16.0	80.0	0.0
41305	125	0	5	0.305	64.2	321.0	0.3333333333333333
41306	135	0	5	0.33	133.0	665.0	0.0
41307	157	0	5	0.385	52.2	261.0	0.3333333333333333
41308	11	0	5	0.02	9.0	45.0	0.0
41309	83	0	5	0.2	70.6	353.0	0.3333333333333333
41310	284	1	4	0.7075	219.6	1098.0	1.0
41311	230	0	5	0.5675	220.4	1102.0	0.3333333333333333
41312	70	0	5	0.1675	44.0	220.0	0.6666666666666666
41313	336	0	5	0.8325	234.8	1174.0	0.3333333333333333
41314	113	0	5	0.275	49.8	249.0	0.6666666666666666
41315	192	0	5	0.4725	127.0	635.0	0.3333333333333333
41316	288	0	5	0.7125	258.8	1294.0	0.0
41317	296	0	5	0.7325	107.8	539.0	0.3333333333333333
41318	114	0	5	0.2775	100.8	504.0	0.3333333333333333
41319	373	0	5	0.925	313.2	1566.0	0.3333333333333333
41320	57	0	5	0.135	28.6	143.0	0.0
41321	33	0	5	0.075	31.0	155.0	0.0
41322	238	0	5	0.5875	94.6	473.0	0.6666666666666666
41323	181	0	5	0.445	81.6	408.0	0.6666666666666666
41324	247	0	5	0.61	159.6	798.0	0.3333333333333333
41325	86	0	5	0.2075	84.0	420.0	0.0
41326	388	0	5	0.9625	156.8	784.0	0.6666666666666666
41327	174	0	5	0.4275	104.4	522.0	0.3333333333333333
41328	340	1	4	0.8475	249.6	1248.0	1.0
41329	318	1	4	0.7925	159.2	796.0	1.0
41330	356	0	5	0.8825	190.2	951.0	0.6666666666666666
41331	355	0	5	0.88	135.0	675.0	0.6666666666666666
41332	115	0	5	0.28	113.0	565.0	0.0
41333	298	0	5	0.7375	124.8	624.0	0.3333333333333333
41334	139	0	5	0.34	102.8	514.0	0.6666666666666666
41335	179	0	5	0.44	112.8	564.0	0.0
41336	193	0	5	0.475	163.0	815.0	0.0
41337	223	0	5	0.55	142.2	711.0	0.3333333333333333
41338	300	0	5	0.7425	214.6	1073.0	0.3333333333333333
41339	374	0	5	0.9275	312.4	1562.0	0.3333333333333333
41340	128	0	5	0.3125	75.8	379.0	0.3333333333333333
41341	254	0	5	0.6275	145.6	728.0	0.6666666666666666
41342	305	0	5	0.755	81.8	409.0	0.6666666666666666
41343	155	0	5	0.38	151.0	755.0	0.3333333333333333
41344	281	0	5	0.695	146.2	731.0	0.6666666666666666
41345	152	0	5	0.3725	150.0	750.0	0.0
41346	290	1	4	0.7225	266.8	1334.0	1.0
41347	302	1	4	0.7525	245.8	1229.0	1.0
41348	89	0	5	0.215	64.2	321.0	0.3333333333333333
41349	368	0	5	0.9125	258.8	1294.0	0.6666666666666666
41350	210	0	5	0.5175	208.0	1040.0	0.0
41351	177	0	5	0.435	175.0	875.0	0.0
41352	331	0	5	0.82	87.6	438.0	0.6666666666666666
41353	291	0	5	0.72	121.0	605.0	0.0
41354	338	1	4	0.8425	206.2	1031.0	1.0
41355	90	0	5	0.2175	72.0	360.0	0.3333333333333333
41356	278	0	5	0.6875	210.8	1054.0	0.0
41357	215	0	5	0.53	104.0	520.0	0.3333333333333333
41358	112	0	5	0.2725	74.8	374.0	0.0
41359	268	0	5	0.6625	168.8	844.0	0.3333333333333333
41360	125	0	5	0.305	123.0	615.0	0.0
41361	272	0	5	0.6725	136.2	681.0	0.3333333333333333
41362	11	0	5	0.02	9.0	45.0	0.0
41363	279	0	5	0.69	184.4	922.0	0.6666666666666666
41364	169	0	5	0.415	158.2	791.0	0.3333333333333333
41365	201	0	5	0.495	164.0	820.0	0.3333333333333333
41366	69	0	5	0.165	47.4	237.0	0.0
41367	260	1	4	0.6475	201.6	1008.0	1.0
41368	139	0	5	0.34	91.8	459.0	0.6666666666666666
41369	137	0	5	0.335	89.4	447.0	0.3333333333333333
41370	77	0	5	0.185	75.0	375.0	0.0
41371	137	0	5	0.335	83.4	417.0	0.0
41372	303	0	5	0.75	153.8	769.0	0.3333333333333333
41373	57	0	5	0.135	55.0	275.0	0.0
41374	334	0	5	0.8275	200.4	1002.0	0.6666666666666666
41375	294	0	5	0.7275	148.8	744.0	0.6666666666666666
41376	242	0	5	0.5975	157.2	786.0	0.6666666666666666
41377	367	0	5	0.91	325.2	1626.0	0.6666666666666666
41378	359	0	5	0.89	154.4	772.0	0.6666666666666666
41379	301	0	5	0.745	280.2	1401.0	0.6666666666666666
41380	167	0	5	0.41	66.2	331.0	0.3333333333333333
41381	107	0	5	0.26	26.6	133.0	0.3333333333333333
41382	201	0	5	0.495	68.6	343.0	0.6666666666666666
41383	32	0	5	0.0725	23.6	118.0	0.3333333333333333
41384	313	1	4	0.78	216.0	1080.0	1.0
41385	84	0	5	0.2025	22.0	110.0	0.3333333333333333
41386	18	0	5	0.0375	16.0	80.0	0.0
41387	127	0	5	0.31	95.6	478.0	0.3333333333333333
41388	215	0	5	0.53	93.6	468.0	0.3333333333333333
41389	341	0	5	0.845	138.6	693.0	0.6666666666666666
41390	150	0	5	0.3675	97.2	486.0	0.3333333333333333
41391	313	0	5	0.775	183.0	915.0	0.3333333333333333
41392	97	0	5	0.235	95.0	475.0	0.0
41393	144	0	5	0.3525	51.6	258.0	0.3333333333333333
41394	336	0	5	0.8325	142.4	712.0	0.6666666666666666
41395	112	0	5	0.2725	59.6	298.0	0.3333333333333333
41396	231	1	4	0.575	86.6	433.0	1.0
41397	67	0	5	0.16	31.8	159.0	0.3333333333333333
41398	64	0	5	0.1525	46.4	232.0	0.3333333333333333
41399	103	0	5	0.25	97.8	489.0	0.0
41400	6	0	5	0.0075	4.0	20.0	0.0
41401	216	0	5	0.5325	116.2	581.0	0.6666666666666666
41402	26	0	5	0.0575	24.0	120.0	0.0
41403	33	0	5	0.075	31.0	155.0	0.0
41404	263	0	5	0.65	125.2	626.0	0.3333333333333333
41405	366	1	4	0.9125	126.8	634.0	1.0
41406	363	0	5	0.9	233.0	1165.0	0.6666666666666666
41407	246	0	5	0.6075	211.0	1055.0	0.0
41408	261	0	5	0.645	99.8	499.0	0.0
41409	194	0	5	0.4775	150.2	751.0	0.3333333333333333
41410	206	0	5	0.5075	84.0	420.0	0.3333333333333333
41411	42	0	5	0.0975	35.2	176.0	0.0
41412	168	0	5	0.4125	144.2	721.0	0.3333333333333333
41413	335	0	5	0.83	173.8	869.0	0.6666666666666666
41414	290	0	5	0.7175	143.6	718.0	0.6666666666666666
41415	166	0	5	0.4075	164.0	820.0	0.0
41416	162	0	5	0.3975	96.8	484.0	0.3333333333333333
41417	270	0	5	0.6675	95.6	478.0	0.6666666666666666
41418	192	1	4	0.4775	90.2	451.0	1.0
41419	146	0	5	0.3575	101.6	508.0	0.0
41420	180	0	5	0.4425	54.8	274.0	0.3333333333333333
41421	388	0	5	0.9625	170.2	851.0	0.3333333333333333
41422	29	0	5	0.065	27.0	135.0	0.0
41423	227	0	5	0.56	144.6	723.0	0.3333333333333333
41424	323	0	5	0.8	244.0	1220.0	0.3333333333333333
41425	316	0	5	0.7825	153.6	768.0	0.6666666666666666
41426	135	0	5	0.33	94.8	474.0	0.3333333333333333
41427	155	0	5	0.38	127.8	639.0	0.0
41428	179	0	5	0.44	162.2	811.0	0.0
41429	362	0	5	0.8975	186.2	931.0	0.6666666666666666
41430	199	0	5	0.49	188.0	940.0	0.3333333333333333
41431	146	0	5	0.3575	46.2	231.0	0.3333333333333333
41432	348	1	4	0.8675	176.6	883.0	1.0
41433	136	0	5	0.3325	81.0	405.0	0.3333333333333333
41434	350	0	5	0.8675	286.6	1433.0	0.6666666666666666
41435	50	0	5	0.1175	48.0	240.0	0.0
41436	139	0	5	0.34	89.6	448.0	0.0
41437	228	0	5	0.5625	139.8	699.0	0.6666666666666666
41438	96	0	5	0.2325	77.6	388.0	0.0
41439	162	0	5	0.3975	60.0	300.0	0.3333333333333333
41440	225	0	5	0.555	205.0	1025.0	0.3333333333333333
41441	69	0	5	0.165	67.0	335.0	0.0
41442	174	0	5	0.4275	159.2	796.0	0.0
41443	393	0	5	0.975	155.4	777.0	0.6666666666666666
41444	130	0	5	0.3175	128.0	640.0	0.0
41445	165	0	5	0.405	108.2	541.0	0.0
41446	267	0	5	0.66	217.8	1089.0	0.6666666666666666
41447	376	0	5	0.9325	205.2	1026.0	0.6666666666666666
41448	71	0	5	0.17	35.0	175.0	0.6666666666666666
41449	173	0	5	0.425	102.8	514.0	0.0
41450	382	0	5	0.9475	145.8	729.0	0.6666666666666666
41451	35	0	5	0.08	30.6	153.0	0.0
41452	149	0	5	0.365	81.0	405.0	0.6666666666666666
41453	227	0	5	0.56	198.2	991.0	0.3333333333333333
41454	253	0	5	0.625	150.4	752.0	0.6666666666666666
41455	226	1	4	0.5625	140.4	702.0	1.0
41456	197	1	4	0.49	155.4	777.0	1.0
41457	53	0	5	0.125	49.8	249.0	0.0
41458	274	1	4	0.6825	242.2	1211.0	1.0
41459	132	0	5	0.3225	83.6	418.0	0.3333333333333333
41460	119	0	5	0.29	33.8	169.0	0.0
41461	254	0	5	0.6275	133.6	668.0	0.0
41462	159	0	5	0.39	157.0	785.0	0.0
41463	79	0	5	0.19	77.0	385.0	0.0
41464	264	1	4	0.6575	103.2	516.0	1.0
41465	79	0	5	0.19	53.8	269.0	0.3333333333333333
41466	101	0	5	0.245	64.2	321.0	0.3333333333333333
41467	127	0	5	0.31	110.6	553.0	0.0
41468	369	0	5	0.915	121.4	607.0	0.6666666666666666
41469	241	0	5	0.595	210.8	1054.0	0.0
41470	102	0	5	0.2475	100.0	500.0	0.0
41471	280	0	5	0.6925	176.0	880.0	0.3333333333333333
41472	65	0	5	0.155	63.0	315.0	0.0
41473	130	0	5	0.3175	108.8	544.0	0.3333333333333333
41474	154	0	5	0.3775	124.4	622.0	0.3333333333333333
41475	262	1	4	0.6525	153.0	765.0	1.0
41476	268	0	5	0.6625	153.8	769.0	0.3333333333333333
41477	161	0	5	0.395	90.6	453.0	0.3333333333333333
41478	292	0	5	0.7225	240.4	1202.0	0.6666666666666666
41479	296	0	5	0.7325	226.0	1130.0	0.6666666666666666
41480	264	0	5	0.6525	90.6	453.0	0.3333333333333333
41481	100	0	5	0.2425	98.0	490.0	0.0
41482	221	1	4	0.55	173.8	869.0	1.0
41483	294	0	5	0.7275	181.2	906.0	0.6666666666666666
41484	155	0	5	0.38	126.0	630.0	0.3333333333333333
41485	61	0	5	0.145	59.0	295.0	0.0
41486	134	0	5	0.3275	78.4	392.0	0.3333333333333333
41487	68	0	5	0.1625	26.0	130.0	0.3333333333333333
41488	374	0	5	0.9275	244.8	1224.0	0.3333333333333333
41489	12	0	5	0.0225	10.0	50.0	0.0
41490	312	0	5	0.7725	198.8	994.0	0.3333333333333333
41491	296	0	5	0.7325	131.6	658.0	0.6666666666666666
41492	343	0	5	0.85	216.6	1083.0	0.6666666666666666
41493	46	0	5	0.1075	44.0	220.0	0.0
41494	128	1	4	0.3175	111.6	558.0	1.0
41495	275	0	5	0.68	115.4	577.0	0.6666666666666666
41496	98	0	5	0.2375	94.8	474.0	0.3333333333333333
41497	243	0	5	0.6	226.8	1134.0	0.3333333333333333
41498	378	0	5	0.9375	179.0	895.0	0.3333333333333333
41499	284	0	5	0.7025	234.4	1172.0	0.6666666666666666
41500	320	0	5	0.7925	145.0	725.0	0.6666666666666666
41501	47	0	5	0.11	40.2	201.0	0.0
41502	351	0	5	0.87	268.8	1344.0	0.3333333333333333
41503	118	0	5	0.2875	116.0	580.0	0.0
41504	298	0	5	0.7375	154.4	772.0	0.6666666666666666
41505	265	0	5	0.655	232.2	1161.0	0.3333333333333333
41506	137	0	5	0.335	122.0	610.0	0.3333333333333333
41507	108	0	5	0.2625	103.6	518.0	0.3333333333333333
41508	328	0	5	0.8125	140.0	700.0	0.3333333333333333
41509	114	0	5	0.2775	62.4	312.0	0.3333333333333333
41510	155	0	5	0.38	147.8	739.0	0.3333333333333333
41511	122	0	5	0.2975	105.4	527.0	0.3333333333333333
41512	159	0	5	0.39	157.0	785.0	0.0
41513	114	0	5	0.2775	112.0	560.0	0.0
41514	139	0	5	0.34	49.8	249.0	0.3333333333333333
41515	64	0	5	0.1525	39.8	199.0	0.3333333333333333
41516	214	0	5	0.5275	184.8	924.0	0.0
41517	90	0	5	0.2175	52.8	264.0	0.3333333333333333
41518	325	0	5	0.805	212.6	1063.0	0.3333333333333333
41519	344	1	4	0.8575	135.8	679.0	1.0
41520	259	0	5	0.64	117.2	586.0	0.6666666666666666
41521	200	0	5	0.4925	163.8	819.0	0.0
41522	273	0	5	0.675	254.0	1270.0	0.6666666666666666
41523	305	0	5	0.755	80.2	401.0	0.6666666666666666
41524	33	0	5	0.075	31.0	155.0	0.0
41525	218	0	5	0.5375	180.6	903.0	0.3333333333333333
41526	142	0	5	0.3475	140.0	700.0	0.0
41527	99	0	5	0.24	97.0	485.0	0.3333333333333333
41528	124	0	5	0.3025	90.2	451.0	0.0
41529	76	0	5	0.1825	35.6	178.0	0.3333333333333333
41530	298	0	5	0.7375	259.2	1296.0	0.0
41531	340	0	5	0.8425	231.4	1157.0	0.3333333333333333
41532	259	0	5	0.64	215.8	1079.0	0.0
41533	248	1	4	0.6175	206.8	1034.0	1.0
41534	206	1	4	0.5125	181.2	906.0	1.0
41535	38	0	5	0.0875	36.0	180.0	0.0
41536	319	0	5	0.79	229.8	1149.0	0.3333333333333333
41537	277	1	4	0.69	105.8	529.0	1.0
41538	153	0	5	0.375	79.4	397.0	0.3333333333333333
41539	230	0	5	0.5675	228.0	1140.0	0.0
41540	309	0	5	0.765	153.6	768.0	0.3333333333333333
41541	138	0	5	0.3375	136.0	680.0	0.0
41542	89	0	5	0.215	87.0	435.0	0.0
41543	247	0	5	0.61	145.2	726.0	0.3333333333333333
41544	398	0	5	0.9875	305.8	1529.0	0.6666666666666666
41545	147	0	5	0.36	70.4	352.0	0.6666666666666666
41546	172	0	5	0.4225	161.0	805.0	0.6666666666666666
41547	186	0	5	0.4575	181.2	906.0	0.3333333333333333
41548	300	0	5	0.7425	163.6	818.0	0.6666666666666666
41549	395	0	5	0.98	142.4	712.0	0.6666666666666666
41550	95	0	5	0.23	93.0	465.0	0.0
41551	358	0	5	0.8875	318.4	1592.0	0.0
41552	118	0	5	0.2875	114.4	572.0	0.3333333333333333
41553	289	0	5	0.715	142.4	712.0	0.6666666666666666
41554	264	0	5	0.6525	179.2	896.0	0.6666666666666666
41555	116	0	5	0.2825	57.8	289.0	0.3333333333333333
41556	291	0	5	0.72	194.4	972.0	0.0
41557	80	0	5	0.1925	78.0	390.0	0.0
41558	343	0	5	0.85	165.2	826.0	0.3333333333333333
41559	56	0	5	0.1325	45.6	228.0	0.0
41560	363	0	5	0.9	275.8	1379.0	0.6666666666666666
41561	118	0	5	0.2875	77.6	388.0	0.0
41562	366	0	5	0.9075	293.4	1467.0	0.6666666666666666
41563	225	0	5	0.555	133.8	669.0	0.6666666666666666
41564	370	0	5	0.9175	127.2	636.0	0.6666666666666666
41565	325	0	5	0.805	166.8	834.0	0.6666666666666666
41566	83	0	5	0.2	32.6	163.0	0.3333333333333333
41567	164	0	5	0.4025	111.2	556.0	0.0
41568	113	0	5	0.275	48.2	241.0	0.0
41569	130	0	5	0.3175	122.4	612.0	0.3333333333333333
41570	348	1	4	0.8675	218.0	1090.0	1.0
41571	76	0	5	0.1825	74.0	370.0	0.0
41572	190	0	5	0.4675	121.0	605.0	0.3333333333333333
41573	204	0	5	0.5025	66.8	334.0	0.6666666666666666
41574	213	0	5	0.525	102.4	512.0	0.6666666666666666
41575	153	0	5	0.375	68.8	344.0	0.0
41576	295	0	5	0.73	169.8	849.0	0.3333333333333333
41577	167	0	5	0.41	133.2	666.0	0.3333333333333333
41578	328	1	4	0.8175	114.2	571.0	1.0
41579	302	1	4	0.7525	183.2	916.0	1.0
41580	296	0	5	0.7325	190.0	950.0	0.6666666666666666
41581	105	0	5	0.255	36.6	183.0	0.0
41582	15	0	5	0.03	13.0	65.0	0.0
41583	118	1	4	0.2925	44.8	224.0	1.0
41584	393	1	4	0.98	140.8	704.0	1.0
41585	240	0	5	0.5925	238.0	1190.0	0.0
41586	115	0	5	0.28	113.0	565.0	0.0
41587	23	0	5	0.05	21.0	105.0	0.0
41588	200	0	5	0.4925	190.4	952.0	0.3333333333333333
41589	273	1	4	0.68	164.2	821.0	1.0
41590	335	0	5	0.83	161.4	807.0	0.3333333333333333
41591	213	0	5	0.525	50.2	251.0	0.3333333333333333
41592	249	1	4	0.62	137.8	689.0	1.0
41593	9	0	5	0.015	7.0	35.0	0.0
41594	109	0	5	0.265	107.0	535.0	0.0
41595	355	0	5	0.88	220.8	1104.0	0.3333333333333333
41596	190	0	5	0.4675	98.6	493.0	0.3333333333333333
41597	248	0	5	0.6125	223.4	1117.0	0.6666666666666666
41598	94	0	5	0.2275	51.2	256.0	0.3333333333333333
41599	382	0	5	0.9475	286.0	1430.0	0.6666666666666666
41600	235	0	5	0.58	210.2	1051.0	0.3333333333333333
41601	303	0	5	0.75	288.0	1440.0	0.3333333333333333
41602	319	0	5	0.79	204.6	1023.0	0.6666666666666666
41603	372	1	4	0.9275	204.4	1022.0	1.0
41604	69	0	5	0.165	67.0	335.0	0.0
41605	171	1	4	0.425	125.6	628.0	1.0
41606	106	0	5	0.2575	74.0	370.0	0.3333333333333333
41607	301	0	5	0.745	232.4	1162.0	0.3333333333333333
41608	398	0	5	0.9875	327.4	1637.0	0.6666666666666666
41609	21	0	5	0.045	19.0	95.0	0.0
41610	333	0	5	0.825	249.6	1248.0	0.3333333333333333
41611	362	1	4	0.9025	166.4	832.0	1.0
41612	337	0	5	0.835	175.8	879.0	0.3333333333333333
41613	331	0	5	0.82	254.8	1274.0	0.6666666666666666
41614	306	0	5	0.7575	242.8	1214.0	0.6666666666666666
41615	366	0	5	0.9075	176.4	882.0	0.3333333333333333
41616	122	0	5	0.2975	102.8	514.0	0.0
41617	318	1	4	0.7925	224.6	1123.0	1.0
41618	358	1	4	0.8925	99.6	498.0	1.0
41619	246	0	5	0.6075	166.4	832.0	0.6666666666666666
41620	393	1	4	0.98	244.2	1221.0	1.0
41621	164	0	5	0.4025	149.4	747.0	0.0
41622	304	1	4	0.7575	143.2	716.0	1.0
41623	137	0	5	0.335	124.6	623.0	0.3333333333333333
41624	303	0	5	0.75	171.4	857.0	0.6666666666666666
41625	315	0	5	0.78	226.6	1133.0	0.3333333333333333
41626	52	0	5	0.1225	50.0	250.0	0.0
41627	362	1	4	0.9025	191.6	958.0	1.0
41628	355	0	5	0.88	258.4	1292.0	0.6666666666666666
41629	107	0	5	0.26	61.8	309.0	0.0
41630	214	0	5	0.5275	140.0	700.0	0.0
41631	347	0	5	0.86	135.2	676.0	0.6666666666666666
41632	270	0	5	0.6675	211.0	1055.0	0.6666666666666666
41633	91	0	5	0.22	66.2	331.0	0.6666666666666666
41634	304	0	5	0.7525	158.4	792.0	0.3333333333333333
41635	105	0	5	0.255	79.2	396.0	0.0
41636	376	0	5	0.9325	134.8	674.0	0.6666666666666666
41637	320	0	5	0.7925	264.0	1320.0	0.3333333333333333
41638	166	0	5	0.4075	128.6	643.0	0.3333333333333333
41639	108	0	5	0.2625	71.6	358.0	0.3333333333333333
41640	137	0	5	0.335	112.0	560.0	0.3333333333333333
41641	349	1	4	0.87	130.4	652.0	1.0
41642	56	0	5	0.1325	25.8	129.0	0.3333333333333333
41643	26	0	5	0.0575	15.6	78.0	0.3333333333333333
41644	93	0	5	0.225	91.0	455.0	0.0
41645	281	0	5	0.695	262.2	1311.0	0.3333333333333333
41646	61	0	5	0.145	59.0	295.0	0.0
41647	80	0	5	0.1925	78.0	390.0	0.0
41648	251	0	5	0.62	154.4	772.0	0.0
41649	215	0	5	0.53	66.2	331.0	0.3333333333333333
41650	119	0	5	0.29	84.6	423.0	0.3333333333333333
41651	368	0	5	0.9125	273.6	1368.0	0.6666666666666666
41652	56	0	5	0.1325	53.6	268.0	0.0
41653	323	0	5	0.8	240.0	1200.0	0.3333333333333333
41654	173	0	5	0.425	111.2	556.0	0.3333333333333333
41655	114	0	5	0.2775	83.8	419.0	0.3333333333333333
41656	159	0	5	0.39	63.0	315.0	0.3333333333333333
41657	309	0	5	0.765	210.4	1052.0	0.3333333333333333
41658	59	0	5	0.14	49.6	248.0	0.3333333333333333
41659	143	0	5	0.35	101.8	509.0	0.3333333333333333
41660	337	0	5	0.835	169.0	845.0	0.6666666666666666
41661	380	0	5	0.9425	273.8	1369.0	0.6666666666666666
41662	157	0	5	0.385	60.6	303.0	0.3333333333333333
41663	229	0	5	0.565	167.4	837.0	0.3333333333333333
41664	315	0	5	0.78	238.4	1192.0	0.3333333333333333
41665	32	0	5	0.0725	24.0	120.0	0.3333333333333333
41666	163	0	5	0.4	150.8	754.0	0.3333333333333333
41667	54	0	5	0.1275	52.0	260.0	0.0
41668	383	1	4	0.955	275.8	1379.0	1.0
41669	275	0	5	0.68	250.8	1254.0	0.3333333333333333
41670	255	0	5	0.63	169.6	848.0	0.3333333333333333
41671	294	0	5	0.7275	232.0	1160.0	0.3333333333333333
41672	128	0	5	0.3125	115.6	578.0	0.0
41673	175	0	5	0.43	45.8	229.0	0.3333333333333333
41674	318	0	5	0.7875	80.0	400.0	0.6666666666666666
41675	321	0	5	0.795	297.0	1485.0	0.3333333333333333
41676	372	0	5	0.9225	327.6	1638.0	0.6666666666666666
41677	269	0	5	0.665	215.0	1075.0	0.3333333333333333
41678	137	0	5	0.335	52.6	263.0	0.3333333333333333
41679	96	0	5	0.2325	94.0	470.0	0.0
41680	96	0	5	0.2325	94.0	470.0	0.0
41681	123	0	5	0.3	37.8	189.0	0.3333333333333333
41682	119	0	5	0.29	76.4	382.0	0.3333333333333333
41683	228	0	5	0.5625	226.0	1130.0	0.0
41684	115	0	5	0.28	83.6	418.0	0.3333333333333333
41685	45	0	5	0.105	37.0	185.0	0.0
41686	304	0	5	0.7525	212.4	1062.0	0.3333333333333333
41687	149	0	5	0.365	97.8	489.0	0.3333333333333333
41688	321	0	5	0.795	184.2	921.0	0.3333333333333333
41689	385	1	4	0.96	275.2	1376.0	1.0
41690	298	1	4	0.7425	139.4	697.0	1.0
41691	45	0	5	0.105	43.0	215.0	0.0
41692	280	0	5	0.6925	151.6	758.0	0.3333333333333333
41693	232	0	5	0.5725	134.8	674.0	0.6666666666666666
41694	95	0	5	0.23	45.2	226.0	0.6666666666666666
41695	277	0	5	0.685	181.8	909.0	0.3333333333333333
41696	353	0	5	0.875	225.4	1127.0	0.6666666666666666
41697	234	1	4	0.5825	138.0	690.0	1.0
41698	262	0	5	0.6475	259.6	1298.0	0.6666666666666666
41699	104	0	5	0.2525	89.2	446.0	0.3333333333333333
41700	104	0	5	0.2525	102.0	510.0	0.0
41701	225	0	5	0.555	211.8	1059.0	0.0
41702	10	0	5	0.0175	8.0	40.0	0.0
41703	342	0	5	0.8475	279.2	1396.0	0.6666666666666666
41704	92	0	5	0.2225	90.0	450.0	0.0
41705	290	0	5	0.7175	150.8	754.0	0.3333333333333333
41706	193	0	5	0.475	61.0	305.0	0.3333333333333333
41707	262	0	5	0.6475	225.6	1128.0	0.3333333333333333
41708	72	0	5	0.1725	23.6	118.0	0.3333333333333333
41709	64	0	5	0.1525	29.8	149.0	0.3333333333333333
41710	59	0	5	0.14	57.0	285.0	0.0
41711	184	0	5	0.4525	132.8	664.0	0.6666666666666666
41712	261	0	5	0.645	255.2	1276.0	0.3333333333333333
41713	257	0	5	0.635	106.2	531.0	0.3333333333333333
41714	107	0	5	0.26	105.0	525.0	0.0
41715	188	0	5	0.4625	132.6	663.0	0.3333333333333333
41716	184	0	5	0.4525	94.8	474.0	0.3333333333333333
41717	317	0	5	0.785	160.0	800.0	0.3333333333333333
41718	186	0	5	0.4575	91.6	458.0	0.3333333333333333
41719	308	0	5	0.7625	148.0	740.0	0.6666666666666666
41720	327	0	5	0.81	271.6	1358.0	0.0
41721	83	0	5	0.2	30.4	152.0	0.3333333333333333
41722	196	0	5	0.4825	74.0	370.0	0.6666666666666666
41723	222	0	5	0.5475	52.8	264.0	0.3333333333333333
41724	98	0	5	0.2375	45.0	225.0	0.0
41725	145	0	5	0.355	107.0	535.0	0.3333333333333333
41726	68	0	5	0.1625	66.0	330.0	0.0
41727	125	1	3	0.31	85.6	428.0	1.0
41728	184	0	5	0.4525	113.6	568.0	0.3333333333333333
41729	308	0	5	0.7625	197.0	985.0	0.6666666666666666
41730	294	0	5	0.7275	128.8	644.0	0.3333333333333333
41731	76	0	5	0.1825	74.0	370.0	0.0
41732	29	0	5	0.065	23.4	117.0	0.0
41733	251	0	5	0.62	249.0	1245.0	0.0
41734	32	0	5	0.0725	22.2	111.0	0.0
41735	187	0	5	0.46	172.2	861.0	0.3333333333333333
41736	28	0	5	0.0625	26.0	130.0	0.0
41737	337	0	5	0.835	204.6	1023.0	0.3333333333333333
41738	195	0	5	0.48	127.0	635.0	0.3333333333333333
41739	269	0	5	0.665	130.4	652.0	0.6666666666666666
41740	168	0	5	0.4125	144.2	721.0	0.3333333333333333
41741	319	0	5	0.79	152.6	763.0	0.3333333333333333
41742	161	0	5	0.395	59.8	299.0	0.6666666666666666
41743	193	0	5	0.475	167.6	838.0	0.3333333333333333
41744	106	0	5	0.2575	104.0	520.0	0.0
41745	124	0	5	0.3025	82.8	414.0	0.3333333333333333
41746	357	0	5	0.885	187.2	936.0	0.6666666666666666
41747	112	0	5	0.2725	84.2	421.0	0.3333333333333333
41748	175	0	5	0.43	98.4	492.0	0.3333333333333333
41749	306	0	5	0.7575	208.6	1043.0	0.3333333333333333
41750	297	0	5	0.735	75.4	377.0	0.6666666666666666
41751	178	0	5	0.4375	44.0	220.0	0.3333333333333333
41752	238	0	5	0.5875	236.0	1180.0	0.0
41753	148	0	5	0.3625	96.8	484.0	0.3333333333333333
41754	218	0	5	0.5375	180.0	900.0	0.3333333333333333
41755	377	0	5	0.935	172.4	862.0	0.6666666666666666
41756	118	0	5	0.2875	106.8	534.0	0.0
41757	108	0	5	0.2625	96.0	480.0	0.6666666666666666
41758	17	0	5	0.035	14.2	71.0	0.3333333333333333
41759	343	0	5	0.85	219.8	1099.0	0.6666666666666666
41760	328	0	5	0.8125	199.6	998.0	0.3333333333333333
41761	118	0	5	0.2875	91.4	457.0	0.3333333333333333
41762	68	0	5	0.1625	66.0	330.0	0.0
41763	265	0	5	0.655	185.0	925.0	0.0
41764	212	1	4	0.5275	160.4	802.0	1.0
41765	114	0	5	0.2775	112.0	560.0	0.0
41766	183	0	5	0.45	147.8	739.0	0.3333333333333333
41767	252	0	5	0.6225	84.6	423.0	0.6666666666666666
41768	85	0	5	0.205	83.0	415.0	0.0
41769	273	0	5	0.675	218.2	1091.0	0.3333333333333333
41770	304	0	5	0.7525	157.6	788.0	0.6666666666666666
41771	180	0	5	0.4425	78.4	392.0	0.6666666666666666
41772	324	0	5	0.8025	109.4	547.0	0.6666666666666666
41773	269	0	5	0.665	168.8	844.0	0.6666666666666666
41774	215	0	5	0.53	117.8	589.0	0.3333333333333333
41775	35	0	5	0.08	33.0	165.0	0.0
41776	212	0	5	0.5225	93.0	465.0	0.3333333333333333
41777	172	0	5	0.4225	170.0	850.0	0.0
41778	364	0	5	0.9025	281.2	1406.0	0.6666666666666666
41779	191	0	5	0.47	69.0	345.0	0.6666666666666666
41780	372	0	5	0.9225	233.4	1167.0	0.6666666666666666
41781	50	0	5	0.1175	48.0	240.0	0.0
41782	145	0	5	0.355	87.0	435.0	0.3333333333333333
41783	46	0	5	0.1075	44.0	220.0	0.0
41784	388	0	5	0.9625	141.2	706.0	0.6666666666666666
41785	238	0	5	0.5875	112.0	560.0	0.3333333333333333
41786	101	0	5	0.245	46.2	231.0	0.3333333333333333
41787	264	0	5	0.6525	136.2	681.0	0.6666666666666666
41788	149	0	5	0.365	129.4	647.0	0.3333333333333333
41789	259	0	5	0.64	161.6	808.0	0.0
41790	55	0	5	0.13	35.0	175.0	0.0
41791	279	0	5	0.69	75.4	377.0	0.6666666666666666
41792	30	0	5	0.0675	27.8	139.0	0.3333333333333333
41793	148	1	4	0.3675	75.2	376.0	1.0
41794	164	0	5	0.4025	64.0	320.0	0.3333333333333333
41795	342	0	5	0.8475	242.8	1214.0	0.6666666666666666
41796	228	0	5	0.5625	100.4	502.0	0.3333333333333333
41797	145	0	5	0.355	119.6	598.0	0.3333333333333333
41798	242	0	5	0.5975	116.6	583.0	0.6666666666666666
41799	225	0	5	0.555	216.6	1083.0	0.0
41800	250	0	5	0.6175	232.2	1161.0	0.3333333333333333
41801	23	0	5	0.05	21.0	105.0	0.0
41802	179	0	5	0.44	98.2	491.0	0.0
41803	96	0	5	0.2325	72.8	364.0	0.6666666666666666
41804	26	0	5	0.0575	23.6	118.0	0.3333333333333333
41805	213	0	5	0.525	121.4	607.0	0.3333333333333333
41806	271	0	5	0.67	205.4	1027.0	0.3333333333333333
41807	332	0	5	0.8225	229.6	1148.0	0.6666666666666666
41808	131	0	5	0.32	79.4	397.0	0.3333333333333333
41809	312	0	5	0.7725	162.6	813.0	0.3333333333333333
41810	355	1	4	0.885	325.4	1627.0	1.0
41811	320	0	5	0.7925	228.2	1141.0	0.6666666666666666
41812	339	0	5	0.84	209.2	1046.0	0.6666666666666666
41813	389	1	4	0.97	122.6	613.0	1.0
41814	340	0	5	0.8425	153.0	765.0	0.6666666666666666
41815	325	0	5	0.805	285.0	1425.0	0.3333333333333333
41816	278	0	5	0.6875	99.6	498.0	0.3333333333333333
41817	352	0	5	0.8725	109.0	545.0	0.6666666666666666
41818	247	0	5	0.61	137.0	685.0	0.3333333333333333
41819	261	0	5	0.645	195.4	977.0	0.3333333333333333
41820	155	0	5	0.38	52.6	263.0	0.3333333333333333
41821	44	0	5	0.1025	42.0	210.0	0.0
41822	165	0	5	0.405	83.4	417.0	0.6666666666666666
41823	147	0	5	0.36	117.2	586.0	0.3333333333333333
41824	29	0	5	0.065	27.0	135.0	0.0
41825	137	0	5	0.335	76.4	382.0	0.3333333333333333
41826	262	0	5	0.6475	62.4	312.0	0.3333333333333333
41827	370	0	5	0.9175	177.8	889.0	0.3333333333333333
41828	292	0	5	0.7225	205.2	1026.0	0.0
41829	2	0	5	0.0	0.0	0.0	0.0
41830	4	0	5	0.0025	2.0	10.0	0.0
41831	40	0	5	0.0925	38.0	190.0	0.0
41832	213	0	5	0.525	84.2	421.0	0.3333333333333333
41833	74	0	5	0.1775	63.6	318.0	0.3333333333333333
41834	128	0	5	0.3125	126.0	630.0	0.0
41835	305	0	5	0.755	181.4	907.0	0.3333333333333333
41836	260	1	4	0.6475	229.2	1146.0	1.0
41837	243	0	5	0.6	118.4	592.0	0.3333333333333333
41838	102	0	5	0.2475	89.6	448.0	0.3333333333333333
41839	139	0	5	0.34	110.6	553.0	0.3333333333333333
41840	302	0	5	0.7475	231.6	1158.0	0.6666666666666666
41841	315	1	4	0.785	86.2	431.0	1.0
41842	308	0	5	0.7625	169.8	849.0	0.6666666666666666
41843	360	0	5	0.8925	168.0	840.0	0.6666666666666666
41844	211	0	5	0.52	179.6	898.0	0.6666666666666666
41845	225	0	5	0.555	155.6	778.0	0.6666666666666666
41846	295	0	5	0.73	167.2	836.0	0.3333333333333333
41847	332	0	5	0.8225	213.0	1065.0	0.6666666666666666
41848	190	0	5	0.4675	127.2	636.0	0.3333333333333333
41849	385	0	5	0.955	171.6	858.0	0.3333333333333333
41850	117	0	5	0.285	77.2	386.0	0.3333333333333333
41851	192	0	5	0.4725	190.0	950.0	0.0
41852	316	0	5	0.7825	153.2	766.0	0.6666666666666666
41853	146	0	5	0.3575	109.2	546.0	0.3333333333333333
41854	322	0	5	0.7975	272.0	1360.0	0.3333333333333333
41855	196	0	5	0.4825	152.0	760.0	0.3333333333333333
41856	22	0	5	0.0475	20.0	100.0	0.0
41857	256	1	4	0.6375	128.0	640.0	1.0
41858	191	0	5	0.47	163.0	815.0	0.3333333333333333
41859	35	0	5	0.08	13.8	69.0	0.0
41860	175	0	5	0.43	99.0	495.0	0.3333333333333333
41861	322	0	5	0.7975	145.4	727.0	0.6666666666666666
41862	327	0	5	0.81	181.4	907.0	0.6666666666666666
41863	282	0	5	0.6975	242.6	1213.0	0.3333333333333333
41864	100	0	5	0.2425	83.0	415.0	0.3333333333333333
41865	134	0	5	0.3275	113.2	566.0	0.0
41866	185	0	5	0.455	51.0	255.0	0.3333333333333333
41867	166	0	5	0.4075	92.8	464.0	0.3333333333333333
41868	51	0	5	0.12	49.0	245.0	0.0
41869	334	1	4	0.8325	218.6	1093.0	1.0
41870	43	0	5	0.1	25.0	125.0	0.3333333333333333
41871	51	0	5	0.12	23.8	119.0	0.0
41872	129	0	5	0.315	103.4	517.0	0.3333333333333333
41873	276	0	5	0.6825	155.4	777.0	0.3333333333333333
41874	81	0	5	0.195	48.2	241.0	0.3333333333333333
41875	315	0	5	0.78	189.8	949.0	0.3333333333333333
41876	73	0	5	0.175	66.2	331.0	0.6666666666666666
41877	103	0	5	0.25	52.2	261.0	0.3333333333333333
41878	211	0	5	0.52	86.4	432.0	0.6666666666666666
41879	134	0	5	0.3275	81.2	406.0	0.0
41880	347	0	5	0.86	178.6	893.0	0.3333333333333333
41881	110	0	5	0.2675	108.0	540.0	0.0
41882	204	0	5	0.5025	60.6	303.0	0.3333333333333333
41883	373	0	5	0.925	110.2	551.0	0.3333333333333333
41884	270	0	5	0.6675	138.4	692.0	0.3333333333333333
41885	399	0	5	0.99	155.4	777.0	0.6666666666666666
41886	150	0	5	0.3675	130.4	652.0	0.3333333333333333
41887	222	0	5	0.5475	140.0	700.0	0.3333333333333333
41888	13	0	5	0.025	11.0	55.0	0.0
41889	182	0	5	0.4475	152.4	762.0	0.0
41890	309	0	5	0.765	192.6	963.0	0.6666666666666666
41891	218	0	5	0.5375	166.4	832.0	0.3333333333333333
41892	51	0	5	0.12	48.6	243.0	0.0
41893	325	0	5	0.805	226.6	1133.0	0.6666666666666666
41894	263	0	5	0.65	232.4	1162.0	0.3333333333333333
41895	357	0	5	0.885	151.4	757.0	0.6666666666666666
41896	112	0	5	0.2725	91.4	457.0	0.0
41897	308	0	5	0.7625	146.4	732.0	0.3333333333333333
41898	201	0	5	0.495	99.6	498.0	0.0
41899	252	0	5	0.6225	158.0	790.0	0.3333333333333333
41900	109	0	5	0.265	67.0	335.0	0.3333333333333333
41901	111	0	5	0.27	91.4	457.0	0.3333333333333333
41902	359	0	5	0.89	187.4	937.0	0.6666666666666666
41903	364	0	5	0.9025	238.0	1190.0	0.3333333333333333
41904	70	0	5	0.1675	53.4	267.0	0.6666666666666666
41905	298	0	5	0.7375	265.6	1328.0	0.3333333333333333
41906	293	0	5	0.725	220.2	1101.0	0.3333333333333333
41907	92	0	5	0.2225	72.4	362.0	0.6666666666666666
41908	141	0	5	0.345	115.4	577.0	0.3333333333333333
41909	316	0	5	0.7825	199.0	995.0	0.6666666666666666
41910	85	0	5	0.205	83.0	415.0	0.0
41911	11	0	5	0.02	8.2	41.0	0.0
41912	319	0	5	0.79	202.6	1013.0	0.6666666666666666
41913	253	0	5	0.625	93.8	469.0	0.6666666666666666
41914	341	0	5	0.845	155.4	777.0	0.3333333333333333
41915	260	0	5	0.6425	223.2	1116.0	0.3333333333333333
41916	116	0	5	0.2825	110.2	551.0	0.3333333333333333
41917	268	0	5	0.6625	139.6	698.0	0.6666666666666666
41918	324	0	5	0.8025	124.6	623.0	0.6666666666666666
41919	253	0	5	0.625	212.4	1062.0	0.3333333333333333
41920	15	0	5	0.03	13.0	65.0	0.0
41921	117	0	5	0.285	111.0	555.0	0.0
41922	371	0	5	0.92	263.6	1318.0	0.6666666666666666
41923	114	0	5	0.2775	91.6	458.0	0.3333333333333333
41924	401	0	4	0.9975	252.2	1261.0	0.6666666666666666
41925	336	1	4	0.8375	176.4	882.0	1.0
41926	246	0	5	0.6075	157.2	786.0	0.3333333333333333
41927	35	0	5	0.08	33.0	165.0	0.0
41928	332	0	5	0.8225	217.2	1086.0	0.6666666666666666
41929	157	0	5	0.385	84.6	423.0	0.3333333333333333
41930	258	0	5	0.6375	176.0	880.0	0.3333333333333333
41931	150	0	5	0.3675	148.0	740.0	0.0
41932	41	0	5	0.095	15.6	78.0	0.3333333333333333
41933	189	0	5	0.465	72.0	360.0	0.6666666666666666
41934	237	0	5	0.585	175.4	877.0	0.3333333333333333
41935	97	0	5	0.235	61.8	309.0	0.0
41936	347	0	5	0.86	292.0	1460.0	0.6666666666666666
41937	43	0	5	0.1	35.4	177.0	0.3333333333333333
41938	301	0	5	0.745	265.4	1327.0	0.3333333333333333
41939	32	0	5	0.0725	9.2	46.0	0.3333333333333333
41940	305	0	5	0.755	196.0	980.0	0.3333333333333333
41941	185	0	5	0.455	160.0	800.0	0.0
41942	330	0	5	0.8175	158.8	794.0	0.6666666666666666
41943	321	1	3	0.8	185.8	929.0	1.0
41944	90	0	5	0.2175	52.0	260.0	0.0
41945	384	0	5	0.9525	149.8	749.0	0.6666666666666666
41946	2	0	5	0.0	0.0	0.0	0.0
41947	57	0	5	0.135	24.2	121.0	0.6666666666666666
41948	113	0	5	0.275	109.4	547.0	0.3333333333333333
41949	389	0	5	0.965	176.2	881.0	0.6666666666666666
41950	162	0	5	0.3975	94.6	473.0	0.0
41951	42	0	5	0.0975	40.0	200.0	0.0
41952	170	0	5	0.4175	59.2	296.0	0.3333333333333333
41953	27	0	5	0.06	25.0	125.0	0.0
41954	236	0	5	0.5825	84.6	423.0	0.3333333333333333
41955	371	1	4	0.925	228.6	1143.0	1.0
41956	172	0	5	0.4225	86.0	430.0	0.3333333333333333
41957	305	0	5	0.755	107.8	539.0	0.6666666666666666
41958	90	0	5	0.2175	44.2	221.0	0.3333333333333333
41959	319	0	5	0.79	259.6	1298.0	0.3333333333333333
41960	318	0	5	0.7875	139.4	697.0	0.6666666666666666
41961	137	0	5	0.335	89.4	447.0	0.0
41962	125	0	5	0.305	88.6	443.0	0.0
41963	86	0	5	0.2075	50.4	252.0	0.3333333333333333
41964	201	0	5	0.495	98.6	493.0	0.0
41965	124	0	5	0.3025	114.0	570.0	0.3333333333333333
41966	254	0	5	0.6275	152.8	764.0	0.6666666666666666
41967	160	1	4	0.3975	61.6	308.0	1.0
41968	349	1	4	0.87	121.8	609.0	1.0
41969	105	0	5	0.255	103.0	515.0	0.0
41970	248	0	5	0.6125	211.4	1057.0	0.0
41971	235	0	5	0.58	175.0	875.0	0.0
41972	377	0	5	0.935	172.4	862.0	0.3333333333333333
41973	255	0	5	0.63	221.4	1107.0	0.3333333333333333
41974	87	1	4	0.215	30.2	151.0	1.0
41975	28	0	5	0.0625	26.0	130.0	0.3333333333333333
41976	215	0	5	0.53	53.0	265.0	0.6666666666666666
41977	359	0	5	0.89	93.4	467.0	0.6666666666666666
41978	195	0	5	0.48	165.6	828.0	0.0
41979	298	0	5	0.7375	169.6	848.0	0.6666666666666666
41980	58	0	5	0.1375	56.0	280.0	0.0
41981	364	1	4	0.9075	243.6	1218.0	1.0
41982	169	0	5	0.415	45.0	225.0	0.3333333333333333
41983	361	0	5	0.895	175.0	875.0	0.6666666666666666
41984	78	0	5	0.1875	46.4	232.0	0.0
41985	52	0	5	0.1225	41.6	208.0	0.0
41986	388	0	5	0.9625	233.8	1169.0	0.6666666666666666
41987	308	0	5	0.7625	98.4	492.0	0.6666666666666666
41988	234	0	5	0.5775	100.6	503.0	0.6666666666666666
41989	180	0	5	0.4425	133.0	665.0	0.6666666666666666
41990	231	1	4	0.575	108.6	543.0	1.0
41991	55	0	5	0.13	40.6	203.0	0.3333333333333333
41992	234	0	5	0.5775	229.4	1147.0	0.0
41993	258	1	4	0.6425	143.8	719.0	1.0
41994	50	0	5	0.1175	48.0	240.0	0.0
41995	261	0	5	0.645	176.6	883.0	0.3333333333333333
41996	367	0	5	0.91	152.4	762.0	0.3333333333333333
41997	334	1	4	0.8325	224.4	1122.0	1.0
41998	317	0	5	0.785	218.2	1091.0	0.3333333333333333
41999	85	0	5	0.205	57.8	289.0	0.3333333333333333
42000	236	1	4	0.5875	165.0	825.0	1.0
42001	57	0	5	0.135	23.8	119.0	0.3333333333333333
42002	143	0	5	0.35	84.2	421.0	0.3333333333333333
42003	284	0	5	0.7025	254.8	1274.0	0.3333333333333333
42004	150	0	5	0.3675	123.2	616.0	0.0
42005	106	0	5	0.2575	35.6	178.0	0.6666666666666666
42006	334	1	4	0.8325	133.2	666.0	1.0
42007	155	0	5	0.38	123.2	616.0	0.3333333333333333
42008	288	0	5	0.7125	286.0	1430.0	0.0
42009	344	0	5	0.8525	193.6	968.0	0.6666666666666666
42010	55	0	5	0.13	43.0	215.0	0.3333333333333333
42011	380	0	5	0.9425	94.0	470.0	0.6666666666666666
42012	218	0	5	0.5375	208.4	1042.0	0.3333333333333333
42013	174	0	5	0.4275	68.0	340.0	0.6666666666666666
42014	36	0	5	0.0825	34.0	170.0	0.0
42015	125	0	5	0.305	123.0	615.0	0.3333333333333333
42016	194	0	5	0.4775	161.6	808.0	0.3333333333333333
42017	44	0	5	0.1025	42.0	210.0	0.0
42018	219	0	5	0.54	74.4	372.0	0.3333333333333333
42019	237	0	5	0.585	221.4	1107.0	0.3333333333333333
42020	228	0	5	0.5625	68.8	344.0	0.3333333333333333
42021	132	0	5	0.3225	110.2	551.0	0.0
42022	306	0	5	0.7575	133.0	665.0	0.6666666666666666
42023	207	0	5	0.51	168.0	840.0	0.3333333333333333
42024	93	0	5	0.225	80.2	401.0	0.3333333333333333
42025	245	0	5	0.605	178.2	891.0	0.3333333333333333
42026	157	0	5	0.385	109.4	547.0	0.3333333333333333
42027	18	0	5	0.0375	16.0	80.0	0.0
42028	374	0	5	0.9275	81.6	408.0	0.6666666666666666
42029	300	0	5	0.7425	152.8	764.0	0.3333333333333333
42030	217	0	5	0.535	165.4	827.0	0.3333333333333333
42031	278	0	5	0.6875	167.2	836.0	0.6666666666666666
42032	350	0	5	0.8675	166.6	833.0	0.6666666666666666
42033	124	0	5	0.3025	122.0	610.0	0.0
42034	209	0	5	0.515	170.0	850.0	0.6666666666666666
42035	201	0	5	0.495	164.6	823.0	0.3333333333333333
42036	346	0	5	0.8575	233.8	1169.0	0.6666666666666666
42037	262	0	5	0.6475	114.6	573.0	0.6666666666666666
42038	150	0	5	0.3675	105.6	528.0	0.3333333333333333
42039	157	0	5	0.385	37.4	187.0	0.6666666666666666
42040	337	1	4	0.84	119.4	597.0	1.0
42041	227	0	5	0.56	179.0	895.0	0.3333333333333333
42042	163	0	5	0.4	125.0	625.0	0.6666666666666666
42043	296	0	5	0.7325	108.4	542.0	0.6666666666666666
42044	24	0	5	0.0525	22.0	110.0	0.0
42045	73	0	5	0.175	62.2	311.0	0.0
42046	80	0	5	0.1925	70.2	351.0	0.3333333333333333
42047	70	0	5	0.1675	54.6	273.0	0.3333333333333333
42048	246	1	4	0.6125	199.6	998.0	1.0
42049	30	0	5	0.0675	28.0	140.0	0.0
42050	228	0	5	0.5625	90.8	454.0	0.6666666666666666
42051	281	0	5	0.695	87.8	439.0	0.6666666666666666
42052	320	0	5	0.7925	221.6	1108.0	0.6666666666666666
42053	348	1	4	0.8675	209.4	1047.0	1.0
42054	77	0	5	0.185	50.2	251.0	0.6666666666666666
42055	210	0	5	0.5175	57.6	288.0	0.3333333333333333
42056	60	0	5	0.1425	56.8	284.0	0.0
42057	167	0	5	0.41	162.0	810.0	0.3333333333333333
42058	94	0	5	0.2275	39.8	199.0	0.0
42059	27	0	5	0.06	25.0	125.0	0.0
42060	382	0	5	0.9475	200.4	1002.0	0.6666666666666666
42061	113	0	5	0.275	51.8	259.0	0.3333333333333333
42062	146	0	5	0.3575	144.0	720.0	0.0
42063	149	0	5	0.365	121.2	606.0	0.0
42064	327	0	5	0.81	219.6	1098.0	0.6666666666666666
42065	207	0	5	0.51	47.4	237.0	0.0
42066	390	1	3	0.9725	225.0	1125.0	1.0
42067	389	1	4	0.97	217.0	1085.0	1.0
42068	159	0	5	0.39	157.0	785.0	0.0
42069	151	0	5	0.37	149.0	745.0	0.0
42070	136	0	5	0.3325	84.0	420.0	0.0
42071	177	0	5	0.435	175.0	875.0	0.0
42072	108	0	5	0.2625	78.8	394.0	0.3333333333333333
42073	386	1	4	0.9625	122.4	612.0	1.0
42074	377	0	5	0.935	116.0	580.0	0.3333333333333333
42075	102	0	5	0.2475	53.8	269.0	0.0
42076	255	0	5	0.63	89.8	449.0	0.6666666666666666
42077	179	0	5	0.44	92.6	463.0	0.6666666666666666
42078	30	0	5	0.0675	19.6	98.0	0.0
42079	249	1	4	0.62	145.2	726.0	1.0
42080	155	0	5	0.38	124.0	620.0	0.3333333333333333
42081	293	0	5	0.725	235.2	1176.0	0.3333333333333333
42082	240	0	5	0.5925	157.2	786.0	0.0
42083	62	0	5	0.1475	57.4	287.0	0.0
42084	348	0	5	0.8625	163.0	815.0	0.6666666666666666
42085	29	0	5	0.065	27.0	135.0	0.0
42086	173	0	5	0.425	108.0	540.0	0.0
42087	42	0	5	0.0975	40.0	200.0	0.0
42088	214	0	5	0.5275	109.2	546.0	0.3333333333333333
42089	219	0	5	0.54	86.4	432.0	0.3333333333333333
42090	208	0	5	0.5125	167.0	835.0	0.0
42091	100	0	5	0.2425	79.2	396.0	0.3333333333333333
42092	3	0	5	0.0025	0.6	3.0	0.3333333333333333
42093	254	0	5	0.6275	106.4	532.0	0.6666666666666666
42094	360	0	5	0.8925	200.0	1000.0	0.6666666666666666
42095	287	0	5	0.71	115.4	577.0	0.3333333333333333
42096	174	0	5	0.4275	169.2	846.0	0.3333333333333333
42097	148	0	5	0.3625	30.8	154.0	0.3333333333333333
42098	289	0	5	0.715	157.4	787.0	0.3333333333333333
42099	389	0	5	0.965	169.0	845.0	0.6666666666666666
42100	272	0	5	0.6725	115.6	578.0	0.3333333333333333
42101	156	0	5	0.3825	122.8	614.0	0.3333333333333333
42102	250	0	5	0.6175	235.2	1176.0	0.3333333333333333
42103	241	0	5	0.595	134.2	671.0	0.6666666666666666
42104	195	0	5	0.48	185.2	926.0	0.6666666666666666
42105	401	0	5	0.995	235.0	1175.0	0.6666666666666666
42106	110	0	5	0.2675	72.8	364.0	0.3333333333333333
42107	270	0	5	0.6675	219.6	1098.0	0.0
42108	109	0	5	0.265	81.2	406.0	0.0
42109	256	1	4	0.6375	126.0	630.0	1.0
42110	189	0	5	0.465	187.0	935.0	0.0
42111	347	0	5	0.86	299.8	1499.0	0.6666666666666666
42112	168	0	5	0.4125	103.6	518.0	0.3333333333333333
42113	282	0	5	0.6975	180.8	904.0	0.3333333333333333
42114	195	0	5	0.48	66.8	334.0	0.3333333333333333
42115	281	0	5	0.695	141.0	705.0	0.3333333333333333
42116	200	0	5	0.4925	85.2	426.0	0.6666666666666666
42117	41	0	5	0.095	39.0	195.0	0.0
42118	299	1	4	0.745	224.8	1124.0	1.0
42119	218	0	5	0.5375	105.6	528.0	0.6666666666666666
42120	176	0	5	0.4325	135.2	676.0	0.3333333333333333
42121	36	0	5	0.0825	26.8	134.0	0.3333333333333333
42122	357	0	5	0.885	173.8	869.0	0.6666666666666666
42123	148	0	5	0.3625	93.6	468.0	0.6666666666666666
42124	51	0	5	0.12	40.2	201.0	0.3333333333333333
42125	365	0	5	0.905	227.8	1139.0	0.6666666666666666
42126	53	0	5	0.125	51.0	255.0	0.0
42127	244	0	5	0.6025	100.8	504.0	0.3333333333333333
42128	273	0	5	0.675	206.6	1033.0	0.6666666666666666
42129	67	0	5	0.16	46.2	231.0	0.3333333333333333
42130	321	0	5	0.795	212.2	1061.0	0.3333333333333333
42131	309	0	5	0.765	255.4	1277.0	0.6666666666666666
42132	110	1	4	0.2725	74.0	370.0	1.0
42133	329	0	5	0.815	223.0	1115.0	0.6666666666666666
42134	155	0	5	0.38	84.0	420.0	0.3333333333333333
42135	341	0	5	0.845	200.8	1004.0	0.6666666666666666
42136	389	0	5	0.965	159.0	795.0	0.6666666666666666
42137	166	0	5	0.4075	160.0	800.0	0.0
42138	146	0	5	0.3575	133.2	666.0	0.0
42139	192	0	5	0.4725	103.2	516.0	0.3333333333333333
42140	122	0	5	0.2975	87.4	437.0	0.6666666666666666
42141	12	0	5	0.0225	10.0	50.0	0.0
42142	139	0	5	0.34	49.4	247.0	0.6666666666666666
42143	119	0	5	0.29	99.0	495.0	0.0
42144	373	0	5	0.925	207.2	1036.0	0.6666666666666666
42145	251	1	4	0.625	136.6	683.0	1.0
42146	379	1	4	0.945	222.2	1111.0	1.0
42147	396	1	4	0.9875	228.0	1140.0	1.0
42148	193	0	5	0.475	191.0	955.0	0.0
42149	260	0	5	0.6425	201.2	1006.0	0.3333333333333333
42150	113	0	5	0.275	111.0	555.0	0.0
42151	111	0	5	0.27	73.8	369.0	0.3333333333333333
42152	317	1	4	0.79	155.8	779.0	1.0
42153	146	0	5	0.3575	106.6	533.0	0.6666666666666666
42154	227	0	5	0.56	117.0	585.0	0.3333333333333333
42155	327	0	5	0.81	151.4	757.0	0.6666666666666666
42156	209	0	5	0.515	135.0	675.0	0.3333333333333333
42157	270	0	5	0.6675	198.4	992.0	0.3333333333333333
42158	20	0	5	0.0425	18.0	90.0	0.0
42159	36	0	5	0.0825	34.0	170.0	0.0
42160	357	0	5	0.885	267.6	1338.0	0.6666666666666666
42161	166	1	4	0.4125	74.0	370.0	1.0
42162	322	1	4	0.8025	262.8	1314.0	1.0
42163	150	0	5	0.3675	92.8	464.0	0.3333333333333333
42164	94	0	5	0.2275	92.0	460.0	0.0
42165	210	0	5	0.5175	91.2	456.0	0.6666666666666666
42166	219	0	5	0.54	56.4	282.0	0.6666666666666666
42167	159	1	4	0.395	42.8	214.0	1.0
42168	302	0	5	0.7475	241.4	1207.0	0.3333333333333333
42169	191	0	5	0.47	189.0	945.0	0.0
42170	294	1	4	0.7325	187.6	938.0	1.0
42171	185	0	5	0.455	156.6	783.0	0.3333333333333333
42172	100	0	5	0.2425	98.0	490.0	0.0
42173	187	0	5	0.46	117.6	588.0	0.3333333333333333
42174	10	0	5	0.0175	8.0	40.0	0.0
42175	165	0	5	0.405	152.4	762.0	0.3333333333333333
42176	396	1	4	0.9875	281.2	1406.0	1.0
42177	53	0	5	0.125	51.0	255.0	0.0
42178	170	0	5	0.4175	92.4	462.0	0.3333333333333333
42179	355	0	5	0.88	208.4	1042.0	0.3333333333333333
42180	377	0	5	0.935	264.4	1322.0	0.6666666666666666
42181	329	0	5	0.815	208.6	1043.0	0.3333333333333333
42182	150	0	5	0.3675	88.8	444.0	0.3333333333333333
42183	373	0	5	0.925	238.0	1190.0	0.3333333333333333
42184	220	0	5	0.5425	67.6	338.0	0.6666666666666666
42185	292	1	4	0.7275	73.6	368.0	1.0
42186	63	0	5	0.15	44.6	223.0	0.0
42187	150	0	5	0.3675	122.2	611.0	0.0
42188	401	0	5	0.995	187.8	939.0	0.3333333333333333
42189	84	0	5	0.2025	37.6	188.0	0.0
42190	312	0	5	0.7725	196.8	984.0	0.3333333333333333
42191	331	0	5	0.82	150.6	753.0	0.3333333333333333
42192	297	0	5	0.735	122.4	612.0	0.6666666666666666
42193	218	0	5	0.5375	216.0	1080.0	0.0
42194	328	0	5	0.8125	176.6	883.0	0.3333333333333333
42195	330	0	5	0.8175	155.2	776.0	0.3333333333333333
42196	162	0	5	0.3975	160.0	800.0	0.0
42197	355	0	5	0.88	304.0	1520.0	0.3333333333333333
42198	197	0	5	0.485	108.2	541.0	0.3333333333333333
42199	188	0	5	0.4625	152.8	764.0	0.6666666666666666
42200	358	1	4	0.8925	142.4	712.0	1.0
42201	209	1	2	0.52	176.2	881.0	1.0
42202	211	0	5	0.52	108.4	542.0	0.6666666666666666
42203	106	0	5	0.2575	104.0	520.0	0.0
42204	373	1	4	0.93	275.8	1379.0	1.0
42205	308	0	5	0.7625	299.0	1495.0	0.3333333333333333
42206	205	0	5	0.505	202.0	1010.0	0.3333333333333333
42207	323	0	5	0.8	194.2	971.0	0.6666666666666666
42208	127	0	5	0.31	87.6	438.0	0.3333333333333333
42209	166	0	5	0.4075	164.0	820.0	0.0
42210	83	0	5	0.2	54.6	273.0	0.3333333333333333
42211	319	0	5	0.79	237.6	1188.0	0.3333333333333333
42212	324	1	4	0.8075	91.8	459.0	1.0
42213	145	1	4	0.36	113.6	568.0	1.0
42214	384	1	4	0.9575	236.0	1180.0	1.0
42215	217	0	5	0.535	182.6	913.0	0.0
42216	15	0	5	0.03	13.0	65.0	0.0
42217	381	0	5	0.945	229.0	1145.0	0.3333333333333333
42218	42	0	5	0.0975	40.0	200.0	0.0
42219	201	0	5	0.495	111.8	559.0	0.3333333333333333
42220	327	0	5	0.81	220.2	1101.0	0.6666666666666666
42221	34	0	5	0.0775	32.0	160.0	0.0
42222	317	0	5	0.785	141.2	706.0	0.6666666666666666
42223	21	0	5	0.045	19.0	95.0	0.0
42224	172	0	5	0.4225	127.2	636.0	0.6666666666666666
42225	125	0	5	0.305	86.4	432.0	0.0
42226	338	0	5	0.8375	216.8	1084.0	0.3333333333333333
42227	380	0	5	0.9425	157.0	785.0	0.6666666666666666
42228	227	0	5	0.56	67.4	337.0	0.3333333333333333
42229	156	0	5	0.3825	90.8	454.0	0.0
42230	212	0	5	0.5225	131.2	656.0	0.3333333333333333
42231	213	0	5	0.525	136.6	683.0	0.6666666666666666
42232	261	0	5	0.645	150.0	750.0	0.6666666666666666
42233	228	0	5	0.5625	104.6	523.0	0.6666666666666666
42234	317	0	5	0.785	185.4	927.0	0.6666666666666666
42235	240	0	5	0.5925	118.0	590.0	0.3333333333333333
42236	246	0	5	0.6075	94.4	472.0	0.6666666666666666
42237	78	0	5	0.1875	72.0	360.0	0.0
42238	304	0	5	0.7525	223.2	1116.0	0.6666666666666666
42239	325	0	5	0.805	248.2	1241.0	0.3333333333333333
42240	375	0	5	0.93	121.8	609.0	0.6666666666666666
42241	208	0	5	0.5125	196.4	982.0	0.3333333333333333
42242	44	0	5	0.1025	42.0	210.0	0.0
42243	153	0	5	0.375	81.0	405.0	0.6666666666666666
42244	106	0	5	0.2575	87.2	436.0	0.3333333333333333
42245	60	0	5	0.1425	50.2	251.0	0.3333333333333333
42246	204	0	5	0.5025	122.2	611.0	0.3333333333333333
42247	255	0	5	0.63	213.0	1065.0	0.6666666666666666
42248	296	0	5	0.7325	85.2	426.0	0.3333333333333333
42249	316	0	5	0.7825	281.6	1408.0	0.3333333333333333
42250	37	0	5	0.085	35.0	175.0	0.0
42251	397	0	5	0.985	213.4	1067.0	0.6666666666666666
42252	123	0	5	0.3	67.0	335.0	0.3333333333333333
42253	94	0	5	0.2275	86.2	431.0	0.0
42254	68	0	5	0.1625	50.8	254.0	0.3333333333333333
42255	292	0	5	0.7225	144.2	721.0	0.3333333333333333
42256	271	0	5	0.67	168.8	844.0	0.3333333333333333
42257	229	0	5	0.565	140.2	701.0	0.3333333333333333
42258	123	0	5	0.3	67.0	335.0	0.3333333333333333
42259	266	0	5	0.6575	174.0	870.0	0.3333333333333333
42260	221	0	5	0.545	116.0	580.0	0.3333333333333333
42261	246	0	5	0.6075	135.0	675.0	0.6666666666666666
42262	319	0	5	0.79	293.8	1469.0	0.3333333333333333
42263	316	0	5	0.7825	106.4	532.0	0.6666666666666666
42264	102	0	5	0.2475	52.4	262.0	0.0
42265	391	0	5	0.97	196.2	981.0	0.6666666666666666
42266	39	0	5	0.09	23.4	117.0	0.0
42267	166	0	5	0.4075	100.4	502.0	0.0
42268	99	0	5	0.24	97.0	485.0	0.0
42269	33	0	5	0.075	31.0	155.0	0.0
42270	125	0	5	0.305	55.0	275.0	0.3333333333333333
42271	288	0	5	0.7125	139.6	698.0	0.6666666666666666
42272	270	0	5	0.6675	191.6	958.0	0.0
42273	206	0	5	0.5075	44.0	220.0	0.3333333333333333
42274	298	0	5	0.7375	257.4	1287.0	0.3333333333333333
42275	105	0	5	0.255	103.0	515.0	0.0
42276	159	0	5	0.39	119.8	599.0	0.0
42277	184	0	5	0.4525	134.0	670.0	0.3333333333333333
42278	313	0	5	0.775	277.0	1385.0	0.6666666666666666
42279	346	0	5	0.8575	199.0	995.0	0.6666666666666666
42280	2	0	5	0.0	0.0	0.0	0.0
42281	197	0	5	0.485	147.0	735.0	0.0
42282	367	0	5	0.91	117.8	589.0	0.6666666666666666
42283	35	0	5	0.08	33.0	165.0	0.0
42284	149	0	5	0.365	146.4	732.0	0.0
42285	378	1	4	0.9425	107.6	538.0	1.0
42286	201	0	5	0.495	92.0	460.0	0.3333333333333333
42287	274	0	5	0.6775	200.8	1004.0	0.3333333333333333
42288	153	0	5	0.375	82.2	411.0	0.0
42289	217	0	5	0.535	113.4	567.0	0.6666666666666666
42290	319	0	5	0.79	210.6	1053.0	0.3333333333333333
42291	177	0	5	0.435	77.4	387.0	0.3333333333333333
42292	29	0	5	0.065	14.2	71.0	0.3333333333333333
42293	334	0	5	0.8275	199.6	998.0	0.6666666666666666
42294	142	0	5	0.3475	140.0	700.0	0.0
42295	114	0	5	0.2775	50.8	254.0	0.0
42296	382	0	5	0.9475	108.0	540.0	0.6666666666666666
42297	114	0	5	0.2775	28.8	144.0	0.6666666666666666
42298	115	0	5	0.28	100.6	503.0	0.3333333333333333
42299	289	0	5	0.715	245.0	1225.0	0.3333333333333333
42300	340	0	5	0.8425	227.0	1135.0	0.6666666666666666
42301	167	0	5	0.41	72.6	363.0	0.0
42302	261	0	5	0.645	234.2	1171.0	0.3333333333333333
42303	217	0	5	0.535	160.6	803.0	0.6666666666666666
42304	186	0	5	0.4575	132.8	664.0	0.3333333333333333
42305	22	0	5	0.0475	20.0	100.0	0.0
42306	356	0	5	0.8825	208.2	1041.0	0.6666666666666666
42307	269	0	5	0.665	107.0	535.0	0.3333333333333333
42308	120	0	5	0.2925	98.4	492.0	0.0
42309	152	0	5	0.3725	114.4	572.0	0.3333333333333333
42310	170	0	5	0.4175	129.6	648.0	0.3333333333333333
42311	337	0	5	0.835	140.8	704.0	0.6666666666666666
42312	260	0	5	0.6425	204.0	1020.0	0.6666666666666666
42313	56	0	5	0.1325	54.0	270.0	0.0
42314	239	0	5	0.59	166.8	834.0	0.0
42315	368	1	4	0.9175	168.8	844.0	1.0
42316	291	0	5	0.72	229.8	1149.0	0.6666666666666666
42317	334	0	5	0.8275	228.8	1144.0	0.3333333333333333
42318	281	0	5	0.695	198.6	993.0	0.3333333333333333
42319	181	0	5	0.445	74.2	371.0	0.3333333333333333
42320	306	0	5	0.7575	163.6	818.0	0.6666666666666666
42321	296	1	4	0.7375	202.2	1011.0	1.0
42322	71	0	5	0.17	59.4	297.0	0.3333333333333333
42323	324	0	5	0.8025	274.0	1370.0	0.3333333333333333
42324	216	0	5	0.5325	196.6	983.0	0.3333333333333333
42325	102	0	5	0.2475	98.2	491.0	0.3333333333333333
42326	121	0	5	0.295	119.0	595.0	0.0
42327	361	0	5	0.895	176.2	881.0	0.6666666666666666
42328	221	0	5	0.545	170.6	853.0	0.3333333333333333
42329	233	1	4	0.58	191.4	957.0	1.0
42330	364	0	5	0.9025	250.2	1251.0	0.6666666666666666
42331	81	0	5	0.195	74.6	373.0	0.3333333333333333
42332	284	0	5	0.7025	128.6	643.0	0.6666666666666666
42333	61	0	5	0.145	40.4	202.0	0.0
42334	188	0	5	0.4625	119.6	598.0	0.3333333333333333
42335	222	0	5	0.5475	176.4	882.0	0.0
42336	252	0	5	0.6225	110.4	552.0	0.3333333333333333
42337	115	0	5	0.28	87.2	436.0	0.3333333333333333
42338	97	0	5	0.235	85.4	427.0	0.3333333333333333
42339	110	0	5	0.2675	88.8	444.0	0.3333333333333333
42340	82	0	5	0.1975	55.2	276.0	0.3333333333333333
42341	134	0	5	0.3275	132.0	660.0	0.0
42342	131	0	5	0.32	57.2	286.0	0.3333333333333333
42343	371	0	5	0.92	82.6	413.0	0.6666666666666666
42344	219	0	5	0.54	136.6	683.0	0.0
42345	317	0	5	0.785	190.8	954.0	0.3333333333333333
42346	382	0	5	0.9475	194.0	970.0	0.6666666666666666
42347	149	0	5	0.365	101.8	509.0	0.3333333333333333
42348	282	0	5	0.6975	177.2	886.0	0.3333333333333333
42349	184	0	5	0.4525	118.4	592.0	0.3333333333333333
42350	378	0	5	0.9375	187.4	937.0	0.6666666666666666
42351	272	0	5	0.6725	189.8	949.0	0.6666666666666666
42352	248	0	5	0.6125	131.4	657.0	0.0
42353	222	0	5	0.5475	134.0	670.0	0.3333333333333333
42354	293	0	5	0.725	205.2	1026.0	0.3333333333333333
42355	367	0	5	0.91	239.0	1195.0	0.6666666666666666
42356	111	0	5	0.27	109.0	545.0	0.0
42357	139	0	5	0.34	84.2	421.0	0.0
42358	164	0	5	0.4025	108.6	543.0	0.3333333333333333
42359	221	0	5	0.545	199.0	995.0	0.6666666666666666
42360	191	0	5	0.47	141.0	705.0	0.0
42361	390	0	5	0.9675	223.0	1115.0	0.6666666666666666
42362	76	0	5	0.1825	74.0	370.0	0.0
42363	244	1	4	0.6075	146.4	732.0	1.0
42364	149	0	5	0.365	105.4	527.0	0.0
42365	135	0	5	0.33	127.8	639.0	0.0
42366	332	0	5	0.8225	257.8	1289.0	0.6666666666666666
42367	195	0	5	0.48	122.6	613.0	0.0
42368	332	0	5	0.8225	272.8	1364.0	0.6666666666666666
42369	213	0	5	0.525	149.2	746.0	0.3333333333333333
42370	332	0	5	0.8225	188.8	944.0	0.6666666666666666
42371	394	0	5	0.9775	291.0	1455.0	0.6666666666666666
42372	302	0	5	0.7475	275.8	1379.0	0.3333333333333333
42373	153	0	5	0.375	105.6	528.0	0.0
42374	73	0	5	0.175	23.8	119.0	0.3333333333333333
42375	156	0	5	0.3825	140.4	702.0	0.0
42376	372	0	5	0.9225	263.6	1318.0	0.3333333333333333
42377	161	0	5	0.395	96.6	483.0	0.3333333333333333
42378	58	0	5	0.1375	56.0	280.0	0.0
42379	252	0	5	0.6225	221.8	1109.0	0.0
42380	22	0	5	0.0475	20.0	100.0	0.0
42381	308	1	4	0.7675	214.4	1072.0	1.0
42382	17	0	5	0.035	15.0	75.0	0.0
42383	132	0	5	0.3225	130.0	650.0	0.0
42384	290	0	5	0.7175	252.4	1262.0	0.6666666666666666
42385	211	0	5	0.52	107.4	537.0	0.3333333333333333
42386	173	0	5	0.425	110.2	551.0	0.0
42387	18	0	5	0.0375	16.0	80.0	0.0
42388	180	0	5	0.4425	100.4	502.0	0.3333333333333333
42389	4	0	5	0.0025	2.0	10.0	0.0
42390	353	0	5	0.875	159.4	797.0	0.6666666666666666
42391	394	0	5	0.9775	153.8	769.0	0.6666666666666666
42392	186	0	5	0.4575	62.0	310.0	0.6666666666666666
42393	262	0	5	0.6475	204.2	1021.0	0.3333333333333333
42394	41	0	5	0.095	22.6	113.0	0.0
42395	301	0	5	0.745	139.4	697.0	0.3333333333333333
42396	243	1	4	0.605	133.0	665.0	1.0
42397	228	0	5	0.5625	127.4	637.0	0.0
42398	317	0	5	0.785	238.4	1192.0	0.3333333333333333
42399	240	0	5	0.5925	151.6	758.0	0.3333333333333333
42400	398	1	3	0.9925	181.8	909.0	1.0
42401	141	1	4	0.35	93.2	466.0	1.0
42402	351	0	5	0.87	143.8	719.0	0.6666666666666666
42403	49	0	5	0.115	47.0	235.0	0.0
42404	384	1	4	0.9575	149.2	746.0	1.0
42405	16	0	5	0.0325	14.0	70.0	0.0
42406	288	0	5	0.7125	157.6	788.0	0.3333333333333333
42407	165	0	5	0.405	88.6	443.0	0.3333333333333333
42408	261	0	5	0.645	76.6	383.0	0.6666666666666666
42409	60	0	5	0.1425	23.6	118.0	0.3333333333333333
42410	84	0	5	0.2025	82.0	410.0	0.0
42411	218	0	5	0.5375	103.2	516.0	0.6666666666666666
42412	314	0	5	0.7775	223.6	1118.0	0.3333333333333333
42413	389	0	5	0.965	270.2	1351.0	0.6666666666666666
42414	329	0	5	0.815	189.0	945.0	0.6666666666666666
42415	31	0	5	0.07	5.8	29.0	0.3333333333333333
42416	170	0	5	0.4175	162.8	814.0	0.3333333333333333
42417	94	0	5	0.2275	78.0	390.0	0.3333333333333333
42418	193	0	5	0.475	156.4	782.0	0.0
42419	115	0	5	0.28	113.0	565.0	0.0
42420	366	0	5	0.9075	300.4	1502.0	0.6666666666666666
42421	167	0	5	0.41	113.4	567.0	0.0
42422	356	0	5	0.8825	84.4	422.0	0.6666666666666666
42423	272	1	4	0.6775	164.8	824.0	1.0
42424	400	1	4	0.9975	357.2	1786.0	1.0
42425	363	0	5	0.9	229.2	1146.0	0.6666666666666666
42426	329	0	5	0.815	140.6	703.0	0.6666666666666666
42427	377	0	5	0.935	257.8	1289.0	0.3333333333333333
42428	107	0	5	0.26	76.6	383.0	0.0
42429	361	0	5	0.895	178.6	893.0	0.6666666666666666
42430	263	1	4	0.655	84.8	424.0	1.0
42431	148	0	5	0.3625	118.0	590.0	0.3333333333333333
42432	202	0	5	0.4975	141.2	706.0	0.3333333333333333
42433	201	0	5	0.495	175.4	877.0	0.3333333333333333
42434	239	0	5	0.59	186.2	931.0	0.3333333333333333
42435	74	0	5	0.1775	51.2	256.0	0.3333333333333333
42436	191	0	5	0.47	80.2	401.0	0.6666666666666666
42437	214	0	5	0.5275	95.8	479.0	0.3333333333333333
42438	351	0	5	0.87	150.0	750.0	0.3333333333333333
42439	346	1	4	0.8625	141.0	705.0	1.0
42440	42	0	5	0.0975	40.0	200.0	0.0
42441	214	0	5	0.5275	68.4	342.0	0.6666666666666666
42442	56	0	5	0.1325	39.0	195.0	0.0
42443	181	0	5	0.445	156.0	780.0	0.3333333333333333
42444	108	0	5	0.2625	48.6	243.0	0.3333333333333333
42445	174	0	5	0.4275	168.0	840.0	0.3333333333333333
42446	246	0	5	0.6075	200.8	1004.0	0.3333333333333333
42447	168	0	5	0.4125	134.6	673.0	0.6666666666666666
42448	310	1	4	0.7725	237.6	1188.0	1.0
42449	192	0	5	0.4725	131.2	656.0	0.3333333333333333
42450	88	0	5	0.2125	86.0	430.0	0.0
42451	290	0	5	0.7175	149.6	748.0	0.3333333333333333
42452	354	0	5	0.8775	249.8	1249.0	0.6666666666666666
42453	115	0	5	0.28	28.2	141.0	0.3333333333333333
42454	323	0	5	0.8	262.0	1310.0	0.3333333333333333
42455	315	0	5	0.78	254.6	1273.0	0.3333333333333333
42456	317	0	5	0.785	203.8	1019.0	0.6666666666666666
42457	127	0	5	0.31	112.2	561.0	0.6666666666666666
42458	233	1	4	0.58	105.4	527.0	1.0
42459	329	1	4	0.82	175.0	875.0	1.0
42460	147	0	5	0.36	83.4	417.0	0.6666666666666666
42461	283	0	5	0.7	117.0	585.0	0.6666666666666666
42462	56	0	5	0.1325	52.0	260.0	0.0
42463	252	0	5	0.6225	154.8	774.0	0.6666666666666666
42464	322	0	5	0.7975	220.8	1104.0	0.3333333333333333
42465	261	0	5	0.645	120.6	603.0	0.3333333333333333
42466	203	0	5	0.5	171.4	857.0	0.3333333333333333
42467	209	0	5	0.515	146.2	731.0	0.6666666666666666
42468	336	1	4	0.8375	238.0	1190.0	1.0
42469	42	0	5	0.0975	40.0	200.0	0.0
42470	71	0	5	0.17	69.0	345.0	0.0
42471	167	0	5	0.41	139.4	697.0	0.3333333333333333
42472	215	1	4	0.535	101.2	506.0	1.0
42473	397	0	5	0.985	265.2	1326.0	0.6666666666666666
42474	175	0	5	0.43	125.0	625.0	0.3333333333333333
42475	31	0	5	0.07	29.0	145.0	0.0
42476	133	0	5	0.325	101.4	507.0	0.0
42477	5	0	5	0.005	3.0	15.0	0.0
42478	88	0	5	0.2125	49.4	247.0	0.0
42479	205	0	5	0.505	86.2	431.0	0.6666666666666666
42480	132	0	5	0.3225	101.2	506.0	0.0
42481	28	0	5	0.0625	21.2	106.0	0.0
42482	113	0	5	0.275	105.4	527.0	0.3333333333333333
42483	226	0	5	0.5575	101.0	505.0	0.6666666666666666
42484	252	0	5	0.6225	155.4	777.0	0.6666666666666666
42485	301	0	5	0.745	119.8	599.0	0.6666666666666666
42486	244	0	5	0.6025	122.6	613.0	0.3333333333333333
42487	25	0	5	0.055	23.0	115.0	0.0
42488	193	0	5	0.475	109.6	548.0	0.3333333333333333
42489	186	0	5	0.4575	184.0	920.0	0.0
42490	44	0	5	0.1025	36.0	180.0	0.0
42491	139	0	5	0.34	103.4	517.0	0.6666666666666666
42492	96	0	5	0.2325	94.0	470.0	0.0
42493	397	1	4	0.99	234.0	1170.0	1.0
42494	82	0	5	0.1975	80.0	400.0	0.0
42495	314	0	5	0.7775	209.0	1045.0	0.3333333333333333
42496	319	0	5	0.79	250.0	1250.0	0.6666666666666666
42497	215	0	5	0.53	98.4	492.0	0.3333333333333333
42498	308	0	5	0.7625	201.4	1007.0	0.6666666666666666
42499	332	0	5	0.8225	218.4	1092.0	0.3333333333333333
42500	110	0	5	0.2675	45.6	228.0	0.0
42501	285	0	5	0.705	94.4	472.0	0.6666666666666666
42502	296	0	5	0.7325	153.4	767.0	0.3333333333333333
42503	284	0	5	0.7025	229.0	1145.0	0.3333333333333333
42504	346	0	5	0.8575	124.6	623.0	0.3333333333333333
42505	54	0	5	0.1275	52.0	260.0	0.0
42506	290	0	5	0.7175	265.8	1329.0	0.0
42507	70	0	5	0.1675	68.0	340.0	0.0
42508	400	1	4	0.9975	254.8	1274.0	1.0
42509	76	0	5	0.1825	66.8	334.0	0.3333333333333333
42510	350	0	5	0.8675	272.0	1360.0	0.6666666666666666
42511	313	0	5	0.775	202.0	1010.0	0.3333333333333333
42512	28	0	5	0.0625	26.0	130.0	0.0
42513	398	1	4	0.9925	98.0	490.0	1.0
42514	258	0	5	0.6375	140.4	702.0	0.6666666666666666
42515	158	0	5	0.3875	98.0	490.0	0.3333333333333333
42516	68	0	5	0.1625	48.0	240.0	0.0
42517	392	0	5	0.9725	268.2	1341.0	0.6666666666666666
42518	3	0	5	0.0025	0.2	1.0	0.3333333333333333
42519	20	0	5	0.0425	18.0	90.0	0.0
42520	235	0	5	0.58	205.0	1025.0	0.6666666666666666
42521	315	0	5	0.78	122.2	611.0	0.3333333333333333
42522	30	0	5	0.0675	28.0	140.0	0.0
42523	210	0	5	0.5175	130.8	654.0	0.6666666666666666
42524	348	0	5	0.8625	194.4	972.0	0.6666666666666666
42525	177	0	5	0.435	175.0	875.0	0.0
42526	168	0	5	0.4125	42.0	210.0	0.6666666666666666
42527	258	0	5	0.6375	198.4	992.0	0.3333333333333333
42528	113	0	5	0.275	51.0	255.0	0.3333333333333333
42529	18	0	5	0.0375	16.0	80.0	0.0
42530	21	0	5	0.045	19.0	95.0	0.0
42531	4	0	5	0.0025	2.0	10.0	0.0
42532	115	0	5	0.28	42.6	213.0	0.0
42533	351	0	5	0.87	151.6	758.0	0.6666666666666666
42534	146	0	5	0.3575	51.2	256.0	0.3333333333333333
42535	327	0	5	0.81	215.2	1076.0	0.3333333333333333
42536	345	1	4	0.86	285.0	1425.0	1.0
42537	337	0	5	0.835	249.8	1249.0	0.3333333333333333
42538	259	0	5	0.64	100.6	503.0	0.6666666666666666
42539	67	0	5	0.16	62.2	311.0	0.0
42540	94	0	5	0.2275	92.0	460.0	0.0
42541	306	0	5	0.7575	163.6	818.0	0.6666666666666666
42542	379	0	5	0.94	111.6	558.0	0.6666666666666666
42543	229	0	5	0.565	132.6	663.0	0.6666666666666666
42544	137	0	5	0.335	135.0	675.0	0.0
42545	343	0	5	0.85	97.0	485.0	0.6666666666666666
42546	189	0	5	0.465	115.0	575.0	0.0
42547	283	0	5	0.7	158.8	794.0	0.6666666666666666
42548	184	0	5	0.4525	173.2	866.0	0.3333333333333333
42549	373	1	4	0.93	192.8	964.0	1.0
42550	131	0	5	0.32	37.0	185.0	0.6666666666666666
42551	260	0	5	0.6425	73.4	367.0	0.6666666666666666
42552	171	0	5	0.42	146.4	732.0	0.0
42553	126	0	5	0.3075	106.6	533.0	0.3333333333333333
42554	285	1	4	0.71	176.2	881.0	1.0
42555	101	0	5	0.245	89.0	445.0	0.0
42556	73	0	5	0.175	71.0	355.0	0.0
42557	159	0	5	0.39	89.0	445.0	0.3333333333333333
42558	74	0	5	0.1775	72.0	360.0	0.0
42559	156	0	5	0.3825	128.2	641.0	0.3333333333333333
42560	349	1	4	0.87	270.4	1352.0	1.0
42561	173	0	5	0.425	109.6	548.0	0.3333333333333333
42562	151	0	5	0.37	35.4	177.0	0.6666666666666666
42563	27	0	5	0.06	25.0	125.0	0.0
42564	244	0	5	0.6025	181.6	908.0	0.3333333333333333
42565	38	0	5	0.0875	23.6	118.0	0.3333333333333333
42566	337	0	5	0.835	282.2	1411.0	0.3333333333333333
42567	133	0	5	0.325	124.6	623.0	0.0
42568	347	0	5	0.86	131.6	658.0	0.6666666666666666
42569	177	0	5	0.435	86.8	434.0	0.3333333333333333
42570	44	0	5	0.1025	42.0	210.0	0.0
42571	213	0	5	0.525	162.0	810.0	0.3333333333333333
42572	24	0	5	0.0525	22.0	110.0	0.0
42573	376	1	4	0.9375	247.4	1237.0	1.0
42574	336	0	5	0.8325	145.8	729.0	0.6666666666666666
42575	93	0	5	0.225	91.0	455.0	0.0
42576	228	0	5	0.5625	194.8	974.0	0.0
42577	347	0	5	0.86	215.6	1078.0	0.6666666666666666
42578	36	0	5	0.0825	34.0	170.0	0.0
42579	184	0	5	0.4525	156.8	784.0	0.3333333333333333
42580	295	0	5	0.73	203.8	1019.0	0.6666666666666666
42581	25	0	5	0.055	23.0	115.0	0.0
42582	305	0	5	0.755	150.6	753.0	0.6666666666666666
42583	153	0	5	0.375	107.2	536.0	0.3333333333333333
42584	325	0	5	0.805	227.4	1137.0	0.6666666666666666
42585	225	0	5	0.555	105.0	525.0	0.3333333333333333
42586	372	0	5	0.9225	207.2	1036.0	0.6666666666666666
42587	293	1	4	0.73	85.8	429.0	1.0
42588	325	0	5	0.805	226.4	1132.0	0.3333333333333333
42589	347	1	4	0.865	305.4	1527.0	1.0
42590	273	0	5	0.675	110.4	552.0	0.6666666666666666
42591	64	0	5	0.1525	51.8	259.0	0.3333333333333333
42592	164	0	5	0.4025	103.2	516.0	0.3333333333333333
42593	341	0	5	0.845	181.4	907.0	0.6666666666666666
42594	395	1	4	0.985	237.8	1189.0	1.0
42595	41	1	4	0.1	18.4	92.0	1.0
42596	185	0	5	0.455	108.0	540.0	0.6666666666666666
42597	331	0	5	0.82	261.4	1307.0	0.3333333333333333
42598	245	0	5	0.605	140.2	701.0	0.3333333333333333
42599	37	0	5	0.085	35.0	175.0	0.0
42600	47	0	5	0.11	45.0	225.0	0.0
42601	94	0	5	0.2275	92.0	460.0	0.3333333333333333
42602	139	0	5	0.34	107.6	538.0	0.0
42603	361	1	4	0.9	207.2	1036.0	1.0
42604	222	0	5	0.5475	99.2	496.0	0.6666666666666666
42605	55	0	5	0.13	53.0	265.0	0.0
42606	317	0	5	0.785	225.2	1126.0	0.3333333333333333
42607	13	0	5	0.025	11.0	55.0	0.0
42608	224	0	5	0.5525	176.0	880.0	0.3333333333333333
42609	319	0	5	0.79	264.8	1324.0	0.3333333333333333
42610	398	1	4	0.9925	184.2	921.0	1.0
42611	113	1	4	0.28	32.6	163.0	1.0
42612	275	0	5	0.68	184.2	921.0	0.0
42613	124	0	5	0.3025	117.2	586.0	0.0
42614	123	0	5	0.3	119.0	595.0	0.3333333333333333
42615	229	0	5	0.565	90.2	451.0	0.3333333333333333
42616	270	0	5	0.6675	92.4	462.0	0.6666666666666666
42617	196	0	5	0.4825	82.0	410.0	0.3333333333333333
42618	279	0	5	0.69	231.8	1159.0	0.0
42619	247	0	5	0.61	190.0	950.0	0.6666666666666666
42620	221	0	5	0.545	170.8	854.0	0.0
42621	305	0	5	0.755	162.0	810.0	0.6666666666666666
42622	211	0	5	0.52	160.2	801.0	0.3333333333333333
42623	176	0	5	0.4325	158.0	790.0	0.3333333333333333
42624	60	0	5	0.1425	55.8	279.0	0.0
42625	305	1	4	0.76	80.2	401.0	1.0
42626	164	0	5	0.4025	162.0	810.0	0.0
42627	118	0	5	0.2875	77.2	386.0	0.0
42628	182	0	5	0.4475	99.0	495.0	0.0
42629	64	0	5	0.1525	62.0	310.0	0.0
42630	302	0	5	0.7475	157.6	788.0	0.3333333333333333
42631	156	0	5	0.3825	147.0	735.0	0.0
42632	285	0	5	0.705	178.2	891.0	0.3333333333333333
42633	211	0	5	0.52	135.4	677.0	0.3333333333333333
42634	215	0	5	0.53	124.6	623.0	0.6666666666666666
42635	333	0	5	0.825	149.0	745.0	0.6666666666666666
42636	53	0	5	0.125	51.0	255.0	0.0
42637	272	0	5	0.6725	135.2	676.0	0.6666666666666666
42638	198	0	5	0.4875	89.8	449.0	0.3333333333333333
42639	359	0	5	0.89	79.0	395.0	0.6666666666666666
42640	22	0	5	0.0475	18.8	94.0	0.0
42641	303	0	5	0.75	229.0	1145.0	0.6666666666666666
42642	168	0	5	0.4125	108.0	540.0	0.3333333333333333
42643	191	0	5	0.47	100.0	500.0	0.3333333333333333
42644	192	1	4	0.4775	140.0	700.0	1.0
42645	219	0	5	0.54	101.2	506.0	0.3333333333333333
42646	348	1	4	0.8675	170.8	854.0	1.0
42647	30	0	5	0.0675	14.0	70.0	0.3333333333333333
42648	370	0	5	0.9175	102.6	513.0	0.6666666666666666
42649	343	1	4	0.855	280.6	1403.0	1.0
42650	372	1	4	0.9275	184.4	922.0	1.0
42651	280	0	5	0.6925	213.2	1066.0	0.3333333333333333
42652	359	0	5	0.89	113.8	569.0	0.6666666666666666
42653	111	0	5	0.27	73.6	368.0	0.3333333333333333
42654	262	0	5	0.6475	200.0	1000.0	0.0
42655	151	0	5	0.37	114.6	573.0	0.3333333333333333
42656	86	0	5	0.2075	51.6	258.0	0.0
42657	178	0	5	0.4375	143.0	715.0	0.3333333333333333
42658	127	0	5	0.31	86.2	431.0	0.6666666666666666
42659	199	0	5	0.49	181.4	907.0	0.3333333333333333
42660	331	0	5	0.82	211.4	1057.0	0.3333333333333333
42661	365	0	5	0.905	238.2	1191.0	0.6666666666666666
42662	50	0	5	0.1175	40.6	203.0	0.3333333333333333
42663	232	0	5	0.5725	169.0	845.0	0.3333333333333333
42664	395	1	4	0.985	139.0	695.0	1.0
42665	33	0	5	0.075	31.0	155.0	0.0
42666	102	0	5	0.2475	96.4	482.0	0.0
42667	238	0	5	0.5875	230.0	1150.0	0.3333333333333333
42668	189	0	5	0.465	112.0	560.0	0.3333333333333333
42669	177	0	5	0.435	153.6	768.0	0.0
42670	173	0	5	0.425	91.0	455.0	0.3333333333333333
42671	119	0	5	0.29	63.0	315.0	0.6666666666666666
42672	151	0	5	0.37	137.6	688.0	0.3333333333333333
42673	121	1	4	0.3	88.6	443.0	1.0
42674	370	0	5	0.9175	325.6	1628.0	0.6666666666666666
42675	227	0	5	0.56	146.2	731.0	0.3333333333333333
42676	254	0	5	0.6275	134.0	670.0	0.3333333333333333
42677	271	0	5	0.67	212.2	1061.0	0.3333333333333333
42678	257	0	5	0.635	179.2	896.0	0.3333333333333333
42679	220	0	5	0.5425	218.0	1090.0	0.0
42680	37	0	5	0.085	35.0	175.0	0.0
42681	238	0	5	0.5875	166.4	832.0	0.6666666666666666
42682	178	0	5	0.4375	96.0	480.0	0.3333333333333333
42683	82	0	5	0.1975	40.4	202.0	0.6666666666666666
42684	182	0	5	0.4475	87.6	438.0	0.6666666666666666
42685	188	0	5	0.4625	102.0	510.0	0.6666666666666666
42686	244	0	5	0.6025	71.4	357.0	0.3333333333333333
42687	28	0	5	0.0625	26.0	130.0	0.0
42688	307	0	5	0.76	242.6	1213.0	0.3333333333333333
42689	124	0	5	0.3025	122.0	610.0	0.0
42690	317	0	5	0.785	131.8	659.0	0.6666666666666666
42691	95	0	5	0.23	45.8	229.0	0.3333333333333333
42692	207	1	4	0.515	74.8	374.0	1.0
42693	112	0	5	0.2725	54.8	274.0	0.3333333333333333
42694	59	0	5	0.14	57.0	285.0	0.0
42695	153	0	5	0.375	149.6	748.0	0.3333333333333333
42696	272	1	4	0.6775	160.4	802.0	1.0
42697	389	0	5	0.965	252.4	1262.0	0.6666666666666666
42698	93	0	5	0.225	50.2	251.0	0.3333333333333333
42699	119	0	5	0.29	64.8	324.0	0.3333333333333333
42700	355	0	5	0.88	203.0	1015.0	0.6666666666666666
42701	28	0	5	0.0625	26.0	130.0	0.0
42702	274	0	5	0.6775	202.8	1014.0	0.3333333333333333
42703	224	0	5	0.5525	190.8	954.0	0.0
42704	273	0	5	0.675	206.8	1034.0	0.6666666666666666
42705	309	0	5	0.765	273.0	1365.0	0.3333333333333333
42706	395	1	4	0.985	233.2	1166.0	1.0
42707	211	0	5	0.52	165.8	829.0	0.6666666666666666
42708	90	0	5	0.2175	88.0	440.0	0.0
42709	145	0	5	0.355	103.8	519.0	0.6666666666666666
42710	96	0	5	0.2325	94.0	470.0	0.0
42711	368	0	5	0.9125	147.6	738.0	0.6666666666666666
42712	339	0	5	0.84	184.0	920.0	0.3333333333333333
42713	307	0	5	0.76	233.2	1166.0	0.3333333333333333
42714	393	0	5	0.975	268.2	1341.0	0.3333333333333333
42715	232	0	5	0.5725	165.2	826.0	0.3333333333333333
42716	239	0	5	0.59	128.8	644.0	0.6666666666666666
42717	83	0	5	0.2	81.0	405.0	0.0
42718	269	0	5	0.665	91.8	459.0	0.6666666666666666
42719	178	0	5	0.4375	152.4	762.0	0.0
42720	274	0	5	0.6775	171.6	858.0	0.3333333333333333
42721	329	0	5	0.815	120.6	603.0	0.3333333333333333
42722	107	0	5	0.26	105.0	525.0	0.0
42723	136	0	5	0.3325	134.0	670.0	0.0
42724	217	0	5	0.535	119.8	599.0	0.3333333333333333
42725	297	0	5	0.735	87.2	436.0	0.3333333333333333
42726	163	0	5	0.4	78.8	394.0	0.6666666666666666
42727	266	0	5	0.6575	133.8	669.0	0.3333333333333333
42728	295	0	5	0.73	123.2	616.0	0.3333333333333333
42729	277	0	5	0.685	199.8	999.0	0.3333333333333333
42730	112	0	5	0.2725	109.8	549.0	0.3333333333333333
42731	82	1	4	0.2025	60.2	301.0	1.0
42732	368	1	4	0.9175	208.0	1040.0	1.0
42733	333	0	5	0.825	291.6	1458.0	0.3333333333333333
42734	317	1	4	0.79	111.4	557.0	1.0
42735	190	0	5	0.4675	183.8	919.0	0.0
42736	145	0	5	0.355	118.6	593.0	0.0
42737	77	0	5	0.185	67.0	335.0	0.0
42738	248	0	5	0.6125	108.6	543.0	0.6666666666666666
42739	264	0	5	0.6525	181.8	909.0	0.3333333333333333
42740	82	0	5	0.1975	71.6	358.0	0.0
42741	221	0	5	0.545	153.4	767.0	0.6666666666666666
42742	327	0	5	0.81	219.0	1095.0	0.3333333333333333
42743	24	0	5	0.0525	22.0	110.0	0.0
42744	226	0	5	0.5575	92.0	460.0	0.6666666666666666
42745	153	0	5	0.375	96.6	483.0	0.0
42746	94	0	5	0.2275	88.6	443.0	0.0
42747	2	0	5	0.0	0.0	0.0	0.0
42748	274	0	5	0.6775	109.6	548.0	0.6666666666666666
42749	386	0	5	0.9575	109.0	545.0	0.6666666666666666
42750	4	0	5	0.0025	2.0	10.0	0.0
42751	203	0	5	0.5	144.2	721.0	0.3333333333333333
42752	135	0	5	0.33	133.0	665.0	0.0
42753	160	0	5	0.3925	66.0	330.0	0.6666666666666666
42754	393	1	4	0.98	185.4	927.0	1.0
42755	172	0	5	0.4225	93.2	466.0	0.3333333333333333
42756	150	0	5	0.3675	115.6	578.0	0.6666666666666666
42757	97	0	5	0.235	95.0	475.0	0.0
42758	342	0	5	0.8475	203.2	1016.0	0.6666666666666666
42759	58	0	5	0.1375	56.0	280.0	0.0
42760	116	0	5	0.2825	62.4	312.0	0.0
42761	245	0	5	0.605	128.8	644.0	0.6666666666666666
42762	213	0	5	0.525	121.0	605.0	0.3333333333333333
42763	160	0	5	0.3925	158.0	790.0	0.0
42764	309	0	5	0.765	183.8	919.0	0.6666666666666666
42765	265	0	5	0.655	92.4	462.0	0.6666666666666666
42766	160	0	5	0.3925	83.4	417.0	0.3333333333333333
42767	138	0	5	0.3375	128.0	640.0	0.3333333333333333
42768	400	0	5	0.9925	224.4	1122.0	0.6666666666666666
42769	122	0	5	0.2975	92.0	460.0	0.6666666666666666
42770	11	0	5	0.02	7.0	35.0	0.3333333333333333
42771	342	0	5	0.8475	247.4	1237.0	0.3333333333333333
42772	181	0	5	0.445	42.2	211.0	0.3333333333333333
42773	242	0	5	0.5975	129.0	645.0	0.3333333333333333
42774	304	0	5	0.7525	149.2	746.0	0.6666666666666666
42775	359	1	4	0.895	183.0	915.0	1.0
42776	160	0	5	0.3925	123.2	616.0	0.6666666666666666
42777	255	0	5	0.63	118.2	591.0	0.6666666666666666
42778	387	0	5	0.96	215.2	1076.0	0.3333333333333333
42779	161	0	5	0.395	104.4	522.0	0.6666666666666666
42780	301	0	5	0.745	160.8	804.0	0.6666666666666666
42781	41	0	5	0.095	39.0	195.0	0.0
42782	205	0	5	0.505	128.6	643.0	0.3333333333333333
42783	146	0	5	0.3575	94.2	471.0	0.6666666666666666
42784	88	0	5	0.2125	77.2	386.0	0.3333333333333333
42785	348	0	5	0.8625	173.6	868.0	0.6666666666666666
42786	348	0	5	0.8625	160.8	804.0	0.3333333333333333
42787	82	0	5	0.1975	44.8	224.0	0.3333333333333333
42788	358	0	5	0.8875	328.8	1644.0	0.3333333333333333
42789	222	0	5	0.5475	131.4	657.0	0.3333333333333333
42790	247	0	5	0.61	180.4	902.0	0.3333333333333333
42791	117	0	5	0.285	72.4	362.0	0.3333333333333333
42792	210	0	5	0.5175	121.6	608.0	0.3333333333333333
42793	303	0	5	0.75	259.8	1299.0	0.3333333333333333
42794	145	0	5	0.355	83.0	415.0	0.6666666666666666
42795	228	0	5	0.5625	159.2	796.0	0.3333333333333333
42796	312	0	5	0.7725	193.2	966.0	0.3333333333333333
42797	347	1	4	0.865	161.8	809.0	1.0
42798	369	0	5	0.915	232.2	1161.0	0.6666666666666666
42799	368	0	5	0.9125	336.6	1683.0	0.0
42800	274	0	5	0.6775	66.4	332.0	0.6666666666666666
42801	221	0	5	0.545	185.0	925.0	0.3333333333333333
42802	12	0	5	0.0225	10.0	50.0	0.0
42803	271	0	5	0.67	197.0	985.0	0.3333333333333333
42804	276	0	5	0.6825	199.6	998.0	0.6666666666666666
42805	213	0	5	0.525	122.2	611.0	0.3333333333333333
42806	328	1	4	0.8175	191.0	955.0	1.0
42807	138	0	5	0.3375	73.8	369.0	0.6666666666666666
42808	51	0	5	0.12	49.0	245.0	0.0
42809	313	0	5	0.775	103.2	516.0	0.6666666666666666
42810	265	0	5	0.655	81.4	407.0	0.3333333333333333
42811	275	0	5	0.68	117.8	589.0	0.6666666666666666
42812	265	0	5	0.655	131.6	658.0	0.3333333333333333
42813	395	0	5	0.98	181.0	905.0	0.6666666666666666
42814	329	0	5	0.815	192.8	964.0	0.6666666666666666
42815	388	0	5	0.9625	304.4	1522.0	0.6666666666666666
42816	108	0	5	0.2625	53.2	266.0	0.3333333333333333
42817	282	0	5	0.6975	120.8	604.0	0.3333333333333333
42818	181	0	5	0.445	81.8	409.0	0.3333333333333333
42819	251	0	5	0.62	148.6	743.0	0.6666666666666666
42820	85	0	5	0.205	51.0	255.0	0.0
42821	156	0	5	0.3825	124.0	620.0	0.3333333333333333
42822	262	0	5	0.6475	242.2	1211.0	0.6666666666666666
42823	288	1	4	0.7175	233.2	1166.0	1.0
42824	65	0	5	0.155	63.0	315.0	0.0
42825	323	0	5	0.8	149.0	745.0	0.6666666666666666
42826	182	0	5	0.4475	156.0	780.0	0.0
42827	268	0	5	0.6625	103.0	515.0	0.6666666666666666
42828	389	0	5	0.965	152.4	762.0	0.6666666666666666
42829	100	0	5	0.2425	98.0	490.0	0.0
42830	54	0	5	0.1275	52.0	260.0	0.0
42831	222	0	5	0.5475	191.8	959.0	0.3333333333333333
42832	45	0	5	0.105	43.0	215.0	0.0
42833	27	0	5	0.06	23.8	119.0	0.0
42834	87	0	5	0.21	64.6	323.0	0.3333333333333333
42835	316	1	4	0.7875	109.6	548.0	1.0
42836	166	0	5	0.4075	164.0	820.0	0.0
42837	67	0	5	0.16	65.0	325.0	0.0
42838	294	1	4	0.7325	207.0	1035.0	1.0
42839	4	0	5	0.0025	2.0	10.0	0.0
42840	111	0	5	0.27	84.0	420.0	0.3333333333333333
42841	164	0	5	0.4025	140.0	700.0	0.3333333333333333
42842	378	1	4	0.9425	228.6	1143.0	1.0
42843	320	1	4	0.7975	219.6	1098.0	1.0
42844	162	0	5	0.3975	126.2	631.0	0.3333333333333333
42845	215	0	5	0.53	110.4	552.0	0.6666666666666666
42846	174	0	5	0.4275	140.0	700.0	0.0
42847	144	0	5	0.3525	52.0	260.0	0.6666666666666666
42848	363	0	5	0.9	161.0	805.0	0.6666666666666666
42849	60	0	5	0.1425	19.6	98.0	0.3333333333333333
42850	21	0	5	0.045	11.8	59.0	0.3333333333333333
42851	98	0	5	0.2375	62.4	312.0	0.3333333333333333
42852	89	0	5	0.215	87.0	435.0	0.0
42853	145	0	5	0.355	124.4	622.0	0.3333333333333333
42854	101	0	5	0.245	91.0	455.0	0.6666666666666666
42855	324	1	4	0.8075	169.6	848.0	1.0
42856	401	0	5	0.995	269.8	1349.0	0.6666666666666666
42857	168	0	5	0.4125	158.0	790.0	0.0
42858	322	1	4	0.8025	212.4	1062.0	1.0
42859	310	1	4	0.7725	161.6	808.0	1.0
42860	207	0	5	0.51	159.4	797.0	0.6666666666666666
42861	256	0	5	0.6325	202.0	1010.0	0.6666666666666666
42862	349	0	5	0.865	281.8	1409.0	0.6666666666666666
42863	379	0	5	0.94	85.8	429.0	0.6666666666666666
42864	364	1	4	0.9075	209.2	1046.0	1.0
42865	119	0	5	0.29	86.6	433.0	0.0
42866	26	0	5	0.0575	24.0	120.0	0.0
42867	171	0	5	0.42	165.4	827.0	0.6666666666666666
42868	253	0	5	0.625	177.4	887.0	0.3333333333333333
42869	357	0	5	0.885	239.4	1197.0	0.6666666666666666
42870	209	0	5	0.515	119.8	599.0	0.3333333333333333
42871	345	0	5	0.855	307.0	1535.0	0.6666666666666666
42872	183	0	5	0.45	104.0	520.0	0.6666666666666666
42873	324	1	4	0.8075	181.4	907.0	1.0
42874	165	1	4	0.41	97.0	485.0	1.0
42875	344	0	5	0.8525	221.0	1105.0	0.6666666666666666
42876	124	1	4	0.3075	56.8	284.0	1.0
42877	332	0	5	0.8225	289.2	1446.0	0.0
42878	359	0	5	0.89	250.2	1251.0	0.6666666666666666
42879	216	1	4	0.5375	109.4	547.0	1.0
42880	134	0	5	0.3275	80.6	403.0	0.3333333333333333
42881	149	0	5	0.365	125.8	629.0	0.0
42882	180	0	5	0.4425	122.0	610.0	0.3333333333333333
42883	357	0	5	0.885	238.2	1191.0	0.3333333333333333
42884	52	0	5	0.1225	50.0	250.0	0.0
42885	289	1	4	0.72	109.8	549.0	1.0
42886	261	0	5	0.645	244.6	1223.0	0.3333333333333333
42887	393	0	5	0.975	276.4	1382.0	0.6666666666666666
42888	226	0	5	0.5575	176.4	882.0	0.3333333333333333
42889	191	1	4	0.475	153.0	765.0	1.0
42890	247	0	5	0.61	138.8	694.0	0.3333333333333333
42891	204	0	5	0.5025	142.0	710.0	0.3333333333333333
42892	75	0	5	0.18	73.0	365.0	0.0
42893	300	0	5	0.7425	163.2	816.0	0.3333333333333333
42894	27	0	5	0.06	22.6	113.0	0.3333333333333333
42895	153	0	5	0.375	128.4	642.0	0.0
42896	53	0	5	0.125	41.8	209.0	0.6666666666666666
42897	218	1	3	0.5425	149.6	748.0	1.0
42898	30	0	5	0.0675	28.0	140.0	0.0
42899	286	0	5	0.7075	190.8	954.0	0.3333333333333333
42900	61	0	5	0.145	59.0	295.0	0.0
42901	324	0	5	0.8025	102.8	514.0	0.6666666666666666
42902	183	1	4	0.455	83.2	416.0	1.0
42903	314	0	5	0.7775	142.8	714.0	0.6666666666666666
42904	237	0	5	0.585	63.0	315.0	0.6666666666666666
42905	209	0	5	0.515	152.2	761.0	0.6666666666666666
42906	135	0	5	0.33	82.4	412.0	0.6666666666666666
42907	244	0	5	0.6025	137.4	687.0	0.3333333333333333
42908	6	0	5	0.0075	4.0	20.0	0.0
42909	137	0	5	0.335	106.2	531.0	0.3333333333333333
42910	186	0	5	0.4575	129.6	648.0	0.3333333333333333
42911	288	0	5	0.7125	181.6	908.0	0.6666666666666666
42912	230	0	5	0.5675	125.4	627.0	0.6666666666666666
42913	214	0	5	0.5275	173.0	865.0	0.3333333333333333
42914	267	1	4	0.665	96.2	481.0	1.0
42915	234	0	5	0.5775	191.0	955.0	0.3333333333333333
42916	249	0	5	0.615	244.6	1223.0	0.3333333333333333
42917	368	0	5	0.9125	165.6	828.0	0.6666666666666666
42918	255	0	5	0.63	180.6	903.0	0.3333333333333333
42919	19	0	5	0.04	17.0	85.0	0.0
42920	168	0	5	0.4125	166.0	830.0	0.0
42921	106	0	5	0.2575	69.4	347.0	0.3333333333333333
42922	275	0	5	0.68	220.0	1100.0	0.3333333333333333
42923	379	0	5	0.94	251.4	1257.0	0.6666666666666666
42924	270	0	5	0.6675	88.0	440.0	0.3333333333333333
42925	198	0	5	0.4875	159.6	798.0	0.3333333333333333
42926	28	0	5	0.0625	26.0	130.0	0.0
42927	36	0	5	0.0825	34.0	170.0	0.0
42928	257	0	5	0.635	207.4	1037.0	0.0
42929	11	0	5	0.02	9.0	45.0	0.0
42930	374	0	5	0.9275	132.0	660.0	0.6666666666666666
42931	242	0	5	0.5975	146.8	734.0	0.6666666666666666
42932	215	0	5	0.53	73.0	365.0	0.3333333333333333
42933	323	0	5	0.8	202.6	1013.0	0.3333333333333333
42934	131	0	5	0.32	92.4	462.0	0.3333333333333333
42935	90	0	5	0.2175	83.6	418.0	0.0
42936	267	0	5	0.66	236.2	1181.0	0.3333333333333333
42937	226	0	5	0.5575	103.2	516.0	0.3333333333333333
42938	48	0	5	0.1125	46.0	230.0	0.0
42939	253	0	5	0.625	182.8	914.0	0.6666666666666666
42940	131	0	5	0.32	106.8	534.0	0.3333333333333333
42941	75	0	5	0.18	59.4	297.0	0.3333333333333333
42942	214	0	5	0.5275	126.8	634.0	0.6666666666666666
42943	25	0	5	0.055	23.0	115.0	0.0
42944	69	0	5	0.165	67.0	335.0	0.0
42945	5	0	5	0.005	3.0	15.0	0.0
42946	197	0	5	0.485	195.0	975.0	0.0
42947	279	0	5	0.69	155.2	776.0	0.6666666666666666
42948	401	0	5	0.995	238.2	1191.0	0.6666666666666666
42949	249	0	5	0.615	171.0	855.0	0.3333333333333333
42950	401	0	4	0.9975	158.0	790.0	0.6666666666666666
42951	354	1	4	0.8825	210.0	1050.0	1.0
42952	312	0	5	0.7725	189.6	948.0	0.3333333333333333
42953	385	0	5	0.955	135.0	675.0	0.6666666666666666
42954	224	0	5	0.5525	149.8	749.0	0.0
42955	89	0	5	0.215	34.8	174.0	0.3333333333333333
42956	38	0	5	0.0875	21.6	108.0	0.3333333333333333
42957	159	0	5	0.39	127.2	636.0	0.3333333333333333
42958	113	0	5	0.275	106.0	530.0	0.3333333333333333
42959	314	0	5	0.7775	243.2	1216.0	0.3333333333333333
42960	350	0	5	0.8675	142.4	712.0	0.6666666666666666
42961	255	0	5	0.63	191.0	955.0	0.3333333333333333
42962	144	0	5	0.3525	142.0	710.0	0.3333333333333333
42963	266	0	5	0.6575	252.0	1260.0	0.3333333333333333
42964	210	0	5	0.5175	195.6	978.0	0.0
42965	197	0	5	0.485	95.0	475.0	0.6666666666666666
42966	153	0	5	0.375	105.8	529.0	0.0
42967	357	0	5	0.885	194.6	973.0	0.6666666666666666
42968	162	0	5	0.3975	93.2	466.0	0.3333333333333333
42969	29	0	5	0.065	27.0	135.0	0.0
42970	161	0	5	0.395	71.0	355.0	0.3333333333333333
42971	3	0	5	0.0025	0.2	1.0	0.3333333333333333
42972	120	0	5	0.2925	84.8	424.0	0.3333333333333333
42973	312	0	5	0.7725	175.0	875.0	0.3333333333333333
42974	109	0	5	0.265	73.0	365.0	0.6666666666666666
42975	169	0	5	0.415	142.4	712.0	0.6666666666666666
42976	188	0	5	0.4625	171.2	856.0	0.0
42977	348	0	5	0.8625	182.4	912.0	0.3333333333333333
42978	154	0	5	0.3775	130.8	654.0	0.0
42979	153	0	5	0.375	76.8	384.0	0.6666666666666666
42980	336	1	4	0.8375	234.8	1174.0	1.0
42981	393	0	5	0.975	328.4	1642.0	0.3333333333333333
42982	151	0	5	0.37	78.6	393.0	0.6666666666666666
42983	248	0	5	0.6125	94.8	474.0	0.3333333333333333
42984	366	0	5	0.9075	252.2	1261.0	0.3333333333333333
42985	64	0	5	0.1525	56.6	283.0	0.0
42986	320	0	5	0.7925	203.6	1018.0	0.6666666666666666
42987	34	0	5	0.0775	32.0	160.0	0.0
42988	250	1	4	0.6225	146.4	732.0	1.0
42989	383	0	5	0.95	171.0	855.0	0.3333333333333333
42990	186	0	5	0.4575	179.6	898.0	0.3333333333333333
42991	278	0	5	0.6875	90.0	450.0	0.3333333333333333
42992	257	0	5	0.635	147.6	738.0	0.3333333333333333
42993	218	0	5	0.5375	168.4	842.0	0.0
42994	6	0	5	0.0075	4.0	20.0	0.0
42995	220	0	5	0.5425	168.4	842.0	0.6666666666666666
42996	125	0	5	0.305	89.8	449.0	0.3333333333333333
42997	242	0	5	0.5975	57.6	288.0	0.6666666666666666
42998	303	0	5	0.75	262.6	1313.0	0.6666666666666666
42999	240	1	4	0.5975	104.0	520.0	1.0
43000	370	0	5	0.9175	214.6	1073.0	0.6666666666666666
43001	257	0	5	0.635	223.2	1116.0	0.0
43002	85	0	5	0.205	50.6	253.0	0.3333333333333333
43003	2	0	5	0.0	0.0	0.0	0.0
43004	365	0	5	0.905	256.8	1284.0	0.6666666666666666
43005	401	0	5	0.995	180.0	900.0	0.6666666666666666
43006	136	1	4	0.3375	48.6	243.0	1.0
43007	158	0	5	0.3875	156.0	780.0	0.3333333333333333
43008	223	0	5	0.55	161.0	805.0	0.6666666666666666
43009	118	0	5	0.2875	116.0	580.0	0.0
43010	337	0	5	0.835	247.4	1237.0	0.0
43011	142	0	5	0.3475	94.0	470.0	0.0
43012	77	0	5	0.185	75.0	375.0	0.0
43013	280	0	5	0.6925	210.0	1050.0	0.3333333333333333
43014	368	0	5	0.9125	220.8	1104.0	0.3333333333333333
43015	131	0	5	0.32	119.8	599.0	0.3333333333333333
43016	37	0	5	0.085	35.0	175.0	0.0
43017	328	0	5	0.8125	312.4	1562.0	0.6666666666666666
43018	374	0	5	0.9275	277.8	1389.0	0.6666666666666666
43019	231	0	5	0.57	212.2	1061.0	0.6666666666666666
43020	296	0	5	0.7325	194.0	970.0	0.6666666666666666
43021	344	0	5	0.8525	243.4	1217.0	0.3333333333333333
43022	373	0	5	0.925	185.4	927.0	0.6666666666666666
43023	143	0	5	0.35	141.0	705.0	0.3333333333333333
43024	110	0	5	0.2675	81.6	408.0	0.3333333333333333
43025	328	0	5	0.8125	191.0	955.0	0.6666666666666666
43026	368	1	4	0.9175	182.4	912.0	1.0
43027	199	0	5	0.49	184.2	921.0	0.3333333333333333
43028	247	1	4	0.615	142.0	710.0	1.0
43029	62	0	5	0.1475	60.0	300.0	0.0
43030	170	0	5	0.4175	127.2	636.0	0.3333333333333333
43031	268	0	5	0.6625	189.6	948.0	0.3333333333333333
43032	345	0	5	0.855	182.2	911.0	0.6666666666666666
43033	289	0	5	0.715	244.8	1224.0	0.3333333333333333
43034	202	0	5	0.4975	149.8	749.0	0.6666666666666666
43035	344	1	4	0.8575	220.8	1104.0	1.0
43036	319	0	5	0.79	213.6	1068.0	0.6666666666666666
43037	358	0	5	0.8875	254.4	1272.0	0.0
43038	248	0	5	0.6125	157.2	786.0	0.3333333333333333
43039	57	0	5	0.135	19.8	99.0	0.3333333333333333
43040	301	0	5	0.745	156.2	781.0	0.0
43041	234	0	5	0.5775	153.0	765.0	0.6666666666666666
43042	23	0	5	0.05	15.8	79.0	0.3333333333333333
43043	279	0	5	0.69	79.8	399.0	0.3333333333333333
43044	203	0	5	0.5	106.8	534.0	0.3333333333333333
43045	23	0	5	0.05	14.6	73.0	0.3333333333333333
43046	301	0	5	0.745	221.0	1105.0	0.3333333333333333
43047	195	0	5	0.48	193.0	965.0	0.3333333333333333
43048	195	0	5	0.48	85.6	428.0	0.0
43049	361	1	4	0.9	149.6	748.0	1.0
43050	182	0	5	0.4475	130.0	650.0	0.3333333333333333
43051	272	0	5	0.6725	148.0	740.0	0.6666666666666666
43052	324	1	4	0.8075	151.6	758.0	1.0
43053	73	0	5	0.175	38.2	191.0	0.3333333333333333
43054	156	0	5	0.3825	100.8	504.0	0.0
43055	103	0	5	0.25	101.0	505.0	0.0
43056	198	0	5	0.4875	113.2	566.0	0.3333333333333333
43057	149	0	5	0.365	147.0	735.0	0.0
43058	161	0	5	0.395	70.0	350.0	0.6666666666666666
43059	49	0	5	0.115	41.6	208.0	0.3333333333333333
43060	141	0	5	0.345	58.2	291.0	0.3333333333333333
43061	255	0	5	0.63	195.6	978.0	0.3333333333333333
43062	294	0	5	0.7275	241.8	1209.0	0.0
43063	185	0	5	0.455	144.0	720.0	0.0
43064	78	0	5	0.1875	72.4	362.0	0.0
43065	304	0	5	0.7525	152.4	762.0	0.3333333333333333
43066	229	0	5	0.565	138.6	693.0	0.3333333333333333
43067	283	0	5	0.7	207.2	1036.0	0.6666666666666666
43068	326	0	5	0.8075	275.4	1377.0	0.6666666666666666
43069	109	0	5	0.265	83.0	415.0	0.3333333333333333
43070	157	0	5	0.385	75.8	379.0	0.3333333333333333
43071	311	0	5	0.77	157.4	787.0	0.3333333333333333
43072	386	0	5	0.9575	162.8	814.0	0.6666666666666666
43073	114	0	5	0.2775	102.4	512.0	0.0
43074	206	0	5	0.5075	148.0	740.0	0.0
43075	148	0	5	0.3625	89.8	449.0	0.0
43076	160	0	5	0.3925	103.2	516.0	0.3333333333333333
43077	214	0	5	0.5275	128.4	642.0	0.3333333333333333
43078	53	0	5	0.125	11.8	59.0	0.3333333333333333
43079	218	0	5	0.5375	153.2	766.0	0.0
43080	306	0	5	0.7575	127.2	636.0	0.3333333333333333
43081	84	0	5	0.2025	47.6	238.0	0.3333333333333333
43082	56	0	5	0.1325	54.0	270.0	0.0
43083	185	0	5	0.455	99.0	495.0	0.3333333333333333
43084	311	0	5	0.77	163.8	819.0	0.6666666666666666
43085	301	0	5	0.745	183.4	917.0	0.3333333333333333
43086	153	0	5	0.375	85.6	428.0	0.0
43087	115	0	5	0.28	93.6	468.0	0.3333333333333333
43088	261	1	4	0.65	242.4	1212.0	1.0
43089	243	0	5	0.6	177.6	888.0	0.6666666666666666
43090	143	0	5	0.35	141.0	705.0	0.0
43091	72	0	5	0.1725	48.8	244.0	0.3333333333333333
43092	120	1	4	0.2975	27.2	136.0	1.0
43093	359	0	5	0.89	160.2	801.0	0.3333333333333333
43094	95	0	5	0.23	74.8	374.0	0.3333333333333333
43095	193	0	5	0.475	135.8	679.0	0.6666666666666666
43096	97	0	5	0.235	72.6	363.0	0.0
43097	156	0	5	0.3825	104.4	522.0	0.3333333333333333
43098	176	0	5	0.4325	165.0	825.0	0.6666666666666666
43099	231	0	5	0.57	229.0	1145.0	0.3333333333333333
43100	169	0	5	0.415	85.4	427.0	0.3333333333333333
43101	239	0	5	0.59	184.2	921.0	0.0
43102	106	0	5	0.2575	104.0	520.0	0.0
43103	334	0	5	0.8275	277.4	1387.0	0.3333333333333333
43104	90	0	5	0.2175	59.8	299.0	0.0
43105	99	0	5	0.24	44.2	221.0	0.0
43106	219	0	5	0.54	75.2	376.0	0.3333333333333333
43107	347	0	5	0.86	237.8	1189.0	0.6666666666666666
43108	129	0	5	0.315	94.2	471.0	0.3333333333333333
43109	11	0	5	0.02	8.6	43.0	0.0
43110	164	0	5	0.4025	130.0	650.0	0.0
43111	200	0	5	0.4925	134.4	672.0	0.6666666666666666
43112	300	1	4	0.7475	156.4	782.0	1.0
43113	381	0	5	0.945	209.8	1049.0	0.6666666666666666
43114	228	0	5	0.5625	222.4	1112.0	0.0
43115	224	0	5	0.5525	135.6	678.0	0.3333333333333333
43116	40	0	5	0.0925	38.0	190.0	0.0
43117	313	0	5	0.775	152.8	764.0	0.3333333333333333
43118	309	0	5	0.765	137.2	686.0	0.6666666666666666
43119	269	0	5	0.665	108.0	540.0	0.0
43120	242	0	5	0.5975	146.0	730.0	0.6666666666666666
43121	355	0	5	0.88	143.2	716.0	0.6666666666666666
43122	259	0	5	0.64	217.8	1089.0	0.3333333333333333
43123	221	0	5	0.545	127.4	637.0	0.3333333333333333
43124	266	0	5	0.6575	152.2	761.0	0.3333333333333333
43125	292	0	5	0.7225	219.8	1099.0	0.3333333333333333
43126	298	0	5	0.7375	209.2	1046.0	0.3333333333333333
43127	82	0	5	0.1975	50.8	254.0	0.0
43128	301	0	5	0.745	206.0	1030.0	0.6666666666666666
43129	383	0	5	0.95	155.0	775.0	0.6666666666666666
43130	349	1	4	0.87	241.0	1205.0	1.0
43131	285	0	5	0.705	222.8	1114.0	0.3333333333333333
43132	130	0	5	0.3175	44.8	224.0	0.6666666666666666
43133	367	0	5	0.91	363.2	1816.0	0.0
43134	187	0	5	0.46	113.0	565.0	0.3333333333333333
43135	87	0	5	0.21	84.4	422.0	0.3333333333333333
43136	186	1	3	0.4625	147.0	735.0	1.0
43137	66	0	5	0.1575	44.0	220.0	0.0
43138	283	0	5	0.7	116.0	580.0	0.3333333333333333
43139	193	0	5	0.475	180.2	901.0	0.0
43140	401	0	4	0.9975	162.8	814.0	0.6666666666666666
43141	287	0	5	0.71	130.4	652.0	0.6666666666666666
43142	70	0	5	0.1675	68.0	340.0	0.0
43143	38	0	5	0.0875	36.0	180.0	0.0
43144	324	0	5	0.8025	205.8	1029.0	0.3333333333333333
43145	262	0	5	0.6475	160.0	800.0	0.3333333333333333
43146	131	0	5	0.32	99.4	497.0	0.3333333333333333
43147	261	0	5	0.645	143.2	716.0	0.6666666666666666
43148	218	0	5	0.5375	172.6	863.0	0.0
43149	161	0	5	0.395	36.6	183.0	0.3333333333333333
43150	15	0	5	0.03	13.0	65.0	0.0
43151	76	0	5	0.1825	74.0	370.0	0.0
43152	376	0	5	0.9325	274.2	1371.0	0.3333333333333333
43153	38	0	5	0.0875	18.0	90.0	0.6666666666666666
43154	247	0	5	0.61	142.6	713.0	0.6666666666666666
43155	36	0	5	0.0825	34.0	170.0	0.0
43156	33	0	5	0.075	22.6	113.0	0.0
43157	63	0	5	0.15	39.4	197.0	0.0
43158	96	0	5	0.2325	83.2	416.0	0.3333333333333333
43159	57	0	5	0.135	48.4	242.0	0.3333333333333333
43160	159	0	5	0.39	65.8	329.0	0.3333333333333333
43161	105	0	5	0.255	103.0	515.0	0.0
43162	211	0	5	0.52	102.2	511.0	0.0
43163	315	0	5	0.78	272.8	1364.0	0.3333333333333333
43164	219	0	5	0.54	189.4	947.0	0.3333333333333333
43165	34	0	5	0.0775	20.0	100.0	0.3333333333333333
43166	300	1	4	0.7475	133.4	667.0	1.0
43167	116	0	5	0.2825	77.6	388.0	0.0
43168	259	0	5	0.64	165.8	829.0	0.3333333333333333
43169	23	0	5	0.05	21.0	105.0	0.0
43170	251	1	4	0.625	136.6	683.0	1.0
43171	238	0	5	0.5875	124.8	624.0	0.3333333333333333
43172	163	0	5	0.4	98.2	491.0	0.3333333333333333
43173	222	0	5	0.5475	205.6	1028.0	0.3333333333333333
43174	135	0	5	0.33	107.2	536.0	0.0
43175	395	0	5	0.98	274.2	1371.0	0.6666666666666666
43176	390	0	5	0.9675	228.0	1140.0	0.6666666666666666
43177	180	0	5	0.4425	80.0	400.0	0.3333333333333333
43178	183	1	4	0.455	167.0	835.0	1.0
43179	200	0	5	0.4925	118.2	591.0	0.3333333333333333
43180	17	0	5	0.035	15.0	75.0	0.0
43181	34	0	5	0.0775	32.0	160.0	0.0
43182	187	0	5	0.46	72.2	361.0	0.6666666666666666
43183	240	0	5	0.5925	237.2	1186.0	0.3333333333333333
43184	187	0	5	0.46	176.2	881.0	0.0
43185	360	0	5	0.8925	162.8	814.0	0.6666666666666666
43186	108	1	4	0.2675	40.0	200.0	1.0
43187	51	0	5	0.12	49.0	245.0	0.0
43188	177	0	5	0.435	135.4	677.0	0.6666666666666666
43189	98	0	5	0.2375	96.0	480.0	0.0
43190	91	0	5	0.22	89.0	445.0	0.0
43191	119	0	5	0.29	98.6	493.0	0.3333333333333333
43192	105	0	5	0.255	94.0	470.0	0.0
43193	377	0	5	0.935	270.2	1351.0	0.6666666666666666
43194	265	0	5	0.655	219.2	1096.0	0.3333333333333333
43195	111	0	5	0.27	64.6	323.0	0.6666666666666666
43196	43	0	5	0.1	16.2	81.0	0.3333333333333333
43197	335	0	5	0.83	271.8	1359.0	0.3333333333333333
43198	238	0	5	0.5875	137.8	689.0	0.3333333333333333
43199	26	0	5	0.0575	20.0	100.0	0.3333333333333333
43200	324	0	5	0.8025	286.4	1432.0	0.6666666666666666
43201	166	0	5	0.4075	54.2	271.0	0.3333333333333333
43202	134	0	5	0.3275	95.2	476.0	0.3333333333333333
43203	320	0	5	0.7925	209.0	1045.0	0.3333333333333333
43204	18	0	5	0.0375	16.0	80.0	0.0
43205	211	0	5	0.52	138.8	694.0	0.3333333333333333
43206	148	0	5	0.3625	63.6	318.0	0.6666666666666666
43207	88	0	5	0.2125	86.0	430.0	0.0
43208	147	0	5	0.36	29.4	147.0	0.3333333333333333
43209	85	0	5	0.205	79.0	395.0	0.0
43210	326	1	4	0.8125	277.2	1386.0	1.0
43211	126	0	5	0.3075	103.4	517.0	0.3333333333333333
43212	297	0	5	0.735	153.2	766.0	0.6666666666666666
43213	340	0	5	0.8425	149.0	745.0	0.6666666666666666
43214	350	0	5	0.8675	217.2	1086.0	0.6666666666666666
43215	249	0	5	0.615	188.6	943.0	0.3333333333333333
43216	233	0	5	0.575	161.8	809.0	0.6666666666666666
43217	189	0	5	0.465	142.6	713.0	0.0
43218	295	0	5	0.73	97.2	486.0	0.6666666666666666
43219	364	0	5	0.9025	284.0	1420.0	0.3333333333333333
43220	162	0	5	0.3975	79.6	398.0	0.3333333333333333
43221	44	0	5	0.1025	22.8	114.0	0.3333333333333333
43222	199	0	5	0.49	181.8	909.0	0.3333333333333333
43223	18	0	5	0.0375	16.0	80.0	0.0
43224	349	1	4	0.87	209.2	1046.0	1.0
43225	368	0	5	0.9125	287.6	1438.0	0.3333333333333333
43226	167	0	5	0.41	165.0	825.0	0.0
43227	184	0	5	0.4525	100.8	504.0	0.6666666666666666
43228	148	0	5	0.3625	115.6	578.0	0.6666666666666666
43229	353	0	5	0.875	298.2	1491.0	0.6666666666666666
43230	16	0	5	0.0325	14.0	70.0	0.0
43231	84	0	5	0.2025	82.0	410.0	0.0
43232	33	0	5	0.075	31.0	155.0	0.0
43233	103	0	5	0.25	36.0	180.0	0.6666666666666666
43234	339	0	5	0.84	155.2	776.0	0.6666666666666666
43235	202	0	5	0.4975	140.8	704.0	0.3333333333333333
43236	190	0	5	0.4675	161.0	805.0	0.0
43237	262	0	5	0.6475	115.2	576.0	0.3333333333333333
43238	346	0	5	0.8575	227.6	1138.0	0.6666666666666666
43239	163	0	5	0.4	101.4	507.0	0.0
43240	143	0	5	0.35	74.6	373.0	0.3333333333333333
43241	355	0	5	0.88	204.2	1021.0	0.6666666666666666
43242	84	0	5	0.2025	55.6	278.0	0.0
43243	214	0	5	0.5275	204.6	1023.0	0.0
43244	268	0	5	0.6625	256.0	1280.0	0.6666666666666666
43245	203	0	5	0.5	84.2	421.0	0.6666666666666666
43246	317	0	5	0.785	252.6	1263.0	0.6666666666666666
43247	191	0	5	0.47	129.4	647.0	0.3333333333333333
43248	200	0	5	0.4925	195.0	975.0	0.0
43249	44	0	5	0.1025	34.2	171.0	0.3333333333333333
43250	178	1	4	0.4425	106.0	530.0	1.0
43251	164	0	5	0.4025	132.8	664.0	0.0
43252	275	1	4	0.685	87.0	435.0	1.0
43253	54	0	5	0.1275	47.4	237.0	0.0
43254	47	0	5	0.11	43.2	216.0	0.0
43255	221	0	5	0.545	122.2	611.0	0.6666666666666666
43256	174	0	5	0.4275	172.0	860.0	0.0
43257	341	0	5	0.845	235.4	1177.0	0.3333333333333333
43258	99	0	5	0.24	97.0	485.0	0.0
43259	286	0	5	0.7075	192.6	963.0	0.6666666666666666
43260	106	0	5	0.2575	60.4	302.0	0.6666666666666666
43261	38	0	5	0.0875	32.4	162.0	0.0
43262	219	0	5	0.54	137.8	689.0	0.3333333333333333
43263	335	0	5	0.83	227.4	1137.0	0.6666666666666666
43264	93	1	4	0.23	74.6	373.0	1.0
43265	196	0	5	0.4825	103.6	518.0	0.3333333333333333
43266	80	1	4	0.1975	50.4	252.0	1.0
43267	322	1	4	0.8025	250.6	1253.0	1.0
43268	300	1	4	0.7475	167.2	836.0	1.0
43269	253	0	5	0.625	126.2	631.0	0.3333333333333333
43270	170	0	5	0.4175	135.6	678.0	0.6666666666666666
43271	185	1	4	0.46	83.6	418.0	1.0
43272	189	0	5	0.465	187.0	935.0	0.0
43273	399	0	5	0.99	230.6	1153.0	0.6666666666666666
43274	110	0	5	0.2675	48.0	240.0	0.3333333333333333
43275	343	0	5	0.85	149.0	745.0	0.6666666666666666
43276	247	0	5	0.61	223.8	1119.0	0.3333333333333333
43277	106	0	5	0.2575	104.0	520.0	0.0
43278	6	0	5	0.0075	4.0	20.0	0.0
43279	111	0	5	0.27	109.0	545.0	0.0
43280	8	0	5	0.0125	6.0	30.0	0.0
43281	178	0	5	0.4375	174.8	874.0	0.3333333333333333
43282	72	0	5	0.1725	51.4	257.0	0.3333333333333333
43283	287	0	5	0.71	173.4	867.0	0.3333333333333333
43284	212	0	5	0.5225	92.4	462.0	0.6666666666666666
43285	304	1	4	0.7575	217.0	1085.0	1.0
43286	343	0	5	0.85	185.4	927.0	0.6666666666666666
43287	336	1	4	0.8375	102.4	512.0	1.0
43288	269	0	5	0.665	171.8	859.0	0.3333333333333333
43289	105	0	5	0.255	88.6	443.0	0.3333333333333333
43290	277	0	5	0.685	120.6	603.0	0.6666666666666666
43291	173	0	5	0.425	125.8	629.0	0.3333333333333333
43292	105	0	5	0.255	65.8	329.0	0.6666666666666666
43293	162	0	5	0.3975	160.0	800.0	0.0
43294	193	0	5	0.475	130.2	651.0	0.3333333333333333
43295	66	0	5	0.1575	64.0	320.0	0.0
43296	277	0	5	0.685	190.0	950.0	0.6666666666666666
43297	33	0	5	0.075	22.2	111.0	0.3333333333333333
43298	51	0	5	0.12	49.0	245.0	0.0
43299	56	0	5	0.1325	35.4	177.0	0.3333333333333333
43300	242	0	5	0.5975	218.4	1092.0	0.6666666666666666
43301	210	0	5	0.5175	91.4	457.0	0.3333333333333333
43302	196	0	5	0.4825	194.0	970.0	0.0
43303	276	0	5	0.6825	167.6	838.0	0.3333333333333333
43304	274	0	5	0.6775	98.6	493.0	0.3333333333333333
43305	135	0	5	0.33	93.8	469.0	0.6666666666666666
43306	113	0	5	0.275	100.0	500.0	0.3333333333333333
43307	187	0	5	0.46	110.0	550.0	0.6666666666666666
43308	180	0	5	0.4425	84.4	422.0	0.3333333333333333
43309	213	0	5	0.525	165.6	828.0	0.6666666666666666
43310	22	0	5	0.0475	20.0	100.0	0.0
43311	278	0	5	0.6875	232.6	1163.0	0.3333333333333333
43312	277	0	5	0.685	66.0	330.0	0.3333333333333333
43313	57	0	5	0.135	55.0	275.0	0.0
43314	199	0	5	0.49	194.2	971.0	0.3333333333333333
43315	316	0	5	0.7825	154.0	770.0	0.6666666666666666
43316	267	0	5	0.66	92.2	461.0	0.3333333333333333
43317	100	0	5	0.2425	54.8	274.0	0.3333333333333333
43318	180	0	5	0.4425	165.0	825.0	0.6666666666666666
43319	331	0	5	0.82	186.6	933.0	0.6666666666666666
43320	131	0	5	0.32	100.2	501.0	0.3333333333333333
43321	312	0	5	0.7725	233.6	1168.0	0.6666666666666666
43322	202	0	5	0.4975	137.4	687.0	0.3333333333333333
43323	185	0	5	0.455	141.4	707.0	0.6666666666666666
43324	208	0	5	0.5125	92.8	464.0	0.6666666666666666
43325	233	0	5	0.575	146.0	730.0	0.0
43326	248	0	5	0.6125	179.6	898.0	0.3333333333333333
43327	57	0	5	0.135	52.6	263.0	0.0
43328	134	0	5	0.3275	121.4	607.0	0.0
43329	309	1	4	0.77	228.8	1144.0	1.0
43330	332	0	5	0.8225	164.0	820.0	0.3333333333333333
43331	280	0	5	0.6925	107.4	537.0	0.3333333333333333
43332	44	0	5	0.1025	31.2	156.0	0.3333333333333333
43333	149	0	5	0.365	49.6	248.0	0.3333333333333333
43334	383	0	5	0.95	168.6	843.0	0.6666666666666666
43335	225	0	5	0.555	88.6	443.0	0.6666666666666666
43336	108	0	5	0.2625	101.8	509.0	0.3333333333333333
43337	331	0	5	0.82	209.4	1047.0	0.6666666666666666
43338	381	0	5	0.945	253.4	1267.0	0.6666666666666666
43339	102	0	5	0.2475	71.2	356.0	0.0
43340	269	0	5	0.665	267.0	1335.0	0.3333333333333333
43341	376	0	5	0.9325	128.0	640.0	0.6666666666666666
43342	163	0	5	0.4	46.6	233.0	0.3333333333333333
43343	262	1	4	0.6525	115.2	576.0	1.0
43344	273	0	5	0.675	175.8	879.0	0.6666666666666666
43345	177	0	5	0.435	134.2	671.0	0.0
43346	64	0	5	0.1525	62.0	310.0	0.0
43347	78	1	4	0.1925	33.6	168.0	1.0
43348	297	0	5	0.735	175.6	878.0	0.6666666666666666
43349	400	0	5	0.9925	193.4	967.0	0.6666666666666666
43350	284	0	5	0.7025	121.6	608.0	0.3333333333333333
43351	373	0	5	0.925	122.0	610.0	0.6666666666666666
43352	395	0	5	0.98	368.8	1844.0	0.6666666666666666
43353	235	0	5	0.58	103.2	516.0	0.6666666666666666
43354	98	0	5	0.2375	60.6	303.0	0.0
43355	257	1	4	0.64	196.2	981.0	1.0
43356	374	0	5	0.9275	178.8	894.0	0.6666666666666666
43357	214	0	5	0.5275	52.8	264.0	0.3333333333333333
43358	320	0	5	0.7925	161.4	807.0	0.6666666666666666
43359	237	0	5	0.585	209.0	1045.0	0.3333333333333333
43360	121	0	5	0.295	95.0	475.0	0.0
43361	212	0	5	0.5225	88.4	442.0	0.3333333333333333
43362	36	0	5	0.0825	31.6	158.0	0.3333333333333333
43363	138	0	5	0.3375	112.4	562.0	0.3333333333333333
43364	389	1	4	0.97	143.4	717.0	1.0
43365	246	0	5	0.6075	124.6	623.0	0.6666666666666666
43366	268	0	5	0.6625	81.6	408.0	0.6666666666666666
43367	145	0	5	0.355	90.6	453.0	0.0
43368	212	0	5	0.5225	183.6	918.0	0.0
43369	240	0	5	0.5925	145.2	726.0	0.3333333333333333
43370	323	0	5	0.8	241.0	1205.0	0.3333333333333333
43371	233	0	5	0.575	177.4	887.0	0.6666666666666666
43372	111	0	5	0.27	83.8	419.0	0.3333333333333333
43373	207	0	5	0.51	140.6	703.0	0.6666666666666666
43374	154	0	5	0.3775	147.0	735.0	0.0
43375	353	0	5	0.875	201.4	1007.0	0.6666666666666666
43376	326	0	5	0.8075	156.2	781.0	0.3333333333333333
43377	399	0	5	0.99	201.0	1005.0	0.6666666666666666
43378	112	0	5	0.2725	101.2	506.0	0.0
43379	218	0	5	0.5375	216.0	1080.0	0.0
43380	37	0	5	0.085	35.0	175.0	0.0
43381	161	0	5	0.395	75.8	379.0	0.3333333333333333
43382	106	0	5	0.2575	56.8	284.0	0.3333333333333333
43383	240	0	5	0.5925	102.4	512.0	0.6666666666666666
43384	238	0	5	0.5875	109.6	548.0	0.3333333333333333
43385	339	0	5	0.84	334.0	1670.0	0.3333333333333333
43386	238	1	4	0.5925	58.8	294.0	1.0
43387	141	0	5	0.345	85.8	429.0	0.0
43388	315	0	5	0.78	215.0	1075.0	0.6666666666666666
43389	277	1	4	0.69	99.0	495.0	1.0
43390	61	0	5	0.145	59.0	295.0	0.0
43391	344	0	5	0.8525	210.2	1051.0	0.6666666666666666
43392	370	1	4	0.9225	138.8	694.0	1.0
43393	214	0	5	0.5275	183.2	916.0	0.0
43394	331	0	5	0.82	168.2	841.0	0.6666666666666666
43395	285	0	5	0.705	173.0	865.0	0.3333333333333333
43396	222	0	5	0.5475	114.4	572.0	0.6666666666666666
43397	260	0	5	0.6425	160.2	801.0	0.6666666666666666
43398	70	0	5	0.1675	68.0	340.0	0.0
43399	134	0	5	0.3275	113.2	566.0	0.0
43400	205	0	5	0.505	145.6	728.0	0.6666666666666666
43401	261	0	5	0.645	223.8	1119.0	0.3333333333333333
43402	385	0	5	0.955	251.0	1255.0	0.6666666666666666
43403	143	0	5	0.35	61.8	309.0	0.3333333333333333
43404	344	0	5	0.8525	217.6	1088.0	0.3333333333333333
43405	93	0	5	0.225	83.0	415.0	0.3333333333333333
43406	125	0	5	0.305	55.2	276.0	0.0
43407	330	0	5	0.8175	117.6	588.0	0.3333333333333333
43408	179	0	5	0.44	177.0	885.0	0.0
43409	157	0	5	0.385	99.0	495.0	0.6666666666666666
43410	46	0	5	0.1075	40.8	204.0	0.3333333333333333
43411	45	0	5	0.105	43.0	215.0	0.0
43412	88	0	5	0.2125	82.0	410.0	0.3333333333333333
43413	347	0	5	0.86	163.0	815.0	0.6666666666666666
43414	63	0	5	0.15	61.0	305.0	0.0
43415	185	0	5	0.455	152.6	763.0	0.3333333333333333
43416	43	0	5	0.1	38.2	191.0	0.0
43417	221	0	5	0.545	104.6	523.0	0.6666666666666666
43418	294	0	5	0.7275	143.8	719.0	0.6666666666666666
43419	115	0	5	0.28	113.0	565.0	0.0
43420	326	0	5	0.8075	158.8	794.0	0.6666666666666666
43421	64	0	5	0.1525	56.0	280.0	0.3333333333333333
43422	306	0	5	0.7575	161.6	808.0	0.3333333333333333
43423	163	0	5	0.4	90.2	451.0	0.3333333333333333
43424	273	1	4	0.68	211.4	1057.0	1.0
43425	203	0	5	0.5	77.0	385.0	0.3333333333333333
43426	168	0	5	0.4125	85.8	429.0	0.3333333333333333
43427	171	0	5	0.42	163.4	817.0	0.0
43428	143	0	5	0.35	105.0	525.0	0.3333333333333333
43429	236	0	5	0.5825	116.2	581.0	0.6666666666666666
43430	182	0	5	0.4475	120.6	603.0	0.0
43431	297	0	5	0.735	124.6	623.0	0.3333333333333333
43432	27	0	5	0.06	25.0	125.0	0.0
43433	178	0	5	0.4375	135.2	676.0	0.3333333333333333
43434	383	0	5	0.95	318.8	1594.0	0.6666666666666666
43435	320	0	5	0.7925	143.2	716.0	0.6666666666666666
43436	62	0	5	0.1475	56.8	284.0	0.0
43437	214	0	5	0.5275	120.6	603.0	0.3333333333333333
43438	8	0	5	0.0125	6.0	30.0	0.0
43439	67	0	5	0.16	65.0	325.0	0.0
43440	280	0	5	0.6925	181.4	907.0	0.3333333333333333
43441	375	0	5	0.93	300.4	1502.0	0.6666666666666666
43442	269	0	5	0.665	183.0	915.0	0.0
43443	319	1	4	0.795	168.6	843.0	1.0
43444	75	0	5	0.18	73.0	365.0	0.0
43445	113	0	5	0.275	91.8	459.0	0.0
43446	242	0	5	0.5975	193.6	968.0	0.3333333333333333
43447	205	0	5	0.505	178.4	892.0	0.0
43448	156	0	5	0.3825	152.4	762.0	0.0
43449	262	0	5	0.6475	247.2	1236.0	0.6666666666666666
43450	228	0	5	0.5625	189.8	949.0	0.3333333333333333
43451	146	0	5	0.3575	70.4	352.0	0.0
43452	322	0	5	0.7975	172.6	863.0	0.3333333333333333
43453	193	0	5	0.475	115.4	577.0	0.6666666666666666
43454	359	0	5	0.89	146.4	732.0	0.6666666666666666
43455	140	0	5	0.3425	112.8	564.0	0.6666666666666666
43456	5	0	5	0.005	3.0	15.0	0.0
43457	345	1	4	0.86	212.8	1064.0	1.0
43458	273	0	5	0.675	92.2	461.0	0.6666666666666666
43459	327	1	4	0.815	243.8	1219.0	1.0
43460	242	1	4	0.6025	152.0	760.0	1.0
43461	141	0	5	0.345	122.0	610.0	0.0
43462	156	0	5	0.3825	138.8	694.0	0.0
43463	201	0	5	0.495	150.8	754.0	0.6666666666666666
43464	386	0	5	0.9575	164.2	821.0	0.6666666666666666
43465	281	0	5	0.695	138.4	692.0	0.6666666666666666
43466	181	0	5	0.445	119.2	596.0	0.3333333333333333
43467	383	0	5	0.95	129.0	645.0	0.6666666666666666
43468	269	0	5	0.665	103.8	519.0	0.6666666666666666
43469	268	0	5	0.6625	240.6	1203.0	0.3333333333333333
43470	364	0	5	0.9025	309.4	1547.0	0.6666666666666666
43471	187	0	5	0.46	121.0	605.0	0.6666666666666666
43472	174	0	5	0.4275	130.4	652.0	0.6666666666666666
43473	29	0	5	0.065	27.0	135.0	0.0
43474	224	0	5	0.5525	146.8	734.0	0.3333333333333333
43475	217	0	5	0.535	141.8	709.0	0.3333333333333333
43476	265	1	4	0.66	167.4	837.0	1.0
43477	80	0	5	0.1925	78.0	390.0	0.0
43478	222	0	5	0.5475	192.0	960.0	0.3333333333333333
43479	326	0	5	0.8075	120.8	604.0	0.6666666666666666
43480	180	0	5	0.4425	87.0	435.0	0.6666666666666666
43481	9	0	5	0.015	7.0	35.0	0.0
43482	195	0	5	0.48	185.8	929.0	0.3333333333333333
43483	124	0	5	0.3025	114.8	574.0	0.3333333333333333
43484	75	0	5	0.18	65.8	329.0	0.0
43485	279	0	5	0.69	115.8	579.0	0.6666666666666666
43486	237	1	4	0.59	139.4	697.0	1.0
43487	236	1	4	0.5875	156.2	781.0	1.0
43488	331	0	5	0.82	210.0	1050.0	0.6666666666666666
43489	136	0	5	0.3325	117.6	588.0	0.3333333333333333
43490	299	0	5	0.74	225.0	1125.0	0.0
43491	256	0	5	0.6325	223.4	1117.0	0.3333333333333333
43492	375	0	5	0.93	113.0	565.0	0.6666666666666666
43493	287	1	4	0.715	141.4	707.0	1.0
43494	289	1	4	0.72	150.2	751.0	1.0
43495	330	0	5	0.8175	218.0	1090.0	0.6666666666666666
43496	325	0	5	0.805	159.4	797.0	0.6666666666666666
43497	258	0	5	0.6375	131.4	657.0	0.3333333333333333
43498	308	0	5	0.7625	257.6	1288.0	0.3333333333333333
43499	317	0	5	0.785	254.0	1270.0	0.6666666666666666
43500	127	0	5	0.31	109.6	548.0	0.3333333333333333
43501	383	0	5	0.95	114.2	571.0	0.6666666666666666
43502	254	0	5	0.6275	155.0	775.0	0.6666666666666666
43503	83	0	5	0.2	81.0	405.0	0.0
43504	235	0	5	0.58	193.2	966.0	0.6666666666666666
43505	300	0	5	0.7425	197.2	986.0	0.6666666666666666
43506	357	1	4	0.89	222.4	1112.0	1.0
43507	3	0	5	0.0025	0.2	1.0	0.3333333333333333
43508	169	0	5	0.415	117.4	587.0	0.6666666666666666
43509	289	0	5	0.715	119.6	598.0	0.3333333333333333
43510	12	0	5	0.0225	10.0	50.0	0.0
43511	198	0	5	0.4875	129.0	645.0	0.6666666666666666
43512	286	0	5	0.7075	172.2	861.0	0.3333333333333333
43513	49	0	5	0.115	47.0	235.0	0.0
43514	295	0	5	0.73	137.4	687.0	0.6666666666666666
43515	384	1	4	0.9575	248.2	1241.0	1.0
43516	323	1	4	0.805	216.6	1083.0	1.0
43517	341	0	5	0.845	150.2	751.0	0.6666666666666666
43518	151	0	5	0.37	137.8	689.0	0.3333333333333333
43519	374	1	4	0.9325	258.6	1293.0	1.0
43520	246	0	5	0.6075	222.0	1110.0	0.0
43521	73	0	5	0.175	71.0	355.0	0.0
43522	269	0	5	0.665	182.4	912.0	0.6666666666666666
43523	98	0	5	0.2375	87.2	436.0	0.3333333333333333
43524	93	0	5	0.225	66.2	331.0	0.0
43525	186	0	5	0.4575	145.6	728.0	0.3333333333333333
43526	73	0	5	0.175	71.0	355.0	0.0
43527	266	0	5	0.6575	151.0	755.0	0.3333333333333333
43528	394	0	5	0.9775	292.0	1460.0	0.6666666666666666
43529	101	0	5	0.245	46.8	234.0	0.0
43530	282	0	5	0.6975	203.2	1016.0	0.3333333333333333
43531	271	0	5	0.67	168.6	843.0	0.6666666666666666
43532	334	1	4	0.8325	138.8	694.0	1.0
43533	290	0	5	0.7175	178.2	891.0	0.6666666666666666
43534	390	0	5	0.9675	166.0	830.0	0.6666666666666666
43535	266	1	4	0.6625	178.4	892.0	1.0
43536	310	0	5	0.7675	156.4	782.0	0.3333333333333333
43537	16	0	5	0.0325	14.0	70.0	0.0
43538	324	0	5	0.8025	158.6	793.0	0.6666666666666666
43539	323	0	5	0.8	176.8	884.0	0.3333333333333333
43540	398	0	5	0.9875	318.0	1590.0	0.6666666666666666
43541	302	0	5	0.7475	185.2	926.0	0.6666666666666666
43542	292	0	5	0.7225	187.8	939.0	0.6666666666666666
43543	34	0	5	0.0775	8.0	40.0	0.3333333333333333
43544	42	0	5	0.0975	32.6	163.0	0.3333333333333333
43545	72	0	5	0.1725	61.0	305.0	0.0
43546	352	0	5	0.8725	82.8	414.0	0.3333333333333333
43547	285	0	5	0.705	157.2	786.0	0.6666666666666666
43548	320	1	4	0.7975	187.6	938.0	1.0
43549	171	0	5	0.42	128.2	641.0	0.3333333333333333
43550	285	0	5	0.705	121.8	609.0	0.6666666666666666
43551	115	0	5	0.28	56.6	283.0	0.6666666666666666
43552	105	0	5	0.255	80.2	401.0	0.0
43553	382	1	4	0.9525	203.8	1019.0	1.0
43554	242	1	4	0.6025	90.0	450.0	1.0
43555	18	0	5	0.0375	16.0	80.0	0.0
43556	172	0	5	0.4225	92.0	460.0	0.3333333333333333
43557	334	0	5	0.8275	214.2	1071.0	0.6666666666666666
43558	231	0	5	0.57	201.4	1007.0	0.3333333333333333
43559	301	1	4	0.75	134.6	673.0	1.0
43560	120	0	5	0.2925	76.6	383.0	0.3333333333333333
43561	146	0	5	0.3575	116.4	582.0	0.3333333333333333
43562	249	0	5	0.615	213.4	1067.0	0.3333333333333333
43563	273	0	5	0.675	189.4	947.0	0.6666666666666666
43564	215	0	5	0.53	176.0	880.0	0.3333333333333333
43565	158	0	5	0.3875	156.0	780.0	0.0
43566	95	0	5	0.23	88.6	443.0	0.3333333333333333
43567	307	0	5	0.76	293.8	1469.0	0.3333333333333333
43568	242	0	5	0.5975	227.4	1137.0	0.3333333333333333
43569	75	0	5	0.18	53.2	266.0	0.3333333333333333
43570	347	0	5	0.86	186.6	933.0	0.6666666666666666
43571	198	0	5	0.4875	179.4	897.0	0.3333333333333333
43572	363	1	4	0.905	152.6	763.0	1.0
43573	249	0	5	0.615	149.0	745.0	0.3333333333333333
43574	214	0	5	0.5275	131.6	658.0	0.3333333333333333
43575	356	0	5	0.8825	186.2	931.0	0.6666666666666666
43576	49	0	5	0.115	30.2	151.0	0.0
43577	271	0	5	0.67	77.6	388.0	0.6666666666666666
43578	293	0	5	0.725	229.0	1145.0	0.6666666666666666
43579	115	0	5	0.28	107.6	538.0	0.0
43580	236	0	5	0.5825	100.2	501.0	0.6666666666666666
43581	322	1	4	0.8025	226.0	1130.0	1.0
43582	231	0	5	0.57	118.6	593.0	0.6666666666666666
43583	366	0	5	0.9075	181.2	906.0	0.6666666666666666
43584	371	0	5	0.92	297.6	1488.0	0.6666666666666666
43585	123	0	5	0.3	98.6	493.0	0.0
43586	343	0	5	0.85	149.2	746.0	0.6666666666666666
43587	286	1	4	0.7125	244.4	1222.0	1.0
43588	152	0	5	0.3725	118.8	594.0	0.3333333333333333
43589	309	0	5	0.765	173.4	867.0	0.6666666666666666
43590	136	0	5	0.3325	83.6	418.0	0.3333333333333333
43591	208	0	5	0.5125	167.0	835.0	0.0
43592	174	0	5	0.4275	136.2	681.0	0.3333333333333333
43593	76	0	5	0.1825	22.8	114.0	0.0
43594	206	0	5	0.5075	132.4	662.0	0.3333333333333333
43595	292	0	5	0.7225	175.8	879.0	0.3333333333333333
43596	184	0	5	0.4525	124.2	621.0	0.3333333333333333
43597	10	0	5	0.0175	8.0	40.0	0.0
43598	223	0	5	0.55	170.2	851.0	0.3333333333333333
43599	327	1	4	0.815	76.4	382.0	1.0
43600	322	1	4	0.8025	186.0	930.0	1.0
43601	84	0	5	0.2025	67.2	336.0	0.0
43602	387	1	4	0.965	286.6	1433.0	1.0
43603	274	0	5	0.6775	161.0	805.0	0.3333333333333333
43604	6	0	5	0.0075	4.0	20.0	0.0
43605	106	0	5	0.2575	50.6	253.0	0.0
43606	240	0	5	0.5925	106.6	533.0	0.3333333333333333
43607	51	0	5	0.12	40.2	201.0	0.3333333333333333
43608	64	0	5	0.1525	30.2	151.0	0.3333333333333333
43609	177	0	5	0.435	93.4	467.0	0.3333333333333333
43610	363	1	4	0.905	115.8	579.0	1.0
43611	174	0	5	0.4275	58.4	292.0	0.0
43612	242	0	5	0.5975	226.4	1132.0	0.3333333333333333
43613	200	0	5	0.4925	118.6	593.0	0.3333333333333333
43614	64	0	5	0.1525	25.2	126.0	0.6666666666666666
43615	211	0	5	0.52	144.6	723.0	0.6666666666666666
43616	372	1	4	0.9275	225.6	1128.0	1.0
43617	344	0	5	0.8525	214.8	1074.0	0.3333333333333333
43618	263	1	4	0.655	57.4	287.0	1.0
43619	292	0	5	0.7225	234.4	1172.0	0.3333333333333333
43620	67	0	5	0.16	65.0	325.0	0.0
43621	225	0	5	0.555	107.6	538.0	0.3333333333333333
43622	370	0	5	0.9175	167.8	839.0	0.6666666666666666
43623	203	0	5	0.5	133.8	669.0	0.6666666666666666
43624	392	0	5	0.9725	228.4	1142.0	0.6666666666666666
43625	17	0	5	0.035	15.0	75.0	0.0
43626	112	0	5	0.2725	61.4	307.0	0.3333333333333333
43627	140	0	5	0.3425	121.8	609.0	0.3333333333333333
43628	193	0	5	0.475	168.2	841.0	0.3333333333333333
43629	361	1	3	0.9	267.4	1337.0	1.0
43630	46	0	5	0.1075	35.2	176.0	0.3333333333333333
43631	321	0	5	0.795	203.0	1015.0	0.6666666666666666
43632	351	0	5	0.87	263.2	1316.0	0.0
43633	113	0	5	0.275	48.4	242.0	0.3333333333333333
43634	152	0	5	0.3725	89.2	446.0	0.6666666666666666
43635	228	0	5	0.5625	196.8	984.0	0.3333333333333333
43636	301	0	5	0.745	138.4	692.0	0.6666666666666666
43637	220	0	5	0.5425	90.8	454.0	0.6666666666666666
43638	4	0	5	0.0025	2.0	10.0	0.0
43639	322	0	5	0.7975	210.4	1052.0	0.6666666666666666
43640	392	0	5	0.9725	165.0	825.0	0.6666666666666666
43641	156	0	5	0.3825	132.4	662.0	0.3333333333333333
43642	324	0	5	0.8025	162.0	810.0	0.3333333333333333
43643	309	0	5	0.765	204.2	1021.0	0.6666666666666666
43644	381	1	4	0.95	184.6	923.0	1.0
43645	396	0	5	0.9825	262.4	1312.0	0.6666666666666666
43646	356	0	5	0.8825	162.2	811.0	0.6666666666666666
43647	379	0	5	0.94	208.4	1042.0	0.6666666666666666
43648	292	0	5	0.7225	247.0	1235.0	0.6666666666666666
43649	313	0	5	0.775	253.0	1265.0	0.3333333333333333
43650	75	0	5	0.18	31.0	155.0	0.3333333333333333
43651	66	0	5	0.1575	64.0	320.0	0.0
43652	302	0	5	0.7475	300.0	1500.0	0.3333333333333333
43653	257	0	5	0.635	255.0	1275.0	0.0
43654	228	0	5	0.5625	94.0	470.0	0.3333333333333333
43655	353	0	5	0.875	253.4	1267.0	0.6666666666666666
43656	141	0	5	0.345	113.4	567.0	0.0
43657	63	0	5	0.15	61.0	305.0	0.0
43658	192	0	5	0.4725	155.6	778.0	0.3333333333333333
43659	370	0	5	0.9175	308.2	1541.0	0.3333333333333333
43660	158	0	5	0.3875	95.2	476.0	0.3333333333333333
43661	363	0	5	0.9	229.0	1145.0	0.6666666666666666
43662	211	0	5	0.52	149.0	745.0	0.3333333333333333
43663	365	0	5	0.905	250.0	1250.0	0.6666666666666666
43664	18	0	5	0.0375	16.0	80.0	0.0
43665	78	0	5	0.1875	52.0	260.0	0.3333333333333333
43666	42	0	5	0.0975	28.8	144.0	0.0
43667	401	0	4	0.9975	230.6	1153.0	0.6666666666666666
43668	314	0	5	0.7775	255.6	1278.0	0.6666666666666666
43669	377	0	5	0.935	277.8	1389.0	0.3333333333333333
43670	142	0	5	0.3475	81.8	409.0	0.0
43671	51	0	5	0.12	37.4	187.0	0.3333333333333333
43672	132	0	5	0.3225	104.0	520.0	0.6666666666666666
43673	350	0	5	0.8675	235.6	1178.0	0.6666666666666666
43674	125	0	5	0.305	115.8	579.0	0.0
43675	387	1	4	0.965	174.2	871.0	1.0
43676	326	0	5	0.8075	268.6	1343.0	0.3333333333333333
43677	263	0	5	0.65	185.2	926.0	0.6666666666666666
43678	298	0	5	0.7375	209.6	1048.0	0.6666666666666666
43679	10	0	5	0.0175	4.0	20.0	0.3333333333333333
43680	226	0	5	0.5575	198.8	994.0	0.3333333333333333
43681	289	0	5	0.715	153.8	769.0	0.6666666666666666
43682	103	0	5	0.25	98.6	493.0	0.3333333333333333
43683	191	1	4	0.475	106.6	533.0	1.0
43684	255	0	5	0.63	103.4	517.0	0.6666666666666666
43685	112	0	5	0.2725	96.8	484.0	0.0
43686	268	0	5	0.6625	194.0	970.0	0.3333333333333333
43687	225	0	5	0.555	135.2	676.0	0.6666666666666666
43688	128	0	5	0.3125	119.8	599.0	0.3333333333333333
43689	335	1	4	0.835	179.0	895.0	1.0
43690	285	0	5	0.705	126.0	630.0	0.6666666666666666
43691	22	0	5	0.0475	20.0	100.0	0.0
43692	230	0	5	0.5675	150.2	751.0	0.6666666666666666
43693	293	0	5	0.725	168.0	840.0	0.0
43694	131	0	5	0.32	46.6	233.0	0.0
43695	66	1	4	0.1625	59.8	299.0	1.0
43696	190	0	5	0.4675	184.0	920.0	0.3333333333333333
43697	36	0	5	0.0825	34.0	170.0	0.0
43698	289	0	5	0.715	139.6	698.0	0.6666666666666666
43699	43	0	5	0.1	41.0	205.0	0.0
43700	346	1	4	0.8625	161.6	808.0	1.0
43701	176	0	5	0.4325	39.6	198.0	0.3333333333333333
43702	213	1	4	0.53	69.8	349.0	1.0
43703	348	0	5	0.8625	168.0	840.0	0.6666666666666666
43704	316	0	5	0.7825	86.2	431.0	0.6666666666666666
43705	167	0	5	0.41	68.4	342.0	0.0
43706	152	0	5	0.3725	58.6	293.0	0.3333333333333333
43707	301	0	5	0.745	263.4	1317.0	0.6666666666666666
43708	270	0	5	0.6675	97.6	488.0	0.6666666666666666
43709	5	0	5	0.005	3.0	15.0	0.0
43710	281	1	4	0.7	179.4	897.0	1.0
43711	300	0	5	0.7425	291.8	1459.0	0.0
43712	269	0	5	0.665	139.4	697.0	0.3333333333333333
43713	117	0	5	0.285	49.0	245.0	0.3333333333333333
43714	206	0	5	0.5075	152.2	761.0	0.3333333333333333
43715	116	0	5	0.2825	114.0	570.0	0.0
43716	177	0	5	0.435	91.6	458.0	0.6666666666666666
43717	360	0	5	0.8925	174.6	873.0	0.6666666666666666
43718	3	0	5	0.0025	0.4	2.0	0.0
43719	302	0	5	0.7475	204.0	1020.0	0.3333333333333333
43720	356	1	4	0.8875	240.0	1200.0	1.0
43721	229	0	5	0.565	73.4	367.0	0.0
43722	392	0	5	0.9725	220.2	1101.0	0.6666666666666666
43723	143	0	5	0.35	57.0	285.0	0.6666666666666666
43724	389	1	4	0.97	171.0	855.0	1.0
43725	191	0	5	0.47	154.6	773.0	0.3333333333333333
43726	182	0	5	0.4475	167.6	838.0	0.3333333333333333
43727	376	0	5	0.9325	99.6	498.0	0.6666666666666666
43728	186	0	5	0.4575	184.0	920.0	0.3333333333333333
43729	206	0	5	0.5075	129.2	646.0	0.6666666666666666
43730	134	0	5	0.3275	132.0	660.0	0.0
43731	116	0	5	0.2825	114.0	570.0	0.0
43732	330	0	5	0.8175	260.0	1300.0	0.6666666666666666
43733	147	0	5	0.36	46.2	231.0	0.6666666666666666
43734	223	0	5	0.55	191.0	955.0	0.3333333333333333
43735	350	1	4	0.8725	165.8	829.0	1.0
43736	155	0	5	0.38	58.4	292.0	0.3333333333333333
43737	39	0	5	0.09	30.6	153.0	0.3333333333333333
43738	299	0	5	0.74	230.2	1151.0	0.6666666666666666
43739	183	0	5	0.45	181.0	905.0	0.0
43740	234	0	5	0.5775	80.0	400.0	0.0
43741	263	0	5	0.65	118.2	591.0	0.0
43742	170	0	5	0.4175	55.6	278.0	0.6666666666666666
43743	260	0	5	0.6425	194.0	970.0	0.3333333333333333
43744	400	1	4	0.9975	374.4	1872.0	1.0
43745	196	0	5	0.4825	143.2	716.0	0.3333333333333333
43746	113	0	5	0.275	45.4	227.0	0.3333333333333333
43747	42	0	5	0.0975	40.0	200.0	0.0
43748	36	0	5	0.0825	34.0	170.0	0.0
43749	153	0	5	0.375	115.0	575.0	0.6666666666666666
43750	392	0	5	0.9725	265.2	1326.0	0.6666666666666666
43751	265	0	5	0.655	199.2	996.0	0.3333333333333333
43752	216	0	5	0.5325	107.2	536.0	0.3333333333333333
43753	240	0	5	0.5925	175.8	879.0	0.0
43754	145	0	5	0.355	143.0	715.0	0.0
43755	80	0	5	0.1925	54.6	273.0	0.0
43756	217	0	5	0.535	98.4	492.0	0.6666666666666666
43757	55	0	5	0.13	29.8	149.0	0.3333333333333333
43758	275	1	4	0.685	198.8	994.0	1.0
43759	268	0	5	0.6625	149.4	747.0	0.6666666666666666
43760	394	1	4	0.9825	320.2	1601.0	1.0
43761	178	0	5	0.4375	45.4	227.0	0.3333333333333333
43762	84	0	5	0.2025	30.0	150.0	0.0
43763	230	0	5	0.5675	175.2	876.0	0.3333333333333333
43764	302	0	5	0.7475	166.4	832.0	0.6666666666666666
43765	205	0	5	0.505	117.0	585.0	0.6666666666666666
43766	141	1	4	0.35	102.4	512.0	1.0
43767	35	0	5	0.08	33.0	165.0	0.0
43768	258	1	4	0.6425	203.6	1018.0	1.0
43769	387	0	5	0.96	174.0	870.0	0.6666666666666666
43770	246	0	5	0.6075	207.8	1039.0	0.3333333333333333
43771	204	0	5	0.5025	62.6	313.0	0.3333333333333333
43772	125	0	5	0.305	123.0	615.0	0.0
43773	270	0	5	0.6675	189.4	947.0	0.3333333333333333
43774	156	0	5	0.3825	110.4	552.0	0.3333333333333333
43775	225	0	5	0.555	177.6	888.0	0.6666666666666666
43776	98	0	5	0.2375	96.0	480.0	0.0
43777	230	0	5	0.5675	102.8	514.0	0.6666666666666666
43778	144	0	5	0.3525	142.0	710.0	0.0
43779	263	1	4	0.655	56.6	283.0	1.0
43780	310	0	5	0.7675	257.0	1285.0	0.3333333333333333
43781	294	1	4	0.7325	175.6	878.0	1.0
43782	369	0	5	0.915	242.2	1211.0	0.3333333333333333
43783	337	0	5	0.835	144.6	723.0	0.3333333333333333
43784	261	0	5	0.645	145.6	728.0	0.0
43785	56	0	5	0.1325	49.8	249.0	0.0
43786	374	1	4	0.9325	217.2	1086.0	1.0
43787	255	0	5	0.63	174.2	871.0	0.6666666666666666
43788	15	0	5	0.03	10.6	53.0	0.0
43789	15	0	5	0.03	13.0	65.0	0.0
43790	214	0	5	0.5275	115.6	578.0	0.6666666666666666
43791	325	0	5	0.805	214.6	1073.0	0.3333333333333333
43792	386	0	5	0.9575	292.0	1460.0	0.6666666666666666
43793	346	1	4	0.8625	185.6	928.0	1.0
43794	395	0	5	0.98	177.6	888.0	0.6666666666666666
43795	344	1	4	0.8575	183.2	916.0	1.0
43796	199	0	5	0.49	115.8	579.0	0.6666666666666666
43797	255	1	3	0.635	195.8	979.0	1.0
43798	11	0	5	0.02	9.0	45.0	0.0
43799	400	0	5	0.9925	191.2	956.0	0.6666666666666666
43800	39	0	5	0.09	32.6	163.0	0.0
43801	167	0	5	0.41	127.2	636.0	0.3333333333333333
43802	204	0	5	0.5025	145.6	728.0	0.6666666666666666
43803	185	0	5	0.455	183.0	915.0	0.0
43804	211	0	5	0.52	53.8	269.0	0.6666666666666666
43805	90	0	5	0.2175	45.6	228.0	0.3333333333333333
43806	71	0	5	0.17	40.4	202.0	0.3333333333333333
43807	18	0	5	0.0375	16.0	80.0	0.0
43808	58	0	5	0.1375	56.0	280.0	0.0
43809	181	0	5	0.445	111.4	557.0	0.3333333333333333
43810	184	0	5	0.4525	149.8	749.0	0.3333333333333333
43811	101	0	5	0.245	36.6	183.0	0.0
43812	125	0	5	0.305	93.0	465.0	0.3333333333333333
43813	332	0	5	0.8225	147.0	735.0	0.3333333333333333
43814	194	0	5	0.4775	108.6	543.0	0.6666666666666666
43815	145	0	5	0.355	111.8	559.0	0.3333333333333333
43816	369	0	5	0.915	314.0	1570.0	0.3333333333333333
43817	270	0	5	0.6675	154.4	772.0	0.3333333333333333
43818	85	0	5	0.205	31.0	155.0	0.3333333333333333
43819	37	0	5	0.085	15.8	79.0	0.0
43820	151	0	5	0.37	148.2	741.0	0.3333333333333333
43821	127	0	5	0.31	125.0	625.0	0.0
43822	310	0	5	0.7675	204.4	1022.0	0.3333333333333333
43823	204	0	5	0.5025	169.6	848.0	0.6666666666666666
43824	187	0	5	0.46	82.6	413.0	0.3333333333333333
43825	271	0	5	0.67	186.8	934.0	0.6666666666666666
43826	314	0	5	0.7775	225.8	1129.0	0.3333333333333333
43827	181	0	5	0.445	72.2	361.0	0.3333333333333333
43828	93	0	5	0.225	77.0	385.0	0.0
43829	289	0	5	0.715	62.2	311.0	0.6666666666666666
43830	95	0	5	0.23	25.4	127.0	0.3333333333333333
43831	13	0	5	0.025	7.0	35.0	0.0
43832	113	0	5	0.275	111.0	555.0	0.0
43833	120	0	5	0.2925	49.2	246.0	0.6666666666666666
43834	378	0	5	0.9375	185.2	926.0	0.6666666666666666
43835	138	0	5	0.3375	128.0	640.0	0.3333333333333333
43836	360	0	5	0.8925	253.0	1265.0	0.6666666666666666
43837	266	0	5	0.6575	224.0	1120.0	0.6666666666666666
43838	296	0	5	0.7325	116.4	582.0	0.3333333333333333
43839	168	0	5	0.4125	62.8	314.0	0.3333333333333333
43840	139	0	5	0.34	126.2	631.0	0.3333333333333333
43841	9	0	5	0.015	4.0	20.0	0.3333333333333333
43842	157	0	5	0.385	86.8	434.0	0.3333333333333333
43843	372	0	5	0.9225	172.4	862.0	0.3333333333333333
43844	250	0	5	0.6175	80.4	402.0	0.3333333333333333
43845	73	0	5	0.175	52.6	263.0	0.3333333333333333
43846	216	0	5	0.5325	137.6	688.0	0.3333333333333333
43847	398	0	5	0.9875	139.2	696.0	0.6666666666666666
43848	235	0	5	0.58	214.2	1071.0	0.0
43849	206	0	5	0.5075	71.4	357.0	0.3333333333333333
43850	385	1	4	0.96	107.6	538.0	1.0
43851	240	0	5	0.5925	142.8	714.0	0.0
43852	108	0	5	0.2625	88.2	441.0	0.0
43853	272	0	5	0.6725	184.6	923.0	0.6666666666666666
43854	66	0	5	0.1575	64.0	320.0	0.0
43855	226	0	5	0.5575	103.6	518.0	0.6666666666666666
43856	17	0	5	0.035	15.0	75.0	0.0
43857	311	0	5	0.77	177.0	885.0	0.3333333333333333
43858	319	1	4	0.795	64.2	321.0	1.0
43859	228	0	5	0.5625	158.0	790.0	0.3333333333333333
43860	221	0	5	0.545	99.6	498.0	0.6666666666666666
43861	42	0	5	0.0975	25.6	128.0	0.3333333333333333
43862	120	0	5	0.2925	118.0	590.0	0.0
43863	200	0	5	0.4925	121.6	608.0	0.6666666666666666
43864	284	1	4	0.7075	144.0	720.0	1.0
43865	223	0	5	0.55	167.6	838.0	0.6666666666666666
43866	75	0	5	0.18	72.4	362.0	0.0
43867	298	0	5	0.7375	114.6	573.0	0.6666666666666666
43868	166	0	5	0.4075	96.4	482.0	0.0
43869	350	1	4	0.8725	183.8	919.0	1.0
43870	264	0	5	0.6525	202.0	1010.0	0.6666666666666666
43871	85	0	5	0.205	64.6	323.0	0.3333333333333333
43872	342	1	4	0.8525	201.6	1008.0	1.0
43873	371	0	5	0.92	274.6	1373.0	0.3333333333333333
43874	232	0	5	0.5725	101.6	508.0	0.3333333333333333
43875	70	0	5	0.1675	59.0	295.0	0.0
43876	196	0	5	0.4825	191.2	956.0	0.3333333333333333
43877	162	0	5	0.3975	83.0	415.0	0.3333333333333333
43878	351	0	5	0.87	91.8	459.0	0.6666666666666666
43879	97	0	5	0.235	61.8	309.0	0.0
43880	97	0	5	0.235	86.6	433.0	0.3333333333333333
43881	231	0	5	0.57	108.2	541.0	0.6666666666666666
43882	337	0	5	0.835	124.6	623.0	0.6666666666666666
43883	117	0	5	0.285	115.0	575.0	0.0
43884	296	0	5	0.7325	136.2	681.0	0.6666666666666666
43885	108	0	5	0.2625	81.6	408.0	0.6666666666666666
43886	320	0	5	0.7925	218.0	1090.0	0.3333333333333333
43887	119	0	5	0.29	69.4	347.0	0.3333333333333333
43888	133	0	5	0.325	131.0	655.0	0.0
43889	321	0	5	0.795	204.6	1023.0	0.6666666666666666
43890	29	0	5	0.065	27.0	135.0	0.0
43891	200	1	4	0.4975	62.2	311.0	1.0
43892	112	0	5	0.2725	53.4	267.0	0.6666666666666666
43893	157	0	5	0.385	47.0	235.0	0.6666666666666666
43894	371	0	5	0.92	103.6	518.0	0.6666666666666666
43895	152	0	5	0.3725	144.8	724.0	0.0
43896	324	1	4	0.8075	172.2	861.0	1.0
43897	206	0	5	0.5075	182.4	912.0	0.3333333333333333
43898	332	0	5	0.8225	211.6	1058.0	0.6666666666666666
43899	310	0	5	0.7675	113.4	567.0	0.6666666666666666
43900	296	0	5	0.7325	229.8	1149.0	0.3333333333333333
43901	382	0	5	0.9475	275.8	1379.0	0.6666666666666666
43902	252	0	5	0.6225	185.2	926.0	0.3333333333333333
43903	44	0	5	0.1025	42.0	210.0	0.0
43904	323	0	5	0.8	236.2	1181.0	0.3333333333333333
43905	88	0	5	0.2125	86.0	430.0	0.0
43906	380	0	5	0.9425	193.6	968.0	0.6666666666666666
43907	253	0	5	0.625	177.8	889.0	0.3333333333333333
43908	24	0	5	0.0525	13.2	66.0	0.3333333333333333
43909	95	0	5	0.23	70.0	350.0	0.3333333333333333
43910	260	0	5	0.6425	222.2	1111.0	0.3333333333333333
43911	377	0	5	0.935	273.8	1369.0	0.6666666666666666
43912	307	0	5	0.76	122.0	610.0	0.6666666666666666
43913	254	1	3	0.6325	136.0	680.0	1.0
43914	356	0	5	0.8825	244.0	1220.0	0.3333333333333333
43915	236	0	5	0.5825	146.8	734.0	0.6666666666666666
43916	346	0	5	0.8575	273.4	1367.0	0.3333333333333333
43917	26	0	5	0.0575	24.0	120.0	0.0
43918	100	0	5	0.2425	87.6	438.0	0.3333333333333333
43919	327	1	4	0.815	71.0	355.0	1.0
43920	285	0	5	0.705	228.0	1140.0	0.6666666666666666
43921	299	0	5	0.74	185.8	929.0	0.6666666666666666
43922	60	0	5	0.1425	58.0	290.0	0.0
43923	194	0	5	0.4775	166.0	830.0	0.3333333333333333
43924	45	0	5	0.105	43.0	215.0	0.0
43925	31	0	5	0.07	29.0	145.0	0.0
43926	152	0	5	0.3725	150.0	750.0	0.0
43927	223	0	5	0.55	127.2	636.0	0.6666666666666666
43928	96	0	5	0.2325	94.0	470.0	0.0
43929	201	0	5	0.495	104.2	521.0	0.6666666666666666
43930	165	0	5	0.405	163.0	815.0	0.0
43931	367	1	3	0.915	283.2	1416.0	1.0
43932	314	0	5	0.7775	261.2	1306.0	0.3333333333333333
43933	82	0	5	0.1975	58.4	292.0	0.3333333333333333
43934	117	0	5	0.285	108.2	541.0	0.0
43935	99	0	5	0.24	97.0	485.0	0.0
43936	357	0	5	0.885	128.2	641.0	0.6666666666666666
43937	223	0	5	0.55	97.8	489.0	0.6666666666666666
43938	287	0	5	0.71	231.6	1158.0	0.0
43939	227	1	4	0.565	84.6	423.0	1.0
43940	312	0	5	0.7725	170.6	853.0	0.3333333333333333
43941	199	0	5	0.49	114.2	571.0	0.0
43942	189	1	4	0.47	66.4	332.0	1.0
43943	359	0	5	0.89	273.2	1366.0	0.6666666666666666
43944	327	1	4	0.815	255.0	1275.0	1.0
43945	241	0	5	0.595	139.0	695.0	0.6666666666666666
43946	5	0	5	0.005	3.0	15.0	0.0
43947	241	0	5	0.595	201.8	1009.0	0.0
43948	206	0	5	0.5075	143.2	716.0	0.6666666666666666
43949	176	0	5	0.4325	89.4	447.0	0.6666666666666666
43950	101	0	5	0.245	77.4	387.0	0.3333333333333333
43951	12	0	5	0.0225	10.0	50.0	0.0
43952	379	1	4	0.945	180.6	903.0	1.0
43953	351	0	5	0.87	160.4	802.0	0.6666666666666666
43954	40	0	5	0.0925	38.0	190.0	0.0
43955	136	0	5	0.3325	121.6	608.0	0.0
43956	53	0	5	0.125	27.0	135.0	0.3333333333333333
43957	185	0	5	0.455	120.2	601.0	0.0
43958	113	0	5	0.275	103.4	517.0	0.3333333333333333
43959	224	0	5	0.5525	218.8	1094.0	0.6666666666666666
43960	3	0	5	0.0025	0.2	1.0	0.3333333333333333
43961	173	0	5	0.425	107.2	536.0	0.3333333333333333
43962	320	0	5	0.7925	245.6	1228.0	0.3333333333333333
43963	388	0	5	0.9625	347.6	1738.0	0.6666666666666666
43964	31	0	5	0.07	29.0	145.0	0.0
43965	193	0	5	0.475	157.2	786.0	0.3333333333333333
43966	68	0	5	0.1625	66.0	330.0	0.0
43967	204	0	5	0.5025	164.8	824.0	0.3333333333333333
43968	211	0	5	0.52	205.8	1029.0	0.3333333333333333
43969	221	0	5	0.545	163.8	819.0	0.6666666666666666
43970	200	0	5	0.4925	179.6	898.0	0.3333333333333333
43971	218	0	5	0.5375	151.2	756.0	0.3333333333333333
43972	371	1	4	0.925	82.2	411.0	1.0
43973	236	0	5	0.5825	107.0	535.0	0.6666666666666666
43974	291	1	4	0.725	117.4	587.0	1.0
43975	340	0	5	0.8425	126.8	634.0	0.6666666666666666
43976	42	0	5	0.0975	40.0	200.0	0.0
43977	235	0	5	0.58	183.6	918.0	0.6666666666666666
43978	228	1	3	0.5675	96.6	483.0	1.0
43979	317	0	5	0.785	215.0	1075.0	0.3333333333333333
43980	105	0	5	0.255	70.2	351.0	0.3333333333333333
43981	125	0	5	0.305	53.4	267.0	0.3333333333333333
43982	23	0	5	0.05	21.0	105.0	0.0
43983	366	0	5	0.9075	270.0	1350.0	0.6666666666666666
43984	305	0	5	0.755	114.0	570.0	0.6666666666666666
43985	71	0	5	0.17	69.0	345.0	0.0
43986	375	0	5	0.93	193.4	967.0	0.3333333333333333
43987	372	1	4	0.9275	125.2	626.0	1.0
43988	291	0	5	0.72	140.2	701.0	0.3333333333333333
43989	52	0	5	0.1225	50.0	250.0	0.0
43990	86	0	5	0.2075	84.0	420.0	0.0
43991	331	0	5	0.82	250.4	1252.0	0.6666666666666666
43992	396	0	5	0.9825	289.8	1449.0	0.6666666666666666
43993	192	0	5	0.4725	70.8	354.0	0.3333333333333333
43994	391	0	5	0.97	147.0	735.0	0.6666666666666666
43995	13	0	5	0.025	10.2	51.0	0.3333333333333333
43996	70	0	5	0.1675	16.8	84.0	0.3333333333333333
43997	181	1	4	0.45	129.2	646.0	1.0
43998	139	0	5	0.34	128.2	641.0	0.3333333333333333
43999	312	0	5	0.7725	184.8	924.0	0.6666666666666666
44000	116	0	5	0.2825	103.6	518.0	0.3333333333333333
44001	344	1	4	0.8575	100.8	504.0	1.0
44002	298	1	3	0.7425	271.4	1357.0	1.0
44003	89	0	5	0.215	60.6	303.0	0.6666666666666666
44004	84	0	5	0.2025	70.0	350.0	0.3333333333333333
44005	209	0	5	0.515	55.8	279.0	0.3333333333333333
44006	323	0	5	0.8	197.6	988.0	0.6666666666666666
44007	341	0	5	0.845	251.8	1259.0	0.3333333333333333
44008	94	0	5	0.2275	92.0	460.0	0.0
44009	9	0	5	0.015	7.0	35.0	0.0
44010	267	0	5	0.66	166.0	830.0	0.6666666666666666
44011	203	0	5	0.5	136.2	681.0	0.3333333333333333
44012	171	1	4	0.425	93.4	467.0	1.0
44013	48	0	5	0.1125	46.0	230.0	0.0
44014	313	0	5	0.775	177.0	885.0	0.3333333333333333
44015	309	0	5	0.765	291.4	1457.0	0.3333333333333333
44016	366	0	5	0.9075	200.2	1001.0	0.6666666666666666
44017	138	0	5	0.3375	136.0	680.0	0.0
44018	232	0	5	0.5725	210.8	1054.0	0.3333333333333333
44019	231	0	5	0.57	109.0	545.0	0.6666666666666666
44020	52	0	5	0.1225	45.0	225.0	0.3333333333333333
44021	251	1	4	0.625	106.8	534.0	1.0
44022	380	0	5	0.9425	217.4	1087.0	0.6666666666666666
44023	148	0	5	0.3625	122.4	612.0	0.0
44024	64	0	5	0.1525	38.0	190.0	0.3333333333333333
44025	319	0	5	0.79	242.4	1212.0	0.3333333333333333
44026	171	0	5	0.42	163.8	819.0	0.3333333333333333
44027	230	0	5	0.5675	131.2	656.0	0.6666666666666666
44028	155	0	5	0.38	107.2	536.0	0.3333333333333333
44029	81	0	5	0.195	62.2	311.0	0.3333333333333333
44030	133	0	5	0.325	131.0	655.0	0.0
44031	60	0	5	0.1425	58.0	290.0	0.0
44032	245	1	4	0.61	152.8	764.0	1.0
44033	107	0	5	0.26	104.6	523.0	0.3333333333333333
44034	333	0	5	0.825	185.6	928.0	0.3333333333333333
44035	254	0	5	0.6275	109.8	549.0	0.3333333333333333
44036	355	0	5	0.88	239.0	1195.0	0.6666666666666666
44037	265	0	5	0.655	235.8	1179.0	0.3333333333333333
44038	361	1	4	0.9	262.0	1310.0	1.0
44039	61	0	5	0.145	31.4	157.0	0.3333333333333333
44040	214	0	5	0.5275	176.2	881.0	0.6666666666666666
44041	73	0	5	0.175	70.2	351.0	0.3333333333333333
44042	284	0	5	0.7025	282.0	1410.0	0.3333333333333333
44043	382	1	4	0.9525	173.0	865.0	1.0
44044	283	0	5	0.7	220.4	1102.0	0.3333333333333333
44045	93	0	5	0.225	71.4	357.0	0.3333333333333333
44046	386	1	4	0.9625	162.0	810.0	1.0
44047	255	0	5	0.63	137.6	688.0	0.3333333333333333
44048	140	1	4	0.3475	59.4	297.0	1.0
44049	157	1	4	0.39	109.4	547.0	1.0
44050	22	0	5	0.0475	20.0	100.0	0.0
44051	299	0	5	0.74	134.4	672.0	0.6666666666666666
44052	131	0	5	0.32	69.8	349.0	0.6666666666666666
44053	381	0	5	0.945	217.4	1087.0	0.6666666666666666
44054	298	0	5	0.7375	268.0	1340.0	0.6666666666666666
44055	186	0	5	0.4575	139.6	698.0	0.3333333333333333
44056	94	0	5	0.2275	75.6	378.0	0.0
44057	129	0	5	0.315	127.0	635.0	0.0
44058	288	1	4	0.7175	191.6	958.0	1.0
44059	46	1	4	0.1125	38.8	194.0	1.0
44060	58	0	5	0.1375	56.0	280.0	0.0
44061	115	0	5	0.28	88.6	443.0	0.3333333333333333
44062	39	0	5	0.09	37.0	185.0	0.0
44063	150	0	5	0.3675	145.6	728.0	0.0
44064	128	0	5	0.3125	110.2	551.0	0.3333333333333333
44065	382	0	5	0.9475	237.6	1188.0	0.6666666666666666
44066	215	0	5	0.53	143.4	717.0	0.3333333333333333
44067	166	0	5	0.4075	95.6	478.0	0.0
44068	368	0	5	0.9125	268.6	1343.0	0.3333333333333333
44069	128	0	5	0.3125	126.0	630.0	0.0
44070	311	0	5	0.77	199.0	995.0	0.6666666666666666
44071	68	0	5	0.1625	66.0	330.0	0.0
44072	364	0	5	0.9025	143.6	718.0	0.6666666666666666
44073	174	0	5	0.4275	117.2	586.0	0.0
44074	366	0	5	0.9075	155.6	778.0	0.3333333333333333
44075	375	0	5	0.93	188.6	943.0	0.6666666666666666
44076	326	0	5	0.8075	215.2	1076.0	0.3333333333333333
44077	34	0	5	0.0775	32.0	160.0	0.0
44078	277	0	5	0.685	120.4	602.0	0.3333333333333333
44079	50	0	5	0.1175	48.0	240.0	0.0
44080	107	0	5	0.26	105.0	525.0	0.0
44081	339	0	5	0.84	185.4	927.0	0.6666666666666666
44082	237	0	5	0.585	155.4	777.0	0.6666666666666666
44083	48	0	5	0.1125	36.4	182.0	0.3333333333333333
44084	371	0	5	0.92	248.0	1240.0	0.6666666666666666
44085	238	0	5	0.5875	208.2	1041.0	0.0
44086	38	0	5	0.0875	36.0	180.0	0.0
44087	350	1	4	0.8725	186.4	932.0	1.0
44088	386	0	5	0.9575	184.4	922.0	0.6666666666666666
44089	383	0	5	0.95	193.0	965.0	0.6666666666666666
44090	331	1	4	0.825	182.2	911.0	1.0
44091	98	0	5	0.2375	82.8	414.0	0.3333333333333333
44092	213	0	5	0.525	95.6	478.0	0.6666666666666666
44093	92	0	5	0.2225	52.8	264.0	0.0
44094	128	0	5	0.3125	85.2	426.0	0.6666666666666666
44095	30	0	5	0.0675	26.4	132.0	0.0
44096	324	0	5	0.8025	138.0	690.0	0.6666666666666666
44097	211	0	5	0.52	146.2	731.0	0.3333333333333333
44098	304	1	4	0.7575	155.6	778.0	1.0
44099	178	0	5	0.4375	85.6	428.0	0.3333333333333333
44100	193	0	5	0.475	115.4	577.0	0.3333333333333333
44101	127	0	5	0.31	72.6	363.0	0.3333333333333333
44102	391	0	5	0.97	305.4	1527.0	0.3333333333333333
44103	77	0	5	0.185	75.0	375.0	0.3333333333333333
44104	185	0	5	0.455	101.2	506.0	0.3333333333333333
44105	117	0	5	0.285	61.6	308.0	0.6666666666666666
44106	102	0	5	0.2475	52.0	260.0	0.3333333333333333
44107	376	0	5	0.9325	263.6	1318.0	0.6666666666666666
44108	72	0	5	0.1725	70.0	350.0	0.0
44109	180	0	5	0.4425	155.2	776.0	0.3333333333333333
44110	381	0	5	0.945	285.2	1426.0	0.3333333333333333
44111	355	0	5	0.88	181.0	905.0	0.6666666666666666
44112	109	0	5	0.265	47.6	238.0	0.0
44113	315	0	5	0.78	267.0	1335.0	0.6666666666666666
44114	121	0	5	0.295	55.6	278.0	0.3333333333333333
44115	295	0	5	0.73	245.0	1225.0	0.3333333333333333
44116	261	0	5	0.645	191.4	957.0	0.0
44117	224	0	5	0.5525	180.8	904.0	0.3333333333333333
44118	168	0	5	0.4125	147.8	739.0	0.3333333333333333
44119	239	0	5	0.59	161.8	809.0	0.6666666666666666
44120	116	0	5	0.2825	60.0	300.0	0.0
44121	263	0	5	0.65	239.4	1197.0	0.0
44122	269	0	5	0.665	212.6	1063.0	0.3333333333333333
44123	208	0	5	0.5125	82.8	414.0	0.3333333333333333
44124	224	0	5	0.5525	153.6	768.0	0.3333333333333333
44125	244	0	5	0.6025	97.2	486.0	0.6666666666666666
44126	115	0	5	0.28	113.0	565.0	0.0
44127	96	0	5	0.2325	94.0	470.0	0.0
44128	280	0	5	0.6925	89.8	449.0	0.6666666666666666
44129	387	0	5	0.96	323.0	1615.0	0.6666666666666666
44130	358	0	5	0.8875	166.6	833.0	0.6666666666666666
44131	145	0	5	0.355	116.2	581.0	0.0
44132	356	1	4	0.8875	202.0	1010.0	1.0
44133	161	1	3	0.4	140.6	703.0	1.0
44134	336	0	5	0.8325	284.0	1420.0	0.6666666666666666
44135	207	0	5	0.51	205.0	1025.0	0.0
44136	30	0	5	0.0675	17.6	88.0	0.3333333333333333
44137	250	0	5	0.6175	229.6	1148.0	0.3333333333333333
44138	44	0	5	0.1025	42.0	210.0	0.0
44139	329	0	5	0.815	199.8	999.0	0.6666666666666666
44140	374	0	5	0.9275	126.4	632.0	0.6666666666666666
44141	255	0	5	0.63	183.4	917.0	0.3333333333333333
44142	103	0	5	0.25	66.2	331.0	0.3333333333333333
44143	271	0	5	0.67	193.4	967.0	0.3333333333333333
44144	79	0	5	0.19	37.4	187.0	0.3333333333333333
44145	87	0	5	0.21	50.6	253.0	0.3333333333333333
44146	64	0	5	0.1525	62.0	310.0	0.0
44147	242	0	5	0.5975	125.6	628.0	0.6666666666666666
44148	234	0	5	0.5775	69.4	347.0	0.0
44149	72	0	5	0.1725	38.4	192.0	0.0
44150	208	0	5	0.5125	73.6	368.0	0.6666666666666666
44151	316	0	5	0.7825	244.4	1222.0	0.6666666666666666
44152	227	0	5	0.56	204.0	1020.0	0.0
44153	301	0	5	0.745	164.0	820.0	0.3333333333333333
44154	165	0	5	0.405	142.6	713.0	0.0
44155	290	0	5	0.7175	172.4	862.0	0.3333333333333333
44156	282	0	5	0.6975	143.0	715.0	0.0
44157	135	0	5	0.33	98.2	491.0	0.6666666666666666
44158	397	0	5	0.985	265.8	1329.0	0.6666666666666666
44159	122	0	5	0.2975	88.6	443.0	0.3333333333333333
44160	99	0	5	0.24	97.0	485.0	0.0
44161	181	0	5	0.445	121.6	608.0	0.6666666666666666
44162	205	0	5	0.505	177.2	886.0	0.3333333333333333
44163	370	0	5	0.9175	211.0	1055.0	0.6666666666666666
44164	208	0	5	0.5125	157.6	788.0	0.3333333333333333
44165	270	0	5	0.6675	234.8	1174.0	0.3333333333333333
44166	26	0	5	0.0575	24.0	120.0	0.0
44167	212	0	5	0.5225	95.4	477.0	0.6666666666666666
44168	17	0	5	0.035	15.0	75.0	0.0
44169	198	0	5	0.4875	157.0	785.0	0.3333333333333333
44170	328	0	5	0.8125	217.4	1087.0	0.0
44171	366	0	5	0.9075	134.2	671.0	0.6666666666666666
44172	249	0	5	0.615	147.0	735.0	0.6666666666666666
44173	364	0	5	0.9025	333.0	1665.0	0.3333333333333333
44174	84	0	5	0.2025	33.2	166.0	0.3333333333333333
44175	46	0	5	0.1075	44.0	220.0	0.0
44176	260	1	4	0.6475	144.6	723.0	1.0
44177	231	0	5	0.57	56.8	284.0	0.3333333333333333
44178	148	0	5	0.3625	120.4	602.0	0.0
44179	75	0	5	0.18	73.0	365.0	0.0
44180	156	0	5	0.3825	134.8	674.0	0.3333333333333333
44181	153	0	5	0.375	61.6	308.0	0.3333333333333333
44182	386	1	4	0.9625	223.6	1118.0	1.0
44183	76	0	5	0.1825	74.0	370.0	0.0
44184	73	0	5	0.175	56.0	280.0	0.3333333333333333
44185	180	0	5	0.4425	154.4	772.0	0.3333333333333333
44186	115	0	5	0.28	103.4	517.0	0.0
44187	134	0	5	0.3275	93.4	467.0	0.3333333333333333
44188	354	0	5	0.8775	116.8	584.0	0.6666666666666666
44189	196	0	5	0.4825	194.0	970.0	0.0
44190	164	0	5	0.4025	59.2	296.0	0.0
44191	296	1	4	0.7375	78.0	390.0	1.0
44192	173	0	5	0.425	90.0	450.0	0.0
44193	183	0	5	0.45	101.4	507.0	0.6666666666666666
44194	71	0	5	0.17	60.6	303.0	0.3333333333333333
44195	38	0	5	0.0875	7.6	38.0	0.3333333333333333
44196	53	0	5	0.125	51.0	255.0	0.0
44197	201	0	5	0.495	112.6	563.0	0.6666666666666666
44198	219	0	5	0.54	131.4	657.0	0.0
44199	281	0	5	0.695	108.2	541.0	0.6666666666666666
44200	317	0	5	0.785	257.0	1285.0	0.6666666666666666
44201	309	0	5	0.765	227.8	1139.0	0.6666666666666666
44202	13	0	5	0.025	11.0	55.0	0.0
44203	207	0	5	0.51	147.2	736.0	0.6666666666666666
44204	207	0	5	0.51	193.4	967.0	0.3333333333333333
44205	387	0	5	0.96	223.0	1115.0	0.3333333333333333
44206	202	0	5	0.4975	160.4	802.0	0.0
44207	393	0	5	0.975	229.6	1148.0	0.6666666666666666
44208	250	0	5	0.6175	246.2	1231.0	0.0
44209	114	1	3	0.2825	76.4	382.0	1.0
44210	293	0	5	0.725	162.2	811.0	0.6666666666666666
44211	238	0	5	0.5875	222.4	1112.0	0.3333333333333333
44212	386	0	5	0.9575	310.6	1553.0	0.6666666666666666
44213	284	0	5	0.7025	231.0	1155.0	0.3333333333333333
44214	166	0	5	0.4075	124.0	620.0	0.3333333333333333
44215	55	0	5	0.13	53.0	265.0	0.0
44216	374	1	3	0.9325	274.6	1373.0	1.0
44217	235	0	5	0.58	111.2	556.0	0.3333333333333333
44218	107	0	5	0.26	105.0	525.0	0.0
44219	111	0	5	0.27	97.2	486.0	0.3333333333333333
44220	136	0	5	0.3325	126.2	631.0	0.0
44221	59	0	5	0.14	49.8	249.0	0.3333333333333333
44222	330	0	5	0.8175	225.8	1129.0	0.3333333333333333
44223	69	0	5	0.165	59.2	296.0	0.0
44224	16	0	5	0.0325	6.0	30.0	0.0
44225	146	0	5	0.3575	99.8	499.0	0.3333333333333333
44226	387	0	5	0.96	254.4	1272.0	0.6666666666666666
44227	345	1	4	0.86	250.8	1254.0	1.0
44228	253	0	5	0.625	109.2	546.0	0.3333333333333333
44229	243	0	5	0.6	76.6	383.0	0.6666666666666666
44230	158	0	5	0.3875	89.2	446.0	0.3333333333333333
44231	215	0	5	0.53	139.4	697.0	0.3333333333333333
44232	284	1	4	0.7075	91.6	458.0	1.0
44233	142	0	5	0.3475	60.8	304.0	0.0
44234	325	0	5	0.805	190.2	951.0	0.3333333333333333
44235	272	1	4	0.6775	188.8	944.0	1.0
44236	186	0	5	0.4575	153.8	769.0	0.3333333333333333
44237	133	0	5	0.325	131.0	655.0	0.3333333333333333
44238	18	0	5	0.0375	16.0	80.0	0.0
44239	57	0	5	0.135	39.8	199.0	0.3333333333333333
44240	267	0	5	0.66	80.2	401.0	0.3333333333333333
44241	177	0	5	0.435	133.4	667.0	0.0
44242	266	0	5	0.6575	88.2	441.0	0.6666666666666666
44243	103	0	5	0.25	76.6	383.0	0.0
44244	353	0	5	0.875	259.8	1299.0	0.6666666666666666
44245	69	0	5	0.165	67.0	335.0	0.0
44246	79	0	5	0.19	77.0	385.0	0.0
44247	220	0	5	0.5425	96.2	481.0	0.3333333333333333
44248	155	0	5	0.38	92.0	460.0	0.3333333333333333
44249	28	0	5	0.0625	26.0	130.0	0.0
44250	333	0	5	0.825	124.6	623.0	0.6666666666666666
44251	297	0	5	0.735	240.2	1201.0	0.6666666666666666
44252	262	0	5	0.6475	242.8	1214.0	0.3333333333333333
44253	215	0	5	0.53	161.4	807.0	0.3333333333333333
44254	64	0	5	0.1525	62.0	310.0	0.0
44255	91	0	5	0.22	89.0	445.0	0.0
44256	156	0	5	0.3825	39.6	198.0	0.3333333333333333
44257	165	0	5	0.405	163.0	815.0	0.3333333333333333
44258	296	0	5	0.7325	294.0	1470.0	0.3333333333333333
44259	272	0	5	0.6725	64.4	322.0	0.3333333333333333
44260	213	0	5	0.525	211.0	1055.0	0.0
44261	17	0	5	0.035	13.2	66.0	0.3333333333333333
44262	66	0	5	0.1575	64.0	320.0	0.0
44263	354	1	4	0.8825	157.2	786.0	1.0
44264	191	0	5	0.47	105.0	525.0	0.3333333333333333
44265	144	0	5	0.3525	142.0	710.0	0.0
44266	346	1	4	0.8625	189.2	946.0	1.0
44267	241	0	5	0.595	160.2	801.0	0.3333333333333333
44268	281	0	5	0.695	152.6	763.0	0.6666666666666666
44269	345	0	5	0.855	133.0	665.0	0.6666666666666666
44270	47	0	5	0.11	40.8	204.0	0.0
44271	338	0	5	0.8375	185.2	926.0	0.6666666666666666
44272	401	0	4	0.9975	152.0	760.0	0.6666666666666666
44273	324	0	5	0.8025	119.0	595.0	0.6666666666666666
44274	34	0	5	0.0775	32.0	160.0	0.0
44275	216	0	5	0.5325	156.0	780.0	0.0
44276	283	0	5	0.7	171.8	859.0	0.3333333333333333
44277	323	0	5	0.8	107.2	536.0	0.6666666666666666
44278	205	0	5	0.505	125.4	627.0	0.3333333333333333
44279	352	0	5	0.8725	271.8	1359.0	0.6666666666666666
44280	23	0	5	0.05	8.6	43.0	0.0
44281	329	1	4	0.82	103.2	516.0	1.0
44282	154	0	5	0.3775	128.4	642.0	0.6666666666666666
44283	225	0	5	0.555	184.6	923.0	0.0
44284	373	0	5	0.925	230.8	1154.0	0.6666666666666666
44285	334	0	5	0.8275	305.2	1526.0	0.3333333333333333
44286	302	0	5	0.7475	171.0	855.0	0.3333333333333333
44287	188	1	4	0.4675	97.0	485.0	1.0
44288	223	0	5	0.55	221.0	1105.0	0.0
44289	148	0	5	0.3625	55.6	278.0	0.3333333333333333
44290	191	0	5	0.47	136.2	681.0	0.3333333333333333
44291	258	0	5	0.6375	129.0	645.0	0.6666666666666666
44292	351	1	4	0.875	185.4	927.0	1.0
44293	298	0	5	0.7375	217.8	1089.0	0.6666666666666666
44294	393	0	5	0.975	256.8	1284.0	0.6666666666666666
44295	364	0	5	0.9025	204.2	1021.0	0.6666666666666666
44296	300	0	5	0.7425	117.6	588.0	0.3333333333333333
44297	95	0	5	0.23	69.8	349.0	0.6666666666666666
44298	226	0	5	0.5575	154.4	772.0	0.3333333333333333
44299	183	1	4	0.455	122.0	610.0	1.0
44300	261	0	5	0.645	138.6	693.0	0.3333333333333333
44301	142	0	5	0.3475	140.0	700.0	0.0
44302	110	0	5	0.2675	64.0	320.0	0.3333333333333333
44303	62	0	5	0.1475	28.2	141.0	0.6666666666666666
44304	202	0	5	0.4975	48.8	244.0	0.0
44305	156	1	4	0.3875	79.6	398.0	1.0
44306	318	0	5	0.7875	130.0	650.0	0.6666666666666666
44307	375	0	5	0.93	288.2	1441.0	0.3333333333333333
44308	316	0	5	0.7825	279.8	1399.0	0.3333333333333333
44309	75	0	5	0.18	67.8	339.0	0.0
44310	28	0	5	0.0625	25.4	127.0	0.3333333333333333
44311	285	1	3	0.71	126.0	630.0	1.0
44312	190	0	5	0.4675	134.4	672.0	0.3333333333333333
44313	296	1	4	0.7375	244.2	1221.0	1.0
44314	52	0	5	0.1225	50.0	250.0	0.0
44315	91	0	5	0.22	89.0	445.0	0.0
44316	65	0	5	0.155	63.0	315.0	0.0
44317	326	1	4	0.8125	246.0	1230.0	1.0
44318	51	0	5	0.12	41.2	206.0	0.3333333333333333
44319	292	0	5	0.7225	208.8	1044.0	0.3333333333333333
44320	233	0	5	0.575	144.0	720.0	0.3333333333333333
44321	26	0	5	0.0575	24.0	120.0	0.0
44322	206	0	5	0.5075	115.8	579.0	0.3333333333333333
44323	216	0	5	0.5325	178.8	894.0	0.3333333333333333
44324	268	0	5	0.6625	204.0	1020.0	0.6666666666666666
44325	42	0	5	0.0975	38.8	194.0	0.0
44326	190	0	5	0.4675	140.4	702.0	0.6666666666666666
44327	265	0	5	0.655	219.4	1097.0	0.6666666666666666
44328	190	0	5	0.4675	95.0	475.0	0.3333333333333333
44329	17	0	5	0.035	15.0	75.0	0.0
44330	369	0	5	0.915	264.4	1322.0	0.6666666666666666
44331	143	1	4	0.355	137.4	687.0	1.0
44332	155	0	5	0.38	127.0	635.0	0.3333333333333333
44333	350	0	5	0.8675	156.6	783.0	0.6666666666666666
44334	250	0	5	0.6175	130.4	652.0	0.6666666666666666
44335	372	0	5	0.9225	191.4	957.0	0.6666666666666666
44336	74	0	5	0.1775	67.6	338.0	0.3333333333333333
44337	209	0	5	0.515	57.4	287.0	0.3333333333333333
44338	149	1	4	0.37	124.4	622.0	1.0
44339	15	0	5	0.03	13.0	65.0	0.0
44340	133	0	5	0.325	57.2	286.0	0.3333333333333333
44341	187	0	5	0.46	152.2	761.0	0.0
44342	69	0	5	0.165	67.0	335.0	0.0
44343	221	1	4	0.55	128.6	643.0	1.0
44344	372	0	5	0.9225	130.8	654.0	0.6666666666666666
44345	180	0	5	0.4425	48.6	243.0	0.6666666666666666
44346	228	1	4	0.5675	156.4	782.0	1.0
44347	195	0	5	0.48	121.8	609.0	0.6666666666666666
44348	285	0	5	0.705	173.8	869.0	0.6666666666666666
44349	391	1	4	0.975	209.4	1047.0	1.0
44350	324	0	5	0.8025	177.6	888.0	0.6666666666666666
44351	222	0	5	0.5475	125.6	628.0	0.6666666666666666
44352	356	0	5	0.8825	295.0	1475.0	0.3333333333333333
44353	108	0	5	0.2625	79.8	399.0	0.6666666666666666
44354	128	0	5	0.3125	40.0	200.0	0.6666666666666666
44355	243	0	5	0.6	132.0	660.0	0.3333333333333333
44356	209	0	5	0.515	119.0	595.0	0.3333333333333333
44357	222	1	4	0.5525	158.8	794.0	1.0
44358	143	0	5	0.35	82.2	411.0	0.0
44359	363	0	5	0.9	146.6	733.0	0.6666666666666666
44360	80	0	5	0.1925	78.0	390.0	0.0
44361	384	0	5	0.9525	301.6	1508.0	0.6666666666666666
44362	385	0	5	0.955	147.0	735.0	0.6666666666666666
44363	371	0	5	0.92	186.2	931.0	0.6666666666666666
44364	248	0	5	0.6125	134.2	671.0	0.6666666666666666
44365	389	1	4	0.97	192.8	964.0	1.0
44366	46	0	5	0.1075	39.8	199.0	0.3333333333333333
44367	286	0	5	0.7075	118.8	594.0	0.6666666666666666
44368	201	0	5	0.495	100.2	501.0	0.3333333333333333
44369	264	0	5	0.6525	113.4	567.0	0.6666666666666666
44370	26	0	5	0.0575	24.0	120.0	0.0
44371	48	0	5	0.1125	46.0	230.0	0.0
44372	184	0	5	0.4525	165.2	826.0	0.3333333333333333
44373	268	0	5	0.6625	233.4	1167.0	0.3333333333333333
44374	127	0	5	0.31	119.8	599.0	0.0
44375	300	0	5	0.7425	229.4	1147.0	0.6666666666666666
44376	22	0	5	0.0475	20.0	100.0	0.0
44377	319	0	5	0.79	152.2	761.0	0.6666666666666666
44378	127	0	5	0.31	102.0	510.0	0.3333333333333333
44379	81	0	5	0.195	79.0	395.0	0.0
44380	245	0	5	0.605	153.8	769.0	0.3333333333333333
44381	67	0	5	0.16	41.4	207.0	0.0
44382	161	0	5	0.395	159.0	795.0	0.3333333333333333
44383	144	0	5	0.3525	68.0	340.0	0.3333333333333333
44384	121	0	5	0.295	108.2	541.0	0.3333333333333333
44385	131	0	5	0.32	109.8	549.0	0.3333333333333333
44386	164	0	5	0.4025	157.0	785.0	0.3333333333333333
44387	371	0	5	0.92	156.2	781.0	0.6666666666666666
44388	187	0	5	0.46	98.6	493.0	0.3333333333333333
44389	394	0	5	0.9775	168.2	841.0	0.6666666666666666
44390	355	1	4	0.885	115.4	577.0	1.0
44391	22	0	5	0.0475	20.0	100.0	0.0
44392	121	0	5	0.295	91.8	459.0	0.3333333333333333
44393	192	0	5	0.4725	171.2	856.0	0.0
44394	290	0	5	0.7175	197.2	986.0	0.3333333333333333
44395	3	0	5	0.0025	0.6	3.0	0.3333333333333333
44396	286	1	4	0.7125	195.0	975.0	1.0
44397	52	0	5	0.1225	44.2	221.0	0.0
44398	4	0	5	0.0025	2.0	10.0	0.0
44399	293	1	4	0.73	101.0	505.0	1.0
44400	249	0	5	0.615	208.0	1040.0	0.0
44401	297	0	5	0.735	182.0	910.0	0.3333333333333333
44402	339	0	5	0.84	200.0	1000.0	0.6666666666666666
44403	111	0	5	0.27	78.6	393.0	0.3333333333333333
44404	274	0	5	0.6775	188.4	942.0	0.6666666666666666
44405	364	0	5	0.9025	265.2	1326.0	0.6666666666666666
44406	168	0	5	0.4125	144.4	722.0	0.0
44407	235	0	5	0.58	196.0	980.0	0.0
44408	128	0	5	0.3125	91.6	458.0	0.3333333333333333
44409	183	0	5	0.45	116.8	584.0	0.3333333333333333
44410	188	0	5	0.4625	57.2	286.0	0.3333333333333333
44411	19	0	5	0.04	17.0	85.0	0.0
44412	259	0	5	0.64	196.6	983.0	0.3333333333333333
44413	348	1	4	0.8675	90.4	452.0	1.0
44414	166	0	5	0.4075	74.2	371.0	0.3333333333333333
44415	303	0	5	0.75	214.2	1071.0	0.3333333333333333
44416	266	0	5	0.6575	98.6	493.0	0.6666666666666666
44417	275	0	5	0.68	189.0	945.0	0.0
44418	374	0	5	0.9275	115.2	576.0	0.6666666666666666
44419	381	0	5	0.945	319.6	1598.0	0.6666666666666666
44420	64	0	5	0.1525	50.0	250.0	0.3333333333333333
44421	3	0	5	0.0025	0.2	1.0	0.3333333333333333
44422	292	0	5	0.7225	162.8	814.0	0.6666666666666666
44423	184	0	5	0.4525	39.6	198.0	0.3333333333333333
44424	165	0	5	0.405	81.4	407.0	0.3333333333333333
44425	57	0	5	0.135	47.8	239.0	0.3333333333333333
44426	273	0	5	0.675	80.6	403.0	0.6666666666666666
44427	371	0	5	0.92	229.0	1145.0	0.6666666666666666
44428	395	0	5	0.98	152.2	761.0	0.6666666666666666
44429	81	0	5	0.195	79.0	395.0	0.0
44430	49	0	5	0.115	47.0	235.0	0.0
44431	184	0	5	0.4525	112.2	561.0	0.3333333333333333
44432	167	0	5	0.41	53.0	265.0	0.6666666666666666
44433	169	0	5	0.415	134.6	673.0	0.3333333333333333
44434	232	0	5	0.5725	93.2	466.0	0.0
44435	38	0	5	0.0875	29.6	148.0	0.0
44436	157	0	5	0.385	139.4	697.0	0.0
44437	344	0	5	0.8525	145.6	728.0	0.6666666666666666
44438	248	1	3	0.6175	148.8	744.0	1.0
44439	277	0	5	0.685	153.6	768.0	0.3333333333333333
44440	375	0	5	0.93	162.8	814.0	0.6666666666666666
44441	151	0	5	0.37	68.2	341.0	0.3333333333333333
44442	376	0	5	0.9325	196.2	981.0	0.6666666666666666
44443	397	0	5	0.985	129.8	649.0	0.6666666666666666
44444	33	0	5	0.075	31.0	155.0	0.0
44445	401	0	5	0.995	254.2	1271.0	0.6666666666666666
44446	167	0	5	0.41	53.0	265.0	0.6666666666666666
44447	365	0	5	0.905	212.0	1060.0	0.6666666666666666
44448	159	0	5	0.39	109.0	545.0	0.0
44449	6	0	5	0.0075	4.0	20.0	0.0
44450	345	0	5	0.855	253.2	1266.0	0.6666666666666666
44451	355	0	5	0.88	161.2	806.0	0.6666666666666666
44452	273	0	5	0.675	127.8	639.0	0.3333333333333333
44453	116	0	5	0.2825	61.8	309.0	0.3333333333333333
44454	367	0	5	0.91	118.6	593.0	0.6666666666666666
44455	268	1	4	0.6675	70.8	354.0	1.0
44456	333	0	5	0.825	236.4	1182.0	0.6666666666666666
44457	37	0	5	0.085	35.0	175.0	0.0
44458	311	1	4	0.775	138.4	692.0	1.0
44459	230	0	5	0.5675	223.6	1118.0	0.3333333333333333
44460	229	1	4	0.57	208.0	1040.0	1.0
44461	245	0	5	0.605	178.6	893.0	0.3333333333333333
44462	325	0	5	0.805	136.6	683.0	0.3333333333333333
44463	258	1	4	0.6425	170.2	851.0	1.0
44464	27	0	5	0.06	21.0	105.0	0.3333333333333333
44465	118	0	5	0.2875	100.2	501.0	0.3333333333333333
44466	311	0	5	0.77	149.4	747.0	0.3333333333333333
44467	315	0	5	0.78	181.8	909.0	0.3333333333333333
44468	108	0	5	0.2625	106.0	530.0	0.0
44469	285	0	5	0.705	187.6	938.0	0.3333333333333333
44470	199	0	5	0.49	56.6	283.0	0.6666666666666666
44471	253	0	5	0.625	224.6	1123.0	0.3333333333333333
44472	354	0	5	0.8775	171.0	855.0	0.6666666666666666
44473	393	0	5	0.975	344.6	1723.0	0.6666666666666666
44474	292	0	5	0.7225	240.4	1202.0	0.3333333333333333
44475	163	1	4	0.405	112.8	564.0	1.0
44476	328	0	5	0.8125	144.2	721.0	0.6666666666666666
44477	156	0	5	0.3825	119.6	598.0	0.0
44478	41	0	5	0.095	39.0	195.0	0.0
44479	309	0	5	0.765	230.8	1154.0	0.3333333333333333
44480	190	0	5	0.4675	96.8	484.0	0.3333333333333333
44481	295	0	5	0.73	293.0	1465.0	0.0
44482	109	0	5	0.265	30.2	151.0	0.3333333333333333
44483	331	0	5	0.82	197.2	986.0	0.6666666666666666
44484	118	0	5	0.2875	116.0	580.0	0.0
44485	170	1	4	0.4225	47.8	239.0	1.0
44486	141	0	5	0.345	126.2	631.0	0.3333333333333333
44487	335	0	5	0.83	145.8	729.0	0.6666666666666666
44488	256	1	4	0.6375	92.6	463.0	1.0
44489	15	0	5	0.03	13.0	65.0	0.0
44490	256	0	5	0.6325	116.6	583.0	0.6666666666666666
44491	400	0	5	0.9925	277.2	1386.0	0.6666666666666666
44492	185	0	5	0.455	98.4	492.0	0.3333333333333333
44493	248	0	5	0.6125	207.0	1035.0	0.3333333333333333
44494	133	0	5	0.325	131.0	655.0	0.0
44495	155	0	5	0.38	153.0	765.0	0.0
44496	354	0	5	0.8775	252.8	1264.0	0.6666666666666666
44497	246	0	5	0.6075	134.4	672.0	0.6666666666666666
44498	387	0	5	0.96	87.4	437.0	0.6666666666666666
44499	2	0	5	0.0	0.0	0.0	0.0
44500	288	1	4	0.7175	118.8	594.0	1.0
44501	74	0	5	0.1775	61.2	306.0	0.3333333333333333
44502	78	0	5	0.1875	73.8	369.0	0.3333333333333333
44503	62	0	5	0.1475	37.2	186.0	0.3333333333333333
44504	294	0	5	0.7275	225.0	1125.0	0.0
44505	37	0	5	0.085	35.0	175.0	0.0
44506	119	0	5	0.29	55.8	279.0	0.0
44507	329	0	5	0.815	147.6	738.0	0.0
44508	281	0	5	0.695	196.8	984.0	0.6666666666666666
44509	64	0	5	0.1525	58.0	290.0	0.3333333333333333
44510	310	0	5	0.7675	134.0	670.0	0.3333333333333333
44511	337	0	5	0.835	176.2	881.0	0.6666666666666666
44512	370	0	5	0.9175	198.4	992.0	0.6666666666666666
44513	205	0	5	0.505	145.0	725.0	0.6666666666666666
44514	172	0	5	0.4225	78.8	394.0	0.3333333333333333
44515	127	0	5	0.31	118.6	593.0	0.3333333333333333
44516	36	0	5	0.0825	34.0	170.0	0.0
44517	39	0	5	0.09	37.0	185.0	0.0
44518	280	0	5	0.6925	150.8	754.0	0.6666666666666666
44519	229	0	5	0.565	122.4	612.0	0.3333333333333333
44520	339	0	5	0.84	144.6	723.0	0.6666666666666666
44521	400	0	5	0.9925	209.4	1047.0	0.6666666666666666
44522	9	0	5	0.015	7.0	35.0	0.0
44523	239	0	5	0.59	168.6	843.0	0.3333333333333333
44524	195	0	5	0.48	130.2	651.0	0.3333333333333333
44525	136	0	5	0.3325	46.8	234.0	0.6666666666666666
44526	305	0	5	0.755	159.8	799.0	0.3333333333333333
44527	77	0	5	0.185	75.0	375.0	0.0
44528	388	0	5	0.9625	189.2	946.0	0.6666666666666666
44529	182	0	5	0.4475	128.8	644.0	0.6666666666666666
44530	78	0	5	0.1875	55.0	275.0	0.3333333333333333
44531	366	0	5	0.9075	198.2	991.0	0.6666666666666666
44532	77	0	5	0.185	26.2	131.0	0.0
44533	213	0	5	0.525	115.0	575.0	0.6666666666666666
44534	247	0	5	0.61	194.6	973.0	0.3333333333333333
44535	335	0	5	0.83	261.4	1307.0	0.6666666666666666
44536	353	0	5	0.875	301.8	1509.0	0.6666666666666666
44537	158	0	5	0.3875	150.4	752.0	0.0
44538	309	0	5	0.765	202.8	1014.0	0.6666666666666666
44539	255	1	4	0.635	176.0	880.0	1.0
44540	119	0	5	0.29	117.0	585.0	0.0
44541	307	1	4	0.765	117.0	585.0	1.0
44542	236	0	5	0.5825	65.2	326.0	0.3333333333333333
44543	201	0	5	0.495	199.0	995.0	0.0
44544	54	0	5	0.1275	51.4	257.0	0.0
44545	282	1	4	0.7025	162.0	810.0	1.0
44546	222	0	5	0.5475	92.2	461.0	0.3333333333333333
44547	56	0	5	0.1325	44.8	224.0	0.3333333333333333
44548	127	0	5	0.31	73.8	369.0	0.3333333333333333
44549	192	0	5	0.4725	157.8	789.0	0.3333333333333333
44550	121	0	5	0.295	31.0	155.0	0.3333333333333333
44551	29	0	5	0.065	21.6	108.0	0.0
44552	159	0	5	0.39	89.2	446.0	0.3333333333333333
44553	209	0	5	0.515	157.4	787.0	0.3333333333333333
44554	311	1	4	0.775	161.4	807.0	1.0
44555	163	0	5	0.4	161.0	805.0	0.0
44556	71	0	5	0.17	34.6	173.0	0.3333333333333333
44557	143	0	5	0.35	132.0	660.0	0.0
44558	143	0	5	0.35	45.0	225.0	0.3333333333333333
44559	234	0	5	0.5775	85.6	428.0	0.3333333333333333
44560	352	0	5	0.8725	159.6	798.0	0.3333333333333333
44561	196	1	3	0.4875	129.2	646.0	1.0
44562	34	0	5	0.0775	32.0	160.0	0.0
44563	365	0	5	0.905	280.4	1402.0	0.3333333333333333
44564	282	0	5	0.6975	274.0	1370.0	0.6666666666666666
44565	185	0	5	0.455	107.2	536.0	0.0
44566	391	0	5	0.97	222.6	1113.0	0.6666666666666666
44567	295	0	5	0.73	172.2	861.0	0.6666666666666666
44568	115	0	5	0.28	47.4	237.0	0.3333333333333333
44569	288	0	5	0.7125	175.0	875.0	0.3333333333333333
44570	149	0	5	0.365	135.8	679.0	0.3333333333333333
44571	281	0	5	0.695	151.6	758.0	0.6666666666666666
44572	250	0	5	0.6175	174.0	870.0	0.6666666666666666
44573	74	0	5	0.1775	56.0	280.0	0.0
44574	298	0	5	0.7375	280.6	1403.0	0.3333333333333333
44575	125	0	5	0.305	103.0	515.0	0.0
44576	61	0	5	0.145	59.0	295.0	0.0
44577	324	0	5	0.8025	246.6	1233.0	0.6666666666666666
44578	338	0	5	0.8375	285.2	1426.0	0.3333333333333333
44579	295	0	5	0.73	185.8	929.0	0.6666666666666666
44580	47	0	5	0.11	38.2	191.0	0.3333333333333333
44581	308	0	5	0.7625	123.6	618.0	0.6666666666666666
44582	149	0	5	0.365	130.0	650.0	0.3333333333333333
44583	92	1	4	0.2275	46.8	234.0	1.0
44584	213	0	5	0.525	160.6	803.0	0.6666666666666666
44585	27	0	5	0.06	20.2	101.0	0.3333333333333333
44586	269	0	5	0.665	213.2	1066.0	0.3333333333333333
44587	100	0	5	0.2425	71.6	358.0	0.3333333333333333
44588	364	0	5	0.9025	262.8	1314.0	0.6666666666666666
44589	118	0	5	0.2875	116.0	580.0	0.0
44590	113	0	5	0.275	39.0	195.0	0.3333333333333333
44591	80	0	5	0.1925	29.2	146.0	0.0
44592	379	0	5	0.94	213.6	1068.0	0.3333333333333333
44593	370	0	5	0.9175	251.6	1258.0	0.6666666666666666
44594	189	0	5	0.465	187.0	935.0	0.0
44595	166	0	5	0.4075	118.0	590.0	0.6666666666666666
44596	387	0	5	0.96	266.8	1334.0	0.6666666666666666
44597	392	0	5	0.9725	208.2	1041.0	0.6666666666666666
44598	60	0	5	0.1425	58.0	290.0	0.0
44599	162	0	5	0.3975	135.6	678.0	0.3333333333333333
44600	365	1	4	0.91	232.4	1162.0	1.0
44601	165	0	5	0.405	114.6	573.0	0.3333333333333333
44602	76	0	5	0.1825	56.0	280.0	0.0
44603	262	0	5	0.6475	68.8	344.0	0.0
44604	350	0	5	0.8675	279.4	1397.0	0.6666666666666666
44605	220	0	5	0.5425	136.8	684.0	0.0
44606	52	0	5	0.1225	50.0	250.0	0.0
44607	244	0	5	0.6025	105.2	526.0	0.3333333333333333
44608	305	0	5	0.755	251.4	1257.0	0.6666666666666666
44609	246	0	5	0.6075	150.6	753.0	0.6666666666666666
44610	343	0	5	0.85	231.4	1157.0	0.6666666666666666
44611	309	0	5	0.765	185.0	925.0	0.3333333333333333
44612	151	0	5	0.37	111.0	555.0	0.3333333333333333
44613	167	0	5	0.41	54.6	273.0	0.6666666666666666
44614	102	0	5	0.2475	98.4	492.0	0.3333333333333333
44615	257	0	5	0.635	203.8	1019.0	0.0
44616	300	0	5	0.7425	205.0	1025.0	0.3333333333333333
44617	190	0	5	0.4675	103.4	517.0	0.6666666666666666
44618	177	0	5	0.435	108.6	543.0	0.0
44619	238	0	5	0.5875	178.0	890.0	0.3333333333333333
44620	283	0	5	0.7	117.8	589.0	0.6666666666666666
44621	349	0	5	0.865	339.8	1699.0	0.0
44622	46	0	5	0.1075	36.2	181.0	0.3333333333333333
44623	145	0	5	0.355	125.0	625.0	0.3333333333333333
44624	94	0	5	0.2275	88.8	444.0	0.0
44625	131	0	5	0.32	109.4	547.0	0.0
44626	295	0	5	0.73	156.2	781.0	0.3333333333333333
44627	38	0	5	0.0875	36.0	180.0	0.0
44628	296	0	5	0.7325	205.8	1029.0	0.3333333333333333
44629	264	0	5	0.6525	98.0	490.0	0.3333333333333333
44630	398	0	5	0.9875	322.6	1613.0	0.6666666666666666
44631	167	0	5	0.41	130.2	651.0	0.0
44632	282	0	5	0.6975	206.0	1030.0	0.3333333333333333
44633	366	1	4	0.9125	94.8	474.0	1.0
44634	99	0	5	0.24	91.0	455.0	0.0
44635	312	0	5	0.7725	157.2	786.0	0.6666666666666666
44636	272	0	5	0.6725	231.4	1157.0	0.3333333333333333
44637	222	0	5	0.5475	107.2	536.0	0.6666666666666666
44638	111	0	5	0.27	85.4	427.0	0.3333333333333333
44639	98	0	5	0.2375	80.4	402.0	0.3333333333333333
44640	368	0	5	0.9125	194.2	971.0	0.6666666666666666
44641	387	0	5	0.96	306.6	1533.0	0.6666666666666666
44642	302	0	5	0.7475	218.4	1092.0	0.3333333333333333
44643	259	0	5	0.64	182.6	913.0	0.3333333333333333
44644	124	0	5	0.3025	71.6	358.0	0.3333333333333333
44645	314	0	5	0.7775	174.4	872.0	0.3333333333333333
44646	150	0	5	0.3675	120.6	603.0	0.3333333333333333
44647	164	0	5	0.4025	110.8	554.0	0.6666666666666666
44648	61	0	5	0.145	35.6	178.0	0.3333333333333333
44649	257	0	5	0.635	181.2	906.0	0.6666666666666666
44650	10	0	5	0.0175	8.0	40.0	0.0
44651	276	0	5	0.6825	162.0	810.0	0.6666666666666666
44652	70	0	5	0.1675	56.8	284.0	0.0
44653	72	0	5	0.1725	56.8	284.0	0.3333333333333333
44654	366	0	5	0.9075	102.0	510.0	0.6666666666666666
44655	211	0	5	0.52	139.4	697.0	0.3333333333333333
44656	282	0	5	0.6975	211.6	1058.0	0.6666666666666666
44657	331	0	5	0.82	138.6	693.0	0.6666666666666666
44658	304	0	5	0.7525	243.6	1218.0	0.6666666666666666
44659	128	0	5	0.3125	126.0	630.0	0.0
44660	275	0	5	0.68	254.0	1270.0	0.6666666666666666
44661	361	0	5	0.895	209.8	1049.0	0.6666666666666666
44662	110	0	5	0.2675	90.4	452.0	0.3333333333333333
44663	291	0	5	0.72	85.0	425.0	0.3333333333333333
44664	338	0	5	0.8375	287.0	1435.0	0.0
44665	268	0	5	0.6625	165.2	826.0	0.6666666666666666
44666	18	0	5	0.0375	13.8	69.0	0.0
44667	249	0	5	0.615	150.6	753.0	0.3333333333333333
44668	254	0	5	0.6275	153.0	765.0	0.6666666666666666
44669	260	0	5	0.6425	172.4	862.0	0.6666666666666666
44670	74	0	5	0.1775	71.4	357.0	0.0
44671	158	0	5	0.3875	97.6	488.0	0.3333333333333333
44672	362	1	4	0.9025	106.8	534.0	1.0
44673	61	0	5	0.145	51.0	255.0	0.3333333333333333
44674	354	0	5	0.8775	196.8	984.0	0.0
44675	248	0	5	0.6125	151.2	756.0	0.3333333333333333
44676	302	1	4	0.7525	192.2	961.0	1.0
44677	46	0	5	0.1075	44.0	220.0	0.0
44678	254	0	5	0.6275	86.0	430.0	0.6666666666666666
44679	140	0	5	0.3425	138.0	690.0	0.0
44680	198	0	5	0.4875	156.6	783.0	0.3333333333333333
44681	138	0	5	0.3375	84.0	420.0	0.6666666666666666
44682	5	0	5	0.005	3.0	15.0	0.0
44683	131	0	5	0.32	104.6	523.0	0.3333333333333333
44684	303	1	4	0.755	124.6	623.0	1.0
44685	311	0	5	0.77	170.0	850.0	0.6666666666666666
44686	113	0	5	0.275	111.0	555.0	0.0
44687	233	0	5	0.575	149.0	745.0	0.3333333333333333
44688	175	0	5	0.43	145.0	725.0	0.0
44689	98	0	5	0.2375	31.4	157.0	0.0
44690	230	0	5	0.5675	186.0	930.0	0.3333333333333333
44691	361	0	5	0.895	100.6	503.0	0.6666666666666666
44692	201	1	4	0.5	66.8	334.0	1.0
44693	21	0	5	0.045	8.0	40.0	0.3333333333333333
44694	213	0	5	0.525	184.0	920.0	0.3333333333333333
44695	217	0	5	0.535	215.0	1075.0	0.3333333333333333
44696	360	1	4	0.8975	197.8	989.0	1.0
44697	350	0	5	0.8675	161.4	807.0	0.6666666666666666
44698	39	0	5	0.09	37.0	185.0	0.0
44699	308	0	5	0.7625	110.6	553.0	0.3333333333333333
44700	31	0	5	0.07	29.0	145.0	0.0
44701	74	1	4	0.1825	47.8	239.0	1.0
44702	210	0	5	0.5175	120.8	604.0	0.6666666666666666
44703	234	0	5	0.5775	99.6	498.0	0.6666666666666666
44704	158	0	5	0.3875	129.8	649.0	0.0
44705	338	1	4	0.8425	270.4	1352.0	1.0
44706	53	0	5	0.125	40.8	204.0	0.3333333333333333
44707	269	0	5	0.665	120.0	600.0	0.6666666666666666
44708	364	1	4	0.9075	207.2	1036.0	1.0
44709	350	0	5	0.8675	103.2	516.0	0.6666666666666666
44710	388	1	4	0.9675	196.8	984.0	1.0
44711	78	0	5	0.1875	47.2	236.0	0.3333333333333333
44712	324	0	5	0.8025	174.8	874.0	0.3333333333333333
44713	94	0	5	0.2275	42.4	212.0	0.0
44714	135	0	5	0.33	108.8	544.0	0.3333333333333333
44715	195	0	5	0.48	51.8	259.0	0.6666666666666666
44716	399	0	5	0.99	249.0	1245.0	0.6666666666666666
44717	258	0	5	0.6375	193.8	969.0	0.6666666666666666
44718	385	0	5	0.955	229.8	1149.0	0.6666666666666666
44719	56	0	5	0.1325	54.0	270.0	0.0
44720	286	0	5	0.7075	209.0	1045.0	0.3333333333333333
44721	187	0	5	0.46	65.6	328.0	0.3333333333333333
44722	389	0	5	0.965	147.8	739.0	0.6666666666666666
44723	161	0	5	0.395	86.2	431.0	0.0
44724	357	1	4	0.89	289.8	1449.0	1.0
44725	221	0	5	0.545	123.4	617.0	0.3333333333333333
44726	362	0	5	0.8975	229.6	1148.0	0.6666666666666666
44727	240	0	5	0.5925	100.4	502.0	0.3333333333333333
44728	84	0	5	0.2025	73.8	369.0	0.3333333333333333
44729	193	0	5	0.475	80.6	403.0	0.3333333333333333
44730	378	0	5	0.9375	137.8	689.0	0.6666666666666666
44731	284	0	5	0.7025	114.0	570.0	0.6666666666666666
44732	34	0	5	0.0775	31.2	156.0	0.0
44733	25	0	5	0.055	23.0	115.0	0.0
44734	254	0	5	0.6275	133.8	669.0	0.0
44735	401	0	5	0.995	192.8	964.0	0.6666666666666666
44736	142	0	5	0.3475	65.2	326.0	0.6666666666666666
44737	277	0	5	0.685	183.8	919.0	0.6666666666666666
44738	11	0	5	0.02	9.0	45.0	0.0
44739	145	0	5	0.355	35.8	179.0	0.3333333333333333
44740	137	0	5	0.335	68.0	340.0	0.3333333333333333
44741	399	0	5	0.99	221.0	1105.0	0.6666666666666666
44742	148	0	5	0.3625	104.6	523.0	0.3333333333333333
44743	155	0	5	0.38	70.2	351.0	0.6666666666666666
44744	128	0	5	0.3125	74.0	370.0	0.3333333333333333
44745	292	0	5	0.7225	234.8	1174.0	0.0
44746	265	0	5	0.655	209.4	1047.0	0.6666666666666666
44747	349	0	5	0.865	232.2	1161.0	0.6666666666666666
44748	375	0	5	0.93	277.0	1385.0	0.6666666666666666
44749	59	0	5	0.14	48.8	244.0	0.3333333333333333
44750	312	0	5	0.7725	150.0	750.0	0.6666666666666666
44751	206	0	5	0.5075	132.0	660.0	0.3333333333333333
44752	293	0	5	0.725	170.4	852.0	0.3333333333333333
44753	338	0	5	0.8375	113.6	568.0	0.6666666666666666
44754	276	1	4	0.6875	206.4	1032.0	1.0
44755	120	0	5	0.2925	70.8	354.0	0.3333333333333333
44756	156	0	5	0.3825	95.6	478.0	0.3333333333333333
44757	242	1	4	0.6025	139.8	699.0	1.0
44758	227	0	5	0.56	196.0	980.0	0.3333333333333333
44759	208	0	5	0.5125	186.0	930.0	0.0
44760	189	1	4	0.47	169.8	849.0	1.0
44761	95	0	5	0.23	81.4	407.0	0.0
44762	105	0	5	0.255	40.2	201.0	0.3333333333333333
44763	5	0	5	0.005	3.0	15.0	0.0
44764	67	0	5	0.16	32.6	163.0	0.0
44765	198	1	4	0.4925	91.2	456.0	1.0
44766	221	0	5	0.545	172.6	863.0	0.3333333333333333
44767	338	0	5	0.8375	163.6	818.0	0.6666666666666666
44768	4	0	5	0.0025	2.0	10.0	0.0
44769	294	0	5	0.7275	201.6	1008.0	0.3333333333333333
44770	375	1	4	0.935	143.0	715.0	1.0
44771	59	0	5	0.14	57.0	285.0	0.0
44772	372	0	5	0.9225	159.8	799.0	0.6666666666666666
44773	331	0	5	0.82	253.2	1266.0	0.6666666666666666
44774	14	0	5	0.0275	4.0	20.0	0.3333333333333333
44775	369	1	4	0.92	185.4	927.0	1.0
44776	132	0	5	0.3225	93.4	467.0	0.3333333333333333
44777	226	0	5	0.5575	63.4	317.0	0.6666666666666666
44778	286	1	4	0.7125	167.6	838.0	1.0
44779	307	1	4	0.765	161.0	805.0	1.0
44780	334	0	5	0.8275	325.6	1628.0	0.0
44781	140	0	5	0.3425	83.0	415.0	0.3333333333333333
44782	28	0	5	0.0625	26.0	130.0	0.3333333333333333
44783	134	0	5	0.3275	65.4	327.0	0.6666666666666666
44784	314	0	5	0.7775	252.6	1263.0	0.3333333333333333
44785	223	0	5	0.55	82.0	410.0	0.6666666666666666
44786	142	0	5	0.3475	138.8	694.0	0.3333333333333333
44787	65	0	5	0.155	19.0	95.0	0.3333333333333333
44788	368	1	4	0.9175	320.4	1602.0	1.0
44789	276	1	4	0.6875	92.6	463.0	1.0
44790	29	0	5	0.065	27.0	135.0	0.0
44791	128	0	5	0.3125	92.4	462.0	0.3333333333333333
44792	217	0	5	0.535	133.4	667.0	0.6666666666666666
44793	278	0	5	0.6875	123.0	615.0	0.6666666666666666
44794	191	0	5	0.47	64.2	321.0	0.3333333333333333
44795	256	0	5	0.6325	165.0	825.0	0.6666666666666666
44796	11	0	5	0.02	9.0	45.0	0.0
44797	362	0	5	0.8975	144.4	722.0	0.3333333333333333
44798	320	0	5	0.7925	252.2	1261.0	0.3333333333333333
44799	340	0	5	0.8425	174.0	870.0	0.6666666666666666
44800	353	0	5	0.875	294.2	1471.0	0.3333333333333333
44801	166	0	5	0.4075	164.0	820.0	0.0
44802	197	0	5	0.485	142.2	711.0	0.6666666666666666
44803	354	0	5	0.8775	123.0	615.0	0.6666666666666666
44804	105	0	5	0.255	88.6	443.0	0.3333333333333333
44805	305	1	4	0.76	123.4	617.0	1.0
44806	134	0	5	0.3275	99.0	495.0	0.3333333333333333
44807	339	0	5	0.84	319.6	1598.0	0.3333333333333333
44808	349	0	5	0.865	208.8	1044.0	0.6666666666666666
44809	214	1	4	0.5325	54.8	274.0	1.0
44810	214	0	5	0.5275	93.8	469.0	0.6666666666666666
44811	190	1	4	0.4725	95.0	475.0	1.0
44812	71	0	5	0.17	55.8	279.0	0.0
44813	309	0	5	0.765	111.8	559.0	0.0
44814	132	0	5	0.3225	55.6	278.0	0.3333333333333333
44815	359	1	4	0.895	132.4	662.0	1.0
44816	205	0	5	0.505	58.2	291.0	0.6666666666666666
44817	334	0	5	0.8275	191.2	956.0	0.6666666666666666
44818	82	0	5	0.1975	55.2	276.0	0.0
44819	113	0	5	0.275	100.0	500.0	0.3333333333333333
44820	233	0	5	0.575	208.6	1043.0	0.3333333333333333
44821	115	0	5	0.28	113.0	565.0	0.0
44822	379	1	3	0.945	321.0	1605.0	1.0
44823	292	0	5	0.7225	74.6	373.0	0.6666666666666666
44824	229	0	5	0.565	227.0	1135.0	0.0
44825	178	0	5	0.4375	117.2	586.0	0.6666666666666666
44826	183	0	5	0.45	83.8	419.0	0.3333333333333333
44827	233	0	5	0.575	59.0	295.0	0.3333333333333333
44828	129	0	5	0.315	66.0	330.0	0.0
44829	400	0	5	0.9925	353.0	1765.0	0.6666666666666666
44830	360	0	5	0.8925	320.8	1604.0	0.6666666666666666
44831	279	0	5	0.69	93.4	467.0	0.3333333333333333
44832	131	0	5	0.32	79.8	399.0	0.6666666666666666
44833	25	0	5	0.055	23.0	115.0	0.0
44834	372	0	5	0.9225	96.4	482.0	0.6666666666666666
44835	339	0	5	0.84	129.2	646.0	0.3333333333333333
44836	355	0	5	0.88	234.4	1172.0	0.6666666666666666
44837	293	0	5	0.725	282.2	1411.0	0.0
44838	243	0	5	0.6	226.4	1132.0	0.3333333333333333
44839	218	0	5	0.5375	66.4	332.0	0.0
44840	15	0	5	0.03	13.0	65.0	0.0
44841	310	0	5	0.7675	206.8	1034.0	0.6666666666666666
44842	328	1	4	0.8175	186.6	933.0	1.0
44843	189	0	5	0.465	67.2	336.0	0.6666666666666666
44844	82	0	5	0.1975	73.8	369.0	0.3333333333333333
44845	173	0	5	0.425	141.6	708.0	0.3333333333333333
44846	134	0	5	0.3275	119.0	595.0	0.0
44847	11	0	5	0.02	9.0	45.0	0.0
44848	118	0	5	0.2875	52.8	264.0	0.3333333333333333
44849	232	0	5	0.5725	161.2	806.0	0.0
44850	171	0	5	0.42	121.8	609.0	0.3333333333333333
44851	360	1	4	0.8975	189.6	948.0	1.0
44852	64	0	5	0.1525	39.6	198.0	0.0
44853	126	0	5	0.3075	120.2	601.0	0.0
44854	307	0	5	0.76	165.2	826.0	0.3333333333333333
44855	220	0	5	0.5425	132.4	662.0	0.6666666666666666
44856	130	0	5	0.3175	109.4	547.0	0.3333333333333333
44857	238	0	5	0.5875	210.8	1054.0	0.0
44858	201	0	5	0.495	115.8	579.0	0.3333333333333333
44859	24	0	5	0.0525	22.0	110.0	0.0
44860	267	1	4	0.665	223.0	1115.0	1.0
44861	67	0	5	0.16	64.2	321.0	0.0
44862	46	0	5	0.1075	39.8	199.0	0.3333333333333333
44863	43	0	5	0.1	41.0	205.0	0.0
44864	117	0	5	0.285	108.6	543.0	0.0
44865	40	0	5	0.0925	38.0	190.0	0.0
44866	94	0	5	0.2275	75.6	378.0	0.3333333333333333
44867	130	0	5	0.3175	77.8	389.0	0.6666666666666666
44868	29	0	5	0.065	27.0	135.0	0.0
44869	117	0	5	0.285	77.8	389.0	0.3333333333333333
44870	327	0	5	0.81	134.6	673.0	0.6666666666666666
44871	378	0	5	0.9375	169.2	846.0	0.6666666666666666
44872	306	0	5	0.7575	192.4	962.0	0.6666666666666666
44873	57	0	5	0.135	55.0	275.0	0.0
44874	368	0	5	0.9125	182.0	910.0	0.3333333333333333
44875	207	0	5	0.51	182.2	911.0	0.3333333333333333
44876	100	0	5	0.2425	58.0	290.0	0.3333333333333333
44877	317	0	5	0.785	140.0	700.0	0.3333333333333333
44878	239	0	5	0.59	200.0	1000.0	0.3333333333333333
44879	145	0	5	0.355	121.0	605.0	0.0
44880	85	0	5	0.205	53.0	265.0	0.6666666666666666
44881	151	0	5	0.37	117.0	585.0	0.3333333333333333
44882	392	0	5	0.9725	198.8	994.0	0.6666666666666666
44883	32	0	5	0.0725	20.4	102.0	0.3333333333333333
44884	292	0	5	0.7225	229.8	1149.0	0.3333333333333333
44885	46	0	5	0.1075	44.0	220.0	0.0
44886	212	0	5	0.5225	192.8	964.0	0.6666666666666666
44887	88	0	5	0.2125	86.0	430.0	0.0
44888	136	1	3	0.3375	69.4	347.0	1.0
44889	316	1	4	0.7875	136.0	680.0	1.0
44890	233	0	5	0.575	216.6	1083.0	0.3333333333333333
44891	106	0	5	0.2575	88.2	441.0	0.3333333333333333
44892	351	0	5	0.87	274.4	1372.0	0.3333333333333333
44893	278	0	5	0.6875	152.0	760.0	0.3333333333333333
44894	317	0	5	0.785	179.6	898.0	0.6666666666666666
44895	234	0	5	0.5775	76.8	384.0	0.6666666666666666
44896	330	0	5	0.8175	142.4	712.0	0.6666666666666666
44897	321	0	5	0.795	100.6	503.0	0.6666666666666666
44898	43	0	5	0.1	38.2	191.0	0.0
44899	161	0	5	0.395	136.8	684.0	0.0
44900	188	0	5	0.4625	71.4	357.0	0.6666666666666666
44901	294	0	5	0.7275	178.8	894.0	0.3333333333333333
44902	254	0	5	0.6275	99.4	497.0	0.6666666666666666
44903	208	1	4	0.5175	141.2	706.0	1.0
44904	347	0	5	0.86	301.0	1505.0	0.6666666666666666
44905	335	0	5	0.83	222.0	1110.0	0.3333333333333333
44906	168	0	5	0.4125	76.8	384.0	0.3333333333333333
44907	297	1	4	0.74	167.0	835.0	1.0
44908	264	0	5	0.6525	124.6	623.0	0.3333333333333333
44909	86	0	5	0.2075	77.6	388.0	0.0
44910	276	1	4	0.6875	146.8	734.0	1.0
44911	143	0	5	0.35	137.8	689.0	0.0
44912	303	0	5	0.75	184.8	924.0	0.6666666666666666
44913	332	0	5	0.8225	217.8	1089.0	0.6666666666666666
44914	309	0	5	0.765	275.6	1378.0	0.6666666666666666
44915	80	0	5	0.1925	78.0	390.0	0.0
44916	125	0	5	0.305	82.0	410.0	0.6666666666666666
44917	250	0	5	0.6175	146.6	733.0	0.3333333333333333
44918	196	0	5	0.4825	156.4	782.0	0.6666666666666666
44919	231	0	5	0.57	101.8	509.0	0.3333333333333333
44920	373	0	5	0.925	217.0	1085.0	0.6666666666666666
44921	318	0	5	0.7875	225.8	1129.0	0.6666666666666666
44922	29	0	5	0.065	27.0	135.0	0.0
44923	320	1	4	0.7975	144.8	724.0	1.0
44924	161	0	5	0.395	127.2	636.0	0.6666666666666666
44925	234	0	5	0.5775	156.0	780.0	0.3333333333333333
44926	264	0	5	0.6525	197.6	988.0	0.3333333333333333
44927	325	0	5	0.805	221.0	1105.0	0.3333333333333333
44928	248	0	5	0.6125	179.8	899.0	0.3333333333333333
44929	151	1	4	0.375	78.8	394.0	1.0
44930	287	0	5	0.71	63.0	315.0	0.6666666666666666
44931	264	0	5	0.6525	237.4	1187.0	0.3333333333333333
44932	101	0	5	0.245	44.4	222.0	0.3333333333333333
44933	224	0	5	0.5525	157.2	786.0	0.3333333333333333
44934	208	0	5	0.5125	74.4	372.0	0.6666666666666666
44935	249	0	5	0.615	114.0	570.0	0.6666666666666666
44936	276	0	5	0.6825	117.4	587.0	0.3333333333333333
44937	241	0	5	0.595	126.4	632.0	0.3333333333333333
44938	178	0	5	0.4375	164.0	820.0	0.3333333333333333
44939	90	0	5	0.2175	48.0	240.0	0.3333333333333333
44940	186	0	5	0.4575	178.0	890.0	0.0
44941	327	1	4	0.815	166.2	831.0	1.0
44942	283	0	5	0.7	212.6	1063.0	0.6666666666666666
44943	338	1	4	0.8425	249.4	1247.0	1.0
44944	282	0	5	0.6975	199.2	996.0	0.6666666666666666
44945	343	1	4	0.855	253.6	1268.0	1.0
44946	355	0	5	0.88	78.8	394.0	0.6666666666666666
44947	248	0	5	0.6125	184.4	922.0	0.6666666666666666
44948	206	0	5	0.5075	48.8	244.0	0.6666666666666666
44949	324	0	5	0.8025	170.0	850.0	0.6666666666666666
44950	163	0	5	0.4	60.2	301.0	0.6666666666666666
44951	313	0	5	0.775	172.2	861.0	0.6666666666666666
44952	187	0	5	0.46	116.2	581.0	0.3333333333333333
44953	293	0	5	0.725	164.8	824.0	0.3333333333333333
44954	26	0	5	0.0575	24.0	120.0	0.0
44955	135	0	5	0.33	112.0	560.0	0.0
44956	398	0	5	0.9875	320.4	1602.0	0.6666666666666666
44957	125	0	5	0.305	81.4	407.0	0.3333333333333333
44958	337	0	5	0.835	154.6	773.0	0.6666666666666666
44959	64	0	5	0.1525	37.6	188.0	0.3333333333333333
44960	224	0	5	0.5525	155.6	778.0	0.3333333333333333
44961	328	1	4	0.8175	132.0	660.0	1.0
44962	274	0	5	0.6775	201.2	1006.0	0.6666666666666666
44963	360	1	4	0.8975	166.4	832.0	1.0
44964	330	0	5	0.8175	149.4	747.0	0.3333333333333333
44965	161	0	5	0.395	61.2	306.0	0.3333333333333333
44966	175	0	5	0.43	52.6	263.0	0.3333333333333333
44967	35	0	5	0.08	33.0	165.0	0.0
44968	110	0	5	0.2675	74.6	373.0	0.0
44969	173	0	5	0.425	161.8	809.0	0.3333333333333333
44970	167	0	5	0.41	165.0	825.0	0.0
44971	46	0	5	0.1075	44.0	220.0	0.0
44972	238	0	5	0.5875	136.8	684.0	0.6666666666666666
44973	170	0	5	0.4175	73.8	369.0	0.3333333333333333
44974	359	1	4	0.895	308.6	1543.0	1.0
44975	137	0	5	0.335	101.6	508.0	0.3333333333333333
44976	241	1	4	0.6	105.4	527.0	1.0
44977	342	1	4	0.8525	132.8	664.0	1.0
44978	247	0	5	0.61	183.8	919.0	0.3333333333333333
44979	395	0	5	0.98	155.0	775.0	0.6666666666666666
44980	362	0	5	0.8975	358.6	1793.0	0.3333333333333333
44981	225	0	5	0.555	162.2	811.0	0.3333333333333333
44982	275	0	5	0.68	166.8	834.0	0.6666666666666666
44983	299	1	4	0.745	215.4	1077.0	1.0
44984	217	0	5	0.535	136.2	681.0	0.0
44985	196	0	5	0.4825	192.4	962.0	0.3333333333333333
44986	346	1	4	0.8625	245.2	1226.0	1.0
44987	333	0	5	0.825	180.6	903.0	0.6666666666666666
44988	316	0	5	0.7825	79.4	397.0	0.3333333333333333
44989	308	0	5	0.7625	241.4	1207.0	0.3333333333333333
44990	381	0	5	0.945	182.8	914.0	0.6666666666666666
44991	284	0	5	0.7025	96.8	484.0	0.3333333333333333
44992	163	0	5	0.4	126.8	634.0	0.0
44993	298	1	4	0.7425	263.8	1319.0	1.0
44994	227	0	5	0.56	64.2	321.0	0.6666666666666666
44995	195	0	5	0.48	130.0	650.0	0.0
44996	330	0	5	0.8175	137.2	686.0	0.6666666666666666
44997	376	0	5	0.9325	253.6	1268.0	0.6666666666666666
44998	291	0	5	0.72	78.6	393.0	0.6666666666666666
44999	205	0	5	0.505	124.8	624.0	0.3333333333333333
45000	232	0	5	0.5725	227.2	1136.0	0.3333333333333333
45001	246	0	5	0.6075	127.8	639.0	0.3333333333333333
45002	55	0	5	0.13	53.0	265.0	0.0
45003	331	1	4	0.825	143.8	719.0	1.0
45004	155	0	5	0.38	98.2	491.0	0.3333333333333333
45005	314	0	5	0.7775	164.6	823.0	0.6666666666666666
45006	55	1	4	0.135	36.8	184.0	1.0
45007	213	0	5	0.525	122.6	613.0	0.3333333333333333
45008	47	0	5	0.11	32.2	161.0	0.3333333333333333
45009	206	0	5	0.5075	177.6	888.0	0.0
45010	242	0	5	0.5975	204.0	1020.0	0.3333333333333333
45011	239	0	5	0.59	172.8	864.0	0.3333333333333333
45012	139	0	5	0.34	72.6	363.0	0.3333333333333333
45013	328	1	4	0.8175	220.4	1102.0	1.0
45014	115	0	5	0.28	104.6	523.0	0.3333333333333333
45015	394	1	4	0.9825	87.6	438.0	1.0
45016	383	0	5	0.95	164.4	822.0	0.3333333333333333
45017	245	0	5	0.605	178.0	890.0	0.3333333333333333
45018	111	0	5	0.27	98.2	491.0	0.3333333333333333
45019	25	0	5	0.055	23.0	115.0	0.0
45020	276	0	5	0.6825	132.0	660.0	0.6666666666666666
45021	368	0	5	0.9125	168.4	842.0	0.3333333333333333
45022	263	0	5	0.65	226.2	1131.0	0.0
45023	149	0	5	0.365	62.4	312.0	0.3333333333333333
45024	342	0	5	0.8475	131.6	658.0	0.6666666666666666
45025	65	0	5	0.155	43.0	215.0	0.3333333333333333
45026	331	0	5	0.82	212.4	1062.0	0.3333333333333333
45027	86	0	5	0.2075	84.0	420.0	0.0
45028	277	0	5	0.685	195.0	975.0	0.3333333333333333
45029	400	1	4	0.9975	160.2	801.0	1.0
45030	58	0	5	0.1375	56.0	280.0	0.0
45031	379	0	5	0.94	218.2	1091.0	0.6666666666666666
45032	95	0	5	0.23	50.4	252.0	0.0
45033	250	0	5	0.6175	201.8	1009.0	0.6666666666666666
45034	364	1	4	0.9075	203.4	1017.0	1.0
45035	108	0	5	0.2625	98.8	494.0	0.0
45036	325	0	5	0.805	189.4	947.0	0.6666666666666666
45037	224	0	5	0.5525	86.8	434.0	0.3333333333333333
45038	288	0	5	0.7125	66.8	334.0	0.3333333333333333
45039	351	1	4	0.875	185.8	929.0	1.0
45040	179	0	5	0.44	88.8	444.0	0.6666666666666666
45041	35	0	5	0.08	23.4	117.0	0.0
45042	271	0	5	0.67	230.4	1152.0	0.3333333333333333
45043	8	0	5	0.0125	5.4	27.0	0.3333333333333333
45044	245	0	5	0.605	177.0	885.0	0.3333333333333333
45045	267	0	5	0.66	139.0	695.0	0.6666666666666666
45046	174	0	5	0.4275	140.8	704.0	0.3333333333333333
45047	292	0	5	0.7225	182.6	913.0	0.6666666666666666
45048	223	0	5	0.55	156.0	780.0	0.6666666666666666
45049	345	0	5	0.855	264.2	1321.0	0.3333333333333333
45050	262	0	5	0.6475	183.0	915.0	0.3333333333333333
45051	301	0	5	0.745	141.4	707.0	0.6666666666666666
45052	105	0	5	0.255	79.8	399.0	0.0
45053	20	0	5	0.0425	18.0	90.0	0.0
45054	49	0	5	0.115	39.2	196.0	0.3333333333333333
45055	119	0	5	0.29	81.8	409.0	0.3333333333333333
45056	122	0	5	0.2975	94.6	473.0	0.6666666666666666
45057	97	0	5	0.235	82.2	411.0	0.0
45058	65	0	5	0.155	27.0	135.0	0.0
45059	337	0	5	0.835	278.6	1393.0	0.0
45060	147	0	5	0.36	145.0	725.0	0.0
45061	256	0	5	0.6325	174.0	870.0	0.6666666666666666
45062	143	0	5	0.35	51.0	255.0	0.0
45063	254	0	5	0.6275	230.4	1152.0	0.3333333333333333
45064	275	0	5	0.68	93.0	465.0	0.6666666666666666
45065	123	0	5	0.3	121.0	605.0	0.0
45066	305	0	5	0.755	136.4	682.0	0.0
45067	314	0	5	0.7775	236.0	1180.0	0.0
45068	305	0	5	0.755	169.2	846.0	0.6666666666666666
45069	25	0	5	0.055	23.0	115.0	0.0
45070	341	0	5	0.845	253.8	1269.0	0.3333333333333333
45071	236	1	4	0.5875	63.2	316.0	1.0
45072	30	0	5	0.0675	28.0	140.0	0.0
45073	314	0	5	0.7775	142.8	714.0	0.3333333333333333
45074	5	0	5	0.005	3.0	15.0	0.0
45075	47	0	5	0.11	45.0	225.0	0.0
45076	209	1	3	0.52	173.0	865.0	1.0
45077	101	0	5	0.245	86.2	431.0	0.3333333333333333
45078	257	0	5	0.635	120.8	604.0	0.3333333333333333
45079	282	0	5	0.6975	215.2	1076.0	0.0
45080	170	0	5	0.4175	106.2	531.0	0.6666666666666666
45081	369	1	4	0.92	132.6	663.0	1.0
45082	336	0	5	0.8325	166.0	830.0	0.6666666666666666
45083	317	1	4	0.79	84.2	421.0	1.0
45084	174	0	5	0.4275	138.4	692.0	0.3333333333333333
45085	272	0	5	0.6725	208.6	1043.0	0.3333333333333333
45086	182	0	5	0.4475	131.2	656.0	0.6666666666666666
45087	253	0	5	0.625	135.0	675.0	0.6666666666666666
45088	38	0	5	0.0875	36.0	180.0	0.0
45089	341	0	5	0.845	208.6	1043.0	0.6666666666666666
45090	55	0	5	0.13	51.4	257.0	0.3333333333333333
45091	322	0	5	0.7975	224.0	1120.0	0.6666666666666666
45092	385	0	5	0.955	218.8	1094.0	0.6666666666666666
45093	316	0	5	0.7825	135.6	678.0	0.6666666666666666
45094	388	0	5	0.9625	214.8	1074.0	0.6666666666666666
45095	357	0	5	0.885	256.4	1282.0	0.6666666666666666
45096	339	0	5	0.84	165.6	828.0	0.6666666666666666
45097	26	0	5	0.0575	24.0	120.0	0.0
45098	205	0	5	0.505	203.0	1015.0	0.0
45099	150	0	5	0.3675	48.6	243.0	0.6666666666666666
45100	327	0	5	0.81	280.4	1402.0	0.6666666666666666
45101	277	0	5	0.685	145.4	727.0	0.6666666666666666
45102	134	0	5	0.3275	63.8	319.0	0.3333333333333333
45103	307	1	4	0.765	152.2	761.0	1.0
45104	342	0	5	0.8475	200.0	1000.0	0.6666666666666666
45105	50	0	5	0.1175	40.8	204.0	0.6666666666666666
45106	129	0	5	0.315	72.6	363.0	0.3333333333333333
45107	127	0	5	0.31	97.4	487.0	0.0
45108	128	0	5	0.3125	117.8	589.0	0.0
45109	221	1	4	0.55	67.4	337.0	1.0
45110	359	0	5	0.89	162.0	810.0	0.6666666666666666
45111	124	0	5	0.3025	68.0	340.0	0.3333333333333333
45112	210	0	5	0.5175	114.6	573.0	0.6666666666666666
45113	193	1	4	0.48	71.0	355.0	1.0
45114	316	0	5	0.7825	174.6	873.0	0.3333333333333333
45115	256	0	5	0.6325	134.8	674.0	0.6666666666666666
45116	370	0	5	0.9175	258.0	1290.0	0.3333333333333333
45117	12	0	5	0.0225	10.0	50.0	0.0
45118	337	0	5	0.835	182.2	911.0	0.3333333333333333
45119	91	0	5	0.22	55.4	277.0	0.3333333333333333
45120	241	0	5	0.595	186.2	931.0	0.6666666666666666
45121	286	1	4	0.7125	106.6	533.0	1.0
45122	280	0	5	0.6925	74.0	370.0	0.3333333333333333
45123	158	0	5	0.3875	73.0	365.0	0.3333333333333333
45124	246	0	5	0.6075	174.2	871.0	0.6666666666666666
45125	247	0	5	0.61	245.0	1225.0	0.0
45126	302	0	5	0.7475	151.6	758.0	0.6666666666666666
45127	358	1	4	0.8925	244.6	1223.0	1.0
45128	61	0	5	0.145	55.8	279.0	0.3333333333333333
45129	103	0	5	0.25	101.0	505.0	0.0
45130	183	0	5	0.45	135.4	677.0	0.0
45131	256	0	5	0.6325	78.8	394.0	0.6666666666666666
45132	334	0	5	0.8275	117.2	586.0	0.6666666666666666
45133	65	0	5	0.155	48.6	243.0	0.3333333333333333
45134	175	0	5	0.43	164.8	824.0	0.0
45135	19	0	5	0.04	17.0	85.0	0.0
45136	102	0	5	0.2475	100.0	500.0	0.0
45137	186	0	5	0.4575	156.0	780.0	0.3333333333333333
45138	271	0	5	0.67	118.6	593.0	0.3333333333333333
45139	126	0	5	0.3075	112.8	564.0	0.0
45140	189	0	5	0.465	136.6	683.0	0.3333333333333333
45141	275	0	5	0.68	168.8	844.0	0.3333333333333333
45142	358	1	4	0.8925	126.4	632.0	1.0
45143	249	1	4	0.62	52.4	262.0	1.0
45144	315	1	4	0.785	201.0	1005.0	1.0
45145	225	0	5	0.555	184.8	924.0	0.6666666666666666
45146	295	0	5	0.73	188.2	941.0	0.6666666666666666
45147	99	0	5	0.24	77.6	388.0	0.3333333333333333
45148	354	0	5	0.8775	102.4	512.0	0.6666666666666666
45149	48	0	5	0.1125	46.0	230.0	0.0
45150	162	1	4	0.4025	54.8	274.0	1.0
45151	395	0	5	0.98	336.2	1681.0	0.6666666666666666
45152	247	0	5	0.61	129.4	647.0	0.6666666666666666
45153	391	1	4	0.975	188.2	941.0	1.0
45154	112	0	5	0.2725	110.0	550.0	0.0
45155	236	0	5	0.5825	171.6	858.0	0.0
45156	353	0	5	0.875	235.4	1177.0	0.6666666666666666
45157	168	1	4	0.4175	69.0	345.0	1.0
45158	280	0	5	0.6925	212.6	1063.0	0.0
45159	312	0	5	0.7725	263.6	1318.0	0.0
45160	135	0	5	0.33	43.4	217.0	0.6666666666666666
45161	213	0	5	0.525	98.2	491.0	0.3333333333333333
45162	208	0	5	0.5125	199.6	998.0	0.3333333333333333
45163	344	0	5	0.8525	167.4	837.0	0.6666666666666666
45164	148	0	5	0.3625	71.0	355.0	0.6666666666666666
45165	217	0	5	0.535	99.4	497.0	0.3333333333333333
45166	253	0	5	0.625	100.6	503.0	0.3333333333333333
45167	346	0	5	0.8575	137.6	688.0	0.3333333333333333
45168	13	0	5	0.025	11.0	55.0	0.0
45169	268	0	5	0.6625	219.2	1096.0	0.6666666666666666
45170	179	0	5	0.44	106.2	531.0	0.3333333333333333
45171	237	0	5	0.585	151.8	759.0	0.3333333333333333
45172	213	0	5	0.525	210.4	1052.0	0.3333333333333333
45173	184	0	5	0.4525	131.4	657.0	0.3333333333333333
45174	211	0	5	0.52	165.2	826.0	0.3333333333333333
45175	181	0	5	0.445	179.0	895.0	0.3333333333333333
45176	113	0	5	0.275	69.8	349.0	0.3333333333333333
45177	375	1	4	0.935	200.0	1000.0	1.0
45178	241	0	5	0.595	225.6	1128.0	0.3333333333333333
45179	210	0	5	0.5175	186.8	934.0	0.3333333333333333
45180	58	0	5	0.1375	54.0	270.0	0.6666666666666666
45181	189	0	5	0.465	182.6	913.0	0.0
45182	179	0	5	0.44	128.6	643.0	0.0
45183	178	0	5	0.4375	159.2	796.0	0.6666666666666666
45184	262	0	5	0.6475	240.6	1203.0	0.6666666666666666
45185	138	0	5	0.3375	94.6	473.0	0.3333333333333333
45186	353	0	5	0.875	245.8	1229.0	0.6666666666666666
45187	183	0	5	0.45	176.2	881.0	0.0
45188	36	0	5	0.0825	17.4	87.0	0.3333333333333333
45189	170	0	5	0.4175	112.0	560.0	0.3333333333333333
45190	195	0	5	0.48	134.0	670.0	0.3333333333333333
45191	232	0	5	0.5725	199.0	995.0	0.3333333333333333
45192	107	0	5	0.26	46.2	231.0	0.3333333333333333
45193	313	0	5	0.775	221.2	1106.0	0.0
45194	159	0	5	0.39	157.0	785.0	0.0
45195	209	0	5	0.515	199.4	997.0	0.3333333333333333
45196	286	1	4	0.7125	176.8	884.0	1.0
45197	25	0	5	0.055	23.0	115.0	0.0
45198	395	0	5	0.98	154.4	772.0	0.6666666666666666
45199	378	0	5	0.9375	216.0	1080.0	0.6666666666666666
45200	76	0	5	0.1825	55.6	278.0	0.3333333333333333
45201	345	0	5	0.855	236.0	1180.0	0.6666666666666666
45202	115	0	5	0.28	106.4	532.0	0.3333333333333333
45203	64	0	5	0.1525	40.0	200.0	0.3333333333333333
45204	234	1	4	0.5825	116.2	581.0	1.0
45205	41	0	5	0.095	39.0	195.0	0.0
45206	120	0	5	0.2925	77.2	386.0	0.3333333333333333
45207	103	0	5	0.25	44.0	220.0	0.3333333333333333
45208	228	0	5	0.5625	152.4	762.0	0.6666666666666666
45209	349	0	5	0.865	219.0	1095.0	0.3333333333333333
45210	79	0	5	0.19	77.0	385.0	0.0
45211	192	0	5	0.4725	66.4	332.0	0.3333333333333333
45212	130	0	5	0.3175	102.0	510.0	0.3333333333333333
45213	56	0	5	0.1325	54.0	270.0	0.0
45214	303	0	5	0.75	135.2	676.0	0.6666666666666666
45215	280	0	5	0.6925	174.6	873.0	0.3333333333333333
45216	140	0	5	0.3425	133.8	669.0	0.0
45217	255	0	5	0.63	186.4	932.0	0.3333333333333333
45218	184	0	5	0.4525	122.0	610.0	0.0
45219	160	0	5	0.3925	151.6	758.0	0.0
45220	217	0	5	0.535	132.8	664.0	0.3333333333333333
45221	23	0	5	0.05	18.4	92.0	0.0
45222	317	0	5	0.785	157.4	787.0	0.3333333333333333
45223	113	0	5	0.275	63.4	317.0	0.3333333333333333
45224	162	0	5	0.3975	124.8	624.0	0.0
45225	401	0	3	0.9975	308.4	1542.0	0.6666666666666666
45226	250	0	5	0.6175	80.8	404.0	0.3333333333333333
45227	352	0	5	0.8725	330.0	1650.0	0.3333333333333333
45228	113	0	5	0.275	96.0	480.0	0.3333333333333333
45229	250	1	4	0.6225	76.6	383.0	1.0
45230	341	0	5	0.845	148.2	741.0	0.3333333333333333
45231	292	0	5	0.7225	87.8	439.0	0.6666666666666666
45232	255	0	5	0.63	97.4	487.0	0.3333333333333333
45233	336	0	5	0.8325	310.4	1552.0	0.6666666666666666
45234	110	1	4	0.2725	98.8	494.0	1.0
45235	348	0	5	0.8625	212.8	1064.0	0.6666666666666666
45236	287	1	4	0.715	248.6	1243.0	1.0
45237	232	0	5	0.5725	148.4	742.0	0.0
45238	337	1	4	0.84	106.4	532.0	1.0
45239	241	0	5	0.595	195.0	975.0	0.6666666666666666
45240	142	0	5	0.3475	50.4	252.0	0.3333333333333333
45241	392	0	5	0.9725	307.2	1536.0	0.6666666666666666
45242	141	0	5	0.345	139.0	695.0	0.0
45243	95	0	5	0.23	89.4	447.0	0.0
45244	31	0	5	0.07	29.0	145.0	0.0
45245	90	0	5	0.2175	88.0	440.0	0.0
45246	62	0	5	0.1475	55.2	276.0	0.3333333333333333
45247	119	0	5	0.29	80.6	403.0	0.3333333333333333
45248	374	0	5	0.9275	164.6	823.0	0.6666666666666666
45249	117	0	5	0.285	115.0	575.0	0.0
45250	87	0	5	0.21	85.0	425.0	0.0
45251	338	1	4	0.8425	298.8	1494.0	1.0
45252	256	0	5	0.6325	171.4	857.0	0.3333333333333333
45253	197	0	5	0.485	169.4	847.0	0.3333333333333333
45254	136	0	5	0.3325	102.8	514.0	0.3333333333333333
45255	328	0	5	0.8125	235.2	1176.0	0.6666666666666666
45256	335	0	5	0.83	241.8	1209.0	0.6666666666666666
45257	82	0	5	0.1975	56.6	283.0	0.3333333333333333
45258	92	0	5	0.2225	85.2	426.0	0.3333333333333333
45259	377	0	5	0.935	176.2	881.0	0.3333333333333333
45260	263	1	4	0.655	67.0	335.0	1.0
45261	325	0	5	0.805	194.6	973.0	0.3333333333333333
45262	169	0	5	0.415	41.4	207.0	0.3333333333333333
45263	202	1	4	0.5025	143.6	718.0	1.0
45264	9	0	5	0.015	7.0	35.0	0.0
45265	317	0	5	0.785	217.6	1088.0	0.3333333333333333
45266	383	1	4	0.955	170.2	851.0	1.0
45267	361	0	5	0.895	321.2	1606.0	0.3333333333333333
45268	156	0	5	0.3825	135.6	678.0	0.0
45269	194	0	5	0.4775	138.0	690.0	0.0
45270	171	0	5	0.42	126.4	632.0	0.3333333333333333
45271	233	0	5	0.575	212.6	1063.0	0.3333333333333333
45272	159	0	5	0.39	104.4	522.0	0.3333333333333333
45273	378	0	5	0.9375	138.0	690.0	0.6666666666666666
45274	159	0	5	0.39	95.6	478.0	0.3333333333333333
45275	136	0	5	0.3325	109.0	545.0	0.3333333333333333
45276	159	1	4	0.395	109.8	549.0	1.0
45277	231	1	4	0.575	107.2	536.0	1.0
45278	315	0	5	0.78	270.6	1353.0	0.6666666666666666
45279	292	0	5	0.7225	99.6	498.0	0.3333333333333333
45280	387	0	5	0.96	263.4	1317.0	0.6666666666666666
45281	101	0	5	0.245	99.0	495.0	0.0
45282	107	0	5	0.26	86.4	432.0	0.6666666666666666
45283	391	0	5	0.97	267.4	1337.0	0.3333333333333333
45284	86	0	5	0.2075	83.2	416.0	0.3333333333333333
45285	141	0	5	0.345	105.4	527.0	0.3333333333333333
45286	108	0	5	0.2625	83.2	416.0	0.3333333333333333
45287	124	0	5	0.3025	86.4	432.0	0.0
45288	392	1	4	0.9775	219.0	1095.0	1.0
45289	253	0	5	0.625	82.2	411.0	0.6666666666666666
45290	10	0	5	0.0175	7.4	37.0	0.3333333333333333
45291	85	0	5	0.205	42.8	214.0	0.6666666666666666
45292	286	0	5	0.7075	164.4	822.0	0.3333333333333333
45293	228	1	4	0.5675	142.6	713.0	1.0
45294	343	0	5	0.85	271.2	1356.0	0.6666666666666666
45295	216	0	5	0.5325	90.0	450.0	0.3333333333333333
45296	96	0	5	0.2325	92.0	460.0	0.3333333333333333
45297	51	0	5	0.12	49.0	245.0	0.0
45298	378	0	5	0.9375	138.4	692.0	0.6666666666666666
45299	198	0	5	0.4875	196.0	980.0	0.0
45300	210	0	5	0.5175	105.4	527.0	0.0
45301	185	0	5	0.455	113.0	565.0	0.3333333333333333
45302	296	0	5	0.7325	211.6	1058.0	0.6666666666666666
45303	264	0	5	0.6525	149.8	749.0	0.6666666666666666
45304	359	0	5	0.89	125.6	628.0	0.3333333333333333
45305	198	0	5	0.4875	67.8	339.0	0.3333333333333333
45306	125	0	5	0.305	100.4	502.0	0.3333333333333333
45307	33	0	5	0.075	31.0	155.0	0.0
45308	96	0	5	0.2325	94.0	470.0	0.0
45309	286	0	5	0.7075	228.8	1144.0	0.3333333333333333
45310	370	0	5	0.9175	280.0	1400.0	0.3333333333333333
45311	244	0	5	0.6025	166.4	832.0	0.3333333333333333
45312	374	0	5	0.9275	145.4	727.0	0.6666666666666666
45313	259	1	4	0.645	93.4	467.0	1.0
45314	210	0	5	0.5175	147.4	737.0	0.3333333333333333
45315	315	1	4	0.785	87.2	436.0	1.0
45316	54	0	5	0.1275	52.0	260.0	0.0
45317	175	0	5	0.43	143.0	715.0	0.3333333333333333
45318	27	0	5	0.06	25.0	125.0	0.0
45319	111	0	5	0.27	98.0	490.0	0.3333333333333333
45320	195	0	5	0.48	172.2	861.0	0.3333333333333333
45321	188	0	5	0.4625	119.8	599.0	0.3333333333333333
45322	222	0	5	0.5475	134.6	673.0	0.3333333333333333
45323	93	0	5	0.225	49.0	245.0	0.6666666666666666
45324	52	0	5	0.1225	50.0	250.0	0.0
45325	294	0	5	0.7275	208.0	1040.0	0.3333333333333333
45326	236	0	5	0.5825	137.6	688.0	0.6666666666666666
45327	372	0	5	0.9225	78.0	390.0	0.6666666666666666
45328	382	0	5	0.9475	142.4	712.0	0.6666666666666666
45329	299	0	5	0.74	70.4	352.0	0.3333333333333333
45330	217	0	5	0.535	122.8	614.0	0.3333333333333333
45331	358	1	4	0.8925	111.0	555.0	1.0
45332	151	0	5	0.37	110.2	551.0	0.3333333333333333
45333	148	0	5	0.3625	106.6	533.0	0.6666666666666666
45334	353	0	5	0.875	242.4	1212.0	0.3333333333333333
45335	164	0	5	0.4025	141.0	705.0	0.3333333333333333
45336	110	0	5	0.2675	87.4	437.0	0.6666666666666666
45337	104	0	5	0.2525	101.4	507.0	0.0
45338	222	0	5	0.5475	141.4	707.0	0.0
45339	60	0	5	0.1425	58.0	290.0	0.0
45340	356	1	4	0.8875	134.4	672.0	1.0
45341	78	0	5	0.1875	71.2	356.0	0.3333333333333333
45342	214	0	5	0.5275	158.8	794.0	0.3333333333333333
45343	12	0	5	0.0225	10.0	50.0	0.0
45344	334	0	5	0.8275	266.4	1332.0	0.3333333333333333
45345	275	0	5	0.68	57.8	289.0	0.6666666666666666
45346	153	0	5	0.375	151.0	755.0	0.3333333333333333
45347	324	0	5	0.8025	237.2	1186.0	0.0
45348	314	0	5	0.7775	143.0	715.0	0.6666666666666666
45349	149	0	5	0.365	53.4	267.0	0.6666666666666666
45350	293	0	5	0.725	115.2	576.0	0.6666666666666666
45351	88	0	5	0.2125	86.0	430.0	0.0
45352	140	0	5	0.3425	135.2	676.0	0.0
45353	28	0	5	0.0625	26.0	130.0	0.0
45354	173	0	5	0.425	156.6	783.0	0.6666666666666666
45355	160	0	5	0.3925	74.0	370.0	0.3333333333333333
45356	231	0	5	0.57	158.6	793.0	0.3333333333333333
45357	220	0	5	0.5425	187.0	935.0	0.6666666666666666
45358	222	1	4	0.5525	77.2	386.0	1.0
45359	333	0	5	0.825	201.8	1009.0	0.6666666666666666
45360	351	0	5	0.87	248.0	1240.0	0.3333333333333333
45361	281	1	4	0.7	107.4	537.0	1.0
45362	262	0	5	0.6475	200.0	1000.0	0.6666666666666666
45363	257	1	4	0.64	175.4	877.0	1.0
45364	166	0	5	0.4075	120.0	600.0	0.3333333333333333
45365	300	0	5	0.7425	87.6	438.0	0.3333333333333333
45366	278	0	5	0.6875	192.6	963.0	0.3333333333333333
45367	309	0	5	0.765	225.8	1129.0	0.6666666666666666
45368	270	0	5	0.6675	152.8	764.0	0.0
45369	48	0	5	0.1125	37.6	188.0	0.3333333333333333
45370	387	0	5	0.96	155.2	776.0	0.6666666666666666
45371	295	0	5	0.73	116.0	580.0	0.6666666666666666
45372	237	0	5	0.585	235.0	1175.0	0.6666666666666666
45373	366	0	5	0.9075	179.4	897.0	0.6666666666666666
45374	349	1	3	0.87	275.4	1377.0	1.0
45375	226	0	5	0.5575	61.4	307.0	0.3333333333333333
45376	312	1	4	0.7775	223.6	1118.0	1.0
45377	218	0	5	0.5375	157.0	785.0	0.3333333333333333
45378	131	0	5	0.32	116.6	583.0	0.3333333333333333
45379	85	0	5	0.205	77.4	387.0	0.0
45380	57	0	5	0.135	26.2	131.0	0.3333333333333333
45381	127	0	5	0.31	85.4	427.0	0.3333333333333333
45382	207	0	5	0.51	128.2	641.0	0.3333333333333333
45383	280	1	4	0.6975	124.8	624.0	1.0
45384	344	1	4	0.8575	87.2	436.0	1.0
45385	99	0	5	0.24	97.0	485.0	0.0
45386	170	0	5	0.4175	116.4	582.0	0.3333333333333333
45387	96	0	5	0.2325	34.8	174.0	0.3333333333333333
45388	230	0	5	0.5675	220.2	1101.0	0.3333333333333333
45389	109	0	5	0.265	70.2	351.0	0.3333333333333333
45390	359	1	4	0.895	256.6	1283.0	1.0
45391	332	0	5	0.8225	152.4	762.0	0.3333333333333333
45392	80	0	5	0.1925	67.4	337.0	0.3333333333333333
45393	46	0	5	0.1075	44.0	220.0	0.0
45394	155	1	4	0.385	70.0	350.0	1.0
45395	367	0	5	0.91	237.8	1189.0	0.6666666666666666
45396	166	0	5	0.4075	132.6	663.0	0.0
45397	353	0	5	0.875	206.2	1031.0	0.3333333333333333
45398	161	0	5	0.395	155.4	777.0	0.0
45399	136	0	5	0.3325	42.2	211.0	0.6666666666666666
45400	133	0	5	0.325	87.0	435.0	0.3333333333333333
45401	74	0	5	0.1775	39.6	198.0	0.3333333333333333
45402	240	0	5	0.5925	178.0	890.0	0.0
45403	257	0	5	0.635	211.0	1055.0	0.6666666666666666
45404	160	0	5	0.3925	32.0	160.0	0.0
45405	278	0	5	0.6875	144.4	722.0	0.3333333333333333
45406	95	0	5	0.23	73.6	368.0	0.0
45407	383	1	4	0.955	148.2	741.0	1.0
45408	74	0	5	0.1775	72.0	360.0	0.0
45409	117	0	5	0.285	115.0	575.0	0.0
45410	101	0	5	0.245	60.6	303.0	0.3333333333333333
45411	72	0	5	0.1725	39.6	198.0	0.3333333333333333
45412	70	0	5	0.1675	53.6	268.0	0.0
45413	323	0	5	0.8	201.4	1007.0	0.6666666666666666
45414	252	0	5	0.6225	126.2	631.0	0.3333333333333333
45415	153	0	5	0.375	92.6	463.0	0.3333333333333333
45416	314	1	4	0.7825	130.0	650.0	1.0
45417	77	0	5	0.185	75.0	375.0	0.0
45418	396	0	5	0.9825	103.6	518.0	0.6666666666666666
45419	157	0	5	0.385	101.4	507.0	0.3333333333333333
45420	257	0	5	0.635	235.0	1175.0	0.3333333333333333
45421	140	0	5	0.3425	135.6	678.0	0.3333333333333333
45422	276	0	5	0.6825	60.2	301.0	0.0
45423	163	0	5	0.4	161.0	805.0	0.0
45424	390	0	5	0.9675	263.8	1319.0	0.6666666666666666
45425	82	0	5	0.1975	67.2	336.0	0.0
45426	47	0	5	0.11	41.4	207.0	0.3333333333333333
45427	252	0	5	0.6225	221.2	1106.0	0.6666666666666666
45428	259	0	5	0.64	153.0	765.0	0.3333333333333333
45429	148	0	5	0.3625	146.0	730.0	0.0
45430	377	1	4	0.94	252.4	1262.0	1.0
45431	395	0	5	0.98	168.2	841.0	0.6666666666666666
45432	376	0	5	0.9325	169.2	846.0	0.6666666666666666
45433	107	0	5	0.26	99.4	497.0	0.0
45434	246	0	5	0.6075	104.8	524.0	0.3333333333333333
45435	207	0	5	0.51	155.0	775.0	0.6666666666666666
45436	83	0	5	0.2	81.0	405.0	0.0
45437	272	0	5	0.6725	145.2	726.0	0.6666666666666666
45438	163	0	5	0.4	132.0	660.0	0.3333333333333333
45439	229	0	5	0.565	175.8	879.0	0.3333333333333333
45440	248	0	5	0.6125	195.8	979.0	0.0
45441	170	0	5	0.4175	115.2	576.0	0.0
45442	360	0	5	0.8925	276.0	1380.0	0.6666666666666666
45443	225	0	5	0.555	200.2	1001.0	0.3333333333333333
45444	116	0	5	0.2825	89.6	448.0	0.0
45445	398	0	5	0.9875	230.2	1151.0	0.6666666666666666
45446	11	0	5	0.02	9.0	45.0	0.0
45447	93	0	5	0.225	54.2	271.0	0.3333333333333333
45448	244	1	4	0.6075	110.2	551.0	1.0
45449	355	0	5	0.88	163.4	817.0	0.6666666666666666
45450	133	0	5	0.325	131.0	655.0	0.0
45451	276	0	5	0.6825	205.2	1026.0	0.6666666666666666
45452	97	0	5	0.235	43.8	219.0	0.6666666666666666
45453	39	0	5	0.09	37.0	185.0	0.0
45454	184	0	5	0.4525	182.0	910.0	0.0
45455	157	0	5	0.385	100.4	502.0	0.3333333333333333
45456	233	0	5	0.575	163.6	818.0	0.3333333333333333
45457	368	1	4	0.9175	114.6	573.0	1.0
45458	111	0	5	0.27	109.0	545.0	0.0
45459	79	0	5	0.19	77.0	385.0	0.0
45460	187	0	5	0.46	131.0	655.0	0.3333333333333333
45461	161	0	5	0.395	76.6	383.0	0.0
45462	260	0	5	0.6425	114.4	572.0	0.3333333333333333
45463	74	0	5	0.1775	72.0	360.0	0.0
45464	165	1	4	0.41	145.2	726.0	1.0
45465	30	0	5	0.0675	28.0	140.0	0.0
45466	241	0	5	0.595	98.6	493.0	0.6666666666666666
45467	85	0	5	0.205	60.2	301.0	0.3333333333333333
45468	301	0	5	0.745	152.0	760.0	0.6666666666666666
45469	354	0	5	0.8775	80.0	400.0	0.6666666666666666
45470	122	0	5	0.2975	32.8	164.0	0.3333333333333333
45471	157	0	5	0.385	138.8	694.0	0.3333333333333333
45472	37	0	5	0.085	33.4	167.0	0.3333333333333333
45473	160	0	5	0.3925	65.8	329.0	0.6666666666666666
45474	295	0	5	0.73	192.2	961.0	0.3333333333333333
45475	350	0	5	0.8675	199.8	999.0	0.6666666666666666
45476	59	0	5	0.14	39.4	197.0	0.3333333333333333
45477	398	0	5	0.9875	236.8	1184.0	0.6666666666666666
45478	306	1	3	0.7625	285.2	1426.0	1.0
45479	397	0	5	0.985	150.4	752.0	0.6666666666666666
45480	185	0	5	0.455	110.2	551.0	0.3333333333333333
45481	327	1	4	0.815	239.6	1198.0	1.0
45482	348	0	5	0.8625	224.0	1120.0	0.6666666666666666
45483	140	0	5	0.3425	79.6	398.0	0.3333333333333333
45484	202	0	5	0.4975	150.0	750.0	0.3333333333333333
45485	323	0	5	0.8	162.0	810.0	0.6666666666666666
45486	63	0	5	0.15	32.8	164.0	0.3333333333333333
45487	273	0	5	0.675	90.4	452.0	0.3333333333333333
45488	216	0	5	0.5325	204.4	1022.0	0.3333333333333333
45489	85	0	5	0.205	45.6	228.0	0.3333333333333333
45490	174	0	5	0.4275	162.8	814.0	0.3333333333333333
45491	53	0	5	0.125	27.0	135.0	0.3333333333333333
45492	112	0	5	0.2725	47.6	238.0	0.3333333333333333
45493	214	0	5	0.5275	110.2	551.0	0.3333333333333333
45494	267	0	5	0.66	205.0	1025.0	0.0
45495	87	0	5	0.21	74.2	371.0	0.0
45496	157	0	5	0.385	60.6	303.0	0.3333333333333333
45497	59	0	5	0.14	57.0	285.0	0.0
45498	32	0	5	0.0725	30.0	150.0	0.0
45499	399	1	4	0.995	200.0	1000.0	1.0
45500	19	0	5	0.04	17.0	85.0	0.0
45501	196	0	5	0.4825	160.4	802.0	0.3333333333333333
45502	201	0	5	0.495	165.0	825.0	0.3333333333333333
45503	372	0	5	0.9225	336.4	1682.0	0.6666666666666666
45504	346	0	5	0.8575	243.2	1216.0	0.6666666666666666
45505	254	0	5	0.6275	166.8	834.0	0.3333333333333333
45506	33	0	5	0.075	31.0	155.0	0.0
45507	244	0	5	0.6025	204.4	1022.0	0.3333333333333333
45508	77	0	5	0.185	68.6	343.0	0.3333333333333333
45509	245	0	5	0.605	218.0	1090.0	0.3333333333333333
45510	268	0	5	0.6625	140.4	702.0	0.6666666666666666
45511	178	0	5	0.4375	176.0	880.0	0.0
45512	183	0	5	0.45	125.0	625.0	0.3333333333333333
45513	284	1	4	0.7075	102.4	512.0	1.0
45514	244	0	5	0.6025	241.2	1206.0	0.3333333333333333
45515	368	0	5	0.9125	214.0	1070.0	0.6666666666666666
45516	224	0	5	0.5525	163.0	815.0	0.3333333333333333
45517	165	0	5	0.405	110.6	553.0	0.3333333333333333
45518	156	0	5	0.3825	154.0	770.0	0.0
45519	323	0	5	0.8	156.2	781.0	0.0
45520	311	0	5	0.77	261.8	1309.0	0.3333333333333333
45521	346	0	5	0.8575	225.2	1126.0	0.6666666666666666
45522	20	0	5	0.0425	17.6	88.0	0.0
45523	373	1	4	0.93	174.6	873.0	1.0
45524	168	0	5	0.4125	118.2	591.0	0.0
45525	214	0	5	0.5275	59.2	296.0	0.0
45526	150	0	5	0.3675	148.0	740.0	0.3333333333333333
45527	261	0	5	0.645	122.2	611.0	0.0
45528	56	0	5	0.1325	50.0	250.0	0.0
45529	208	0	5	0.5125	171.4	857.0	0.3333333333333333
45530	300	0	5	0.7425	159.2	796.0	0.6666666666666666
45531	299	0	5	0.74	229.0	1145.0	0.6666666666666666
45532	399	1	4	0.995	296.8	1484.0	1.0
45533	276	0	5	0.6825	150.8	754.0	0.0
45534	347	0	5	0.86	262.0	1310.0	0.3333333333333333
45535	381	0	5	0.945	322.0	1610.0	0.6666666666666666
45536	79	0	5	0.19	38.6	193.0	0.0
45537	89	0	5	0.215	77.4	387.0	0.0
45538	252	0	5	0.6225	236.0	1180.0	0.3333333333333333
45539	201	0	5	0.495	185.4	927.0	0.3333333333333333
45540	238	0	5	0.5875	150.8	754.0	0.6666666666666666
45541	221	0	5	0.545	129.0	645.0	0.3333333333333333
45542	401	0	5	0.995	119.8	599.0	0.6666666666666666
45543	376	1	4	0.9375	89.6	448.0	1.0
45544	348	1	4	0.8675	218.4	1092.0	1.0
45545	212	0	5	0.5225	118.8	594.0	0.3333333333333333
45546	151	0	5	0.37	109.0	545.0	0.0
45547	305	0	5	0.755	202.2	1011.0	0.3333333333333333
45548	197	0	5	0.485	178.6	893.0	0.3333333333333333
45549	335	1	4	0.835	148.2	741.0	1.0
45550	158	0	5	0.3875	110.6	553.0	0.3333333333333333
45551	54	0	5	0.1275	42.4	212.0	0.3333333333333333
45552	155	1	3	0.385	71.0	355.0	1.0
45553	240	0	5	0.5925	151.6	758.0	0.3333333333333333
45554	236	0	5	0.5825	110.4	552.0	0.3333333333333333
45555	147	0	5	0.36	145.0	725.0	0.0
45556	20	0	5	0.0425	18.0	90.0	0.0
45557	242	0	5	0.5975	161.6	808.0	0.6666666666666666
45558	316	0	5	0.7825	110.8	554.0	0.6666666666666666
45559	187	0	5	0.46	141.4	707.0	0.6666666666666666
45560	105	0	5	0.255	94.8	474.0	0.3333333333333333
45561	155	0	5	0.38	84.2	421.0	0.3333333333333333
45562	228	0	5	0.5625	127.6	638.0	0.6666666666666666
45563	267	0	5	0.66	81.8	409.0	0.3333333333333333
45564	6	0	5	0.0075	4.0	20.0	0.0
45565	277	0	5	0.685	175.4	877.0	0.6666666666666666
45566	351	0	5	0.87	339.4	1697.0	0.6666666666666666
45567	51	0	5	0.12	39.4	197.0	0.0
45568	353	0	5	0.875	167.0	835.0	0.3333333333333333
45569	49	0	5	0.115	47.0	235.0	0.0
45570	231	0	5	0.57	229.0	1145.0	0.0
45571	239	0	5	0.59	187.4	937.0	0.6666666666666666
45572	197	0	5	0.485	195.0	975.0	0.0
45573	58	0	5	0.1375	56.0	280.0	0.0
45574	279	0	5	0.69	99.0	495.0	0.6666666666666666
45575	175	0	5	0.43	121.0	605.0	0.3333333333333333
45576	58	0	5	0.1375	47.8	239.0	0.3333333333333333
45577	57	0	5	0.135	26.2	131.0	0.3333333333333333
45578	243	0	5	0.6	169.0	845.0	0.0
45579	269	0	5	0.665	177.6	888.0	0.6666666666666666
45580	110	0	5	0.2675	108.0	540.0	0.0
45581	92	0	5	0.2225	90.0	450.0	0.0
45582	281	0	5	0.695	197.6	988.0	0.3333333333333333
45583	299	1	4	0.745	131.8	659.0	1.0
45584	52	0	5	0.1225	33.2	166.0	0.3333333333333333
45585	341	0	5	0.845	116.2	581.0	0.6666666666666666
45586	272	0	5	0.6725	89.2	446.0	0.6666666666666666
45587	326	0	5	0.8075	273.6	1368.0	0.3333333333333333
45588	48	0	5	0.1125	41.6	208.0	0.0
45589	236	0	5	0.5825	113.2	566.0	0.6666666666666666
45590	168	0	5	0.4125	149.2	746.0	0.3333333333333333
45591	332	0	5	0.8225	161.2	806.0	0.3333333333333333
45592	238	0	5	0.5875	201.6	1008.0	0.0
45593	62	0	5	0.1475	60.0	300.0	0.0
45594	259	0	5	0.64	221.8	1109.0	0.3333333333333333
45595	283	0	5	0.7	149.2	746.0	0.6666666666666666
45596	309	0	5	0.765	221.4	1107.0	0.0
45597	52	0	5	0.1225	50.0	250.0	0.0
45598	247	0	5	0.61	140.2	701.0	0.6666666666666666
45599	19	0	5	0.04	17.0	85.0	0.0
45600	302	0	5	0.7475	88.0	440.0	0.6666666666666666
45601	230	0	5	0.5675	149.8	749.0	0.3333333333333333
45602	374	0	5	0.9275	325.6	1628.0	0.3333333333333333
45603	108	0	5	0.2625	106.0	530.0	0.0
45604	61	0	5	0.145	30.8	154.0	0.3333333333333333
45605	349	0	5	0.865	129.4	647.0	0.6666666666666666
45606	201	0	5	0.495	191.0	955.0	0.3333333333333333
45607	60	0	5	0.1425	44.8	224.0	0.3333333333333333
45608	11	0	5	0.02	9.0	45.0	0.0
45609	401	0	3	0.9975	233.4	1167.0	0.6666666666666666
45610	226	0	5	0.5575	121.6	608.0	0.6666666666666666
45611	297	0	5	0.735	133.0	665.0	0.6666666666666666
45612	391	0	5	0.97	176.6	883.0	0.6666666666666666
45613	14	0	5	0.0275	12.0	60.0	0.0
45614	341	0	5	0.845	250.2	1251.0	0.3333333333333333
45615	90	0	5	0.2175	36.0	180.0	0.3333333333333333
45616	283	0	5	0.7	160.0	800.0	0.3333333333333333
45617	302	0	5	0.7475	154.8	774.0	0.3333333333333333
45618	185	0	5	0.455	114.8	574.0	0.6666666666666666
45619	130	0	5	0.3175	97.2	486.0	0.3333333333333333
45620	123	0	5	0.3	84.2	421.0	0.0
45621	394	1	4	0.9825	187.4	937.0	1.0
45622	342	0	5	0.8475	218.6	1093.0	0.6666666666666666
45623	348	1	4	0.8675	240.4	1202.0	1.0
45624	319	1	4	0.795	259.4	1297.0	1.0
45625	231	0	5	0.57	97.4	487.0	0.3333333333333333
45626	102	0	5	0.2475	45.4	227.0	0.3333333333333333
45627	219	0	5	0.54	89.8	449.0	0.6666666666666666
45628	205	0	5	0.505	122.4	612.0	0.6666666666666666
45629	304	0	5	0.7525	167.2	836.0	0.6666666666666666
45630	284	0	5	0.7025	210.0	1050.0	0.6666666666666666
45631	94	0	5	0.2275	79.4	397.0	0.0
45632	185	0	5	0.455	183.0	915.0	0.0
45633	364	1	4	0.9075	194.8	974.0	1.0
45634	149	0	5	0.365	131.4	657.0	0.3333333333333333
45635	160	0	5	0.3925	77.2	386.0	0.3333333333333333
45636	174	0	5	0.4275	99.2	496.0	0.3333333333333333
45637	242	0	5	0.5975	174.6	873.0	0.6666666666666666
45638	253	0	5	0.625	112.2	561.0	0.6666666666666666
45639	336	0	5	0.8325	118.0	590.0	0.3333333333333333
45640	94	0	5	0.2275	82.4	412.0	0.3333333333333333
45641	290	0	5	0.7175	203.2	1016.0	0.6666666666666666
45642	86	0	5	0.2075	56.4	282.0	0.3333333333333333
45643	246	0	5	0.6075	161.0	805.0	0.3333333333333333
45644	165	0	5	0.405	110.2	551.0	0.3333333333333333
45645	391	1	4	0.975	178.2	891.0	1.0
45646	238	0	5	0.5875	236.0	1180.0	0.3333333333333333
45647	110	0	5	0.2675	41.4	207.0	0.6666666666666666
45648	309	0	5	0.765	165.8	829.0	0.6666666666666666
45649	157	0	5	0.385	130.0	650.0	0.0
45650	262	0	5	0.6475	76.8	384.0	0.6666666666666666
45651	203	0	5	0.5	140.6	703.0	0.0
45652	57	0	5	0.135	28.6	143.0	0.3333333333333333
45653	221	0	5	0.545	153.0	765.0	0.6666666666666666
45654	173	0	5	0.425	123.2	616.0	0.3333333333333333
45655	84	0	5	0.2025	82.0	410.0	0.0
45656	188	0	5	0.4625	147.6	738.0	0.3333333333333333
45657	163	0	5	0.4	83.0	415.0	0.3333333333333333
45658	212	0	5	0.5225	129.6	648.0	0.3333333333333333
45659	221	0	5	0.545	201.6	1008.0	0.3333333333333333
45660	350	1	4	0.8725	153.0	765.0	1.0
45661	53	0	5	0.125	51.0	255.0	0.0
45662	219	0	5	0.54	143.0	715.0	0.0
45663	367	0	5	0.91	190.4	952.0	0.6666666666666666
45664	290	1	4	0.7225	130.2	651.0	1.0
45665	393	0	5	0.975	241.2	1206.0	0.6666666666666666
45666	345	0	5	0.855	275.6	1378.0	0.6666666666666666
45667	177	0	5	0.435	83.0	415.0	0.3333333333333333
45668	185	0	5	0.455	183.0	915.0	0.0
45669	156	0	5	0.3825	58.8	294.0	0.3333333333333333
45670	324	0	5	0.8025	198.4	992.0	0.0
45671	240	1	4	0.5975	170.0	850.0	1.0
45672	236	0	5	0.5825	68.0	340.0	0.6666666666666666
45673	264	0	5	0.6525	108.0	540.0	0.6666666666666666
45674	347	0	5	0.86	155.2	776.0	0.6666666666666666
45675	325	0	5	0.805	194.8	974.0	0.3333333333333333
45676	381	0	5	0.945	165.4	827.0	0.6666666666666666
45677	22	0	5	0.0475	20.0	100.0	0.0
45678	401	0	3	0.9975	292.2	1461.0	0.6666666666666666
45679	191	0	5	0.47	124.6	623.0	0.0
45680	345	0	5	0.855	104.6	523.0	0.3333333333333333
45681	150	0	5	0.3675	46.4	232.0	0.0
45682	178	0	5	0.4375	147.8	739.0	0.6666666666666666
45683	345	0	5	0.855	267.0	1335.0	0.3333333333333333
45684	279	0	5	0.69	229.0	1145.0	0.6666666666666666
45685	358	0	5	0.8875	174.6	873.0	0.6666666666666666
45686	347	0	5	0.86	212.6	1063.0	0.6666666666666666
45687	114	0	5	0.2775	112.0	560.0	0.0
45688	209	0	5	0.515	153.4	767.0	0.3333333333333333
45689	139	0	5	0.34	125.8	629.0	0.0
45690	3	0	5	0.0025	0.8	4.0	0.0
45691	232	0	5	0.5725	164.6	823.0	0.6666666666666666
45692	71	0	5	0.17	59.4	297.0	0.3333333333333333
45693	173	1	4	0.43	111.2	556.0	1.0
45694	64	0	5	0.1525	62.0	310.0	0.0
45695	48	0	5	0.1125	46.0	230.0	0.0
45696	15	0	5	0.03	13.0	65.0	0.0
45697	376	0	5	0.9325	292.8	1464.0	0.3333333333333333
45698	197	0	5	0.485	140.8	704.0	0.3333333333333333
45699	69	0	5	0.165	67.0	335.0	0.0
45700	336	0	5	0.8325	295.0	1475.0	0.3333333333333333
45701	57	0	5	0.135	30.8	154.0	0.3333333333333333
45702	180	0	5	0.4425	107.6	538.0	0.3333333333333333
45703	260	0	5	0.6425	133.4	667.0	0.3333333333333333
45704	90	0	5	0.2175	88.0	440.0	0.0
45705	7	0	5	0.01	5.0	25.0	0.0
45706	221	0	5	0.545	204.6	1023.0	0.3333333333333333
45707	357	0	5	0.885	182.6	913.0	0.3333333333333333
45708	116	0	5	0.2825	114.0	570.0	0.0
45709	398	0	5	0.9875	178.8	894.0	0.6666666666666666
45710	4	0	5	0.0025	2.0	10.0	0.0
45711	71	0	5	0.17	69.0	345.0	0.0
45712	160	0	5	0.3925	128.2	641.0	0.0
45713	320	0	5	0.7925	220.2	1101.0	0.6666666666666666
45714	138	0	5	0.3375	66.4	332.0	0.6666666666666666
45715	328	0	5	0.8125	147.0	735.0	0.6666666666666666
45716	116	1	4	0.2875	63.6	318.0	1.0
45717	293	0	5	0.725	237.6	1188.0	0.3333333333333333
45718	199	0	5	0.49	71.8	359.0	0.6666666666666666
45719	321	0	5	0.795	176.6	883.0	0.6666666666666666
45720	251	0	5	0.62	200.8	1004.0	0.3333333333333333
45721	108	0	5	0.2625	50.0	250.0	0.3333333333333333
45722	3	0	5	0.0025	0.2	1.0	0.3333333333333333
45723	276	0	5	0.6825	112.4	562.0	0.6666666666666666
45724	240	0	5	0.5925	140.8	704.0	0.3333333333333333
45725	398	0	5	0.9875	199.2	996.0	0.6666666666666666
45726	106	0	5	0.2575	53.6	268.0	0.0
45727	368	1	4	0.9175	238.0	1190.0	1.0
45728	119	0	5	0.29	117.0	585.0	0.0
45729	365	1	4	0.91	130.8	654.0	1.0
45730	246	0	5	0.6075	165.6	828.0	0.6666666666666666
45731	101	0	5	0.245	99.0	495.0	0.0
45732	293	0	5	0.725	197.4	987.0	0.0
45733	292	0	5	0.7225	258.6	1293.0	0.3333333333333333
45734	88	0	5	0.2125	86.0	430.0	0.0
45735	233	0	5	0.575	169.8	849.0	0.3333333333333333
45736	284	0	5	0.7025	246.8	1234.0	0.0
45737	160	0	5	0.3925	106.0	530.0	0.3333333333333333
45738	112	1	4	0.2775	59.6	298.0	1.0
45739	13	0	5	0.025	11.0	55.0	0.0
45740	401	0	5	0.995	189.4	947.0	0.6666666666666666
45741	227	0	5	0.56	188.4	942.0	0.3333333333333333
45742	322	0	5	0.7975	223.8	1119.0	0.6666666666666666
45743	201	0	5	0.495	84.6	423.0	0.3333333333333333
45744	289	1	4	0.72	186.4	932.0	1.0
45745	370	0	5	0.9175	265.8	1329.0	0.6666666666666666
45746	257	0	5	0.635	104.6	523.0	0.6666666666666666
45747	116	0	5	0.2825	104.4	522.0	0.3333333333333333
45748	13	0	5	0.025	11.0	55.0	0.0
45749	185	0	5	0.455	158.0	790.0	0.0
45750	143	0	5	0.35	86.4	432.0	0.6666666666666666
45751	266	0	5	0.6575	111.8	559.0	0.3333333333333333
45752	148	0	5	0.3625	132.0	660.0	0.0
45753	91	0	5	0.22	89.0	445.0	0.0
45754	5	0	5	0.005	3.0	15.0	0.0
45755	42	0	5	0.0975	40.0	200.0	0.0
45756	52	0	5	0.1225	44.4	222.0	0.3333333333333333
45757	346	1	4	0.8625	293.4	1467.0	1.0
45758	236	0	5	0.5825	104.4	522.0	0.3333333333333333
45759	389	0	5	0.965	92.6	463.0	0.6666666666666666
45760	94	0	5	0.2275	92.0	460.0	0.0
45761	212	0	5	0.5225	148.2	741.0	0.6666666666666666
45762	131	0	5	0.32	97.8	489.0	0.3333333333333333
45763	267	0	5	0.66	226.8	1134.0	0.3333333333333333
45764	181	0	5	0.445	136.2	681.0	0.0
45765	334	0	5	0.8275	215.4	1077.0	0.6666666666666666
45766	112	0	5	0.2725	110.0	550.0	0.0
45767	127	0	5	0.31	78.2	391.0	0.0
45768	226	0	5	0.5575	206.2	1031.0	0.0
45769	47	0	5	0.11	45.0	225.0	0.0
45770	294	0	5	0.7275	199.8	999.0	0.6666666666666666
45771	236	1	4	0.5875	180.6	903.0	1.0
45772	199	0	5	0.49	133.8	669.0	0.6666666666666666
45773	35	0	5	0.08	33.0	165.0	0.0
45774	124	0	5	0.3025	122.0	610.0	0.0
45775	278	1	4	0.6925	237.6	1188.0	1.0
45776	131	0	5	0.32	49.0	245.0	0.6666666666666666
45777	384	0	5	0.9525	206.8	1034.0	0.3333333333333333
45778	84	0	5	0.2025	73.4	367.0	0.3333333333333333
45779	226	0	5	0.5575	180.0	900.0	0.3333333333333333
45780	111	0	5	0.27	65.2	326.0	0.3333333333333333
45781	354	0	5	0.8775	196.0	980.0	0.3333333333333333
45782	28	0	5	0.0625	10.6	53.0	0.3333333333333333
45783	170	1	4	0.4225	95.6	478.0	1.0
45784	34	0	5	0.0775	32.0	160.0	0.0
45785	401	0	4	0.9975	240.8	1204.0	0.6666666666666666
45786	399	0	5	0.99	193.4	967.0	0.6666666666666666
45787	321	0	5	0.795	195.8	979.0	0.6666666666666666
45788	166	0	5	0.4075	128.4	642.0	0.3333333333333333
45789	212	1	4	0.5275	174.0	870.0	1.0
45790	382	0	5	0.9475	309.0	1545.0	0.3333333333333333
45791	107	0	5	0.26	75.4	377.0	0.3333333333333333
45792	198	0	5	0.4875	171.6	858.0	0.3333333333333333
45793	220	0	5	0.5425	60.6	303.0	0.6666666666666666
45794	372	0	5	0.9225	173.4	867.0	0.6666666666666666
45795	228	0	5	0.5625	157.6	788.0	0.0
45796	96	0	5	0.2325	46.0	230.0	0.0
45797	165	0	5	0.405	133.2	666.0	0.6666666666666666
45798	331	1	4	0.825	80.6	403.0	1.0
45799	351	0	5	0.87	199.8	999.0	0.6666666666666666
45800	246	0	5	0.6075	140.0	700.0	0.6666666666666666
45801	192	0	5	0.4725	112.2	561.0	0.3333333333333333
45802	250	0	5	0.6175	234.4	1172.0	0.3333333333333333
45803	10	0	5	0.0175	8.0	40.0	0.0
45804	214	0	5	0.5275	157.6	788.0	0.6666666666666666
45805	182	0	5	0.4475	82.6	413.0	0.3333333333333333
45806	199	0	5	0.49	168.6	843.0	0.0
45807	146	0	5	0.3575	82.4	412.0	0.3333333333333333
45808	333	0	5	0.825	246.4	1232.0	0.3333333333333333
45809	294	0	5	0.7275	290.2	1451.0	0.3333333333333333
45810	276	1	4	0.6875	117.6	588.0	1.0
45811	168	0	5	0.4125	83.2	416.0	0.0
45812	239	0	5	0.59	237.0	1185.0	0.0
45813	339	0	5	0.84	139.6	698.0	0.3333333333333333
45814	23	0	5	0.05	21.0	105.0	0.0
45815	250	1	4	0.6225	144.0	720.0	1.0
45816	347	0	5	0.86	154.4	772.0	0.6666666666666666
45817	353	0	5	0.875	126.6	633.0	0.6666666666666666
45818	116	0	5	0.2825	106.8	534.0	0.3333333333333333
45819	377	0	5	0.935	251.6	1258.0	0.6666666666666666
45820	124	1	4	0.3075	84.4	422.0	1.0
45821	168	0	5	0.4125	127.4	637.0	0.3333333333333333
45822	287	1	4	0.715	203.6	1018.0	1.0
45823	373	0	5	0.925	141.4	707.0	0.6666666666666666
45824	225	0	5	0.555	171.8	859.0	0.6666666666666666
45825	125	0	5	0.305	101.8	509.0	0.3333333333333333
45826	318	0	5	0.7875	153.6	768.0	0.6666666666666666
45827	346	0	5	0.8575	237.2	1186.0	0.6666666666666666
45828	269	1	4	0.67	170.6	853.0	1.0
45829	324	0	5	0.8025	305.2	1526.0	0.3333333333333333
45830	92	0	5	0.2225	80.4	402.0	0.3333333333333333
45831	360	0	5	0.8925	221.6	1108.0	0.6666666666666666
45832	337	0	5	0.835	151.8	759.0	0.6666666666666666
45833	338	0	5	0.8375	80.6	403.0	0.6666666666666666
45834	41	0	5	0.095	39.0	195.0	0.0
45835	166	0	5	0.4075	139.6	698.0	0.0
45836	253	0	5	0.625	104.6	523.0	0.3333333333333333
45837	299	0	5	0.74	237.0	1185.0	0.0
45838	95	0	5	0.23	93.0	465.0	0.3333333333333333
45839	385	0	5	0.955	193.8	969.0	0.3333333333333333
45840	322	0	5	0.7975	243.4	1217.0	0.6666666666666666
45841	324	0	5	0.8025	179.4	897.0	0.6666666666666666
45842	190	0	5	0.4675	175.6	878.0	0.6666666666666666
45843	186	0	5	0.4575	64.8	324.0	0.3333333333333333
45844	24	0	5	0.0525	22.0	110.0	0.0
45845	19	0	5	0.04	14.2	71.0	0.0
45846	343	1	4	0.855	128.6	643.0	1.0
45847	15	0	5	0.03	10.8	54.0	0.0
45848	75	0	5	0.18	45.0	225.0	0.6666666666666666
45849	6	0	5	0.0075	4.0	20.0	0.0
45850	116	0	5	0.2825	51.2	256.0	0.6666666666666666
45851	381	0	5	0.945	257.2	1286.0	0.6666666666666666
45852	322	0	5	0.7975	223.2	1116.0	0.6666666666666666
45853	160	0	5	0.3925	155.8	779.0	0.3333333333333333
45854	292	0	5	0.7225	238.8	1194.0	0.3333333333333333
45855	209	0	5	0.515	159.0	795.0	0.6666666666666666
45856	119	0	5	0.29	104.2	521.0	0.0
45857	62	0	5	0.1475	60.0	300.0	0.0
45858	389	0	5	0.965	153.2	766.0	0.6666666666666666
45859	170	0	5	0.4175	168.0	840.0	0.0
45860	250	0	5	0.6175	129.2	646.0	0.6666666666666666
45861	145	0	5	0.355	101.4	507.0	0.3333333333333333
45862	146	0	5	0.3575	123.2	616.0	0.3333333333333333
45863	119	0	5	0.29	113.4	567.0	0.3333333333333333
45864	103	0	5	0.25	97.0	485.0	0.3333333333333333
45865	232	0	5	0.5725	74.0	370.0	0.6666666666666666
45866	302	0	5	0.7475	95.6	478.0	0.6666666666666666
45867	190	0	5	0.4675	118.6	593.0	0.6666666666666666
45868	90	0	5	0.2175	74.0	370.0	0.3333333333333333
45869	390	0	5	0.9675	270.2	1351.0	0.6666666666666666
45870	179	1	4	0.445	122.2	611.0	1.0
45871	227	0	5	0.56	215.4	1077.0	0.3333333333333333
45872	198	0	5	0.4875	117.6	588.0	0.3333333333333333
45873	134	0	5	0.3275	88.6	443.0	0.3333333333333333
45874	242	0	5	0.5975	142.6	713.0	0.6666666666666666
45875	373	0	5	0.925	183.0	915.0	0.3333333333333333
45876	306	0	5	0.7575	198.0	990.0	0.3333333333333333
45877	241	0	5	0.595	231.2	1156.0	0.3333333333333333
45878	393	0	5	0.975	273.8	1369.0	0.6666666666666666
45879	40	0	5	0.0925	38.0	190.0	0.0
45880	167	0	5	0.41	132.4	662.0	0.6666666666666666
45881	260	0	5	0.6425	130.6	653.0	0.3333333333333333
45882	16	0	5	0.0325	14.0	70.0	0.0
45883	361	0	5	0.895	233.8	1169.0	0.6666666666666666
45884	265	1	4	0.66	138.8	694.0	1.0
45885	103	0	5	0.25	83.4	417.0	0.0
45886	356	0	5	0.8825	251.8	1259.0	0.6666666666666666
45887	386	0	5	0.9575	209.8	1049.0	0.6666666666666666
45888	349	0	5	0.865	243.0	1215.0	0.6666666666666666
45889	18	0	5	0.0375	14.8	74.0	0.3333333333333333
45890	165	0	5	0.405	155.6	778.0	0.0
45891	59	0	5	0.14	42.6	213.0	0.3333333333333333
45892	343	0	5	0.85	230.6	1153.0	0.6666666666666666
45893	309	0	5	0.765	81.4	407.0	0.3333333333333333
45894	96	0	5	0.2325	94.0	470.0	0.0
45895	279	0	5	0.69	137.8	689.0	0.3333333333333333
45896	191	0	5	0.47	69.0	345.0	0.6666666666666666
45897	87	0	5	0.21	47.8	239.0	0.3333333333333333
45898	335	0	5	0.83	149.8	749.0	0.6666666666666666
45899	207	0	5	0.51	142.0	710.0	0.3333333333333333
45900	364	0	5	0.9025	153.0	765.0	0.6666666666666666
45901	353	0	5	0.875	263.6	1318.0	0.6666666666666666
45902	136	0	5	0.3325	28.4	142.0	0.3333333333333333
45903	346	1	4	0.8625	165.2	826.0	1.0
45904	67	0	5	0.16	65.0	325.0	0.0
45905	312	1	4	0.7775	162.8	814.0	1.0
45906	199	0	5	0.49	80.8	404.0	0.3333333333333333
45907	186	0	5	0.4575	53.6	268.0	0.3333333333333333
45908	200	0	5	0.4925	179.6	898.0	0.3333333333333333
45909	280	0	5	0.6925	249.2	1246.0	0.3333333333333333
45910	53	0	5	0.125	51.0	255.0	0.0
45911	227	0	5	0.56	116.2	581.0	0.3333333333333333
45912	12	0	5	0.0225	10.0	50.0	0.0
45913	178	0	5	0.4375	175.2	876.0	0.3333333333333333
45914	236	0	5	0.5825	113.2	566.0	0.6666666666666666
45915	87	0	5	0.21	51.2	256.0	0.0
45916	289	0	5	0.715	118.2	591.0	0.6666666666666666
45917	124	0	5	0.3025	80.0	400.0	0.6666666666666666
45918	292	0	5	0.7225	251.0	1255.0	0.0
45919	333	0	5	0.825	187.2	936.0	0.3333333333333333
45920	267	0	5	0.66	242.4	1212.0	0.3333333333333333
45921	254	0	5	0.6275	180.0	900.0	0.3333333333333333
45922	353	1	4	0.88	266.8	1334.0	1.0
45923	202	0	5	0.4975	122.4	612.0	0.3333333333333333
45924	165	0	5	0.405	109.8	549.0	0.3333333333333333
45925	274	0	5	0.6775	168.8	844.0	0.3333333333333333
45926	67	0	5	0.16	58.0	290.0	0.3333333333333333
45927	350	0	5	0.8675	300.0	1500.0	0.3333333333333333
45928	250	0	5	0.6175	69.0	345.0	0.3333333333333333
45929	76	0	5	0.1825	74.0	370.0	0.0
45930	32	0	5	0.0725	18.0	90.0	0.3333333333333333
45931	154	0	5	0.3775	139.2	696.0	0.3333333333333333
45932	38	0	5	0.0875	32.8	164.0	0.3333333333333333
45933	130	0	5	0.3175	51.4	257.0	0.0
45934	228	1	4	0.5675	114.6	573.0	1.0
45935	60	0	5	0.1425	58.0	290.0	0.0
45936	202	0	5	0.4975	85.4	427.0	0.3333333333333333
45937	205	0	5	0.505	118.6	593.0	0.3333333333333333
45938	205	0	5	0.505	103.2	516.0	0.3333333333333333
45939	134	0	5	0.3275	83.4	417.0	0.6666666666666666
45940	108	0	5	0.2625	56.2	281.0	0.3333333333333333
45941	317	0	5	0.785	195.0	975.0	0.6666666666666666
45942	39	0	5	0.09	32.2	161.0	0.0
45943	334	0	5	0.8275	199.4	997.0	0.6666666666666666
45944	178	0	5	0.4375	111.8	559.0	0.3333333333333333
45945	196	0	5	0.4825	136.0	680.0	0.6666666666666666
45946	398	0	5	0.9875	131.6	658.0	0.6666666666666666
45947	317	0	5	0.785	175.2	876.0	0.6666666666666666
45948	26	0	5	0.0575	24.0	120.0	0.0
45949	121	0	5	0.295	66.2	331.0	0.6666666666666666
45950	81	0	5	0.195	79.0	395.0	0.0
45951	4	0	5	0.0025	2.0	10.0	0.0
45952	62	0	5	0.1475	60.0	300.0	0.0
45953	288	0	5	0.7125	151.6	758.0	0.3333333333333333
45954	246	0	5	0.6075	176.4	882.0	0.6666666666666666
45955	243	0	5	0.6	129.4	647.0	0.3333333333333333
45956	347	0	5	0.86	270.0	1350.0	0.6666666666666666
45957	234	0	5	0.5775	103.2	516.0	0.3333333333333333
45958	209	0	5	0.515	194.2	971.0	0.0
45959	86	0	5	0.2075	84.0	420.0	0.0
45960	321	1	4	0.8	199.4	997.0	1.0
45961	43	0	5	0.1	41.0	205.0	0.0
45962	338	1	4	0.8425	106.4	532.0	1.0
45963	364	0	5	0.9025	113.8	569.0	0.6666666666666666
45964	196	0	5	0.4825	84.0	420.0	0.3333333333333333
45965	242	0	5	0.5975	196.8	984.0	0.0
45966	377	0	5	0.935	284.2	1421.0	0.6666666666666666
45967	203	0	5	0.5	201.0	1005.0	0.0
45968	213	0	5	0.525	127.2	636.0	0.3333333333333333
45969	205	0	5	0.505	188.8	944.0	0.3333333333333333
45970	288	0	5	0.7125	219.6	1098.0	0.6666666666666666
45971	401	0	4	0.9975	101.6	508.0	0.6666666666666666
45972	332	0	5	0.8225	204.4	1022.0	0.6666666666666666
45973	6	0	5	0.0075	4.0	20.0	0.0
45974	178	0	5	0.4375	76.0	380.0	0.0
45975	152	0	5	0.3725	128.4	642.0	0.0
45976	148	0	5	0.3625	91.6	458.0	0.3333333333333333
45977	243	0	5	0.6	104.6	523.0	0.3333333333333333
45978	300	0	5	0.7425	211.0	1055.0	0.6666666666666666
45979	365	0	5	0.905	226.2	1131.0	0.6666666666666666
45980	187	0	5	0.46	98.6	493.0	0.6666666666666666
45981	353	0	5	0.875	131.8	659.0	0.6666666666666666
45982	281	0	5	0.695	148.8	744.0	0.6666666666666666
45983	137	0	5	0.335	65.2	326.0	0.3333333333333333
45984	256	0	5	0.6325	139.0	695.0	0.0
45985	330	0	5	0.8175	164.0	820.0	0.6666666666666666
45986	252	0	5	0.6225	201.2	1006.0	0.3333333333333333
45987	343	0	5	0.85	176.2	881.0	0.6666666666666666
45988	231	0	5	0.57	66.6	333.0	0.6666666666666666
45989	48	0	5	0.1125	46.0	230.0	0.0
45990	135	0	5	0.33	78.8	394.0	0.6666666666666666
45991	299	0	5	0.74	122.0	610.0	0.6666666666666666
45992	233	0	5	0.575	166.6	833.0	0.6666666666666666
45993	166	0	5	0.4075	111.2	556.0	0.3333333333333333
45994	317	0	5	0.785	126.0	630.0	0.6666666666666666
45995	242	0	5	0.5975	182.6	913.0	0.3333333333333333
45996	137	0	5	0.335	46.2	231.0	0.3333333333333333
45997	189	0	5	0.465	89.2	446.0	0.0
45998	41	0	5	0.095	39.0	195.0	0.0
45999	242	0	5	0.5975	84.6	423.0	0.3333333333333333
46000	378	1	4	0.9425	142.2	711.0	1.0
46001	400	0	5	0.9925	248.2	1241.0	0.6666666666666666
46002	334	0	5	0.8275	136.8	684.0	0.6666666666666666
46003	359	1	4	0.895	323.8	1619.0	1.0
46004	314	0	5	0.7775	180.4	902.0	0.3333333333333333
46005	116	0	5	0.2825	92.6	463.0	0.3333333333333333
46006	13	0	5	0.025	11.0	55.0	0.0
46007	317	0	5	0.785	110.4	552.0	0.3333333333333333
46008	401	0	4	0.9975	153.0	765.0	0.6666666666666666
46009	54	0	5	0.1275	52.0	260.0	0.0
46010	113	0	5	0.275	104.0	520.0	0.0
46011	14	0	5	0.0275	12.0	60.0	0.0
46012	91	0	5	0.22	80.0	400.0	0.0
46013	223	0	5	0.55	126.8	634.0	0.6666666666666666
46014	218	0	5	0.5375	100.0	500.0	0.6666666666666666
46015	319	0	5	0.79	230.2	1151.0	0.3333333333333333
46016	174	0	5	0.4275	82.8	414.0	0.6666666666666666
46017	154	0	5	0.3775	121.4	607.0	0.3333333333333333
46018	92	0	5	0.2225	42.6	213.0	0.0
46019	250	0	5	0.6175	164.6	823.0	0.6666666666666666
46020	67	0	5	0.16	34.6	173.0	0.3333333333333333
46021	279	0	5	0.69	182.6	913.0	0.6666666666666666
46022	33	0	5	0.075	31.0	155.0	0.0
46023	299	0	5	0.74	200.4	1002.0	0.3333333333333333
46024	32	0	5	0.0725	30.0	150.0	0.0
46025	257	0	5	0.635	61.0	305.0	0.3333333333333333
46026	277	0	5	0.685	252.0	1260.0	0.0
46027	232	0	5	0.5725	198.0	990.0	0.3333333333333333
46028	270	0	5	0.6675	261.2	1306.0	0.3333333333333333
46029	350	1	4	0.8725	72.4	362.0	1.0
46030	399	0	5	0.99	178.6	893.0	0.6666666666666666
46031	70	0	5	0.1675	33.8	169.0	0.0
46032	203	0	5	0.5	154.2	771.0	0.6666666666666666
46033	256	0	5	0.6325	74.0	370.0	0.0
46034	276	0	5	0.6825	93.4	467.0	0.6666666666666666
46035	323	0	5	0.8	291.0	1455.0	0.6666666666666666
46036	65	0	5	0.155	54.6	273.0	0.3333333333333333
46037	150	0	5	0.3675	82.4	412.0	0.6666666666666666
46038	307	0	5	0.76	224.4	1122.0	0.3333333333333333
46039	396	0	5	0.9825	107.6	538.0	0.6666666666666666
46040	27	0	5	0.06	14.2	71.0	0.0
46041	136	0	5	0.3325	76.0	380.0	0.6666666666666666
46042	254	0	5	0.6275	146.6	733.0	0.6666666666666666
46043	391	0	5	0.97	182.6	913.0	0.6666666666666666
46044	270	0	5	0.6675	261.2	1306.0	0.6666666666666666
46045	67	0	5	0.16	65.0	325.0	0.0
46046	291	0	5	0.72	176.0	880.0	0.6666666666666666
46047	211	1	4	0.525	98.2	491.0	1.0
46048	239	0	5	0.59	91.4	457.0	0.3333333333333333
46049	373	0	5	0.925	307.0	1535.0	0.6666666666666666
46050	150	0	5	0.3675	122.4	612.0	0.3333333333333333
46051	5	0	5	0.005	3.0	15.0	0.0
46052	397	0	5	0.985	265.6	1328.0	0.6666666666666666
46053	124	0	5	0.3025	61.2	306.0	0.6666666666666666
46054	183	0	5	0.45	141.8	709.0	0.0
46055	79	0	5	0.19	19.4	97.0	0.3333333333333333
46056	97	0	5	0.235	95.0	475.0	0.0
46057	318	0	5	0.7875	162.8	814.0	0.3333333333333333
46058	229	0	5	0.565	183.2	916.0	0.0
46059	52	0	5	0.1225	50.0	250.0	0.0
46060	194	0	5	0.4775	106.0	530.0	0.6666666666666666
46061	371	0	5	0.92	130.4	652.0	0.6666666666666666
46062	89	0	5	0.215	82.6	413.0	0.3333333333333333
46063	189	0	5	0.465	140.2	701.0	0.3333333333333333
46064	41	0	5	0.095	32.4	162.0	0.0
46065	22	0	5	0.0475	20.0	100.0	0.0
46066	315	0	5	0.78	129.8	649.0	0.6666666666666666
46067	210	1	4	0.5225	128.0	640.0	1.0
46068	299	0	5	0.74	241.2	1206.0	0.3333333333333333
46069	219	0	5	0.54	179.4	897.0	0.0
46070	232	0	5	0.5725	102.2	511.0	0.3333333333333333
46071	103	0	5	0.25	83.2	416.0	0.3333333333333333
46072	206	0	5	0.5075	80.8	404.0	0.3333333333333333
46073	218	0	5	0.5375	145.4	727.0	0.0
46074	247	0	5	0.61	206.0	1030.0	0.3333333333333333
46075	225	0	5	0.555	120.8	604.0	0.3333333333333333
46076	303	0	5	0.75	131.2	656.0	0.6666666666666666
46077	195	0	5	0.48	136.2	681.0	0.0
46078	108	0	5	0.2625	75.6	378.0	0.3333333333333333
46079	147	0	5	0.36	105.4	527.0	0.3333333333333333
46080	177	0	5	0.435	114.6	573.0	0.0
46081	247	1	3	0.615	159.0	795.0	1.0
46082	25	0	5	0.055	20.2	101.0	0.3333333333333333
46083	33	0	5	0.075	31.0	155.0	0.0
46084	288	0	5	0.7125	204.2	1021.0	0.3333333333333333
46085	362	0	5	0.8975	221.2	1106.0	0.6666666666666666
46086	154	0	5	0.3775	116.8	584.0	0.6666666666666666
46087	370	0	5	0.9175	207.2	1036.0	0.6666666666666666
46088	186	0	5	0.4575	135.0	675.0	0.3333333333333333
46089	378	0	5	0.9375	285.4	1427.0	0.3333333333333333
46090	153	0	5	0.375	117.4	587.0	0.3333333333333333
46091	144	0	5	0.3525	129.4	647.0	0.6666666666666666
46092	153	0	5	0.375	113.0	565.0	0.3333333333333333
46093	352	0	5	0.8725	118.2	591.0	0.6666666666666666
46094	111	0	5	0.27	96.0	480.0	0.0
46095	220	0	5	0.5425	161.8	809.0	0.6666666666666666
46096	147	0	5	0.36	128.6	643.0	0.3333333333333333
46097	320	0	5	0.7925	103.0	515.0	0.6666666666666666
46098	277	0	5	0.685	243.8	1219.0	0.3333333333333333
46099	216	0	5	0.5325	150.4	752.0	0.3333333333333333
46100	399	0	5	0.99	386.8	1934.0	0.6666666666666666
46101	359	0	5	0.89	143.8	719.0	0.6666666666666666
46102	156	0	5	0.3825	65.0	325.0	0.6666666666666666
46103	127	0	5	0.31	80.0	400.0	0.0
46104	347	1	4	0.865	146.2	731.0	1.0
46105	222	0	5	0.5475	119.6	598.0	0.3333333333333333
46106	193	0	5	0.475	125.0	625.0	0.0
46107	146	0	5	0.3575	102.4	512.0	0.3333333333333333
46108	289	0	5	0.715	109.0	545.0	0.3333333333333333
46109	202	0	5	0.4975	150.0	750.0	0.3333333333333333
46110	243	0	5	0.6	49.0	245.0	0.3333333333333333
46111	219	0	5	0.54	89.2	446.0	0.3333333333333333
46112	247	0	5	0.61	136.0	680.0	0.3333333333333333
46113	150	0	5	0.3675	36.4	182.0	0.6666666666666666
46114	212	1	4	0.5275	61.6	308.0	1.0
46115	11	0	5	0.02	8.2	41.0	0.0
46116	350	0	5	0.8675	178.0	890.0	0.6666666666666666
46117	188	0	5	0.4625	155.2	776.0	0.0
46118	161	0	5	0.395	93.0	465.0	0.0
46119	216	0	5	0.5325	110.6	553.0	0.6666666666666666
46120	190	0	5	0.4675	140.0	700.0	0.3333333333333333
46121	165	0	5	0.405	67.6	338.0	0.3333333333333333
46122	352	0	5	0.8725	137.2	686.0	0.6666666666666666
46123	296	0	5	0.7325	211.6	1058.0	0.3333333333333333
46124	314	0	5	0.7775	271.0	1355.0	0.0
46125	319	1	4	0.795	145.8	729.0	1.0
46126	162	0	5	0.3975	80.4	402.0	0.6666666666666666
46127	72	0	5	0.1725	68.4	342.0	0.0
46128	144	0	5	0.3525	86.8	434.0	0.3333333333333333
46129	223	0	5	0.55	157.4	787.0	0.6666666666666666
46130	337	0	5	0.835	267.4	1337.0	0.6666666666666666
46131	34	0	5	0.0775	32.0	160.0	0.0
46132	128	0	5	0.3125	114.4	572.0	0.3333333333333333
46133	210	0	5	0.5175	122.2	611.0	0.3333333333333333
46134	356	1	4	0.8875	134.4	672.0	1.0
46135	115	0	5	0.28	98.0	490.0	0.0
46136	378	1	4	0.9425	248.8	1244.0	1.0
46137	66	1	4	0.1625	43.2	216.0	1.0
46138	341	0	5	0.845	202.2	1011.0	0.6666666666666666
46139	237	0	5	0.585	168.6	843.0	0.0
46140	104	1	4	0.2575	98.4	492.0	1.0
46141	394	0	5	0.9775	135.2	676.0	0.6666666666666666
46142	133	0	5	0.325	131.0	655.0	0.0
46143	219	0	5	0.54	160.8	804.0	0.6666666666666666
46144	233	0	5	0.575	100.0	500.0	0.3333333333333333
46145	273	0	5	0.675	88.0	440.0	0.3333333333333333
46146	357	0	5	0.885	231.8	1159.0	0.6666666666666666
46147	126	0	5	0.3075	59.2	296.0	0.3333333333333333
46148	196	0	5	0.4825	97.2	486.0	0.3333333333333333
46149	163	0	5	0.4	161.0	805.0	0.0
46150	271	0	5	0.67	223.8	1119.0	0.3333333333333333
46151	320	1	4	0.7975	155.2	776.0	1.0
46152	246	1	4	0.6125	151.8	759.0	1.0
46153	205	0	5	0.505	194.2	971.0	0.0
46154	218	0	5	0.5375	201.2	1006.0	0.3333333333333333
46155	368	1	4	0.9175	202.0	1010.0	1.0
46156	365	0	5	0.905	238.4	1192.0	0.3333333333333333
46157	279	0	5	0.69	118.4	592.0	0.3333333333333333
46158	368	0	5	0.9125	187.6	938.0	0.6666666666666666
46159	30	0	5	0.0675	28.0	140.0	0.0
46160	215	0	5	0.53	148.6	743.0	0.6666666666666666
46161	391	0	5	0.97	141.6	708.0	0.6666666666666666
46162	312	0	5	0.7725	90.0	450.0	0.6666666666666666
46163	158	0	5	0.3875	104.2	521.0	0.3333333333333333
46164	146	0	5	0.3575	128.8	644.0	0.0
46165	399	1	4	0.995	215.6	1078.0	1.0
46166	106	0	5	0.2575	68.0	340.0	0.3333333333333333
46167	225	0	5	0.555	161.2	806.0	0.3333333333333333
46168	195	0	5	0.48	95.0	475.0	0.6666666666666666
46169	58	0	5	0.1375	17.6	88.0	0.3333333333333333
46170	364	0	5	0.9025	172.0	860.0	0.6666666666666666
46171	235	0	5	0.58	92.0	460.0	0.6666666666666666
46172	157	0	5	0.385	148.2	741.0	0.6666666666666666
46173	258	0	5	0.6375	180.2	901.0	0.3333333333333333
46174	354	0	5	0.8775	289.4	1447.0	0.6666666666666666
46175	198	0	5	0.4875	163.2	816.0	0.3333333333333333
46176	96	0	5	0.2325	94.0	470.0	0.0
46177	73	0	5	0.175	71.0	355.0	0.0
46178	219	0	5	0.54	134.6	673.0	0.3333333333333333
46179	23	0	5	0.05	21.0	105.0	0.0
46180	359	1	4	0.895	231.6	1158.0	1.0
46181	159	0	5	0.39	119.6	598.0	0.6666666666666666
46182	212	0	5	0.5225	104.2	521.0	0.3333333333333333
46183	338	0	5	0.8375	197.2	986.0	0.6666666666666666
46184	114	0	5	0.2775	59.2	296.0	0.0
46185	288	1	4	0.7175	154.6	773.0	1.0
46186	164	0	5	0.4025	116.4	582.0	0.3333333333333333
46187	102	0	5	0.2475	58.4	292.0	0.3333333333333333
46188	311	0	5	0.77	290.8	1454.0	0.3333333333333333
46189	379	0	5	0.94	261.0	1305.0	0.6666666666666666
46190	277	0	5	0.685	111.0	555.0	0.6666666666666666
46191	233	0	5	0.575	94.0	470.0	0.6666666666666666
46192	323	0	5	0.8	156.8	784.0	0.3333333333333333
46193	328	0	5	0.8125	178.4	892.0	0.6666666666666666
46194	360	0	5	0.8925	248.6	1243.0	0.6666666666666666
46195	305	0	5	0.755	108.0	540.0	0.3333333333333333
46196	209	0	5	0.515	185.0	925.0	0.3333333333333333
46197	231	0	5	0.57	135.0	675.0	0.3333333333333333
46198	41	0	5	0.095	39.0	195.0	0.0
46199	235	0	5	0.58	57.8	289.0	0.3333333333333333
46200	207	0	5	0.51	197.0	985.0	0.0
46201	114	0	5	0.2775	112.0	560.0	0.0
46202	60	0	5	0.1425	34.8	174.0	0.3333333333333333
46203	37	0	5	0.085	35.0	175.0	0.0
46204	224	0	5	0.5525	109.8	549.0	0.0
46205	294	1	4	0.7325	175.4	877.0	1.0
46206	31	0	5	0.07	29.0	145.0	0.0
46207	219	0	5	0.54	108.6	543.0	0.6666666666666666
46208	255	0	5	0.63	136.2	681.0	0.3333333333333333
46209	294	0	5	0.7275	181.8	909.0	0.6666666666666666
46210	347	0	5	0.86	203.4	1017.0	0.6666666666666666
46211	274	1	4	0.6825	107.8	539.0	1.0
46212	12	0	5	0.0225	10.0	50.0	0.0
46213	395	0	5	0.98	371.0	1855.0	0.6666666666666666
46214	347	0	5	0.86	176.4	882.0	0.6666666666666666
46215	232	1	4	0.5775	106.6	533.0	1.0
46216	132	1	4	0.3275	92.8	464.0	1.0
46217	72	0	5	0.1725	56.4	282.0	0.0
46218	194	0	5	0.4775	153.2	766.0	0.6666666666666666
46219	270	0	5	0.6675	138.2	691.0	0.3333333333333333
46220	181	0	5	0.445	144.8	724.0	0.0
46221	351	0	5	0.87	236.2	1181.0	0.6666666666666666
46222	73	0	5	0.175	37.2	186.0	0.3333333333333333
46223	192	0	5	0.4725	56.4	282.0	0.3333333333333333
46224	226	0	5	0.5575	157.6	788.0	0.3333333333333333
46225	152	0	5	0.3725	121.0	605.0	0.0
46226	151	0	5	0.37	114.0	570.0	0.0
46227	47	0	5	0.11	14.6	73.0	0.3333333333333333
46228	302	1	4	0.7525	167.6	838.0	1.0
46229	386	0	5	0.9575	220.0	1100.0	0.6666666666666666
46230	85	0	5	0.205	83.0	415.0	0.0
46231	44	0	5	0.1025	28.2	141.0	0.0
46232	304	0	5	0.7525	137.6	688.0	0.6666666666666666
46233	141	0	5	0.345	64.0	320.0	0.3333333333333333
46234	338	1	3	0.8425	251.4	1257.0	1.0
46235	275	0	5	0.68	144.6	723.0	0.3333333333333333
46236	24	0	5	0.0525	22.0	110.0	0.0
46237	111	0	5	0.27	79.4	397.0	0.0
46238	129	0	5	0.315	82.2	411.0	0.3333333333333333
46239	275	0	5	0.68	221.6	1108.0	0.6666666666666666
46240	250	0	5	0.6175	119.2	596.0	0.3333333333333333
46241	139	0	5	0.34	137.0	685.0	0.0
46242	94	0	5	0.2275	89.8	449.0	0.3333333333333333
46243	228	0	5	0.5625	127.6	638.0	0.6666666666666666
46244	236	0	5	0.5825	166.4	832.0	0.3333333333333333
46245	56	0	5	0.1325	27.6	138.0	0.0
46246	72	0	5	0.1725	70.0	350.0	0.0
46247	131	0	5	0.32	129.0	645.0	0.0
46248	115	0	5	0.28	44.2	221.0	0.3333333333333333
46249	380	0	5	0.9425	134.2	671.0	0.6666666666666666
46250	267	0	5	0.66	160.2	801.0	0.0
46251	235	1	4	0.585	192.4	962.0	1.0
46252	84	0	5	0.2025	64.8	324.0	0.3333333333333333
46253	320	1	4	0.7975	191.2	956.0	1.0
46254	269	0	5	0.665	223.6	1118.0	0.6666666666666666
46255	372	0	5	0.9225	157.4	787.0	0.6666666666666666
46256	297	0	5	0.735	186.4	932.0	0.0
46257	311	0	5	0.77	103.8	519.0	0.6666666666666666
46258	289	0	5	0.715	242.6	1213.0	0.6666666666666666
46259	91	0	5	0.22	46.6	233.0	0.3333333333333333
46260	116	0	5	0.2825	114.0	570.0	0.0
46261	399	0	5	0.99	268.4	1342.0	0.6666666666666666
46262	388	0	5	0.9625	300.2	1501.0	0.3333333333333333
46263	90	0	5	0.2175	71.6	358.0	0.6666666666666666
46264	329	0	5	0.815	91.4	457.0	0.3333333333333333
46265	358	0	5	0.8875	155.8	779.0	0.6666666666666666
46266	54	0	5	0.1275	52.0	260.0	0.0
46267	44	0	5	0.1025	21.0	105.0	0.0
46268	214	0	5	0.5275	83.4	417.0	0.3333333333333333
46269	267	0	5	0.66	230.2	1151.0	0.3333333333333333
46270	208	0	5	0.5125	198.0	990.0	0.3333333333333333
46271	103	0	5	0.25	27.4	137.0	0.6666666666666666
46272	234	0	5	0.5775	195.2	976.0	0.6666666666666666
46273	243	1	4	0.605	87.8	439.0	1.0
46274	305	0	5	0.755	191.4	957.0	0.6666666666666666
46275	303	0	5	0.75	208.8	1044.0	0.6666666666666666
46276	359	0	5	0.89	141.4	707.0	0.6666666666666666
46277	155	0	5	0.38	113.4	567.0	0.3333333333333333
46278	245	0	5	0.605	105.4	527.0	0.6666666666666666
46279	38	0	5	0.0875	16.8	84.0	0.3333333333333333
46280	369	0	5	0.915	244.4	1222.0	0.6666666666666666
46281	211	0	5	0.52	180.4	902.0	0.3333333333333333
46282	294	0	5	0.7275	151.4	757.0	0.3333333333333333
46283	104	1	4	0.2575	82.0	410.0	1.0
46284	233	0	5	0.575	104.6	523.0	0.0
46285	217	0	5	0.535	99.8	499.0	0.3333333333333333
46286	368	0	5	0.9125	162.2	811.0	0.6666666666666666
46287	248	1	4	0.6175	112.0	560.0	1.0
46288	271	0	5	0.67	142.2	711.0	0.6666666666666666
46289	83	0	5	0.2	81.0	405.0	0.0
46290	13	0	5	0.025	11.0	55.0	0.3333333333333333
46291	144	0	5	0.3525	114.2	571.0	0.0
46292	379	0	5	0.94	187.6	938.0	0.6666666666666666
46293	250	0	5	0.6175	152.6	763.0	0.3333333333333333
46294	162	0	5	0.3975	98.8	494.0	0.0
46295	214	0	5	0.5275	144.0	720.0	0.6666666666666666
46296	288	0	5	0.7125	149.2	746.0	0.3333333333333333
46297	399	0	5	0.99	209.0	1045.0	0.6666666666666666
46298	249	0	5	0.615	95.8	479.0	0.3333333333333333
46299	275	0	5	0.68	223.4	1117.0	0.6666666666666666
46300	391	0	5	0.97	281.2	1406.0	0.6666666666666666
46301	302	0	5	0.7475	189.8	949.0	0.0
46302	266	0	5	0.6575	197.6	988.0	0.6666666666666666
46303	209	0	5	0.515	94.0	470.0	0.6666666666666666
46304	274	0	5	0.6775	154.8	774.0	0.3333333333333333
46305	136	0	5	0.3325	55.8	279.0	0.0
46306	7	0	5	0.01	5.0	25.0	0.0
46307	102	0	5	0.2475	63.8	319.0	0.6666666666666666
46308	395	0	5	0.98	133.8	669.0	0.6666666666666666
46309	386	0	5	0.9575	355.6	1778.0	0.6666666666666666
46310	141	0	5	0.345	81.6	408.0	0.6666666666666666
46311	314	0	5	0.7775	218.4	1092.0	0.3333333333333333
46312	311	0	5	0.77	250.2	1251.0	0.6666666666666666
46313	323	0	5	0.8	227.4	1137.0	0.3333333333333333
46314	17	0	5	0.035	15.0	75.0	0.0
46315	294	0	5	0.7275	166.4	832.0	0.3333333333333333
46316	31	0	5	0.07	24.6	123.0	0.3333333333333333
46317	66	0	5	0.1575	50.2	251.0	0.3333333333333333
46318	202	0	5	0.4975	92.0	460.0	0.6666666666666666
46319	326	0	5	0.8075	309.8	1549.0	0.0
46320	350	0	5	0.8675	190.2	951.0	0.6666666666666666
46321	63	0	5	0.15	48.4	242.0	0.3333333333333333
46322	36	0	5	0.0825	34.0	170.0	0.0
46323	337	0	5	0.835	254.0	1270.0	0.6666666666666666
46324	134	0	5	0.3275	86.0	430.0	0.3333333333333333
46325	298	0	5	0.7375	124.4	622.0	0.6666666666666666
46326	284	0	5	0.7025	198.8	994.0	0.6666666666666666
46327	78	0	5	0.1875	72.6	363.0	0.3333333333333333
46328	290	0	5	0.7175	183.4	917.0	0.6666666666666666
46329	289	0	5	0.715	76.4	382.0	0.3333333333333333
46330	214	0	5	0.5275	196.8	984.0	0.3333333333333333
46331	204	0	5	0.5025	84.4	422.0	0.3333333333333333
46332	171	0	5	0.42	161.8	809.0	0.3333333333333333
46333	98	0	5	0.2375	60.4	302.0	0.0
46334	3	0	5	0.0025	0.6	3.0	0.0
46335	52	0	5	0.1225	44.0	220.0	0.0
46336	212	0	5	0.5225	145.8	729.0	0.3333333333333333
46337	28	0	5	0.0625	26.0	130.0	0.0
46338	38	0	5	0.0875	36.0	180.0	0.0
46339	257	0	5	0.635	162.4	812.0	0.6666666666666666
46340	245	0	5	0.605	107.0	535.0	0.3333333333333333
46341	349	1	3	0.87	164.8	824.0	1.0
46342	57	0	5	0.135	14.2	71.0	0.3333333333333333
46343	37	0	5	0.085	21.8	109.0	0.0
46344	43	0	5	0.1	33.8	169.0	0.3333333333333333
46345	277	0	5	0.685	158.2	791.0	0.6666666666666666
46346	85	0	5	0.205	57.4	287.0	0.3333333333333333
46347	265	0	5	0.655	227.0	1135.0	0.6666666666666666
46348	92	0	5	0.2225	83.8	419.0	0.3333333333333333
46349	318	1	4	0.7925	133.4	667.0	1.0
46350	229	0	5	0.565	125.4	627.0	0.3333333333333333
46351	238	0	5	0.5875	136.8	684.0	0.3333333333333333
46352	119	0	5	0.29	102.6	513.0	0.3333333333333333
46353	248	1	4	0.6175	137.2	686.0	1.0
46354	367	0	5	0.91	199.0	995.0	0.6666666666666666
46355	244	0	5	0.6025	158.0	790.0	0.3333333333333333
46356	114	0	5	0.2775	93.4	467.0	0.3333333333333333
46357	129	0	5	0.315	118.6	593.0	0.3333333333333333
46358	339	0	5	0.84	191.2	956.0	0.6666666666666666
46359	51	0	5	0.12	37.0	185.0	0.3333333333333333
46360	129	0	5	0.315	54.4	272.0	0.0
46361	159	0	5	0.39	85.8	429.0	0.0
46362	9	0	5	0.015	7.0	35.0	0.0
46363	272	0	5	0.6725	250.8	1254.0	0.3333333333333333
46364	115	0	5	0.28	68.2	341.0	0.6666666666666666
46365	151	0	5	0.37	42.6	213.0	0.3333333333333333
46366	201	0	5	0.495	66.2	331.0	0.3333333333333333
46367	212	0	5	0.5225	169.8	849.0	0.3333333333333333
46368	140	0	5	0.3425	115.0	575.0	0.6666666666666666
46369	324	0	5	0.8025	205.8	1029.0	0.3333333333333333
46370	221	0	5	0.545	175.8	879.0	0.3333333333333333
46371	361	0	5	0.895	254.0	1270.0	0.6666666666666666
46372	401	0	4	0.9975	206.2	1031.0	0.6666666666666666
46373	159	0	5	0.39	122.6	613.0	0.0
46374	102	0	5	0.2475	100.0	500.0	0.0
46375	280	0	5	0.6925	204.0	1020.0	0.3333333333333333
46376	297	1	4	0.74	197.2	986.0	1.0
46377	62	0	5	0.1475	46.8	234.0	0.3333333333333333
46378	235	0	5	0.58	193.6	968.0	0.6666666666666666
46379	171	0	5	0.42	118.6	593.0	0.3333333333333333
46380	189	0	5	0.465	158.8	794.0	0.3333333333333333
46381	209	0	5	0.515	170.6	853.0	0.6666666666666666
46382	48	0	5	0.1125	46.0	230.0	0.0
46383	260	0	5	0.6425	90.0	450.0	0.3333333333333333
46384	184	0	5	0.4525	111.6	558.0	0.3333333333333333
46385	34	0	5	0.0775	28.4	142.0	0.3333333333333333
46386	229	1	4	0.57	95.6	478.0	1.0
46387	274	0	5	0.6775	217.0	1085.0	0.3333333333333333
46388	245	0	5	0.605	147.8	739.0	0.3333333333333333
46389	318	0	5	0.7875	257.2	1286.0	0.3333333333333333
46390	34	0	5	0.0775	13.0	65.0	0.0
46391	297	0	5	0.735	122.2	611.0	0.3333333333333333
46392	37	0	5	0.085	24.2	121.0	0.3333333333333333
46393	286	0	5	0.7075	106.2	531.0	0.6666666666666666
46394	292	0	5	0.7225	147.2	736.0	0.6666666666666666
46395	384	0	5	0.9525	217.0	1085.0	0.6666666666666666
46396	115	0	5	0.28	101.6	508.0	0.3333333333333333
46397	12	0	5	0.0225	10.0	50.0	0.0
46398	127	0	5	0.31	102.8	514.0	0.3333333333333333
46399	188	0	5	0.4625	107.0	535.0	0.6666666666666666
46400	33	0	5	0.075	31.0	155.0	0.0
46401	361	0	5	0.895	206.2	1031.0	0.6666666666666666
46402	271	0	5	0.67	137.6	688.0	0.0
46403	210	1	4	0.5225	133.8	669.0	1.0
46404	185	0	5	0.455	158.2	791.0	0.3333333333333333
46405	58	0	5	0.1375	56.0	280.0	0.0
46406	245	0	5	0.605	139.8	699.0	0.6666666666666666
46407	327	0	5	0.81	276.2	1381.0	0.6666666666666666
46408	322	1	4	0.8025	258.0	1290.0	1.0
46409	97	0	5	0.235	37.8	189.0	0.3333333333333333
46410	239	0	5	0.59	93.4	467.0	0.6666666666666666
46411	354	0	5	0.8775	158.2	791.0	0.3333333333333333
46412	195	0	5	0.48	97.6	488.0	0.3333333333333333
46413	54	0	5	0.1275	52.0	260.0	0.0
46414	136	0	5	0.3325	134.0	670.0	0.0
46415	28	0	5	0.0625	26.0	130.0	0.0
46416	66	0	5	0.1575	23.2	116.0	0.3333333333333333
46417	152	0	5	0.3725	46.8	234.0	0.3333333333333333
46418	65	0	5	0.155	41.4	207.0	0.0
46419	178	0	5	0.4375	113.8	569.0	0.3333333333333333
46420	369	0	5	0.915	124.6	623.0	0.6666666666666666
46421	143	0	5	0.35	141.0	705.0	0.0
46422	124	0	5	0.3025	122.0	610.0	0.3333333333333333
46423	135	0	5	0.33	83.4	417.0	0.3333333333333333
46424	301	0	5	0.745	234.2	1171.0	0.3333333333333333
46425	113	0	5	0.275	109.8	549.0	0.3333333333333333
46426	301	0	5	0.745	83.2	416.0	0.6666666666666666
46427	401	0	4	0.9975	245.2	1226.0	0.6666666666666666
46428	295	0	5	0.73	191.8	959.0	0.0
46429	258	0	5	0.6375	243.0	1215.0	0.0
46430	124	0	5	0.3025	116.8	584.0	0.3333333333333333
46431	324	1	4	0.8075	165.6	828.0	1.0
46432	180	0	5	0.4425	108.4	542.0	0.3333333333333333
46433	241	0	5	0.595	220.0	1100.0	0.0
46434	161	0	5	0.395	77.0	385.0	0.6666666666666666
46435	290	0	5	0.7175	178.6	893.0	0.6666666666666666
46436	135	0	5	0.33	70.2	351.0	0.0
46437	202	0	5	0.4975	66.2	331.0	0.6666666666666666
46438	313	0	5	0.775	117.4	587.0	0.6666666666666666
46439	33	0	5	0.075	31.0	155.0	0.0
46440	198	0	5	0.4875	171.2	856.0	0.0
46441	350	1	4	0.8725	233.6	1168.0	1.0
46442	71	0	5	0.17	59.0	295.0	0.0
46443	314	0	5	0.7775	187.4	937.0	0.6666666666666666
46444	232	0	5	0.5725	191.0	955.0	0.3333333333333333
46445	317	0	5	0.785	199.4	997.0	0.6666666666666666
46446	225	0	5	0.555	213.4	1067.0	0.3333333333333333
46447	357	0	5	0.885	208.8	1044.0	0.6666666666666666
46448	305	0	5	0.755	167.2	836.0	0.3333333333333333
46449	325	0	5	0.805	251.8	1259.0	0.3333333333333333
46450	283	0	5	0.7	189.8	949.0	0.3333333333333333
46451	379	0	5	0.94	287.0	1435.0	0.3333333333333333
46452	150	0	5	0.3675	78.8	394.0	0.3333333333333333
46453	82	0	5	0.1975	17.6	88.0	0.0
46454	206	1	3	0.5125	123.8	619.0	1.0
46455	267	0	5	0.66	129.0	645.0	0.6666666666666666
46456	316	0	5	0.7825	141.2	706.0	0.3333333333333333
46457	258	0	5	0.6375	199.0	995.0	0.3333333333333333
46458	158	0	5	0.3875	133.2	666.0	0.3333333333333333
46459	272	0	5	0.6725	161.0	805.0	0.3333333333333333
46460	270	0	5	0.6675	256.8	1284.0	0.0
46461	281	0	5	0.695	213.0	1065.0	0.3333333333333333
46462	164	0	5	0.4025	99.2	496.0	0.3333333333333333
46463	256	0	5	0.6325	171.6	858.0	0.6666666666666666
46464	296	0	5	0.7325	164.2	821.0	0.6666666666666666
46465	345	1	4	0.86	237.8	1189.0	1.0
46466	42	0	5	0.0975	40.0	200.0	0.0
46467	211	0	5	0.52	177.0	885.0	0.3333333333333333
46468	300	0	5	0.7425	253.8	1269.0	0.6666666666666666
46469	223	0	5	0.55	206.6	1033.0	0.3333333333333333
46470	308	0	5	0.7625	127.2	636.0	0.6666666666666666
46471	48	0	5	0.1125	46.0	230.0	0.0
46472	211	0	5	0.52	144.8	724.0	0.3333333333333333
46473	230	0	5	0.5675	80.8	404.0	0.3333333333333333
46474	154	0	5	0.3775	123.6	618.0	0.3333333333333333
46475	213	0	5	0.525	127.4	637.0	0.3333333333333333
46476	119	0	5	0.29	99.0	495.0	0.0
46477	368	0	5	0.9125	203.6	1018.0	0.6666666666666666
46478	70	0	5	0.1675	62.4	312.0	0.3333333333333333
46479	268	0	5	0.6625	138.6	693.0	0.6666666666666666
46480	185	1	4	0.46	64.2	321.0	1.0
46481	353	0	5	0.875	201.6	1008.0	0.6666666666666666
46482	26	0	5	0.0575	23.6	118.0	0.0
46483	394	1	4	0.9825	248.0	1240.0	1.0
46484	189	0	5	0.465	61.2	306.0	0.3333333333333333
46485	138	0	5	0.3375	104.0	520.0	0.0
46486	380	0	5	0.9425	220.8	1104.0	0.6666666666666666
46487	107	0	5	0.26	73.0	365.0	0.3333333333333333
46488	187	0	5	0.46	150.8	754.0	0.3333333333333333
46489	111	0	5	0.27	65.2	326.0	0.0
46490	160	0	5	0.3925	153.2	766.0	0.3333333333333333
46491	292	0	5	0.7225	181.4	907.0	0.6666666666666666
46492	251	0	5	0.62	191.4	957.0	0.6666666666666666
46493	379	0	5	0.94	89.8	449.0	0.6666666666666666
46494	264	0	5	0.6525	200.8	1004.0	0.6666666666666666
46495	180	0	5	0.4425	46.0	230.0	0.6666666666666666
46496	366	0	5	0.9075	298.2	1491.0	0.6666666666666666
46497	330	1	4	0.8225	136.4	682.0	1.0
46498	396	0	5	0.9825	116.2	581.0	0.6666666666666666
46499	257	0	5	0.635	249.6	1248.0	0.0
46500	211	1	4	0.525	80.6	403.0	1.0
46501	150	0	5	0.3675	148.0	740.0	0.0
46502	3	0	5	0.0025	0.2	1.0	0.3333333333333333
46503	344	0	5	0.8525	161.0	805.0	0.6666666666666666
46504	99	0	5	0.24	86.6	433.0	0.0
46505	157	0	5	0.385	99.0	495.0	0.3333333333333333
46506	227	0	5	0.56	69.0	345.0	0.3333333333333333
46507	387	1	4	0.965	219.6	1098.0	1.0
46508	156	0	5	0.3825	72.6	363.0	0.3333333333333333
46509	163	0	5	0.4	139.8	699.0	0.0
46510	244	0	5	0.6025	101.8	509.0	0.3333333333333333
46511	104	0	5	0.2525	75.2	376.0	0.0
46512	73	0	5	0.175	71.0	355.0	0.0
46513	132	0	5	0.3225	46.0	230.0	0.3333333333333333
46514	113	0	5	0.275	107.0	535.0	0.3333333333333333
46515	116	0	5	0.2825	33.6	168.0	0.3333333333333333
46516	401	0	5	0.995	168.6	843.0	0.6666666666666666
46517	159	0	5	0.39	157.0	785.0	0.0
46518	6	0	5	0.0075	3.2	16.0	0.0
46519	346	1	4	0.8625	143.0	715.0	1.0
46520	355	0	5	0.88	228.2	1141.0	0.3333333333333333
46521	362	0	5	0.8975	201.2	1006.0	0.6666666666666666
46522	143	0	5	0.35	134.4	672.0	0.3333333333333333
46523	267	0	5	0.66	164.6	823.0	0.3333333333333333
46524	254	0	5	0.6275	187.6	938.0	0.6666666666666666
46525	374	0	5	0.9275	289.2	1446.0	0.0
46526	201	0	5	0.495	91.0	455.0	0.3333333333333333
46527	214	0	5	0.5275	212.0	1060.0	0.0
46528	315	0	5	0.78	244.0	1220.0	0.6666666666666666
46529	389	0	5	0.965	221.4	1107.0	0.6666666666666666
46530	175	0	5	0.43	173.0	865.0	0.0
46531	22	0	5	0.0475	20.0	100.0	0.0
46532	42	0	5	0.0975	32.0	160.0	0.3333333333333333
46533	247	1	4	0.615	83.8	419.0	1.0
46534	262	0	5	0.6475	68.6	343.0	0.3333333333333333
46535	229	0	5	0.565	114.6	573.0	0.6666666666666666
46536	256	0	5	0.6325	118.0	590.0	0.3333333333333333
46537	207	0	5	0.51	156.6	783.0	0.6666666666666666
46538	71	0	5	0.17	69.0	345.0	0.0
46539	48	0	5	0.1125	9.8	49.0	0.3333333333333333
46540	228	0	5	0.5625	92.0	460.0	0.6666666666666666
46541	216	0	5	0.5325	117.2	586.0	0.3333333333333333
46542	118	0	5	0.2875	98.4	492.0	0.3333333333333333
46543	282	0	5	0.6975	231.8	1159.0	0.3333333333333333
46544	285	0	5	0.705	98.0	490.0	0.6666666666666666
46545	48	0	5	0.1125	46.0	230.0	0.0
46546	398	1	4	0.9925	280.2	1401.0	1.0
46547	300	0	5	0.7425	216.8	1084.0	0.6666666666666666
46548	317	0	5	0.785	90.4	452.0	0.6666666666666666
46549	277	0	5	0.685	128.4	642.0	0.6666666666666666
46550	385	0	5	0.955	321.6	1608.0	0.6666666666666666
46551	180	0	5	0.4425	120.0	600.0	0.6666666666666666
46552	377	0	5	0.935	178.6	893.0	0.6666666666666666
46553	203	0	5	0.5	40.6	203.0	0.3333333333333333
46554	119	0	5	0.29	87.0	435.0	0.6666666666666666
46555	397	0	5	0.985	189.8	949.0	0.6666666666666666
46556	268	0	5	0.6625	90.0	450.0	0.6666666666666666
46557	220	1	4	0.5475	138.4	692.0	1.0
46558	253	0	5	0.625	177.4	887.0	0.6666666666666666
46559	6	0	5	0.0075	4.0	20.0	0.0
46560	136	0	5	0.3325	93.8	469.0	0.6666666666666666
46561	144	0	5	0.3525	87.2	436.0	0.3333333333333333
46562	174	0	5	0.4275	172.0	860.0	0.0
46563	185	0	5	0.455	94.2	471.0	0.3333333333333333
46564	275	0	5	0.68	145.0	725.0	0.6666666666666666
46565	4	0	5	0.0025	2.0	10.0	0.0
46566	165	0	5	0.405	123.8	619.0	0.3333333333333333
46567	249	0	5	0.615	118.2	591.0	0.3333333333333333
46568	77	0	5	0.185	75.0	375.0	0.3333333333333333
46569	18	0	5	0.0375	16.0	80.0	0.0
46570	178	0	5	0.4375	155.0	775.0	0.0
46571	96	0	5	0.2325	82.0	410.0	0.6666666666666666
46572	159	0	5	0.39	153.0	765.0	0.6666666666666666
46573	151	0	5	0.37	127.0	635.0	0.6666666666666666
46574	163	0	5	0.4	107.0	535.0	0.3333333333333333
46575	337	0	5	0.835	283.8	1419.0	0.3333333333333333
46576	21	0	5	0.045	19.0	95.0	0.0
46577	108	1	4	0.2675	75.8	379.0	1.0
46578	40	0	5	0.0925	33.6	168.0	0.3333333333333333
46579	261	1	4	0.65	158.2	791.0	1.0
46580	55	0	5	0.13	53.0	265.0	0.0
46581	358	1	4	0.8925	154.8	774.0	1.0
46582	190	0	5	0.4675	151.2	756.0	0.3333333333333333
46583	385	1	4	0.96	135.4	677.0	1.0
46584	48	0	5	0.1125	46.0	230.0	0.0
46585	89	0	5	0.215	72.2	361.0	0.3333333333333333
46586	126	0	5	0.3075	70.8	354.0	0.0
46587	136	0	5	0.3325	69.0	345.0	0.6666666666666666
46588	301	0	5	0.745	119.6	598.0	0.6666666666666666
46589	152	0	5	0.3725	150.0	750.0	0.0
46590	68	0	5	0.1625	66.0	330.0	0.0
46591	118	0	5	0.2875	116.0	580.0	0.0
46592	215	0	5	0.53	87.4	437.0	0.3333333333333333
46593	117	0	5	0.285	83.2	416.0	0.3333333333333333
46594	83	0	5	0.2	58.2	291.0	0.0
46595	184	0	5	0.4525	156.8	784.0	0.6666666666666666
46596	25	0	5	0.055	23.0	115.0	0.0
46597	374	0	5	0.9275	211.4	1057.0	0.6666666666666666
46598	294	0	5	0.7275	208.4	1042.0	0.3333333333333333
46599	131	0	5	0.32	124.2	621.0	0.3333333333333333
46600	398	0	5	0.9875	106.0	530.0	0.6666666666666666
46601	329	0	5	0.815	126.2	631.0	0.6666666666666666
46602	345	0	5	0.855	104.6	523.0	0.6666666666666666
46603	270	0	5	0.6675	137.8	689.0	0.6666666666666666
46604	61	0	5	0.145	39.8	199.0	0.3333333333333333
46605	192	0	5	0.4725	176.6	883.0	0.3333333333333333
46606	246	0	5	0.6075	180.4	902.0	0.3333333333333333
46607	253	0	5	0.625	112.0	560.0	0.6666666666666666
46608	285	0	5	0.705	181.2	906.0	0.6666666666666666
46609	44	0	5	0.1025	42.0	210.0	0.0
46610	192	0	5	0.4725	80.4	402.0	0.3333333333333333
46611	114	0	5	0.2775	112.0	560.0	0.0
46612	120	0	5	0.2925	118.0	590.0	0.0
46613	342	1	4	0.8525	162.2	811.0	1.0
46614	265	0	5	0.655	205.4	1027.0	0.3333333333333333
46615	259	0	5	0.64	190.2	951.0	0.3333333333333333
46616	173	0	5	0.425	125.4	627.0	0.0
46617	285	0	5	0.705	132.8	664.0	0.6666666666666666
46618	148	0	5	0.3625	97.4	487.0	0.3333333333333333
46619	325	0	5	0.805	245.0	1225.0	0.6666666666666666
46620	217	0	5	0.535	200.8	1004.0	0.3333333333333333
46621	350	0	5	0.8675	212.0	1060.0	0.6666666666666666
46622	398	0	5	0.9875	182.8	914.0	0.6666666666666666
46623	162	1	4	0.4025	106.0	530.0	1.0
46624	358	0	5	0.8875	143.4	717.0	0.6666666666666666
46625	107	0	5	0.26	95.4	477.0	0.0
46626	63	0	5	0.15	61.0	305.0	0.0
46627	401	0	4	0.9975	240.0	1200.0	0.6666666666666666
46628	375	0	5	0.93	137.0	685.0	0.3333333333333333
46629	319	0	5	0.79	111.4	557.0	0.3333333333333333
46630	300	0	5	0.7425	165.8	829.0	0.0
46631	396	1	4	0.9875	211.2	1056.0	1.0
46632	368	0	5	0.9125	218.4	1092.0	0.6666666666666666
46633	110	0	5	0.2675	43.8	219.0	0.0
46634	367	0	5	0.91	112.2	561.0	0.3333333333333333
46635	385	0	5	0.955	134.2	671.0	0.6666666666666666
46636	194	0	5	0.4775	115.2	576.0	0.3333333333333333
46637	272	0	5	0.6725	242.8	1214.0	0.3333333333333333
46638	68	0	5	0.1625	60.6	303.0	0.0
46639	116	0	5	0.2825	80.8	404.0	0.3333333333333333
46640	304	0	5	0.7525	170.0	850.0	0.6666666666666666
46641	186	1	4	0.4625	97.2	486.0	1.0
46642	60	0	5	0.1425	16.4	82.0	0.0
46643	249	1	4	0.62	114.8	574.0	1.0
46644	30	0	5	0.0675	28.0	140.0	0.0
46645	98	0	5	0.2375	47.4	237.0	0.3333333333333333
46646	325	0	5	0.805	232.8	1164.0	0.6666666666666666
46647	254	0	5	0.6275	194.4	972.0	0.3333333333333333
46648	105	0	5	0.255	91.2	456.0	0.3333333333333333
46649	210	0	5	0.5175	161.2	806.0	0.0
46650	34	0	5	0.0775	32.0	160.0	0.0
46651	214	0	5	0.5275	172.6	863.0	0.3333333333333333
46652	367	0	5	0.91	269.8	1349.0	0.6666666666666666
46653	369	1	4	0.92	170.2	851.0	1.0
46654	333	0	5	0.825	153.4	767.0	0.6666666666666666
46655	401	0	3	0.9975	184.6	923.0	0.6666666666666666
46656	199	0	5	0.49	133.8	669.0	0.3333333333333333
46657	344	0	5	0.8525	268.8	1344.0	0.3333333333333333
46658	47	0	5	0.11	45.0	225.0	0.3333333333333333
46659	29	0	5	0.065	27.0	135.0	0.0
46660	207	0	5	0.51	182.0	910.0	0.3333333333333333
46661	280	0	5	0.6925	77.2	386.0	0.3333333333333333
46662	186	0	5	0.4575	184.0	920.0	0.0
46663	31	0	5	0.07	29.0	145.0	0.0
46664	133	0	5	0.325	99.4	497.0	0.3333333333333333
46665	198	0	5	0.4875	167.6	838.0	0.3333333333333333
46666	53	0	5	0.125	51.0	255.0	0.0
46667	96	0	5	0.2325	66.4	332.0	0.3333333333333333
46668	185	0	5	0.455	97.8	489.0	0.3333333333333333
46669	263	0	5	0.65	123.6	618.0	0.3333333333333333
46670	49	0	5	0.115	30.2	151.0	0.3333333333333333
46671	131	0	5	0.32	129.0	645.0	0.0
46672	202	0	5	0.4975	79.2	396.0	0.6666666666666666
46673	296	0	5	0.7325	240.4	1202.0	0.3333333333333333
46674	181	1	3	0.45	142.4	712.0	1.0
46675	281	0	5	0.695	225.0	1125.0	0.3333333333333333
46676	141	0	5	0.345	131.2	656.0	0.3333333333333333
46677	315	0	5	0.78	123.8	619.0	0.6666666666666666
46678	4	0	5	0.0025	2.0	10.0	0.0
46679	195	0	5	0.48	193.0	965.0	0.0
46680	271	0	5	0.67	128.6	643.0	0.3333333333333333
46681	118	0	5	0.2875	112.0	560.0	0.0
46682	323	0	5	0.8	143.0	715.0	0.6666666666666666
46683	29	0	5	0.065	27.0	135.0	0.0
46684	142	0	5	0.3475	105.4	527.0	0.0
46685	121	0	5	0.295	62.6	313.0	0.3333333333333333
46686	66	0	5	0.1575	34.2	171.0	0.3333333333333333
46687	303	1	4	0.755	169.0	845.0	1.0
46688	344	0	5	0.8525	122.2	611.0	0.3333333333333333
46689	237	0	5	0.585	218.0	1090.0	0.0
46690	23	0	5	0.05	21.0	105.0	0.0
46691	202	0	5	0.4975	192.8	964.0	0.6666666666666666
46692	392	0	5	0.9725	183.0	915.0	0.6666666666666666
46693	129	0	5	0.315	117.6	588.0	0.3333333333333333
46694	385	0	5	0.955	195.4	977.0	0.6666666666666666
46695	155	0	5	0.38	77.4	387.0	0.3333333333333333
46696	364	0	5	0.9025	118.2	591.0	0.3333333333333333
46697	132	0	5	0.3225	130.0	650.0	0.0
46698	96	0	5	0.2325	26.8	134.0	0.3333333333333333
46699	3	0	5	0.0025	0.6	3.0	0.0
46700	326	0	5	0.8075	288.4	1442.0	0.0
46701	82	0	5	0.1975	70.4	352.0	0.0
46702	117	0	5	0.285	38.6	193.0	0.6666666666666666
46703	254	0	5	0.6275	89.2	446.0	0.6666666666666666
46704	16	0	5	0.0325	12.4	62.0	0.3333333333333333
46705	163	0	5	0.4	90.2	451.0	0.3333333333333333
46706	125	0	5	0.305	104.6	523.0	0.3333333333333333
46707	328	0	5	0.8125	88.4	442.0	0.6666666666666666
46708	392	0	5	0.9725	253.8	1269.0	0.6666666666666666
46709	295	0	5	0.73	117.0	585.0	0.3333333333333333
46710	194	0	5	0.4775	152.8	764.0	0.6666666666666666
46711	260	0	5	0.6425	118.2	591.0	0.3333333333333333
46712	334	0	5	0.8275	106.0	530.0	0.6666666666666666
46713	262	0	5	0.6475	84.0	420.0	0.6666666666666666
46714	110	0	5	0.2675	39.2	196.0	0.3333333333333333
46715	190	0	5	0.4675	188.0	940.0	0.0
46716	244	0	5	0.6025	100.0	500.0	0.0
46717	50	0	5	0.1175	44.2	221.0	0.3333333333333333
46718	35	0	5	0.08	16.2	81.0	0.3333333333333333
46719	273	0	5	0.675	193.8	969.0	0.6666666666666666
46720	321	0	5	0.795	125.8	629.0	0.3333333333333333
46721	200	0	5	0.4925	151.2	756.0	0.0
46722	376	0	5	0.9325	223.0	1115.0	0.6666666666666666
46723	117	0	5	0.285	39.4	197.0	0.3333333333333333
46724	279	0	5	0.69	152.2	761.0	0.3333333333333333
46725	195	0	5	0.48	75.2	376.0	0.6666666666666666
46726	249	0	5	0.615	159.8	799.0	0.3333333333333333
46727	217	0	5	0.535	145.8	729.0	0.6666666666666666
46728	24	0	5	0.0525	22.0	110.0	0.0
46729	289	0	5	0.715	80.0	400.0	0.6666666666666666
46730	85	0	5	0.205	79.8	399.0	0.3333333333333333
46731	282	0	5	0.6975	194.0	970.0	0.6666666666666666
46732	295	0	5	0.73	218.2	1091.0	0.3333333333333333
46733	70	0	5	0.1675	68.0	340.0	0.0
46734	155	0	5	0.38	153.0	765.0	0.0
46735	222	1	4	0.5525	118.8	594.0	1.0
46736	171	0	5	0.42	140.6	703.0	0.0
46737	250	0	5	0.6175	90.6	453.0	0.3333333333333333
46738	280	0	5	0.6925	150.0	750.0	0.6666666666666666
46739	172	0	5	0.4225	151.4	757.0	0.0
46740	372	0	5	0.9225	337.2	1686.0	0.6666666666666666
46741	211	0	5	0.52	164.6	823.0	0.3333333333333333
46742	117	0	5	0.285	43.4	217.0	0.3333333333333333
46743	113	0	5	0.275	95.0	475.0	0.0
46744	175	0	5	0.43	148.8	744.0	0.3333333333333333
46745	265	0	5	0.655	77.8	389.0	0.6666666666666666
46746	28	0	5	0.0625	26.0	130.0	0.0
46747	290	0	5	0.7175	269.0	1345.0	0.3333333333333333
46748	12	0	5	0.0225	10.0	50.0	0.0
46749	213	0	5	0.525	124.2	621.0	0.3333333333333333
46750	140	0	5	0.3425	88.4	442.0	0.6666666666666666
46751	90	0	5	0.2175	73.8	369.0	0.3333333333333333
46752	330	0	5	0.8175	206.4	1032.0	0.3333333333333333
46753	376	0	5	0.9325	174.8	874.0	0.6666666666666666
46754	176	0	5	0.4325	147.6	738.0	0.6666666666666666
46755	91	0	5	0.22	69.2	346.0	0.3333333333333333
46756	256	1	3	0.6375	255.4	1277.0	1.0
46757	135	0	5	0.33	122.6	613.0	0.3333333333333333
46758	251	0	5	0.62	112.6	563.0	0.3333333333333333
46759	62	0	5	0.1475	60.0	300.0	0.0
46760	219	0	5	0.54	166.0	830.0	0.6666666666666666
46761	73	0	5	0.175	71.0	355.0	0.0
46762	178	0	5	0.4375	69.4	347.0	0.6666666666666666
46763	224	0	5	0.5525	121.2	606.0	0.6666666666666666
46764	45	0	5	0.105	39.0	195.0	0.3333333333333333
46765	117	0	5	0.285	115.0	575.0	0.0
46766	221	0	5	0.545	133.4	667.0	0.6666666666666666
46767	286	0	5	0.7075	186.4	932.0	0.3333333333333333
46768	13	0	5	0.025	11.0	55.0	0.0
46769	270	0	5	0.6675	154.6	773.0	0.3333333333333333
46770	245	0	5	0.605	138.4	692.0	0.6666666666666666
46771	278	1	4	0.6925	131.2	656.0	1.0
46772	374	0	5	0.9275	257.8	1289.0	0.6666666666666666
46773	255	0	5	0.63	169.0	845.0	0.6666666666666666
46774	263	0	5	0.65	159.8	799.0	0.3333333333333333
46775	333	0	5	0.825	140.2	701.0	0.6666666666666666
46776	354	0	5	0.8775	235.0	1175.0	0.6666666666666666
46777	267	0	5	0.66	189.8	949.0	0.3333333333333333
46778	83	0	5	0.2	71.4	357.0	0.3333333333333333
46779	294	0	5	0.7275	159.6	798.0	0.3333333333333333
46780	140	0	5	0.3425	131.4	657.0	0.3333333333333333
46781	287	1	4	0.715	175.4	877.0	1.0
46782	314	0	5	0.7775	208.2	1041.0	0.3333333333333333
46783	198	0	5	0.4875	177.2	886.0	0.3333333333333333
46784	250	0	5	0.6175	124.4	622.0	0.3333333333333333
46785	155	0	5	0.38	153.0	765.0	0.0
46786	264	0	5	0.6525	140.0	700.0	0.6666666666666666
46787	14	0	5	0.0275	9.6	48.0	0.0
46788	144	0	5	0.3525	142.0	710.0	0.3333333333333333
46789	42	0	5	0.0975	21.4	107.0	0.3333333333333333
46790	206	0	5	0.5075	91.6	458.0	0.6666666666666666
46791	141	0	5	0.345	139.0	695.0	0.0
46792	164	0	5	0.4025	96.4	482.0	0.3333333333333333
46793	89	0	5	0.215	87.0	435.0	0.0
46794	135	0	5	0.33	56.2	281.0	0.3333333333333333
46795	94	0	5	0.2275	88.6	443.0	0.0
46796	118	0	5	0.2875	113.8	569.0	0.3333333333333333
46797	245	0	5	0.605	107.6	538.0	0.3333333333333333
46798	290	0	5	0.7175	109.6	548.0	0.3333333333333333
46799	396	1	4	0.9875	165.6	828.0	1.0
46800	35	0	5	0.08	33.0	165.0	0.0
46801	103	0	5	0.25	79.0	395.0	0.0
46802	387	0	5	0.96	279.0	1395.0	0.6666666666666666
46803	283	0	5	0.7	208.2	1041.0	0.3333333333333333
46804	146	0	5	0.3575	73.2	366.0	0.3333333333333333
46805	70	0	5	0.1675	68.0	340.0	0.0
46806	77	0	5	0.185	75.0	375.0	0.0
46807	99	0	5	0.24	97.0	485.0	0.0
46808	146	0	5	0.3575	105.6	528.0	0.0
46809	237	0	5	0.585	47.0	235.0	0.3333333333333333
46810	94	0	5	0.2275	28.0	140.0	0.3333333333333333
46811	289	0	5	0.715	87.4	437.0	0.6666666666666666
46812	368	1	4	0.9175	233.0	1165.0	1.0
46813	52	0	5	0.1225	47.2	236.0	0.3333333333333333
46814	158	0	5	0.3875	134.2	671.0	0.3333333333333333
46815	273	0	5	0.675	141.8	709.0	0.3333333333333333
46816	336	1	4	0.8375	154.4	772.0	1.0
46817	236	0	5	0.5825	75.2	376.0	0.3333333333333333
46818	343	1	4	0.855	128.6	643.0	1.0
46819	239	0	5	0.59	226.0	1130.0	0.3333333333333333
46820	11	0	5	0.02	9.0	45.0	0.0
46821	286	0	5	0.7075	206.4	1032.0	0.6666666666666666
46822	341	1	4	0.85	173.6	868.0	1.0
46823	74	0	5	0.1775	72.0	360.0	0.0
46824	379	0	5	0.94	176.0	880.0	0.6666666666666666
46825	340	0	5	0.8425	274.6	1373.0	0.3333333333333333
46826	148	0	5	0.3625	130.8	654.0	0.3333333333333333
46827	276	1	4	0.6875	148.6	743.0	1.0
46828	200	0	5	0.4925	198.0	990.0	0.0
46829	395	0	5	0.98	268.2	1341.0	0.6666666666666666
46830	243	0	5	0.6	133.6	668.0	0.6666666666666666
46831	187	0	5	0.46	106.4	532.0	0.6666666666666666
46832	243	0	5	0.6	170.2	851.0	0.6666666666666666
46833	277	0	5	0.685	131.0	655.0	0.3333333333333333
46834	226	0	5	0.5575	224.0	1120.0	0.0
46835	135	0	5	0.33	38.6	193.0	0.3333333333333333
46836	373	1	4	0.93	87.4	437.0	1.0
46837	304	0	5	0.7525	204.2	1021.0	0.3333333333333333
46838	194	1	4	0.4825	75.4	377.0	1.0
46839	242	0	5	0.5975	149.4	747.0	0.3333333333333333
46840	174	0	5	0.4275	172.0	860.0	0.0
46841	299	1	4	0.745	153.2	766.0	1.0
46842	55	0	5	0.13	36.2	181.0	0.3333333333333333
46843	215	0	5	0.53	127.4	637.0	0.3333333333333333
46844	107	0	5	0.26	71.0	355.0	0.0
46845	114	0	5	0.2775	89.6	448.0	0.3333333333333333
46846	274	0	5	0.6775	106.6	533.0	0.6666666666666666
46847	378	0	5	0.9375	118.4	592.0	0.6666666666666666
46848	365	1	4	0.91	276.2	1381.0	1.0
46849	216	0	5	0.5325	196.6	983.0	0.3333333333333333
46850	99	0	5	0.24	47.8	239.0	0.3333333333333333
46851	295	0	5	0.73	76.2	381.0	0.3333333333333333
46852	342	0	5	0.8475	160.4	802.0	0.6666666666666666
46853	193	0	5	0.475	170.6	853.0	0.3333333333333333
46854	391	0	5	0.97	119.4	597.0	0.6666666666666666
46855	395	0	5	0.98	220.0	1100.0	0.6666666666666666
46856	315	0	5	0.78	189.6	948.0	0.6666666666666666
46857	324	1	4	0.8075	180.8	904.0	1.0
46858	238	0	5	0.5875	98.6	493.0	0.6666666666666666
46859	228	0	5	0.5625	127.0	635.0	0.6666666666666666
46860	8	0	5	0.0125	6.0	30.0	0.0
46861	249	0	5	0.615	214.2	1071.0	0.3333333333333333
46862	234	1	4	0.5825	166.8	834.0	1.0
46863	282	0	5	0.6975	171.2	856.0	0.6666666666666666
46864	303	0	5	0.75	204.2	1021.0	0.6666666666666666
46865	365	0	5	0.905	302.4	1512.0	0.6666666666666666
46866	184	0	5	0.4525	84.4	422.0	0.0
46867	260	0	5	0.6425	180.0	900.0	0.3333333333333333
46868	201	0	5	0.495	114.2	571.0	0.6666666666666666
46869	74	0	5	0.1775	22.4	112.0	0.3333333333333333
46870	252	0	5	0.6225	134.8	674.0	0.3333333333333333
46871	76	0	5	0.1825	72.2	361.0	0.0
46872	244	0	5	0.6025	175.6	878.0	0.3333333333333333
46873	259	0	5	0.64	164.4	822.0	0.6666666666666666
46874	164	0	5	0.4025	90.2	451.0	0.6666666666666666
46875	378	0	5	0.9375	293.4	1467.0	0.6666666666666666
46876	99	0	5	0.24	73.6	368.0	0.3333333333333333
46877	349	0	5	0.865	195.4	977.0	0.6666666666666666
46878	301	0	5	0.745	285.6	1428.0	0.3333333333333333
46879	218	0	5	0.5375	154.0	770.0	0.3333333333333333
46880	375	0	5	0.93	231.0	1155.0	0.6666666666666666
46881	284	0	5	0.7025	170.0	850.0	0.6666666666666666
46882	401	0	3	0.9975	246.2	1231.0	0.6666666666666666
46883	97	0	5	0.235	26.2	131.0	0.3333333333333333
46884	176	0	5	0.4325	88.0	440.0	0.3333333333333333
46885	244	0	5	0.6025	55.6	278.0	0.6666666666666666
46886	371	0	5	0.92	254.2	1271.0	0.6666666666666666
46887	178	0	5	0.4375	163.6	818.0	0.0
46888	149	0	5	0.365	135.0	675.0	0.6666666666666666
46889	223	0	5	0.55	218.0	1090.0	0.3333333333333333
46890	348	0	5	0.8625	175.4	877.0	0.6666666666666666
46891	184	0	5	0.4525	161.0	805.0	0.3333333333333333
46892	89	0	5	0.215	59.4	297.0	0.3333333333333333
46893	266	0	5	0.6575	73.6	368.0	0.3333333333333333
46894	80	0	5	0.1925	78.0	390.0	0.0
46895	335	0	5	0.83	321.6	1608.0	0.3333333333333333
46896	351	0	5	0.87	122.2	611.0	0.6666666666666666
46897	307	0	5	0.76	269.4	1347.0	0.6666666666666666
46898	216	0	5	0.5325	101.8	509.0	0.3333333333333333
46899	237	0	5	0.585	131.4	657.0	0.3333333333333333
46900	331	1	4	0.825	206.4	1032.0	1.0
46901	365	0	5	0.905	205.4	1027.0	0.6666666666666666
46902	287	0	5	0.71	168.4	842.0	0.6666666666666666
46903	99	0	5	0.24	61.6	308.0	0.0
46904	110	0	5	0.2675	40.8	204.0	0.3333333333333333
46905	381	0	5	0.945	221.6	1108.0	0.6666666666666666
46906	3	0	5	0.0025	0.4	2.0	0.0
46907	296	0	5	0.7325	226.4	1132.0	0.0
46908	380	0	5	0.9425	327.2	1636.0	0.6666666666666666
46909	266	0	5	0.6575	198.8	994.0	0.6666666666666666
46910	190	0	5	0.4675	99.2	496.0	0.6666666666666666
46911	155	0	5	0.38	91.0	455.0	0.6666666666666666
46912	160	0	5	0.3925	112.6	563.0	0.6666666666666666
46913	140	0	5	0.3425	83.4	417.0	0.3333333333333333
46914	176	0	5	0.4325	37.2	186.0	0.3333333333333333
46915	143	0	5	0.35	43.4	217.0	0.6666666666666666
46916	109	0	5	0.265	88.6	443.0	0.3333333333333333
46917	13	0	5	0.025	11.0	55.0	0.0
46918	292	0	5	0.7225	154.4	772.0	0.0
46919	278	0	5	0.6875	119.6	598.0	0.3333333333333333
46920	213	0	5	0.525	130.0	650.0	0.3333333333333333
46921	163	0	5	0.4	161.0	805.0	0.0
46922	241	0	5	0.595	158.6	793.0	0.3333333333333333
46923	73	0	5	0.175	71.0	355.0	0.0
46924	321	0	5	0.795	227.0	1135.0	0.0
46925	312	0	5	0.7725	249.4	1247.0	0.6666666666666666
46926	170	0	5	0.4175	133.4	667.0	0.3333333333333333
46927	248	0	5	0.6125	153.8	769.0	0.6666666666666666
46928	199	0	5	0.49	127.4	637.0	0.3333333333333333
46929	297	0	5	0.735	263.0	1315.0	0.6666666666666666
46930	190	0	5	0.4675	141.2	706.0	0.3333333333333333
46931	161	1	4	0.4	119.2	596.0	1.0
46932	376	1	4	0.9375	180.4	902.0	1.0
46933	280	0	5	0.6925	151.0	755.0	0.6666666666666666
46934	242	0	5	0.5975	130.0	650.0	0.6666666666666666
46935	88	0	5	0.2125	86.0	430.0	0.0
46936	350	0	5	0.8675	193.0	965.0	0.6666666666666666
46937	7	0	5	0.01	5.0	25.0	0.0
46938	184	0	5	0.4525	86.0	430.0	0.6666666666666666
46939	134	0	5	0.3275	104.4	522.0	0.0
46940	63	0	5	0.15	61.0	305.0	0.0
46941	74	0	5	0.1775	68.6	343.0	0.3333333333333333
46942	148	0	5	0.3625	111.6	558.0	0.3333333333333333
46943	183	1	4	0.455	123.6	618.0	1.0
46944	126	0	5	0.3075	124.0	620.0	0.0
46945	123	0	5	0.3	74.2	371.0	0.3333333333333333
46946	74	0	5	0.1775	38.6	193.0	0.3333333333333333
46947	148	0	5	0.3625	122.8	614.0	0.3333333333333333
46948	129	0	5	0.315	118.6	593.0	0.6666666666666666
46949	48	0	5	0.1125	46.0	230.0	0.0
46950	163	0	5	0.4	92.2	461.0	0.6666666666666666
46951	187	0	5	0.46	135.0	675.0	0.0
46952	162	1	4	0.4025	57.4	287.0	1.0
46953	239	1	4	0.595	223.6	1118.0	1.0
46954	128	0	5	0.3125	93.0	465.0	0.6666666666666666
46955	89	0	5	0.215	87.0	435.0	0.0
46956	56	0	5	0.1325	54.0	270.0	0.0
46957	21	0	5	0.045	15.6	78.0	0.0
46958	348	0	5	0.8625	151.0	755.0	0.6666666666666666
46959	164	0	5	0.4025	90.4	452.0	0.3333333333333333
46960	333	0	5	0.825	205.4	1027.0	0.6666666666666666
46961	102	0	5	0.2475	100.0	500.0	0.0
46962	154	0	5	0.3775	137.0	685.0	0.3333333333333333
46963	276	0	5	0.6825	110.8	554.0	0.6666666666666666
46964	378	1	4	0.9425	313.8	1569.0	1.0
46965	53	0	5	0.125	51.0	255.0	0.0
46966	31	0	5	0.07	29.0	145.0	0.0
46967	73	0	5	0.175	17.0	85.0	0.3333333333333333
46968	32	0	5	0.0725	30.0	150.0	0.0
46969	44	0	5	0.1025	42.0	210.0	0.0
46970	192	0	5	0.4725	74.0	370.0	0.3333333333333333
46971	189	0	5	0.465	104.8	524.0	0.0
46972	49	0	5	0.115	37.4	187.0	0.3333333333333333
46973	52	0	5	0.1225	50.0	250.0	0.0
46974	391	0	5	0.97	158.6	793.0	0.6666666666666666
46975	146	0	5	0.3575	98.8	494.0	0.0
46976	225	0	5	0.555	110.6	553.0	0.0
46977	123	0	5	0.3	93.0	465.0	0.3333333333333333
46978	297	1	4	0.74	194.2	971.0	1.0
46979	149	0	5	0.365	147.0	735.0	0.0
46980	235	0	5	0.58	187.8	939.0	0.0
46981	316	0	5	0.7825	107.6	538.0	0.3333333333333333
46982	370	0	5	0.9175	114.4	572.0	0.6666666666666666
46983	378	1	4	0.9425	243.4	1217.0	1.0
46984	216	0	5	0.5325	149.8	749.0	0.3333333333333333
46985	132	0	5	0.3225	114.0	570.0	0.3333333333333333
46986	97	0	5	0.235	47.0	235.0	0.0
46987	159	0	5	0.39	85.8	429.0	0.3333333333333333
46988	85	0	5	0.205	83.0	415.0	0.0
46989	304	0	5	0.7525	62.0	310.0	0.6666666666666666
46990	191	0	5	0.47	97.0	485.0	0.3333333333333333
46991	2	0	5	0.0	0.0	0.0	0.0
46992	68	0	5	0.1625	66.0	330.0	0.0
46993	243	0	5	0.6	153.0	765.0	0.3333333333333333
46994	75	0	5	0.18	72.2	361.0	0.3333333333333333
46995	320	0	5	0.7925	272.8	1364.0	0.0
46996	378	0	5	0.9375	152.2	761.0	0.6666666666666666
46997	185	0	5	0.455	127.0	635.0	0.6666666666666666
46998	3	0	5	0.0025	0.2	1.0	0.3333333333333333
46999	89	0	5	0.215	87.0	435.0	0.0
47000	252	0	5	0.6225	108.0	540.0	0.6666666666666666
47001	215	1	4	0.535	160.2	801.0	1.0
47002	110	0	5	0.2675	25.6	128.0	0.6666666666666666
47003	171	0	5	0.42	145.6	728.0	0.3333333333333333
47004	17	0	5	0.035	15.0	75.0	0.0
47005	224	0	5	0.5525	219.6	1098.0	0.6666666666666666
47006	85	0	5	0.205	37.2	186.0	0.3333333333333333
47007	208	1	4	0.5175	61.0	305.0	1.0
47008	297	0	5	0.735	150.6	753.0	0.0
47009	302	0	5	0.7475	244.0	1220.0	0.6666666666666666
47010	355	0	5	0.88	152.8	764.0	0.6666666666666666
47011	241	0	5	0.595	145.0	725.0	0.3333333333333333
47012	224	0	5	0.5525	102.8	514.0	0.6666666666666666
47013	361	0	5	0.895	166.4	832.0	0.6666666666666666
47014	331	0	5	0.82	229.0	1145.0	0.3333333333333333
47015	308	0	5	0.7625	152.4	762.0	0.0
47016	231	0	5	0.57	134.8	674.0	0.6666666666666666
47017	160	0	5	0.3925	97.2	486.0	0.3333333333333333
47018	299	0	5	0.74	132.6	663.0	0.6666666666666666
47019	77	0	5	0.185	74.2	371.0	0.3333333333333333
47020	322	0	5	0.7975	123.4	617.0	0.6666666666666666
47021	219	0	5	0.54	216.2	1081.0	0.3333333333333333
47022	338	0	5	0.8375	281.2	1406.0	0.6666666666666666
47023	214	1	4	0.5325	84.4	422.0	1.0
47024	390	0	5	0.9675	203.2	1016.0	0.6666666666666666
47025	370	0	5	0.9175	248.4	1242.0	0.6666666666666666
47026	91	0	5	0.22	89.0	445.0	0.0
47027	301	1	3	0.75	158.8	794.0	1.0
47028	322	0	5	0.7975	266.2	1331.0	0.6666666666666666
47029	7	0	5	0.01	5.0	25.0	0.0
47030	338	1	4	0.8425	122.8	614.0	1.0
47031	215	0	5	0.53	67.0	335.0	0.3333333333333333
47032	4	0	5	0.0025	2.0	10.0	0.0
47033	102	0	5	0.2475	100.0	500.0	0.0
47034	73	0	5	0.175	71.0	355.0	0.0
47035	177	0	5	0.435	133.4	667.0	0.3333333333333333
47036	248	0	5	0.6125	102.6	513.0	0.3333333333333333
47037	105	0	5	0.255	86.2	431.0	0.3333333333333333
47038	138	0	5	0.3375	87.8	439.0	0.3333333333333333
47039	150	0	5	0.3675	69.2	346.0	0.6666666666666666
47040	86	0	5	0.2075	51.6	258.0	0.0
47041	314	0	5	0.7775	199.0	995.0	0.6666666666666666
47042	241	0	5	0.595	219.8	1099.0	0.3333333333333333
47043	180	0	5	0.4425	174.4	872.0	0.0
47044	161	0	5	0.395	87.0	435.0	0.0
47045	36	0	5	0.0825	31.2	156.0	0.0
47046	204	0	5	0.5025	156.6	783.0	0.3333333333333333
47047	241	0	5	0.595	126.8	634.0	0.3333333333333333
47048	388	0	5	0.9625	150.0	750.0	0.6666666666666666
47049	126	0	5	0.3075	124.0	620.0	0.0
47050	139	0	5	0.34	73.8	369.0	0.3333333333333333
47051	239	0	5	0.59	206.4	1032.0	0.0
47052	112	1	4	0.2775	53.0	265.0	1.0
47053	152	0	5	0.3725	126.0	630.0	0.0
47054	176	1	4	0.4375	112.8	564.0	1.0
47055	79	0	5	0.19	43.4	217.0	0.0
47056	213	0	5	0.525	211.0	1055.0	0.3333333333333333
47057	400	1	4	0.9975	250.8	1254.0	1.0
47058	333	0	5	0.825	213.2	1066.0	0.6666666666666666
47059	222	0	5	0.5475	54.4	272.0	0.6666666666666666
47060	178	0	5	0.4375	109.4	547.0	0.0
47061	354	0	5	0.8775	180.6	903.0	0.6666666666666666
47062	125	0	5	0.305	123.0	615.0	0.0
47063	181	0	5	0.445	106.4	532.0	0.3333333333333333
47064	285	0	5	0.705	200.0	1000.0	0.6666666666666666
47065	67	0	5	0.16	56.6	283.0	0.3333333333333333
47066	94	0	5	0.2275	91.2	456.0	0.3333333333333333
47067	31	0	5	0.07	29.0	145.0	0.0
47068	160	0	5	0.3925	139.2	696.0	0.3333333333333333
47069	9	0	5	0.015	7.0	35.0	0.0
47070	207	0	5	0.51	205.0	1025.0	0.0
47071	210	0	5	0.5175	188.0	940.0	0.3333333333333333
47072	116	0	5	0.2825	67.8	339.0	0.0
47073	48	0	5	0.1125	46.0	230.0	0.0
47074	276	0	5	0.6825	182.4	912.0	0.0
47075	17	0	5	0.035	11.4	57.0	0.0
47076	371	0	5	0.92	238.2	1191.0	0.6666666666666666
47077	45	0	5	0.105	43.0	215.0	0.0
47078	173	0	5	0.425	119.8	599.0	0.3333333333333333
47079	401	0	5	0.995	296.0	1480.0	0.6666666666666666
47080	222	0	5	0.5475	220.0	1100.0	0.0
47081	211	0	5	0.52	113.4	567.0	0.3333333333333333
47082	243	0	5	0.6	192.6	963.0	0.3333333333333333
47083	381	1	4	0.95	298.2	1491.0	1.0
47084	179	0	5	0.44	73.4	367.0	0.3333333333333333
47085	61	0	5	0.145	40.4	202.0	0.3333333333333333
47086	181	1	4	0.45	171.8	859.0	1.0
47087	253	0	5	0.625	169.4	847.0	0.3333333333333333
47088	210	0	5	0.5175	208.0	1040.0	0.3333333333333333
47089	105	0	5	0.255	59.8	299.0	0.3333333333333333
47090	243	1	4	0.605	199.2	996.0	1.0
47091	384	0	5	0.9525	284.8	1424.0	0.6666666666666666
47092	241	0	5	0.595	122.4	612.0	0.6666666666666666
47093	12	0	5	0.0225	10.0	50.0	0.0
47094	169	0	5	0.415	92.6	463.0	0.6666666666666666
47095	162	0	5	0.3975	109.4	547.0	0.6666666666666666
47096	350	0	5	0.8675	153.4	767.0	0.6666666666666666
47097	272	0	5	0.6725	182.2	911.0	0.3333333333333333
47098	244	1	4	0.6075	222.8	1114.0	1.0
47099	250	0	5	0.6175	124.0	620.0	0.6666666666666666
47100	304	1	4	0.7575	112.8	564.0	1.0
47101	146	0	5	0.3575	68.8	344.0	0.0
47102	327	1	4	0.815	131.8	659.0	1.0
47103	138	0	5	0.3375	90.0	450.0	0.3333333333333333
47104	75	0	5	0.18	51.8	259.0	0.3333333333333333
47105	89	0	5	0.215	87.0	435.0	0.3333333333333333
47106	179	0	5	0.44	80.4	402.0	0.3333333333333333
47107	58	0	5	0.1375	49.6	248.0	0.3333333333333333
47108	297	0	5	0.735	165.6	828.0	0.0
47109	257	0	5	0.635	111.0	555.0	0.3333333333333333
47110	260	0	5	0.6425	187.2	936.0	0.6666666666666666
47111	223	1	4	0.555	141.2	706.0	1.0
47112	122	0	5	0.2975	120.0	600.0	0.0
47113	310	0	5	0.7675	208.0	1040.0	0.3333333333333333
47114	198	0	5	0.4875	123.2	616.0	0.0
47115	224	0	5	0.5525	100.4	502.0	0.3333333333333333
47116	85	0	5	0.205	59.6	298.0	0.0
47117	52	0	5	0.1225	50.0	250.0	0.0
47118	140	0	5	0.3425	39.2	196.0	0.6666666666666666
47119	158	0	5	0.3875	54.6	273.0	0.3333333333333333
47120	386	0	5	0.9575	239.0	1195.0	0.6666666666666666
47121	401	0	4	0.9975	100.8	504.0	0.6666666666666666
47122	76	0	5	0.1825	74.0	370.0	0.0
47123	255	0	5	0.63	150.4	752.0	0.3333333333333333
47124	216	0	5	0.5325	116.0	580.0	0.6666666666666666
47125	2	0	5	0.0	0.0	0.0	0.0
47126	178	1	4	0.4425	142.2	711.0	1.0
47127	15	0	5	0.03	13.0	65.0	0.0
47128	27	0	5	0.06	25.0	125.0	0.0
47129	156	0	5	0.3825	114.8	574.0	0.6666666666666666
47130	13	0	5	0.025	11.0	55.0	0.0
47131	5	0	5	0.005	3.0	15.0	0.0
47132	44	0	5	0.1025	42.0	210.0	0.0
47133	107	0	5	0.26	97.0	485.0	0.3333333333333333
47134	392	0	5	0.9725	215.2	1076.0	0.6666666666666666
47135	260	0	5	0.6425	232.4	1162.0	0.3333333333333333
47136	135	0	5	0.33	132.6	663.0	0.0
47137	196	0	5	0.4825	73.4	367.0	0.6666666666666666
47138	37	0	5	0.085	7.4	37.0	0.3333333333333333
47139	174	0	5	0.4275	105.2	526.0	0.6666666666666666
47140	316	1	4	0.7875	143.6	718.0	1.0
47141	263	0	5	0.65	190.0	950.0	0.6666666666666666
47142	337	0	5	0.835	210.0	1050.0	0.6666666666666666
47143	147	0	5	0.36	70.0	350.0	0.0
47144	274	0	5	0.6775	266.0	1330.0	0.3333333333333333
47145	132	0	5	0.3225	103.6	518.0	0.3333333333333333
47146	336	0	5	0.8325	242.2	1211.0	0.6666666666666666
47147	21	0	5	0.045	19.0	95.0	0.0
47148	164	0	5	0.4025	73.0	365.0	0.3333333333333333
47149	365	0	5	0.905	108.2	541.0	0.6666666666666666
47150	128	0	5	0.3125	116.2	581.0	0.3333333333333333
47151	79	0	5	0.19	43.4	217.0	0.0
47152	19	0	5	0.04	17.0	85.0	0.0
47153	155	0	5	0.38	151.2	756.0	0.3333333333333333
47154	194	0	5	0.4775	68.0	340.0	0.3333333333333333
47155	202	1	4	0.5025	150.8	754.0	1.0
47156	105	0	5	0.255	103.0	515.0	0.0
47157	214	0	5	0.5275	84.2	421.0	0.3333333333333333
47158	101	0	5	0.245	79.8	399.0	0.3333333333333333
47159	390	0	5	0.9675	231.4	1157.0	0.6666666666666666
47160	333	0	5	0.825	176.6	883.0	0.6666666666666666
47161	335	0	5	0.83	222.2	1111.0	0.6666666666666666
47162	102	0	5	0.2475	100.0	500.0	0.0
47163	57	0	5	0.135	51.8	259.0	0.0
47164	323	0	5	0.8	248.8	1244.0	0.6666666666666666
47165	305	0	5	0.755	122.4	612.0	0.3333333333333333
47166	294	0	5	0.7275	76.4	382.0	0.6666666666666666
47167	162	0	5	0.3975	78.6	393.0	0.6666666666666666
47168	110	0	5	0.2675	58.2	291.0	0.3333333333333333
47169	377	0	5	0.935	183.0	915.0	0.6666666666666666
47170	344	0	5	0.8525	182.2	911.0	0.6666666666666666
47171	282	0	5	0.6975	169.6	848.0	0.6666666666666666
47172	231	0	5	0.57	113.2	566.0	0.6666666666666666
47173	30	0	5	0.0675	28.0	140.0	0.0
47174	393	1	4	0.98	269.8	1349.0	1.0
47175	358	0	5	0.8875	95.2	476.0	0.3333333333333333
47176	91	0	5	0.22	86.6	433.0	0.0
47177	353	0	5	0.875	267.6	1338.0	0.6666666666666666
47178	259	0	5	0.64	140.0	700.0	0.6666666666666666
47179	66	0	5	0.1575	64.0	320.0	0.0
47180	344	1	4	0.8575	333.6	1668.0	1.0
47181	44	0	5	0.1025	42.0	210.0	0.0
47182	275	0	5	0.68	190.8	954.0	0.6666666666666666
47183	48	0	5	0.1125	32.8	164.0	0.3333333333333333
47184	43	0	5	0.1	41.0	205.0	0.0
47185	375	0	5	0.93	238.6	1193.0	0.6666666666666666
47186	320	0	5	0.7925	221.2	1106.0	0.3333333333333333
47187	173	0	5	0.425	156.6	783.0	0.3333333333333333
47188	267	0	5	0.66	78.6	393.0	0.6666666666666666
47189	207	0	5	0.51	152.8	764.0	0.3333333333333333
47190	182	0	5	0.4475	148.2	741.0	0.6666666666666666
47191	377	1	4	0.94	240.0	1200.0	1.0
47192	113	0	5	0.275	54.2	271.0	0.0
47193	86	0	5	0.2075	53.6	268.0	0.3333333333333333
47194	188	0	5	0.4625	98.6	493.0	0.6666666666666666
47195	280	0	5	0.6925	190.6	953.0	0.6666666666666666
47196	192	0	5	0.4725	130.4	652.0	0.3333333333333333
47197	7	0	5	0.01	5.0	25.0	0.0
47198	198	0	5	0.4875	102.8	514.0	0.6666666666666666
47199	31	0	5	0.07	29.0	145.0	0.0
47200	204	0	5	0.5025	157.6	788.0	0.3333333333333333
47201	158	0	5	0.3875	156.0	780.0	0.0
47202	15	0	5	0.03	13.0	65.0	0.0
47203	66	0	5	0.1575	64.0	320.0	0.0
47204	396	1	4	0.9875	225.4	1127.0	1.0
47205	139	0	5	0.34	72.2	361.0	0.6666666666666666
47206	279	0	5	0.69	168.2	841.0	0.6666666666666666
47207	201	0	5	0.495	195.0	975.0	0.3333333333333333
47208	348	0	5	0.8625	118.8	594.0	0.3333333333333333
47209	111	0	5	0.27	109.0	545.0	0.0
47210	305	0	5	0.755	135.6	678.0	0.6666666666666666
47211	255	0	5	0.63	126.8	634.0	0.3333333333333333
47212	209	0	5	0.515	150.0	750.0	0.3333333333333333
47213	209	0	5	0.515	135.6	678.0	0.3333333333333333
47214	51	0	5	0.12	42.2	211.0	0.0
47215	189	0	5	0.465	187.0	935.0	0.0
47216	154	0	5	0.3775	125.4	627.0	0.6666666666666666
47217	156	0	5	0.3825	98.4	492.0	0.0
47218	121	0	5	0.295	119.0	595.0	0.0
47219	214	0	5	0.5275	124.0	620.0	0.3333333333333333
47220	79	0	5	0.19	76.4	382.0	0.3333333333333333
47221	231	0	5	0.57	154.8	774.0	0.6666666666666666
47222	49	0	5	0.115	44.6	223.0	0.0
47223	242	0	5	0.5975	165.4	827.0	0.3333333333333333
47224	191	0	5	0.47	159.0	795.0	0.3333333333333333
47225	239	0	5	0.59	173.6	868.0	0.3333333333333333
47226	334	0	5	0.8275	178.6	893.0	0.6666666666666666
47227	155	0	5	0.38	111.0	555.0	0.6666666666666666
47228	255	1	3	0.635	121.8	609.0	1.0
47229	191	0	5	0.47	84.0	420.0	0.3333333333333333
47230	181	0	5	0.445	101.6	508.0	0.6666666666666666
47231	394	1	4	0.9825	290.2	1451.0	1.0
47232	222	0	5	0.5475	78.4	392.0	0.3333333333333333
47233	49	0	5	0.115	47.0	235.0	0.0
47234	209	0	5	0.515	122.4	612.0	0.0
47235	219	0	5	0.54	144.2	721.0	0.6666666666666666
47236	281	0	5	0.695	205.8	1029.0	0.6666666666666666
47237	397	0	5	0.985	92.2	461.0	0.6666666666666666
47238	65	0	5	0.155	15.0	75.0	0.3333333333333333
47239	50	0	5	0.1175	48.0	240.0	0.0
47240	354	0	5	0.8775	161.4	807.0	0.3333333333333333
47241	60	0	5	0.1425	38.8	194.0	0.3333333333333333
47242	245	0	5	0.605	173.6	868.0	0.3333333333333333
47243	230	0	5	0.5675	209.4	1047.0	0.3333333333333333
47244	172	0	5	0.4225	109.0	545.0	0.6666666666666666
47245	36	0	5	0.0825	34.0	170.0	0.0
47246	319	1	4	0.795	197.0	985.0	1.0
47247	42	0	5	0.0975	38.4	192.0	0.3333333333333333
47248	301	1	4	0.75	141.0	705.0	1.0
47249	225	0	5	0.555	199.4	997.0	0.0
47250	364	0	5	0.9025	160.0	800.0	0.6666666666666666
47251	45	0	5	0.105	43.0	215.0	0.0
47252	212	0	5	0.5225	146.0	730.0	0.3333333333333333
47253	42	0	5	0.0975	40.0	200.0	0.0
47254	69	0	5	0.165	36.6	183.0	0.3333333333333333
47255	312	1	3	0.7775	219.0	1095.0	1.0
47256	35	0	5	0.08	33.0	165.0	0.0
47257	108	1	4	0.2675	36.8	184.0	1.0
47258	292	0	5	0.7225	187.6	938.0	0.6666666666666666
47259	311	0	5	0.77	120.2	601.0	0.6666666666666666
47260	322	0	5	0.7975	223.0	1115.0	0.3333333333333333
47261	166	0	5	0.4075	116.0	580.0	0.3333333333333333
47262	314	0	5	0.7775	239.4	1197.0	0.3333333333333333
47263	280	0	5	0.6925	244.0	1220.0	0.3333333333333333
47264	69	0	5	0.165	30.2	151.0	0.0
47265	27	0	5	0.06	21.2	106.0	0.3333333333333333
47266	252	0	5	0.6225	183.4	917.0	0.3333333333333333
47267	159	1	4	0.395	43.0	215.0	1.0
47268	84	0	5	0.2025	77.8	389.0	0.3333333333333333
47269	133	0	5	0.325	71.0	355.0	0.6666666666666666
47270	269	1	4	0.67	161.8	809.0	1.0
47271	146	0	5	0.3575	124.2	621.0	0.6666666666666666
47272	323	1	4	0.805	228.4	1142.0	1.0
47273	215	0	5	0.53	112.6	563.0	0.6666666666666666
47274	3	0	5	0.0025	0.2	1.0	0.3333333333333333
47275	208	0	5	0.5125	57.2	286.0	0.6666666666666666
47276	42	0	5	0.0975	39.2	196.0	0.3333333333333333
47277	298	0	5	0.7375	216.2	1081.0	0.6666666666666666
47278	303	0	5	0.75	216.2	1081.0	0.3333333333333333
47279	144	0	5	0.3525	79.2	396.0	0.6666666666666666
47280	266	0	5	0.6575	172.2	861.0	0.3333333333333333
47281	155	0	5	0.38	134.2	671.0	0.3333333333333333
47282	37	0	5	0.085	35.0	175.0	0.0
47283	183	0	5	0.45	142.4	712.0	0.3333333333333333
47284	107	0	5	0.26	85.8	429.0	0.0
47285	264	0	5	0.6525	144.4	722.0	0.3333333333333333
47286	108	0	5	0.2625	40.4	202.0	0.3333333333333333
47287	367	0	5	0.91	125.4	627.0	0.6666666666666666
47288	204	0	5	0.5025	166.8	834.0	0.3333333333333333
47289	263	0	5	0.65	239.2	1196.0	0.6666666666666666
47290	338	0	5	0.8375	253.6	1268.0	0.3333333333333333
47291	212	0	5	0.5225	158.8	794.0	0.3333333333333333
47292	160	0	5	0.3925	106.8	534.0	0.3333333333333333
47293	296	0	5	0.7325	243.2	1216.0	0.3333333333333333
47294	245	1	4	0.61	72.8	364.0	1.0
47295	346	0	5	0.8575	126.8	634.0	0.3333333333333333
47296	231	0	5	0.57	144.2	721.0	0.6666666666666666
47297	307	0	5	0.76	110.8	554.0	0.6666666666666666
47298	226	1	4	0.5625	106.8	534.0	1.0
47299	65	0	5	0.155	63.0	315.0	0.0
47300	337	0	5	0.835	250.6	1253.0	0.3333333333333333
47301	262	0	5	0.6475	103.6	518.0	0.6666666666666666
47302	138	1	4	0.3425	84.8	424.0	1.0
47303	337	1	4	0.84	123.8	619.0	1.0
47304	57	0	5	0.135	55.0	275.0	0.0
47305	304	0	5	0.7525	231.6	1158.0	0.6666666666666666
47306	118	0	5	0.2875	116.0	580.0	0.0
47307	68	0	5	0.1625	46.8	234.0	0.3333333333333333
47308	263	0	5	0.65	209.2	1046.0	0.3333333333333333
47309	245	0	5	0.605	144.6	723.0	0.0
47310	150	0	5	0.3675	130.0	650.0	0.0
47311	231	1	4	0.575	188.8	944.0	1.0
47312	315	0	5	0.78	138.8	694.0	0.6666666666666666
47313	380	0	5	0.9425	248.4	1242.0	0.3333333333333333
47314	190	0	5	0.4675	73.8	369.0	0.3333333333333333
47315	32	0	5	0.0725	30.0	150.0	0.0
47316	368	0	5	0.9125	257.6	1288.0	0.3333333333333333
47317	306	0	5	0.7575	137.2	686.0	0.3333333333333333
47318	298	0	5	0.7375	261.6	1308.0	0.6666666666666666
47319	301	1	4	0.75	134.4	672.0	1.0
47320	197	0	5	0.485	48.6	243.0	0.3333333333333333
47321	10	0	5	0.0175	8.0	40.0	0.0
47322	150	0	5	0.3675	135.8	679.0	0.3333333333333333
47323	289	0	5	0.715	192.6	963.0	0.6666666666666666
47324	246	0	5	0.6075	51.2	256.0	0.3333333333333333
47325	349	0	5	0.865	235.0	1175.0	0.6666666666666666
47326	314	1	4	0.7825	185.6	928.0	1.0
47327	118	0	5	0.2875	52.0	260.0	0.0
47328	224	0	5	0.5525	173.4	867.0	0.0
47329	319	0	5	0.79	207.6	1038.0	0.6666666666666666
47330	361	0	5	0.895	240.6	1203.0	0.6666666666666666
47331	293	0	5	0.725	207.6	1038.0	0.6666666666666666
47332	304	0	5	0.7525	249.6	1248.0	0.0
47333	300	0	5	0.7425	224.6	1123.0	0.3333333333333333
47334	382	1	4	0.9525	216.0	1080.0	1.0
47335	186	0	5	0.4575	98.4	492.0	0.3333333333333333
47336	302	0	5	0.7475	198.2	991.0	0.6666666666666666
47337	174	0	5	0.4275	108.8	544.0	0.6666666666666666
47338	259	0	5	0.64	55.2	276.0	0.6666666666666666
47339	72	0	5	0.1725	59.6	298.0	0.3333333333333333
47340	319	0	5	0.79	136.2	681.0	0.6666666666666666
47341	164	0	5	0.4025	152.4	762.0	0.0
47342	138	0	5	0.3375	61.6	308.0	0.3333333333333333
47343	368	0	5	0.9125	150.8	754.0	0.6666666666666666
47344	90	1	4	0.2225	59.6	298.0	1.0
47345	246	0	5	0.6075	86.6	433.0	0.6666666666666666
47346	128	0	5	0.3125	115.6	578.0	0.0
47347	239	0	5	0.59	168.0	840.0	0.3333333333333333
47348	234	0	5	0.5775	215.2	1076.0	0.3333333333333333
47349	70	0	5	0.1675	68.0	340.0	0.0
47350	362	0	5	0.8975	141.6	708.0	0.3333333333333333
47351	328	1	4	0.8175	172.0	860.0	1.0
47352	151	0	5	0.37	139.4	697.0	0.0
47353	348	1	4	0.8675	174.4	872.0	1.0
47354	152	0	5	0.3725	117.2	586.0	0.3333333333333333
47355	120	0	5	0.2925	113.4	567.0	0.0
47356	290	1	4	0.7225	155.4	777.0	1.0
47357	241	0	5	0.595	117.6	588.0	0.6666666666666666
47358	185	0	5	0.455	131.8	659.0	0.0
47359	200	0	5	0.4925	198.0	990.0	0.0
47360	223	0	5	0.55	186.0	930.0	0.3333333333333333
47361	242	1	4	0.6025	90.8	454.0	1.0
47362	195	0	5	0.48	138.6	693.0	0.3333333333333333
47363	156	0	5	0.3825	139.6	698.0	0.0
47364	53	0	5	0.125	42.2	211.0	0.0
47365	359	1	4	0.895	122.2	611.0	1.0
47366	363	0	5	0.9	176.6	883.0	0.6666666666666666
47367	128	0	5	0.3125	96.0	480.0	0.3333333333333333
47368	268	0	5	0.6625	240.4	1202.0	0.6666666666666666
47369	105	0	5	0.255	103.0	515.0	0.0
47370	198	0	5	0.4875	123.2	616.0	0.3333333333333333
47371	45	0	5	0.105	26.6	133.0	0.0
47372	279	1	4	0.695	161.0	805.0	1.0
47373	169	0	5	0.415	84.6	423.0	0.0
47374	202	0	5	0.4975	187.6	938.0	0.3333333333333333
47375	31	0	5	0.07	24.8	124.0	0.0
47376	343	0	5	0.85	250.2	1251.0	0.6666666666666666
47377	261	0	5	0.645	221.4	1107.0	0.6666666666666666
47378	155	0	5	0.38	153.0	765.0	0.0
47379	101	0	5	0.245	99.0	495.0	0.0
47380	203	0	5	0.5	150.6	753.0	0.3333333333333333
47381	197	0	5	0.485	170.2	851.0	0.0
47382	150	0	5	0.3675	75.4	377.0	0.3333333333333333
47383	181	1	4	0.45	116.8	584.0	1.0
47384	175	0	5	0.43	105.2	526.0	0.3333333333333333
47385	166	0	5	0.4075	164.0	820.0	0.0
47386	302	0	5	0.7475	93.6	468.0	0.6666666666666666
47387	37	0	5	0.085	35.0	175.0	0.0
47388	90	0	5	0.2175	57.6	288.0	0.0
47389	255	0	5	0.63	205.4	1027.0	0.6666666666666666
47390	212	0	5	0.5225	90.0	450.0	0.6666666666666666
47391	272	0	5	0.6725	166.4	832.0	0.6666666666666666
47392	221	0	5	0.545	213.0	1065.0	0.3333333333333333
47393	356	0	5	0.8825	328.0	1640.0	0.3333333333333333
47394	355	0	5	0.88	261.0	1305.0	0.6666666666666666
47395	55	0	5	0.13	53.0	265.0	0.0
47396	398	0	5	0.9875	138.0	690.0	0.6666666666666666
47397	99	0	5	0.24	25.8	129.0	0.3333333333333333
47398	77	0	5	0.185	51.8	259.0	0.3333333333333333
47399	315	0	5	0.78	169.2	846.0	0.3333333333333333
47400	5	0	5	0.005	3.0	15.0	0.0
47401	210	1	4	0.5225	113.8	569.0	1.0
47402	297	0	5	0.735	175.2	876.0	0.6666666666666666
47403	372	1	4	0.9275	321.2	1606.0	1.0
47404	74	0	5	0.1775	72.0	360.0	0.0
47405	204	0	5	0.5025	55.6	278.0	0.6666666666666666
47406	197	0	5	0.485	123.2	616.0	0.3333333333333333
47407	213	0	5	0.525	200.2	1001.0	0.3333333333333333
47408	226	0	5	0.5575	103.6	518.0	0.3333333333333333
47409	83	0	5	0.2	81.0	405.0	0.0
47410	151	0	5	0.37	50.0	250.0	0.6666666666666666
47411	185	0	5	0.455	149.4	747.0	0.0
47412	110	0	5	0.2675	29.6	148.0	0.3333333333333333
47413	228	0	5	0.5625	188.6	943.0	0.3333333333333333
47414	369	0	5	0.915	302.0	1510.0	0.6666666666666666
47415	35	0	5	0.08	20.2	101.0	0.3333333333333333
47416	169	0	5	0.415	40.6	203.0	0.3333333333333333
47417	331	0	5	0.82	163.8	819.0	0.6666666666666666
47418	144	0	5	0.3525	86.8	434.0	0.6666666666666666
47419	182	0	5	0.4475	170.4	852.0	0.3333333333333333
47420	166	0	5	0.4075	109.2	546.0	0.6666666666666666
47421	165	0	5	0.405	77.8	389.0	0.3333333333333333
47422	288	0	5	0.7125	151.6	758.0	0.3333333333333333
47423	290	0	5	0.7175	233.6	1168.0	0.0
47424	216	0	5	0.5325	156.4	782.0	0.0
47425	378	0	5	0.9375	98.0	490.0	0.6666666666666666
47426	89	0	5	0.215	82.4	412.0	0.3333333333333333
47427	53	0	5	0.125	41.0	205.0	0.0
47428	222	0	5	0.5475	101.6	508.0	0.3333333333333333
47429	64	0	5	0.1525	52.0	260.0	0.0
47430	285	0	5	0.705	107.0	535.0	0.6666666666666666
47431	389	0	5	0.965	207.6	1038.0	0.6666666666666666
47432	75	0	5	0.18	56.6	283.0	0.0
47433	300	0	5	0.7425	247.8	1239.0	0.3333333333333333
47434	381	1	4	0.95	162.6	813.0	1.0
47435	168	0	5	0.4125	58.8	294.0	0.6666666666666666
47436	316	1	4	0.7875	173.2	866.0	1.0
47437	244	0	5	0.6025	135.6	678.0	0.0
47438	375	0	5	0.93	309.0	1545.0	0.6666666666666666
47439	70	0	5	0.1675	48.8	244.0	0.3333333333333333
47440	17	0	5	0.035	15.0	75.0	0.0
47441	393	0	5	0.975	194.2	971.0	0.6666666666666666
47442	159	0	5	0.39	155.0	775.0	0.3333333333333333
47443	104	0	5	0.2525	33.2	166.0	0.6666666666666666
47444	91	0	5	0.22	89.0	445.0	0.0
47445	197	0	5	0.485	129.2	646.0	0.3333333333333333
47446	373	0	5	0.925	167.8	839.0	0.3333333333333333
47447	98	0	5	0.2375	22.4	112.0	0.3333333333333333
47448	155	0	5	0.38	118.0	590.0	0.6666666666666666
47449	215	1	4	0.535	67.0	335.0	1.0
47450	137	0	5	0.335	135.0	675.0	0.0
47451	109	0	5	0.265	107.0	535.0	0.0
47452	228	0	5	0.5625	159.6	798.0	0.6666666666666666
47453	281	0	5	0.695	188.4	942.0	0.6666666666666666
47454	126	0	5	0.3075	109.8	549.0	0.3333333333333333
47455	330	0	5	0.8175	161.0	805.0	0.6666666666666666
47456	316	0	5	0.7825	218.0	1090.0	0.3333333333333333
47457	203	0	5	0.5	127.8	639.0	0.3333333333333333
47458	230	0	5	0.5675	228.0	1140.0	0.0
47459	70	0	5	0.1675	68.0	340.0	0.0
47460	3	0	5	0.0025	0.2	1.0	0.3333333333333333
47461	102	0	5	0.2475	34.4	172.0	0.6666666666666666
47462	214	0	5	0.5275	55.0	275.0	0.6666666666666666
47463	130	0	5	0.3175	97.2	486.0	0.0
47464	351	0	5	0.87	128.0	640.0	0.6666666666666666
47465	162	0	5	0.3975	51.6	258.0	0.6666666666666666
47466	106	0	5	0.2575	103.0	515.0	0.0
47467	368	0	5	0.9125	187.2	936.0	0.6666666666666666
47468	379	0	5	0.94	126.8	634.0	0.6666666666666666
47469	68	0	5	0.1625	61.2	306.0	0.0
47470	61	0	5	0.145	23.0	115.0	0.3333333333333333
47471	190	0	5	0.4675	119.6	598.0	0.3333333333333333
47472	61	0	5	0.145	59.0	295.0	0.0
47473	170	0	5	0.4175	73.2	366.0	0.6666666666666666
47474	354	0	5	0.8775	281.6	1408.0	0.3333333333333333
47475	327	0	5	0.81	113.8	569.0	0.6666666666666666
47476	156	0	5	0.3825	44.6	223.0	0.3333333333333333
47477	198	0	5	0.4875	120.4	602.0	0.3333333333333333
47478	361	0	5	0.895	125.4	627.0	0.3333333333333333
47479	38	0	5	0.0875	28.8	144.0	0.0
47480	45	0	5	0.105	43.0	215.0	0.0
47481	356	0	5	0.8825	289.2	1446.0	0.3333333333333333
47482	218	0	5	0.5375	174.8	874.0	0.3333333333333333
47483	365	0	5	0.905	147.6	738.0	0.3333333333333333
47484	283	0	5	0.7	175.0	875.0	0.6666666666666666
47485	361	0	5	0.895	250.6	1253.0	0.6666666666666666
47486	208	0	5	0.5125	167.6	838.0	0.3333333333333333
47487	302	0	5	0.7475	241.2	1206.0	0.6666666666666666
47488	86	0	5	0.2075	67.0	335.0	0.6666666666666666
47489	377	0	5	0.935	211.0	1055.0	0.3333333333333333
47490	259	0	5	0.64	120.8	604.0	0.3333333333333333
47491	169	0	5	0.415	149.2	746.0	0.3333333333333333
47492	106	0	5	0.2575	104.0	520.0	0.0
47493	395	1	4	0.985	237.2	1186.0	1.0
47494	280	1	3	0.6975	202.6	1013.0	1.0
47495	315	0	5	0.78	145.2	726.0	0.3333333333333333
47496	358	0	5	0.8875	207.2	1036.0	0.6666666666666666
47497	157	0	5	0.385	63.8	319.0	0.6666666666666666
47498	340	1	4	0.8475	178.2	891.0	1.0
47499	137	0	5	0.335	47.8	239.0	0.3333333333333333
47500	40	0	5	0.0925	24.8	124.0	0.3333333333333333
47501	2	0	5	0.0	0.0	0.0	0.0
47502	97	0	5	0.235	95.0	475.0	0.0
47503	225	0	5	0.555	158.6	793.0	0.3333333333333333
47504	99	0	5	0.24	72.4	362.0	0.0
47505	146	1	4	0.3625	41.2	206.0	1.0
47506	233	0	5	0.575	191.2	956.0	0.3333333333333333
47507	98	0	5	0.2375	68.0	340.0	0.3333333333333333
47508	270	0	5	0.6675	152.6	763.0	0.3333333333333333
47509	381	0	5	0.945	269.6	1348.0	0.6666666666666666
47510	162	0	5	0.3975	156.8	784.0	0.3333333333333333
47511	192	0	5	0.4725	143.0	715.0	0.3333333333333333
47512	302	0	5	0.7475	101.4	507.0	0.6666666666666666
47513	313	0	5	0.775	291.0	1455.0	0.6666666666666666
47514	35	0	5	0.08	31.8	159.0	0.0
47515	386	0	5	0.9575	277.4	1387.0	0.6666666666666666
47516	349	0	5	0.865	103.0	515.0	0.3333333333333333
47517	173	0	5	0.425	112.2	561.0	0.3333333333333333
47518	176	0	5	0.4325	72.8	364.0	0.6666666666666666
47519	49	0	5	0.115	25.4	127.0	0.3333333333333333
47520	264	0	5	0.6525	210.0	1050.0	0.6666666666666666
47521	340	0	5	0.8425	183.2	916.0	0.6666666666666666
47522	241	0	5	0.595	167.0	835.0	0.3333333333333333
47523	222	0	5	0.5475	92.8	464.0	0.3333333333333333
47524	25	0	5	0.055	12.8	64.0	0.0
47525	164	0	5	0.4025	121.2	606.0	0.6666666666666666
47526	44	0	5	0.1025	20.4	102.0	0.3333333333333333
47527	237	0	5	0.585	235.0	1175.0	0.0
47528	141	0	5	0.345	139.0	695.0	0.0
47529	34	0	5	0.0775	32.0	160.0	0.0
47530	154	0	5	0.3775	97.6	488.0	0.0
47531	17	0	5	0.035	15.0	75.0	0.0
47532	161	0	5	0.395	159.0	795.0	0.0
47533	22	0	5	0.0475	20.0	100.0	0.0
47534	293	1	4	0.73	138.0	690.0	1.0
47535	378	0	5	0.9375	273.8	1369.0	0.6666666666666666
47536	189	0	5	0.465	90.2	451.0	0.6666666666666666
47537	244	0	5	0.6025	161.8	809.0	0.6666666666666666
47538	127	0	5	0.31	125.0	625.0	0.0
47539	66	0	5	0.1575	21.6	108.0	0.3333333333333333
47540	177	0	5	0.435	94.2	471.0	0.3333333333333333
47541	265	0	5	0.655	114.6	573.0	0.6666666666666666
47542	11	0	5	0.02	9.0	45.0	0.0
47543	384	1	4	0.9575	215.4	1077.0	1.0
47544	74	0	5	0.1775	72.0	360.0	0.0
47545	156	0	5	0.3825	108.4	542.0	0.3333333333333333
47546	32	0	5	0.0725	30.0	150.0	0.0
47547	227	0	5	0.56	148.2	741.0	0.3333333333333333
47548	293	0	5	0.725	169.8	849.0	0.3333333333333333
47549	260	0	5	0.6425	134.4	672.0	0.3333333333333333
47550	27	0	5	0.06	17.8	89.0	0.0
47551	274	0	5	0.6775	217.0	1085.0	0.3333333333333333
47552	220	0	5	0.5425	110.4	552.0	0.6666666666666666
47553	255	0	5	0.63	253.0	1265.0	0.3333333333333333
47554	243	0	5	0.6	216.0	1080.0	0.3333333333333333
47555	120	0	5	0.2925	117.8	589.0	0.3333333333333333
47556	271	0	5	0.67	239.4	1197.0	0.3333333333333333
47557	13	0	5	0.025	11.0	55.0	0.0
47558	385	0	5	0.955	291.8	1459.0	0.3333333333333333
47559	121	0	5	0.295	106.2	531.0	0.3333333333333333
47560	111	0	5	0.27	109.0	545.0	0.0
47561	103	0	5	0.25	101.0	505.0	0.0
47562	118	0	5	0.2875	116.0	580.0	0.0
47563	261	1	4	0.65	59.6	298.0	1.0
47564	209	0	5	0.515	207.0	1035.0	0.0
47565	314	0	5	0.7775	147.8	739.0	0.6666666666666666
47566	128	0	5	0.3125	109.2	546.0	0.3333333333333333
47567	269	0	5	0.665	172.8	864.0	0.6666666666666666
47568	311	0	5	0.77	86.6	433.0	0.3333333333333333
47569	22	0	5	0.0475	20.0	100.0	0.0
47570	24	0	5	0.0525	22.0	110.0	0.3333333333333333
47571	187	0	5	0.46	152.4	762.0	0.0
47572	261	0	5	0.645	220.8	1104.0	0.6666666666666666
47573	398	0	5	0.9875	271.8	1359.0	0.6666666666666666
47574	382	0	5	0.9475	220.4	1102.0	0.6666666666666666
47575	244	0	5	0.6025	212.8	1064.0	0.3333333333333333
47576	101	0	5	0.245	99.0	495.0	0.0
47577	310	0	5	0.7675	287.0	1435.0	0.3333333333333333
47578	195	0	5	0.48	141.4	707.0	0.3333333333333333
47579	356	0	5	0.8825	232.8	1164.0	0.6666666666666666
47580	104	0	5	0.2525	39.0	195.0	0.3333333333333333
47581	305	0	5	0.755	249.8	1249.0	0.6666666666666666
47582	20	0	5	0.0425	18.0	90.0	0.0
47583	273	0	5	0.675	115.0	575.0	0.3333333333333333
47584	230	1	4	0.5725	112.8	564.0	1.0
47585	230	0	5	0.5675	136.2	681.0	0.3333333333333333
47586	312	0	5	0.7725	252.4	1262.0	0.3333333333333333
47587	172	0	5	0.4225	129.8	649.0	0.0
47588	292	0	5	0.7225	267.0	1335.0	0.3333333333333333
47589	91	0	5	0.22	60.6	303.0	0.3333333333333333
47590	226	0	5	0.5575	214.4	1072.0	0.3333333333333333
47591	149	0	5	0.365	65.0	325.0	0.6666666666666666
47592	296	1	4	0.7375	168.4	842.0	1.0
47593	29	0	5	0.065	27.0	135.0	0.0
47594	107	0	5	0.26	65.0	325.0	0.3333333333333333
47595	57	0	5	0.135	55.0	275.0	0.0
47596	246	0	5	0.6075	211.4	1057.0	0.3333333333333333
47597	242	0	5	0.5975	154.6	773.0	0.3333333333333333
47598	113	0	5	0.275	31.8	159.0	0.3333333333333333
47599	45	0	5	0.105	43.0	215.0	0.0
47600	235	0	5	0.58	206.6	1033.0	0.3333333333333333
47601	9	0	5	0.015	7.0	35.0	0.0
47602	324	0	5	0.8025	222.4	1112.0	0.3333333333333333
47603	184	0	5	0.4525	117.6	588.0	0.3333333333333333
47604	152	0	5	0.3725	146.8	734.0	0.0
47605	76	0	5	0.1825	54.8	274.0	0.3333333333333333
47606	254	0	5	0.6275	132.8	664.0	0.6666666666666666
47607	233	0	5	0.575	84.6	423.0	0.6666666666666666
47608	280	0	5	0.6925	116.8	584.0	0.3333333333333333
47609	102	0	5	0.2475	74.4	372.0	0.3333333333333333
47610	61	0	5	0.145	59.0	295.0	0.0
47611	385	1	4	0.96	332.8	1664.0	1.0
47612	298	0	5	0.7375	223.0	1115.0	0.6666666666666666
47613	127	0	5	0.31	48.2	241.0	0.3333333333333333
47614	191	0	5	0.47	177.0	885.0	0.0
47615	161	0	5	0.395	159.0	795.0	0.0
47616	57	0	5	0.135	49.4	247.0	0.0
47617	285	0	5	0.705	102.2	511.0	0.6666666666666666
47618	159	0	5	0.39	106.6	533.0	0.3333333333333333
47619	139	0	5	0.34	62.6	313.0	0.3333333333333333
47620	69	0	5	0.165	67.0	335.0	0.0
47621	59	0	5	0.14	57.0	285.0	0.0
47622	316	0	5	0.7825	107.4	537.0	0.6666666666666666
47623	347	1	4	0.865	220.0	1100.0	1.0
47624	365	0	5	0.905	291.8	1459.0	0.3333333333333333
47625	134	0	5	0.3275	84.0	420.0	0.3333333333333333
47626	353	0	5	0.875	187.8	939.0	0.3333333333333333
47627	49	0	5	0.115	11.0	55.0	0.6666666666666666
47628	241	1	4	0.6	136.6	683.0	1.0
47629	191	0	5	0.47	177.4	887.0	0.3333333333333333
47630	123	0	5	0.3	114.6	573.0	0.3333333333333333
47631	66	0	5	0.1575	52.0	260.0	0.3333333333333333
47632	3	0	5	0.0025	0.2	1.0	0.3333333333333333
47633	15	0	5	0.03	13.0	65.0	0.0
47634	104	0	5	0.2525	59.6	298.0	0.6666666666666666
47635	325	0	5	0.805	151.2	756.0	0.6666666666666666
47636	134	0	5	0.3275	119.0	595.0	0.3333333333333333
47637	316	0	5	0.7825	225.8	1129.0	0.6666666666666666
47638	143	1	4	0.355	84.0	420.0	1.0
47639	200	0	5	0.4925	118.2	591.0	0.6666666666666666
47640	231	0	5	0.57	100.0	500.0	0.3333333333333333
47641	336	1	4	0.8375	225.6	1128.0	1.0
47642	22	0	5	0.0475	20.0	100.0	0.0
47643	155	0	5	0.38	84.2	421.0	0.3333333333333333
47644	154	0	5	0.3775	102.2	511.0	0.3333333333333333
47645	135	0	5	0.33	113.8	569.0	0.3333333333333333
47646	59	0	5	0.14	39.0	195.0	0.0
47647	286	0	5	0.7075	284.0	1420.0	0.0
47648	45	0	5	0.105	43.0	215.0	0.0
47649	66	0	5	0.1575	26.0	130.0	0.0
47650	87	0	5	0.21	80.6	403.0	0.0
47651	316	0	5	0.7825	155.6	778.0	0.6666666666666666
47652	30	0	5	0.0675	28.0	140.0	0.0
47653	136	0	5	0.3325	71.6	358.0	0.6666666666666666
47654	226	0	5	0.5575	195.4	977.0	0.0
47655	26	0	5	0.0575	19.2	96.0	0.0
47656	198	0	5	0.4875	91.6	458.0	0.3333333333333333
47657	282	0	5	0.6975	157.6	788.0	0.6666666666666666
47658	105	0	5	0.255	83.2	416.0	0.3333333333333333
47659	274	0	5	0.6775	210.4	1052.0	0.3333333333333333
47660	153	0	5	0.375	82.0	410.0	0.6666666666666666
47661	43	0	5	0.1	40.4	202.0	0.0
47662	335	0	5	0.83	137.6	688.0	0.3333333333333333
47663	125	0	5	0.305	97.8	489.0	0.3333333333333333
47664	165	0	5	0.405	63.8	319.0	0.3333333333333333
47665	250	0	5	0.6175	130.2	651.0	0.6666666666666666
47666	331	1	4	0.825	167.2	836.0	1.0
47667	239	0	5	0.59	69.8	349.0	0.6666666666666666
47668	387	0	5	0.96	238.2	1191.0	0.6666666666666666
47669	170	1	4	0.4225	88.4	442.0	1.0
47670	146	0	5	0.3575	126.8	634.0	0.3333333333333333
47671	385	0	5	0.955	116.2	581.0	0.6666666666666666
47672	238	1	4	0.5925	70.8	354.0	1.0
47673	364	0	5	0.9025	193.2	966.0	0.6666666666666666
47674	128	0	5	0.3125	126.0	630.0	0.0
47675	281	0	5	0.695	212.0	1060.0	0.3333333333333333
47676	31	0	5	0.07	29.0	145.0	0.0
47677	252	0	5	0.6225	51.6	258.0	0.3333333333333333
47678	342	0	5	0.8475	242.8	1214.0	0.3333333333333333
47679	236	1	4	0.5875	78.0	390.0	1.0
47680	127	0	5	0.31	93.8	469.0	0.3333333333333333
47681	94	0	5	0.2275	91.8	459.0	0.3333333333333333
47682	52	0	5	0.1225	50.0	250.0	0.0
47683	167	0	5	0.41	129.8	649.0	0.3333333333333333
47684	54	0	5	0.1275	36.8	184.0	0.3333333333333333
47685	90	0	5	0.2175	80.4	402.0	0.0
47686	330	0	5	0.8175	230.4	1152.0	0.3333333333333333
47687	14	0	5	0.0275	12.0	60.0	0.0
47688	346	0	5	0.8575	203.4	1017.0	0.3333333333333333
47689	137	0	5	0.335	121.4	607.0	0.3333333333333333
47690	182	0	5	0.4475	151.6	758.0	0.0
47691	260	0	5	0.6425	76.0	380.0	0.3333333333333333
47692	113	1	4	0.28	106.2	531.0	1.0
47693	77	0	5	0.185	61.0	305.0	0.0
47694	156	0	5	0.3825	111.0	555.0	0.3333333333333333
47695	302	0	5	0.7475	157.6	788.0	0.6666666666666666
47696	160	0	5	0.3925	131.4	657.0	0.3333333333333333
47697	232	0	5	0.5725	142.0	710.0	0.3333333333333333
47698	365	1	4	0.91	192.0	960.0	1.0
47699	151	0	5	0.37	77.4	387.0	0.3333333333333333
47700	350	0	5	0.8675	104.0	520.0	0.3333333333333333
47701	249	0	5	0.615	215.4	1077.0	0.6666666666666666
47702	212	0	5	0.5225	135.4	677.0	0.6666666666666666
47703	13	0	5	0.025	11.0	55.0	0.0
47704	186	0	5	0.4575	158.6	793.0	0.3333333333333333
47705	247	1	4	0.615	102.6	513.0	1.0
47706	278	0	5	0.6875	161.8	809.0	0.6666666666666666
47707	398	0	5	0.9875	212.6	1063.0	0.6666666666666666
47708	140	0	5	0.3425	61.8	309.0	0.6666666666666666
47709	324	0	5	0.8025	200.8	1004.0	0.0
47710	195	0	5	0.48	63.4	317.0	0.6666666666666666
47711	191	0	5	0.47	142.8	714.0	0.3333333333333333
47712	245	0	5	0.605	66.4	332.0	0.6666666666666666
47713	70	0	5	0.1675	68.0	340.0	0.0
47714	100	0	5	0.2425	77.6	388.0	0.3333333333333333
47715	372	0	5	0.9225	309.8	1549.0	0.3333333333333333
47716	201	0	5	0.495	64.8	324.0	0.3333333333333333
47717	70	0	5	0.1675	45.8	229.0	0.3333333333333333
47718	35	0	5	0.08	33.0	165.0	0.0
47719	133	0	5	0.325	82.6	413.0	0.3333333333333333
47720	188	0	5	0.4625	148.8	744.0	0.3333333333333333
47721	188	0	5	0.4625	135.6	678.0	0.3333333333333333
47722	44	0	5	0.1025	42.0	210.0	0.0
47723	87	0	5	0.21	85.0	425.0	0.0
47724	183	0	5	0.45	59.4	297.0	0.6666666666666666
47725	125	0	5	0.305	120.2	601.0	0.0
47726	282	0	5	0.6975	212.4	1062.0	0.3333333333333333
47727	366	0	5	0.9075	260.2	1301.0	0.6666666666666666
47728	345	0	5	0.855	213.2	1066.0	0.3333333333333333
47729	107	0	5	0.26	74.0	370.0	0.6666666666666666
47730	146	0	5	0.3575	87.6	438.0	0.0
47731	134	0	5	0.3275	122.4	612.0	0.0
47732	240	0	5	0.5925	187.8	939.0	0.3333333333333333
47733	75	0	5	0.18	60.0	300.0	0.3333333333333333
47734	125	0	5	0.305	78.2	391.0	0.6666666666666666
47735	198	0	5	0.4875	165.0	825.0	0.3333333333333333
47736	348	0	5	0.8625	139.0	695.0	0.6666666666666666
47737	264	0	5	0.6525	98.6	493.0	0.3333333333333333
47738	356	1	4	0.8875	308.6	1543.0	1.0
47739	283	1	4	0.705	201.4	1007.0	1.0
47740	313	0	5	0.775	70.2	351.0	0.3333333333333333
47741	326	0	5	0.8075	274.0	1370.0	0.3333333333333333
47742	164	0	5	0.4025	149.4	747.0	0.3333333333333333
47743	377	0	5	0.935	297.0	1485.0	0.3333333333333333
47744	91	0	5	0.22	89.0	445.0	0.0
47745	215	0	5	0.53	116.2	581.0	0.3333333333333333
47746	118	0	5	0.2875	60.2	301.0	0.3333333333333333
47747	276	0	5	0.6825	141.8	709.0	0.6666666666666666
47748	100	0	5	0.2425	98.0	490.0	0.0
47749	167	0	5	0.41	133.0	665.0	0.3333333333333333
47750	133	0	5	0.325	118.2	591.0	0.3333333333333333
47751	97	0	5	0.235	83.4	417.0	0.6666666666666666
47752	266	0	5	0.6575	152.6	763.0	0.6666666666666666
47753	237	0	5	0.585	183.4	917.0	0.6666666666666666
47754	19	0	5	0.04	17.0	85.0	0.0
47755	372	0	5	0.9225	265.2	1326.0	0.3333333333333333
47756	180	0	5	0.4425	147.8	739.0	0.0
47757	68	0	5	0.1625	66.0	330.0	0.0
47758	199	0	5	0.49	159.0	795.0	0.3333333333333333
47759	348	0	5	0.8625	126.8	634.0	0.6666666666666666
47760	398	1	4	0.9925	341.6	1708.0	1.0
47761	39	0	5	0.09	37.0	185.0	0.0
47762	315	1	4	0.785	209.4	1047.0	1.0
47763	391	1	4	0.975	281.8	1409.0	1.0
47764	285	0	5	0.705	151.6	758.0	0.6666666666666666
47765	248	0	5	0.6125	193.6	968.0	0.6666666666666666
47766	136	0	5	0.3325	71.6	358.0	0.3333333333333333
47767	233	0	5	0.575	139.8	699.0	0.6666666666666666
47768	17	0	5	0.035	15.0	75.0	0.0
47769	27	0	5	0.06	25.0	125.0	0.0
47770	87	0	5	0.21	77.4	387.0	0.3333333333333333
47771	129	0	5	0.315	104.0	520.0	0.3333333333333333
47772	85	0	5	0.205	67.4	337.0	0.3333333333333333
47773	296	0	5	0.7325	221.4	1107.0	0.3333333333333333
47774	155	0	5	0.38	108.6	543.0	0.3333333333333333
47775	355	0	5	0.88	125.0	625.0	0.3333333333333333
47776	376	1	4	0.9375	235.2	1176.0	1.0
47777	186	0	5	0.4575	184.0	920.0	0.0
47778	156	1	4	0.3875	127.2	636.0	1.0
47779	57	0	5	0.135	53.0	265.0	0.3333333333333333
47780	114	0	5	0.2775	64.0	320.0	0.3333333333333333
47781	219	0	5	0.54	134.8	674.0	0.6666666666666666
47782	221	0	5	0.545	211.4	1057.0	0.0
47783	73	0	5	0.175	71.0	355.0	0.0
47784	366	1	4	0.9125	195.8	979.0	1.0
47785	332	1	4	0.8275	125.0	625.0	1.0
47786	271	0	5	0.67	128.2	641.0	0.6666666666666666
47787	232	0	5	0.5725	101.6	508.0	0.0
47788	120	0	5	0.2925	108.0	540.0	0.0
47789	390	0	5	0.9675	236.0	1180.0	0.3333333333333333
47790	267	0	5	0.66	143.4	717.0	0.0
47791	297	0	5	0.735	153.6	768.0	0.3333333333333333
47792	152	0	5	0.3725	148.4	742.0	0.0
47793	114	0	5	0.2775	109.8	549.0	0.0
47794	116	0	5	0.2825	30.0	150.0	0.6666666666666666
47795	343	0	5	0.85	246.8	1234.0	0.3333333333333333
47796	337	0	5	0.835	114.4	572.0	0.6666666666666666
47797	302	0	5	0.7475	175.6	878.0	0.6666666666666666
47798	274	1	4	0.6825	130.8	654.0	1.0
47799	43	0	5	0.1	41.0	205.0	0.0
47800	322	0	5	0.7975	77.2	386.0	0.6666666666666666
47801	197	0	5	0.485	146.4	732.0	0.3333333333333333
47802	303	0	5	0.75	184.6	923.0	0.3333333333333333
47803	97	0	5	0.235	72.2	361.0	0.3333333333333333
47804	157	0	5	0.385	137.6	688.0	0.0
47805	306	0	5	0.7575	217.2	1086.0	0.6666666666666666
47806	30	0	5	0.0675	28.0	140.0	0.0
47807	200	0	5	0.4925	179.6	898.0	0.3333333333333333
47808	69	0	5	0.165	67.0	335.0	0.0
47809	177	0	5	0.435	44.6	223.0	0.3333333333333333
47810	352	0	5	0.8725	139.6	698.0	0.6666666666666666
47811	242	0	5	0.5975	156.0	780.0	0.0
47812	371	0	5	0.92	290.6	1453.0	0.6666666666666666
47813	88	0	5	0.2125	41.2	206.0	0.3333333333333333
47814	209	0	5	0.515	71.0	355.0	0.6666666666666666
47815	56	0	5	0.1325	54.0	270.0	0.0
47816	11	0	5	0.02	9.0	45.0	0.0
47817	127	0	5	0.31	121.0	605.0	0.3333333333333333
47818	60	0	5	0.1425	58.0	290.0	0.0
47819	371	0	5	0.92	209.2	1046.0	0.6666666666666666
47820	374	0	5	0.9275	119.4	597.0	0.6666666666666666
47821	140	0	5	0.3425	39.6	198.0	0.6666666666666666
47822	16	0	5	0.0325	14.0	70.0	0.0
47823	56	0	5	0.1325	40.8	204.0	0.6666666666666666
47824	320	0	5	0.7925	101.0	505.0	0.3333333333333333
47825	382	0	5	0.9475	112.0	560.0	0.6666666666666666
47826	359	0	5	0.89	284.8	1424.0	0.6666666666666666
47827	115	0	5	0.28	57.2	286.0	0.3333333333333333
47828	114	0	5	0.2775	98.4	492.0	0.0
47829	316	1	4	0.7875	145.6	728.0	1.0
47830	341	1	4	0.85	199.4	997.0	1.0
47831	31	0	5	0.07	25.4	127.0	0.3333333333333333
47832	71	1	4	0.175	70.2	351.0	1.0
47833	397	0	5	0.985	192.6	963.0	0.6666666666666666
47834	375	0	5	0.93	178.2	891.0	0.6666666666666666
47835	160	0	5	0.3925	111.6	558.0	0.3333333333333333
47836	249	0	5	0.615	246.6	1233.0	0.3333333333333333
47837	242	0	5	0.5975	80.0	400.0	0.6666666666666666
47838	151	1	4	0.375	94.2	471.0	1.0
47839	29	0	5	0.065	22.6	113.0	0.3333333333333333
47840	176	0	5	0.4325	110.4	552.0	0.0
47841	323	0	5	0.8	265.4	1327.0	0.3333333333333333
47842	400	1	4	0.9975	163.2	816.0	1.0
47843	85	0	5	0.205	75.8	379.0	0.6666666666666666
47844	316	0	5	0.7825	206.8	1034.0	0.0
47845	391	0	5	0.97	165.4	827.0	0.6666666666666666
47846	135	0	5	0.33	47.6	238.0	0.3333333333333333
47847	27	0	5	0.06	25.0	125.0	0.0
47848	366	0	5	0.9075	235.2	1176.0	0.3333333333333333
47849	233	0	5	0.575	193.6	968.0	0.3333333333333333
47850	165	0	5	0.405	138.4	692.0	0.3333333333333333
47851	296	0	5	0.7325	126.4	632.0	0.6666666666666666
47852	239	0	5	0.59	196.4	982.0	0.6666666666666666
47853	56	0	5	0.1325	54.0	270.0	0.0
47854	262	0	5	0.6475	166.2	831.0	0.6666666666666666
47855	214	0	5	0.5275	110.8	554.0	0.3333333333333333
47856	118	0	5	0.2875	92.0	460.0	0.3333333333333333
47857	203	0	5	0.5	97.4	487.0	0.6666666666666666
47858	362	0	5	0.8975	111.2	556.0	0.6666666666666666
47859	2	0	5	0.0	0.0	0.0	0.0
47860	367	0	5	0.91	175.8	879.0	0.3333333333333333
47861	393	0	5	0.975	256.4	1282.0	0.6666666666666666
47862	258	0	5	0.6375	196.6	983.0	0.6666666666666666
47863	163	0	5	0.4	82.4	412.0	0.0
47864	337	1	4	0.84	137.4	687.0	1.0
47865	51	0	5	0.12	49.0	245.0	0.0
47866	273	0	5	0.675	100.2	501.0	0.6666666666666666
47867	153	0	5	0.375	60.6	303.0	0.3333333333333333
47868	243	0	5	0.6	219.4	1097.0	0.0
47869	185	0	5	0.455	156.6	783.0	0.6666666666666666
47870	55	0	5	0.13	53.0	265.0	0.0
47871	390	0	5	0.9675	273.4	1367.0	0.3333333333333333
47872	244	1	4	0.6075	149.6	748.0	1.0
47873	214	1	4	0.5325	135.4	677.0	1.0
47874	272	0	5	0.6725	182.0	910.0	0.3333333333333333
47875	160	0	5	0.3925	105.2	526.0	0.3333333333333333
47876	341	0	5	0.845	192.6	963.0	0.6666666666666666
47877	290	0	5	0.7175	140.6	703.0	0.6666666666666666
47878	335	0	5	0.83	306.2	1531.0	0.3333333333333333
47879	320	0	5	0.7925	259.6	1298.0	0.0
47880	384	0	5	0.9525	367.6	1838.0	0.3333333333333333
47881	229	0	5	0.565	175.8	879.0	0.3333333333333333
47882	215	0	5	0.53	61.0	305.0	0.0
47883	57	0	5	0.135	55.0	275.0	0.0
47884	160	0	5	0.3925	128.4	642.0	0.0
47885	16	0	5	0.0325	14.0	70.0	0.0
47886	162	0	5	0.3975	83.2	416.0	0.3333333333333333
47887	392	0	5	0.9725	282.0	1410.0	0.3333333333333333
47888	85	0	5	0.205	66.2	331.0	0.0
47889	44	0	5	0.1025	42.0	210.0	0.0
47890	13	0	5	0.025	11.0	55.0	0.0
47891	215	0	5	0.53	128.2	641.0	0.6666666666666666
47892	321	0	5	0.795	250.0	1250.0	0.6666666666666666
47893	56	0	5	0.1325	54.0	270.0	0.0
47894	105	0	5	0.255	53.2	266.0	0.6666666666666666
47895	355	0	5	0.88	105.0	525.0	0.3333333333333333
47896	78	0	5	0.1875	35.8	179.0	0.3333333333333333
47897	236	1	4	0.5875	133.6	668.0	1.0
47898	170	0	5	0.4175	65.8	329.0	0.6666666666666666
47899	162	0	5	0.3975	160.0	800.0	0.0
47900	131	0	5	0.32	114.0	570.0	0.3333333333333333
47901	359	1	4	0.895	267.6	1338.0	1.0
47902	279	1	3	0.695	208.8	1044.0	1.0
47903	391	0	5	0.97	202.0	1010.0	0.6666666666666666
47904	100	0	5	0.2425	48.0	240.0	0.3333333333333333
47905	355	0	5	0.88	230.4	1152.0	0.6666666666666666
47906	283	0	5	0.7	149.6	748.0	0.3333333333333333
47907	22	0	5	0.0475	20.0	100.0	0.0
47908	195	0	5	0.48	185.6	928.0	0.3333333333333333
47909	263	0	5	0.65	182.2	911.0	0.6666666666666666
47910	165	0	5	0.405	60.8	304.0	0.3333333333333333
47911	171	0	5	0.42	110.6	553.0	0.0
47912	49	0	5	0.115	42.2	211.0	0.3333333333333333
47913	318	1	4	0.7925	131.2	656.0	1.0
47914	58	0	5	0.1375	54.0	270.0	0.3333333333333333
47915	375	0	5	0.93	143.2	716.0	0.6666666666666666
47916	124	0	5	0.3025	65.2	326.0	0.6666666666666666
47917	196	0	5	0.4825	137.0	685.0	0.3333333333333333
47918	373	0	5	0.925	315.8	1579.0	0.6666666666666666
47919	211	0	5	0.52	209.0	1045.0	0.0
47920	227	0	5	0.56	154.6	773.0	0.6666666666666666
47921	227	1	4	0.565	174.2	871.0	1.0
47922	132	0	5	0.3225	68.4	342.0	0.3333333333333333
47923	115	0	5	0.28	50.6	253.0	0.3333333333333333
47924	122	0	5	0.2975	103.6	518.0	0.0
47925	190	0	5	0.4675	165.8	829.0	0.3333333333333333
47926	176	0	5	0.4325	84.4	422.0	0.3333333333333333
47927	12	0	5	0.0225	10.0	50.0	0.0
47928	346	0	5	0.8575	137.6	688.0	0.6666666666666666
47929	316	0	5	0.7825	123.2	616.0	0.3333333333333333
47930	18	0	5	0.0375	16.0	80.0	0.0
47931	101	0	5	0.245	78.0	390.0	0.3333333333333333
47932	124	0	5	0.3025	80.0	400.0	0.0
47933	172	0	5	0.4225	122.6	613.0	0.3333333333333333
47934	378	0	5	0.9375	185.0	925.0	0.3333333333333333
47935	11	0	5	0.02	9.0	45.0	0.0
47936	112	0	5	0.2725	64.4	322.0	0.3333333333333333
47937	2	0	5	0.0	0.0	0.0	0.0
47938	11	0	5	0.02	9.0	45.0	0.0
47939	376	0	5	0.9325	113.0	565.0	0.6666666666666666
47940	173	0	5	0.425	156.0	780.0	0.3333333333333333
47941	346	1	4	0.8625	220.0	1100.0	1.0
47942	271	0	5	0.67	252.2	1261.0	0.0
47943	318	0	5	0.7875	113.4	567.0	0.6666666666666666
47944	243	0	5	0.6	129.4	647.0	0.3333333333333333
47945	157	0	5	0.385	98.2	491.0	0.3333333333333333
47946	201	0	5	0.495	178.2	891.0	0.3333333333333333
47947	44	0	5	0.1025	42.0	210.0	0.0
47948	265	0	5	0.655	169.4	847.0	0.3333333333333333
47949	166	0	5	0.4075	64.6	323.0	0.3333333333333333
47950	54	0	5	0.1275	52.0	260.0	0.3333333333333333
47951	393	1	4	0.98	201.6	1008.0	1.0
47952	324	0	5	0.8025	177.2	886.0	0.6666666666666666
47953	43	0	5	0.1	41.0	205.0	0.0
47954	171	0	5	0.42	119.2	596.0	0.6666666666666666
47955	69	0	5	0.165	67.0	335.0	0.0
47956	141	0	5	0.345	107.8	539.0	0.0
47957	338	1	4	0.8425	226.6	1133.0	1.0
47958	160	0	5	0.3925	112.8	564.0	0.3333333333333333
47959	61	0	5	0.145	59.0	295.0	0.0
47960	289	0	5	0.715	127.8	639.0	0.6666666666666666
47961	350	0	5	0.8675	212.0	1060.0	0.6666666666666666
47962	243	1	4	0.605	110.2	551.0	1.0
47963	24	0	5	0.0525	22.0	110.0	0.0
47964	89	0	5	0.215	87.0	435.0	0.0
47965	309	1	4	0.77	171.2	856.0	1.0
47966	364	0	5	0.9025	90.8	454.0	0.6666666666666666
47967	377	0	5	0.935	118.6	593.0	0.6666666666666666
47968	304	0	5	0.7525	203.6	1018.0	0.6666666666666666
47969	343	0	5	0.85	114.0	570.0	0.6666666666666666
47970	233	0	5	0.575	70.0	350.0	0.6666666666666666
47971	230	0	5	0.5675	106.8	534.0	0.3333333333333333
47972	362	1	4	0.9025	296.6	1483.0	1.0
47973	220	0	5	0.5425	126.6	633.0	0.6666666666666666
47974	225	0	5	0.555	75.2	376.0	0.6666666666666666
47975	177	0	5	0.435	114.6	573.0	0.0
47976	8	0	5	0.0125	6.0	30.0	0.0
47977	168	0	5	0.4125	58.6	293.0	0.3333333333333333
47978	201	0	5	0.495	183.0	915.0	0.3333333333333333
47979	342	1	4	0.8525	222.6	1113.0	1.0
47980	256	0	5	0.6325	158.0	790.0	0.3333333333333333
47981	213	0	5	0.525	93.0	465.0	0.6666666666666666
47982	132	1	4	0.3275	83.4	417.0	1.0
47983	252	0	5	0.6225	250.0	1250.0	0.0
47984	160	0	5	0.3925	102.2	511.0	0.6666666666666666
47985	141	0	5	0.345	117.6	588.0	0.0
47986	166	0	5	0.4075	159.6	798.0	0.3333333333333333
47987	257	0	5	0.635	215.8	1079.0	0.3333333333333333
47988	294	0	5	0.7275	178.8	894.0	0.3333333333333333
47989	107	0	5	0.26	105.0	525.0	0.0
47990	140	0	5	0.3425	111.0	555.0	0.3333333333333333
47991	379	0	5	0.94	177.2	886.0	0.6666666666666666
47992	176	0	5	0.4325	143.2	716.0	0.3333333333333333
47993	141	0	5	0.345	116.6	583.0	0.3333333333333333
47994	240	0	5	0.5925	89.2	446.0	0.3333333333333333
47995	93	0	5	0.225	91.0	455.0	0.0
47996	322	0	5	0.7975	135.2	676.0	0.6666666666666666
47997	334	0	5	0.8275	206.2	1031.0	0.6666666666666666
47998	236	1	4	0.5875	172.2	861.0	1.0
47999	311	0	5	0.77	147.2	736.0	0.6666666666666666
48000	73	0	5	0.175	64.6	323.0	0.0
48001	296	0	5	0.7325	181.4	907.0	0.6666666666666666
48002	294	1	4	0.7325	69.2	346.0	1.0
48003	174	0	5	0.4275	71.6	358.0	0.3333333333333333
48004	129	0	5	0.315	107.8	539.0	0.3333333333333333
48005	158	0	5	0.3875	67.0	335.0	0.6666666666666666
48006	154	1	4	0.3825	36.4	182.0	1.0
48007	245	0	5	0.605	177.2	886.0	0.6666666666666666
48008	216	0	5	0.5325	181.2	906.0	0.6666666666666666
48009	224	0	5	0.5525	126.4	632.0	0.6666666666666666
48010	362	1	4	0.9025	150.0	750.0	1.0
48011	370	0	5	0.9175	338.0	1690.0	0.6666666666666666
48012	360	0	5	0.8925	204.6	1023.0	0.3333333333333333
48013	184	0	5	0.4525	139.4	697.0	0.3333333333333333
48014	139	0	5	0.34	107.0	535.0	0.3333333333333333
48015	303	0	5	0.75	275.4	1377.0	0.6666666666666666
48016	287	0	5	0.71	169.0	845.0	0.3333333333333333
48017	350	0	5	0.8675	179.6	898.0	0.6666666666666666
48018	231	0	5	0.57	124.8	624.0	0.3333333333333333
48019	231	0	5	0.57	90.2	451.0	0.3333333333333333
48020	162	0	5	0.3975	125.2	626.0	0.3333333333333333
48021	288	1	4	0.7175	160.8	804.0	1.0
48022	323	0	5	0.8	171.8	859.0	0.6666666666666666
48023	285	0	5	0.705	224.8	1124.0	0.6666666666666666
48024	308	0	5	0.7625	264.6	1323.0	0.6666666666666666
48025	263	0	5	0.65	105.8	529.0	0.6666666666666666
48026	129	0	5	0.315	50.2	251.0	0.3333333333333333
48027	139	0	5	0.34	47.6	238.0	0.3333333333333333
48028	58	0	5	0.1375	56.0	280.0	0.0
48029	108	0	5	0.2625	96.4	482.0	0.0
48030	242	0	5	0.5975	212.8	1064.0	0.3333333333333333
48031	291	0	5	0.72	213.8	1069.0	0.6666666666666666
48032	377	0	5	0.935	270.4	1352.0	0.3333333333333333
48033	92	0	5	0.2225	90.0	450.0	0.3333333333333333
48034	200	0	5	0.4925	80.8	404.0	0.3333333333333333
48035	194	1	4	0.4825	66.8	334.0	1.0
48036	366	0	5	0.9075	169.6	848.0	0.6666666666666666
48037	199	0	5	0.49	129.2	646.0	0.6666666666666666
48038	25	0	5	0.055	23.0	115.0	0.0
48039	257	0	5	0.635	119.8	599.0	0.6666666666666666
48040	255	0	5	0.63	171.8	859.0	0.3333333333333333
48041	178	0	5	0.4375	149.0	745.0	0.0
48042	337	1	4	0.84	198.4	992.0	1.0
48043	276	0	5	0.6825	65.0	325.0	0.6666666666666666
48044	104	0	5	0.2525	102.0	510.0	0.0
48045	319	0	5	0.79	257.0	1285.0	0.3333333333333333
48046	67	0	5	0.16	65.0	325.0	0.0
48047	43	0	5	0.1	41.0	205.0	0.0
48048	109	0	5	0.265	107.0	535.0	0.3333333333333333
48049	83	0	5	0.2	23.8	119.0	0.6666666666666666
48050	293	0	5	0.725	122.6	613.0	0.3333333333333333
48051	228	0	5	0.5625	85.4	427.0	0.3333333333333333
48052	262	0	5	0.6475	173.0	865.0	0.3333333333333333
48053	358	1	3	0.8925	272.4	1362.0	1.0
48054	77	0	5	0.185	36.0	180.0	0.3333333333333333
48055	248	0	5	0.6125	177.2	886.0	0.3333333333333333
48056	191	0	5	0.47	169.4	847.0	0.3333333333333333
48057	269	0	5	0.665	170.4	852.0	0.6666666666666666
48058	227	0	5	0.56	55.8	279.0	0.3333333333333333
48059	60	0	5	0.1425	58.0	290.0	0.0
48060	376	1	4	0.9375	254.4	1272.0	1.0
48061	271	0	5	0.67	122.6	613.0	0.3333333333333333
48062	181	0	5	0.445	132.6	663.0	0.3333333333333333
48063	233	0	5	0.575	185.4	927.0	0.6666666666666666
48064	214	0	5	0.5275	118.4	592.0	0.0
48065	273	0	5	0.675	142.8	714.0	0.6666666666666666
48066	134	1	4	0.3325	46.8	234.0	1.0
48067	263	1	4	0.655	158.2	791.0	1.0
48068	376	0	5	0.9325	157.8	789.0	0.6666666666666666
48069	376	0	5	0.9325	228.0	1140.0	0.6666666666666666
48070	40	0	5	0.0925	17.2	86.0	0.3333333333333333
48071	271	0	5	0.67	244.0	1220.0	0.3333333333333333
48072	401	0	4	0.9975	162.4	812.0	0.6666666666666666
48073	243	0	5	0.6	65.4	327.0	0.3333333333333333
48074	310	0	5	0.7675	252.6	1263.0	0.0
48075	387	0	5	0.96	233.0	1165.0	0.6666666666666666
48076	250	0	5	0.6175	183.2	916.0	0.3333333333333333
48077	92	0	5	0.2225	76.0	380.0	0.3333333333333333
48078	318	0	5	0.7875	237.8	1189.0	0.3333333333333333
48079	327	1	4	0.815	209.8	1049.0	1.0
48080	35	0	5	0.08	33.0	165.0	0.0
48081	374	1	4	0.9325	101.8	509.0	1.0
48082	238	0	5	0.5875	192.0	960.0	0.3333333333333333
48083	227	0	5	0.56	178.4	892.0	0.3333333333333333
48084	107	0	5	0.26	105.0	525.0	0.0
48085	60	0	5	0.1425	58.0	290.0	0.0
48086	145	0	5	0.355	75.2	376.0	0.0
48087	179	0	5	0.44	117.6	588.0	0.6666666666666666
48088	182	0	5	0.4475	138.0	690.0	0.3333333333333333
48089	218	1	4	0.5425	176.0	880.0	1.0
48090	222	0	5	0.5475	194.8	974.0	0.0
48091	356	0	5	0.8825	224.4	1122.0	0.3333333333333333
48092	181	0	5	0.445	116.2	581.0	0.6666666666666666
48093	361	0	5	0.895	111.0	555.0	0.3333333333333333
48094	10	0	5	0.0175	8.0	40.0	0.0
48095	261	1	4	0.65	185.0	925.0	1.0
48096	226	0	5	0.5575	113.6	568.0	0.6666666666666666
48097	49	0	5	0.115	47.0	235.0	0.0
48098	158	0	5	0.3875	122.6	613.0	0.6666666666666666
48099	234	0	5	0.5775	172.2	861.0	0.3333333333333333
48100	155	0	5	0.38	101.2	506.0	0.3333333333333333
48101	50	0	5	0.1175	48.0	240.0	0.0
48102	311	0	5	0.77	212.4	1062.0	0.6666666666666666
48103	197	0	5	0.485	190.6	953.0	0.3333333333333333
48104	222	0	5	0.5475	193.6	968.0	0.3333333333333333
48105	89	0	5	0.215	76.6	383.0	0.3333333333333333
48106	227	0	5	0.56	163.8	819.0	0.3333333333333333
48107	389	0	5	0.965	125.0	625.0	0.6666666666666666
48108	24	0	5	0.0525	22.0	110.0	0.0
48109	134	0	5	0.3275	69.2	346.0	0.3333333333333333
48110	211	0	5	0.52	89.8	449.0	0.3333333333333333
48111	250	0	5	0.6175	228.8	1144.0	0.3333333333333333
48112	199	0	5	0.49	122.0	610.0	0.3333333333333333
48113	109	0	5	0.265	107.0	535.0	0.0
48114	317	0	5	0.785	141.4	707.0	0.6666666666666666
48115	170	0	5	0.4175	132.0	660.0	0.0
48116	11	0	5	0.02	9.0	45.0	0.0
48117	384	0	5	0.9525	185.4	927.0	0.6666666666666666
48118	265	0	5	0.655	139.4	697.0	0.6666666666666666
48119	234	0	5	0.5775	125.6	628.0	0.3333333333333333
48120	269	0	5	0.665	123.8	619.0	0.3333333333333333
48121	261	0	5	0.645	160.2	801.0	0.6666666666666666
48122	43	0	5	0.1	41.0	205.0	0.0
48123	388	0	5	0.9625	250.0	1250.0	0.3333333333333333
48124	260	0	5	0.6425	155.2	776.0	0.6666666666666666
48125	160	0	5	0.3925	158.0	790.0	0.0
48126	271	0	5	0.67	126.8	634.0	0.6666666666666666
48127	262	0	5	0.6475	175.0	875.0	0.3333333333333333
48128	185	0	5	0.455	97.2	486.0	0.0
48129	154	0	5	0.3775	124.8	624.0	0.3333333333333333
48130	136	0	5	0.3325	87.8	439.0	0.3333333333333333
48131	326	0	5	0.8075	198.8	994.0	0.6666666666666666
48132	153	0	5	0.375	96.2	481.0	0.3333333333333333
48133	392	0	5	0.9725	245.6	1228.0	0.6666666666666666
48134	320	0	5	0.7925	218.2	1091.0	0.6666666666666666
48135	31	0	5	0.07	29.0	145.0	0.0
48136	201	0	5	0.495	199.0	995.0	0.0
48137	365	0	5	0.905	278.6	1393.0	0.6666666666666666
48138	129	0	5	0.315	107.8	539.0	0.0
48139	235	1	4	0.585	199.0	995.0	1.0
48140	201	0	5	0.495	90.6	453.0	0.3333333333333333
48141	168	0	5	0.4125	126.8	634.0	0.6666666666666666
48142	291	0	5	0.72	160.2	801.0	0.6666666666666666
48143	389	0	5	0.965	164.2	821.0	0.6666666666666666
48144	333	0	5	0.825	189.4	947.0	0.6666666666666666
48145	156	0	5	0.3825	154.0	770.0	0.0
48146	90	0	5	0.2175	79.6	398.0	0.3333333333333333
48147	118	1	4	0.2925	58.2	291.0	1.0
48148	190	0	5	0.4675	161.0	805.0	0.3333333333333333
48149	297	1	4	0.74	186.6	933.0	1.0
48150	254	0	5	0.6275	226.4	1132.0	0.3333333333333333
48151	272	0	5	0.6725	82.2	411.0	0.3333333333333333
48152	64	0	5	0.1525	62.0	310.0	0.0
48153	129	0	5	0.315	118.8	594.0	0.0
48154	162	0	5	0.3975	107.4	537.0	0.6666666666666666
48155	135	0	5	0.33	89.0	445.0	0.3333333333333333
48156	293	0	5	0.725	161.6	808.0	0.6666666666666666
48157	302	0	5	0.7475	272.4	1362.0	0.6666666666666666
48158	300	0	5	0.7425	196.2	981.0	0.3333333333333333
48159	356	0	5	0.8825	293.2	1466.0	0.6666666666666666
48160	383	1	4	0.955	79.8	399.0	1.0
48161	24	0	5	0.0525	19.0	95.0	0.0
48162	136	0	5	0.3325	69.2	346.0	0.3333333333333333
48163	79	0	5	0.19	68.6	343.0	0.0
48164	255	0	5	0.63	73.6	368.0	0.3333333333333333
48165	113	0	5	0.275	55.0	275.0	0.6666666666666666
48166	299	1	4	0.745	152.4	762.0	1.0
48167	151	0	5	0.37	128.4	642.0	0.3333333333333333
48168	278	0	5	0.6875	143.2	716.0	0.3333333333333333
48169	266	0	5	0.6575	78.4	392.0	0.3333333333333333
48170	317	0	5	0.785	249.2	1246.0	0.6666666666666666
48171	266	0	5	0.6575	193.0	965.0	0.6666666666666666
48172	297	0	5	0.735	243.0	1215.0	0.6666666666666666
48173	109	0	5	0.265	96.6	483.0	0.3333333333333333
48174	354	0	5	0.8775	171.4	857.0	0.6666666666666666
48175	215	0	5	0.53	115.4	577.0	0.6666666666666666
48176	41	0	5	0.095	39.0	195.0	0.0
48177	131	0	5	0.32	75.0	375.0	0.3333333333333333
48178	200	0	5	0.4925	74.4	372.0	0.3333333333333333
48179	242	0	5	0.5975	240.0	1200.0	0.0
48180	138	0	5	0.3375	65.2	326.0	0.3333333333333333
48181	77	0	5	0.185	75.0	375.0	0.0
48182	213	0	5	0.525	149.0	745.0	0.6666666666666666
48183	139	0	5	0.34	77.8	389.0	0.3333333333333333
48184	252	0	5	0.6225	203.4	1017.0	0.6666666666666666
48185	318	0	5	0.7875	140.6	703.0	0.6666666666666666
48186	398	1	4	0.9925	272.0	1360.0	1.0
48187	31	0	5	0.07	29.0	145.0	0.0
48188	137	0	5	0.335	122.2	611.0	0.3333333333333333
48189	115	0	5	0.28	91.0	455.0	0.3333333333333333
48190	142	0	5	0.3475	140.0	700.0	0.3333333333333333
48191	348	0	5	0.8625	106.6	533.0	0.6666666666666666
48192	367	0	5	0.91	174.0	870.0	0.6666666666666666
48193	78	0	5	0.1875	76.0	380.0	0.0
48194	65	0	5	0.155	63.0	315.0	0.0
48195	333	0	5	0.825	194.4	972.0	0.6666666666666666
48196	220	0	5	0.5425	74.8	374.0	0.6666666666666666
48197	201	0	5	0.495	108.4	542.0	0.6666666666666666
48198	164	0	5	0.4025	131.6	658.0	0.3333333333333333
48199	33	0	5	0.075	31.0	155.0	0.0
48200	266	0	5	0.6575	181.8	909.0	0.3333333333333333
48201	209	0	5	0.515	190.4	952.0	0.6666666666666666
48202	211	1	4	0.525	146.8	734.0	1.0
48203	207	1	4	0.515	69.2	346.0	1.0
48204	155	0	5	0.38	110.2	551.0	0.6666666666666666
48205	280	0	5	0.6925	200.6	1003.0	0.3333333333333333
48206	86	0	5	0.2075	61.2	306.0	0.3333333333333333
48207	3	0	5	0.0025	0.4	2.0	0.0
48208	63	0	5	0.15	35.2	176.0	0.0
48209	263	0	5	0.65	183.6	918.0	0.6666666666666666
48210	157	0	5	0.385	45.4	227.0	0.3333333333333333
48211	186	0	5	0.4575	93.6	468.0	0.3333333333333333
48212	54	0	5	0.1275	23.2	116.0	0.3333333333333333
48213	371	0	5	0.92	184.2	921.0	0.6666666666666666
48214	171	0	5	0.42	59.4	297.0	0.0
48215	249	0	5	0.615	127.2	636.0	0.3333333333333333
48216	311	0	5	0.77	239.4	1197.0	0.3333333333333333
48217	184	0	5	0.4525	137.8	689.0	0.3333333333333333
48218	356	0	5	0.8825	167.8	839.0	0.6666666666666666
48219	320	0	5	0.7925	181.2	906.0	0.6666666666666666
48220	157	0	5	0.385	129.0	645.0	0.3333333333333333
48221	80	0	5	0.1925	52.8	264.0	0.0
48222	394	0	5	0.9775	144.2	721.0	0.6666666666666666
48223	227	0	5	0.56	193.0	965.0	0.3333333333333333
48224	50	0	5	0.1175	48.0	240.0	0.0
48225	148	0	5	0.3625	117.2	586.0	0.0
48226	71	0	5	0.17	48.2	241.0	0.0
48227	51	0	5	0.12	49.0	245.0	0.0
48228	136	0	5	0.3325	134.0	670.0	0.0
48229	18	0	5	0.0375	16.0	80.0	0.0
48230	111	0	5	0.27	109.0	545.0	0.0
48231	5	0	5	0.005	3.0	15.0	0.0
48232	157	0	5	0.385	155.0	775.0	0.0
48233	140	0	5	0.3425	62.2	311.0	0.3333333333333333
48234	254	0	5	0.6275	150.8	754.0	0.6666666666666666
48235	266	0	5	0.6575	137.0	685.0	0.6666666666666666
48236	207	0	5	0.51	153.0	765.0	0.3333333333333333
48237	275	0	5	0.68	217.8	1089.0	0.3333333333333333
48238	156	0	5	0.3825	154.0	770.0	0.0
48239	112	0	5	0.2725	110.0	550.0	0.0
48240	245	0	5	0.605	56.6	283.0	0.3333333333333333
48241	276	0	5	0.6825	161.6	808.0	0.6666666666666666
48242	99	0	5	0.24	44.6	223.0	0.3333333333333333
48243	290	0	5	0.7175	194.0	970.0	0.6666666666666666
48244	90	0	5	0.2175	53.6	268.0	0.6666666666666666
48245	78	0	5	0.1875	76.0	380.0	0.3333333333333333
48246	207	0	5	0.51	158.2	791.0	0.3333333333333333
48247	31	0	5	0.07	28.8	144.0	0.3333333333333333
48248	346	0	5	0.8575	130.4	652.0	0.6666666666666666
48249	171	1	4	0.425	64.6	323.0	1.0
48250	26	0	5	0.0575	24.0	120.0	0.0
48251	398	1	4	0.9925	285.2	1426.0	1.0
48252	235	0	5	0.58	118.8	594.0	0.6666666666666666
48253	145	0	5	0.355	68.8	344.0	0.3333333333333333
48254	280	0	5	0.6925	217.8	1089.0	0.3333333333333333
48255	141	0	5	0.345	103.4	517.0	0.3333333333333333
48256	316	0	5	0.7825	215.6	1078.0	0.3333333333333333
48257	386	1	4	0.9625	131.2	656.0	1.0
48258	287	0	5	0.71	111.4	557.0	0.3333333333333333
48259	230	0	5	0.5675	197.2	986.0	0.3333333333333333
48260	172	0	5	0.4225	135.2	676.0	0.3333333333333333
48261	299	0	5	0.74	242.2	1211.0	0.0
48262	179	0	5	0.44	168.6	843.0	0.0
48263	278	0	5	0.6875	164.2	821.0	0.6666666666666666
48264	193	0	5	0.475	168.2	841.0	0.3333333333333333
48265	282	0	5	0.6975	179.2	896.0	0.6666666666666666
48266	229	0	5	0.565	100.8	504.0	0.3333333333333333
48267	5	0	5	0.005	3.0	15.0	0.0
48268	161	0	5	0.395	159.0	795.0	0.0
48269	110	0	5	0.2675	38.4	192.0	0.3333333333333333
48270	300	0	5	0.7425	206.0	1030.0	0.3333333333333333
48271	232	0	5	0.5725	136.2	681.0	0.3333333333333333
48272	322	0	5	0.7975	208.6	1043.0	0.6666666666666666
48273	269	0	5	0.665	118.0	590.0	0.6666666666666666
48274	314	0	5	0.7775	212.6	1063.0	0.6666666666666666
48275	357	0	5	0.885	87.0	435.0	0.6666666666666666
48276	211	0	5	0.52	167.4	837.0	0.3333333333333333
48277	66	0	5	0.1575	64.0	320.0	0.0
48278	321	0	5	0.795	82.6	413.0	0.3333333333333333
48279	299	0	5	0.74	101.8	509.0	0.3333333333333333
48280	158	0	5	0.3875	68.8	344.0	0.3333333333333333
48281	255	0	5	0.63	227.2	1136.0	0.3333333333333333
48282	340	0	5	0.8425	250.4	1252.0	0.3333333333333333
48283	263	0	5	0.65	154.2	771.0	0.0
48284	230	0	5	0.5675	201.2	1006.0	0.3333333333333333
48285	186	0	5	0.4575	123.8	619.0	0.3333333333333333
48286	260	0	5	0.6425	238.2	1191.0	0.3333333333333333
48287	13	0	5	0.025	2.4	12.0	0.0
48288	150	0	5	0.3675	72.8	364.0	0.3333333333333333
48289	127	0	5	0.31	114.2	571.0	0.0
48290	97	0	5	0.235	78.8	394.0	0.3333333333333333
48291	128	0	5	0.3125	68.8	344.0	0.3333333333333333
48292	336	0	5	0.8325	156.0	780.0	0.6666666666666666
48293	337	1	4	0.84	175.6	878.0	1.0
48294	275	0	5	0.68	211.0	1055.0	0.3333333333333333
48295	297	0	5	0.735	257.0	1285.0	0.3333333333333333
48296	55	0	5	0.13	52.6	263.0	0.3333333333333333
48297	310	0	5	0.7675	213.8	1069.0	0.0
48298	380	0	5	0.9425	259.0	1295.0	0.6666666666666666
48299	74	0	5	0.1775	44.0	220.0	0.3333333333333333
48300	374	0	5	0.9275	138.4	692.0	0.6666666666666666
48301	26	0	5	0.0575	24.0	120.0	0.0
48302	187	0	5	0.46	179.0	895.0	0.0
48303	236	0	5	0.5825	186.0	930.0	0.0
48304	193	0	5	0.475	152.6	763.0	0.0
48305	116	0	5	0.2825	77.8	389.0	0.6666666666666666
48306	347	0	5	0.86	255.6	1278.0	0.6666666666666666
48307	211	0	5	0.52	200.6	1003.0	0.0
48308	350	1	4	0.8725	131.2	656.0	1.0
48309	43	0	5	0.1	41.0	205.0	0.0
48310	122	0	5	0.2975	120.0	600.0	0.0
48311	390	1	4	0.9725	243.2	1216.0	1.0
48312	321	0	5	0.795	162.6	813.0	0.3333333333333333
48313	81	0	5	0.195	79.0	395.0	0.0
48314	349	0	5	0.865	248.6	1243.0	0.6666666666666666
48315	168	0	5	0.4125	166.0	830.0	0.0
48316	300	0	5	0.7425	183.2	916.0	0.3333333333333333
48317	361	1	4	0.9	174.4	872.0	1.0
48318	164	1	4	0.4075	90.8	454.0	1.0
48319	357	1	4	0.89	85.0	425.0	1.0
48320	170	1	4	0.4225	34.6	173.0	1.0
48321	240	0	5	0.5925	173.6	868.0	0.3333333333333333
48322	114	0	5	0.2775	112.0	560.0	0.0
48323	313	0	5	0.775	191.0	955.0	0.6666666666666666
48324	370	0	5	0.9175	292.8	1464.0	0.6666666666666666
48325	152	0	5	0.3725	89.4	447.0	0.3333333333333333
48326	59	0	5	0.14	57.0	285.0	0.0
48327	262	0	5	0.6475	212.2	1061.0	0.3333333333333333
48328	142	0	5	0.3475	101.0	505.0	0.3333333333333333
48329	295	0	5	0.73	171.4	857.0	0.3333333333333333
48330	299	0	5	0.74	205.6	1028.0	0.3333333333333333
48331	70	0	5	0.1675	68.0	340.0	0.0
48332	304	0	5	0.7525	176.4	882.0	0.6666666666666666
48333	228	0	5	0.5625	162.8	814.0	0.3333333333333333
48334	230	0	5	0.5675	223.6	1118.0	0.6666666666666666
48335	348	0	5	0.8625	204.8	1024.0	0.6666666666666666
48336	24	0	5	0.0525	22.0	110.0	0.0
48337	50	0	5	0.1175	48.0	240.0	0.0
48338	274	0	5	0.6775	261.2	1306.0	0.3333333333333333
48339	262	0	5	0.6475	225.8	1129.0	0.3333333333333333
48340	18	0	5	0.0375	16.0	80.0	0.0
48341	363	1	4	0.905	205.4	1027.0	1.0
48342	387	0	5	0.96	170.6	853.0	0.6666666666666666
48343	5	0	5	0.005	3.0	15.0	0.0
48344	288	0	5	0.7125	123.6	618.0	0.6666666666666666
48345	326	0	5	0.8075	223.6	1118.0	0.6666666666666666
48346	239	0	5	0.59	155.8	779.0	0.3333333333333333
48347	71	0	5	0.17	69.0	345.0	0.0
48348	379	0	5	0.94	221.4	1107.0	0.6666666666666666
48349	173	0	5	0.425	99.6	498.0	0.6666666666666666
48350	105	0	5	0.255	46.6	233.0	0.0
48351	288	0	5	0.7125	244.6	1223.0	0.6666666666666666
48352	86	0	5	0.2075	84.0	420.0	0.0
48353	306	0	5	0.7575	184.4	922.0	0.6666666666666666
48354	312	0	5	0.7725	151.4	757.0	0.6666666666666666
48355	3	0	5	0.0025	0.2	1.0	0.3333333333333333
48356	200	0	5	0.4925	127.4	637.0	0.3333333333333333
48357	84	0	5	0.2025	35.2	176.0	0.6666666666666666
48358	382	0	5	0.9475	130.4	652.0	0.6666666666666666
48359	141	0	5	0.345	134.8	674.0	0.0
48360	330	0	5	0.8175	120.8	604.0	0.3333333333333333
48361	248	0	5	0.6125	125.0	625.0	0.3333333333333333
48362	309	1	4	0.77	200.4	1002.0	1.0
48363	209	0	5	0.515	163.8	819.0	0.3333333333333333
48364	173	0	5	0.425	119.0	595.0	0.6666666666666666
48365	275	0	5	0.68	126.0	630.0	0.6666666666666666
48366	245	1	4	0.61	109.4	547.0	1.0
48367	132	0	5	0.3225	130.0	650.0	0.0
48368	110	0	5	0.2675	108.0	540.0	0.0
48369	373	0	5	0.925	206.4	1032.0	0.3333333333333333
48370	353	0	5	0.875	138.8	694.0	0.6666666666666666
48371	64	0	5	0.1525	48.4	242.0	0.6666666666666666
48372	176	0	5	0.4325	174.0	870.0	0.0
48373	171	0	5	0.42	169.0	845.0	0.0
48374	293	0	5	0.725	192.8	964.0	0.3333333333333333
48375	6	0	5	0.0075	4.0	20.0	0.0
48376	47	0	5	0.11	45.0	225.0	0.0
48377	160	0	5	0.3925	76.4	382.0	0.0
48378	261	0	5	0.645	123.8	619.0	0.3333333333333333
48379	23	0	5	0.05	21.0	105.0	0.0
48380	157	0	5	0.385	120.2	601.0	0.0
48381	287	1	4	0.715	151.8	759.0	1.0
48382	37	0	5	0.085	18.2	91.0	0.3333333333333333
48383	275	0	5	0.68	159.8	799.0	0.3333333333333333
48384	250	0	5	0.6175	118.0	590.0	0.3333333333333333
48385	237	1	4	0.59	109.2	546.0	1.0
48386	291	1	4	0.725	76.8	384.0	1.0
48387	185	0	5	0.455	118.6	593.0	0.6666666666666666
48388	273	0	5	0.675	156.4	782.0	0.3333333333333333
48389	118	0	5	0.2875	114.4	572.0	0.0
48390	185	0	5	0.455	119.8	599.0	0.6666666666666666
48391	346	1	4	0.8625	124.0	620.0	1.0
48392	363	0	5	0.9	242.2	1211.0	0.6666666666666666
48393	343	0	5	0.85	160.6	803.0	0.6666666666666666
48394	131	0	5	0.32	119.8	599.0	0.0
48395	160	0	5	0.3925	103.0	515.0	0.3333333333333333
48396	142	0	5	0.3475	91.4	457.0	0.6666666666666666
48397	22	0	5	0.0475	20.0	100.0	0.0
48398	21	0	5	0.045	19.0	95.0	0.0
48399	113	0	5	0.275	48.6	243.0	0.6666666666666666
48400	253	0	5	0.625	158.4	792.0	0.6666666666666666
48401	323	1	4	0.805	115.0	575.0	1.0
48402	204	0	5	0.5025	117.6	588.0	0.0
48403	210	0	5	0.5175	203.2	1016.0	0.3333333333333333
48404	82	0	5	0.1975	80.0	400.0	0.0
48405	172	0	5	0.4225	89.6	448.0	0.3333333333333333
48406	213	1	4	0.53	92.2	461.0	1.0
48407	251	0	5	0.62	169.8	849.0	0.3333333333333333
48408	191	0	5	0.47	146.6	733.0	0.3333333333333333
48409	293	1	4	0.73	230.6	1153.0	1.0
48410	282	0	5	0.6975	161.4	807.0	0.6666666666666666
48411	270	0	5	0.6675	77.6	388.0	0.6666666666666666
48412	97	0	5	0.235	66.6	333.0	0.3333333333333333
48413	225	0	5	0.555	156.6	783.0	0.6666666666666666
48414	113	0	5	0.275	111.0	555.0	0.0
48415	312	0	5	0.7725	217.4	1087.0	0.3333333333333333
48416	252	1	4	0.6275	126.2	631.0	1.0
48417	118	0	5	0.2875	114.4	572.0	0.3333333333333333
48418	339	0	5	0.84	101.0	505.0	0.3333333333333333
48419	330	1	3	0.8225	222.0	1110.0	1.0
48420	210	0	5	0.5175	125.2	626.0	0.6666666666666666
48421	244	0	5	0.6025	86.2	431.0	0.3333333333333333
48422	84	0	5	0.2025	67.2	336.0	0.3333333333333333
48423	296	0	5	0.7325	294.0	1470.0	0.3333333333333333
48424	156	0	5	0.3825	143.0	715.0	0.3333333333333333
48425	83	0	5	0.2	69.0	345.0	0.3333333333333333
48426	207	0	5	0.51	137.4	687.0	0.3333333333333333
48427	93	0	5	0.225	91.0	455.0	0.0
48428	221	0	5	0.545	135.0	675.0	0.6666666666666666
48429	326	0	5	0.8075	169.2	846.0	0.3333333333333333
48430	214	0	5	0.5275	191.8	959.0	0.3333333333333333
48431	225	0	5	0.555	167.4	837.0	0.0
48432	230	0	5	0.5675	86.4	432.0	0.3333333333333333
48433	217	0	5	0.535	68.6	343.0	0.6666666666666666
48434	358	0	5	0.8875	174.6	873.0	0.6666666666666666
48435	317	1	4	0.79	82.6	413.0	1.0
48436	345	0	5	0.855	159.0	795.0	0.3333333333333333
48437	153	0	5	0.375	140.2	701.0	0.3333333333333333
48438	133	1	4	0.33	113.8	569.0	1.0
48439	284	1	4	0.7075	102.8	514.0	1.0
48440	230	0	5	0.5675	228.0	1140.0	0.3333333333333333
48441	198	0	5	0.4875	73.0	365.0	0.6666666666666666
48442	137	0	5	0.335	80.8	404.0	0.3333333333333333
48443	48	0	5	0.1125	46.0	230.0	0.0
48444	203	1	4	0.505	146.8	734.0	1.0
48445	136	0	5	0.3325	69.8	349.0	0.3333333333333333
48446	179	0	5	0.44	162.8	814.0	0.0
48447	167	0	5	0.41	165.0	825.0	0.0
48448	61	0	5	0.145	59.0	295.0	0.0
48449	58	0	5	0.1375	56.0	280.0	0.0
48450	240	0	5	0.5925	172.8	864.0	0.6666666666666666
48451	202	0	5	0.4975	115.2	576.0	0.3333333333333333
48452	128	0	5	0.3125	96.8	484.0	0.0
48453	79	0	5	0.19	77.0	385.0	0.0
48454	50	0	5	0.1175	31.2	156.0	0.0
48455	337	0	5	0.835	155.8	779.0	0.6666666666666666
48456	373	1	4	0.93	165.4	827.0	1.0
48457	251	0	5	0.62	142.0	710.0	0.3333333333333333
48458	244	0	5	0.6025	174.6	873.0	0.3333333333333333
48459	205	0	5	0.505	194.6	973.0	0.3333333333333333
48460	268	0	5	0.6625	164.6	823.0	0.6666666666666666
48461	268	0	5	0.6625	266.0	1330.0	0.0
48462	118	0	5	0.2875	106.0	530.0	0.0
48463	384	0	5	0.9525	190.8	954.0	0.6666666666666666
48464	133	0	5	0.325	95.6	478.0	0.3333333333333333
48465	143	0	5	0.35	78.6	393.0	0.3333333333333333
48466	390	0	5	0.9675	167.2	836.0	0.6666666666666666
48467	105	0	5	0.255	103.0	515.0	0.0
48468	303	0	5	0.75	254.2	1271.0	0.3333333333333333
48469	217	0	5	0.535	75.6	378.0	0.6666666666666666
48470	151	0	5	0.37	140.2	701.0	0.0
48471	268	1	4	0.6675	80.0	400.0	1.0
48472	150	0	5	0.3675	98.0	490.0	0.3333333333333333
48473	50	0	5	0.1175	33.2	166.0	0.0
48474	217	0	5	0.535	139.6	698.0	0.0
48475	259	0	5	0.64	87.4	437.0	0.3333333333333333
48476	284	0	5	0.7025	165.8	829.0	0.6666666666666666
48477	157	0	5	0.385	105.0	525.0	0.0
48478	106	0	5	0.2575	48.0	240.0	0.3333333333333333
48479	52	0	5	0.1225	35.6	178.0	0.3333333333333333
48480	188	0	5	0.4625	77.4	387.0	0.0
48481	258	1	4	0.6425	190.4	952.0	1.0
48482	295	0	5	0.73	276.0	1380.0	0.6666666666666666
48483	189	0	5	0.465	152.6	763.0	0.3333333333333333
48484	257	0	5	0.635	185.0	925.0	0.3333333333333333
48485	129	0	5	0.315	127.0	635.0	0.0
48486	249	0	5	0.615	148.4	742.0	0.6666666666666666
48487	193	0	5	0.475	107.0	535.0	0.3333333333333333
48488	52	0	5	0.1225	16.4	82.0	0.0
48489	301	0	5	0.745	164.4	822.0	0.6666666666666666
48490	173	0	5	0.425	111.8	559.0	0.0
48491	336	1	4	0.8375	74.6	373.0	1.0
48492	85	0	5	0.205	83.0	415.0	0.0
48493	176	0	5	0.4325	174.0	870.0	0.0
48494	96	0	5	0.2325	52.4	262.0	0.6666666666666666
48495	105	0	5	0.255	48.6	243.0	0.3333333333333333
48496	360	0	5	0.8925	200.0	1000.0	0.6666666666666666
48497	82	0	5	0.1975	65.0	325.0	0.3333333333333333
48498	106	0	5	0.2575	104.0	520.0	0.0
48499	60	0	5	0.1425	58.0	290.0	0.0
48500	354	0	5	0.8775	220.4	1102.0	0.6666666666666666
48501	371	0	5	0.92	268.0	1340.0	0.6666666666666666
48502	299	0	5	0.74	178.4	892.0	0.6666666666666666
48503	383	1	4	0.955	263.8	1319.0	1.0
48504	113	0	5	0.275	107.2	536.0	0.0
48505	231	1	4	0.575	77.4	387.0	1.0
48506	316	0	5	0.7825	251.4	1257.0	0.3333333333333333
48507	218	0	5	0.5375	200.8	1004.0	0.6666666666666666
48508	344	0	5	0.8525	166.8	834.0	0.3333333333333333
48509	221	0	5	0.545	159.8	799.0	0.6666666666666666
48510	60	0	5	0.1425	38.2	191.0	0.0
48511	338	0	5	0.8375	99.2	496.0	0.6666666666666666
48512	303	0	5	0.75	230.6	1153.0	0.3333333333333333
48513	204	1	4	0.5075	122.4	612.0	1.0
48514	230	0	5	0.5675	154.2	771.0	0.3333333333333333
48515	391	1	4	0.975	140.4	702.0	1.0
48516	254	1	4	0.6325	87.6	438.0	1.0
48517	176	0	5	0.4325	37.2	186.0	0.3333333333333333
48518	170	0	5	0.4175	168.0	840.0	0.0
48519	197	1	4	0.49	111.0	555.0	1.0
48520	227	0	5	0.56	185.4	927.0	0.3333333333333333
48521	372	0	5	0.9225	296.8	1484.0	0.3333333333333333
48522	370	0	5	0.9175	117.6	588.0	0.6666666666666666
48523	178	0	5	0.4375	176.0	880.0	0.0
48524	148	0	5	0.3625	106.8	534.0	0.3333333333333333
48525	24	0	5	0.0525	22.0	110.0	0.0
48526	188	0	5	0.4625	107.4	537.0	0.3333333333333333
48527	226	0	5	0.5575	155.2	776.0	0.3333333333333333
48528	32	0	5	0.0725	10.0	50.0	0.3333333333333333
48529	290	0	5	0.7175	168.2	841.0	0.6666666666666666
48530	112	0	5	0.2725	110.0	550.0	0.0
48531	124	0	5	0.3025	116.0	580.0	0.3333333333333333
48532	328	0	5	0.8125	222.2	1111.0	0.0
48533	200	0	5	0.4925	126.2	631.0	0.3333333333333333
48534	160	0	5	0.3925	158.0	790.0	0.0
48535	184	0	5	0.4525	144.0	720.0	0.0
48536	259	1	4	0.645	178.4	892.0	1.0
48537	351	0	5	0.87	165.4	827.0	0.6666666666666666
48538	199	0	5	0.49	143.0	715.0	0.3333333333333333
48539	169	0	5	0.415	163.4	817.0	0.3333333333333333
48540	186	0	5	0.4575	99.8	499.0	0.3333333333333333
48541	205	0	5	0.505	120.6	603.0	0.3333333333333333
48542	164	0	5	0.4025	151.8	759.0	0.3333333333333333
48543	398	0	5	0.9875	111.8	559.0	0.6666666666666666
48544	390	0	5	0.9675	148.0	740.0	0.6666666666666666
48545	249	0	5	0.615	68.4	342.0	0.6666666666666666
48546	152	0	5	0.3725	78.0	390.0	0.3333333333333333
48547	206	0	5	0.5075	182.8	914.0	0.3333333333333333
48548	344	1	4	0.8575	207.6	1038.0	1.0
48549	52	0	5	0.1225	45.6	228.0	0.0
48550	361	0	5	0.895	291.8	1459.0	0.3333333333333333
48551	346	0	5	0.8575	126.8	634.0	0.6666666666666666
48552	58	0	5	0.1375	56.0	280.0	0.0
48553	131	0	5	0.32	129.0	645.0	0.0
48554	76	0	5	0.1825	74.0	370.0	0.0
48555	207	0	5	0.51	78.6	393.0	0.3333333333333333
48556	98	0	5	0.2375	96.0	480.0	0.3333333333333333
48557	145	0	5	0.355	134.2	671.0	0.3333333333333333
48558	140	0	5	0.3425	124.0	620.0	0.3333333333333333
48559	153	0	5	0.375	116.4	582.0	0.6666666666666666
48560	137	0	5	0.335	130.2	651.0	0.0
48561	303	0	5	0.75	152.8	764.0	0.3333333333333333
48562	15	0	5	0.03	13.0	65.0	0.0
48563	335	0	5	0.83	116.4	582.0	0.6666666666666666
48564	157	0	5	0.385	111.4	557.0	0.3333333333333333
48565	249	1	4	0.62	109.2	546.0	1.0
48566	165	0	5	0.405	148.2	741.0	0.3333333333333333
48567	151	0	5	0.37	51.4	257.0	0.3333333333333333
48568	277	0	5	0.685	257.0	1285.0	0.3333333333333333
48569	14	0	5	0.0275	12.0	60.0	0.0
48570	263	0	5	0.65	211.0	1055.0	0.3333333333333333
48571	163	0	5	0.4	58.4	292.0	0.3333333333333333
48572	68	0	5	0.1625	66.0	330.0	0.0
48573	32	0	5	0.0725	30.0	150.0	0.0
48574	10	0	5	0.0175	8.0	40.0	0.0
48575	50	0	5	0.1175	41.4	207.0	0.3333333333333333
48576	151	0	5	0.37	102.2	511.0	0.0
48577	175	0	5	0.43	164.2	821.0	0.0
48578	169	0	5	0.415	67.0	335.0	0.6666666666666666
48579	38	0	5	0.0875	11.2	56.0	0.3333333333333333
48580	348	0	5	0.8625	153.6	768.0	0.6666666666666666
48581	269	0	5	0.665	164.6	823.0	0.3333333333333333
48582	116	0	5	0.2825	78.8	394.0	0.0
48583	134	0	5	0.3275	132.0	660.0	0.0
48584	267	0	5	0.66	151.4	757.0	0.3333333333333333
48585	148	0	5	0.3625	108.4	542.0	0.3333333333333333
48586	260	0	5	0.6425	258.0	1290.0	0.3333333333333333
48587	376	0	5	0.9325	132.0	660.0	0.6666666666666666
48588	369	0	5	0.915	282.6	1413.0	0.6666666666666666
48589	45	0	5	0.105	33.0	165.0	0.3333333333333333
48590	47	0	5	0.11	45.0	225.0	0.0
48591	289	0	5	0.715	185.8	929.0	0.3333333333333333
48592	333	0	5	0.825	266.4	1332.0	0.3333333333333333
48593	74	0	5	0.1775	72.0	360.0	0.0
48594	172	0	5	0.4225	136.2	681.0	0.0
48595	167	0	5	0.41	131.4	657.0	0.3333333333333333
48596	147	0	5	0.36	77.0	385.0	0.3333333333333333
48597	127	0	5	0.31	109.0	545.0	0.0
48598	15	0	5	0.03	12.4	62.0	0.3333333333333333
48599	244	0	5	0.6025	218.8	1094.0	0.3333333333333333
48600	212	0	5	0.5225	112.0	560.0	0.3333333333333333
48601	388	0	5	0.9625	178.8	894.0	0.6666666666666666
48602	77	0	5	0.185	19.8	99.0	0.0
48603	83	0	5	0.2	78.0	390.0	0.0
48604	38	0	5	0.0875	14.4	72.0	0.3333333333333333
48605	291	0	5	0.72	85.0	425.0	0.6666666666666666
48606	19	0	5	0.04	17.0	85.0	0.0
48607	230	0	5	0.5675	212.6	1063.0	0.0
48608	396	1	4	0.9875	300.4	1502.0	1.0
48609	166	0	5	0.4075	111.2	556.0	0.3333333333333333
48610	226	0	5	0.5575	205.4	1027.0	0.3333333333333333
48611	223	0	5	0.55	155.0	775.0	0.3333333333333333
48612	133	0	5	0.325	83.6	418.0	0.0
48613	31	0	5	0.07	29.0	145.0	0.0
48614	236	0	5	0.5825	116.4	582.0	0.0
48615	326	0	5	0.8075	279.6	1398.0	0.3333333333333333
48616	105	0	5	0.255	103.0	515.0	0.0
48617	103	0	5	0.25	101.0	505.0	0.0
48618	224	0	5	0.5525	118.0	590.0	0.3333333333333333
48619	281	0	5	0.695	123.4	617.0	0.6666666666666666
48620	380	1	4	0.9475	200.0	1000.0	1.0
48621	201	0	5	0.495	120.6	603.0	0.3333333333333333
48622	306	0	5	0.7575	292.4	1462.0	0.3333333333333333
48623	377	0	5	0.935	147.0	735.0	0.6666666666666666
48624	225	1	4	0.56	117.2	586.0	1.0
48625	225	1	4	0.56	105.4	527.0	1.0
48626	251	0	5	0.62	184.6	923.0	0.6666666666666666
48627	54	0	5	0.1275	20.0	100.0	0.3333333333333333
48628	274	0	5	0.6775	170.8	854.0	0.3333333333333333
48629	204	0	5	0.5025	138.2	691.0	0.6666666666666666
48630	359	0	5	0.89	234.2	1171.0	0.6666666666666666
48631	259	0	5	0.64	142.0	710.0	0.6666666666666666
48632	370	0	5	0.9175	182.0	910.0	0.6666666666666666
48633	131	0	5	0.32	49.6	248.0	0.0
48634	150	0	5	0.3675	102.8	514.0	0.3333333333333333
48635	64	0	5	0.1525	14.0	70.0	0.3333333333333333
48636	359	0	5	0.89	240.6	1203.0	0.6666666666666666
48637	249	0	5	0.615	218.8	1094.0	0.6666666666666666
48638	58	0	5	0.1375	56.0	280.0	0.0
48639	283	0	5	0.7	219.4	1097.0	0.3333333333333333
48640	110	0	5	0.2675	105.8	529.0	0.3333333333333333
48641	345	1	4	0.86	134.2	671.0	1.0
48642	116	0	5	0.2825	60.0	300.0	0.3333333333333333
48643	288	0	5	0.7125	94.4	472.0	0.6666666666666666
48644	116	0	5	0.2825	91.8	459.0	0.0
48645	186	0	5	0.4575	150.6	753.0	0.3333333333333333
48646	376	0	5	0.9325	311.2	1556.0	0.6666666666666666
48647	391	1	4	0.975	245.6	1228.0	1.0
48648	294	0	5	0.7275	220.0	1100.0	0.6666666666666666
48649	85	0	5	0.205	81.4	407.0	0.3333333333333333
48650	88	0	5	0.2125	24.6	123.0	0.3333333333333333
48651	235	0	5	0.58	116.2	581.0	0.3333333333333333
48652	357	0	5	0.885	203.2	1016.0	0.6666666666666666
48653	92	0	5	0.2225	43.8	219.0	0.3333333333333333
48654	145	0	5	0.355	143.0	715.0	0.0
48655	378	0	5	0.9375	146.0	730.0	0.6666666666666666
48656	214	0	5	0.5275	152.4	762.0	0.3333333333333333
48657	193	0	5	0.475	135.4	677.0	0.6666666666666666
48658	4	0	5	0.0025	2.0	10.0	0.0
48659	314	0	5	0.7775	193.0	965.0	0.6666666666666666
48660	276	0	5	0.6825	85.2	426.0	0.3333333333333333
48661	365	0	5	0.905	276.2	1381.0	0.6666666666666666
48662	71	0	5	0.17	26.6	133.0	0.3333333333333333
48663	246	0	5	0.6075	235.6	1178.0	0.0
48664	225	1	3	0.56	136.2	681.0	1.0
48665	285	0	5	0.705	200.4	1002.0	0.6666666666666666
48666	328	0	5	0.8125	112.4	562.0	0.3333333333333333
48667	181	0	5	0.445	163.8	819.0	0.0
48668	120	0	5	0.2925	52.2	261.0	0.3333333333333333
48669	30	0	5	0.0675	25.6	128.0	0.3333333333333333
48670	251	0	5	0.62	172.4	862.0	0.3333333333333333
48671	49	0	5	0.115	47.0	235.0	0.0
48672	203	0	5	0.5	137.4	687.0	0.6666666666666666
48673	385	0	5	0.955	221.6	1108.0	0.6666666666666666
48674	369	0	5	0.915	285.4	1427.0	0.6666666666666666
48675	8	0	5	0.0125	6.0	30.0	0.0
48676	144	0	5	0.3525	96.8	484.0	0.6666666666666666
48677	322	0	5	0.7975	161.2	806.0	0.3333333333333333
48678	352	0	5	0.8725	297.2	1486.0	0.3333333333333333
48679	32	0	5	0.0725	30.0	150.0	0.0
48680	246	0	5	0.6075	95.2	476.0	0.6666666666666666
48681	196	0	5	0.4825	152.8	764.0	0.3333333333333333
48682	190	0	5	0.4675	160.0	800.0	0.3333333333333333
48683	285	0	5	0.705	248.6	1243.0	0.3333333333333333
48684	198	1	4	0.4925	62.8	314.0	1.0
48685	356	0	5	0.8825	245.6	1228.0	0.6666666666666666
48686	258	0	5	0.6375	217.2	1086.0	0.0
48687	401	0	3	0.9975	217.4	1087.0	0.6666666666666666
48688	180	0	5	0.4425	124.0	620.0	0.3333333333333333
48689	105	0	5	0.255	99.0	495.0	0.3333333333333333
48690	217	0	5	0.535	104.6	523.0	0.3333333333333333
48691	387	0	5	0.96	242.0	1210.0	0.6666666666666666
48692	157	0	5	0.385	155.0	775.0	0.0
48693	182	0	5	0.4475	180.0	900.0	0.0
48694	231	0	5	0.57	160.6	803.0	0.0
48695	142	0	5	0.3475	117.0	585.0	0.3333333333333333
48696	288	0	5	0.7125	275.6	1378.0	0.3333333333333333
48697	232	0	5	0.5725	211.6	1058.0	0.0
48698	38	0	5	0.0875	36.0	180.0	0.0
48699	382	0	5	0.9475	220.2	1101.0	0.6666666666666666
48700	192	0	5	0.4725	139.4	697.0	0.0
48701	206	0	5	0.5075	59.4	297.0	0.6666666666666666
48702	292	0	5	0.7225	202.2	1011.0	0.3333333333333333
48703	225	0	5	0.555	175.4	877.0	0.3333333333333333
48704	287	0	5	0.71	186.6	933.0	0.6666666666666666
48705	210	0	5	0.5175	140.0	700.0	0.6666666666666666
48706	323	0	5	0.8	248.8	1244.0	0.6666666666666666
48707	291	0	5	0.72	209.4	1047.0	0.3333333333333333
48708	168	0	5	0.4125	33.8	169.0	0.3333333333333333
48709	249	0	5	0.615	245.4	1227.0	0.3333333333333333
48710	305	0	5	0.755	121.8	609.0	0.6666666666666666
48711	386	0	5	0.9575	306.0	1530.0	0.6666666666666666
48712	192	0	5	0.4725	76.4	382.0	0.3333333333333333
48713	279	0	5	0.69	129.4	647.0	0.6666666666666666
48714	268	0	5	0.6625	132.4	662.0	0.6666666666666666
48715	112	0	5	0.2725	72.4	362.0	0.6666666666666666
48716	140	0	5	0.3425	66.6	333.0	0.3333333333333333
48717	226	0	5	0.5575	209.6	1048.0	0.3333333333333333
48718	356	0	5	0.8825	328.2	1641.0	0.3333333333333333
48719	239	1	4	0.595	123.4	617.0	1.0
48720	261	1	4	0.65	131.4	657.0	1.0
48721	175	0	5	0.43	95.4	477.0	0.6666666666666666
48722	3	0	5	0.0025	0.2	1.0	0.3333333333333333
48723	92	0	5	0.2225	50.0	250.0	0.3333333333333333
48724	163	0	5	0.4	148.2	741.0	0.3333333333333333
48725	191	0	5	0.47	105.0	525.0	0.3333333333333333
48726	64	0	5	0.1525	62.0	310.0	0.0
48727	394	0	5	0.9775	194.6	973.0	0.6666666666666666
48728	199	0	5	0.49	154.4	772.0	0.3333333333333333
48729	165	0	5	0.405	104.0	520.0	0.3333333333333333
48730	207	0	5	0.51	192.4	962.0	0.3333333333333333
48731	294	1	4	0.7325	246.0	1230.0	1.0
48732	288	0	5	0.7125	117.2	586.0	0.3333333333333333
48733	369	0	5	0.915	75.8	379.0	0.6666666666666666
48734	95	0	5	0.23	68.8	344.0	0.3333333333333333
48735	83	0	5	0.2	47.4	237.0	0.6666666666666666
48736	310	0	5	0.7675	195.8	979.0	0.6666666666666666
48737	51	0	5	0.12	49.0	245.0	0.0
48738	17	0	5	0.035	5.2	26.0	0.6666666666666666
48739	262	0	5	0.6475	121.4	607.0	0.6666666666666666
48740	280	0	5	0.6925	180.6	903.0	0.6666666666666666
48741	20	0	5	0.0425	18.0	90.0	0.0
48742	49	0	5	0.115	47.0	235.0	0.0
48743	116	0	5	0.2825	106.4	532.0	0.3333333333333333
48744	116	0	5	0.2825	97.2	486.0	0.3333333333333333
48745	308	0	5	0.7625	171.0	855.0	0.0
48746	387	0	5	0.96	106.6	533.0	0.6666666666666666
48747	364	0	5	0.9025	199.0	995.0	0.6666666666666666
48748	80	0	5	0.1925	53.0	265.0	0.3333333333333333
48749	378	0	5	0.9375	129.0	645.0	0.6666666666666666
48750	271	1	4	0.675	168.8	844.0	1.0
48751	319	0	5	0.79	195.8	979.0	0.6666666666666666
48752	26	0	5	0.0575	24.0	120.0	0.0
48753	208	0	5	0.5125	193.4	967.0	0.0
48754	80	0	5	0.1925	39.4	197.0	0.6666666666666666
48755	135	0	5	0.33	46.6	233.0	0.3333333333333333
48756	208	0	5	0.5125	110.0	550.0	0.3333333333333333
48757	181	0	5	0.445	99.2	496.0	0.6666666666666666
48758	269	0	5	0.665	237.4	1187.0	0.3333333333333333
48759	204	0	5	0.5025	196.8	984.0	0.0
48760	326	0	5	0.8075	243.8	1219.0	0.0
48761	268	1	4	0.6675	120.0	600.0	1.0
48762	399	0	5	0.99	240.0	1200.0	0.6666666666666666
48763	238	0	5	0.5875	103.2	516.0	0.6666666666666666
48764	294	0	5	0.7275	235.2	1176.0	0.3333333333333333
48765	8	0	5	0.0125	6.0	30.0	0.0
48766	35	0	5	0.08	32.6	163.0	0.0
48767	201	0	5	0.495	100.4	502.0	0.6666666666666666
48768	54	0	5	0.1275	52.0	260.0	0.0
48769	299	0	5	0.74	111.8	559.0	0.6666666666666666
48770	314	1	4	0.7825	262.8	1314.0	1.0
48771	34	0	5	0.0775	32.0	160.0	0.0
48772	376	0	5	0.9325	310.4	1552.0	0.6666666666666666
48773	342	0	5	0.8475	180.8	904.0	0.3333333333333333
48774	347	0	5	0.86	151.0	755.0	0.3333333333333333
48775	102	0	5	0.2475	100.0	500.0	0.0
48776	363	1	4	0.905	122.2	611.0	1.0
48777	370	0	5	0.9175	136.0	680.0	0.6666666666666666
48778	72	0	5	0.1725	70.0	350.0	0.0
48779	122	0	5	0.2975	41.4	207.0	0.3333333333333333
48780	326	0	5	0.8075	85.8	429.0	0.6666666666666666
48781	282	0	5	0.6975	214.0	1070.0	0.3333333333333333
48782	254	0	5	0.6275	139.2	696.0	0.6666666666666666
48783	74	0	5	0.1775	46.2	231.0	0.3333333333333333
48784	248	0	5	0.6125	232.2	1161.0	0.0
48785	77	1	4	0.19	28.6	143.0	1.0
48786	222	0	5	0.5475	110.6	553.0	0.6666666666666666
48787	73	0	5	0.175	52.6	263.0	0.3333333333333333
48788	305	0	5	0.755	243.8	1219.0	0.6666666666666666
48789	300	0	5	0.7425	217.4	1087.0	0.6666666666666666
48790	59	0	5	0.14	29.4	147.0	0.3333333333333333
48791	62	0	5	0.1475	29.6	148.0	0.3333333333333333
48792	81	0	5	0.195	79.0	395.0	0.0
48793	20	0	5	0.0425	18.0	90.0	0.0
48794	275	0	5	0.68	189.8	949.0	0.6666666666666666
48795	229	0	5	0.565	184.6	923.0	0.3333333333333333
48796	375	1	4	0.935	153.8	769.0	1.0
48797	286	0	5	0.7075	170.8	854.0	0.3333333333333333
48798	302	0	5	0.7475	107.8	539.0	0.3333333333333333
48799	217	0	5	0.535	83.4	417.0	0.6666666666666666
48800	105	0	5	0.255	42.2	211.0	0.3333333333333333
48801	42	0	5	0.0975	40.0	200.0	0.0
48802	398	0	5	0.9875	247.2	1236.0	0.6666666666666666
48803	204	0	5	0.5025	202.0	1010.0	0.0
48804	130	0	5	0.3175	85.6	428.0	0.3333333333333333
48805	107	0	5	0.26	70.0	350.0	0.3333333333333333
48806	255	0	5	0.63	180.2	901.0	0.0
48807	50	0	5	0.1175	48.0	240.0	0.0
48808	180	0	5	0.4425	116.8	584.0	0.3333333333333333
48809	116	0	5	0.2825	102.4	512.0	0.0
48810	332	0	5	0.8225	151.2	756.0	0.3333333333333333
48811	172	0	5	0.4225	82.0	410.0	0.6666666666666666
48812	339	1	4	0.845	232.2	1161.0	1.0
48813	147	0	5	0.36	121.6	608.0	0.3333333333333333
48814	32	0	5	0.0725	29.6	148.0	0.0
48815	389	0	5	0.965	226.4	1132.0	0.6666666666666666
48816	67	0	5	0.16	53.0	265.0	0.3333333333333333
48817	152	0	5	0.3725	134.4	672.0	0.0
48818	145	0	5	0.355	132.6	663.0	0.3333333333333333
48819	39	0	5	0.09	37.0	185.0	0.0
48820	263	0	5	0.65	228.8	1144.0	0.6666666666666666
48821	149	0	5	0.365	145.4	727.0	0.3333333333333333
48822	38	0	5	0.0875	36.0	180.0	0.0
48823	386	0	5	0.9575	148.2	741.0	0.6666666666666666
48824	332	0	5	0.8225	158.6	793.0	0.6666666666666666
48825	310	0	5	0.7675	172.0	860.0	0.6666666666666666
48826	292	0	5	0.7225	102.4	512.0	0.3333333333333333
48827	292	1	4	0.7275	164.0	820.0	1.0
48828	312	0	5	0.7725	257.8	1289.0	0.6666666666666666
48829	260	0	5	0.6425	176.2	881.0	0.3333333333333333
48830	39	0	5	0.09	35.0	175.0	0.3333333333333333
48831	239	0	5	0.59	167.0	835.0	0.6666666666666666
48832	154	0	5	0.3775	152.0	760.0	0.0
48833	147	0	5	0.36	72.4	362.0	0.3333333333333333
48834	375	1	4	0.935	232.2	1161.0	1.0
48835	287	0	5	0.71	217.8	1089.0	0.6666666666666666
48836	356	0	5	0.8825	251.6	1258.0	0.3333333333333333
48837	317	0	5	0.785	131.8	659.0	0.3333333333333333
48838	176	0	5	0.4325	127.2	636.0	0.3333333333333333
48839	267	0	5	0.66	195.4	977.0	0.3333333333333333
48840	285	0	5	0.705	247.8	1239.0	0.3333333333333333
48841	13	0	5	0.025	11.0	55.0	0.0
48842	115	0	5	0.28	53.8	269.0	0.0
48843	121	0	5	0.295	83.6	418.0	0.3333333333333333
48844	170	0	5	0.4175	114.2	571.0	0.3333333333333333
48845	350	0	5	0.8675	222.4	1112.0	0.6666666666666666
48846	272	0	5	0.6725	270.0	1350.0	0.3333333333333333
48847	380	0	5	0.9425	212.2	1061.0	0.6666666666666666
48848	281	0	5	0.695	122.8	614.0	0.3333333333333333
48849	179	0	5	0.44	125.4	627.0	0.0
48850	275	1	4	0.685	106.6	533.0	1.0
48851	302	1	4	0.7525	210.0	1050.0	1.0
48852	328	0	5	0.8125	264.4	1322.0	0.0
48853	24	0	5	0.0525	22.0	110.0	0.0
48854	311	0	5	0.77	303.8	1519.0	0.3333333333333333
48855	41	0	5	0.095	39.0	195.0	0.0
48856	178	0	5	0.4375	108.2	541.0	0.3333333333333333
48857	309	0	5	0.765	307.0	1535.0	0.0
48858	297	0	5	0.735	227.8	1139.0	0.3333333333333333
48859	92	0	5	0.2225	57.2	286.0	0.0
48860	13	0	5	0.025	11.0	55.0	0.0
48861	194	0	5	0.4775	133.6	668.0	0.3333333333333333
48862	287	1	4	0.715	163.0	815.0	1.0
48863	343	0	5	0.85	171.8	859.0	0.3333333333333333
48864	8	0	5	0.0125	6.0	30.0	0.0
48865	380	0	5	0.9425	105.6	528.0	0.6666666666666666
48866	252	0	5	0.6225	217.2	1086.0	0.0
48867	35	0	5	0.08	19.8	99.0	0.3333333333333333
48868	247	1	4	0.615	143.4	717.0	1.0
48869	51	0	5	0.12	49.0	245.0	0.0
48870	192	0	5	0.4725	106.0	530.0	0.6666666666666666
48871	390	0	5	0.9675	252.8	1264.0	0.6666666666666666
48872	373	0	5	0.925	90.2	451.0	0.6666666666666666
48873	191	0	5	0.47	129.2	646.0	0.0
48874	89	0	5	0.215	48.4	242.0	0.3333333333333333
48875	318	1	4	0.7925	173.2	866.0	1.0
48876	162	0	5	0.3975	61.2	306.0	0.3333333333333333
48877	40	0	5	0.0925	8.2	41.0	0.3333333333333333
48878	246	0	5	0.6075	100.0	500.0	0.3333333333333333
48879	318	0	5	0.7875	110.8	554.0	0.3333333333333333
48880	136	0	5	0.3325	90.2	451.0	0.3333333333333333
48881	82	0	5	0.1975	56.8	284.0	0.3333333333333333
48882	339	0	5	0.84	287.4	1437.0	0.3333333333333333
48883	143	1	4	0.355	91.2	456.0	1.0
48884	12	0	5	0.0225	6.4	32.0	0.3333333333333333
48885	293	0	5	0.725	215.2	1076.0	0.3333333333333333
48886	344	0	5	0.8525	284.0	1420.0	0.6666666666666666
48887	235	0	5	0.58	115.8	579.0	0.6666666666666666
48888	234	0	5	0.5775	213.6	1068.0	0.3333333333333333
48889	236	0	5	0.5825	77.6	388.0	0.3333333333333333
48890	11	0	5	0.02	9.0	45.0	0.0
48891	377	0	5	0.935	198.0	990.0	0.6666666666666666
48892	78	0	5	0.1875	65.0	325.0	0.3333333333333333
48893	180	0	5	0.4425	158.0	790.0	0.3333333333333333
48894	168	0	5	0.4125	166.0	830.0	0.0
48895	294	0	5	0.7275	134.4	672.0	0.3333333333333333
48896	53	0	5	0.125	51.0	255.0	0.0
48897	79	0	5	0.19	77.0	385.0	0.0
48898	169	0	5	0.415	107.4	537.0	0.0
48899	194	0	5	0.4775	156.0	780.0	0.3333333333333333
48900	211	0	5	0.52	139.4	697.0	0.3333333333333333
48901	128	0	5	0.3125	112.4	562.0	0.3333333333333333
48902	278	0	5	0.6875	220.0	1100.0	0.0
48903	353	0	5	0.875	303.6	1518.0	0.3333333333333333
48904	272	0	5	0.6725	137.8	689.0	0.6666666666666666
48905	156	0	5	0.3825	84.2	421.0	0.6666666666666666
48906	349	0	5	0.865	265.8	1329.0	0.6666666666666666
48907	290	0	5	0.7175	114.0	570.0	0.3333333333333333
48908	22	0	5	0.0475	8.0	40.0	0.3333333333333333
48909	87	0	5	0.21	52.2	261.0	0.3333333333333333
48910	208	0	5	0.5125	120.6	603.0	0.6666666666666666
48911	98	0	5	0.2375	52.4	262.0	0.3333333333333333
48912	314	1	4	0.7825	140.4	702.0	1.0
48913	247	1	4	0.615	146.2	731.0	1.0
48914	315	0	5	0.78	114.2	571.0	0.6666666666666666
48915	195	0	5	0.48	124.2	621.0	0.3333333333333333
48916	49	0	5	0.115	10.0	50.0	0.0
48917	75	0	5	0.18	29.4	147.0	0.0
48918	400	0	5	0.9925	241.0	1205.0	0.6666666666666666
48919	315	0	5	0.78	205.8	1029.0	0.3333333333333333
48920	171	0	5	0.42	70.6	353.0	0.0
48921	77	0	5	0.185	75.0	375.0	0.0
48922	42	0	5	0.0975	24.8	124.0	0.3333333333333333
48923	286	0	5	0.7075	131.0	655.0	0.6666666666666666
48924	167	1	4	0.415	49.0	245.0	1.0
48925	102	0	5	0.2475	100.0	500.0	0.0
48926	260	0	5	0.6425	212.8	1064.0	0.6666666666666666
48927	277	0	5	0.685	224.6	1123.0	0.3333333333333333
48928	309	0	5	0.765	146.6	733.0	0.3333333333333333
48929	141	0	5	0.345	139.0	695.0	0.0
48930	145	0	5	0.355	65.4	327.0	0.6666666666666666
48931	288	0	5	0.7125	144.4	722.0	0.6666666666666666
48932	62	0	5	0.1475	48.8	244.0	0.3333333333333333
48933	11	0	5	0.02	9.0	45.0	0.0
48934	342	0	5	0.8475	304.6	1523.0	0.6666666666666666
48935	74	0	5	0.1775	27.2	136.0	0.3333333333333333
48936	232	0	5	0.5725	136.8	684.0	0.6666666666666666
48937	166	0	5	0.4075	114.4	572.0	0.3333333333333333
48938	20	0	5	0.0425	13.2	66.0	0.3333333333333333
48939	335	0	5	0.83	129.8	649.0	0.6666666666666666
48940	328	0	5	0.8125	200.0	1000.0	0.6666666666666666
48941	64	0	5	0.1525	62.0	310.0	0.0
48942	57	0	5	0.135	31.6	158.0	0.3333333333333333
48943	62	0	5	0.1475	44.0	220.0	0.3333333333333333
48944	114	0	5	0.2775	112.0	560.0	0.0
48945	34	0	5	0.0775	32.0	160.0	0.0
48946	374	0	5	0.9275	250.0	1250.0	0.6666666666666666
48947	212	0	5	0.5225	201.2	1006.0	0.3333333333333333
48948	306	1	4	0.7625	167.6	838.0	1.0
48949	385	0	5	0.955	86.8	434.0	0.3333333333333333
48950	379	0	5	0.94	91.8	459.0	0.6666666666666666
48951	299	0	5	0.74	224.2	1121.0	0.6666666666666666
48952	315	0	5	0.78	235.4	1177.0	0.6666666666666666
48953	372	0	5	0.9225	177.8	889.0	0.6666666666666666
48954	343	1	3	0.855	251.0	1255.0	1.0
48955	83	0	5	0.2	81.0	405.0	0.0
48956	236	0	5	0.5825	122.6	613.0	0.6666666666666666
48957	198	0	5	0.4875	188.8	944.0	0.0
48958	186	0	5	0.4575	45.6	228.0	0.6666666666666666
48959	226	0	5	0.5575	160.8	804.0	0.3333333333333333
48960	374	0	5	0.9275	209.6	1048.0	0.6666666666666666
48961	340	0	5	0.8425	238.0	1190.0	0.6666666666666666
48962	319	1	4	0.795	145.0	725.0	1.0
48963	401	0	5	0.995	197.6	988.0	0.6666666666666666
48964	233	0	5	0.575	85.2	426.0	0.3333333333333333
48965	182	1	4	0.4525	128.8	644.0	1.0
48966	127	0	5	0.31	105.6	528.0	0.0
48967	262	0	5	0.6475	157.6	788.0	0.3333333333333333
48968	76	0	5	0.1825	74.0	370.0	0.0
48969	104	0	5	0.2525	65.4	327.0	0.3333333333333333
48970	288	0	5	0.7125	206.2	1031.0	0.6666666666666666
48971	96	0	5	0.2325	76.4	382.0	0.3333333333333333
48972	295	0	5	0.73	220.4	1102.0	0.6666666666666666
48973	116	0	5	0.2825	68.6	343.0	0.6666666666666666
48974	22	0	5	0.0475	20.0	100.0	0.0
48975	113	0	5	0.275	54.6	273.0	0.3333333333333333
48976	218	0	5	0.5375	177.8	889.0	0.0
48977	213	0	5	0.525	82.8	414.0	0.3333333333333333
48978	207	0	5	0.51	205.0	1025.0	0.0
48979	387	0	5	0.96	278.8	1394.0	0.6666666666666666
48980	395	0	5	0.98	170.2	851.0	0.6666666666666666
48981	290	0	5	0.7175	208.4	1042.0	0.3333333333333333
48982	11	0	5	0.02	7.2	36.0	0.0
48983	111	0	5	0.27	71.6	358.0	0.3333333333333333
48984	399	0	5	0.99	282.2	1411.0	0.6666666666666666
48985	236	0	5	0.5825	163.2	816.0	0.6666666666666666
48986	275	0	5	0.68	181.2	906.0	0.6666666666666666
48987	321	0	5	0.795	253.2	1266.0	0.6666666666666666
48988	243	0	5	0.6	150.8	754.0	0.3333333333333333
48989	328	0	5	0.8125	146.0	730.0	0.6666666666666666
48990	202	0	5	0.4975	196.8	984.0	0.0
48991	47	0	5	0.11	45.0	225.0	0.0
48992	247	0	5	0.61	181.6	908.0	0.6666666666666666
48993	249	1	4	0.62	174.0	870.0	1.0
48994	351	0	5	0.87	181.0	905.0	0.6666666666666666
48995	185	0	5	0.455	132.0	660.0	0.6666666666666666
48996	119	0	5	0.29	78.4	392.0	0.3333333333333333
48997	377	0	5	0.935	178.6	893.0	0.6666666666666666
48998	182	0	5	0.4475	116.8	584.0	0.3333333333333333
48999	113	0	5	0.275	40.6	203.0	0.3333333333333333
49000	267	0	5	0.66	198.8	994.0	0.6666666666666666
49001	194	0	5	0.4775	103.2	516.0	0.6666666666666666
49002	63	0	5	0.15	59.6	298.0	0.0
49003	239	0	5	0.59	236.6	1183.0	0.3333333333333333
49004	224	0	5	0.5525	62.0	310.0	0.3333333333333333
49005	400	0	5	0.9925	160.0	800.0	0.6666666666666666
49006	180	0	5	0.4425	121.6	608.0	0.3333333333333333
49007	64	0	5	0.1525	62.0	310.0	0.0
49008	378	0	5	0.9375	281.2	1406.0	0.6666666666666666
49009	140	0	5	0.3425	138.0	690.0	0.0
49010	96	0	5	0.2325	62.4	312.0	0.0
49011	65	0	5	0.155	51.0	255.0	0.0
49012	256	0	5	0.6325	128.4	642.0	0.6666666666666666
49013	105	0	5	0.255	82.4	412.0	0.3333333333333333
49014	280	0	5	0.6925	168.4	842.0	0.0
49015	210	1	4	0.5225	121.2	606.0	1.0
49016	300	0	5	0.7425	223.2	1116.0	0.3333333333333333
49017	340	0	5	0.8425	331.0	1655.0	0.6666666666666666
49018	372	0	5	0.9225	280.4	1402.0	0.6666666666666666
49019	81	0	5	0.195	79.0	395.0	0.0
49020	85	0	5	0.205	35.6	178.0	0.0
49021	397	0	5	0.985	184.8	924.0	0.6666666666666666
49022	341	0	5	0.845	191.2	956.0	0.6666666666666666
49023	206	0	5	0.5075	126.0	630.0	0.0
49024	2	0	5	0.0	0.0	0.0	0.0
49025	386	0	5	0.9575	230.6	1153.0	0.6666666666666666
49026	315	1	4	0.785	244.4	1222.0	1.0
49027	399	0	5	0.99	208.6	1043.0	0.6666666666666666
49028	220	0	5	0.5425	140.6	703.0	0.3333333333333333
49029	61	0	5	0.145	59.0	295.0	0.0
49030	183	0	5	0.45	181.0	905.0	0.0
49031	168	0	5	0.4125	132.6	663.0	0.6666666666666666
49032	261	1	4	0.65	153.2	766.0	1.0
49033	36	0	5	0.0825	34.0	170.0	0.0
49034	120	0	5	0.2925	107.6	538.0	0.3333333333333333
49035	320	1	4	0.7975	156.8	784.0	1.0
49036	185	0	5	0.455	132.0	660.0	0.3333333333333333
49037	131	0	5	0.32	129.0	645.0	0.3333333333333333
49038	305	0	5	0.755	163.0	815.0	0.6666666666666666
49039	334	0	5	0.8275	125.6	628.0	0.6666666666666666
49040	338	0	5	0.8375	260.6	1303.0	0.6666666666666666
49041	375	1	4	0.935	198.4	992.0	1.0
49042	203	0	5	0.5	121.8	609.0	0.6666666666666666
49043	210	0	5	0.5175	157.0	785.0	0.0
49044	277	0	5	0.685	275.0	1375.0	0.3333333333333333
49045	314	0	5	0.7775	69.6	348.0	0.6666666666666666
49046	183	0	5	0.45	172.6	863.0	0.3333333333333333
49047	60	0	5	0.1425	51.6	258.0	0.0
49048	364	0	5	0.9025	123.0	615.0	0.6666666666666666
49049	180	0	5	0.4425	42.8	214.0	0.3333333333333333
49050	260	0	5	0.6425	122.4	612.0	0.3333333333333333
49051	384	0	5	0.9525	260.2	1301.0	0.6666666666666666
49052	114	0	5	0.2775	93.6	468.0	0.0
49053	78	0	5	0.1875	47.6	238.0	0.0
49054	329	0	5	0.815	263.2	1316.0	0.3333333333333333
49055	185	0	5	0.455	134.6	673.0	0.3333333333333333
49056	397	0	5	0.985	102.2	511.0	0.6666666666666666
49057	128	0	5	0.3125	73.8	369.0	0.0
49058	198	0	5	0.4875	148.0	740.0	0.3333333333333333
49059	57	0	5	0.135	43.8	219.0	0.0
49060	388	1	4	0.9675	330.8	1654.0	1.0
49061	234	1	4	0.5825	174.8	874.0	1.0
49062	58	0	5	0.1375	36.6	183.0	0.0
49063	63	0	5	0.15	61.0	305.0	0.0
49064	178	0	5	0.4375	135.6	678.0	0.3333333333333333
49065	36	0	5	0.0825	13.8	69.0	0.3333333333333333
49066	252	0	5	0.6225	117.0	585.0	0.6666666666666666
49067	117	0	5	0.285	40.6	203.0	0.6666666666666666
49068	208	1	4	0.5175	43.2	216.0	1.0
49069	339	0	5	0.84	80.4	402.0	0.6666666666666666
49070	44	0	5	0.1025	42.0	210.0	0.0
49071	193	0	5	0.475	129.8	649.0	0.6666666666666666
49072	165	0	5	0.405	115.0	575.0	0.3333333333333333
49073	338	0	5	0.8375	98.4	492.0	0.6666666666666666
49074	385	1	4	0.96	208.0	1040.0	1.0
49075	99	0	5	0.24	68.4	342.0	0.6666666666666666
49076	235	1	4	0.585	197.2	986.0	1.0
49077	155	0	5	0.38	76.8	384.0	0.3333333333333333
49078	30	0	5	0.0675	28.0	140.0	0.0
49079	244	0	5	0.6025	111.0	555.0	0.3333333333333333
49080	238	1	3	0.5925	194.4	972.0	1.0
49081	278	0	5	0.6875	235.0	1175.0	0.3333333333333333
49082	292	0	5	0.7225	101.2	506.0	0.0
49083	57	0	5	0.135	41.4	207.0	0.3333333333333333
49084	145	0	5	0.355	96.2	481.0	0.0
49085	177	0	5	0.435	107.6	538.0	0.0
49086	242	0	5	0.5975	119.8	599.0	0.6666666666666666
49087	295	0	5	0.73	155.8	779.0	0.6666666666666666
49088	336	0	5	0.8325	205.4	1027.0	0.6666666666666666
49089	282	0	5	0.6975	204.2	1021.0	0.6666666666666666
49090	141	0	5	0.345	87.8	439.0	0.3333333333333333
49091	172	1	4	0.4275	121.6	608.0	1.0
49092	381	1	4	0.95	261.4	1307.0	1.0
49093	347	0	5	0.86	239.8	1199.0	0.6666666666666666
49094	6	0	5	0.0075	4.0	20.0	0.0
49095	298	1	4	0.7425	208.8	1044.0	1.0
49096	230	0	5	0.5675	153.0	765.0	0.3333333333333333
49097	187	0	5	0.46	104.0	520.0	0.3333333333333333
49098	187	0	5	0.46	185.0	925.0	0.0
49099	397	0	5	0.985	191.8	959.0	0.6666666666666666
49100	312	1	4	0.7775	210.0	1050.0	1.0
49101	75	0	5	0.18	73.0	365.0	0.0
49102	33	0	5	0.075	31.0	155.0	0.0
49103	213	0	5	0.525	151.6	758.0	0.0
49104	369	0	5	0.915	112.4	562.0	0.6666666666666666
49105	232	1	4	0.5775	83.2	416.0	1.0
49106	234	0	5	0.5775	152.2	761.0	0.3333333333333333
49107	323	0	5	0.8	213.2	1066.0	0.6666666666666666
49108	334	0	5	0.8275	253.2	1266.0	0.6666666666666666
49109	139	0	5	0.34	74.0	370.0	0.3333333333333333
49110	354	0	5	0.8775	138.4	692.0	0.6666666666666666
49111	389	1	4	0.97	311.0	1555.0	1.0
49112	141	0	5	0.345	123.0	615.0	0.3333333333333333
49113	62	0	5	0.1475	55.6	278.0	0.0
49114	370	0	5	0.9175	252.8	1264.0	0.6666666666666666
49115	108	0	5	0.2625	58.0	290.0	0.0
49116	311	0	5	0.77	212.2	1061.0	0.6666666666666666
49117	225	0	5	0.555	187.0	935.0	0.3333333333333333
49118	80	0	5	0.1925	51.6	258.0	0.3333333333333333
49119	82	0	5	0.1975	80.0	400.0	0.0
49120	150	0	5	0.3675	108.6	543.0	0.3333333333333333
49121	67	0	5	0.16	65.0	325.0	0.0
49122	157	0	5	0.385	106.2	531.0	0.6666666666666666
49123	260	0	5	0.6425	117.2	586.0	0.6666666666666666
49124	159	0	5	0.39	122.2	611.0	0.0
49125	308	0	5	0.7625	221.2	1106.0	0.3333333333333333
49126	76	0	5	0.1825	59.6	298.0	0.0
49127	295	0	5	0.73	85.0	425.0	0.3333333333333333
49128	207	1	4	0.515	62.0	310.0	1.0
49129	30	0	5	0.0675	28.0	140.0	0.0
49130	219	0	5	0.54	102.6	513.0	0.6666666666666666
49131	241	0	5	0.595	167.6	838.0	0.0
49132	63	0	5	0.15	61.0	305.0	0.0
49133	348	0	5	0.8625	220.8	1104.0	0.3333333333333333
49134	60	0	5	0.1425	53.8	269.0	0.0
49135	238	0	5	0.5875	107.6	538.0	0.3333333333333333
49136	94	0	5	0.2275	84.8	424.0	0.0
49137	260	0	5	0.6425	158.6	793.0	0.6666666666666666
49138	108	0	5	0.2625	68.4	342.0	0.3333333333333333
49139	96	0	5	0.2325	59.8	299.0	0.3333333333333333
49140	199	1	4	0.495	99.0	495.0	1.0
49141	360	0	5	0.8925	113.0	565.0	0.6666666666666666
49142	115	0	5	0.28	91.8	459.0	0.3333333333333333
49143	268	0	5	0.6625	166.4	832.0	0.6666666666666666
49144	274	0	5	0.6775	77.4	387.0	0.3333333333333333
49145	257	0	5	0.635	140.6	703.0	0.3333333333333333
49146	187	0	5	0.46	88.2	441.0	0.6666666666666666
49147	119	0	5	0.29	37.8	189.0	0.3333333333333333
49148	100	0	5	0.2425	98.0	490.0	0.0
49149	206	0	5	0.5075	115.6	578.0	0.3333333333333333
49150	186	0	5	0.4575	142.4	712.0	0.3333333333333333
49151	334	0	5	0.8275	236.8	1184.0	0.3333333333333333
49152	253	0	5	0.625	104.6	523.0	0.6666666666666666
49153	2	0	5	0.0	0.0	0.0	0.0
49154	215	0	5	0.53	121.6	608.0	0.6666666666666666
49155	147	0	5	0.36	145.0	725.0	0.0
49156	125	1	4	0.31	74.6	373.0	1.0
49157	302	0	5	0.7475	164.4	822.0	0.3333333333333333
49158	389	0	5	0.965	129.4	647.0	0.6666666666666666
49159	217	0	5	0.535	154.0	770.0	0.6666666666666666
49160	128	0	5	0.3125	80.8	404.0	0.6666666666666666
49161	271	0	5	0.67	245.0	1225.0	0.6666666666666666
49162	387	0	5	0.96	141.0	705.0	0.6666666666666666
49163	218	0	5	0.5375	94.2	471.0	0.6666666666666666
49164	183	0	5	0.45	123.2	616.0	0.6666666666666666
49165	337	0	5	0.835	309.8	1549.0	0.3333333333333333
49166	174	0	5	0.4275	169.2	846.0	0.3333333333333333
49167	109	0	5	0.265	83.6	418.0	0.3333333333333333
49168	100	0	5	0.2425	98.0	490.0	0.0
49169	198	0	5	0.4875	65.8	329.0	0.6666666666666666
49170	191	1	4	0.475	86.4	432.0	1.0
49171	174	0	5	0.4275	152.4	762.0	0.0
49172	217	0	5	0.535	78.4	392.0	0.6666666666666666
49173	253	0	5	0.625	176.4	882.0	0.6666666666666666
49174	224	0	5	0.5525	81.2	406.0	0.3333333333333333
49175	364	1	4	0.9075	304.0	1520.0	1.0
49176	14	0	5	0.0275	12.0	60.0	0.0
49177	176	0	5	0.4325	124.8	624.0	0.0
49178	314	0	5	0.7775	117.2	586.0	0.6666666666666666
49179	50	0	5	0.1175	48.0	240.0	0.0
49180	346	0	5	0.8575	122.0	610.0	0.6666666666666666
49181	335	0	5	0.83	147.4	737.0	0.6666666666666666
49182	334	0	5	0.8275	238.8	1194.0	0.6666666666666666
49183	150	0	5	0.3675	38.0	190.0	0.3333333333333333
49184	263	1	4	0.655	104.4	522.0	1.0
49185	172	0	5	0.4225	162.4	812.0	0.0
49186	223	0	5	0.55	165.8	829.0	0.0
49187	50	0	5	0.1175	42.4	212.0	0.3333333333333333
49188	228	0	5	0.5625	147.4	737.0	0.6666666666666666
49189	122	0	5	0.2975	104.0	520.0	0.3333333333333333
49190	101	0	5	0.245	41.4	207.0	0.0
49191	129	1	4	0.32	121.6	608.0	1.0
49192	362	0	5	0.8975	100.4	502.0	0.3333333333333333
49193	165	0	5	0.405	64.6	323.0	0.3333333333333333
49194	7	0	5	0.01	5.0	25.0	0.0
49195	269	0	5	0.665	262.2	1311.0	0.3333333333333333
49196	25	0	5	0.055	9.4	47.0	0.0
49197	96	0	5	0.2325	94.0	470.0	0.0
49198	186	0	5	0.4575	99.0	495.0	0.3333333333333333
49199	348	0	5	0.8625	229.6	1148.0	0.6666666666666666
49200	164	1	4	0.4075	102.8	514.0	1.0
49201	46	0	5	0.1075	32.8	164.0	0.0
49202	68	0	5	0.1625	56.4	282.0	0.0
49203	140	0	5	0.3425	128.2	641.0	0.0
49204	326	0	5	0.8075	111.8	559.0	0.6666666666666666
49205	230	0	5	0.5675	77.6	388.0	0.6666666666666666
49206	400	1	4	0.9975	200.0	1000.0	1.0
49207	152	0	5	0.3725	116.0	580.0	0.3333333333333333
49208	81	0	5	0.195	56.2	281.0	0.0
49209	27	0	5	0.06	25.0	125.0	0.0
49210	357	1	4	0.89	167.0	835.0	1.0
49211	233	0	5	0.575	129.4	647.0	0.6666666666666666
49212	238	0	5	0.5875	167.4	837.0	0.6666666666666666
49213	289	0	5	0.715	59.0	295.0	0.3333333333333333
49214	282	1	4	0.7025	76.4	382.0	1.0
49215	193	0	5	0.475	72.6	363.0	0.3333333333333333
49216	209	0	5	0.515	125.4	627.0	0.3333333333333333
49217	53	0	5	0.125	51.0	255.0	0.0
49218	133	0	5	0.325	131.0	655.0	0.0
49219	3	0	5	0.0025	0.2	1.0	0.3333333333333333
49220	348	1	4	0.8675	107.2	536.0	1.0
49221	312	0	5	0.7725	185.8	929.0	0.6666666666666666
49222	271	0	5	0.67	195.0	975.0	0.3333333333333333
49223	359	0	5	0.89	179.4	897.0	0.6666666666666666
49224	268	0	5	0.6625	78.0	390.0	0.0
49225	34	0	5	0.0775	32.0	160.0	0.0
49226	265	0	5	0.655	167.0	835.0	0.3333333333333333
49227	212	0	5	0.5225	88.8	444.0	0.3333333333333333
49228	63	0	5	0.15	52.2	261.0	0.0
49229	389	0	5	0.965	201.6	1008.0	0.6666666666666666
49230	171	0	5	0.42	72.2	361.0	0.3333333333333333
49231	15	0	5	0.03	13.0	65.0	0.0
49232	300	0	5	0.7425	298.0	1490.0	0.3333333333333333
49233	335	0	5	0.83	194.6	973.0	0.6666666666666666
49234	365	0	5	0.905	247.2	1236.0	0.6666666666666666
49235	358	0	5	0.8875	120.0	600.0	0.3333333333333333
49236	332	0	5	0.8225	118.0	590.0	0.6666666666666666
49237	71	0	5	0.17	67.0	335.0	0.3333333333333333
49238	203	0	5	0.5	103.4	517.0	0.6666666666666666
49239	297	0	5	0.735	188.2	941.0	0.6666666666666666
49240	356	0	5	0.8825	205.4	1027.0	0.6666666666666666
49241	176	0	5	0.4325	139.6	698.0	0.6666666666666666
49242	60	0	5	0.1425	58.0	290.0	0.0
49243	147	0	5	0.36	53.0	265.0	0.6666666666666666
49244	141	0	5	0.345	123.2	616.0	0.3333333333333333
49245	48	0	5	0.1125	38.8	194.0	0.0
49246	250	0	5	0.6175	107.6	538.0	0.3333333333333333
49247	235	0	5	0.58	87.8	439.0	0.3333333333333333
49248	300	0	5	0.7425	184.4	922.0	0.3333333333333333
49249	250	0	5	0.6175	127.2	636.0	0.3333333333333333
49250	63	0	5	0.15	52.6	263.0	0.0
49251	25	0	5	0.055	23.0	115.0	0.0
49252	89	0	5	0.215	45.4	227.0	0.3333333333333333
49253	186	0	5	0.4575	109.8	549.0	0.3333333333333333
49254	141	0	5	0.345	135.6	678.0	0.0
49255	59	0	5	0.14	55.4	277.0	0.0
49256	80	0	5	0.1925	73.8	369.0	0.3333333333333333
49257	16	0	5	0.0325	14.0	70.0	0.0
49258	319	0	5	0.79	235.8	1179.0	0.6666666666666666
49259	354	0	5	0.8775	245.4	1227.0	0.3333333333333333
49260	250	0	5	0.6175	125.4	627.0	0.6666666666666666
49261	235	0	5	0.58	199.4	997.0	0.3333333333333333
49262	129	0	5	0.315	99.0	495.0	0.3333333333333333
49263	307	0	5	0.76	211.0	1055.0	0.3333333333333333
49264	239	0	5	0.59	169.0	845.0	0.3333333333333333
49265	73	0	5	0.175	66.0	330.0	0.3333333333333333
49266	15	0	5	0.03	13.0	65.0	0.0
49267	360	1	4	0.8975	120.4	602.0	1.0
49268	101	0	5	0.245	85.8	429.0	0.3333333333333333
49269	367	0	5	0.91	129.0	645.0	0.6666666666666666
49270	279	0	5	0.69	271.4	1357.0	0.0
49271	172	0	5	0.4225	126.0	630.0	0.3333333333333333
49272	242	0	5	0.5975	238.0	1190.0	0.3333333333333333
49273	201	0	5	0.495	199.0	995.0	0.0
49274	56	0	5	0.1325	54.0	270.0	0.0
49275	207	0	5	0.51	123.0	615.0	0.3333333333333333
49276	292	0	5	0.7225	181.4	907.0	0.3333333333333333
49277	233	0	5	0.575	151.0	755.0	0.0
49278	134	0	5	0.3275	104.2	521.0	0.0
49279	177	1	3	0.44	167.0	835.0	1.0
49280	9	0	5	0.015	7.0	35.0	0.0
49281	205	0	5	0.505	172.2	861.0	0.3333333333333333
49282	229	0	5	0.565	131.2	656.0	0.3333333333333333
49283	81	0	5	0.195	79.0	395.0	0.0
49284	361	0	5	0.895	125.8	629.0	0.6666666666666666
49285	48	0	5	0.1125	34.2	171.0	0.6666666666666666
49286	383	0	5	0.95	314.2	1571.0	0.6666666666666666
49287	57	0	5	0.135	55.0	275.0	0.0
49288	328	0	5	0.8125	165.2	826.0	0.3333333333333333
49289	251	1	4	0.625	181.2	906.0	1.0
49290	162	0	5	0.3975	42.2	211.0	0.6666666666666666
49291	382	0	5	0.9475	166.4	832.0	0.6666666666666666
49292	22	0	5	0.0475	20.0	100.0	0.0
49293	359	1	4	0.895	232.4	1162.0	1.0
49294	284	0	5	0.7025	156.8	784.0	0.3333333333333333
49295	335	0	5	0.83	215.0	1075.0	0.6666666666666666
49296	51	0	5	0.12	38.8	194.0	0.0
49297	148	0	5	0.3625	74.0	370.0	0.3333333333333333
49298	241	0	5	0.595	116.2	581.0	0.6666666666666666
49299	324	0	5	0.8025	185.6	928.0	0.6666666666666666
49300	166	0	5	0.4075	114.8	574.0	0.6666666666666666
49301	62	0	5	0.1475	25.8	129.0	0.3333333333333333
49302	396	1	4	0.9875	206.6	1033.0	1.0
49303	377	0	5	0.935	294.6	1473.0	0.6666666666666666
49304	222	0	5	0.5475	131.6	658.0	0.3333333333333333
49305	114	0	5	0.2775	48.4	242.0	0.6666666666666666
49306	269	0	5	0.665	253.0	1265.0	0.0
49307	123	0	5	0.3	73.0	365.0	0.3333333333333333
49308	371	0	5	0.92	173.6	868.0	0.6666666666666666
49309	216	0	5	0.5325	129.2	646.0	0.3333333333333333
49310	87	0	5	0.21	85.0	425.0	0.0
49311	149	0	5	0.365	95.8	479.0	0.0
49312	185	0	5	0.455	157.8	789.0	0.3333333333333333
49313	255	0	5	0.63	101.2	506.0	0.3333333333333333
49314	364	1	4	0.9075	106.0	530.0	1.0
49315	401	0	4	0.9975	286.0	1430.0	0.6666666666666666
49316	256	0	5	0.6325	220.2	1101.0	0.6666666666666666
49317	226	0	5	0.5575	201.8	1009.0	0.3333333333333333
49318	92	0	5	0.2225	75.2	376.0	0.6666666666666666
49319	110	0	5	0.2675	66.0	330.0	0.0
49320	370	1	4	0.9225	275.6	1378.0	1.0
49321	128	0	5	0.3125	88.0	440.0	0.0
49322	369	1	4	0.92	238.6	1193.0	1.0
49323	327	1	4	0.815	114.2	571.0	1.0
49324	296	0	5	0.7325	258.0	1290.0	0.0
49325	209	0	5	0.515	99.8	499.0	0.6666666666666666
49326	345	0	5	0.855	92.8	464.0	0.6666666666666666
49327	267	0	5	0.66	199.8	999.0	0.3333333333333333
49328	296	0	5	0.7325	120.0	600.0	0.6666666666666666
49329	251	0	5	0.62	139.8	699.0	0.6666666666666666
49330	236	0	5	0.5825	176.0	880.0	0.0
49331	375	0	5	0.93	217.0	1085.0	0.3333333333333333
49332	24	0	5	0.0525	22.0	110.0	0.0
49333	363	0	5	0.9	194.0	970.0	0.6666666666666666
49334	175	0	5	0.43	89.0	445.0	0.0
49335	224	0	5	0.5525	151.0	755.0	0.3333333333333333
49336	93	0	5	0.225	55.4	277.0	0.3333333333333333
49337	234	0	5	0.5775	55.2	276.0	0.3333333333333333
49338	259	0	5	0.64	215.4	1077.0	0.0
49339	201	0	5	0.495	165.0	825.0	0.3333333333333333
49340	347	0	5	0.86	276.6	1383.0	0.6666666666666666
49341	244	0	5	0.6025	61.6	308.0	0.3333333333333333
49342	112	0	5	0.2725	67.4	337.0	0.0
49343	274	0	5	0.6775	211.6	1058.0	0.6666666666666666
49344	329	0	5	0.815	260.0	1300.0	0.6666666666666666
49345	378	0	5	0.9375	290.2	1451.0	0.6666666666666666
49346	31	0	5	0.07	29.0	145.0	0.0
49347	69	0	5	0.165	49.0	245.0	0.3333333333333333
49348	251	0	5	0.62	117.0	585.0	0.6666666666666666
49349	311	0	5	0.77	233.2	1166.0	0.6666666666666666
49350	295	1	4	0.735	225.4	1127.0	1.0
49351	234	0	5	0.5775	122.2	611.0	0.3333333333333333
49352	176	0	5	0.4325	140.8	704.0	0.3333333333333333
49353	130	0	5	0.3175	118.8	594.0	0.0
49354	248	0	5	0.6125	238.8	1194.0	0.0
49355	214	0	5	0.5275	172.4	862.0	0.3333333333333333
49356	220	0	5	0.5425	169.0	845.0	0.3333333333333333
49357	146	1	4	0.3625	131.4	657.0	1.0
49358	366	0	5	0.9075	158.4	792.0	0.6666666666666666
49359	157	0	5	0.385	60.8	304.0	0.6666666666666666
49360	290	0	5	0.7175	133.0	665.0	0.3333333333333333
49361	109	0	5	0.265	85.8	429.0	0.0
49362	251	0	5	0.62	205.4	1027.0	0.6666666666666666
49363	206	0	5	0.5075	122.8	614.0	0.0
49364	116	0	5	0.2825	96.8	484.0	0.3333333333333333
49365	34	0	5	0.0775	32.0	160.0	0.0
49366	315	0	5	0.78	138.2	691.0	0.6666666666666666
49367	25	0	5	0.055	23.0	115.0	0.0
49368	56	0	5	0.1325	54.0	270.0	0.0
49369	34	0	5	0.0775	32.0	160.0	0.0
49370	190	0	5	0.4675	154.4	772.0	0.3333333333333333
49371	330	0	5	0.8175	241.6	1208.0	0.6666666666666666
49372	213	0	5	0.525	142.2	711.0	0.0
49373	127	0	5	0.31	122.6	613.0	0.0
49374	308	0	5	0.7625	129.2	646.0	0.0
49375	216	0	5	0.5325	207.6	1038.0	0.3333333333333333
49376	173	0	5	0.425	129.2	646.0	0.3333333333333333
49377	127	0	5	0.31	119.4	597.0	0.3333333333333333
49378	188	0	5	0.4625	148.2	741.0	0.3333333333333333
49379	91	0	5	0.22	60.6	303.0	0.3333333333333333
49380	181	0	5	0.445	174.2	871.0	0.6666666666666666
49381	90	0	5	0.2175	76.0	380.0	0.3333333333333333
49382	248	0	5	0.6125	102.6	513.0	0.6666666666666666
49383	236	0	5	0.5825	178.4	892.0	0.6666666666666666
49384	308	1	4	0.7675	122.4	612.0	1.0
49385	261	0	5	0.645	128.8	644.0	0.6666666666666666
49386	2	0	5	0.0	0.0	0.0	0.0
49387	255	0	5	0.63	94.2	471.0	0.3333333333333333
49388	124	0	5	0.3025	77.2	386.0	0.3333333333333333
49389	361	1	4	0.9	172.2	861.0	1.0
49390	163	0	5	0.4	158.0	790.0	0.0
49391	226	0	5	0.5575	196.8	984.0	0.6666666666666666
49392	79	0	5	0.19	37.0	185.0	0.6666666666666666
49393	246	0	5	0.6075	141.2	706.0	0.3333333333333333
49394	233	0	5	0.575	121.6	608.0	0.6666666666666666
49395	150	0	5	0.3675	45.4	227.0	0.3333333333333333
49396	400	0	5	0.9925	276.2	1381.0	0.6666666666666666
49397	190	0	5	0.4675	143.6	718.0	0.3333333333333333
49398	338	0	5	0.8375	267.6	1338.0	0.6666666666666666
49399	13	0	5	0.025	11.0	55.0	0.0
49400	118	0	5	0.2875	81.2	406.0	0.0
49401	180	0	5	0.4425	114.8	574.0	0.3333333333333333
49402	172	0	5	0.4225	102.4	512.0	0.6666666666666666
49403	14	0	5	0.0275	12.0	60.0	0.0
49404	259	0	5	0.64	176.4	882.0	0.3333333333333333
49405	67	0	5	0.16	65.0	325.0	0.0
49406	210	0	5	0.5175	158.0	790.0	0.3333333333333333
49407	128	0	5	0.3125	102.0	510.0	0.3333333333333333
49408	197	0	5	0.485	164.6	823.0	0.3333333333333333
49409	27	0	5	0.06	25.0	125.0	0.0
49410	227	0	5	0.56	131.0	655.0	0.3333333333333333
49411	400	0	5	0.9925	262.0	1310.0	0.6666666666666666
49412	163	0	5	0.4	100.4	502.0	0.3333333333333333
49413	33	0	5	0.075	31.0	155.0	0.0
49414	40	0	5	0.0925	35.2	176.0	0.0
49415	36	0	5	0.0825	34.0	170.0	0.0
49416	393	0	5	0.975	356.6	1783.0	0.6666666666666666
49417	278	0	5	0.6875	68.8	344.0	0.6666666666666666
49418	27	0	5	0.06	20.8	104.0	0.3333333333333333
49419	231	0	5	0.57	197.2	986.0	0.3333333333333333
49420	306	0	5	0.7575	80.8	404.0	0.6666666666666666
49421	14	0	5	0.0275	12.0	60.0	0.0
49422	392	0	5	0.9725	172.4	862.0	0.6666666666666666
49423	196	0	5	0.4825	113.4	567.0	0.6666666666666666
49424	162	0	5	0.3975	83.4	417.0	0.3333333333333333
49425	150	0	5	0.3675	106.4	532.0	0.3333333333333333
49426	233	0	5	0.575	114.0	570.0	0.0
49427	209	0	5	0.515	162.6	813.0	0.3333333333333333
49428	326	0	5	0.8075	186.6	933.0	0.6666666666666666
49429	222	0	5	0.5475	172.8	864.0	0.3333333333333333
49430	332	0	5	0.8225	192.2	961.0	0.6666666666666666
49431	175	0	5	0.43	173.0	865.0	0.3333333333333333
49432	334	0	5	0.8275	284.8	1424.0	0.0
49433	132	0	5	0.3225	70.6	353.0	0.0
49434	226	0	5	0.5575	179.2	896.0	0.6666666666666666
49435	206	1	4	0.5125	110.4	552.0	1.0
49436	393	0	5	0.975	266.2	1331.0	0.6666666666666666
49437	341	0	5	0.845	150.6	753.0	0.3333333333333333
49438	257	0	5	0.635	63.0	315.0	0.6666666666666666
49439	78	0	5	0.1875	76.0	380.0	0.0
49440	91	1	4	0.225	62.6	313.0	1.0
49441	320	0	5	0.7925	92.0	460.0	0.6666666666666666
49442	74	0	5	0.1775	67.0	335.0	0.3333333333333333
49443	304	0	5	0.7525	258.8	1294.0	0.3333333333333333
49444	265	0	5	0.655	189.0	945.0	0.0
49445	312	0	5	0.7725	174.0	870.0	0.6666666666666666
49446	125	0	5	0.305	55.8	279.0	0.3333333333333333
49447	59	0	5	0.14	56.0	280.0	0.0
49448	130	0	5	0.3175	105.4	527.0	0.6666666666666666
49449	202	1	4	0.5025	161.8	809.0	1.0
49450	119	0	5	0.29	79.0	395.0	0.3333333333333333
49451	317	1	4	0.79	200.6	1003.0	1.0
49452	132	0	5	0.3225	74.2	371.0	0.3333333333333333
49453	166	0	5	0.4075	164.0	820.0	0.0
49454	341	0	5	0.845	205.6	1028.0	0.6666666666666666
49455	209	0	5	0.515	155.8	779.0	0.6666666666666666
49456	52	0	5	0.1225	50.0	250.0	0.0
49457	282	0	5	0.6975	152.2	761.0	0.3333333333333333
49458	48	0	5	0.1125	39.2	196.0	0.0
49459	3	0	5	0.0025	0.2	1.0	0.3333333333333333
49460	242	0	5	0.5975	215.0	1075.0	0.6666666666666666
49461	192	0	5	0.4725	141.2	706.0	0.3333333333333333
49462	35	0	5	0.08	33.0	165.0	0.0
49463	383	1	4	0.955	201.0	1005.0	1.0
49464	149	0	5	0.365	54.8	274.0	0.6666666666666666
49465	218	1	4	0.5425	116.8	584.0	1.0
49466	370	0	5	0.9175	264.0	1320.0	0.6666666666666666
49467	274	0	5	0.6775	173.8	869.0	0.6666666666666666
49468	44	0	5	0.1025	25.8	129.0	0.3333333333333333
49469	201	0	5	0.495	123.0	615.0	0.3333333333333333
49470	291	0	5	0.72	250.6	1253.0	0.3333333333333333
49471	193	0	5	0.475	86.6	433.0	0.3333333333333333
49472	80	0	5	0.1925	78.0	390.0	0.0
49473	148	0	5	0.3625	122.0	610.0	0.0
49474	187	0	5	0.46	110.4	552.0	0.0
49475	290	0	5	0.7175	240.8	1204.0	0.3333333333333333
49476	103	0	5	0.25	82.4	412.0	0.3333333333333333
49477	128	0	5	0.3125	61.2	306.0	0.6666666666666666
49478	344	0	5	0.8525	205.2	1026.0	0.6666666666666666
49479	64	0	5	0.1525	26.0	130.0	0.3333333333333333
49480	174	0	5	0.4275	159.2	796.0	0.3333333333333333
49481	352	0	5	0.8725	300.2	1501.0	0.6666666666666666
49482	369	0	5	0.915	247.0	1235.0	0.6666666666666666
49483	294	0	5	0.7275	206.4	1032.0	0.3333333333333333
49484	270	0	5	0.6675	176.2	881.0	0.6666666666666666
49485	186	1	4	0.4625	139.4	697.0	1.0
49486	189	0	5	0.465	109.6	548.0	0.3333333333333333
49487	279	0	5	0.69	121.0	605.0	0.3333333333333333
49488	39	0	5	0.09	16.6	83.0	0.3333333333333333
49489	279	1	4	0.695	107.4	537.0	1.0
49490	281	0	5	0.695	94.2	471.0	0.3333333333333333
49491	229	1	4	0.57	59.4	297.0	1.0
49492	300	0	5	0.7425	94.8	474.0	0.6666666666666666
49493	76	0	5	0.1825	74.0	370.0	0.0
49494	105	0	5	0.255	75.6	378.0	0.6666666666666666
49495	147	1	4	0.365	89.4	447.0	1.0
49496	177	0	5	0.435	160.2	801.0	0.6666666666666666
49497	25	0	5	0.055	19.0	95.0	0.0
49498	288	0	5	0.7125	66.8	334.0	0.6666666666666666
49499	134	0	5	0.3275	130.0	650.0	0.0
49500	140	0	5	0.3425	138.0	690.0	0.3333333333333333
49501	264	1	4	0.6575	140.2	701.0	1.0
49502	304	0	5	0.7525	257.8	1289.0	0.0
49503	203	0	5	0.5	151.4	757.0	0.3333333333333333
49504	324	0	5	0.8025	178.8	894.0	0.6666666666666666
49505	320	0	5	0.7925	239.8	1199.0	0.3333333333333333
49506	197	0	5	0.485	195.0	975.0	0.0
49507	137	0	5	0.335	125.4	627.0	0.3333333333333333
49508	350	1	4	0.8725	133.2	666.0	1.0
49509	49	0	5	0.115	26.0	130.0	0.0
49510	226	0	5	0.5575	73.0	365.0	0.3333333333333333
49511	243	0	5	0.6	210.0	1050.0	0.6666666666666666
49512	248	0	5	0.6125	159.4	797.0	0.3333333333333333
49513	138	0	5	0.3375	105.2	526.0	0.3333333333333333
49514	84	0	5	0.2025	55.6	278.0	0.0
49515	282	0	5	0.6975	273.2	1366.0	0.0
49516	130	0	5	0.3175	88.4	442.0	0.6666666666666666
49517	349	0	5	0.865	223.0	1115.0	0.6666666666666666
49518	290	0	5	0.7175	273.2	1366.0	0.3333333333333333
49519	54	0	5	0.1275	36.4	182.0	0.0
49520	245	0	5	0.605	203.8	1019.0	0.3333333333333333
49521	302	0	5	0.7475	77.0	385.0	0.6666666666666666
49522	367	0	5	0.91	226.6	1133.0	0.3333333333333333
49523	333	0	5	0.825	220.2	1101.0	0.3333333333333333
49524	290	0	5	0.7175	131.2	656.0	0.6666666666666666
49525	226	0	5	0.5575	111.6	558.0	0.6666666666666666
49526	274	0	5	0.6775	220.2	1101.0	0.3333333333333333
49527	199	0	5	0.49	137.8	689.0	0.3333333333333333
49528	318	0	5	0.7875	230.8	1154.0	0.6666666666666666
49529	180	0	5	0.4425	156.4	782.0	0.3333333333333333
49530	225	0	5	0.555	181.0	905.0	0.3333333333333333
49531	124	0	5	0.3025	117.8	589.0	0.3333333333333333
49532	400	0	5	0.9925	242.4	1212.0	0.6666666666666666
49533	344	0	5	0.8525	86.0	430.0	0.6666666666666666
49534	63	0	5	0.15	61.0	305.0	0.0
49535	82	0	5	0.1975	80.0	400.0	0.0
49536	356	0	5	0.8825	177.8	889.0	0.3333333333333333
49537	192	1	4	0.4775	72.0	360.0	1.0
49538	394	0	5	0.9775	198.8	994.0	0.6666666666666666
49539	230	0	5	0.5675	189.8	949.0	0.3333333333333333
49540	50	0	5	0.1175	48.0	240.0	0.0
49541	312	1	4	0.7775	227.6	1138.0	1.0
49542	136	0	5	0.3325	72.6	363.0	0.3333333333333333
49543	177	0	5	0.435	152.6	763.0	0.0
49544	126	1	2	0.3125	84.8	424.0	1.0
49545	306	0	5	0.7575	276.8	1384.0	0.3333333333333333
49546	28	0	5	0.0625	26.0	130.0	0.0
49547	21	0	5	0.045	19.0	95.0	0.0
49548	386	1	4	0.9625	166.2	831.0	1.0
49549	86	0	5	0.2075	84.0	420.0	0.0
49550	73	0	5	0.175	71.0	355.0	0.0
49551	139	0	5	0.34	76.2	381.0	0.3333333333333333
49552	121	0	5	0.295	47.0	235.0	0.3333333333333333
49553	167	0	5	0.41	105.0	525.0	0.0
49554	293	0	5	0.725	182.2	911.0	0.3333333333333333
49555	131	0	5	0.32	102.6	513.0	0.6666666666666666
49556	85	0	5	0.205	37.8	189.0	0.0
49557	108	0	5	0.2625	106.0	530.0	0.0
49558	278	0	5	0.6875	123.6	618.0	0.3333333333333333
49559	400	0	5	0.9925	212.8	1064.0	0.6666666666666666
49560	308	0	5	0.7625	270.6	1353.0	0.6666666666666666
49561	13	0	5	0.025	7.4	37.0	0.3333333333333333
49562	270	0	5	0.6675	164.4	822.0	0.0
49563	218	0	5	0.5375	90.6	453.0	0.6666666666666666
49564	355	0	5	0.88	102.6	513.0	0.6666666666666666
49565	97	0	5	0.235	65.8	329.0	0.3333333333333333
49566	18	0	5	0.0375	16.0	80.0	0.0
49567	357	0	5	0.885	96.2	481.0	0.6666666666666666
49568	239	0	5	0.59	149.4	747.0	0.6666666666666666
49569	248	0	5	0.6125	211.6	1058.0	0.3333333333333333
49570	253	0	5	0.625	182.0	910.0	0.3333333333333333
49571	195	0	5	0.48	58.2	291.0	0.3333333333333333
49572	122	0	5	0.2975	28.0	140.0	0.3333333333333333
49573	387	1	4	0.965	184.2	921.0	1.0
49574	206	0	5	0.5075	110.2	551.0	0.3333333333333333
49575	110	0	5	0.2675	108.0	540.0	0.0
49576	139	0	5	0.34	114.2	571.0	0.0
49577	146	0	5	0.3575	110.6	553.0	0.3333333333333333
49578	66	0	5	0.1575	32.8	164.0	0.3333333333333333
49579	311	0	5	0.77	252.6	1263.0	0.6666666666666666
49580	132	0	5	0.3225	70.6	353.0	0.3333333333333333
49581	101	0	5	0.245	55.0	275.0	0.3333333333333333
49582	41	0	5	0.095	24.2	121.0	0.0
49583	362	1	4	0.9025	238.4	1192.0	1.0
49584	167	0	5	0.41	133.4	667.0	0.3333333333333333
49585	222	0	5	0.5475	136.8	684.0	0.3333333333333333
49586	67	0	5	0.16	62.0	310.0	0.0
49587	303	0	5	0.75	233.4	1167.0	0.3333333333333333
49588	231	0	5	0.57	174.4	872.0	0.3333333333333333
49589	108	0	5	0.2625	80.2	401.0	0.3333333333333333
49590	171	0	5	0.42	144.4	722.0	0.0
49591	353	0	5	0.875	116.8	584.0	0.6666666666666666
49592	327	1	4	0.815	141.6	708.0	1.0
49593	289	0	5	0.715	203.8	1019.0	0.3333333333333333
49594	320	1	4	0.7975	163.6	818.0	1.0
49595	21	0	5	0.045	19.0	95.0	0.0
49596	84	0	5	0.2025	23.2	116.0	0.0
49597	217	0	5	0.535	151.8	759.0	0.0
49598	365	0	5	0.905	222.6	1113.0	0.6666666666666666
49599	105	0	5	0.255	78.2	391.0	0.0
49600	312	0	5	0.7725	218.8	1094.0	0.6666666666666666
49601	220	0	5	0.5425	186.2	931.0	0.3333333333333333
49602	301	0	5	0.745	262.0	1310.0	0.3333333333333333
49603	175	1	4	0.435	43.8	219.0	1.0
49604	66	0	5	0.1575	64.0	320.0	0.3333333333333333
49605	3	0	5	0.0025	0.2	1.0	0.3333333333333333
49606	201	0	5	0.495	147.4	737.0	0.6666666666666666
49607	236	0	5	0.5825	171.4	857.0	0.3333333333333333
49608	53	0	5	0.125	51.0	255.0	0.0
49609	328	0	5	0.8125	140.0	700.0	0.0
49610	303	1	4	0.755	210.4	1052.0	1.0
49611	196	0	5	0.4825	116.6	583.0	0.3333333333333333
49612	361	0	5	0.895	248.4	1242.0	0.6666666666666666
49613	362	0	5	0.8975	216.8	1084.0	0.3333333333333333
49614	200	0	5	0.4925	62.8	314.0	0.3333333333333333
49615	143	0	5	0.35	55.4	277.0	0.3333333333333333
49616	396	0	5	0.9825	254.6	1273.0	0.6666666666666666
49617	52	0	5	0.1225	50.0	250.0	0.0
49618	110	0	5	0.2675	63.2	316.0	0.3333333333333333
49619	267	0	5	0.66	141.4	707.0	0.3333333333333333
49620	46	0	5	0.1075	43.4	217.0	0.0
49621	180	0	5	0.4425	124.0	620.0	0.3333333333333333
49622	4	0	5	0.0025	2.0	10.0	0.0
49623	90	0	5	0.2175	46.4	232.0	0.0
49624	41	0	5	0.095	39.0	195.0	0.0
49625	31	0	5	0.07	29.0	145.0	0.0
49626	355	0	5	0.88	291.0	1455.0	0.0
49627	242	0	5	0.5975	149.6	748.0	0.6666666666666666
49628	38	0	5	0.0875	36.0	180.0	0.0
49629	371	0	5	0.92	209.8	1049.0	0.6666666666666666
49630	357	0	5	0.885	142.6	713.0	0.6666666666666666
49631	177	0	5	0.435	136.2	681.0	0.3333333333333333
49632	353	0	5	0.875	318.4	1592.0	0.6666666666666666
49633	200	0	5	0.4925	77.2	386.0	0.6666666666666666
49634	396	1	4	0.9875	241.0	1205.0	1.0
49635	207	0	5	0.51	80.2	401.0	0.3333333333333333
49636	264	0	5	0.6525	174.2	871.0	0.0
49637	115	0	5	0.28	57.8	289.0	0.3333333333333333
49638	28	0	5	0.0625	26.0	130.0	0.0
49639	67	0	5	0.16	13.2	66.0	0.0
49640	372	0	5	0.9225	309.2	1546.0	0.6666666666666666
49641	37	0	5	0.085	35.0	175.0	0.0
49642	304	0	5	0.7525	277.2	1386.0	0.6666666666666666
49643	7	0	5	0.01	4.6	23.0	0.3333333333333333
49644	370	0	5	0.9175	238.8	1194.0	0.6666666666666666
49645	37	0	5	0.085	34.2	171.0	0.3333333333333333
49646	173	0	5	0.425	124.4	622.0	0.3333333333333333
49647	106	0	5	0.2575	48.8	244.0	0.0
49648	167	0	5	0.41	152.2	761.0	0.3333333333333333
49649	326	0	5	0.8075	230.0	1150.0	0.3333333333333333
49650	20	0	5	0.0425	18.0	90.0	0.0
49651	173	0	5	0.425	161.4	807.0	0.0
49652	363	0	5	0.9	288.4	1442.0	0.6666666666666666
49653	252	0	5	0.6225	147.4	737.0	0.3333333333333333
49654	325	0	5	0.805	181.6	908.0	0.3333333333333333
49655	353	0	5	0.875	145.8	729.0	0.6666666666666666
49656	136	0	5	0.3325	122.4	612.0	0.3333333333333333
49657	361	0	5	0.895	153.4	767.0	0.3333333333333333
49658	31	0	5	0.07	29.0	145.0	0.0
49659	62	0	5	0.1475	49.6	248.0	0.3333333333333333
49660	47	0	5	0.11	45.0	225.0	0.0
49661	121	0	5	0.295	76.2	381.0	0.3333333333333333
49662	154	0	5	0.3775	152.0	760.0	0.0
49663	324	0	5	0.8025	162.6	813.0	0.3333333333333333
49664	115	0	5	0.28	87.0	435.0	0.3333333333333333
49665	220	0	5	0.5425	122.6	613.0	0.3333333333333333
49666	249	0	5	0.615	130.6	653.0	0.6666666666666666
49667	70	0	5	0.1675	24.8	124.0	0.6666666666666666
49668	80	0	5	0.1925	71.6	358.0	0.0
49669	285	0	5	0.705	78.4	392.0	0.6666666666666666
49670	330	0	5	0.8175	231.8	1159.0	0.6666666666666666
49671	184	0	5	0.4525	90.8	454.0	0.6666666666666666
49672	323	0	5	0.8	271.8	1359.0	0.3333333333333333
49673	32	0	5	0.0725	30.0	150.0	0.0
49674	211	0	5	0.52	130.2	651.0	0.0
49675	352	0	5	0.8725	266.8	1334.0	0.6666666666666666
49676	348	0	5	0.8625	227.6	1138.0	0.6666666666666666
49677	353	0	5	0.875	103.8	519.0	0.6666666666666666
49678	317	0	5	0.785	158.2	791.0	0.3333333333333333
49679	283	0	5	0.7	220.0	1100.0	0.3333333333333333
49680	167	0	5	0.41	114.6	573.0	0.3333333333333333
49681	35	0	5	0.08	33.0	165.0	0.0
49682	218	0	5	0.5375	182.4	912.0	0.6666666666666666
49683	184	0	5	0.4525	94.2	471.0	0.6666666666666666
49684	95	0	5	0.23	76.2	381.0	0.0
49685	220	0	5	0.5425	122.8	614.0	0.3333333333333333
49686	280	0	5	0.6925	239.8	1199.0	0.3333333333333333
49687	196	0	5	0.4825	157.2	786.0	0.0
49688	105	1	4	0.26	78.4	392.0	1.0
49689	175	0	5	0.43	126.8	634.0	0.0
49690	136	0	5	0.3325	125.2	626.0	0.3333333333333333
49691	97	0	5	0.235	83.8	419.0	0.6666666666666666
49692	95	0	5	0.23	87.0	435.0	0.3333333333333333
49693	347	0	5	0.86	209.4	1047.0	0.3333333333333333
49694	193	0	5	0.475	141.8	709.0	0.3333333333333333
49695	237	0	5	0.585	224.8	1124.0	0.3333333333333333
49696	265	0	5	0.655	170.0	850.0	0.3333333333333333
49697	367	0	5	0.91	234.0	1170.0	0.6666666666666666
49698	121	0	5	0.295	93.4	467.0	0.3333333333333333
49699	401	0	5	0.995	155.0	775.0	0.6666666666666666
49700	265	0	5	0.655	242.4	1212.0	0.3333333333333333
49701	270	0	5	0.6675	192.6	963.0	0.6666666666666666
49702	226	0	5	0.5575	122.0	610.0	0.3333333333333333
49703	118	0	5	0.2875	72.4	362.0	0.3333333333333333
49704	199	0	5	0.49	164.4	822.0	0.3333333333333333
49705	392	0	5	0.9725	244.8	1224.0	0.6666666666666666
49706	307	0	5	0.76	273.4	1367.0	0.3333333333333333
49707	111	0	5	0.27	109.0	545.0	0.0
49708	127	0	5	0.31	92.2	461.0	0.3333333333333333
49709	307	0	5	0.76	144.2	721.0	0.6666666666666666
49710	308	1	4	0.7675	118.2	591.0	1.0
49711	319	0	5	0.79	237.4	1187.0	0.3333333333333333
49712	139	0	5	0.34	137.0	685.0	0.0
49713	396	0	5	0.9825	211.8	1059.0	0.6666666666666666
49714	139	0	5	0.34	62.0	310.0	0.3333333333333333
49715	341	0	5	0.845	184.8	924.0	0.3333333333333333
49716	338	1	4	0.8425	111.6	558.0	1.0
49717	395	0	5	0.98	167.2	836.0	0.6666666666666666
49718	266	0	5	0.6575	64.0	320.0	0.6666666666666666
49719	138	0	5	0.3375	53.6	268.0	0.0
49720	394	1	4	0.9825	266.2	1331.0	1.0
49721	145	0	5	0.355	92.6	463.0	0.0
49722	259	0	5	0.64	138.8	694.0	0.3333333333333333
49723	215	0	5	0.53	108.2	541.0	0.3333333333333333
49724	281	1	4	0.7	175.2	876.0	1.0
49725	272	0	5	0.6725	270.0	1350.0	0.0
49726	80	0	5	0.1925	68.8	344.0	0.3333333333333333
49727	398	0	5	0.9875	312.0	1560.0	0.6666666666666666
49728	171	0	5	0.42	87.2	436.0	0.3333333333333333
49729	152	0	5	0.3725	136.8	684.0	0.0
49730	42	0	5	0.0975	11.2	56.0	0.3333333333333333
49731	45	0	5	0.105	43.0	215.0	0.0
49732	396	0	5	0.9825	255.4	1277.0	0.6666666666666666
49733	110	0	5	0.2675	44.0	220.0	0.6666666666666666
49734	57	0	5	0.135	55.0	275.0	0.0
49735	47	0	5	0.11	21.6	108.0	0.0
49736	123	1	4	0.305	65.8	329.0	1.0
49737	148	0	5	0.3625	70.8	354.0	0.3333333333333333
49738	233	0	5	0.575	152.2	761.0	0.6666666666666666
49739	274	0	5	0.6775	138.2	691.0	0.3333333333333333
49740	6	0	5	0.0075	4.0	20.0	0.0
49741	162	1	4	0.4025	143.6	718.0	1.0
49742	314	1	4	0.7825	266.0	1330.0	1.0
49743	291	0	5	0.72	203.2	1016.0	0.6666666666666666
49744	90	0	5	0.2175	59.6	298.0	0.0
49745	287	0	5	0.71	76.8	384.0	0.6666666666666666
49746	115	0	5	0.28	113.0	565.0	0.0
49747	188	0	5	0.4625	168.8	844.0	0.3333333333333333
49748	132	0	5	0.3225	75.2	376.0	0.6666666666666666
49749	106	0	5	0.2575	83.8	419.0	0.3333333333333333
49750	56	0	5	0.1325	54.0	270.0	0.0
49751	17	0	5	0.035	15.0	75.0	0.0
49752	25	0	5	0.055	16.6	83.0	0.6666666666666666
49753	285	0	5	0.705	174.6	873.0	0.6666666666666666
49754	242	0	5	0.5975	176.8	884.0	0.6666666666666666
49755	174	0	5	0.4275	113.8	569.0	0.6666666666666666
49756	398	0	5	0.9875	215.2	1076.0	0.6666666666666666
49757	224	0	5	0.5525	169.6	848.0	0.3333333333333333
49758	227	0	5	0.56	140.2	701.0	0.3333333333333333
49759	218	1	4	0.5425	53.2	266.0	1.0
49760	128	0	5	0.3125	118.4	592.0	0.0
49761	170	0	5	0.4175	99.0	495.0	0.0
49762	218	0	5	0.5375	151.4	757.0	0.3333333333333333
49763	63	0	5	0.15	61.0	305.0	0.0
49764	214	0	5	0.5275	170.2	851.0	0.3333333333333333
49765	186	1	4	0.4625	76.4	382.0	1.0
49766	17	0	5	0.035	3.4	17.0	0.3333333333333333
49767	281	0	5	0.695	177.6	888.0	0.3333333333333333
49768	381	0	5	0.945	182.2	911.0	0.6666666666666666
49769	113	0	5	0.275	110.4	552.0	0.0
49770	231	0	5	0.57	151.8	759.0	0.6666666666666666
49771	169	0	5	0.415	128.2	641.0	0.3333333333333333
49772	347	0	5	0.86	240.6	1203.0	0.3333333333333333
49773	338	0	5	0.8375	121.4	607.0	0.3333333333333333
49774	222	0	5	0.5475	163.6	818.0	0.3333333333333333
49775	262	0	5	0.6475	122.6	613.0	0.3333333333333333
49776	59	0	5	0.14	33.0	165.0	0.0
49777	371	0	5	0.92	81.8	409.0	0.6666666666666666
49778	351	0	5	0.87	231.4	1157.0	0.6666666666666666
49779	89	0	5	0.215	45.0	225.0	0.0
49780	361	0	5	0.895	132.4	662.0	0.6666666666666666
49781	328	0	5	0.8125	274.8	1374.0	0.3333333333333333
49782	358	0	5	0.8875	277.2	1386.0	0.6666666666666666
49783	362	0	5	0.8975	292.6	1463.0	0.3333333333333333
49784	191	0	5	0.47	94.2	471.0	0.3333333333333333
49785	167	0	5	0.41	155.0	775.0	0.3333333333333333
49786	295	0	5	0.73	156.0	780.0	0.6666666666666666
49787	274	0	5	0.6775	206.4	1032.0	0.3333333333333333
49788	243	0	5	0.6	115.8	579.0	0.3333333333333333
49789	221	0	5	0.545	64.0	320.0	0.6666666666666666
49790	326	0	5	0.8075	109.6	548.0	0.6666666666666666
49791	199	0	5	0.49	105.0	525.0	0.6666666666666666
49792	258	0	5	0.6375	189.2	946.0	0.0
49793	279	0	5	0.69	91.4	457.0	0.6666666666666666
49794	305	0	5	0.755	183.6	918.0	0.6666666666666666
49795	390	1	3	0.9725	310.2	1551.0	1.0
49796	355	1	4	0.885	108.4	542.0	1.0
49797	339	0	5	0.84	182.6	913.0	0.3333333333333333
49798	27	0	5	0.06	20.6	103.0	0.3333333333333333
49799	110	0	5	0.2675	24.0	120.0	0.3333333333333333
49800	123	0	5	0.3	95.0	475.0	0.0
49801	274	0	5	0.6775	213.0	1065.0	0.3333333333333333
49802	351	0	5	0.87	160.2	801.0	0.3333333333333333
49803	39	0	5	0.09	20.2	101.0	0.3333333333333333
49804	129	0	5	0.315	92.6	463.0	0.3333333333333333
49805	60	0	5	0.1425	40.0	200.0	0.3333333333333333
49806	39	0	5	0.09	29.8	149.0	0.3333333333333333
49807	347	0	5	0.86	193.4	967.0	0.6666666666666666
49808	241	0	5	0.595	201.0	1005.0	0.0
49809	369	0	5	0.915	266.0	1330.0	0.3333333333333333
49810	295	0	5	0.73	218.2	1091.0	0.6666666666666666
49811	286	0	5	0.7075	236.8	1184.0	0.3333333333333333
49812	349	0	5	0.865	79.4	397.0	0.3333333333333333
49813	290	0	5	0.7175	74.4	372.0	0.3333333333333333
49814	230	0	5	0.5675	100.0	500.0	0.6666666666666666
49815	373	0	5	0.925	225.2	1126.0	0.6666666666666666
49816	67	1	4	0.165	29.4	147.0	1.0
49817	71	0	5	0.17	69.0	345.0	0.0
49818	241	0	5	0.595	168.0	840.0	0.3333333333333333
49819	175	0	5	0.43	79.0	395.0	0.6666666666666666
49820	166	0	5	0.4075	73.6	368.0	0.6666666666666666
49821	125	0	5	0.305	57.4	287.0	0.6666666666666666
49822	305	0	5	0.755	85.6	428.0	0.6666666666666666
49823	228	0	5	0.5625	179.4	897.0	0.3333333333333333
49824	326	0	5	0.8075	246.6	1233.0	0.3333333333333333
49825	64	0	5	0.1525	36.2	181.0	0.3333333333333333
49826	168	0	5	0.4125	81.4	407.0	0.0
49827	345	0	5	0.855	109.2	546.0	0.6666666666666666
49828	117	0	5	0.285	74.4	372.0	0.3333333333333333
49829	226	0	5	0.5575	112.6	563.0	0.3333333333333333
49830	387	1	4	0.965	243.0	1215.0	1.0
49831	74	0	5	0.1775	72.0	360.0	0.0
49832	73	0	5	0.175	59.2	296.0	0.0
49833	107	0	5	0.26	103.8	519.0	0.0
49834	177	0	5	0.435	114.8	574.0	0.3333333333333333
49835	313	0	5	0.775	132.6	663.0	0.3333333333333333
49836	135	0	5	0.33	53.0	265.0	0.3333333333333333
49837	246	0	5	0.6075	114.4	572.0	0.3333333333333333
49838	180	0	5	0.4425	178.0	890.0	0.0
49839	113	0	5	0.275	81.8	409.0	0.6666666666666666
49840	332	0	5	0.8225	86.0	430.0	0.0
49841	195	0	5	0.48	161.2	806.0	0.3333333333333333
49842	92	0	5	0.2225	88.4	442.0	0.3333333333333333
49843	306	1	4	0.7625	261.6	1308.0	1.0
49844	53	0	5	0.125	42.6	213.0	0.3333333333333333
49845	398	0	5	0.9875	265.0	1325.0	0.6666666666666666
49846	157	0	5	0.385	78.0	390.0	0.6666666666666666
49847	38	0	5	0.0875	36.0	180.0	0.0
49848	200	0	5	0.4925	141.2	706.0	0.3333333333333333
49849	162	0	5	0.3975	146.4	732.0	0.3333333333333333
49850	176	0	5	0.4325	63.2	316.0	0.3333333333333333
49851	46	0	5	0.1075	29.6	148.0	0.0
49852	352	0	5	0.8725	134.0	670.0	0.3333333333333333
49853	103	0	5	0.25	101.0	505.0	0.0
49854	327	0	5	0.81	153.2	766.0	0.3333333333333333
49855	387	1	4	0.965	90.2	451.0	1.0
49856	346	0	5	0.8575	139.6	698.0	0.3333333333333333
49857	3	0	5	0.0025	0.2	1.0	0.3333333333333333
49858	179	0	5	0.44	174.0	870.0	0.0
49859	183	0	5	0.45	181.0	905.0	0.0
49860	389	0	5	0.965	283.0	1415.0	0.6666666666666666
49861	371	0	5	0.92	274.4	1372.0	0.3333333333333333
49862	105	0	5	0.255	80.8	404.0	0.3333333333333333
49863	216	0	5	0.5325	58.0	290.0	0.3333333333333333
49864	375	0	5	0.93	286.6	1433.0	0.6666666666666666
49865	347	0	5	0.86	240.0	1200.0	0.6666666666666666
49866	299	0	5	0.74	261.6	1308.0	0.3333333333333333
49867	355	1	4	0.885	149.6	748.0	1.0
49868	306	0	5	0.7575	100.4	502.0	0.6666666666666666
49869	28	0	5	0.0625	26.0	130.0	0.0
49870	257	0	5	0.635	88.0	440.0	0.6666666666666666
49871	369	1	4	0.92	129.4	647.0	1.0
49872	79	0	5	0.19	73.4	367.0	0.3333333333333333
49873	388	0	5	0.9625	246.0	1230.0	0.6666666666666666
49874	297	0	5	0.735	137.8	689.0	0.0
49875	97	0	5	0.235	74.6	373.0	0.3333333333333333
49876	218	1	4	0.5425	102.0	510.0	1.0
49877	47	0	5	0.11	45.0	225.0	0.0
49878	11	0	5	0.02	9.0	45.0	0.0
49879	97	0	5	0.235	64.6	323.0	0.0
49880	392	0	5	0.9725	266.8	1334.0	0.6666666666666666
49881	22	0	5	0.0475	20.0	100.0	0.0
49882	79	0	5	0.19	77.0	385.0	0.0
49883	381	1	4	0.95	261.8	1309.0	1.0
49884	73	0	5	0.175	71.0	355.0	0.0
49885	274	0	5	0.6775	245.2	1226.0	0.6666666666666666
49886	358	0	5	0.8875	246.0	1230.0	0.6666666666666666
49887	105	0	5	0.255	35.8	179.0	0.3333333333333333
49888	338	0	5	0.8375	144.0	720.0	0.3333333333333333
49889	267	0	5	0.66	201.6	1008.0	0.6666666666666666
49890	42	0	5	0.0975	40.0	200.0	0.0
49891	293	0	5	0.725	146.2	731.0	0.3333333333333333
49892	186	0	5	0.4575	75.4	377.0	0.0
49893	272	0	5	0.6725	260.8	1304.0	0.6666666666666666
49894	294	1	4	0.7325	87.6	438.0	1.0
49895	116	0	5	0.2825	70.0	350.0	0.0
49896	185	0	5	0.455	60.6	303.0	0.3333333333333333
49897	257	0	5	0.635	228.4	1142.0	0.3333333333333333
49898	152	0	5	0.3725	129.4	647.0	0.3333333333333333
49899	81	0	5	0.195	79.0	395.0	0.0
49900	231	1	4	0.575	60.6	303.0	1.0
49901	131	0	5	0.32	106.8	534.0	0.0
49902	225	0	5	0.555	70.8	354.0	0.6666666666666666
49903	85	0	5	0.205	79.0	395.0	0.0
49904	175	0	5	0.43	71.6	358.0	0.3333333333333333
49905	35	0	5	0.08	33.0	165.0	0.0
49906	335	0	5	0.83	115.2	576.0	0.6666666666666666
49907	352	0	5	0.8725	185.2	926.0	0.6666666666666666
49908	295	0	5	0.73	238.6	1193.0	0.3333333333333333
49909	196	1	4	0.4875	70.4	352.0	1.0
49910	147	0	5	0.36	145.0	725.0	0.0
49911	202	0	5	0.4975	200.0	1000.0	0.0
49912	136	0	5	0.3325	134.0	670.0	0.0
49913	232	0	5	0.5725	209.0	1045.0	0.3333333333333333
49914	157	0	5	0.385	114.6	573.0	0.3333333333333333
49915	113	0	5	0.275	111.0	555.0	0.0
49916	381	0	5	0.945	184.6	923.0	0.6666666666666666
49917	44	0	5	0.1025	25.4	127.0	0.3333333333333333
49918	241	0	5	0.595	166.4	832.0	0.6666666666666666
49919	253	0	5	0.625	68.2	341.0	0.3333333333333333
49920	377	0	5	0.935	375.0	1875.0	0.3333333333333333
49921	112	0	5	0.2725	110.0	550.0	0.0
49922	185	0	5	0.455	83.8	419.0	0.3333333333333333
49923	331	0	5	0.82	105.8	529.0	0.6666666666666666
49924	121	0	5	0.295	94.6	473.0	0.0
49925	120	0	5	0.2925	74.4	372.0	0.0
49926	174	0	5	0.4275	130.4	652.0	0.3333333333333333
49927	45	0	5	0.105	43.0	215.0	0.0
49928	177	0	5	0.435	94.6	473.0	0.3333333333333333
49929	173	0	5	0.425	126.2	631.0	0.6666666666666666
49930	242	0	5	0.5975	148.0	740.0	0.3333333333333333
49931	388	0	5	0.9625	190.4	952.0	0.6666666666666666
49932	2	0	5	0.0	0.0	0.0	0.0
49933	352	0	5	0.8725	152.8	764.0	0.6666666666666666
49934	358	1	4	0.8925	177.6	888.0	1.0
49935	361	0	5	0.895	159.2	796.0	0.3333333333333333
49936	192	0	5	0.4725	89.2	446.0	0.3333333333333333
49937	51	0	5	0.12	49.0	245.0	0.0
49938	132	0	5	0.3225	78.8	394.0	0.3333333333333333
49939	242	0	5	0.5975	112.4	562.0	0.3333333333333333
49940	263	0	5	0.65	225.6	1128.0	0.3333333333333333
49941	37	0	5	0.085	35.0	175.0	0.0
49942	88	0	5	0.2125	78.8	394.0	0.3333333333333333
49943	84	0	5	0.2025	74.2	371.0	0.0
49944	156	0	5	0.3825	118.2	591.0	0.0
49945	22	0	5	0.0475	20.0	100.0	0.0
49946	111	0	5	0.27	53.8	269.0	0.0
49947	370	0	5	0.9175	112.4	562.0	0.3333333333333333
49948	168	0	5	0.4125	110.4	552.0	0.3333333333333333
49949	94	0	5	0.2275	59.6	298.0	0.6666666666666666
49950	123	0	5	0.3	121.0	605.0	0.0
49951	268	0	5	0.6625	206.8	1034.0	0.6666666666666666
49952	280	0	5	0.6925	148.4	742.0	0.3333333333333333
49953	197	0	5	0.485	149.0	745.0	0.6666666666666666
49954	234	0	5	0.5775	165.6	828.0	0.3333333333333333
49955	91	0	5	0.22	75.8	379.0	0.3333333333333333
49956	246	0	5	0.6075	237.4	1187.0	0.3333333333333333
49957	288	0	5	0.7125	186.0	930.0	0.3333333333333333
49958	315	0	5	0.78	187.4	937.0	0.3333333333333333
49959	392	0	5	0.9725	205.4	1027.0	0.6666666666666666
49960	165	0	5	0.405	151.6	758.0	0.3333333333333333
49961	4	0	5	0.0025	2.0	10.0	0.0
49962	60	0	5	0.1425	47.2	236.0	0.3333333333333333
49963	390	0	5	0.9675	130.0	650.0	0.6666666666666666
49964	256	0	5	0.6325	97.6	488.0	0.3333333333333333
49965	123	1	4	0.305	100.8	504.0	1.0
49966	196	0	5	0.4825	52.4	262.0	0.3333333333333333
49967	253	0	5	0.625	133.0	665.0	0.3333333333333333
49968	78	0	5	0.1875	76.0	380.0	0.0
49969	347	0	5	0.86	243.0	1215.0	0.6666666666666666
49970	112	0	5	0.2725	74.0	370.0	0.6666666666666666
49971	152	0	5	0.3725	95.6	478.0	0.3333333333333333
49972	253	0	5	0.625	197.4	987.0	0.0
49973	270	0	5	0.6675	108.8	544.0	0.6666666666666666
49974	196	0	5	0.4825	155.2	776.0	0.0
49975	260	0	5	0.6425	211.2	1056.0	0.3333333333333333
49976	317	0	5	0.785	76.6	383.0	0.3333333333333333
49977	125	0	5	0.305	123.0	615.0	0.0
49978	391	0	5	0.97	225.2	1126.0	0.6666666666666666
49979	190	0	5	0.4675	108.6	543.0	0.3333333333333333
49980	327	0	5	0.81	186.4	932.0	0.3333333333333333
49981	353	0	5	0.875	350.2	1751.0	0.0
49982	61	0	5	0.145	59.0	295.0	0.0
49983	283	0	5	0.7	223.4	1117.0	0.3333333333333333
49984	119	0	5	0.29	78.6	393.0	0.0
49985	321	0	5	0.795	63.8	319.0	0.6666666666666666
49986	219	0	5	0.54	86.8	434.0	0.0
49987	242	1	4	0.6025	122.6	613.0	1.0
49988	167	0	5	0.41	128.8	644.0	0.6666666666666666
49989	318	0	5	0.7875	174.2	871.0	0.6666666666666666
49990	140	0	5	0.3425	107.2	536.0	0.3333333333333333
49991	186	0	5	0.4575	44.8	224.0	0.3333333333333333
49992	253	0	5	0.625	172.4	862.0	0.6666666666666666
49993	159	1	4	0.395	89.4	447.0	1.0
49994	394	0	5	0.9775	219.4	1097.0	0.6666666666666666
49995	128	0	5	0.3125	59.4	297.0	0.0
49996	135	0	5	0.33	104.6	523.0	0.3333333333333333
49997	161	0	5	0.395	140.2	701.0	0.0
49998	384	1	4	0.9575	281.8	1409.0	1.0
49999	227	0	5	0.56	124.0	620.0	0.3333333333333333
50000	207	0	5	0.51	182.2	911.0	0.0
50001	77	0	5	0.185	75.0	375.0	0.0
50002	256	0	5	0.6325	134.0	670.0	0.3333333333333333
50003	376	0	5	0.9325	232.8	1164.0	0.6666666666666666
50004	393	0	5	0.975	136.8	684.0	0.6666666666666666
50005	379	0	5	0.94	124.4	622.0	0.6666666666666666
50006	292	0	5	0.7225	265.0	1325.0	0.3333333333333333
50007	233	0	5	0.575	138.6	693.0	0.6666666666666666
50008	100	0	5	0.2425	69.8	349.0	0.3333333333333333
50009	195	1	4	0.485	130.6	653.0	1.0
50010	299	1	4	0.745	177.0	885.0	1.0
50011	52	0	5	0.1225	39.6	198.0	0.3333333333333333
50012	86	0	5	0.2075	84.0	420.0	0.0
50013	147	0	5	0.36	60.2	301.0	0.6666666666666666
50014	279	0	5	0.69	240.8	1204.0	0.6666666666666666
50015	249	0	5	0.615	172.2	861.0	0.3333333333333333
50016	67	0	5	0.16	65.0	325.0	0.0
50017	290	0	5	0.7175	241.0	1205.0	0.3333333333333333
50018	68	0	5	0.1625	25.2	126.0	0.0
50019	107	1	3	0.265	90.2	451.0	1.0
50020	376	1	4	0.9375	104.8	524.0	1.0
50021	40	0	5	0.0925	38.0	190.0	0.0
50022	175	0	5	0.43	54.4	272.0	0.6666666666666666
50023	217	0	5	0.535	106.0	530.0	0.6666666666666666
50024	90	0	5	0.2175	80.8	404.0	0.3333333333333333
50025	24	0	5	0.0525	22.0	110.0	0.0
50026	25	0	5	0.055	13.8	69.0	0.0
50027	62	0	5	0.1475	51.6	258.0	0.0
50028	273	0	5	0.675	198.2	991.0	0.3333333333333333
50029	397	0	5	0.985	185.8	929.0	0.6666666666666666
50030	132	0	5	0.3225	110.6	553.0	0.3333333333333333
50031	308	0	5	0.7625	213.8	1069.0	0.6666666666666666
50032	193	0	5	0.475	175.4	877.0	0.3333333333333333
50033	351	0	5	0.87	200.8	1004.0	0.3333333333333333
50034	315	0	5	0.78	176.0	880.0	0.6666666666666666
50035	339	0	5	0.84	221.0	1105.0	0.6666666666666666
50036	279	0	5	0.69	133.0	665.0	0.6666666666666666
50037	57	0	5	0.135	43.0	215.0	0.0
50038	130	0	5	0.3175	70.4	352.0	0.0
50039	187	0	5	0.46	126.6	633.0	0.3333333333333333
50040	323	0	5	0.8	249.4	1247.0	0.3333333333333333
50041	112	0	5	0.2725	72.8	364.0	0.0
50042	102	0	5	0.2475	84.8	424.0	0.3333333333333333
50043	78	0	5	0.1875	76.0	380.0	0.0
50044	237	0	5	0.585	105.8	529.0	0.3333333333333333
50045	343	1	4	0.855	184.2	921.0	1.0
50046	196	0	5	0.4825	167.6	838.0	0.0
50047	259	0	5	0.64	188.8	944.0	0.0
50048	15	0	5	0.03	13.0	65.0	0.0
50049	7	0	5	0.01	5.0	25.0	0.0
50050	279	1	4	0.695	236.8	1184.0	1.0
50051	164	0	5	0.4025	103.4	517.0	0.6666666666666666
50052	191	0	5	0.47	128.4	642.0	0.6666666666666666
50053	104	0	5	0.2525	91.8	459.0	0.0
50054	148	0	5	0.3625	100.8	504.0	0.3333333333333333
50055	6	0	5	0.0075	4.0	20.0	0.0
50056	120	0	5	0.2925	109.0	545.0	0.3333333333333333
50057	3	0	5	0.0025	0.2	1.0	0.3333333333333333
50058	320	0	5	0.7925	276.8	1384.0	0.6666666666666666
50059	296	1	4	0.7375	189.0	945.0	1.0
50060	130	0	5	0.3175	65.0	325.0	0.3333333333333333
50061	80	0	5	0.1925	78.0	390.0	0.3333333333333333
50062	400	0	5	0.9925	387.2	1936.0	0.6666666666666666
50063	115	0	5	0.28	73.4	367.0	0.3333333333333333
50064	248	1	4	0.6175	127.2	636.0	1.0
50065	221	0	5	0.545	130.4	652.0	0.6666666666666666
50066	329	0	5	0.815	269.4	1347.0	0.6666666666666666
50067	90	0	5	0.2175	64.0	320.0	0.3333333333333333
50068	232	0	5	0.5725	216.0	1080.0	0.0
50069	356	0	5	0.8825	215.6	1078.0	0.3333333333333333
50070	204	0	5	0.5025	140.0	700.0	0.6666666666666666
50071	210	0	5	0.5175	178.0	890.0	0.3333333333333333
50072	304	1	4	0.7575	236.0	1180.0	1.0
50073	337	0	5	0.835	128.6	643.0	0.3333333333333333
50074	136	0	5	0.3325	91.2	456.0	0.6666666666666666
50075	358	0	5	0.8875	117.0	585.0	0.6666666666666666
50076	127	0	5	0.31	55.4	277.0	0.3333333333333333
50077	241	0	5	0.595	178.6	893.0	0.6666666666666666
50078	400	0	5	0.9925	289.8	1449.0	0.6666666666666666
50079	299	0	5	0.74	185.0	925.0	0.6666666666666666
50080	6	0	5	0.0075	4.0	20.0	0.0
50081	221	1	4	0.55	134.6	673.0	1.0
50082	313	0	5	0.775	183.2	916.0	0.6666666666666666
50083	225	1	4	0.56	137.4	687.0	1.0
50084	86	0	5	0.2075	84.0	420.0	0.3333333333333333
50085	300	0	5	0.7425	221.0	1105.0	0.3333333333333333
50086	45	0	5	0.105	43.0	215.0	0.0
50087	230	0	5	0.5675	180.0	900.0	0.3333333333333333
50088	236	0	5	0.5825	182.4	912.0	0.3333333333333333
50089	274	0	5	0.6775	116.8	584.0	0.3333333333333333
50090	391	0	5	0.97	192.0	960.0	0.6666666666666666
50091	227	0	5	0.56	75.4	377.0	0.6666666666666666
50092	224	0	5	0.5525	175.6	878.0	0.6666666666666666
50093	395	0	5	0.98	199.2	996.0	0.6666666666666666
50094	351	1	4	0.875	191.4	957.0	1.0
50095	130	0	5	0.3175	128.0	640.0	0.0
50096	108	0	5	0.2625	105.0	525.0	0.0
50097	50	0	5	0.1175	34.8	174.0	0.6666666666666666
50098	327	1	4	0.815	161.0	805.0	1.0
50099	127	0	5	0.31	79.4	397.0	0.6666666666666666
50100	100	0	5	0.2425	63.8	319.0	0.3333333333333333
50101	185	0	5	0.455	107.2	536.0	0.6666666666666666
50102	397	0	5	0.985	261.8	1309.0	0.6666666666666666
50103	192	0	5	0.4725	65.4	327.0	0.6666666666666666
50104	56	0	5	0.1325	48.4	242.0	0.3333333333333333
50105	156	0	5	0.3825	73.4	367.0	0.3333333333333333
50106	346	0	5	0.8575	138.8	694.0	0.3333333333333333
50107	74	0	5	0.1775	40.8	204.0	0.0
50108	162	0	5	0.3975	114.2	571.0	0.3333333333333333
50109	335	0	5	0.83	269.0	1345.0	0.6666666666666666
50110	125	0	5	0.305	123.0	615.0	0.0
50111	173	0	5	0.425	129.0	645.0	0.3333333333333333
50112	194	0	5	0.4775	103.2	516.0	0.3333333333333333
50113	201	0	5	0.495	131.8	659.0	0.3333333333333333
50114	201	0	5	0.495	154.6	773.0	0.3333333333333333
50115	172	0	5	0.4225	132.8	664.0	0.0
50116	383	0	5	0.95	267.8	1339.0	0.3333333333333333
50117	78	0	5	0.1875	76.0	380.0	0.0
50118	9	0	5	0.015	7.0	35.0	0.0
50119	179	0	5	0.44	149.8	749.0	0.0
50120	80	0	5	0.1925	78.0	390.0	0.0
50121	232	0	5	0.5725	172.6	863.0	0.6666666666666666
50122	170	0	5	0.4175	156.8	784.0	0.6666666666666666
50123	180	0	5	0.4425	150.0	750.0	0.0
50124	202	0	5	0.4975	126.6	633.0	0.6666666666666666
50125	141	0	5	0.345	99.8	499.0	0.3333333333333333
50126	379	0	5	0.94	200.8	1004.0	0.3333333333333333
50127	282	0	5	0.6975	176.4	882.0	0.6666666666666666
50128	186	0	5	0.4575	152.0	760.0	0.3333333333333333
50129	314	0	5	0.7775	163.2	816.0	0.3333333333333333
50130	269	1	4	0.67	153.8	769.0	1.0
50131	132	0	5	0.3225	83.8	419.0	0.0
50132	164	0	5	0.4025	153.2	766.0	0.3333333333333333
50133	315	1	4	0.785	280.6	1403.0	1.0
50134	149	0	5	0.365	85.6	428.0	0.6666666666666666
50135	362	0	5	0.8975	149.4	747.0	0.6666666666666666
50136	95	0	5	0.23	93.0	465.0	0.0
50137	346	0	5	0.8575	139.6	698.0	0.6666666666666666
50138	305	0	5	0.755	89.4	447.0	0.6666666666666666
50139	163	0	5	0.4	107.8	539.0	0.0
50140	296	0	5	0.7325	80.4	402.0	0.6666666666666666
50141	91	0	5	0.22	58.0	290.0	0.6666666666666666
50142	182	0	5	0.4475	80.0	400.0	0.3333333333333333
50143	153	0	5	0.375	151.0	755.0	0.0
50144	100	0	5	0.2425	98.0	490.0	0.0
50145	272	0	5	0.6725	137.4	687.0	0.0
50146	295	0	5	0.73	225.2	1126.0	0.6666666666666666
50147	211	0	5	0.52	126.2	631.0	0.3333333333333333
50148	170	0	5	0.4175	33.8	169.0	0.3333333333333333
50149	279	1	4	0.695	85.4	427.0	1.0
50150	278	0	5	0.6875	157.2	786.0	0.3333333333333333
50151	372	0	5	0.9225	287.2	1436.0	0.3333333333333333
50152	41	0	5	0.095	39.0	195.0	0.0
50153	71	0	5	0.17	69.0	345.0	0.0
50154	234	0	5	0.5775	74.4	372.0	0.6666666666666666
50155	157	0	5	0.385	89.2	446.0	0.6666666666666666
50156	335	1	4	0.835	84.6	423.0	1.0
50157	178	0	5	0.4375	92.2	461.0	0.6666666666666666
50158	351	0	5	0.87	142.6	713.0	0.3333333333333333
50159	108	0	5	0.2625	58.8	294.0	0.3333333333333333
50160	26	0	5	0.0575	24.0	120.0	0.0
50161	193	0	5	0.475	191.0	955.0	0.3333333333333333
50162	231	0	5	0.57	153.0	765.0	0.3333333333333333
50163	76	0	5	0.1825	74.0	370.0	0.0
50164	57	0	5	0.135	35.0	175.0	0.3333333333333333
50165	381	0	5	0.945	110.2	551.0	0.6666666666666666
50166	383	1	4	0.955	123.8	619.0	1.0
50167	72	0	5	0.1725	70.0	350.0	0.0
50168	298	0	5	0.7375	157.2	786.0	0.6666666666666666
50169	357	0	5	0.885	196.0	980.0	0.3333333333333333
50170	115	0	5	0.28	113.0	565.0	0.0
50171	237	0	5	0.585	233.4	1167.0	0.6666666666666666
50172	136	0	5	0.3325	46.0	230.0	0.3333333333333333
50173	317	0	5	0.785	213.0	1065.0	0.6666666666666666
50174	241	0	5	0.595	125.6	628.0	0.3333333333333333
50175	152	0	5	0.3725	120.6	603.0	0.0
50176	192	0	5	0.4725	162.2	811.0	0.6666666666666666
50177	219	0	5	0.54	194.8	974.0	0.3333333333333333
50178	264	0	5	0.6525	194.6	973.0	0.6666666666666666
50179	261	0	5	0.645	151.0	755.0	0.3333333333333333
50180	175	0	5	0.43	93.2	466.0	0.3333333333333333
50181	281	0	5	0.695	150.0	750.0	0.6666666666666666
50182	228	0	5	0.5625	122.8	614.0	0.6666666666666666
50183	220	1	4	0.5475	92.8	464.0	1.0
50184	93	0	5	0.225	85.8	429.0	0.3333333333333333
50185	131	0	5	0.32	78.4	392.0	0.6666666666666666
50186	304	0	5	0.7525	187.8	939.0	0.3333333333333333
50187	126	0	5	0.3075	73.6	368.0	0.3333333333333333
50188	190	0	5	0.4675	117.6	588.0	0.0
50189	243	1	4	0.605	107.8	539.0	1.0
50190	102	0	5	0.2475	64.0	320.0	0.6666666666666666
50191	72	0	5	0.1725	53.0	265.0	0.3333333333333333
50192	96	0	5	0.2325	91.0	455.0	0.3333333333333333
50193	357	1	4	0.89	216.8	1084.0	1.0
50194	202	0	5	0.4975	169.4	847.0	0.3333333333333333
50195	16	0	5	0.0325	14.0	70.0	0.0
50196	331	0	5	0.82	214.4	1072.0	0.6666666666666666
50197	144	0	5	0.3525	108.0	540.0	0.0
50198	353	1	4	0.88	203.4	1017.0	1.0
50199	302	0	5	0.7475	180.0	900.0	0.6666666666666666
50200	130	0	5	0.3175	93.8	469.0	0.0
50201	256	0	5	0.6325	147.2	736.0	0.6666666666666666
50202	364	0	5	0.9025	126.0	630.0	0.6666666666666666
50203	121	0	5	0.295	119.0	595.0	0.0
50204	354	0	5	0.8775	218.4	1092.0	0.6666666666666666
50205	209	0	5	0.515	81.0	405.0	0.6666666666666666
50206	293	0	5	0.725	141.2	706.0	0.6666666666666666
50207	377	0	5	0.935	173.0	865.0	0.6666666666666666
50208	160	0	5	0.3925	133.0	665.0	0.0
50209	89	0	5	0.215	21.4	107.0	0.6666666666666666
50210	104	0	5	0.2525	84.6	423.0	0.3333333333333333
50211	246	0	5	0.6075	163.2	816.0	0.3333333333333333
50212	369	0	5	0.915	205.6	1028.0	0.6666666666666666
50213	42	0	5	0.0975	40.0	200.0	0.0
50214	326	0	5	0.8075	196.8	984.0	0.6666666666666666
50215	45	0	5	0.105	38.0	190.0	0.3333333333333333
50216	400	0	5	0.9925	174.8	874.0	0.6666666666666666
50217	119	0	5	0.29	81.0	405.0	0.3333333333333333
50218	74	0	5	0.1775	72.0	360.0	0.0
50219	174	0	5	0.4275	109.2	546.0	0.3333333333333333
50220	263	0	5	0.65	130.0	650.0	0.3333333333333333
50221	34	0	5	0.0775	21.2	106.0	0.3333333333333333
50222	249	0	5	0.615	131.0	655.0	0.6666666666666666
50223	43	0	5	0.1	41.0	205.0	0.0
50224	237	0	5	0.585	84.6	423.0	0.6666666666666666
50225	202	0	5	0.4975	156.0	780.0	0.3333333333333333
50226	305	0	5	0.755	248.2	1241.0	0.6666666666666666
50227	295	0	5	0.73	213.0	1065.0	0.3333333333333333
50228	243	0	5	0.6	165.0	825.0	0.3333333333333333
50229	316	0	5	0.7825	143.2	716.0	0.6666666666666666
50230	16	0	5	0.0325	8.6	43.0	0.3333333333333333
50231	127	0	5	0.31	125.0	625.0	0.0
50232	342	0	5	0.8475	184.6	923.0	0.3333333333333333
50233	215	0	5	0.53	51.4	257.0	0.3333333333333333
50234	134	0	5	0.3275	96.4	482.0	0.3333333333333333
50235	175	0	5	0.43	60.4	302.0	0.3333333333333333
50236	36	0	5	0.0825	28.0	140.0	0.0
50237	362	0	5	0.8975	158.0	790.0	0.6666666666666666
50238	358	1	4	0.8925	245.8	1229.0	1.0
50239	76	0	5	0.1825	52.4	262.0	0.3333333333333333
50240	225	0	5	0.555	46.2	231.0	0.6666666666666666
50241	86	0	5	0.2075	57.6	288.0	0.3333333333333333
50242	24	0	5	0.0525	19.6	98.0	0.3333333333333333
50243	333	1	4	0.83	202.6	1013.0	1.0
50244	99	0	5	0.24	54.6	273.0	0.3333333333333333
50245	314	0	5	0.7775	185.2	926.0	0.6666666666666666
50246	117	0	5	0.285	67.6	338.0	0.6666666666666666
50247	218	0	5	0.5375	135.4	677.0	0.3333333333333333
50248	398	0	5	0.9875	197.4	987.0	0.6666666666666666
50249	184	0	5	0.4525	125.2	626.0	0.3333333333333333
50250	356	1	4	0.8875	266.6	1333.0	1.0
50251	330	0	5	0.8175	88.0	440.0	0.3333333333333333
50252	160	0	5	0.3925	66.0	330.0	0.6666666666666666
50253	348	0	5	0.8625	259.6	1298.0	0.6666666666666666
50254	399	0	5	0.99	208.6	1043.0	0.6666666666666666
50255	192	0	5	0.4725	147.0	735.0	0.3333333333333333
50256	78	0	5	0.1875	55.0	275.0	0.0
50257	234	0	5	0.5775	226.6	1133.0	0.0
50258	121	0	5	0.295	42.2	211.0	0.3333333333333333
50259	168	1	4	0.4175	59.8	299.0	1.0
50260	367	0	5	0.91	310.0	1550.0	0.3333333333333333
50261	316	0	5	0.7825	135.6	678.0	0.6666666666666666
50262	106	0	5	0.2575	104.0	520.0	0.0
50263	262	0	5	0.6475	165.2	826.0	0.6666666666666666
50264	314	0	5	0.7775	172.8	864.0	0.6666666666666666
50265	98	0	5	0.2375	60.4	302.0	0.3333333333333333
50266	258	0	5	0.6375	223.2	1116.0	0.6666666666666666
50267	339	0	5	0.84	250.4	1252.0	0.3333333333333333
50268	193	0	5	0.475	178.2	891.0	0.3333333333333333
50269	168	0	5	0.4125	146.2	731.0	0.3333333333333333
50270	266	1	4	0.6625	172.6	863.0	1.0
50271	33	0	5	0.075	31.0	155.0	0.0
50272	113	0	5	0.275	37.4	187.0	0.3333333333333333
50273	224	0	5	0.5525	100.2	501.0	0.3333333333333333
50274	331	0	5	0.82	183.8	919.0	0.6666666666666666
50275	234	0	5	0.5775	115.6	578.0	0.3333333333333333
50276	235	0	5	0.58	212.0	1060.0	0.3333333333333333
50277	32	0	5	0.0725	30.0	150.0	0.0
50278	37	0	5	0.085	15.8	79.0	0.3333333333333333
50279	82	0	5	0.1975	65.6	328.0	0.0
50280	150	0	5	0.3675	48.8	244.0	0.3333333333333333
50281	401	0	4	0.9975	297.6	1488.0	0.6666666666666666
50282	359	0	5	0.89	281.0	1405.0	0.6666666666666666
50283	307	0	5	0.76	99.4	497.0	0.6666666666666666
50284	149	0	5	0.365	144.0	720.0	0.0
50285	256	0	5	0.6325	99.0	495.0	0.3333333333333333
50286	332	0	5	0.8225	141.6	708.0	0.6666666666666666
50287	386	1	4	0.9625	321.4	1607.0	1.0
50288	234	0	5	0.5775	135.4	677.0	0.3333333333333333
50289	148	1	4	0.3675	116.0	580.0	1.0
50290	351	0	5	0.87	179.6	898.0	0.6666666666666666
50291	144	0	5	0.3525	95.2	476.0	0.3333333333333333
50292	118	0	5	0.2875	106.4	532.0	0.3333333333333333
50293	154	0	5	0.3775	115.2	576.0	0.3333333333333333
50294	271	1	4	0.675	189.8	949.0	1.0
50295	350	1	4	0.8725	92.8	464.0	1.0
50296	189	0	5	0.465	124.0	620.0	0.0
50297	166	0	5	0.4075	152.0	760.0	0.3333333333333333
50298	401	0	4	0.9975	228.8	1144.0	0.6666666666666666
50299	55	0	5	0.13	53.0	265.0	0.0
50300	78	0	5	0.1875	76.0	380.0	0.0
50301	275	0	5	0.68	165.8	829.0	0.3333333333333333
50302	335	0	5	0.83	240.2	1201.0	0.6666666666666666
50303	262	0	5	0.6475	122.4	612.0	0.3333333333333333
50304	364	0	5	0.9025	206.8	1034.0	0.6666666666666666
50305	136	0	5	0.3325	98.6	493.0	0.3333333333333333
50306	38	0	5	0.0875	36.0	180.0	0.0
50307	184	1	4	0.4575	141.8	709.0	1.0
50308	23	0	5	0.05	21.0	105.0	0.0
50309	314	0	5	0.7775	171.2	856.0	0.3333333333333333
50310	34	0	5	0.0775	31.6	158.0	0.3333333333333333
50311	143	0	5	0.35	141.0	705.0	0.0
50312	343	0	5	0.85	171.2	856.0	0.3333333333333333
50313	173	0	5	0.425	140.6	703.0	0.3333333333333333
50314	359	0	5	0.89	161.6	808.0	0.6666666666666666
50315	217	0	5	0.535	103.0	515.0	0.3333333333333333
50316	123	0	5	0.3	78.6	393.0	0.3333333333333333
50317	104	0	5	0.2525	86.8	434.0	0.3333333333333333
50318	187	0	5	0.46	102.8	514.0	0.3333333333333333
50319	82	0	5	0.1975	80.0	400.0	0.0
50320	325	0	5	0.805	134.8	674.0	0.3333333333333333
50321	178	0	5	0.4375	159.8	799.0	0.6666666666666666
50322	18	0	5	0.0375	16.0	80.0	0.0
50323	186	0	5	0.4575	107.6	538.0	0.0
50324	225	0	5	0.555	84.2	421.0	0.0
50325	214	0	5	0.5275	198.6	993.0	0.3333333333333333
50326	129	0	5	0.315	127.0	635.0	0.0
50327	381	0	5	0.945	200.2	1001.0	0.6666666666666666
50328	67	0	5	0.16	65.0	325.0	0.0
50329	194	0	5	0.4775	166.4	832.0	0.3333333333333333
50330	204	0	5	0.5025	150.0	750.0	0.3333333333333333
50331	60	0	5	0.1425	48.4	242.0	0.0
50332	393	0	5	0.975	274.4	1372.0	0.6666666666666666
50333	136	1	4	0.3375	102.8	514.0	1.0
50334	275	0	5	0.68	232.2	1161.0	0.3333333333333333
50335	94	0	5	0.2275	86.6	433.0	0.0
50336	300	1	4	0.7475	174.8	874.0	1.0
50337	14	0	5	0.0275	12.0	60.0	0.0
50338	178	0	5	0.4375	67.2	336.0	0.3333333333333333
50339	349	0	5	0.865	179.4	897.0	0.6666666666666666
50340	294	0	5	0.7275	216.0	1080.0	0.6666666666666666
50341	389	0	5	0.965	228.6	1143.0	0.6666666666666666
50342	260	0	5	0.6425	223.0	1115.0	0.3333333333333333
50343	198	0	5	0.4875	97.6	488.0	0.6666666666666666
50344	213	1	4	0.53	142.6	713.0	1.0
50345	110	0	5	0.2675	96.0	480.0	0.6666666666666666
50346	191	0	5	0.47	166.2	831.0	0.0
50347	20	0	5	0.0425	14.8	74.0	0.3333333333333333
50348	399	1	4	0.995	353.6	1768.0	1.0
50349	106	1	4	0.2625	44.4	222.0	1.0
50350	304	0	5	0.7525	158.4	792.0	0.0
50351	297	0	5	0.735	121.4	607.0	0.3333333333333333
50352	37	0	5	0.085	35.0	175.0	0.0
50353	35	0	5	0.08	33.0	165.0	0.0
50354	303	0	5	0.75	180.6	903.0	0.6666666666666666
50355	236	0	5	0.5825	135.8	679.0	0.6666666666666666
50356	12	0	5	0.0225	10.0	50.0	0.0
50357	269	0	5	0.665	119.0	595.0	0.3333333333333333
50358	21	0	5	0.045	17.4	87.0	0.0
50359	393	0	5	0.975	262.2	1311.0	0.6666666666666666
50360	347	1	4	0.865	125.8	629.0	1.0
50361	226	0	5	0.5575	133.4	667.0	0.3333333333333333
50362	138	0	5	0.3375	117.6	588.0	0.6666666666666666
50363	400	0	5	0.9925	149.8	749.0	0.6666666666666666
50364	331	0	5	0.82	140.2	701.0	0.6666666666666666
50365	324	0	5	0.8025	135.0	675.0	0.6666666666666666
50366	290	0	5	0.7175	75.6	378.0	0.6666666666666666
50367	206	0	5	0.5075	151.2	756.0	0.3333333333333333
50368	180	0	5	0.4425	137.6	688.0	0.6666666666666666
50369	96	0	5	0.2325	53.2	266.0	0.3333333333333333
50370	398	1	4	0.9925	185.8	929.0	1.0
50371	222	0	5	0.5475	153.8	769.0	0.6666666666666666
50372	259	1	4	0.645	134.8	674.0	1.0
50373	62	0	5	0.1475	29.4	147.0	0.3333333333333333
50374	345	0	5	0.855	266.0	1330.0	0.6666666666666666
50375	53	0	5	0.125	51.0	255.0	0.0
50376	69	0	5	0.165	54.0	270.0	0.0
50377	230	0	5	0.5675	114.6	573.0	0.3333333333333333
50378	218	0	5	0.5375	162.0	810.0	0.3333333333333333
50379	251	0	5	0.62	182.2	911.0	0.6666666666666666
50380	98	0	5	0.2375	96.0	480.0	0.0
50381	222	0	5	0.5475	180.8	904.0	0.0
50382	201	0	5	0.495	117.8	589.0	0.6666666666666666
50383	37	0	5	0.085	25.4	127.0	0.3333333333333333
50384	27	0	5	0.06	15.4	77.0	0.3333333333333333
50385	319	0	5	0.79	88.2	441.0	0.6666666666666666
50386	230	0	5	0.5675	177.6	888.0	0.3333333333333333
50387	67	0	5	0.16	65.0	325.0	0.0
50388	72	0	5	0.1725	60.4	302.0	0.3333333333333333
50389	316	0	5	0.7825	268.6	1343.0	0.3333333333333333
50390	186	0	5	0.4575	86.6	433.0	0.3333333333333333
50391	332	0	5	0.8225	95.4	477.0	0.6666666666666666
50392	73	0	5	0.175	30.2	151.0	0.0
50393	365	0	5	0.905	189.0	945.0	0.6666666666666666
50394	344	0	5	0.8525	260.8	1304.0	0.6666666666666666
50395	367	0	5	0.91	145.6	728.0	0.3333333333333333
50396	308	0	5	0.7625	187.8	939.0	0.3333333333333333
50397	349	0	5	0.865	112.6	563.0	0.6666666666666666
50398	210	0	5	0.5175	192.6	963.0	0.3333333333333333
50399	222	0	5	0.5475	131.0	655.0	0.3333333333333333
50400	116	0	5	0.2825	90.0	450.0	0.3333333333333333
50401	341	1	4	0.85	318.6	1593.0	1.0
50402	357	0	5	0.885	223.0	1115.0	0.6666666666666666
50403	244	0	5	0.6025	213.6	1068.0	0.3333333333333333
50404	352	1	4	0.8775	98.8	494.0	1.0
50405	51	0	5	0.12	43.8	219.0	0.0
50406	249	0	5	0.615	177.0	885.0	0.0
50407	315	0	5	0.78	153.4	767.0	0.3333333333333333
50408	220	1	4	0.5475	133.2	666.0	1.0
50409	32	0	5	0.0725	12.8	64.0	0.3333333333333333
50410	330	0	5	0.8175	177.8	889.0	0.3333333333333333
50411	210	0	5	0.5175	177.6	888.0	0.3333333333333333
50412	72	0	5	0.1725	49.0	245.0	0.3333333333333333
50413	317	0	5	0.785	166.0	830.0	0.0
50414	98	0	5	0.2375	58.2	291.0	0.0
50415	173	0	5	0.425	70.8	354.0	0.0
50416	307	0	5	0.76	223.4	1117.0	0.3333333333333333
50417	290	0	5	0.7175	154.8	774.0	0.3333333333333333
50418	61	0	5	0.145	40.6	203.0	0.3333333333333333
50419	279	0	5	0.69	159.4	797.0	0.3333333333333333
50420	292	0	5	0.7225	195.6	978.0	0.6666666666666666
50421	137	0	5	0.335	66.6	333.0	0.0
50422	233	0	5	0.575	103.0	515.0	0.3333333333333333
50423	64	0	5	0.1525	59.6	298.0	0.3333333333333333
50424	194	0	5	0.4775	82.2	411.0	0.6666666666666666
50425	134	0	5	0.3275	108.4	542.0	0.3333333333333333
50426	279	0	5	0.69	119.4	597.0	0.6666666666666666
50427	296	0	5	0.7325	233.2	1166.0	0.6666666666666666
50428	145	0	5	0.355	88.4	442.0	0.0
50429	121	0	5	0.295	114.2	571.0	0.0
50430	334	0	5	0.8275	80.0	400.0	0.6666666666666666
50431	194	1	4	0.4825	188.6	943.0	1.0
50432	132	0	5	0.3225	56.2	281.0	0.3333333333333333
50433	395	0	5	0.98	220.8	1104.0	0.6666666666666666
50434	395	0	5	0.98	187.2	936.0	0.6666666666666666
50435	237	0	5	0.585	88.4	442.0	0.6666666666666666
50436	159	0	5	0.39	68.4	342.0	0.6666666666666666
50437	248	0	5	0.6125	158.6	793.0	0.3333333333333333
50438	389	0	5	0.965	188.0	940.0	0.6666666666666666
50439	61	0	5	0.145	59.0	295.0	0.0
50440	337	1	4	0.84	139.4	697.0	1.0
50441	268	0	5	0.6625	208.2	1041.0	0.0
50442	67	0	5	0.16	30.2	151.0	0.3333333333333333
50443	309	0	5	0.765	184.4	922.0	0.6666666666666666
50444	328	0	5	0.8125	189.0	945.0	0.3333333333333333
50445	273	0	5	0.675	155.8	779.0	0.6666666666666666
50446	54	0	5	0.1275	28.6	143.0	0.0
50447	12	0	5	0.0225	10.0	50.0	0.0
50448	208	0	5	0.5125	131.2	656.0	0.3333333333333333
50449	327	1	4	0.815	112.0	560.0	1.0
50450	108	0	5	0.2625	106.0	530.0	0.0
50451	364	1	4	0.9075	162.4	812.0	1.0
50452	167	0	5	0.41	66.0	330.0	0.6666666666666666
50453	123	0	5	0.3	96.4	482.0	0.0
50454	174	0	5	0.4275	172.0	860.0	0.0
50455	295	0	5	0.73	226.0	1130.0	0.3333333333333333
50456	327	0	5	0.81	159.0	795.0	0.6666666666666666
50457	60	0	5	0.1425	58.0	290.0	0.0
50458	74	0	5	0.1775	72.0	360.0	0.0
50459	252	0	5	0.6225	196.0	980.0	0.3333333333333333
50460	235	0	5	0.58	171.0	855.0	0.6666666666666666
50461	110	0	5	0.2675	100.8	504.0	0.6666666666666666
50462	126	0	5	0.3075	79.0	395.0	0.6666666666666666
50463	357	0	5	0.885	129.2	646.0	0.6666666666666666
50464	230	1	4	0.5725	108.4	542.0	1.0
50465	173	0	5	0.425	154.6	773.0	0.0
50466	136	0	5	0.3325	134.0	670.0	0.0
50467	68	0	5	0.1625	66.0	330.0	0.0
50468	109	0	5	0.265	76.6	383.0	0.3333333333333333
50469	22	0	5	0.0475	20.0	100.0	0.0
50470	205	0	5	0.505	111.2	556.0	0.3333333333333333
50471	63	0	5	0.15	27.0	135.0	0.3333333333333333
50472	146	0	5	0.3575	119.4	597.0	0.0
50473	193	0	5	0.475	147.8	739.0	0.0
50474	363	1	4	0.905	176.2	881.0	1.0
50475	152	0	5	0.3725	126.4	632.0	0.3333333333333333
50476	205	0	5	0.505	103.0	515.0	0.3333333333333333
50477	84	0	5	0.2025	82.0	410.0	0.0
50478	155	0	5	0.38	95.0	475.0	0.3333333333333333
50479	267	0	5	0.66	221.8	1109.0	0.3333333333333333
50480	317	0	5	0.785	144.0	720.0	0.6666666666666666
50481	243	1	4	0.605	160.6	803.0	1.0
50482	75	0	5	0.18	49.6	248.0	0.3333333333333333
50483	390	1	4	0.9725	175.2	876.0	1.0
50484	288	0	5	0.7125	192.2	961.0	0.6666666666666666
50485	268	1	4	0.6675	68.0	340.0	1.0
50486	370	0	5	0.9175	220.8	1104.0	0.3333333333333333
50487	184	0	5	0.4525	182.0	910.0	0.0
50488	20	0	5	0.0425	18.0	90.0	0.0
50489	218	0	5	0.5375	213.4	1067.0	0.3333333333333333
50490	290	1	4	0.7225	87.6	438.0	1.0
50491	236	1	4	0.5875	91.4	457.0	1.0
50492	119	0	5	0.29	117.0	585.0	0.0
50493	298	0	5	0.7375	94.4	472.0	0.6666666666666666
50494	261	1	4	0.65	215.4	1077.0	1.0
50495	18	0	5	0.0375	15.4	77.0	0.3333333333333333
50496	211	0	5	0.52	55.4	277.0	0.6666666666666666
50497	78	0	5	0.1875	56.0	280.0	0.3333333333333333
50498	284	0	5	0.7025	215.0	1075.0	0.3333333333333333
50499	11	0	5	0.02	9.0	45.0	0.0
50500	245	0	5	0.605	243.0	1215.0	0.0
50501	304	1	4	0.7575	264.8	1324.0	1.0
50502	20	0	5	0.0425	18.0	90.0	0.0
50503	138	0	5	0.3375	95.8	479.0	0.6666666666666666
50504	148	0	5	0.3625	105.2	526.0	0.6666666666666666
50505	203	0	5	0.5	153.0	765.0	0.3333333333333333
50506	211	0	5	0.52	162.8	814.0	0.3333333333333333
50507	160	0	5	0.3925	116.6	583.0	0.3333333333333333
50508	356	0	5	0.8825	249.6	1248.0	0.6666666666666666
50509	256	0	5	0.6325	97.0	485.0	0.6666666666666666
50510	249	0	5	0.615	184.4	922.0	0.0
50511	340	0	5	0.8425	124.0	620.0	0.6666666666666666
50512	81	0	5	0.195	67.0	335.0	0.3333333333333333
50513	324	1	4	0.8075	122.8	614.0	1.0
50514	57	0	5	0.135	52.4	262.0	0.3333333333333333
50515	153	0	5	0.375	80.0	400.0	0.6666666666666666
50516	384	0	5	0.9525	242.8	1214.0	0.6666666666666666
50517	353	1	4	0.88	164.2	821.0	1.0
50518	187	0	5	0.46	107.0	535.0	0.3333333333333333
50519	290	0	5	0.7175	260.8	1304.0	0.3333333333333333
50520	111	0	5	0.27	77.8	389.0	0.3333333333333333
50521	348	1	4	0.8675	108.4	542.0	1.0
50522	294	1	4	0.7325	73.2	366.0	1.0
50523	155	0	5	0.38	153.0	765.0	0.3333333333333333
50524	65	0	5	0.155	63.0	315.0	0.0
50525	401	0	3	0.9975	300.4	1502.0	0.6666666666666666
50526	161	0	5	0.395	72.6	363.0	0.3333333333333333
50527	159	0	5	0.39	106.6	533.0	0.0
50528	340	0	5	0.8425	228.2	1141.0	0.6666666666666666
50529	157	0	5	0.385	64.2	321.0	0.3333333333333333
50530	376	1	4	0.9375	256.8	1284.0	1.0
50531	202	0	5	0.4975	148.4	742.0	0.0
50532	232	0	5	0.5725	134.8	674.0	0.3333333333333333
50533	305	0	5	0.755	245.2	1226.0	0.3333333333333333
50534	203	0	5	0.5	76.4	382.0	0.3333333333333333
50535	211	0	5	0.52	178.2	891.0	0.0
50536	319	1	4	0.795	73.6	368.0	1.0
50537	40	0	5	0.0925	25.4	127.0	0.0
50538	338	0	5	0.8375	135.6	678.0	0.3333333333333333
50539	399	1	4	0.995	126.2	631.0	1.0
50540	178	1	4	0.4425	72.4	362.0	1.0
50541	168	0	5	0.4125	67.6	338.0	0.0
50542	235	0	5	0.58	90.8	454.0	0.6666666666666666
50543	361	1	4	0.9	132.2	661.0	1.0
50544	19	0	5	0.04	5.8	29.0	0.3333333333333333
50545	22	0	5	0.0475	18.8	94.0	0.3333333333333333
50546	76	0	5	0.1825	47.6	238.0	0.6666666666666666
50547	133	0	5	0.325	50.2	251.0	0.3333333333333333
50548	249	0	5	0.615	107.4	537.0	0.3333333333333333
50549	321	0	5	0.795	250.4	1252.0	0.3333333333333333
50550	174	0	5	0.4275	158.2	791.0	0.3333333333333333
50551	297	0	5	0.735	156.8	784.0	0.0
50552	273	0	5	0.675	238.6	1193.0	0.3333333333333333
50553	190	0	5	0.4675	82.6	413.0	0.3333333333333333
50554	332	0	5	0.8225	200.8	1004.0	0.6666666666666666
50555	133	0	5	0.325	93.2	466.0	0.0
50556	196	0	5	0.4825	79.6	398.0	0.3333333333333333
50557	56	0	5	0.1325	22.0	110.0	0.3333333333333333
50558	33	0	5	0.075	31.0	155.0	0.3333333333333333
50559	221	0	5	0.545	185.8	929.0	0.0
50560	272	1	4	0.6775	107.0	535.0	1.0
50561	291	0	5	0.72	268.6	1343.0	0.0
50562	374	0	5	0.9275	296.0	1480.0	0.6666666666666666
50563	336	1	4	0.8375	146.4	732.0	1.0
50564	176	1	4	0.4375	84.0	420.0	1.0
50565	296	0	5	0.7325	211.2	1056.0	0.0
50566	302	0	5	0.7475	179.0	895.0	0.3333333333333333
50567	175	0	5	0.43	87.8	439.0	0.0
50568	166	0	5	0.4075	138.8	694.0	0.6666666666666666
50569	371	1	4	0.925	122.2	611.0	1.0
50570	190	0	5	0.4675	135.2	676.0	0.6666666666666666
50571	318	0	5	0.7875	250.2	1251.0	0.6666666666666666
50572	66	0	5	0.1575	64.0	320.0	0.0
50573	128	0	5	0.3125	120.4	602.0	0.6666666666666666
50574	33	0	5	0.075	31.0	155.0	0.0
50575	223	0	5	0.55	118.6	593.0	0.3333333333333333
50576	211	0	5	0.52	190.2	951.0	0.3333333333333333
50577	188	0	5	0.4625	186.0	930.0	0.0
50578	137	0	5	0.335	66.2	331.0	0.6666666666666666
50579	249	0	5	0.615	123.4	617.0	0.6666666666666666
50580	344	0	5	0.8525	223.2	1116.0	0.6666666666666666
50581	237	0	5	0.585	152.2	761.0	0.3333333333333333
50582	98	0	5	0.2375	50.8	254.0	0.3333333333333333
50583	173	0	5	0.425	90.2	451.0	0.6666666666666666
50584	159	0	5	0.39	33.8	169.0	0.6666666666666666
50585	180	0	5	0.4425	75.2	376.0	0.6666666666666666
50586	87	0	5	0.21	52.6	263.0	0.3333333333333333
50587	167	0	5	0.41	93.0	465.0	0.3333333333333333
50588	251	0	5	0.62	171.8	859.0	0.3333333333333333
50589	266	0	5	0.6575	111.0	555.0	0.0
50590	266	0	5	0.6575	239.6	1198.0	0.3333333333333333
50591	224	0	5	0.5525	179.2	896.0	0.3333333333333333
50592	329	0	5	0.815	233.2	1166.0	0.3333333333333333
50593	160	0	5	0.3925	101.2	506.0	0.3333333333333333
50594	87	0	5	0.21	79.0	395.0	0.3333333333333333
50595	220	0	5	0.5425	168.2	841.0	0.0
50596	133	0	5	0.325	59.0	295.0	0.0
50597	69	0	5	0.165	67.0	335.0	0.0
50598	21	0	5	0.045	19.0	95.0	0.0
50599	293	0	5	0.725	277.8	1389.0	0.3333333333333333
50600	209	0	5	0.515	46.2	231.0	0.3333333333333333
50601	295	0	5	0.73	151.0	755.0	0.6666666666666666
50602	5	0	5	0.005	3.0	15.0	0.0
50603	369	1	4	0.92	237.4	1187.0	1.0
50604	200	0	5	0.4925	49.2	246.0	0.3333333333333333
50605	339	1	4	0.845	237.8	1189.0	1.0
50606	194	0	5	0.4775	84.0	420.0	0.6666666666666666
50607	141	0	5	0.345	123.4	617.0	0.3333333333333333
50608	199	0	5	0.49	149.0	745.0	0.3333333333333333
50609	361	0	5	0.895	238.2	1191.0	0.6666666666666666
50610	342	0	5	0.8475	108.8	544.0	0.6666666666666666
50611	279	1	4	0.695	190.8	954.0	1.0
50612	191	0	5	0.47	143.0	715.0	0.0
50613	225	0	5	0.555	88.6	443.0	0.3333333333333333
50614	394	0	5	0.9775	126.6	633.0	0.6666666666666666
50615	144	0	5	0.3525	94.0	470.0	0.0
50616	246	1	4	0.6125	190.8	954.0	1.0
50617	226	0	5	0.5575	90.0	450.0	0.3333333333333333
50618	209	0	5	0.515	148.8	744.0	0.3333333333333333
50619	285	0	5	0.705	91.2	456.0	0.6666666666666666
50620	252	1	4	0.6275	140.0	700.0	1.0
50621	315	0	5	0.78	208.0	1040.0	0.3333333333333333
50622	78	0	5	0.1875	60.4	302.0	0.3333333333333333
50623	317	0	5	0.785	109.4	547.0	0.6666666666666666
50624	303	0	5	0.75	115.4	577.0	0.3333333333333333
50625	106	0	5	0.2575	104.0	520.0	0.0
50626	238	0	5	0.5875	131.0	655.0	0.6666666666666666
50627	296	1	4	0.7375	195.6	978.0	1.0
50628	331	0	5	0.82	197.8	989.0	0.6666666666666666
50629	75	0	5	0.18	60.2	301.0	0.0
50630	342	0	5	0.8475	227.4	1137.0	0.6666666666666666
50631	168	0	5	0.4125	84.4	422.0	0.6666666666666666
50632	254	0	5	0.6275	116.8	584.0	0.3333333333333333
50633	42	0	5	0.0975	25.6	128.0	0.0
50634	246	0	5	0.6075	151.6	758.0	0.3333333333333333
50635	291	1	4	0.725	141.0	705.0	1.0
50636	104	0	5	0.2525	82.4	412.0	0.3333333333333333
50637	328	0	5	0.8125	187.6	938.0	0.6666666666666666
50638	391	1	4	0.975	271.4	1357.0	1.0
50639	396	0	5	0.9825	278.6	1393.0	0.6666666666666666
50640	249	0	5	0.615	247.0	1235.0	0.0
50641	253	0	5	0.625	159.2	796.0	0.3333333333333333
50642	25	0	5	0.055	11.8	59.0	0.3333333333333333
50643	322	0	5	0.7975	272.4	1362.0	0.3333333333333333
50644	119	0	5	0.29	117.0	585.0	0.0
50645	394	0	5	0.9775	150.4	752.0	0.6666666666666666
50646	115	0	5	0.28	113.0	565.0	0.0
50647	86	0	5	0.2075	83.4	417.0	0.3333333333333333
50648	188	0	5	0.4625	104.8	524.0	0.6666666666666666
50649	87	0	5	0.21	69.0	345.0	0.3333333333333333
50650	74	0	5	0.1775	72.0	360.0	0.0
50651	235	0	5	0.58	111.2	556.0	0.3333333333333333
50652	2	0	5	0.0	0.0	0.0	0.0
50653	210	0	5	0.5175	117.6	588.0	0.3333333333333333
50654	310	1	4	0.7725	158.0	790.0	1.0
50655	163	0	5	0.4	126.0	630.0	0.3333333333333333
50656	360	1	4	0.8975	135.2	676.0	1.0
50657	80	0	5	0.1925	67.2	336.0	0.3333333333333333
50658	249	0	5	0.615	106.2	531.0	0.3333333333333333
50659	116	0	5	0.2825	103.6	518.0	0.0
50660	179	0	5	0.44	140.4	702.0	0.6666666666666666
50661	274	0	5	0.6775	124.8	624.0	0.3333333333333333
50662	378	0	5	0.9375	79.2	396.0	0.6666666666666666
50663	372	0	5	0.9225	186.8	934.0	0.6666666666666666
50664	4	0	5	0.0025	2.0	10.0	0.0
50665	3	0	5	0.0025	0.2	1.0	0.3333333333333333
50666	95	0	5	0.23	41.8	209.0	0.3333333333333333
50667	227	0	5	0.56	130.6	653.0	0.3333333333333333
50668	54	0	5	0.1275	46.6	233.0	0.3333333333333333
50669	150	0	5	0.3675	120.8	604.0	0.3333333333333333
50670	202	1	4	0.5025	118.4	592.0	1.0
50671	281	0	5	0.695	113.6	568.0	0.3333333333333333
50672	108	0	5	0.2625	86.2	431.0	0.3333333333333333
50673	60	0	5	0.1425	58.0	290.0	0.0
50674	386	0	5	0.9575	198.6	993.0	0.6666666666666666
50675	152	0	5	0.3725	105.2	526.0	0.3333333333333333
50676	271	0	5	0.67	136.0	680.0	0.3333333333333333
50677	321	1	4	0.8	118.2	591.0	1.0
50678	383	0	5	0.95	284.4	1422.0	0.6666666666666666
50679	400	0	5	0.9925	150.0	750.0	0.6666666666666666
50680	205	0	5	0.505	100.6	503.0	0.3333333333333333
50681	176	0	5	0.4325	56.4	282.0	0.6666666666666666
50682	263	0	5	0.65	80.0	400.0	0.6666666666666666
50683	307	0	5	0.76	159.4	797.0	0.3333333333333333
50684	34	0	5	0.0775	32.0	160.0	0.0
50685	248	0	5	0.6125	189.2	946.0	0.6666666666666666
50686	127	0	5	0.31	125.0	625.0	0.0
50687	314	0	5	0.7775	188.4	942.0	0.6666666666666666
50688	212	0	5	0.5225	123.0	615.0	0.6666666666666666
50689	168	0	5	0.4125	90.0	450.0	0.3333333333333333
50690	163	0	5	0.4	67.8	339.0	0.3333333333333333
50691	225	0	5	0.555	223.0	1115.0	0.0
50692	253	0	5	0.625	124.4	622.0	0.3333333333333333
50693	297	1	4	0.74	105.0	525.0	1.0
50694	368	0	5	0.9125	93.2	466.0	0.6666666666666666
50695	294	0	5	0.7275	134.8	674.0	0.3333333333333333
50696	213	0	5	0.525	86.2	431.0	0.3333333333333333
50697	360	0	5	0.8925	164.6	823.0	0.6666666666666666
50698	85	0	5	0.205	83.0	415.0	0.0
50699	69	0	5	0.165	35.8	179.0	0.3333333333333333
50700	55	0	5	0.13	37.8	189.0	0.3333333333333333
50701	240	0	5	0.5925	151.0	755.0	0.3333333333333333
50702	272	0	5	0.6725	123.4	617.0	0.3333333333333333
50703	260	0	5	0.6425	68.4	342.0	0.6666666666666666
50704	89	0	5	0.215	70.0	350.0	0.0
50705	222	0	5	0.5475	220.0	1100.0	0.0
50706	218	0	5	0.5375	167.4	837.0	0.6666666666666666
50707	330	0	5	0.8175	115.8	579.0	0.6666666666666666
50708	215	0	5	0.53	134.2	671.0	0.3333333333333333
50709	335	0	5	0.83	209.8	1049.0	0.0
50710	287	0	5	0.71	129.8	649.0	0.6666666666666666
50711	37	0	5	0.085	35.0	175.0	0.0
50712	204	0	5	0.5025	160.0	800.0	0.3333333333333333
50713	230	0	5	0.5675	187.8	939.0	0.6666666666666666
50714	126	1	4	0.3125	63.8	319.0	1.0
50715	214	0	5	0.5275	103.4	517.0	0.3333333333333333
50716	280	0	5	0.6925	161.8	809.0	0.3333333333333333
50717	246	0	5	0.6075	202.8	1014.0	0.6666666666666666
50718	248	0	5	0.6125	125.4	627.0	0.3333333333333333
50719	161	0	5	0.395	41.8	209.0	0.3333333333333333
50720	300	0	5	0.7425	234.4	1172.0	0.6666666666666666
50721	276	0	5	0.6825	163.2	816.0	0.0
50722	138	0	5	0.3375	134.4	672.0	0.3333333333333333
50723	19	0	5	0.04	17.0	85.0	0.0
50724	298	0	5	0.7375	191.6	958.0	0.6666666666666666
50725	199	0	5	0.49	193.4	967.0	0.0
50726	109	0	5	0.265	87.8	439.0	0.0
50727	225	0	5	0.555	174.6	873.0	0.3333333333333333
50728	251	0	5	0.62	189.6	948.0	0.3333333333333333
50729	173	0	5	0.425	47.2	236.0	0.3333333333333333
50730	49	0	5	0.115	28.4	142.0	0.3333333333333333
50731	275	1	3	0.685	190.4	952.0	1.0
50732	103	0	5	0.25	101.0	505.0	0.0
50733	331	1	4	0.825	200.2	1001.0	1.0
50734	171	0	5	0.42	117.8	589.0	0.3333333333333333
50735	71	0	5	0.17	49.4	247.0	0.3333333333333333
50736	135	0	5	0.33	125.4	627.0	0.3333333333333333
50737	194	0	5	0.4775	175.4	877.0	0.3333333333333333
50738	253	0	5	0.625	151.6	758.0	0.6666666666666666
50739	167	0	5	0.41	76.8	384.0	0.0
50740	188	0	5	0.4625	184.0	920.0	0.3333333333333333
50741	243	0	5	0.6	163.0	815.0	0.6666666666666666
50742	97	0	5	0.235	31.8	159.0	0.3333333333333333
50743	267	0	5	0.66	174.6	873.0	0.6666666666666666
50744	207	0	5	0.51	117.2	586.0	0.3333333333333333
50745	73	0	5	0.175	71.0	355.0	0.0
50746	174	0	5	0.4275	172.0	860.0	0.3333333333333333
50747	210	0	5	0.5175	129.6	648.0	0.3333333333333333
50748	198	0	5	0.4875	110.0	550.0	0.3333333333333333
50749	198	0	5	0.4875	155.2	776.0	0.3333333333333333
50750	28	0	5	0.0625	26.0	130.0	0.0
50751	283	0	5	0.7	233.8	1169.0	0.3333333333333333
50752	257	0	5	0.635	155.0	775.0	0.6666666666666666
50753	19	0	5	0.04	17.0	85.0	0.0
50754	345	0	5	0.855	279.0	1395.0	0.6666666666666666
50755	103	1	4	0.255	32.6	163.0	1.0
50756	53	0	5	0.125	51.0	255.0	0.0
50757	348	0	5	0.8625	113.4	567.0	0.6666666666666666
50758	380	0	5	0.9425	297.6	1488.0	0.6666666666666666
50759	32	0	5	0.0725	21.0	105.0	0.0
50760	301	0	5	0.745	167.0	835.0	0.3333333333333333
50761	220	0	5	0.5425	90.4	452.0	0.3333333333333333
50762	144	0	5	0.3525	77.2	386.0	0.3333333333333333
50763	78	0	5	0.1875	61.6	308.0	0.3333333333333333
50764	294	0	5	0.7275	131.8	659.0	0.6666666666666666
50765	69	0	5	0.165	67.0	335.0	0.0
50766	300	0	5	0.7425	261.2	1306.0	0.6666666666666666
50767	364	0	5	0.9025	206.0	1030.0	0.6666666666666666
50768	259	0	5	0.64	129.8	649.0	0.3333333333333333
50769	63	0	5	0.15	56.6	283.0	0.3333333333333333
50770	202	0	5	0.4975	116.6	583.0	0.3333333333333333
50771	187	0	5	0.46	177.4	887.0	0.3333333333333333
50772	253	0	5	0.625	99.0	495.0	0.3333333333333333
50773	166	0	5	0.4075	151.8	759.0	0.3333333333333333
50774	393	0	5	0.975	142.4	712.0	0.6666666666666666
50775	29	0	5	0.065	27.0	135.0	0.0
50776	388	1	4	0.9675	277.6	1388.0	1.0
50777	341	0	5	0.845	126.8	634.0	0.6666666666666666
50778	171	0	5	0.42	132.4	662.0	0.3333333333333333
50779	174	0	5	0.4275	69.2	346.0	0.3333333333333333
50780	70	0	5	0.1675	29.6	148.0	0.3333333333333333
50781	262	0	5	0.6475	221.4	1107.0	0.0
50782	319	0	5	0.79	192.6	963.0	0.3333333333333333
50783	192	0	5	0.4725	160.0	800.0	0.3333333333333333
50784	176	0	5	0.4325	110.8	554.0	0.0
50785	245	0	5	0.605	136.8	684.0	0.6666666666666666
50786	148	0	5	0.3625	146.0	730.0	0.0
50787	257	0	5	0.635	189.6	948.0	0.6666666666666666
50788	26	0	5	0.0575	22.0	110.0	0.0
50789	212	0	5	0.5225	114.8	574.0	0.6666666666666666
50790	55	1	4	0.135	39.6	198.0	1.0
50791	351	0	5	0.87	105.0	525.0	0.6666666666666666
50792	69	0	5	0.165	55.8	279.0	0.3333333333333333
50793	331	0	5	0.82	138.4	692.0	0.6666666666666666
50794	54	0	5	0.1275	52.0	260.0	0.0
50795	278	0	5	0.6875	158.8	794.0	0.3333333333333333
50796	75	0	5	0.18	73.0	365.0	0.0
50797	172	0	5	0.4225	100.6	503.0	0.6666666666666666
50798	192	0	5	0.4725	115.6	578.0	0.0
50799	63	0	5	0.15	61.0	305.0	0.0
50800	371	0	5	0.92	224.6	1123.0	0.6666666666666666
50801	23	0	5	0.05	17.0	85.0	0.3333333333333333
50802	198	0	5	0.4875	100.0	500.0	0.3333333333333333
50803	197	0	5	0.485	181.2	906.0	0.6666666666666666
50804	235	0	5	0.58	77.4	387.0	0.3333333333333333
50805	219	0	5	0.54	126.6	633.0	0.3333333333333333
50806	304	0	5	0.7525	162.6	813.0	0.3333333333333333
50807	197	0	5	0.485	107.0	535.0	0.3333333333333333
50808	381	0	5	0.945	183.8	919.0	0.6666666666666666
50809	344	0	5	0.8525	257.8	1289.0	0.3333333333333333
50810	139	1	4	0.345	30.2	151.0	1.0
50811	350	0	5	0.8675	135.4	677.0	0.6666666666666666
50812	71	0	5	0.17	65.2	326.0	0.0
50813	345	0	5	0.855	167.4	837.0	0.6666666666666666
50814	86	0	5	0.2075	83.2	416.0	0.0
50815	198	0	5	0.4875	141.6	708.0	0.3333333333333333
50816	282	0	5	0.6975	197.6	988.0	0.6666666666666666
50817	184	0	5	0.4525	101.2	506.0	0.3333333333333333
50818	317	0	5	0.785	275.0	1375.0	0.3333333333333333
50819	130	0	5	0.3175	117.8	589.0	0.3333333333333333
50820	266	0	5	0.6575	68.8	344.0	0.0
50821	139	0	5	0.34	96.6	483.0	0.0
50822	387	0	5	0.96	140.2	701.0	0.6666666666666666
50823	387	1	4	0.965	183.0	915.0	1.0
50824	197	1	4	0.49	149.8	749.0	1.0
50825	95	0	5	0.23	91.8	459.0	0.0
50826	362	0	5	0.8975	163.4	817.0	0.6666666666666666
50827	398	0	5	0.9875	133.2	666.0	0.6666666666666666
50828	69	0	5	0.165	67.0	335.0	0.0
50829	91	0	5	0.22	66.2	331.0	0.0
50830	206	0	5	0.5075	162.8	814.0	0.0
50831	41	0	5	0.095	36.0	180.0	0.0
50832	305	1	4	0.76	124.8	624.0	1.0
50833	47	0	5	0.11	45.0	225.0	0.0
50834	299	0	5	0.74	180.8	904.0	0.3333333333333333
50835	354	1	4	0.8825	298.0	1490.0	1.0
50836	148	0	5	0.3625	70.2	351.0	0.6666666666666666
50837	393	0	5	0.975	177.4	887.0	0.6666666666666666
50838	173	0	5	0.425	153.0	765.0	0.0
50839	259	0	5	0.64	130.6	653.0	0.6666666666666666
50840	79	0	5	0.19	77.0	385.0	0.0
50841	171	0	5	0.42	124.4	622.0	0.3333333333333333
50842	361	0	5	0.895	151.6	758.0	0.6666666666666666
50843	163	0	5	0.4	120.8	604.0	0.3333333333333333
50844	275	0	5	0.68	153.8	769.0	0.3333333333333333
50845	285	0	5	0.705	222.4	1112.0	0.6666666666666666
50846	208	0	5	0.5125	75.4	377.0	0.6666666666666666
50847	316	0	5	0.7825	160.4	802.0	0.6666666666666666
50848	397	1	4	0.99	138.2	691.0	1.0
50849	134	0	5	0.3275	120.8	604.0	0.0
50850	75	0	5	0.18	44.4	222.0	0.3333333333333333
50851	320	0	5	0.7925	254.2	1271.0	0.3333333333333333
50852	290	0	5	0.7175	170.6	853.0	0.6666666666666666
50853	89	0	5	0.215	72.6	363.0	0.0
50854	160	1	4	0.3975	102.8	514.0	1.0
50855	156	0	5	0.3825	56.8	284.0	0.6666666666666666
50856	348	0	5	0.8625	84.0	420.0	0.6666666666666666
50857	220	0	5	0.5425	125.6	628.0	0.3333333333333333
50858	302	0	5	0.7475	100.4	502.0	0.6666666666666666
50859	230	0	5	0.5675	78.4	392.0	0.3333333333333333
50860	113	0	5	0.275	92.2	461.0	0.0
50861	52	0	5	0.1225	50.0	250.0	0.0
50862	218	0	5	0.5375	134.8	674.0	0.3333333333333333
50863	2	0	5	0.0	0.0	0.0	0.0
50864	331	0	5	0.82	97.2	486.0	0.6666666666666666
50865	331	0	5	0.82	163.8	819.0	0.6666666666666666
50866	268	0	5	0.6625	166.4	832.0	0.3333333333333333
50867	312	0	5	0.7725	247.2	1236.0	0.6666666666666666
50868	47	0	5	0.11	21.8	109.0	0.6666666666666666
50869	42	0	5	0.0975	40.0	200.0	0.0
50870	74	0	5	0.1775	25.0	125.0	0.3333333333333333
50871	173	0	5	0.425	157.8	789.0	0.0
50872	49	0	5	0.115	42.0	210.0	0.0
50873	216	0	5	0.5325	204.0	1020.0	0.0
50874	334	0	5	0.8275	148.0	740.0	0.6666666666666666
50875	234	0	5	0.5775	49.6	248.0	0.0
50876	59	0	5	0.14	37.0	185.0	0.0
50877	17	0	5	0.035	15.0	75.0	0.0
50878	64	0	5	0.1525	51.2	256.0	0.0
50879	350	1	4	0.8725	116.4	582.0	1.0
50880	306	0	5	0.7575	159.2	796.0	0.6666666666666666
50881	136	0	5	0.3325	66.8	334.0	0.3333333333333333
50882	114	0	5	0.2775	83.2	416.0	0.0
50883	100	0	5	0.2425	83.6	418.0	0.0
50884	40	0	5	0.0925	33.8	169.0	0.3333333333333333
50885	394	1	4	0.9825	205.4	1027.0	1.0
50886	264	0	5	0.6525	150.0	750.0	0.0
50887	211	0	5	0.52	90.8	454.0	0.3333333333333333
50888	133	0	5	0.325	101.6	508.0	0.0
50889	198	0	5	0.4875	76.8	384.0	0.3333333333333333
50890	46	0	5	0.1075	27.2	136.0	0.3333333333333333
50891	333	0	5	0.825	178.2	891.0	0.6666666666666666
50892	276	0	5	0.6825	143.4	717.0	0.3333333333333333
50893	127	0	5	0.31	110.4	552.0	0.3333333333333333
50894	154	0	5	0.3775	117.6	588.0	0.6666666666666666
50895	76	0	5	0.1825	22.0	110.0	0.3333333333333333
50896	70	0	5	0.1675	41.0	205.0	0.3333333333333333
50897	341	1	3	0.85	261.6	1308.0	1.0
50898	287	1	4	0.715	199.4	997.0	1.0
50899	114	0	5	0.2775	89.0	445.0	0.3333333333333333
50900	33	0	5	0.075	31.0	155.0	0.0
50901	290	0	5	0.7175	112.2	561.0	0.3333333333333333
50902	397	0	5	0.985	147.0	735.0	0.6666666666666666
50903	43	0	5	0.1	29.6	148.0	0.0
50904	305	0	5	0.755	219.0	1095.0	0.6666666666666666
50905	330	0	5	0.8175	183.4	917.0	0.6666666666666666
50906	381	0	5	0.945	157.2	786.0	0.6666666666666666
50907	71	0	5	0.17	60.2	301.0	0.3333333333333333
50908	259	0	5	0.64	164.2	821.0	0.6666666666666666
50909	362	1	4	0.9025	104.8	524.0	1.0
50910	225	0	5	0.555	215.4	1077.0	0.3333333333333333
50911	319	0	5	0.79	167.0	835.0	0.6666666666666666
50912	285	0	5	0.705	123.0	615.0	0.6666666666666666
50913	220	0	5	0.5425	126.2	631.0	0.3333333333333333
50914	302	1	4	0.7525	190.4	952.0	1.0
50915	277	1	4	0.69	130.0	650.0	1.0
50916	91	0	5	0.22	40.2	201.0	0.0
50917	214	0	5	0.5275	49.6	248.0	0.6666666666666666
50918	157	0	5	0.385	141.4	707.0	0.0
50919	128	0	5	0.3125	51.6	258.0	0.3333333333333333
50920	387	0	5	0.96	161.2	806.0	0.6666666666666666
50921	143	0	5	0.35	124.6	623.0	0.3333333333333333
50922	220	0	5	0.5425	111.0	555.0	0.3333333333333333
50923	75	0	5	0.18	17.0	85.0	0.3333333333333333
50924	138	0	5	0.3375	60.8	304.0	0.3333333333333333
50925	384	0	5	0.9525	175.0	875.0	0.6666666666666666
50926	189	0	5	0.465	154.0	770.0	0.3333333333333333
50927	177	0	5	0.435	75.4	377.0	0.0
50928	382	0	5	0.9475	153.6	768.0	0.6666666666666666
50929	272	0	5	0.6725	255.6	1278.0	0.3333333333333333
50930	93	0	5	0.225	91.0	455.0	0.0
50931	336	0	5	0.8325	174.8	874.0	0.6666666666666666
50932	393	0	5	0.975	284.4	1422.0	0.6666666666666666
50933	30	0	5	0.0675	28.0	140.0	0.0
50934	367	0	5	0.91	199.4	997.0	0.6666666666666666
50935	160	0	5	0.3925	120.2	601.0	0.0
50936	367	1	4	0.915	118.0	590.0	1.0
50937	24	0	5	0.0525	18.8	94.0	0.3333333333333333
50938	73	0	5	0.175	34.2	171.0	0.6666666666666666
50939	136	0	5	0.3325	82.0	410.0	0.3333333333333333
50940	338	0	5	0.8375	146.0	730.0	0.3333333333333333
50941	214	0	5	0.5275	212.0	1060.0	0.0
50942	378	1	4	0.9425	90.8	454.0	1.0
50943	280	0	5	0.6925	83.6	418.0	0.6666666666666666
50944	216	0	5	0.5325	140.0	700.0	0.0
50945	190	0	5	0.4675	113.0	565.0	0.3333333333333333
50946	291	0	5	0.72	139.0	695.0	0.3333333333333333
50947	391	0	5	0.97	245.0	1225.0	0.6666666666666666
50948	286	0	5	0.7075	132.2	661.0	0.6666666666666666
50949	330	0	5	0.8175	155.6	778.0	0.6666666666666666
50950	229	0	5	0.565	120.6	603.0	0.6666666666666666
50951	68	0	5	0.1625	29.8	149.0	0.3333333333333333
50952	190	0	5	0.4675	172.4	862.0	0.0
50953	144	0	5	0.3525	137.2	686.0	0.0
50954	308	0	5	0.7625	216.8	1084.0	0.6666666666666666
50955	317	0	5	0.785	160.2	801.0	0.0
50956	206	0	5	0.5075	85.2	426.0	0.3333333333333333
50957	285	0	5	0.705	74.6	373.0	0.6666666666666666
50958	211	0	5	0.52	159.6	798.0	0.0
50959	367	0	5	0.91	200.0	1000.0	0.6666666666666666
50960	75	0	5	0.18	73.0	365.0	0.0
50961	283	0	5	0.7	260.8	1304.0	0.0
50962	355	0	5	0.88	241.2	1206.0	0.6666666666666666
50963	360	0	5	0.8925	226.2	1131.0	0.6666666666666666
50964	292	0	5	0.7225	163.4	817.0	0.3333333333333333
50965	97	0	5	0.235	90.6	453.0	0.3333333333333333
50966	221	0	5	0.545	167.0	835.0	0.3333333333333333
50967	312	1	4	0.7775	224.0	1120.0	1.0
50968	124	0	5	0.3025	91.6	458.0	0.3333333333333333
50969	235	0	5	0.58	76.2	381.0	0.3333333333333333
50970	112	0	5	0.2725	110.0	550.0	0.3333333333333333
50971	237	0	5	0.585	137.2	686.0	0.6666666666666666
50972	300	0	5	0.7425	170.8	854.0	0.6666666666666666
50973	258	0	5	0.6375	111.2	556.0	0.3333333333333333
50974	205	0	5	0.505	171.4	857.0	0.3333333333333333
50975	62	0	5	0.1475	38.0	190.0	0.3333333333333333
50976	394	1	4	0.9825	290.2	1451.0	1.0
50977	113	0	5	0.275	108.6	543.0	0.0
50978	96	0	5	0.2325	92.6	463.0	0.3333333333333333
50979	292	1	4	0.7275	75.2	376.0	1.0
50980	221	0	5	0.545	116.0	580.0	0.6666666666666666
50981	110	0	5	0.2675	108.0	540.0	0.0
50982	357	0	5	0.885	204.4	1022.0	0.6666666666666666
50983	160	0	5	0.3925	125.8	629.0	0.6666666666666666
50984	265	0	5	0.655	131.4	657.0	0.6666666666666666
50985	16	0	5	0.0325	14.0	70.0	0.0
50986	219	0	5	0.54	107.4	537.0	0.6666666666666666
50987	134	0	5	0.3275	126.4	632.0	0.3333333333333333
50988	196	0	5	0.4825	176.2	881.0	0.0
50989	133	0	5	0.325	131.0	655.0	0.3333333333333333
50990	268	1	4	0.6675	73.6	368.0	1.0
50991	70	0	5	0.1675	68.0	340.0	0.0
50992	206	1	4	0.5125	66.0	330.0	1.0
50993	34	0	5	0.0775	28.2	141.0	0.3333333333333333
50994	202	0	5	0.4975	91.4	457.0	0.3333333333333333
50995	209	0	5	0.515	81.4	407.0	0.3333333333333333
50996	317	0	5	0.785	191.4	957.0	0.6666666666666666
50997	319	0	5	0.79	239.0	1195.0	0.6666666666666666
50998	363	0	5	0.9	183.8	919.0	0.6666666666666666
50999	132	0	5	0.3225	94.4	472.0	0.3333333333333333
51000	128	0	5	0.3125	98.0	490.0	0.3333333333333333
51001	137	0	5	0.335	91.8	459.0	0.3333333333333333
51002	221	0	5	0.545	202.6	1013.0	0.0
51003	85	0	5	0.205	66.2	331.0	0.3333333333333333
51004	66	0	5	0.1575	37.6	188.0	0.3333333333333333
51005	139	0	5	0.34	102.8	514.0	0.3333333333333333
51006	30	0	5	0.0675	28.0	140.0	0.0
51007	32	0	5	0.0725	30.0	150.0	0.0
51008	122	0	5	0.2975	101.8	509.0	0.0
51009	46	0	5	0.1075	44.0	220.0	0.0
51010	117	0	5	0.285	92.8	464.0	0.6666666666666666
51011	202	0	5	0.4975	178.2	891.0	0.3333333333333333
51012	301	0	5	0.745	277.8	1389.0	0.6666666666666666
51013	157	0	5	0.385	137.6	688.0	0.0
51014	247	0	5	0.61	97.4	487.0	0.6666666666666666
51015	222	0	5	0.5475	88.4	442.0	0.0
51016	182	0	5	0.4475	103.8	519.0	0.6666666666666666
51017	210	0	5	0.5175	87.4	437.0	0.6666666666666666
51018	344	0	5	0.8525	183.0	915.0	0.6666666666666666
51019	254	1	4	0.6325	169.2	846.0	1.0
51020	214	0	5	0.5275	164.4	822.0	0.6666666666666666
51021	132	0	5	0.3225	110.0	550.0	0.0
51022	328	0	5	0.8125	258.4	1292.0	0.6666666666666666
51023	309	0	5	0.765	273.8	1369.0	0.3333333333333333
51024	312	1	4	0.7775	244.4	1222.0	1.0
51025	101	0	5	0.245	99.0	495.0	0.0
51026	374	0	5	0.9275	242.2	1211.0	0.6666666666666666
51027	211	0	5	0.52	209.0	1045.0	0.3333333333333333
51028	189	0	5	0.465	179.8	899.0	0.0
51029	398	0	5	0.9875	329.6	1648.0	0.6666666666666666
51030	28	0	5	0.0625	21.8	109.0	0.3333333333333333
51031	244	0	5	0.6025	206.2	1031.0	0.3333333333333333
51032	11	0	5	0.02	9.0	45.0	0.0
51033	128	0	5	0.3125	94.0	470.0	0.3333333333333333
51034	194	0	5	0.4775	69.0	345.0	0.3333333333333333
51035	174	0	5	0.4275	164.8	824.0	0.0
51036	307	0	5	0.76	177.0	885.0	0.6666666666666666
51037	398	0	5	0.9875	265.0	1325.0	0.6666666666666666
51038	154	0	5	0.3775	115.6	578.0	0.3333333333333333
51039	312	0	5	0.7725	167.0	835.0	0.6666666666666666
51040	88	0	5	0.2125	76.4	382.0	0.3333333333333333
51041	340	0	5	0.8425	231.2	1156.0	0.6666666666666666
51042	190	0	5	0.4675	152.4	762.0	0.0
51043	126	0	5	0.3075	124.0	620.0	0.3333333333333333
51044	139	0	5	0.34	46.2	231.0	0.3333333333333333
51045	271	0	5	0.67	142.0	710.0	0.6666666666666666
51046	334	1	4	0.8325	148.4	742.0	1.0
51047	34	0	5	0.0775	32.0	160.0	0.0
51048	332	0	5	0.8225	237.6	1188.0	0.3333333333333333
51049	377	0	5	0.935	147.8	739.0	0.6666666666666666
51050	364	1	3	0.9075	151.6	758.0	1.0
51051	270	1	4	0.6725	134.6	673.0	1.0
51052	331	0	5	0.82	142.0	710.0	0.3333333333333333
51053	273	1	4	0.68	211.4	1057.0	1.0
51054	327	0	5	0.81	273.0	1365.0	0.6666666666666666
51055	30	0	5	0.0675	28.0	140.0	0.0
51056	69	0	5	0.165	46.2	231.0	0.3333333333333333
51057	159	0	5	0.39	118.2	591.0	0.6666666666666666
51058	113	0	5	0.275	111.0	555.0	0.0
51059	204	0	5	0.5025	168.6	843.0	0.0
51060	259	0	5	0.64	128.6	643.0	0.6666666666666666
51061	39	0	5	0.09	37.0	185.0	0.0
51062	140	0	5	0.3425	112.6	563.0	0.3333333333333333
51063	216	0	5	0.5325	137.2	686.0	0.3333333333333333
51064	252	0	5	0.6225	181.2	906.0	0.3333333333333333
51065	168	1	4	0.4175	81.2	406.0	1.0
51066	197	0	5	0.485	150.6	753.0	0.3333333333333333
51067	225	0	5	0.555	117.2	586.0	0.3333333333333333
51068	75	0	5	0.18	62.6	313.0	0.0
51069	107	0	5	0.26	89.8	449.0	0.3333333333333333
51070	26	0	5	0.0575	18.0	90.0	0.3333333333333333
51071	275	0	5	0.68	239.0	1195.0	0.3333333333333333
51072	278	0	5	0.6875	129.6	648.0	0.0
51073	251	0	5	0.62	98.4	492.0	0.6666666666666666
51074	246	0	5	0.6075	100.6	503.0	0.3333333333333333
51075	279	0	5	0.69	253.0	1265.0	0.3333333333333333
51076	133	0	5	0.325	77.6	388.0	0.0
51077	277	0	5	0.685	114.8	574.0	0.3333333333333333
51078	362	0	5	0.8975	275.2	1376.0	0.6666666666666666
51079	341	0	5	0.845	138.8	694.0	0.3333333333333333
51080	157	0	5	0.385	155.0	775.0	0.0
51081	97	0	5	0.235	81.8	409.0	0.3333333333333333
51082	335	0	5	0.83	159.0	795.0	0.6666666666666666
51083	34	0	5	0.0775	20.0	100.0	0.3333333333333333
51084	206	0	5	0.5075	89.4	447.0	0.6666666666666666
51085	201	0	5	0.495	193.0	965.0	0.0
51086	16	0	5	0.0325	14.0	70.0	0.0
51087	387	0	5	0.96	223.2	1116.0	0.6666666666666666
51088	115	0	5	0.28	102.4	512.0	0.3333333333333333
51089	401	0	4	0.9975	137.6	688.0	0.6666666666666666
51090	330	1	4	0.8225	209.8	1049.0	1.0
51091	275	0	5	0.68	89.2	446.0	0.6666666666666666
51092	291	0	5	0.72	240.6	1203.0	0.3333333333333333
51093	116	0	5	0.2825	48.6	243.0	0.3333333333333333
51094	214	0	5	0.5275	188.8	944.0	0.3333333333333333
51095	74	0	5	0.1775	72.0	360.0	0.3333333333333333
51096	211	0	5	0.52	204.2	1021.0	0.3333333333333333
51097	94	0	5	0.2275	58.4	292.0	0.3333333333333333
51098	54	0	5	0.1275	24.0	120.0	0.6666666666666666
51099	315	0	5	0.78	129.4	647.0	0.6666666666666666
51100	41	0	5	0.095	34.2	171.0	0.3333333333333333
51101	339	0	5	0.84	142.6	713.0	0.6666666666666666
51102	145	0	5	0.355	70.4	352.0	0.3333333333333333
51103	62	0	5	0.1475	22.4	112.0	0.3333333333333333
51104	202	0	5	0.4975	49.6	248.0	0.3333333333333333
51105	155	0	5	0.38	53.4	267.0	0.6666666666666666
51106	242	0	5	0.5975	144.2	721.0	0.6666666666666666
51107	165	1	4	0.41	140.4	702.0	1.0
51108	363	0	5	0.9	98.4	492.0	0.6666666666666666
51109	302	0	5	0.7475	205.2	1026.0	0.3333333333333333
51110	299	0	5	0.74	211.4	1057.0	0.3333333333333333
51111	338	0	5	0.8375	138.4	692.0	0.6666666666666666
51112	77	0	5	0.185	61.8	309.0	0.3333333333333333
51113	354	0	5	0.8775	224.6	1123.0	0.6666666666666666
51114	104	0	5	0.2525	37.2	186.0	0.3333333333333333
51115	4	0	5	0.0025	2.0	10.0	0.0
51116	144	0	5	0.3525	87.2	436.0	0.3333333333333333
51117	135	0	5	0.33	44.4	222.0	0.3333333333333333
51118	268	0	5	0.6625	143.4	717.0	0.3333333333333333
51119	291	0	5	0.72	184.2	921.0	0.6666666666666666
51120	339	0	5	0.84	133.0	665.0	0.6666666666666666
51121	32	0	5	0.0725	30.0	150.0	0.0
51122	203	0	5	0.5	199.0	995.0	0.0
51123	224	0	5	0.5525	140.2	701.0	0.6666666666666666
51124	149	0	5	0.365	143.6	718.0	0.0
51125	300	0	5	0.7425	255.6	1278.0	0.6666666666666666
51126	30	0	5	0.0675	9.6	48.0	0.3333333333333333
51127	178	0	5	0.4375	72.2	361.0	0.3333333333333333
51128	135	0	5	0.33	56.2	281.0	0.6666666666666666
51129	141	0	5	0.345	35.6	178.0	0.6666666666666666
51130	250	0	5	0.6175	135.2	676.0	0.6666666666666666
51131	285	0	5	0.705	75.6	378.0	0.6666666666666666
51132	174	0	5	0.4275	125.2	626.0	0.6666666666666666
51133	74	0	5	0.1775	44.4	222.0	0.3333333333333333
51134	191	0	5	0.47	112.6	563.0	0.0
51135	153	0	5	0.375	98.2	491.0	0.3333333333333333
51136	201	0	5	0.495	62.6	313.0	0.6666666666666666
51137	224	0	5	0.5525	105.2	526.0	0.6666666666666666
51138	289	0	5	0.715	245.0	1225.0	0.3333333333333333
51139	358	0	5	0.8875	193.8	969.0	0.6666666666666666
51140	245	0	5	0.605	70.6	353.0	0.3333333333333333
51141	310	0	5	0.7675	225.8	1129.0	0.6666666666666666
51142	87	0	5	0.21	81.8	409.0	0.3333333333333333
51143	61	0	5	0.145	37.6	188.0	0.3333333333333333
51144	231	0	5	0.57	116.2	581.0	0.3333333333333333
51145	151	0	5	0.37	144.6	723.0	0.3333333333333333
51146	255	0	5	0.63	77.8	389.0	0.6666666666666666
51147	228	0	5	0.5625	203.6	1018.0	0.3333333333333333
51148	232	0	5	0.5725	132.4	662.0	0.6666666666666666
51149	89	0	5	0.215	87.0	435.0	0.0
51150	327	0	5	0.81	172.0	860.0	0.6666666666666666
51151	164	0	5	0.4025	129.4	647.0	0.3333333333333333
51152	48	0	5	0.1125	43.6	218.0	0.0
51153	289	0	5	0.715	139.8	699.0	0.0
51154	211	0	5	0.52	74.2	371.0	0.6666666666666666
51155	116	0	5	0.2825	114.0	570.0	0.0
51156	158	0	5	0.3875	89.6	448.0	0.3333333333333333
51157	396	0	5	0.9825	239.2	1196.0	0.6666666666666666
51158	357	0	5	0.885	98.0	490.0	0.6666666666666666
51159	226	0	5	0.5575	116.8	584.0	0.3333333333333333
51160	288	0	5	0.7125	171.6	858.0	0.3333333333333333
51161	357	1	4	0.89	81.0	405.0	1.0
51162	99	0	5	0.24	89.0	445.0	0.3333333333333333
51163	166	0	5	0.4075	71.6	358.0	0.3333333333333333
51164	251	0	5	0.62	215.0	1075.0	0.6666666666666666
51165	293	1	4	0.73	133.0	665.0	1.0
51166	74	0	5	0.1775	72.0	360.0	0.0
51167	150	0	5	0.3675	119.2	596.0	0.6666666666666666
51168	231	0	5	0.57	106.6	533.0	0.6666666666666666
51169	213	1	4	0.53	97.8	489.0	1.0
51170	217	0	5	0.535	182.8	914.0	0.0
51171	51	0	5	0.12	27.2	136.0	0.3333333333333333
51172	243	0	5	0.6	87.6	438.0	0.6666666666666666
51173	137	0	5	0.335	57.2	286.0	0.3333333333333333
51174	96	0	5	0.2325	69.2	346.0	0.3333333333333333
51175	120	0	5	0.2925	98.6	493.0	0.3333333333333333
51176	150	0	5	0.3675	148.0	740.0	0.0
51177	308	0	5	0.7625	192.0	960.0	0.6666666666666666
51178	209	0	5	0.515	58.2	291.0	0.3333333333333333
51179	343	1	4	0.855	90.2	451.0	1.0
51180	94	0	5	0.2275	78.0	390.0	0.0
51181	337	0	5	0.835	204.2	1021.0	0.3333333333333333
51182	208	0	5	0.5125	156.4	782.0	0.3333333333333333
51183	251	0	5	0.62	171.6	858.0	0.0
51184	325	0	5	0.805	199.0	995.0	0.3333333333333333
51185	273	0	5	0.675	74.2	371.0	0.3333333333333333
51186	180	0	5	0.4425	134.2	671.0	0.3333333333333333
51187	144	0	5	0.3525	108.4	542.0	0.6666666666666666
51188	133	0	5	0.325	124.2	621.0	0.3333333333333333
51189	321	0	5	0.795	282.6	1413.0	0.6666666666666666
51190	309	0	5	0.765	191.6	958.0	0.6666666666666666
51191	140	0	5	0.3425	118.2	591.0	0.3333333333333333
51192	6	0	5	0.0075	4.0	20.0	0.0
51193	103	0	5	0.25	101.0	505.0	0.0
51194	192	0	5	0.4725	166.6	833.0	0.3333333333333333
51195	145	0	5	0.355	119.0	595.0	0.3333333333333333
51196	228	0	5	0.5625	137.2	686.0	0.3333333333333333
51197	117	0	5	0.285	94.6	473.0	0.0
51198	112	0	5	0.2725	100.8	504.0	0.3333333333333333
51199	160	0	5	0.3925	129.8	649.0	0.6666666666666666
51200	183	0	5	0.45	63.8	319.0	0.6666666666666666
51201	31	0	5	0.07	7.4	37.0	0.3333333333333333
51202	339	0	5	0.84	208.8	1044.0	0.6666666666666666
51203	293	0	5	0.725	164.2	821.0	0.0
51204	177	0	5	0.435	175.0	875.0	0.0
51205	195	0	5	0.48	125.8	629.0	0.6666666666666666
51206	383	1	4	0.955	136.0	680.0	1.0
51207	15	0	5	0.03	13.0	65.0	0.0
51208	379	1	4	0.945	109.2	546.0	1.0
51209	68	0	5	0.1625	66.0	330.0	0.0
51210	355	0	5	0.88	133.2	666.0	0.3333333333333333
51211	112	0	5	0.2725	30.4	152.0	0.6666666666666666
51212	89	0	5	0.215	77.2	386.0	0.0
51213	177	0	5	0.435	113.8	569.0	0.0
51214	278	0	5	0.6875	83.0	415.0	0.3333333333333333
51215	359	0	5	0.89	135.8	679.0	0.6666666666666666
51216	42	0	5	0.0975	36.6	183.0	0.3333333333333333
51217	57	0	5	0.135	55.0	275.0	0.0
51218	306	0	5	0.7575	215.6	1078.0	0.6666666666666666
51219	183	0	5	0.45	152.2	761.0	0.3333333333333333
51220	156	0	5	0.3825	118.6	593.0	0.0
51221	198	0	5	0.4875	128.4	642.0	0.0
51222	117	0	5	0.285	92.0	460.0	0.3333333333333333
51223	133	0	5	0.325	58.2	291.0	0.3333333333333333
51224	249	0	5	0.615	133.8	669.0	0.3333333333333333
51225	135	0	5	0.33	128.4	642.0	0.3333333333333333
51226	267	0	5	0.66	122.0	610.0	0.3333333333333333
51227	103	0	5	0.25	71.8	359.0	0.3333333333333333
51228	188	0	5	0.4625	186.0	930.0	0.0
51229	371	1	4	0.925	169.2	846.0	1.0
51230	363	0	5	0.9	297.2	1486.0	0.3333333333333333
51231	159	0	5	0.39	97.4	487.0	0.6666666666666666
51232	135	0	5	0.33	55.0	275.0	0.3333333333333333
51233	140	0	5	0.3425	65.4	327.0	0.3333333333333333
51234	363	0	5	0.9	169.2	846.0	0.6666666666666666
51235	3	0	5	0.0025	0.2	1.0	0.3333333333333333
51236	104	0	5	0.2525	84.0	420.0	0.3333333333333333
51237	150	0	5	0.3675	148.0	740.0	0.0
51238	309	0	5	0.765	153.4	767.0	0.6666666666666666
51239	274	0	5	0.6775	133.4	667.0	0.6666666666666666
51240	103	0	5	0.25	86.6	433.0	0.3333333333333333
51241	198	0	5	0.4875	196.0	980.0	0.0
51242	345	0	5	0.855	250.2	1251.0	0.3333333333333333
51243	323	1	4	0.805	188.4	942.0	1.0
51244	125	0	5	0.305	102.6	513.0	0.3333333333333333
51245	237	0	5	0.585	235.0	1175.0	0.0
51246	296	0	5	0.7325	197.2	986.0	0.3333333333333333
51247	93	0	5	0.225	53.2	266.0	0.3333333333333333
51248	195	0	5	0.48	77.4	387.0	0.3333333333333333
51249	160	1	4	0.3975	72.0	360.0	1.0
51250	296	0	5	0.7325	118.8	594.0	0.3333333333333333
51251	329	1	3	0.82	146.2	731.0	1.0
51252	389	0	5	0.965	309.8	1549.0	0.3333333333333333
51253	266	0	5	0.6575	140.0	700.0	0.6666666666666666
51254	64	0	5	0.1525	33.2	166.0	0.3333333333333333
51255	317	0	5	0.785	154.8	774.0	0.6666666666666666
51256	351	0	5	0.87	208.8	1044.0	0.3333333333333333
51257	280	0	5	0.6925	190.6	953.0	0.3333333333333333
51258	162	0	5	0.3975	160.0	800.0	0.0
51259	89	0	5	0.215	85.8	429.0	0.3333333333333333
51260	20	0	5	0.0425	18.0	90.0	0.0
51261	141	0	5	0.345	116.0	580.0	0.0
51262	219	0	5	0.54	204.4	1022.0	0.3333333333333333
51263	190	0	5	0.4675	147.2	736.0	0.6666666666666666
51264	265	0	5	0.655	196.2	981.0	0.3333333333333333
51265	103	0	5	0.25	62.6	313.0	0.3333333333333333
51266	167	1	4	0.415	147.0	735.0	1.0
51267	40	0	5	0.0925	32.4	162.0	0.3333333333333333
51268	174	0	5	0.4275	152.8	764.0	0.0
51269	150	0	5	0.3675	31.2	156.0	0.6666666666666666
51270	275	0	5	0.68	167.4	837.0	0.3333333333333333
51271	396	0	5	0.9825	198.2	991.0	0.6666666666666666
51272	362	1	4	0.9025	171.6	858.0	1.0
51273	59	0	5	0.14	44.6	223.0	0.3333333333333333
51274	152	0	5	0.3725	40.4	202.0	0.6666666666666666
51275	92	0	5	0.2225	90.0	450.0	0.0
51276	190	0	5	0.4675	98.6	493.0	0.3333333333333333
51277	333	0	5	0.825	89.2	446.0	0.6666666666666666
51278	102	0	5	0.2475	90.2	451.0	0.3333333333333333
51279	255	0	5	0.63	127.6	638.0	0.3333333333333333
51280	222	1	4	0.5525	161.4	807.0	1.0
51281	327	0	5	0.81	150.0	750.0	0.6666666666666666
51282	208	1	4	0.5175	81.2	406.0	1.0
51283	371	0	5	0.92	246.8	1234.0	0.6666666666666666
51284	242	0	5	0.5975	202.6	1013.0	0.3333333333333333
51285	305	0	5	0.755	118.6	593.0	0.6666666666666666
51286	338	0	5	0.8375	308.2	1541.0	0.0
51287	393	0	5	0.975	311.2	1556.0	0.6666666666666666
51288	354	0	5	0.8775	162.8	814.0	0.6666666666666666
51289	170	0	5	0.4175	51.2	256.0	0.3333333333333333
51290	275	1	4	0.685	68.0	340.0	1.0
51291	326	0	5	0.8075	128.4	642.0	0.6666666666666666
51292	242	0	5	0.5975	194.8	974.0	0.3333333333333333
51293	200	0	5	0.4925	108.4	542.0	0.3333333333333333
51294	345	1	4	0.86	89.0	445.0	1.0
51295	311	0	5	0.77	126.6	633.0	0.6666666666666666
51296	23	0	5	0.05	21.0	105.0	0.0
51297	295	0	5	0.73	208.4	1042.0	0.6666666666666666
51298	149	0	5	0.365	104.4	522.0	0.3333333333333333
51299	244	0	5	0.6025	160.0	800.0	0.3333333333333333
51300	391	0	5	0.97	350.0	1750.0	0.6666666666666666
51301	201	0	5	0.495	154.0	770.0	0.3333333333333333
51302	46	0	5	0.1075	44.0	220.0	0.0
51303	300	0	5	0.7425	171.8	859.0	0.3333333333333333
51304	114	0	5	0.2775	81.6	408.0	0.3333333333333333
51305	178	0	5	0.4375	164.4	822.0	0.3333333333333333
51306	374	0	5	0.9275	134.0	670.0	0.6666666666666666
51307	65	0	5	0.155	51.2	256.0	0.3333333333333333
51308	117	0	5	0.285	107.2	536.0	0.3333333333333333
51309	378	0	5	0.9375	195.0	975.0	0.6666666666666666
51310	396	0	5	0.9825	203.2	1016.0	0.6666666666666666
51311	125	0	5	0.305	84.6	423.0	0.3333333333333333
51312	117	0	5	0.285	83.4	417.0	0.3333333333333333
51313	172	0	5	0.4225	68.8	344.0	0.3333333333333333
51314	211	0	5	0.52	139.0	695.0	0.6666666666666666
51315	245	0	5	0.605	176.6	883.0	0.6666666666666666
51316	346	1	4	0.8625	179.6	898.0	1.0
51317	369	0	5	0.915	216.4	1082.0	0.3333333333333333
51318	338	0	5	0.8375	157.6	788.0	0.6666666666666666
51319	217	0	5	0.535	138.8	694.0	0.3333333333333333
51320	151	0	5	0.37	147.0	735.0	0.3333333333333333
51321	72	0	5	0.1725	70.0	350.0	0.0
51322	347	0	5	0.86	273.6	1368.0	0.3333333333333333
51323	4	0	5	0.0025	2.0	10.0	0.0
51324	370	0	5	0.9175	238.2	1191.0	0.6666666666666666
51325	58	0	5	0.1375	53.6	268.0	0.0
51326	226	0	5	0.5575	147.2	736.0	0.3333333333333333
51327	233	0	5	0.575	183.6	918.0	0.3333333333333333
51328	91	0	5	0.22	59.4	297.0	0.0
51329	255	0	5	0.63	229.4	1147.0	0.3333333333333333
51330	245	0	5	0.605	211.6	1058.0	0.3333333333333333
51331	55	0	5	0.13	53.0	265.0	0.0
51332	202	0	5	0.4975	57.2	286.0	0.6666666666666666
51333	233	0	5	0.575	200.4	1002.0	0.6666666666666666
51334	36	0	5	0.0825	34.0	170.0	0.0
51335	370	0	5	0.9175	226.2	1131.0	0.6666666666666666
51336	352	0	5	0.8725	226.4	1132.0	0.6666666666666666
51337	271	1	4	0.675	189.0	945.0	1.0
51338	262	0	5	0.6475	200.8	1004.0	0.3333333333333333
51339	19	0	5	0.04	17.0	85.0	0.0
51340	183	0	5	0.45	59.4	297.0	0.3333333333333333
51341	26	0	5	0.0575	24.0	120.0	0.0
51342	90	0	5	0.2175	73.4	367.0	0.3333333333333333
51343	384	0	5	0.9525	371.6	1858.0	0.3333333333333333
51344	336	0	5	0.8325	185.6	928.0	0.6666666666666666
51345	234	0	5	0.5775	175.0	875.0	0.6666666666666666
51346	53	0	5	0.125	42.0	210.0	0.3333333333333333
51347	340	0	5	0.8425	182.6	913.0	0.6666666666666666
51348	215	0	5	0.53	178.6	893.0	0.3333333333333333
51349	241	0	5	0.595	239.0	1195.0	0.0
51350	142	0	5	0.3475	140.0	700.0	0.0
51351	116	0	5	0.2825	70.0	350.0	0.3333333333333333
51352	335	0	5	0.83	203.8	1019.0	0.6666666666666666
51353	255	0	5	0.63	73.0	365.0	0.3333333333333333
51354	37	0	5	0.085	35.0	175.0	0.0
51355	29	0	5	0.065	27.0	135.0	0.0
51356	352	0	5	0.8725	150.2	751.0	0.6666666666666666
51357	201	0	5	0.495	117.8	589.0	0.3333333333333333
51358	213	0	5	0.525	50.2	251.0	0.3333333333333333
51359	87	0	5	0.21	85.0	425.0	0.0
51360	294	0	5	0.7275	110.8	554.0	0.3333333333333333
51361	213	0	5	0.525	132.0	660.0	0.6666666666666666
51362	308	0	5	0.7625	84.4	422.0	0.6666666666666666
51363	73	0	5	0.175	70.6	353.0	0.3333333333333333
51364	366	0	5	0.9075	351.8	1759.0	0.6666666666666666
51365	204	0	5	0.5025	58.8	294.0	0.3333333333333333
51366	355	0	5	0.88	288.4	1442.0	0.3333333333333333
51367	109	0	5	0.265	66.2	331.0	0.3333333333333333
51368	201	0	5	0.495	178.0	890.0	0.0
51369	262	0	5	0.6475	246.8	1234.0	0.3333333333333333
51370	246	0	5	0.6075	244.0	1220.0	0.0
51371	211	0	5	0.52	177.2	886.0	0.3333333333333333
51372	228	0	5	0.5625	149.6	748.0	0.0
51373	197	0	5	0.485	111.8	559.0	0.3333333333333333
51374	236	0	5	0.5825	136.0	680.0	0.0
51375	258	0	5	0.6375	205.4	1027.0	0.3333333333333333
51376	292	0	5	0.7225	207.6	1038.0	0.6666666666666666
51377	181	0	5	0.445	172.2	861.0	0.0
51378	279	1	4	0.695	195.0	975.0	1.0
51379	370	0	5	0.9175	171.8	859.0	0.6666666666666666
51380	360	1	4	0.8975	124.2	621.0	1.0
51381	314	0	5	0.7775	71.2	356.0	0.6666666666666666
51382	344	0	5	0.8525	258.0	1290.0	0.3333333333333333
51383	156	0	5	0.3825	127.6	638.0	0.3333333333333333
51384	153	0	5	0.375	110.6	553.0	0.0
51385	328	0	5	0.8125	136.6	683.0	0.6666666666666666
51386	175	0	5	0.43	89.2	446.0	0.3333333333333333
51387	256	0	5	0.6325	93.4	467.0	0.3333333333333333
51388	298	0	5	0.7375	225.2	1126.0	0.0
51389	129	0	5	0.315	127.0	635.0	0.0
51390	143	0	5	0.35	112.2	561.0	0.0
51391	251	0	5	0.62	196.6	983.0	0.6666666666666666
51392	239	0	5	0.59	139.4	697.0	0.3333333333333333
51393	362	0	5	0.8975	91.2	456.0	0.3333333333333333
51394	220	1	4	0.5475	205.2	1026.0	1.0
51395	42	0	5	0.0975	40.0	200.0	0.0
51396	346	0	5	0.8575	344.0	1720.0	0.0
51397	194	0	5	0.4775	192.0	960.0	0.3333333333333333
51398	86	0	5	0.2075	73.6	368.0	0.0
51399	211	0	5	0.52	98.6	493.0	0.6666666666666666
51400	64	0	5	0.1525	62.0	310.0	0.0
51401	107	0	5	0.26	105.0	525.0	0.0
51402	347	1	4	0.865	166.2	831.0	1.0
51403	27	0	5	0.06	25.0	125.0	0.0
51404	71	0	5	0.17	45.8	229.0	0.0
51405	253	0	5	0.625	141.8	709.0	0.6666666666666666
51406	203	0	5	0.5	130.0	650.0	0.3333333333333333
51407	271	1	4	0.675	107.8	539.0	1.0
51408	161	0	5	0.395	91.2	456.0	0.3333333333333333
51409	43	0	5	0.1	41.0	205.0	0.0
51410	342	0	5	0.8475	248.8	1244.0	0.3333333333333333
51411	168	0	5	0.4125	150.4	752.0	0.3333333333333333
51412	185	0	5	0.455	137.0	685.0	0.3333333333333333
51413	83	0	5	0.2	30.6	153.0	0.3333333333333333
51414	17	0	5	0.035	15.0	75.0	0.0
51415	134	0	5	0.3275	82.0	410.0	0.3333333333333333
51416	317	0	5	0.785	239.2	1196.0	0.6666666666666666
51417	308	0	5	0.7625	293.2	1466.0	0.3333333333333333
51418	223	0	5	0.55	101.2	506.0	0.6666666666666666
51419	311	0	5	0.77	243.6	1218.0	0.3333333333333333
51420	138	0	5	0.3375	71.6	358.0	0.3333333333333333
51421	156	0	5	0.3825	154.0	770.0	0.0
51422	216	0	5	0.5325	188.2	941.0	0.3333333333333333
51423	288	0	5	0.7125	135.6	678.0	0.6666666666666666
51424	278	0	5	0.6875	64.8	324.0	0.6666666666666666
51425	276	0	5	0.6825	203.8	1019.0	0.6666666666666666
51426	113	0	5	0.275	107.0	535.0	0.3333333333333333
51427	316	0	5	0.7825	193.8	969.0	0.6666666666666666
51428	368	1	3	0.9175	335.4	1677.0	1.0
51429	150	0	5	0.3675	78.2	391.0	0.3333333333333333
51430	164	0	5	0.4025	94.4	472.0	0.3333333333333333
51431	59	0	5	0.14	33.6	168.0	0.0
51432	195	0	5	0.48	98.8	494.0	0.6666666666666666
51433	378	0	5	0.9375	169.6	848.0	0.6666666666666666
51434	255	0	5	0.63	60.2	301.0	0.6666666666666666
51435	60	0	5	0.1425	31.0	155.0	0.3333333333333333
51436	257	1	4	0.64	116.6	583.0	1.0
51437	102	0	5	0.2475	88.4	442.0	0.3333333333333333
51438	336	0	5	0.8325	214.4	1072.0	0.6666666666666666
51439	355	0	5	0.88	142.6	713.0	0.6666666666666666
51440	275	1	4	0.685	147.2	736.0	1.0
51441	301	0	5	0.745	257.8	1289.0	0.6666666666666666
51442	220	0	5	0.5425	197.6	988.0	0.3333333333333333
51443	190	0	5	0.4675	101.2	506.0	0.3333333333333333
51444	81	0	5	0.195	68.2	341.0	0.3333333333333333
51445	398	0	5	0.9875	138.4	692.0	0.6666666666666666
51446	32	0	5	0.0725	24.0	120.0	0.0
51447	127	0	5	0.31	75.0	375.0	0.3333333333333333
51448	189	0	5	0.465	70.2	351.0	0.3333333333333333
51449	296	1	4	0.7375	172.0	860.0	1.0
51450	85	0	5	0.205	67.8	339.0	0.0
51451	373	0	5	0.925	163.4	817.0	0.3333333333333333
51452	247	0	5	0.61	202.2	1011.0	0.0
51453	193	0	5	0.475	191.0	955.0	0.0
51454	290	1	4	0.7225	251.2	1256.0	1.0
51455	112	0	5	0.2725	65.6	328.0	0.3333333333333333
51456	399	0	5	0.99	151.2	756.0	0.6666666666666666
51457	313	1	4	0.78	113.8	569.0	1.0
51458	226	0	5	0.5575	105.6	528.0	0.0
51459	128	0	5	0.3125	79.4	397.0	0.6666666666666666
51460	224	0	5	0.5525	86.8	434.0	0.0
51461	202	0	5	0.4975	177.2	886.0	0.3333333333333333
51462	251	0	5	0.62	211.4	1057.0	0.6666666666666666
51463	202	0	5	0.4975	109.6	548.0	0.6666666666666666
51464	280	1	4	0.6975	189.4	947.0	1.0
51465	44	0	5	0.1025	19.2	96.0	0.3333333333333333
51466	216	0	5	0.5325	166.8	834.0	0.3333333333333333
51467	278	0	5	0.6875	120.2	601.0	0.3333333333333333
51468	174	0	5	0.4275	135.4	677.0	0.0
51469	52	0	5	0.1225	36.0	180.0	0.3333333333333333
51470	257	1	4	0.64	185.8	929.0	1.0
51471	290	1	4	0.7225	66.0	330.0	1.0
51472	263	0	5	0.65	136.2	681.0	0.3333333333333333
51473	99	0	5	0.24	97.0	485.0	0.0
51474	32	0	5	0.0725	30.0	150.0	0.0
51475	346	1	4	0.8625	335.6	1678.0	1.0
51476	398	0	5	0.9875	306.0	1530.0	0.6666666666666666
51477	71	0	5	0.17	60.6	303.0	0.0
51478	271	0	5	0.67	231.4	1157.0	0.3333333333333333
51479	188	0	5	0.4625	159.0	795.0	0.3333333333333333
51480	148	0	5	0.3625	146.0	730.0	0.0
51481	188	0	5	0.4625	87.2	436.0	0.0
51482	284	0	5	0.7025	74.8	374.0	0.3333333333333333
51483	218	1	4	0.5425	174.6	873.0	1.0
51484	69	0	5	0.165	67.0	335.0	0.0
51485	194	0	5	0.4775	153.6	768.0	0.6666666666666666
51486	197	0	5	0.485	175.0	875.0	0.0
51487	325	0	5	0.805	253.4	1267.0	0.6666666666666666
51488	354	0	5	0.8775	220.8	1104.0	0.6666666666666666
51489	383	0	5	0.95	153.6	768.0	0.3333333333333333
51490	197	0	5	0.485	114.2	571.0	0.3333333333333333
51491	333	0	5	0.825	121.6	608.0	0.6666666666666666
51492	74	1	4	0.1825	66.8	334.0	1.0
51493	89	0	5	0.215	87.0	435.0	0.0
51494	299	1	4	0.745	110.2	551.0	1.0
51495	178	0	5	0.4375	40.0	200.0	0.6666666666666666
51496	225	0	5	0.555	72.6	363.0	0.3333333333333333
51497	151	0	5	0.37	80.2	401.0	0.6666666666666666
51498	284	0	5	0.7025	215.8	1079.0	0.6666666666666666
51499	260	0	5	0.6425	76.0	380.0	0.6666666666666666
51500	94	0	5	0.2275	46.2	231.0	0.3333333333333333
51501	202	0	5	0.4975	122.4	612.0	0.6666666666666666
51502	115	0	5	0.28	98.6	493.0	0.0
51503	395	0	5	0.98	229.8	1149.0	0.6666666666666666
51504	92	0	5	0.2225	90.0	450.0	0.0
51505	132	0	5	0.3225	62.8	314.0	0.6666666666666666
51506	380	0	5	0.9425	176.0	880.0	0.6666666666666666
51507	396	1	4	0.9875	255.2	1276.0	1.0
51508	44	0	5	0.1025	42.0	210.0	0.0
51509	327	1	4	0.815	200.8	1004.0	1.0
51510	326	0	5	0.8075	237.8	1189.0	0.6666666666666666
51511	377	0	5	0.935	276.2	1381.0	0.6666666666666666
51512	354	0	5	0.8775	208.8	1044.0	0.6666666666666666
51513	189	0	5	0.465	132.6	663.0	0.3333333333333333
51514	231	1	4	0.575	86.6	433.0	1.0
51515	361	0	5	0.895	236.8	1184.0	0.3333333333333333
51516	237	0	5	0.585	235.0	1175.0	0.0
51517	196	0	5	0.4825	126.0	630.0	0.6666666666666666
51518	358	0	5	0.8875	309.0	1545.0	0.3333333333333333
51519	248	0	5	0.6125	243.2	1216.0	0.3333333333333333
51520	23	0	5	0.05	8.2	41.0	0.6666666666666666
51521	401	0	5	0.995	141.8	709.0	0.6666666666666666
51522	14	0	5	0.0275	12.0	60.0	0.0
51523	190	1	4	0.4725	46.0	230.0	1.0
51524	144	0	5	0.3525	110.8	554.0	0.3333333333333333
51525	376	0	5	0.9325	214.6	1073.0	0.6666666666666666
51526	261	0	5	0.645	246.2	1231.0	0.3333333333333333
51527	234	0	5	0.5775	108.0	540.0	0.3333333333333333
51528	141	0	5	0.345	85.4	427.0	0.6666666666666666
51529	31	0	5	0.07	29.0	145.0	0.0
51530	55	0	5	0.13	28.0	140.0	0.3333333333333333
51531	119	0	5	0.29	87.6	438.0	0.6666666666666666
51532	204	0	5	0.5025	76.6	383.0	0.3333333333333333
51533	205	0	5	0.505	129.0	645.0	0.0
51534	57	0	5	0.135	55.0	275.0	0.0
51535	255	0	5	0.63	185.0	925.0	0.6666666666666666
51536	231	0	5	0.57	103.0	515.0	0.6666666666666666
51537	397	0	5	0.985	225.6	1128.0	0.6666666666666666
51538	76	0	5	0.1825	74.0	370.0	0.0
51539	291	0	5	0.72	162.2	811.0	0.0
51540	174	0	5	0.4275	101.6	508.0	0.3333333333333333
51541	171	0	5	0.42	119.0	595.0	0.0
51542	20	0	5	0.0425	18.0	90.0	0.0
51543	264	0	5	0.6525	166.8	834.0	0.3333333333333333
51544	149	0	5	0.365	102.2	511.0	0.0
51545	197	1	4	0.49	186.2	931.0	1.0
51546	305	1	4	0.76	168.6	843.0	1.0
51547	313	1	4	0.78	216.6	1083.0	1.0
51548	16	0	5	0.0325	14.0	70.0	0.0
51549	349	0	5	0.865	339.6	1698.0	0.3333333333333333
51550	144	0	5	0.3525	62.8	314.0	0.3333333333333333
51551	157	0	5	0.385	128.6	643.0	0.3333333333333333
51552	194	0	5	0.4775	106.4	532.0	0.3333333333333333
51553	52	0	5	0.1225	50.0	250.0	0.0
51554	18	0	5	0.0375	16.0	80.0	0.0
51555	309	0	5	0.765	202.4	1012.0	0.6666666666666666
51556	395	0	5	0.98	185.6	928.0	0.6666666666666666
51557	179	0	5	0.44	147.8	739.0	0.3333333333333333
51558	335	1	4	0.835	185.6	928.0	1.0
51559	139	0	5	0.34	100.2	501.0	0.3333333333333333
51560	42	0	5	0.0975	39.8	199.0	0.3333333333333333
51561	263	0	5	0.65	210.4	1052.0	0.3333333333333333
51562	202	0	5	0.4975	128.4	642.0	0.6666666666666666
51563	69	0	5	0.165	49.4	247.0	0.3333333333333333
51564	398	1	4	0.9925	356.0	1780.0	1.0
51565	389	1	4	0.97	212.8	1064.0	1.0
51566	84	0	5	0.2025	81.2	406.0	0.3333333333333333
51567	267	0	5	0.66	111.4	557.0	0.3333333333333333
51568	186	0	5	0.4575	129.6	648.0	0.0
51569	246	0	5	0.6075	119.2	596.0	0.3333333333333333
51570	207	0	5	0.51	90.6	453.0	0.3333333333333333
51571	125	0	5	0.305	66.2	331.0	0.3333333333333333
51572	245	0	5	0.605	104.2	521.0	0.6666666666666666
51573	221	0	5	0.545	219.0	1095.0	0.0
51574	341	0	5	0.845	215.6	1078.0	0.3333333333333333
51575	337	1	4	0.84	149.0	745.0	1.0
51576	372	1	4	0.9275	192.8	964.0	1.0
51577	251	0	5	0.62	214.8	1074.0	0.3333333333333333
51578	122	0	5	0.2975	120.0	600.0	0.0
51579	206	0	5	0.5075	157.8	789.0	0.3333333333333333
51580	191	0	5	0.47	145.8	729.0	0.3333333333333333
51581	107	1	4	0.265	68.0	340.0	1.0
51582	91	0	5	0.22	89.0	445.0	0.0
51583	241	0	5	0.595	113.4	567.0	0.3333333333333333
51584	67	0	5	0.16	65.0	325.0	0.0
51585	290	1	4	0.7225	229.2	1146.0	1.0
51586	54	0	5	0.1275	45.4	227.0	0.0
51587	166	0	5	0.4075	67.2	336.0	0.3333333333333333
51588	104	0	5	0.2525	102.0	510.0	0.0
51589	21	0	5	0.045	16.6	83.0	0.0
51590	210	0	5	0.5175	133.4	667.0	0.6666666666666666
51591	171	0	5	0.42	129.0	645.0	0.3333333333333333
51592	305	0	5	0.755	206.6	1033.0	0.3333333333333333
51593	102	0	5	0.2475	82.2	411.0	0.3333333333333333
51594	398	0	5	0.9875	328.0	1640.0	0.6666666666666666
51595	264	0	5	0.6525	226.2	1131.0	0.3333333333333333
51596	324	0	5	0.8025	214.6	1073.0	0.3333333333333333
51597	340	0	5	0.8425	139.0	695.0	0.6666666666666666
51598	271	0	5	0.67	222.8	1114.0	0.3333333333333333
51599	133	0	5	0.325	117.8	589.0	0.0
51600	182	0	5	0.4475	122.4	612.0	0.3333333333333333
51601	78	0	5	0.1875	54.8	274.0	0.3333333333333333
51602	372	0	5	0.9225	244.6	1223.0	0.6666666666666666
51603	143	0	5	0.35	87.0	435.0	0.6666666666666666
51604	26	0	5	0.0575	15.2	76.0	0.3333333333333333
51605	52	0	5	0.1225	41.6	208.0	0.0
51606	261	1	4	0.65	208.6	1043.0	1.0
51607	98	0	5	0.2375	49.8	249.0	0.3333333333333333
51608	230	0	5	0.5675	203.2	1016.0	0.0
51609	92	0	5	0.2225	76.8	384.0	0.0
51610	389	0	5	0.965	163.8	819.0	0.6666666666666666
51611	370	0	5	0.9175	79.2	396.0	0.6666666666666666
51612	319	0	5	0.79	215.4	1077.0	0.6666666666666666
51613	174	0	5	0.4275	159.2	796.0	0.6666666666666666
51614	214	1	4	0.5325	136.0	680.0	1.0
51615	401	0	4	0.9975	116.0	580.0	0.6666666666666666
51616	354	0	5	0.8775	315.8	1579.0	0.3333333333333333
51617	366	0	5	0.9075	200.8	1004.0	0.6666666666666666
51618	156	0	5	0.3825	116.8	584.0	0.0
51619	126	0	5	0.3075	110.8	554.0	0.3333333333333333
51620	136	0	5	0.3325	65.4	327.0	0.3333333333333333
51621	144	0	5	0.3525	142.0	710.0	0.0
51622	188	0	5	0.4625	84.0	420.0	0.6666666666666666
51623	310	1	4	0.7725	117.0	585.0	1.0
51624	89	0	5	0.215	87.0	435.0	0.3333333333333333
51625	163	0	5	0.4	159.8	799.0	0.0
51626	179	0	5	0.44	177.0	885.0	0.0
51627	280	1	4	0.6975	138.4	692.0	1.0
51628	170	0	5	0.4175	165.2	826.0	0.0
51629	312	0	5	0.7725	209.2	1046.0	0.3333333333333333
51630	285	0	5	0.705	231.8	1159.0	0.0
51631	152	0	5	0.3725	124.6	623.0	0.3333333333333333
51632	378	0	5	0.9375	259.0	1295.0	0.3333333333333333
51633	170	0	5	0.4175	60.8	304.0	0.6666666666666666
51634	399	0	5	0.99	133.8	669.0	0.6666666666666666
51635	303	0	5	0.75	97.6	488.0	0.6666666666666666
51636	163	0	5	0.4	141.2	706.0	0.3333333333333333
51637	333	0	5	0.825	105.6	528.0	0.6666666666666666
51638	76	0	5	0.1825	51.2	256.0	0.0
51639	319	0	5	0.79	207.4	1037.0	0.6666666666666666
51640	314	0	5	0.7775	133.6	668.0	0.3333333333333333
51641	321	0	5	0.795	240.0	1200.0	0.6666666666666666
51642	364	0	5	0.9025	134.0	670.0	0.3333333333333333
51643	272	0	5	0.6725	110.0	550.0	0.3333333333333333
51644	323	0	5	0.8	291.4	1457.0	0.6666666666666666
51645	303	0	5	0.75	163.8	819.0	0.3333333333333333
51646	213	0	5	0.525	167.8	839.0	0.3333333333333333
51647	48	0	5	0.1125	40.6	203.0	0.3333333333333333
51648	80	0	5	0.1925	47.6	238.0	0.3333333333333333
51649	393	1	4	0.98	82.2	411.0	1.0
51650	185	0	5	0.455	79.8	399.0	0.3333333333333333
51651	104	0	5	0.2525	86.4	432.0	0.3333333333333333
51652	349	0	5	0.865	202.6	1013.0	0.3333333333333333
51653	348	0	5	0.8625	228.8	1144.0	0.6666666666666666
51654	69	0	5	0.165	50.6	253.0	0.3333333333333333
51655	213	0	5	0.525	171.6	858.0	0.3333333333333333
51656	122	0	5	0.2975	118.8	594.0	0.3333333333333333
51657	78	0	5	0.1875	34.0	170.0	0.0
51658	37	0	5	0.085	35.0	175.0	0.0
51659	144	0	5	0.3525	124.4	622.0	0.3333333333333333
51660	118	0	5	0.2875	65.6	328.0	0.3333333333333333
51661	52	0	5	0.1225	39.6	198.0	0.0
51662	105	0	5	0.255	64.6	323.0	0.3333333333333333
51663	276	0	5	0.6825	167.2	836.0	0.0
51664	253	0	5	0.625	185.8	929.0	0.6666666666666666
51665	79	0	5	0.19	68.2	341.0	0.3333333333333333
51666	81	0	5	0.195	66.6	333.0	0.3333333333333333
51667	250	0	5	0.6175	247.2	1236.0	0.0
51668	375	0	5	0.93	230.2	1151.0	0.6666666666666666
51669	261	0	5	0.645	136.8	684.0	0.6666666666666666
51670	252	0	5	0.6225	126.8	634.0	0.3333333333333333
51671	316	0	5	0.7825	133.2	666.0	0.6666666666666666
51672	338	0	5	0.8375	185.0	925.0	0.6666666666666666
51673	244	0	5	0.6025	232.8	1164.0	0.0
51674	260	0	5	0.6425	211.6	1058.0	0.3333333333333333
51675	245	0	5	0.605	175.0	875.0	0.6666666666666666
51676	54	0	5	0.1275	52.0	260.0	0.0
51677	216	0	5	0.5325	78.8	394.0	0.3333333333333333
51678	163	0	5	0.4	138.8	694.0	0.0
51679	262	0	5	0.6475	208.0	1040.0	0.6666666666666666
51680	127	0	5	0.31	123.0	615.0	0.0
51681	336	0	5	0.8325	204.4	1022.0	0.6666666666666666
51682	311	0	5	0.77	200.2	1001.0	0.6666666666666666
51683	192	0	5	0.4725	139.6	698.0	0.3333333333333333
51684	161	0	5	0.395	98.2	491.0	0.3333333333333333
51685	52	0	5	0.1225	50.0	250.0	0.3333333333333333
51686	199	0	5	0.49	197.0	985.0	0.0
51687	400	0	5	0.9925	150.0	750.0	0.6666666666666666
51688	289	0	5	0.715	111.0	555.0	0.6666666666666666
51689	395	0	5	0.98	164.6	823.0	0.6666666666666666
51690	272	0	5	0.6725	81.8	409.0	0.6666666666666666
51691	151	0	5	0.37	89.2	446.0	0.3333333333333333
51692	260	0	5	0.6425	216.2	1081.0	0.3333333333333333
51693	283	0	5	0.7	201.8	1009.0	0.0
51694	116	0	5	0.2825	112.2	561.0	0.3333333333333333
51695	114	0	5	0.2775	57.4	287.0	0.3333333333333333
51696	191	0	5	0.47	189.0	945.0	0.0
51697	6	0	5	0.0075	4.0	20.0	0.0
51698	156	0	5	0.3825	137.2	686.0	0.3333333333333333
51699	183	0	5	0.45	114.2	571.0	0.3333333333333333
51700	177	0	5	0.435	47.0	235.0	0.3333333333333333
51701	393	1	4	0.98	194.8	974.0	1.0
51702	401	0	5	0.995	117.4	587.0	0.6666666666666666
51703	99	0	5	0.24	22.6	113.0	0.3333333333333333
51704	101	0	5	0.245	95.2	476.0	0.3333333333333333
51705	339	0	5	0.84	180.4	902.0	0.6666666666666666
51706	192	0	5	0.4725	185.8	929.0	0.6666666666666666
51707	173	0	5	0.425	145.8	729.0	0.6666666666666666
51708	83	0	5	0.2	66.2	331.0	0.0
51709	255	0	5	0.63	244.2	1221.0	0.3333333333333333
51710	294	0	5	0.7275	125.2	626.0	0.6666666666666666
51711	53	0	5	0.125	51.0	255.0	0.0
51712	330	0	5	0.8175	238.4	1192.0	0.6666666666666666
51713	90	0	5	0.2175	88.0	440.0	0.0
51714	273	0	5	0.675	78.6	393.0	0.3333333333333333
51715	323	0	5	0.8	142.2	711.0	0.6666666666666666
51716	205	0	5	0.505	131.6	658.0	0.3333333333333333
51717	92	0	5	0.2225	90.0	450.0	0.0
51718	395	0	5	0.98	241.8	1209.0	0.6666666666666666
51719	329	0	5	0.815	164.8	824.0	0.3333333333333333
51720	226	1	4	0.5625	158.8	794.0	1.0
51721	348	0	5	0.8625	264.0	1320.0	0.3333333333333333
51722	219	0	5	0.54	169.2	846.0	0.3333333333333333
51723	206	0	5	0.5075	150.6	753.0	0.3333333333333333
51724	250	0	5	0.6175	196.4	982.0	0.6666666666666666
51725	360	1	4	0.8975	215.0	1075.0	1.0
51726	106	0	5	0.2575	104.0	520.0	0.0
51727	370	1	4	0.9225	217.6	1088.0	1.0
51728	298	0	5	0.7375	153.6	768.0	0.3333333333333333
51729	251	0	5	0.62	129.0	645.0	0.0
51730	155	0	5	0.38	94.6	473.0	0.6666666666666666
51731	123	0	5	0.3	71.8	359.0	0.0
51732	54	0	5	0.1275	52.0	260.0	0.0
51733	93	0	5	0.225	91.0	455.0	0.0
51734	251	0	5	0.62	194.8	974.0	0.6666666666666666
51735	25	0	5	0.055	23.0	115.0	0.0
51736	158	0	5	0.3875	156.0	780.0	0.0
51737	391	0	5	0.97	290.2	1451.0	0.6666666666666666
51738	190	0	5	0.4675	137.0	685.0	0.0
51739	257	0	5	0.635	185.8	929.0	0.3333333333333333
51740	399	0	5	0.99	226.2	1131.0	0.6666666666666666
51741	333	0	5	0.825	238.0	1190.0	0.6666666666666666
51742	344	0	5	0.8525	270.2	1351.0	0.6666666666666666
51743	310	0	5	0.7675	154.4	772.0	0.6666666666666666
51744	304	0	5	0.7525	202.8	1014.0	0.3333333333333333
51745	12	0	5	0.0225	10.0	50.0	0.0
51746	346	0	5	0.8575	266.6	1333.0	0.6666666666666666
51747	154	0	5	0.3775	113.0	565.0	0.0
51748	359	0	5	0.89	230.2	1151.0	0.6666666666666666
51749	198	0	5	0.4875	95.6	478.0	0.6666666666666666
51750	371	0	5	0.92	328.2	1641.0	0.6666666666666666
51751	153	0	5	0.375	75.0	375.0	0.3333333333333333
51752	20	0	5	0.0425	18.0	90.0	0.0
51753	262	0	5	0.6475	123.0	615.0	0.3333333333333333
51754	263	1	4	0.655	163.2	816.0	1.0
51755	79	0	5	0.19	67.8	339.0	0.3333333333333333
51756	258	0	5	0.6375	128.0	640.0	0.3333333333333333
51757	345	0	5	0.855	183.4	917.0	0.6666666666666666
51758	224	1	4	0.5575	145.6	728.0	1.0
51759	353	1	4	0.88	229.8	1149.0	1.0
51760	200	0	5	0.4925	119.6	598.0	0.3333333333333333
51761	180	0	5	0.4425	168.8	844.0	0.0
51762	37	0	5	0.085	28.2	141.0	0.0
51763	311	0	5	0.77	237.2	1186.0	0.6666666666666666
51764	297	0	5	0.735	160.4	802.0	0.6666666666666666
51765	291	0	5	0.72	203.8	1019.0	0.3333333333333333
51766	284	0	5	0.7025	141.2	706.0	0.6666666666666666
51767	11	0	5	0.02	9.0	45.0	0.0
51768	118	0	5	0.2875	30.4	152.0	0.3333333333333333
51769	79	0	5	0.19	63.2	316.0	0.0
51770	401	0	4	0.9975	167.2	836.0	0.6666666666666666
51771	257	0	5	0.635	113.8	569.0	0.3333333333333333
51772	174	0	5	0.4275	172.0	860.0	0.3333333333333333
51773	283	0	5	0.7	77.6	388.0	0.6666666666666666
51774	373	1	4	0.93	146.2	731.0	1.0
51775	180	0	5	0.4425	118.0	590.0	0.0
51776	92	0	5	0.2225	64.0	320.0	0.3333333333333333
51777	166	0	5	0.4075	164.0	820.0	0.0
51778	159	0	5	0.39	58.4	292.0	0.6666666666666666
51779	304	0	5	0.7525	134.8	674.0	0.6666666666666666
51780	98	0	5	0.2375	71.6	358.0	0.0
51781	271	0	5	0.67	157.8	789.0	0.3333333333333333
51782	193	0	5	0.475	70.2	351.0	0.3333333333333333
51783	193	0	5	0.475	110.6	553.0	0.0
51784	275	1	2	0.685	236.0	1180.0	1.0
51785	75	0	5	0.18	57.0	285.0	0.3333333333333333
51786	253	1	4	0.63	141.8	709.0	1.0
51787	8	0	5	0.0125	5.2	26.0	0.3333333333333333
51788	364	0	5	0.9025	174.8	874.0	0.6666666666666666
51789	219	0	5	0.54	190.8	954.0	0.3333333333333333
51790	322	1	4	0.8025	141.2	706.0	1.0
51791	283	0	5	0.7	163.2	816.0	0.6666666666666666
51792	238	0	5	0.5875	120.8	604.0	0.0
51793	338	0	5	0.8375	220.6	1103.0	0.6666666666666666
51794	223	0	5	0.55	122.0	610.0	0.3333333333333333
51795	264	0	5	0.6525	226.0	1130.0	0.3333333333333333
51796	326	0	5	0.8075	180.0	900.0	0.6666666666666666
51797	202	0	5	0.4975	106.4	532.0	0.3333333333333333
51798	89	0	5	0.215	75.0	375.0	0.3333333333333333
51799	280	0	5	0.6925	181.4	907.0	0.6666666666666666
51800	68	0	5	0.1625	66.0	330.0	0.0
51801	6	0	5	0.0075	4.0	20.0	0.0
51802	146	0	5	0.3575	144.0	720.0	0.0
51803	46	0	5	0.1075	37.6	188.0	0.3333333333333333
51804	251	0	5	0.62	171.0	855.0	0.3333333333333333
51805	139	0	5	0.34	86.4	432.0	0.3333333333333333
51806	202	0	5	0.4975	170.0	850.0	0.3333333333333333
51807	225	0	5	0.555	163.4	817.0	0.3333333333333333
51808	200	0	5	0.4925	59.4	297.0	0.6666666666666666
51809	204	0	5	0.5025	202.0	1010.0	0.0
51810	217	0	5	0.535	150.8	754.0	0.3333333333333333
51811	246	0	5	0.6075	167.6	838.0	0.6666666666666666
51812	128	0	5	0.3125	104.0	520.0	0.3333333333333333
51813	255	1	4	0.635	67.8	339.0	1.0
51814	41	0	5	0.095	39.0	195.0	0.0
51815	144	0	5	0.3525	102.0	510.0	0.3333333333333333
51816	308	0	5	0.7625	216.0	1080.0	0.3333333333333333
51817	217	0	5	0.535	173.6	868.0	0.0
51818	50	0	5	0.1175	48.0	240.0	0.0
51819	98	0	5	0.2375	71.6	358.0	0.3333333333333333
51820	244	0	5	0.6025	218.0	1090.0	0.3333333333333333
51821	261	0	5	0.645	242.4	1212.0	0.3333333333333333
51822	184	0	5	0.4525	85.6	428.0	0.3333333333333333
51823	362	0	5	0.8975	143.8	719.0	0.6666666666666666
51824	96	0	5	0.2325	82.6	413.0	0.0
51825	245	1	4	0.61	138.6	693.0	1.0
51826	49	0	5	0.115	42.0	210.0	0.0
51827	281	0	5	0.695	150.6	753.0	0.6666666666666666
51828	216	0	5	0.5325	77.6	388.0	0.3333333333333333
51829	54	0	5	0.1275	48.2	241.0	0.3333333333333333
51830	222	0	5	0.5475	85.0	425.0	0.3333333333333333
51831	93	0	5	0.225	52.6	263.0	0.0
51832	304	1	4	0.7575	145.6	728.0	1.0
51833	232	0	5	0.5725	160.4	802.0	0.3333333333333333
51834	380	0	5	0.9425	176.4	882.0	0.6666666666666666
51835	315	1	4	0.785	99.0	495.0	1.0
51836	196	0	5	0.4825	127.2	636.0	0.0
51837	55	0	5	0.13	40.2	201.0	0.6666666666666666
51838	331	0	5	0.82	223.2	1116.0	0.6666666666666666
51839	68	0	5	0.1625	45.8	229.0	0.3333333333333333
51840	37	0	5	0.085	35.0	175.0	0.0
51841	114	0	5	0.2775	28.8	144.0	0.3333333333333333
51842	214	0	5	0.5275	201.2	1006.0	0.3333333333333333
51843	285	0	5	0.705	145.2	726.0	0.3333333333333333
51844	186	1	4	0.4625	63.8	319.0	1.0
51845	320	0	5	0.7925	159.4	797.0	0.3333333333333333
51846	401	0	4	0.9975	273.4	1367.0	0.6666666666666666
51847	396	1	4	0.9875	169.6	848.0	1.0
51848	242	0	5	0.5975	154.4	772.0	0.3333333333333333
51849	351	0	5	0.87	141.4	707.0	0.6666666666666666
51850	89	0	5	0.215	87.0	435.0	0.3333333333333333
51851	345	1	4	0.86	136.2	681.0	1.0
51852	186	0	5	0.4575	135.2	676.0	0.6666666666666666
51853	205	0	5	0.505	106.2	531.0	0.6666666666666666
51854	219	0	5	0.54	116.2	581.0	0.0
51855	221	1	4	0.55	124.0	620.0	1.0
51856	137	0	5	0.335	100.2	501.0	0.0
51857	116	0	5	0.2825	34.0	170.0	0.6666666666666666
51858	383	0	5	0.95	171.6	858.0	0.6666666666666666
51859	285	0	5	0.705	156.4	782.0	0.6666666666666666
51860	330	0	5	0.8175	148.6	743.0	0.6666666666666666
51861	217	1	4	0.54	130.0	650.0	1.0
51862	324	0	5	0.8025	85.2	426.0	0.3333333333333333
51863	315	0	5	0.78	153.0	765.0	0.6666666666666666
51864	381	1	4	0.95	254.4	1272.0	1.0
51865	197	0	5	0.485	184.4	922.0	0.3333333333333333
51866	178	0	5	0.4375	130.2	651.0	0.6666666666666666
51867	376	0	5	0.9325	218.2	1091.0	0.6666666666666666
51868	55	0	5	0.13	53.0	265.0	0.0
51869	54	0	5	0.1275	17.4	87.0	0.3333333333333333
51870	326	0	5	0.8075	109.0	545.0	0.6666666666666666
51871	371	0	5	0.92	264.2	1321.0	0.6666666666666666
51872	83	0	5	0.2	75.0	375.0	0.3333333333333333
51873	168	0	5	0.4125	114.0	570.0	0.0
51874	296	0	5	0.7325	220.4	1102.0	0.3333333333333333
51875	364	0	5	0.9025	231.0	1155.0	0.3333333333333333
51876	44	0	5	0.1025	28.4	142.0	0.0
51877	327	1	4	0.815	77.4	387.0	1.0
51878	244	0	5	0.6025	209.2	1046.0	0.3333333333333333
51879	271	0	5	0.67	262.8	1314.0	0.0
51880	332	0	5	0.8225	305.8	1529.0	0.6666666666666666
51881	344	0	5	0.8525	198.4	992.0	0.6666666666666666
51882	106	0	5	0.2575	56.8	284.0	0.3333333333333333
51883	382	1	4	0.9525	171.6	858.0	1.0
51884	294	0	5	0.7275	146.0	730.0	0.6666666666666666
51885	277	0	5	0.685	155.0	775.0	0.3333333333333333
51886	230	0	5	0.5675	56.0	280.0	0.6666666666666666
51887	274	0	5	0.6775	230.0	1150.0	0.3333333333333333
51888	290	0	5	0.7175	210.4	1052.0	0.3333333333333333
51889	164	0	5	0.4025	110.6	553.0	0.3333333333333333
51890	50	0	5	0.1175	47.6	238.0	0.0
51891	257	0	5	0.635	88.2	441.0	0.3333333333333333
51892	345	0	5	0.855	319.8	1599.0	0.3333333333333333
51893	327	0	5	0.81	127.6	638.0	0.6666666666666666
51894	177	0	5	0.435	175.0	875.0	0.0
51895	39	0	5	0.09	33.8	169.0	0.3333333333333333
51896	43	0	5	0.1	41.0	205.0	0.0
51897	207	1	4	0.515	82.8	414.0	1.0
51898	141	0	5	0.345	95.8	479.0	0.3333333333333333
51899	56	0	5	0.1325	47.0	235.0	0.3333333333333333
51900	345	0	5	0.855	143.0	715.0	0.6666666666666666
51901	89	0	5	0.215	20.6	103.0	0.3333333333333333
51902	70	0	5	0.1675	50.0	250.0	0.3333333333333333
51903	383	1	4	0.955	247.8	1239.0	1.0
51904	246	0	5	0.6075	136.4	682.0	0.6666666666666666
51905	121	0	5	0.295	67.0	335.0	0.3333333333333333
51906	100	0	5	0.2425	98.0	490.0	0.0
51907	10	0	5	0.0175	8.0	40.0	0.0
51908	378	0	5	0.9375	207.4	1037.0	0.6666666666666666
51909	316	0	5	0.7825	221.0	1105.0	0.6666666666666666
51910	222	0	5	0.5475	159.2	796.0	0.6666666666666666
51911	286	0	5	0.7075	121.4	607.0	0.3333333333333333
51912	383	0	5	0.95	221.8	1109.0	0.6666666666666666
51913	320	0	5	0.7925	273.0	1365.0	0.3333333333333333
51914	306	1	4	0.7625	130.0	650.0	1.0
51915	159	0	5	0.39	127.4	637.0	0.0
51916	315	0	5	0.78	156.2	781.0	0.6666666666666666
51917	330	0	5	0.8175	126.4	632.0	0.3333333333333333
51918	305	1	4	0.76	188.2	941.0	1.0
51919	89	0	5	0.215	87.0	435.0	0.0
51920	157	0	5	0.385	143.0	715.0	0.3333333333333333
51921	324	0	5	0.8025	271.2	1356.0	0.3333333333333333
51922	72	0	5	0.1725	66.0	330.0	0.3333333333333333
51923	180	0	5	0.4425	125.2	626.0	0.3333333333333333
51924	218	1	4	0.5425	60.4	302.0	1.0
51925	103	0	5	0.25	101.0	505.0	0.0
51926	152	0	5	0.3725	106.4	532.0	0.0
51927	244	0	5	0.6025	242.0	1210.0	0.0
51928	393	0	5	0.975	217.6	1088.0	0.6666666666666666
51929	350	0	5	0.8675	161.2	806.0	0.6666666666666666
51930	42	0	5	0.0975	40.0	200.0	0.0
51931	40	0	5	0.0925	37.6	188.0	0.3333333333333333
51932	42	0	5	0.0975	40.0	200.0	0.0
51933	248	0	5	0.6125	191.8	959.0	0.6666666666666666
51934	396	0	5	0.9825	184.4	922.0	0.6666666666666666
51935	107	0	5	0.26	105.0	525.0	0.0
51936	241	0	5	0.595	69.4	347.0	0.6666666666666666
51937	283	0	5	0.7	245.8	1229.0	0.3333333333333333
51938	85	0	5	0.205	45.8	229.0	0.3333333333333333
51939	86	0	5	0.2075	43.6	218.0	0.3333333333333333
51940	229	0	5	0.565	123.8	619.0	0.3333333333333333
51941	394	0	5	0.9775	277.6	1388.0	0.6666666666666666
51942	100	0	5	0.2425	98.0	490.0	0.0
51943	248	1	4	0.6175	173.2	866.0	1.0
51944	197	0	5	0.485	136.6	683.0	0.0
51945	94	0	5	0.2275	92.0	460.0	0.0
51946	296	0	5	0.7325	249.2	1246.0	0.3333333333333333
51947	90	0	5	0.2175	84.0	420.0	0.3333333333333333
51948	142	0	5	0.3475	126.0	630.0	0.3333333333333333
51949	384	0	5	0.9525	181.2	906.0	0.6666666666666666
51950	170	0	5	0.4175	130.0	650.0	0.0
51951	364	0	5	0.9025	263.6	1318.0	0.6666666666666666
51952	356	1	4	0.8875	157.8	789.0	1.0
51953	76	0	5	0.1825	33.2	166.0	0.0
51954	366	0	5	0.9075	201.2	1006.0	0.6666666666666666
51955	87	0	5	0.21	82.8	414.0	0.0
51956	200	0	5	0.4925	198.0	990.0	0.0
51957	63	0	5	0.15	61.0	305.0	0.0
51958	84	0	5	0.2025	73.0	365.0	0.3333333333333333
51959	143	0	5	0.35	90.6	453.0	0.6666666666666666
51960	89	0	5	0.215	81.0	405.0	0.3333333333333333
51961	373	0	5	0.925	310.6	1553.0	0.0
51962	148	0	5	0.3625	52.8	264.0	0.6666666666666666
51963	230	0	5	0.5675	153.2	766.0	0.3333333333333333
51964	212	0	5	0.5225	126.2	631.0	0.6666666666666666
51965	365	0	5	0.905	95.4	477.0	0.6666666666666666
51966	173	0	5	0.425	169.8	849.0	0.0
51967	218	0	5	0.5375	194.4	972.0	0.0
51968	186	0	5	0.4575	184.0	920.0	0.0
51969	335	0	5	0.83	215.0	1075.0	0.3333333333333333
51970	325	0	5	0.805	222.8	1114.0	0.6666666666666666
51971	124	0	5	0.3025	26.0	130.0	0.3333333333333333
51972	182	0	5	0.4475	154.0	770.0	0.3333333333333333
51973	369	0	5	0.915	119.0	595.0	0.6666666666666666
51974	49	0	5	0.115	35.4	177.0	0.0
51975	161	0	5	0.395	148.2	741.0	0.0
51976	110	0	5	0.2675	55.0	275.0	0.6666666666666666
51977	153	0	5	0.375	98.8	494.0	0.3333333333333333
51978	279	0	5	0.69	158.0	790.0	0.3333333333333333
51979	83	0	5	0.2	81.0	405.0	0.0
51980	308	0	5	0.7625	223.2	1116.0	0.6666666666666666
51981	76	0	5	0.1825	50.0	250.0	0.3333333333333333
51982	95	0	5	0.23	93.0	465.0	0.0
51983	40	0	5	0.0925	38.0	190.0	0.0
51984	63	0	5	0.15	61.0	305.0	0.0
51985	72	0	5	0.1725	50.8	254.0	0.0
51986	205	0	5	0.505	203.0	1015.0	0.0
51987	322	0	5	0.7975	278.4	1392.0	0.3333333333333333
51988	324	1	3	0.8075	246.2	1231.0	1.0
51989	40	0	5	0.0925	38.0	190.0	0.3333333333333333
51990	326	0	5	0.8075	194.4	972.0	0.6666666666666666
51991	307	1	4	0.765	114.8	574.0	1.0
51992	167	0	5	0.41	110.6	553.0	0.3333333333333333
51993	365	1	4	0.91	239.0	1195.0	1.0
51994	270	0	5	0.6675	239.2	1196.0	0.6666666666666666
51995	103	0	5	0.25	34.6	173.0	0.3333333333333333
51996	276	0	5	0.6825	191.0	955.0	0.6666666666666666
51997	29	0	5	0.065	27.0	135.0	0.0
51998	199	0	5	0.49	110.0	550.0	0.3333333333333333
51999	191	0	5	0.47	176.2	881.0	0.0
52000	177	0	5	0.435	108.2	541.0	0.3333333333333333
52001	365	0	5	0.905	168.6	843.0	0.6666666666666666
52002	40	0	5	0.0925	21.2	106.0	0.3333333333333333
52003	343	0	5	0.85	151.6	758.0	0.6666666666666666
52004	48	0	5	0.1125	28.0	140.0	0.0
52005	354	0	5	0.8775	211.0	1055.0	0.3333333333333333
52006	217	0	5	0.535	90.2	451.0	0.6666666666666666
52007	176	0	5	0.4325	58.4	292.0	0.3333333333333333
52008	137	0	5	0.335	88.2	441.0	0.6666666666666666
52009	292	0	5	0.7225	257.6	1288.0	0.6666666666666666
52010	228	0	5	0.5625	214.8	1074.0	0.3333333333333333
52011	220	0	5	0.5425	154.4	772.0	0.3333333333333333
52012	183	0	5	0.45	140.4	702.0	0.6666666666666666
52013	397	0	5	0.985	212.2	1061.0	0.6666666666666666
52014	238	0	5	0.5875	223.2	1116.0	0.3333333333333333
52015	50	0	5	0.1175	18.4	92.0	0.3333333333333333
52016	380	0	5	0.9425	220.8	1104.0	0.6666666666666666
52017	7	0	5	0.01	5.0	25.0	0.0
52018	41	0	5	0.095	39.0	195.0	0.0
52019	111	0	5	0.27	101.4	507.0	0.3333333333333333
52020	58	0	5	0.1375	50.4	252.0	0.3333333333333333
52021	245	0	5	0.605	178.4	892.0	0.3333333333333333
52022	380	0	5	0.9425	277.8	1389.0	0.3333333333333333
52023	223	0	5	0.55	221.0	1105.0	0.0
52024	365	0	5	0.905	193.4	967.0	0.6666666666666666
52025	64	0	5	0.1525	62.0	310.0	0.0
52026	302	1	4	0.7525	209.8	1049.0	1.0
52027	10	0	5	0.0175	8.0	40.0	0.0
52028	215	0	5	0.53	192.2	961.0	0.6666666666666666
52029	246	1	4	0.6125	108.4	542.0	1.0
52030	75	0	5	0.18	40.4	202.0	0.3333333333333333
52031	141	0	5	0.345	99.8	499.0	0.3333333333333333
52032	176	0	5	0.4325	110.0	550.0	0.3333333333333333
52033	54	0	5	0.1275	47.8	239.0	0.0
52034	21	0	5	0.045	19.0	95.0	0.0
52035	58	0	5	0.1375	15.6	78.0	0.3333333333333333
52036	351	1	4	0.875	264.6	1323.0	1.0
52037	171	0	5	0.42	63.4	317.0	0.3333333333333333
52038	340	0	5	0.8425	291.4	1457.0	0.3333333333333333
52039	78	0	5	0.1875	76.0	380.0	0.0
52040	366	0	5	0.9075	285.6	1428.0	0.3333333333333333
52041	227	0	5	0.56	200.8	1004.0	0.3333333333333333
52042	295	0	5	0.73	132.6	663.0	0.6666666666666666
52043	87	0	5	0.21	85.0	425.0	0.0
52044	137	0	5	0.335	83.8	419.0	0.3333333333333333
52045	164	0	5	0.4025	32.6	163.0	0.3333333333333333
52046	382	0	5	0.9475	276.6	1383.0	0.6666666666666666
52047	69	0	5	0.165	65.8	329.0	0.3333333333333333
52048	41	0	5	0.095	39.0	195.0	0.0
52049	104	0	5	0.2525	92.0	460.0	0.6666666666666666
52050	330	0	5	0.8175	261.2	1306.0	0.6666666666666666
52051	334	0	5	0.8275	283.2	1416.0	0.6666666666666666
52052	277	0	5	0.685	112.0	560.0	0.3333333333333333
52053	53	0	5	0.125	26.2	131.0	0.3333333333333333
52054	387	0	5	0.96	290.6	1453.0	0.6666666666666666
52055	370	1	4	0.9225	184.8	924.0	1.0
52056	328	1	4	0.8175	149.4	747.0	1.0
52057	384	0	5	0.9525	126.0	630.0	0.6666666666666666
52058	35	0	5	0.08	33.0	165.0	0.0
52059	204	0	5	0.5025	172.4	862.0	0.0
52060	9	0	5	0.015	7.0	35.0	0.0
52061	92	0	5	0.2225	67.8	339.0	0.6666666666666666
52062	172	0	5	0.4225	128.0	640.0	0.6666666666666666
52063	352	0	5	0.8725	209.6	1048.0	0.3333333333333333
52064	379	0	5	0.94	230.2	1151.0	0.6666666666666666
52065	364	0	5	0.9025	240.4	1202.0	0.6666666666666666
52066	21	0	5	0.045	19.0	95.0	0.0
52067	31	0	5	0.07	29.0	145.0	0.0
52068	26	0	5	0.0575	21.6	108.0	0.0
52069	224	1	4	0.5575	138.4	692.0	1.0
52070	311	0	5	0.77	172.2	861.0	0.6666666666666666
52071	153	0	5	0.375	151.0	755.0	0.0
52072	218	0	5	0.5375	174.0	870.0	0.0
52073	68	0	5	0.1625	58.0	290.0	0.3333333333333333
52074	143	0	5	0.35	84.6	423.0	0.6666666666666666
52075	334	0	5	0.8275	214.0	1070.0	0.6666666666666666
52076	319	0	5	0.79	179.8	899.0	0.3333333333333333
52077	136	0	5	0.3325	134.0	670.0	0.0
52078	148	0	5	0.3625	68.4	342.0	0.6666666666666666
52079	330	0	5	0.8175	290.4	1452.0	0.3333333333333333
52080	106	0	5	0.2575	81.2	406.0	0.6666666666666666
52081	214	0	5	0.5275	139.2	696.0	0.3333333333333333
52082	156	0	5	0.3825	127.2	636.0	0.0
52083	399	0	5	0.99	262.2	1311.0	0.6666666666666666
52084	280	0	5	0.6925	114.4	572.0	0.6666666666666666
52085	40	0	5	0.0925	18.8	94.0	0.3333333333333333
52086	277	0	5	0.685	113.2	566.0	0.6666666666666666
52087	219	0	5	0.54	190.4	952.0	0.3333333333333333
52088	68	0	5	0.1625	29.2	146.0	0.3333333333333333
52089	311	0	5	0.77	163.4	817.0	0.3333333333333333
52090	36	0	5	0.0825	34.0	170.0	0.0
52091	87	0	5	0.21	53.8	269.0	0.3333333333333333
52092	44	0	5	0.1025	18.6	93.0	0.3333333333333333
52093	278	1	4	0.6925	210.2	1051.0	1.0
52094	17	0	5	0.035	3.0	15.0	0.3333333333333333
52095	178	0	5	0.4375	111.4	557.0	0.3333333333333333
52096	223	0	5	0.55	172.2	861.0	0.6666666666666666
52097	351	0	5	0.87	232.2	1161.0	0.3333333333333333
52098	95	0	5	0.23	93.0	465.0	0.0
52099	156	0	5	0.3825	147.6	738.0	0.3333333333333333
52100	336	0	5	0.8325	228.8	1144.0	0.3333333333333333
52101	45	0	5	0.105	36.4	182.0	0.3333333333333333
52102	209	0	5	0.515	114.0	570.0	0.3333333333333333
52103	163	0	5	0.4	90.6	453.0	0.0
52104	73	0	5	0.175	32.6	163.0	0.6666666666666666
52105	308	0	5	0.7625	99.2	496.0	0.6666666666666666
52106	77	0	5	0.185	44.6	223.0	0.3333333333333333
52107	2	0	5	0.0	0.0	0.0	0.0
52108	374	0	5	0.9275	255.0	1275.0	0.6666666666666666
52109	33	0	5	0.075	27.6	138.0	0.3333333333333333
52110	378	0	5	0.9375	260.8	1304.0	0.3333333333333333
52111	120	1	4	0.2975	60.0	300.0	1.0
52112	341	1	4	0.85	162.2	811.0	1.0
52113	228	0	5	0.5625	113.2	566.0	0.3333333333333333
52114	65	0	5	0.155	45.0	225.0	0.3333333333333333
52115	375	1	4	0.935	194.6	973.0	1.0
52116	243	0	5	0.6	227.0	1135.0	0.3333333333333333
52117	308	0	5	0.7625	248.8	1244.0	0.6666666666666666
52118	361	1	4	0.9	168.6	843.0	1.0
52119	315	0	5	0.78	122.0	610.0	0.6666666666666666
52120	378	0	5	0.9375	226.6	1133.0	0.6666666666666666
52121	368	0	5	0.9125	114.8	574.0	0.6666666666666666
52122	107	0	5	0.26	105.0	525.0	0.0
52123	254	0	5	0.6275	210.2	1051.0	0.3333333333333333
52124	53	0	5	0.125	51.0	255.0	0.0
52125	308	0	5	0.7625	263.2	1316.0	0.6666666666666666
52126	100	0	5	0.2425	69.8	349.0	0.3333333333333333
52127	238	0	5	0.5875	143.0	715.0	0.6666666666666666
52128	314	0	5	0.7775	199.4	997.0	0.6666666666666666
52129	101	0	5	0.245	73.0	365.0	0.3333333333333333
52130	142	0	5	0.3475	77.6	388.0	0.3333333333333333
52131	327	0	5	0.81	225.2	1126.0	0.6666666666666666
52132	119	0	5	0.29	99.6	498.0	0.3333333333333333
52133	327	0	5	0.81	163.6	818.0	0.6666666666666666
52134	291	0	5	0.72	265.0	1325.0	0.6666666666666666
52135	137	0	5	0.335	135.0	675.0	0.6666666666666666
52136	366	0	5	0.9075	142.6	713.0	0.3333333333333333
52137	349	1	4	0.87	226.4	1132.0	1.0
52138	271	0	5	0.67	236.8	1184.0	0.6666666666666666
52139	126	0	5	0.3075	124.0	620.0	0.0
52140	312	0	5	0.7725	219.0	1095.0	0.0
52141	272	0	5	0.6725	171.6	858.0	0.3333333333333333
52142	253	0	5	0.625	141.2	706.0	0.3333333333333333
52143	337	0	5	0.835	277.8	1389.0	0.6666666666666666
52144	312	0	5	0.7725	110.0	550.0	0.6666666666666666
52145	246	0	5	0.6075	153.4	767.0	0.6666666666666666
52146	18	0	5	0.0375	14.6	73.0	0.3333333333333333
52147	22	0	5	0.0475	20.0	100.0	0.0
52148	99	0	5	0.24	41.0	205.0	0.3333333333333333
52149	120	1	4	0.2975	89.0	445.0	1.0
52150	343	0	5	0.85	182.0	910.0	0.3333333333333333
52151	145	0	5	0.355	55.8	279.0	0.3333333333333333
52152	135	0	5	0.33	112.2	561.0	0.0
52153	251	1	3	0.625	183.8	919.0	1.0
52154	129	0	5	0.315	80.2	401.0	0.3333333333333333
52155	213	0	5	0.525	92.2	461.0	0.3333333333333333
52156	330	0	5	0.8175	208.8	1044.0	0.3333333333333333
52157	230	0	5	0.5675	195.0	975.0	0.3333333333333333
52158	306	0	5	0.7575	132.8	664.0	0.6666666666666666
52159	315	0	5	0.78	256.2	1281.0	0.3333333333333333
52160	157	0	5	0.385	132.4	662.0	0.6666666666666666
52161	220	0	5	0.5425	206.8	1034.0	0.0
52162	334	0	5	0.8275	272.6	1363.0	0.6666666666666666
52163	85	0	5	0.205	66.8	334.0	0.3333333333333333
52164	31	0	5	0.07	29.0	145.0	0.0
52165	198	0	5	0.4875	167.8	839.0	0.3333333333333333
52166	327	0	5	0.81	85.8	429.0	0.6666666666666666
52167	387	0	5	0.96	151.4	757.0	0.3333333333333333
52168	375	0	5	0.93	174.2	871.0	0.6666666666666666
52169	390	0	5	0.9675	108.0	540.0	0.6666666666666666
52170	275	0	5	0.68	154.2	771.0	0.6666666666666666
52171	223	0	5	0.55	175.8	879.0	0.3333333333333333
52172	127	0	5	0.31	102.6	513.0	0.3333333333333333
52173	353	0	5	0.875	158.4	792.0	0.3333333333333333
52174	92	0	5	0.2225	22.0	110.0	0.3333333333333333
52175	211	0	5	0.52	136.4	682.0	0.6666666666666666
52176	85	0	5	0.205	31.0	155.0	0.3333333333333333
52177	101	0	5	0.245	83.4	417.0	0.3333333333333333
52178	316	0	5	0.7825	199.2	996.0	0.6666666666666666
52179	98	0	5	0.2375	94.4	472.0	0.3333333333333333
52180	120	0	5	0.2925	82.8	414.0	0.6666666666666666
52181	171	0	5	0.42	143.0	715.0	0.6666666666666666
52182	341	0	5	0.845	182.2	911.0	0.6666666666666666
52183	22	0	5	0.0475	20.0	100.0	0.0
52184	241	0	5	0.595	200.8	1004.0	0.6666666666666666
52185	301	0	5	0.745	183.0	915.0	0.3333333333333333
52186	150	0	5	0.3675	85.0	425.0	0.3333333333333333
52187	88	0	5	0.2125	18.2	91.0	0.0
52188	339	0	5	0.84	226.2	1131.0	0.3333333333333333
52189	266	0	5	0.6575	78.0	390.0	0.3333333333333333
52190	370	1	4	0.9225	151.6	758.0	1.0
52191	373	0	5	0.925	106.6	533.0	0.6666666666666666
52192	361	0	5	0.895	235.8	1179.0	0.3333333333333333
52193	308	0	5	0.7625	181.2	906.0	0.6666666666666666
52194	174	0	5	0.4275	73.0	365.0	0.0
52195	63	0	5	0.15	48.2	241.0	0.6666666666666666
52196	81	0	5	0.195	79.0	395.0	0.0
52197	11	0	5	0.02	9.0	45.0	0.0
52198	265	0	5	0.655	187.4	937.0	0.6666666666666666
52199	89	0	5	0.215	87.0	435.0	0.0
52200	359	0	5	0.89	214.2	1071.0	0.3333333333333333
52201	6	0	5	0.0075	4.0	20.0	0.0
52202	398	0	5	0.9875	163.0	815.0	0.6666666666666666
52203	244	0	5	0.6025	148.0	740.0	0.6666666666666666
52204	78	0	5	0.1875	35.8	179.0	0.0
52205	40	0	5	0.0925	36.2	181.0	0.0
52206	40	0	5	0.0925	29.6	148.0	0.3333333333333333
52207	362	1	4	0.9025	130.6	653.0	1.0
52208	157	0	5	0.385	83.8	419.0	0.3333333333333333
52209	41	0	5	0.095	29.2	146.0	0.3333333333333333
52210	187	0	5	0.46	167.0	835.0	0.3333333333333333
52211	151	0	5	0.37	129.4	647.0	0.0
52212	344	0	5	0.8525	257.0	1285.0	0.6666666666666666
52213	213	0	5	0.525	157.0	785.0	0.6666666666666666
52214	57	0	5	0.135	53.0	265.0	0.0
52215	358	0	5	0.8875	200.4	1002.0	0.6666666666666666
52216	177	0	5	0.435	109.2	546.0	0.6666666666666666
52217	36	0	5	0.0825	34.0	170.0	0.0
52218	201	0	5	0.495	149.8	749.0	0.3333333333333333
52219	325	0	5	0.805	242.6	1213.0	0.3333333333333333
52220	89	0	5	0.215	31.8	159.0	0.3333333333333333
52221	302	0	5	0.7475	148.4	742.0	0.3333333333333333
52222	91	0	5	0.22	29.8	149.0	0.3333333333333333
52223	63	0	5	0.15	22.6	113.0	0.3333333333333333
52224	348	1	4	0.8675	144.8	724.0	1.0
52225	33	0	5	0.075	12.4	62.0	0.0
52226	75	0	5	0.18	70.4	352.0	0.3333333333333333
52227	89	0	5	0.215	87.0	435.0	0.0
52228	326	1	4	0.8125	153.6	768.0	1.0
52229	230	0	5	0.5675	139.2	696.0	0.0
52230	318	0	5	0.7875	176.8	884.0	0.6666666666666666
52231	40	0	5	0.0925	38.0	190.0	0.0
52232	56	0	5	0.1325	30.0	150.0	0.3333333333333333
52233	19	0	5	0.04	17.0	85.0	0.0
52234	123	0	5	0.3	92.6	463.0	0.0
52235	151	0	5	0.37	116.0	580.0	0.3333333333333333
52236	326	0	5	0.8075	309.8	1549.0	0.6666666666666666
52237	87	0	5	0.21	55.6	278.0	0.0
52238	206	0	5	0.5075	164.4	822.0	0.0
52239	80	0	5	0.1925	39.6	198.0	0.3333333333333333
52240	271	1	4	0.675	152.6	763.0	1.0
52241	232	0	5	0.5725	202.6	1013.0	0.3333333333333333
52242	146	0	5	0.3575	138.6	693.0	0.0
52243	279	0	5	0.69	135.8	679.0	0.6666666666666666
52244	367	1	4	0.915	233.0	1165.0	1.0
52245	54	0	5	0.1275	49.0	245.0	0.3333333333333333
52246	353	0	5	0.875	166.2	831.0	0.6666666666666666
52247	153	0	5	0.375	50.6	253.0	0.6666666666666666
52248	109	0	5	0.265	107.0	535.0	0.0
52249	268	0	5	0.6625	72.6	363.0	0.3333333333333333
52250	50	0	5	0.1175	27.0	135.0	0.0
52251	160	0	5	0.3925	146.4	732.0	0.3333333333333333
52252	78	0	5	0.1875	76.0	380.0	0.0
52253	113	0	5	0.275	85.8	429.0	0.3333333333333333
52254	394	0	5	0.9775	172.4	862.0	0.6666666666666666
52255	44	0	5	0.1025	35.6	178.0	0.3333333333333333
52256	194	0	5	0.4775	148.8	744.0	0.6666666666666666
52257	387	0	5	0.96	259.6	1298.0	0.6666666666666666
52258	124	0	5	0.3025	67.8	339.0	0.6666666666666666
52259	125	0	5	0.305	62.4	312.0	0.0
52260	255	0	5	0.63	148.2	741.0	0.3333333333333333
52261	164	0	5	0.4025	138.6	693.0	0.3333333333333333
52262	339	1	4	0.845	128.0	640.0	1.0
52263	295	0	5	0.73	174.4	872.0	0.3333333333333333
52264	225	0	5	0.555	165.8	829.0	0.3333333333333333
52265	199	0	5	0.49	191.2	956.0	0.6666666666666666
52266	113	0	5	0.275	50.6	253.0	0.3333333333333333
52267	121	0	5	0.295	34.2	171.0	0.0
52268	364	0	5	0.9025	208.4	1042.0	0.6666666666666666
52269	242	0	5	0.5975	133.8	669.0	0.6666666666666666
52270	208	0	5	0.5125	85.6	428.0	0.6666666666666666
52271	237	0	5	0.585	189.8	949.0	0.0
52272	258	0	5	0.6375	153.2	766.0	0.6666666666666666
52273	398	0	5	0.9875	157.2	786.0	0.6666666666666666
52274	388	1	4	0.9675	243.8	1219.0	1.0
52275	357	0	5	0.885	178.0	890.0	0.6666666666666666
52276	192	0	5	0.4725	146.8	734.0	0.3333333333333333
52277	48	0	5	0.1125	46.0	230.0	0.0
52278	341	0	5	0.845	186.4	932.0	0.3333333333333333
52279	92	0	5	0.2225	90.0	450.0	0.0
52280	54	0	5	0.1275	52.0	260.0	0.0
52281	375	0	5	0.93	173.8	869.0	0.3333333333333333
52282	208	0	5	0.5125	125.6	628.0	0.3333333333333333
52283	167	0	5	0.41	124.6	623.0	0.0
52284	166	0	5	0.4075	143.8	719.0	0.3333333333333333
52285	71	0	5	0.17	48.4	242.0	0.0
52286	88	0	5	0.2125	57.6	288.0	0.3333333333333333
52287	262	1	4	0.6525	143.6	718.0	1.0
52288	102	0	5	0.2475	87.0	435.0	0.6666666666666666
52289	125	0	5	0.305	79.2	396.0	0.3333333333333333
52290	221	0	5	0.545	162.6	813.0	0.0
52291	364	0	5	0.9025	208.4	1042.0	0.3333333333333333
52292	385	0	5	0.955	212.6	1063.0	0.6666666666666666
52293	311	1	4	0.775	90.0	450.0	1.0
52294	113	0	5	0.275	37.6	188.0	0.3333333333333333
52295	357	0	5	0.885	305.8	1529.0	0.6666666666666666
52296	201	0	5	0.495	169.6	848.0	0.3333333333333333
52297	136	0	5	0.3325	101.8	509.0	0.6666666666666666
52298	80	0	5	0.1925	78.0	390.0	0.0
52299	208	0	5	0.5125	133.8	669.0	0.3333333333333333
52300	310	0	5	0.7675	267.4	1337.0	0.6666666666666666
52301	347	1	4	0.865	95.6	478.0	1.0
52302	322	0	5	0.7975	227.6	1138.0	0.3333333333333333
52303	204	0	5	0.5025	131.6	658.0	0.3333333333333333
52304	166	0	5	0.4075	118.4	592.0	0.3333333333333333
52305	5	0	5	0.005	3.0	15.0	0.0
52306	223	0	5	0.55	149.0	745.0	0.6666666666666666
52307	224	1	4	0.5575	172.4	862.0	1.0
52308	114	0	5	0.2775	90.8	454.0	0.3333333333333333
52309	281	0	5	0.695	168.0	840.0	0.3333333333333333
52310	91	0	5	0.22	70.6	353.0	0.3333333333333333
52311	378	0	5	0.9375	265.0	1325.0	0.6666666666666666
52312	154	0	5	0.3775	128.4	642.0	0.0
52313	100	0	5	0.2425	47.0	235.0	0.3333333333333333
52314	200	0	5	0.4925	174.8	874.0	0.3333333333333333
52315	169	0	5	0.415	157.4	787.0	0.3333333333333333
52316	18	0	5	0.0375	16.0	80.0	0.0
52317	298	0	5	0.7375	218.0	1090.0	0.3333333333333333
52318	330	0	5	0.8175	192.8	964.0	0.3333333333333333
52319	237	0	5	0.585	115.2	576.0	0.6666666666666666
52320	72	0	5	0.1725	70.0	350.0	0.0
52321	140	0	5	0.3425	119.0	595.0	0.3333333333333333
52322	360	0	5	0.8925	297.6	1488.0	0.3333333333333333
52323	187	0	5	0.46	174.4	872.0	0.3333333333333333
52324	236	0	5	0.5825	84.4	422.0	0.6666666666666666
52325	369	0	5	0.915	121.6	608.0	0.6666666666666666
52326	222	0	5	0.5475	161.0	805.0	0.3333333333333333
52327	208	0	5	0.5125	206.0	1030.0	0.0
52328	294	0	5	0.7275	129.0	645.0	0.3333333333333333
52329	243	0	5	0.6	212.2	1061.0	0.0
52330	307	0	5	0.76	93.8	469.0	0.3333333333333333
52331	115	1	4	0.285	27.0	135.0	1.0
52332	342	1	4	0.8525	148.8	744.0	1.0
52333	279	1	4	0.695	128.6	643.0	1.0
52334	369	0	5	0.915	299.2	1496.0	0.6666666666666666
52335	86	0	5	0.2075	84.0	420.0	0.0
52336	21	0	5	0.045	15.4	77.0	0.0
52337	268	0	5	0.6625	210.4	1052.0	0.3333333333333333
52338	345	0	5	0.855	276.2	1381.0	0.6666666666666666
52339	51	0	5	0.12	49.0	245.0	0.0
52340	392	1	4	0.9775	102.4	512.0	1.0
52341	315	0	5	0.78	155.6	778.0	0.6666666666666666
52342	268	0	5	0.6625	123.6	618.0	0.6666666666666666
52343	63	0	5	0.15	41.0	205.0	0.3333333333333333
52344	372	0	5	0.9225	144.0	720.0	0.3333333333333333
52345	200	0	5	0.4925	82.2	411.0	0.0
52346	41	0	5	0.095	39.0	195.0	0.0
52347	179	0	5	0.44	94.2	471.0	0.6666666666666666
52348	314	0	5	0.7775	84.0	420.0	0.6666666666666666
52349	176	1	4	0.4375	143.2	716.0	1.0
52350	380	0	5	0.9425	108.4	542.0	0.6666666666666666
52351	257	0	5	0.635	243.2	1216.0	0.0
52352	247	0	5	0.61	178.8	894.0	0.6666666666666666
52353	95	0	5	0.23	49.8	249.0	0.0
52354	90	0	5	0.2175	56.8	284.0	0.0
52355	192	0	5	0.4725	134.4	672.0	0.6666666666666666
52356	107	0	5	0.26	94.2	471.0	0.3333333333333333
52357	191	0	5	0.47	159.4	797.0	0.3333333333333333
52358	343	0	5	0.85	137.8	689.0	0.6666666666666666
52359	191	0	5	0.47	154.6	773.0	0.3333333333333333
52360	326	0	5	0.8075	271.4	1357.0	0.0
52361	182	0	5	0.4475	36.2	181.0	0.3333333333333333
52362	350	0	5	0.8675	258.6	1293.0	0.3333333333333333
52363	128	0	5	0.3125	118.8	594.0	0.0
52364	285	0	5	0.705	122.2	611.0	0.3333333333333333
52365	245	0	5	0.605	189.6	948.0	0.3333333333333333
52366	309	0	5	0.765	307.0	1535.0	0.0
52367	99	0	5	0.24	44.2	221.0	0.3333333333333333
52368	383	1	4	0.955	225.6	1128.0	1.0
52369	134	0	5	0.3275	113.2	566.0	0.3333333333333333
52370	374	1	4	0.9325	233.2	1166.0	1.0
52371	151	0	5	0.37	137.0	685.0	0.3333333333333333
52372	376	0	5	0.9325	209.2	1046.0	0.6666666666666666
52373	118	0	5	0.2875	86.6	433.0	0.0
52374	182	0	5	0.4475	168.4	842.0	0.0
52375	36	0	5	0.0825	34.0	170.0	0.0
52376	259	0	5	0.64	227.6	1138.0	0.3333333333333333
52377	146	0	5	0.3575	87.2	436.0	0.0
52378	156	0	5	0.3825	67.2	336.0	0.6666666666666666
52379	119	0	5	0.29	117.0	585.0	0.0
52380	33	0	5	0.075	31.0	155.0	0.0
52381	270	0	5	0.6675	220.0	1100.0	0.0
52382	81	0	5	0.195	79.0	395.0	0.0
52383	222	0	5	0.5475	52.0	260.0	0.3333333333333333
52384	178	0	5	0.4375	79.8	399.0	0.6666666666666666
52385	297	0	5	0.735	145.6	728.0	0.6666666666666666
52386	69	0	5	0.165	60.4	302.0	0.3333333333333333
52387	344	0	5	0.8525	166.0	830.0	0.6666666666666666
52388	32	0	5	0.0725	30.0	150.0	0.0
52389	274	0	5	0.6775	234.4	1172.0	0.3333333333333333
52390	163	0	5	0.4	138.8	694.0	0.0
52391	285	0	5	0.705	125.6	628.0	0.6666666666666666
52392	269	0	5	0.665	107.0	535.0	0.6666666666666666
52393	279	1	4	0.695	164.4	822.0	1.0
52394	398	0	5	0.9875	139.8	699.0	0.6666666666666666
52395	25	0	5	0.055	23.0	115.0	0.0
52396	201	0	5	0.495	156.0	780.0	0.6666666666666666
52397	317	0	5	0.785	157.2	786.0	0.3333333333333333
52398	34	0	5	0.0775	32.0	160.0	0.0
52399	328	0	5	0.8125	157.6	788.0	0.3333333333333333
52400	291	0	5	0.72	213.8	1069.0	0.6666666666666666
52401	368	1	4	0.9175	123.2	616.0	1.0
52402	132	0	5	0.3225	93.2	466.0	0.6666666666666666
52403	317	0	5	0.785	261.0	1305.0	0.6666666666666666
52404	244	0	5	0.6025	99.2	496.0	0.6666666666666666
52405	367	0	5	0.91	199.4	997.0	0.6666666666666666
52406	12	0	5	0.0225	10.0	50.0	0.0
52407	219	0	5	0.54	149.0	745.0	0.3333333333333333
52408	130	0	5	0.3175	85.6	428.0	0.3333333333333333
52409	283	0	5	0.7	164.6	823.0	0.6666666666666666
52410	269	0	5	0.665	204.6	1023.0	0.3333333333333333
52411	62	0	5	0.1475	44.0	220.0	0.3333333333333333
52412	237	0	5	0.585	229.0	1145.0	0.3333333333333333
52413	355	0	5	0.88	207.4	1037.0	0.6666666666666666
52414	299	1	4	0.745	234.2	1171.0	1.0
52415	293	1	4	0.73	208.8	1044.0	1.0
52416	202	0	5	0.4975	71.8	359.0	0.6666666666666666
52417	138	0	5	0.3375	136.0	680.0	0.0
52418	285	0	5	0.705	116.6	583.0	0.6666666666666666
52419	282	0	5	0.6975	165.6	828.0	0.3333333333333333
52420	365	0	5	0.905	184.6	923.0	0.6666666666666666
52421	226	0	5	0.5575	73.6	368.0	0.6666666666666666
52422	163	0	5	0.4	161.0	805.0	0.0
52423	327	0	5	0.81	252.2	1261.0	0.3333333333333333
52424	203	0	5	0.5	133.8	669.0	0.3333333333333333
52425	343	0	5	0.85	307.6	1538.0	0.3333333333333333
52426	383	0	5	0.95	330.0	1650.0	0.6666666666666666
52427	9	0	5	0.015	7.0	35.0	0.0
52428	151	0	5	0.37	149.0	745.0	0.0
52429	222	0	5	0.5475	98.4	492.0	0.3333333333333333
52430	292	0	5	0.7225	290.0	1450.0	0.0
52431	363	0	5	0.9	191.6	958.0	0.6666666666666666
52432	300	0	5	0.7425	197.0	985.0	0.6666666666666666
52433	61	0	5	0.145	43.4	217.0	0.3333333333333333
52434	79	0	5	0.19	77.0	385.0	0.3333333333333333
52435	346	0	5	0.8575	145.6	728.0	0.3333333333333333
52436	383	0	5	0.95	258.6	1293.0	0.6666666666666666
52437	155	0	5	0.38	66.6	333.0	0.0
52438	111	0	5	0.27	80.2	401.0	0.3333333333333333
52439	366	0	5	0.9075	138.4	692.0	0.6666666666666666
52440	100	0	5	0.2425	82.8	414.0	0.3333333333333333
52441	269	0	5	0.665	160.8	804.0	0.6666666666666666
52442	2	0	5	0.0	0.0	0.0	0.0
52443	142	0	5	0.3475	95.2	476.0	0.3333333333333333
52444	175	0	5	0.43	140.4	702.0	0.6666666666666666
52445	356	0	5	0.8825	223.2	1116.0	0.6666666666666666
52446	277	0	5	0.685	86.6	433.0	0.6666666666666666
52447	352	0	5	0.8725	206.6	1033.0	0.6666666666666666
52448	280	0	5	0.6925	200.0	1000.0	0.6666666666666666
52449	351	0	5	0.87	149.8	749.0	0.6666666666666666
52450	189	1	4	0.47	147.4	737.0	1.0
52451	349	0	5	0.865	220.2	1101.0	0.6666666666666666
52452	339	0	5	0.84	302.6	1513.0	0.3333333333333333
52453	324	0	5	0.8025	243.4	1217.0	0.3333333333333333
52454	298	1	4	0.7425	85.8	429.0	1.0
52455	283	0	5	0.7	233.4	1167.0	0.6666666666666666
52456	333	0	5	0.825	127.0	635.0	0.6666666666666666
52457	45	0	5	0.105	23.8	119.0	0.3333333333333333
52458	153	0	5	0.375	93.8	469.0	0.3333333333333333
52459	395	0	5	0.98	244.6	1223.0	0.6666666666666666
52460	84	0	5	0.2025	63.8	319.0	0.3333333333333333
52461	178	0	5	0.4375	93.8	469.0	0.3333333333333333
52462	393	1	4	0.98	125.8	629.0	1.0
52463	8	0	5	0.0125	6.0	30.0	0.0
52464	106	0	5	0.2575	104.0	520.0	0.0
52465	29	0	5	0.065	24.0	120.0	0.0
52466	172	0	5	0.4225	100.4	502.0	0.6666666666666666
52467	273	0	5	0.675	151.6	758.0	0.3333333333333333
52468	28	0	5	0.0625	26.0	130.0	0.0
52469	58	0	5	0.1375	47.4	237.0	0.3333333333333333
52470	80	0	5	0.1925	68.4	342.0	0.3333333333333333
52471	223	0	5	0.55	181.8	909.0	0.6666666666666666
52472	329	0	5	0.815	225.6	1128.0	0.3333333333333333
52473	307	0	5	0.76	238.8	1194.0	0.6666666666666666
52474	49	0	5	0.115	47.0	235.0	0.0
52475	131	0	5	0.32	129.0	645.0	0.0
52476	160	0	5	0.3925	158.0	790.0	0.0
52477	104	0	5	0.2525	27.2	136.0	0.3333333333333333
52478	27	0	5	0.06	25.0	125.0	0.0
52479	164	0	5	0.4025	103.0	515.0	0.6666666666666666
52480	304	0	5	0.7525	269.0	1345.0	0.3333333333333333
52481	330	0	5	0.8175	132.2	661.0	0.6666666666666666
52482	234	0	5	0.5775	149.2	746.0	0.0
52483	235	0	5	0.58	109.0	545.0	0.3333333333333333
52484	2	0	5	0.0	0.0	0.0	0.0
52485	67	0	5	0.16	60.2	301.0	0.3333333333333333
52486	143	0	5	0.35	113.4	567.0	0.6666666666666666
52487	205	0	5	0.505	41.0	205.0	0.3333333333333333
52488	357	0	5	0.885	257.2	1286.0	0.6666666666666666
52489	241	0	5	0.595	155.0	775.0	0.3333333333333333
52490	108	0	5	0.2625	61.2	306.0	0.0
52491	77	0	5	0.185	71.0	355.0	0.0
52492	164	0	5	0.4025	105.2	526.0	0.3333333333333333
52493	210	0	5	0.5175	123.2	616.0	0.3333333333333333
52494	117	0	5	0.285	93.2	466.0	0.3333333333333333
52495	61	0	5	0.145	59.0	295.0	0.0
52496	38	0	5	0.0875	32.8	164.0	0.0
52497	118	0	5	0.2875	107.2	536.0	0.0
52498	118	0	5	0.2875	90.2	451.0	0.3333333333333333
52499	41	0	5	0.095	39.0	195.0	0.0
52500	180	0	5	0.4425	59.6	298.0	0.6666666666666666
52501	162	0	5	0.3975	160.0	800.0	0.0
52502	97	0	5	0.235	65.2	326.0	0.3333333333333333
52503	293	0	5	0.725	107.2	536.0	0.3333333333333333
52504	352	1	4	0.8775	242.4	1212.0	1.0
52505	321	0	5	0.795	145.6	728.0	0.6666666666666666
52506	142	0	5	0.3475	100.4	502.0	0.0
52507	321	0	5	0.795	94.0	470.0	0.3333333333333333
52508	357	0	5	0.885	241.8	1209.0	0.3333333333333333
52509	215	0	5	0.53	113.2	566.0	0.3333333333333333
52510	189	0	5	0.465	129.0	645.0	0.3333333333333333
52511	2	0	5	0.0	0.0	0.0	0.0
52512	162	0	5	0.3975	125.6	628.0	0.6666666666666666
52513	119	0	5	0.29	42.6	213.0	0.3333333333333333
52514	123	0	5	0.3	71.8	359.0	0.6666666666666666
52515	356	0	5	0.8825	190.8	954.0	0.6666666666666666
52516	100	0	5	0.2425	76.4	382.0	0.3333333333333333
52517	397	0	5	0.985	335.6	1678.0	0.6666666666666666
52518	255	0	5	0.63	124.2	621.0	0.6666666666666666
52519	379	0	5	0.94	187.2	936.0	0.6666666666666666
52520	107	0	5	0.26	105.0	525.0	0.0
52521	235	0	5	0.58	193.6	968.0	0.3333333333333333
52522	78	0	5	0.1875	76.0	380.0	0.3333333333333333
52523	148	0	5	0.3625	42.0	210.0	0.0
52524	231	0	5	0.57	121.8	609.0	0.6666666666666666
52525	265	0	5	0.655	177.0	885.0	0.3333333333333333
52526	313	0	5	0.775	280.2	1401.0	0.3333333333333333
52527	383	0	5	0.95	283.0	1415.0	0.6666666666666666
52528	172	0	5	0.4225	103.6	518.0	0.0
52529	278	0	5	0.6875	166.2	831.0	0.3333333333333333
52530	104	0	5	0.2525	70.4	352.0	0.6666666666666666
52531	392	0	5	0.9725	126.4	632.0	0.6666666666666666
52532	197	0	5	0.485	173.4	867.0	0.6666666666666666
52533	307	0	5	0.76	175.4	877.0	0.3333333333333333
52534	103	0	5	0.25	101.0	505.0	0.0
52535	120	0	5	0.2925	103.6	518.0	0.3333333333333333
52536	306	0	5	0.7575	240.8	1204.0	0.3333333333333333
52537	273	0	5	0.675	217.8	1089.0	0.3333333333333333
52538	61	0	5	0.145	41.4	207.0	0.0
52539	64	0	5	0.1525	53.6	268.0	0.0
52540	225	0	5	0.555	152.0	760.0	0.3333333333333333
52541	176	0	5	0.4325	172.8	864.0	0.3333333333333333
52542	233	0	5	0.575	127.6	638.0	0.6666666666666666
52543	277	0	5	0.685	159.4	797.0	0.6666666666666666
52544	281	0	5	0.695	188.6	943.0	0.6666666666666666
52545	255	0	5	0.63	159.8	799.0	0.3333333333333333
52546	117	0	5	0.285	57.2	286.0	0.6666666666666666
52547	358	1	4	0.8925	179.2	896.0	1.0
52548	246	0	5	0.6075	185.2	926.0	0.3333333333333333
52549	275	0	5	0.68	205.8	1029.0	0.3333333333333333
52550	196	0	5	0.4825	126.8	634.0	0.6666666666666666
52551	138	0	5	0.3375	118.0	590.0	0.0
52552	27	0	5	0.06	22.2	111.0	0.3333333333333333
52553	198	0	5	0.4875	126.6	633.0	0.6666666666666666
52554	199	0	5	0.49	109.4	547.0	0.3333333333333333
52555	345	0	5	0.855	260.6	1303.0	0.3333333333333333
52556	145	1	4	0.36	80.4	402.0	1.0
52557	170	0	5	0.4175	168.0	840.0	0.0
52558	253	0	5	0.625	140.2	701.0	0.6666666666666666
52559	179	0	5	0.44	129.0	645.0	0.0
52560	34	0	5	0.0775	32.0	160.0	0.0
52561	64	0	5	0.1525	62.0	310.0	0.0
52562	65	0	5	0.155	54.0	270.0	0.3333333333333333
52563	394	1	4	0.9825	92.0	460.0	1.0
52564	278	0	5	0.6875	234.4	1172.0	0.6666666666666666
52565	298	0	5	0.7375	175.2	876.0	0.3333333333333333
52566	42	0	5	0.0975	27.4	137.0	0.3333333333333333
52567	383	1	4	0.955	120.2	601.0	1.0
52568	159	0	5	0.39	103.0	515.0	0.6666666666666666
52569	16	0	5	0.0325	14.0	70.0	0.0
52570	5	0	5	0.005	3.0	15.0	0.0
52571	136	0	5	0.3325	83.2	416.0	0.0
52572	25	0	5	0.055	23.0	115.0	0.0
52573	256	1	4	0.6375	160.6	803.0	1.0
52574	275	0	5	0.68	129.8	649.0	0.6666666666666666
52575	229	0	5	0.565	134.4	672.0	0.3333333333333333
52576	229	1	4	0.57	107.0	535.0	1.0
52577	151	0	5	0.37	149.0	745.0	0.0
52578	28	0	5	0.0625	26.0	130.0	0.0
52579	246	0	5	0.6075	76.4	382.0	0.6666666666666666
52580	395	1	4	0.985	128.6	643.0	1.0
52581	361	0	5	0.895	266.0	1330.0	0.6666666666666666
52582	70	0	5	0.1675	68.0	340.0	0.0
52583	226	0	5	0.5575	189.6	948.0	0.3333333333333333
52584	369	1	4	0.92	232.2	1161.0	1.0
52585	67	0	5	0.16	65.0	325.0	0.0
52586	334	0	5	0.8275	181.8	909.0	0.3333333333333333
52587	111	0	5	0.27	76.2	381.0	0.6666666666666666
52588	303	0	5	0.75	163.0	815.0	0.3333333333333333
52589	63	0	5	0.15	61.0	305.0	0.0
52590	209	0	5	0.515	142.0	710.0	0.3333333333333333
52591	294	0	5	0.7275	239.6	1198.0	0.6666666666666666
52592	118	0	5	0.2875	36.6	183.0	0.6666666666666666
52593	162	0	5	0.3975	57.4	287.0	0.3333333333333333
52594	52	0	5	0.1225	50.0	250.0	0.0
52595	353	0	5	0.875	280.6	1403.0	0.6666666666666666
52596	252	1	4	0.6275	64.0	320.0	1.0
52597	283	0	5	0.7	208.2	1041.0	0.3333333333333333
52598	88	0	5	0.2125	78.8	394.0	0.3333333333333333
52599	322	1	4	0.8025	235.2	1176.0	1.0
52600	401	0	5	0.995	232.2	1161.0	0.6666666666666666
52601	272	0	5	0.6725	162.2	811.0	0.6666666666666666
52602	373	0	5	0.925	275.0	1375.0	0.6666666666666666
52603	148	0	5	0.3625	78.4	392.0	0.6666666666666666
52604	179	0	5	0.44	125.2	626.0	0.6666666666666666
52605	270	0	5	0.6675	127.2	636.0	0.3333333333333333
52606	194	0	5	0.4775	174.4	872.0	0.0
52607	155	0	5	0.38	107.4	537.0	0.6666666666666666
52608	90	0	5	0.2175	53.4	267.0	0.6666666666666666
52609	57	0	5	0.135	53.8	269.0	0.3333333333333333
52610	181	0	5	0.445	125.6	628.0	0.3333333333333333
52611	283	0	5	0.7	199.4	997.0	0.3333333333333333
52612	232	0	5	0.5725	143.6	718.0	0.3333333333333333
52613	42	0	5	0.0975	38.4	192.0	0.0
52614	223	0	5	0.55	177.4	887.0	0.6666666666666666
52615	353	0	5	0.875	131.8	659.0	0.6666666666666666
52616	171	0	5	0.42	98.2	491.0	0.3333333333333333
52617	242	1	4	0.6025	121.8	609.0	1.0
52618	176	0	5	0.4325	172.8	864.0	0.3333333333333333
52619	112	0	5	0.2725	87.6	438.0	0.6666666666666666
52620	141	0	5	0.345	118.0	590.0	0.0
52621	158	0	5	0.3875	100.4	502.0	0.6666666666666666
52622	107	0	5	0.26	105.0	525.0	0.0
52623	324	0	5	0.8025	189.4	947.0	0.6666666666666666
52624	252	0	5	0.6225	169.2	846.0	0.6666666666666666
52625	293	0	5	0.725	158.2	791.0	0.6666666666666666
52626	306	0	5	0.7575	208.0	1040.0	0.3333333333333333
52627	264	0	5	0.6525	202.8	1014.0	0.3333333333333333
52628	52	0	5	0.1225	31.4	157.0	0.0
52629	133	0	5	0.325	117.8	589.0	0.3333333333333333
52630	17	0	5	0.035	15.0	75.0	0.0
52631	179	0	5	0.44	177.0	885.0	0.0
52632	80	0	5	0.1925	78.0	390.0	0.0
52633	366	1	4	0.9125	180.4	902.0	1.0
52634	197	0	5	0.485	143.2	716.0	0.3333333333333333
52635	55	0	5	0.13	38.6	193.0	0.0
52636	254	0	5	0.6275	67.2	336.0	0.6666666666666666
52637	294	0	5	0.7275	170.2	851.0	0.6666666666666666
52638	357	1	4	0.89	322.4	1612.0	1.0
52639	114	0	5	0.2775	68.8	344.0	0.0
52640	150	0	5	0.3675	94.6	473.0	0.3333333333333333
52641	162	0	5	0.3975	137.8	689.0	0.0
52642	5	0	5	0.005	3.0	15.0	0.0
52643	346	0	5	0.8575	141.4	707.0	0.6666666666666666
52644	339	0	5	0.84	186.4	932.0	0.6666666666666666
52645	28	0	5	0.0625	26.0	130.0	0.0
52646	337	0	5	0.835	226.2	1131.0	0.6666666666666666
52647	347	0	5	0.86	182.0	910.0	0.6666666666666666
52648	68	0	5	0.1625	52.8	264.0	0.3333333333333333
52649	248	0	5	0.6125	194.8	974.0	0.0
52650	87	0	5	0.21	85.0	425.0	0.0
52651	340	0	5	0.8425	186.4	932.0	0.3333333333333333
52652	161	0	5	0.395	146.2	731.0	0.0
52653	333	0	5	0.825	133.8	669.0	0.6666666666666666
52654	331	0	5	0.82	198.2	991.0	0.3333333333333333
52655	290	1	4	0.7225	67.6	338.0	1.0
52656	301	1	4	0.75	111.0	555.0	1.0
52657	82	0	5	0.1975	80.0	400.0	0.3333333333333333
52658	83	0	5	0.2	81.0	405.0	0.0
52659	261	0	5	0.645	97.4	487.0	0.3333333333333333
52660	154	0	5	0.3775	152.0	760.0	0.0
52661	117	0	5	0.285	111.4	557.0	0.0
52662	233	0	5	0.575	184.0	920.0	0.6666666666666666
52663	312	0	5	0.7725	221.8	1109.0	0.6666666666666666
52664	261	0	5	0.645	157.0	785.0	0.3333333333333333
52665	314	0	5	0.7775	147.2	736.0	0.6666666666666666
52666	173	0	5	0.425	162.6	813.0	0.3333333333333333
52667	325	0	5	0.805	128.0	640.0	0.6666666666666666
52668	345	0	5	0.855	221.8	1109.0	0.6666666666666666
52669	279	0	5	0.69	97.8	489.0	0.3333333333333333
52670	198	0	5	0.4875	196.0	980.0	0.0
52671	279	0	5	0.69	146.2	731.0	0.6666666666666666
52672	92	0	5	0.2225	59.2	296.0	0.0
52673	65	0	5	0.155	63.0	315.0	0.0
52674	103	0	5	0.25	100.0	500.0	0.3333333333333333
52675	211	0	5	0.52	180.0	900.0	0.6666666666666666
52676	190	0	5	0.4675	146.0	730.0	0.3333333333333333
52677	105	0	5	0.255	103.0	515.0	0.0
52678	277	0	5	0.685	87.8	439.0	0.6666666666666666
52679	162	0	5	0.3975	64.6	323.0	0.3333333333333333
52680	98	0	5	0.2375	41.6	208.0	0.3333333333333333
52681	284	0	5	0.7025	206.4	1032.0	0.3333333333333333
52682	163	0	5	0.4	161.0	805.0	0.3333333333333333
52683	156	0	5	0.3825	74.8	374.0	0.6666666666666666
52684	160	0	5	0.3925	151.8	759.0	0.0
52685	262	0	5	0.6475	207.0	1035.0	0.3333333333333333
52686	23	0	5	0.05	21.0	105.0	0.0
52687	87	0	5	0.21	58.0	290.0	0.0
52688	389	0	5	0.965	123.0	615.0	0.6666666666666666
52689	200	0	5	0.4925	151.8	759.0	0.3333333333333333
52690	387	0	5	0.96	211.2	1056.0	0.3333333333333333
52691	342	0	5	0.8475	225.2	1126.0	0.6666666666666666
52692	266	0	5	0.6575	172.8	864.0	0.3333333333333333
52693	129	0	5	0.315	50.8	254.0	0.0
52694	63	0	5	0.15	38.8	194.0	0.3333333333333333
52695	175	0	5	0.43	62.6	313.0	0.3333333333333333
52696	199	0	5	0.49	163.0	815.0	0.3333333333333333
52697	130	0	5	0.3175	123.0	615.0	0.3333333333333333
52698	52	0	5	0.1225	50.0	250.0	0.3333333333333333
52699	194	0	5	0.4775	181.6	908.0	0.3333333333333333
52700	335	0	5	0.83	272.4	1362.0	0.3333333333333333
52701	121	0	5	0.295	67.4	337.0	0.0
52702	178	0	5	0.4375	176.0	880.0	0.0
52703	211	0	5	0.52	101.0	505.0	0.3333333333333333
52704	89	0	5	0.215	51.0	255.0	0.3333333333333333
52705	181	1	4	0.45	133.8	669.0	1.0
52706	247	1	4	0.615	186.2	931.0	1.0
52707	188	0	5	0.4625	157.6	788.0	0.0
52708	347	1	4	0.865	277.0	1385.0	1.0
52709	304	0	5	0.7525	196.4	982.0	0.6666666666666666
52710	139	0	5	0.34	56.4	282.0	0.6666666666666666
52711	209	0	5	0.515	164.8	824.0	0.3333333333333333
52712	121	0	5	0.295	101.0	505.0	0.0
52713	172	0	5	0.4225	170.0	850.0	0.0
52714	332	1	4	0.8275	204.0	1020.0	1.0
52715	57	0	5	0.135	17.2	86.0	0.3333333333333333
52716	263	0	5	0.65	158.2	791.0	0.3333333333333333
52717	357	1	4	0.89	147.8	739.0	1.0
52718	244	0	5	0.6025	189.8	949.0	0.6666666666666666
52719	204	0	5	0.5025	81.8	409.0	0.6666666666666666
52720	213	0	5	0.525	141.2	706.0	0.6666666666666666
52721	29	0	5	0.065	27.0	135.0	0.0
52722	47	0	5	0.11	36.2	181.0	0.3333333333333333
52723	342	0	5	0.8475	229.6	1148.0	0.3333333333333333
52724	8	0	5	0.0125	6.0	30.0	0.0
52725	260	0	5	0.6425	117.8	589.0	0.6666666666666666
52726	319	1	4	0.795	220.0	1100.0	1.0
52727	31	0	5	0.07	29.0	145.0	0.0
52728	381	0	5	0.945	170.2	851.0	0.6666666666666666
52729	196	0	5	0.4825	181.6	908.0	0.6666666666666666
52730	339	1	4	0.845	239.4	1197.0	1.0
52731	65	0	5	0.155	63.0	315.0	0.0
52732	44	0	5	0.1025	41.8	209.0	0.0
52733	41	0	5	0.095	39.0	195.0	0.0
52734	131	0	5	0.32	77.4	387.0	0.0
52735	240	0	5	0.5925	117.4	587.0	0.0
52736	152	0	5	0.3725	94.0	470.0	0.6666666666666666
52737	192	0	5	0.4725	156.4	782.0	0.3333333333333333
52738	10	0	5	0.0175	8.0	40.0	0.0
52739	118	0	5	0.2875	107.2	536.0	0.3333333333333333
52740	209	0	5	0.515	155.2	776.0	0.3333333333333333
52741	197	0	5	0.485	118.6	593.0	0.3333333333333333
52742	206	0	5	0.5075	95.2	476.0	0.3333333333333333
52743	107	0	5	0.26	70.6	353.0	0.3333333333333333
52744	217	0	5	0.535	180.2	901.0	0.0
52745	156	0	5	0.3825	66.8	334.0	0.3333333333333333
52746	79	0	5	0.19	77.0	385.0	0.0
52747	129	0	5	0.315	65.4	327.0	0.3333333333333333
52748	105	0	5	0.255	76.0	380.0	0.3333333333333333
52749	309	0	5	0.765	165.4	827.0	0.3333333333333333
52750	145	0	5	0.355	90.4	452.0	0.3333333333333333
52751	193	0	5	0.475	191.0	955.0	0.0
52752	318	1	4	0.7925	82.0	410.0	1.0
52753	121	0	5	0.295	57.0	285.0	0.3333333333333333
52754	168	0	5	0.4125	129.2	646.0	0.3333333333333333
52755	28	0	5	0.0625	26.0	130.0	0.0
52756	288	0	5	0.7125	210.8	1054.0	0.6666666666666666
52757	197	0	5	0.485	140.8	704.0	0.6666666666666666
52758	383	1	4	0.955	201.0	1005.0	1.0
52759	226	0	5	0.5575	157.4	787.0	0.3333333333333333
52760	56	0	5	0.1325	37.8	189.0	0.0
52761	274	0	5	0.6775	206.2	1031.0	0.0
52762	316	0	5	0.7825	190.0	950.0	0.6666666666666666
52763	292	0	5	0.7225	89.8	449.0	0.6666666666666666
52764	119	0	5	0.29	117.0	585.0	0.0
52765	171	0	5	0.42	74.8	374.0	0.0
52766	167	1	4	0.415	125.8	629.0	1.0
52767	216	0	5	0.5325	199.2	996.0	0.3333333333333333
52768	236	1	4	0.5875	161.6	808.0	1.0
52769	193	0	5	0.475	157.4	787.0	0.6666666666666666
52770	151	0	5	0.37	91.4	457.0	0.6666666666666666
52771	108	0	5	0.2625	30.4	152.0	0.3333333333333333
52772	161	0	5	0.395	98.2	491.0	0.3333333333333333
52773	119	0	5	0.29	117.0	585.0	0.0
52774	43	0	5	0.1	41.0	205.0	0.0
52775	392	0	5	0.9725	224.6	1123.0	0.6666666666666666
52776	111	0	5	0.27	80.8	404.0	0.0
52777	234	0	5	0.5775	167.6	838.0	0.0
52778	163	0	5	0.4	161.0	805.0	0.0
52779	388	0	5	0.9625	176.4	882.0	0.6666666666666666
52780	202	0	5	0.4975	200.0	1000.0	0.3333333333333333
52781	264	0	5	0.6525	183.6	918.0	0.3333333333333333
52782	226	0	5	0.5575	76.0	380.0	0.6666666666666666
52783	177	0	5	0.435	172.4	862.0	0.0
52784	137	0	5	0.335	78.6	393.0	0.6666666666666666
52785	123	0	5	0.3	121.0	605.0	0.0
52786	163	0	5	0.4	81.4	407.0	0.0
52787	222	0	5	0.5475	195.6	978.0	0.3333333333333333
52788	297	0	5	0.735	187.6	938.0	0.3333333333333333
52789	282	0	5	0.6975	228.0	1140.0	0.3333333333333333
52790	398	1	4	0.9925	150.8	754.0	1.0
52791	284	0	5	0.7025	180.8	904.0	0.6666666666666666
52792	370	0	5	0.9175	209.8	1049.0	0.6666666666666666
52793	92	0	5	0.2225	71.6	358.0	0.3333333333333333
52794	169	0	5	0.415	83.6	418.0	0.0
52795	272	0	5	0.6725	85.0	425.0	0.6666666666666666
52796	217	0	5	0.535	78.2	391.0	0.3333333333333333
52797	162	0	5	0.3975	98.0	490.0	0.3333333333333333
52798	170	1	4	0.4225	117.2	586.0	1.0
52799	333	0	5	0.825	160.8	804.0	0.6666666666666666
52800	173	0	5	0.425	122.2	611.0	0.0
52801	295	0	5	0.73	262.8	1314.0	0.6666666666666666
52802	212	0	5	0.5225	137.2	686.0	0.3333333333333333
52803	395	0	5	0.98	104.6	523.0	0.6666666666666666
52804	205	0	5	0.505	79.0	395.0	0.0
52805	399	0	5	0.99	183.2	916.0	0.6666666666666666
52806	310	0	5	0.7675	121.6	608.0	0.6666666666666666
52807	285	0	5	0.705	151.4	757.0	0.0
52808	288	0	5	0.7125	93.2	466.0	0.3333333333333333
52809	2	0	5	0.0	0.0	0.0	0.0
52810	8	0	5	0.0125	6.0	30.0	0.0
52811	395	0	5	0.98	241.8	1209.0	0.6666666666666666
52812	162	0	5	0.3975	68.2	341.0	0.0
52813	240	0	5	0.5925	54.0	270.0	0.6666666666666666
52814	401	0	4	0.9975	296.2	1481.0	0.6666666666666666
52815	136	0	5	0.3325	86.4	432.0	0.0
52816	331	0	5	0.82	222.4	1112.0	0.0
52817	94	0	5	0.2275	48.8	244.0	0.3333333333333333
52818	393	1	3	0.98	163.8	819.0	1.0
52819	202	0	5	0.4975	60.8	304.0	0.3333333333333333
52820	282	0	5	0.6975	277.6	1388.0	0.3333333333333333
52821	360	1	4	0.8975	151.2	756.0	1.0
52822	349	0	5	0.865	201.8	1009.0	0.3333333333333333
52823	336	0	5	0.8325	261.6	1308.0	0.6666666666666666
52824	41	0	5	0.095	32.2	161.0	0.3333333333333333
52825	201	0	5	0.495	101.8	509.0	0.3333333333333333
52826	68	0	5	0.1625	43.6	218.0	0.3333333333333333
52827	374	1	4	0.9325	141.8	709.0	1.0
52828	383	1	3	0.955	276.2	1381.0	1.0
52829	276	1	4	0.6875	111.4	557.0	1.0
52830	53	0	5	0.125	39.8	199.0	0.3333333333333333
52831	183	1	4	0.455	57.4	287.0	1.0
52832	198	0	5	0.4875	196.0	980.0	0.0
52833	116	0	5	0.2825	85.6	428.0	0.0
52834	293	1	4	0.73	230.8	1154.0	1.0
52835	384	1	4	0.9575	200.0	1000.0	1.0
52836	302	0	5	0.7475	92.4	462.0	0.3333333333333333
52837	88	0	5	0.2125	46.0	230.0	0.0
52838	211	0	5	0.52	129.6	648.0	0.6666666666666666
52839	60	0	5	0.1425	49.0	245.0	0.3333333333333333
52840	375	1	4	0.935	108.6	543.0	1.0
52841	187	0	5	0.46	151.4	757.0	0.3333333333333333
52842	295	0	5	0.73	196.6	983.0	0.6666666666666666
52843	30	0	5	0.0675	28.0	140.0	0.0
52844	146	0	5	0.3575	99.6	498.0	0.3333333333333333
52845	73	0	5	0.175	35.6	178.0	0.0
52846	84	0	5	0.2025	32.4	162.0	0.3333333333333333
52847	347	0	5	0.86	215.4	1077.0	0.6666666666666666
52848	156	0	5	0.3825	107.6	538.0	0.3333333333333333
52849	211	0	5	0.52	207.4	1037.0	0.0
52850	148	0	5	0.3625	96.4	482.0	0.3333333333333333
52851	238	1	4	0.5925	129.0	645.0	1.0
52852	231	0	5	0.57	170.2	851.0	0.6666666666666666
52853	152	0	5	0.3725	41.2	206.0	0.3333333333333333
52854	76	0	5	0.1825	74.0	370.0	0.0
52855	315	0	5	0.78	91.4	457.0	0.6666666666666666
52856	78	0	5	0.1875	76.0	380.0	0.0
52857	222	0	5	0.5475	220.0	1100.0	0.0
52858	358	0	5	0.8875	177.8	889.0	0.3333333333333333
52859	159	0	5	0.39	82.0	410.0	0.3333333333333333
52860	71	0	5	0.17	69.0	345.0	0.0
52861	323	0	5	0.8	276.0	1380.0	0.6666666666666666
52862	107	0	5	0.26	78.6	393.0	0.3333333333333333
52863	171	0	5	0.42	81.2	406.0	0.6666666666666666
52864	279	0	5	0.69	229.2	1146.0	0.6666666666666666
52865	251	0	5	0.62	178.8	894.0	0.3333333333333333
52866	307	0	5	0.76	94.2	471.0	0.6666666666666666
52867	296	0	5	0.7325	229.6	1148.0	0.3333333333333333
52868	138	0	5	0.3375	109.6	548.0	0.0
52869	371	1	4	0.925	313.0	1565.0	1.0
52870	174	0	5	0.4275	103.8	519.0	0.3333333333333333
52871	213	0	5	0.525	116.6	583.0	0.3333333333333333
52872	255	0	5	0.63	142.6	713.0	0.6666666666666666
52873	291	0	5	0.72	194.6	973.0	0.6666666666666666
52874	97	0	5	0.235	89.2	446.0	0.0
52875	100	0	5	0.2425	87.8	439.0	0.0
52876	193	0	5	0.475	128.2	641.0	0.3333333333333333
52877	401	0	4	0.9975	171.4	857.0	0.6666666666666666
52878	88	0	5	0.2125	86.0	430.0	0.0
52879	212	0	5	0.5225	85.6	428.0	0.6666666666666666
52880	190	0	5	0.4675	66.6	333.0	0.3333333333333333
52881	355	0	5	0.88	212.4	1062.0	0.6666666666666666
52882	39	0	5	0.09	27.4	137.0	0.3333333333333333
52883	26	1	4	0.0625	15.6	78.0	1.0
52884	142	0	5	0.3475	47.0	235.0	0.3333333333333333
52885	150	0	5	0.3675	121.2	606.0	0.6666666666666666
52886	76	0	5	0.1825	74.0	370.0	0.0
52887	171	0	5	0.42	107.6	538.0	0.6666666666666666
52888	278	0	5	0.6875	79.0	395.0	0.3333333333333333
52889	312	0	5	0.7725	157.4	787.0	0.6666666666666666
52890	291	0	5	0.72	127.4	637.0	0.6666666666666666
52891	356	0	5	0.8825	243.8	1219.0	0.3333333333333333
52892	14	0	5	0.0275	11.6	58.0	0.0
52893	57	0	5	0.135	55.0	275.0	0.0
52894	163	0	5	0.4	131.6	658.0	0.3333333333333333
52895	78	0	5	0.1875	76.0	380.0	0.0
52896	270	0	5	0.6675	207.2	1036.0	0.6666666666666666
52897	100	0	5	0.2425	47.6	238.0	0.3333333333333333
52898	47	0	5	0.11	28.8	144.0	0.3333333333333333
52899	17	0	5	0.035	15.0	75.0	0.0
52900	214	0	5	0.5275	104.4	522.0	0.3333333333333333
52901	290	0	5	0.7175	157.0	785.0	0.3333333333333333
52902	378	0	5	0.9375	182.8	914.0	0.3333333333333333
52903	164	0	5	0.4025	104.8	524.0	0.3333333333333333
52904	141	0	5	0.345	53.2	266.0	0.3333333333333333
52905	164	0	5	0.4025	162.0	810.0	0.0
52906	263	0	5	0.65	261.0	1305.0	0.0
52907	368	0	5	0.9125	213.6	1068.0	0.6666666666666666
52908	337	0	5	0.835	221.0	1105.0	0.6666666666666666
52909	324	0	5	0.8025	298.0	1490.0	0.3333333333333333
52910	214	0	5	0.5275	170.8	854.0	0.0
52911	103	0	5	0.25	101.0	505.0	0.0
52912	74	0	5	0.1775	56.0	280.0	0.3333333333333333
52913	377	0	5	0.935	249.2	1246.0	0.6666666666666666
52914	214	0	5	0.5275	165.4	827.0	0.6666666666666666
52915	213	1	4	0.53	189.0	945.0	1.0
52916	54	0	5	0.1275	52.0	260.0	0.0
52917	382	1	4	0.9525	258.4	1292.0	1.0
52918	11	0	5	0.02	9.0	45.0	0.0
52919	223	0	5	0.55	65.8	329.0	0.3333333333333333
52920	219	0	5	0.54	135.4	677.0	0.6666666666666666
52921	229	0	5	0.565	143.6	718.0	0.3333333333333333
52922	156	0	5	0.3825	125.0	625.0	0.3333333333333333
52923	53	0	5	0.125	51.0	255.0	0.0
52924	337	1	4	0.84	204.8	1024.0	1.0
52925	398	0	5	0.9875	241.6	1208.0	0.6666666666666666
52926	274	0	5	0.6775	238.2	1191.0	0.3333333333333333
52927	47	0	5	0.11	45.0	225.0	0.0
52928	21	0	5	0.045	19.0	95.0	0.0
52929	115	0	5	0.28	113.0	565.0	0.0
52930	37	0	5	0.085	35.0	175.0	0.0
52931	306	0	5	0.7575	211.2	1056.0	0.3333333333333333
52932	133	0	5	0.325	40.6	203.0	0.6666666666666666
52933	238	0	5	0.5875	141.2	706.0	0.3333333333333333
52934	36	0	5	0.0825	28.2	141.0	0.3333333333333333
52935	133	0	5	0.325	42.2	211.0	0.6666666666666666
52936	213	0	5	0.525	96.4	482.0	0.3333333333333333
52937	166	0	5	0.4075	126.4	632.0	0.3333333333333333
52938	340	0	5	0.8425	105.8	529.0	0.6666666666666666
52939	260	0	5	0.6425	202.2	1011.0	0.3333333333333333
52940	304	0	5	0.7525	172.4	862.0	0.6666666666666666
52941	46	0	5	0.1075	39.6	198.0	0.0
52942	41	0	5	0.095	12.6	63.0	0.0
52943	327	0	5	0.81	214.6	1073.0	0.6666666666666666
52944	165	0	5	0.405	83.2	416.0	0.3333333333333333
52945	86	0	5	0.2075	46.0	230.0	0.3333333333333333
52946	105	0	5	0.255	61.6	308.0	0.0
52947	363	0	5	0.9	166.0	830.0	0.6666666666666666
52948	356	0	5	0.8825	163.6	818.0	0.6666666666666666
52949	75	0	5	0.18	73.0	365.0	0.0
52950	368	0	5	0.9125	82.4	412.0	0.6666666666666666
52951	213	0	5	0.525	140.0	700.0	0.6666666666666666
52952	317	0	5	0.785	173.6	868.0	0.6666666666666666
52953	312	0	5	0.7725	232.0	1160.0	0.3333333333333333
52954	304	0	5	0.7525	284.8	1424.0	0.3333333333333333
52955	335	0	5	0.83	290.0	1450.0	0.0
52956	18	0	5	0.0375	16.0	80.0	0.0
52957	250	0	5	0.6175	180.0	900.0	0.6666666666666666
52958	168	0	5	0.4125	46.4	232.0	0.6666666666666666
52959	241	0	5	0.595	183.4	917.0	0.0
52960	190	0	5	0.4675	124.6	623.0	0.6666666666666666
52961	277	1	4	0.69	119.6	598.0	1.0
52962	226	0	5	0.5575	108.0	540.0	0.3333333333333333
52963	287	0	5	0.71	146.2	731.0	0.3333333333333333
52964	278	0	5	0.6875	248.8	1244.0	0.3333333333333333
52965	261	0	5	0.645	118.6	593.0	0.3333333333333333
52966	175	0	5	0.43	67.6	338.0	0.3333333333333333
52967	49	0	5	0.115	38.6	193.0	0.0
52968	25	0	5	0.055	9.4	47.0	0.3333333333333333
52969	28	0	5	0.0625	15.8	79.0	0.0
52970	130	0	5	0.3175	104.0	520.0	0.6666666666666666
52971	169	0	5	0.415	167.0	835.0	0.0
52972	250	0	5	0.6175	132.8	664.0	0.6666666666666666
52973	340	0	5	0.8425	241.4	1207.0	0.6666666666666666
52974	249	0	5	0.615	173.4	867.0	0.3333333333333333
52975	383	0	5	0.95	157.0	785.0	0.3333333333333333
52976	203	1	3	0.505	202.4	1012.0	1.0
52977	27	0	5	0.06	25.0	125.0	0.0
52978	135	0	5	0.33	29.0	145.0	0.3333333333333333
52979	169	0	5	0.415	134.6	673.0	0.3333333333333333
52980	237	0	5	0.585	146.8	734.0	0.6666666666666666
52981	121	0	5	0.295	93.8	469.0	0.3333333333333333
52982	277	0	5	0.685	239.4	1197.0	0.0
52983	24	0	5	0.0525	22.0	110.0	0.0
52984	370	0	5	0.9175	194.2	971.0	0.6666666666666666
52985	241	1	4	0.6	218.2	1091.0	1.0
52986	107	0	5	0.26	35.4	177.0	0.3333333333333333
52987	213	0	5	0.525	169.2	846.0	0.3333333333333333
52988	238	0	5	0.5875	224.0	1120.0	0.6666666666666666
52989	252	0	5	0.6225	182.0	910.0	0.3333333333333333
52990	267	0	5	0.66	187.8	939.0	0.3333333333333333
52991	124	0	5	0.3025	116.4	582.0	0.0
52992	232	0	5	0.5725	108.8	544.0	0.6666666666666666
52993	233	0	5	0.575	93.0	465.0	0.6666666666666666
52994	368	0	5	0.9125	226.0	1130.0	0.6666666666666666
52995	317	0	5	0.785	211.8	1059.0	0.3333333333333333
52996	175	1	4	0.435	75.8	379.0	1.0
52997	61	0	5	0.145	59.0	295.0	0.0
52998	309	0	5	0.765	93.4	467.0	0.0
52999	90	0	5	0.2175	45.6	228.0	0.6666666666666666
53000	349	0	5	0.865	323.4	1617.0	0.3333333333333333
53001	307	0	5	0.76	221.6	1108.0	0.6666666666666666
53002	342	1	4	0.8525	316.0	1580.0	1.0
53003	130	0	5	0.3175	128.0	640.0	0.0
53004	140	0	5	0.3425	73.2	366.0	0.3333333333333333
53005	330	1	4	0.8225	246.8	1234.0	1.0
53006	127	0	5	0.31	119.4	597.0	0.3333333333333333
53007	331	0	5	0.82	147.4	737.0	0.6666666666666666
53008	147	0	5	0.36	122.8	614.0	0.0
53009	358	0	5	0.8875	250.4	1252.0	0.6666666666666666
53010	85	0	5	0.205	54.8	274.0	0.3333333333333333
53011	43	0	5	0.1	41.0	205.0	0.0
53012	197	0	5	0.485	117.2	586.0	0.3333333333333333
53013	27	0	5	0.06	25.0	125.0	0.0
53014	349	0	5	0.865	137.2	686.0	0.6666666666666666
53015	180	0	5	0.4425	176.4	882.0	0.3333333333333333
53016	90	0	5	0.2175	71.0	355.0	0.0
53017	396	0	5	0.9825	166.4	832.0	0.6666666666666666
53018	331	0	5	0.82	180.8	904.0	0.6666666666666666
53019	112	0	5	0.2725	106.6	533.0	0.3333333333333333
53020	167	0	5	0.41	165.0	825.0	0.0
53021	201	0	5	0.495	199.0	995.0	0.3333333333333333
53022	211	0	5	0.52	113.6	568.0	0.6666666666666666
53023	334	1	4	0.8325	146.8	734.0	1.0
53024	20	0	5	0.0425	18.0	90.0	0.0
53025	138	0	5	0.3375	81.4	407.0	0.0
53026	130	0	5	0.3175	52.6	263.0	0.6666666666666666
53027	285	0	5	0.705	180.6	903.0	0.6666666666666666
53028	186	0	5	0.4575	176.8	884.0	0.3333333333333333
53029	239	0	5	0.59	149.2	746.0	0.3333333333333333
53030	88	0	5	0.2125	86.0	430.0	0.0
53031	354	0	5	0.8775	101.8	509.0	0.6666666666666666
53032	143	1	3	0.355	103.8	519.0	1.0
53033	189	0	5	0.465	90.4	452.0	0.3333333333333333
53034	229	0	5	0.565	148.4	742.0	0.3333333333333333
53035	65	0	5	0.155	60.6	303.0	0.3333333333333333
53036	48	0	5	0.1125	22.8	114.0	0.3333333333333333
53037	78	0	5	0.1875	30.6	153.0	0.0
53038	36	0	5	0.0825	32.8	164.0	0.0
53039	126	0	5	0.3075	70.6	353.0	0.3333333333333333
53040	238	0	5	0.5875	99.8	499.0	0.6666666666666666
53041	209	0	5	0.515	142.6	713.0	0.6666666666666666
53042	267	0	5	0.66	106.2	531.0	0.3333333333333333
53043	230	0	5	0.5675	179.2	896.0	0.3333333333333333
53044	346	0	5	0.8575	105.2	526.0	0.6666666666666666
53045	354	0	5	0.8775	184.8	924.0	0.6666666666666666
53046	232	0	5	0.5725	207.4	1037.0	0.0
53047	206	0	5	0.5075	136.4	682.0	0.3333333333333333
53048	203	0	5	0.5	201.0	1005.0	0.0
53049	105	0	5	0.255	76.6	383.0	0.3333333333333333
53050	128	0	5	0.3125	35.6	178.0	0.6666666666666666
53051	224	0	5	0.5525	153.8	769.0	0.3333333333333333
53052	343	0	5	0.85	81.0	405.0	0.6666666666666666
53053	206	0	5	0.5075	187.4	937.0	0.0
53054	358	0	5	0.8875	177.0	885.0	0.6666666666666666
53055	98	0	5	0.2375	57.6	288.0	0.3333333333333333
53056	58	0	5	0.1375	56.0	280.0	0.0
53057	142	0	5	0.3475	80.8	404.0	0.6666666666666666
53058	345	0	5	0.855	140.6	703.0	0.6666666666666666
53059	154	0	5	0.3775	152.0	760.0	0.0
53060	213	0	5	0.525	159.6	798.0	0.3333333333333333
53061	228	0	5	0.5625	190.6	953.0	0.0
53062	258	0	5	0.6375	155.8	779.0	0.3333333333333333
53063	224	1	4	0.5575	125.6	628.0	1.0
53064	366	0	5	0.9075	123.2	616.0	0.6666666666666666
53065	160	0	5	0.3925	137.0	685.0	0.0
53066	177	0	5	0.435	158.6	793.0	0.3333333333333333
53067	257	0	5	0.635	98.6	493.0	0.6666666666666666
53068	33	0	5	0.075	31.0	155.0	0.0
53069	325	0	5	0.805	148.0	740.0	0.6666666666666666
53070	206	1	4	0.5125	159.0	795.0	1.0
53071	362	0	5	0.8975	218.0	1090.0	0.6666666666666666
53072	360	0	5	0.8925	235.8	1179.0	0.6666666666666666
53073	140	0	5	0.3425	110.2	551.0	0.3333333333333333
53074	123	0	5	0.3	56.4	282.0	0.6666666666666666
53075	281	0	5	0.695	107.8	539.0	0.6666666666666666
53076	150	0	5	0.3675	86.8	434.0	0.6666666666666666
53077	84	0	5	0.2025	53.2	266.0	0.3333333333333333
53078	233	0	5	0.575	205.2	1026.0	0.3333333333333333
53079	230	0	5	0.5675	191.6	958.0	0.0
53080	291	1	4	0.725	194.2	971.0	1.0
53081	229	0	5	0.565	97.4	487.0	0.6666666666666666
53082	318	1	4	0.7925	125.2	626.0	1.0
53083	218	0	5	0.5375	169.2	846.0	0.3333333333333333
53084	288	0	5	0.7125	156.8	784.0	0.6666666666666666
53085	319	0	5	0.79	298.6	1493.0	0.3333333333333333
53086	341	0	5	0.845	272.2	1361.0	0.3333333333333333
53087	114	0	5	0.2775	112.0	560.0	0.0
53088	373	0	5	0.925	172.4	862.0	0.6666666666666666
53089	86	0	5	0.2075	84.0	420.0	0.0
53090	7	0	5	0.01	5.0	25.0	0.0
53091	82	0	5	0.1975	20.0	100.0	0.3333333333333333
53092	136	0	5	0.3325	128.0	640.0	0.3333333333333333
53093	170	0	5	0.4175	122.2	611.0	0.3333333333333333
53094	14	0	5	0.0275	12.0	60.0	0.0
53095	212	0	5	0.5225	170.0	850.0	0.3333333333333333
53096	218	0	5	0.5375	216.0	1080.0	0.0
53097	33	0	5	0.075	31.0	155.0	0.0
53098	373	0	5	0.925	242.4	1212.0	0.6666666666666666
53099	143	0	5	0.35	105.8	529.0	0.3333333333333333
53100	196	0	5	0.4825	168.2	841.0	0.0
53101	19	0	5	0.04	17.0	85.0	0.0
53102	149	0	5	0.365	119.8	599.0	0.3333333333333333
53103	319	0	5	0.79	245.6	1228.0	0.6666666666666666
53104	161	0	5	0.395	159.0	795.0	0.3333333333333333
53105	314	0	5	0.7775	238.6	1193.0	0.3333333333333333
53106	47	0	5	0.11	44.8	224.0	0.0
53107	235	0	5	0.58	144.6	723.0	0.3333333333333333
53108	158	0	5	0.3875	47.2	236.0	0.3333333333333333
53109	118	0	5	0.2875	108.0	540.0	0.3333333333333333
53110	265	1	4	0.66	151.4	757.0	1.0
53111	289	0	5	0.715	260.2	1301.0	0.0
53112	63	0	5	0.15	53.8	269.0	0.0
53113	293	0	5	0.725	164.6	823.0	0.3333333333333333
53114	146	0	5	0.3575	144.0	720.0	0.0
53115	344	0	5	0.8525	239.2	1196.0	0.6666666666666666
53116	272	0	5	0.6725	113.4	567.0	0.6666666666666666
53117	295	0	5	0.73	220.6	1103.0	0.3333333333333333
53118	36	0	5	0.0825	34.0	170.0	0.0
53119	137	0	5	0.335	65.4	327.0	0.0
53120	156	0	5	0.3825	83.6	418.0	0.3333333333333333
53121	233	0	5	0.575	215.0	1075.0	0.3333333333333333
53122	14	0	5	0.0275	12.0	60.0	0.0
53123	120	0	5	0.2925	53.2	266.0	0.3333333333333333
53124	9	0	5	0.015	7.0	35.0	0.0
53125	344	0	5	0.8525	211.8	1059.0	0.6666666666666666
53126	131	0	5	0.32	116.4	582.0	0.3333333333333333
53127	367	1	4	0.915	245.8	1229.0	1.0
53128	278	0	5	0.6875	84.8	424.0	0.6666666666666666
53129	71	0	5	0.17	69.0	345.0	0.0
53130	82	0	5	0.1975	80.0	400.0	0.0
53131	356	0	5	0.8825	242.8	1214.0	0.6666666666666666
53132	312	0	5	0.7725	151.2	756.0	0.3333333333333333
53133	132	1	4	0.3275	110.2	551.0	1.0
53134	225	0	5	0.555	134.4	672.0	0.3333333333333333
53135	35	0	5	0.08	31.2	156.0	0.3333333333333333
53136	279	1	4	0.695	65.4	327.0	1.0
53137	110	0	5	0.2675	54.4	272.0	0.3333333333333333
53138	63	0	5	0.15	45.0	225.0	0.6666666666666666
53139	9	0	5	0.015	7.0	35.0	0.0
53140	209	0	5	0.515	147.4	737.0	0.3333333333333333
53141	27	0	5	0.06	25.0	125.0	0.0
53142	396	0	5	0.9825	218.8	1094.0	0.6666666666666666
53143	294	0	5	0.7275	120.8	604.0	0.3333333333333333
53144	366	0	5	0.9075	179.8	899.0	0.6666666666666666
53145	45	0	5	0.105	43.0	215.0	0.0
53146	196	0	5	0.4825	63.6	318.0	0.0
53147	271	0	5	0.67	162.6	813.0	0.6666666666666666
53148	391	0	5	0.97	277.6	1388.0	0.6666666666666666
53149	290	0	5	0.7175	206.0	1030.0	0.6666666666666666
53150	332	0	5	0.8225	171.8	859.0	0.3333333333333333
53151	6	0	5	0.0075	4.0	20.0	0.0
53152	54	0	5	0.1275	49.2	246.0	0.3333333333333333
53153	10	0	5	0.0175	5.0	25.0	0.0
53154	176	0	5	0.4325	148.2	741.0	0.3333333333333333
53155	353	0	5	0.875	174.2	871.0	0.3333333333333333
53156	256	0	5	0.6325	134.2	671.0	0.6666666666666666
53157	207	1	3	0.515	154.8	774.0	1.0
53158	110	0	5	0.2675	108.0	540.0	0.0
53159	277	0	5	0.685	107.0	535.0	0.6666666666666666
53160	341	0	5	0.845	245.6	1228.0	0.6666666666666666
53161	317	0	5	0.785	119.8	599.0	0.3333333333333333
53162	2	0	5	0.0	0.0	0.0	0.0
53163	41	0	5	0.095	36.4	182.0	0.3333333333333333
53164	338	0	5	0.8375	283.0	1415.0	0.3333333333333333
53165	386	0	5	0.9575	192.2	961.0	0.6666666666666666
53166	244	0	5	0.6025	172.0	860.0	0.6666666666666666
53167	214	0	5	0.5275	56.0	280.0	0.6666666666666666
53168	348	0	5	0.8625	89.2	446.0	0.6666666666666666
53169	324	0	5	0.8025	202.8	1014.0	0.3333333333333333
53170	212	0	5	0.5225	161.0	805.0	0.3333333333333333
53171	19	0	5	0.04	16.4	82.0	0.3333333333333333
53172	107	0	5	0.26	105.0	525.0	0.0
53173	306	0	5	0.7575	179.2	896.0	0.6666666666666666
53174	127	0	5	0.31	125.0	625.0	0.0
53175	137	0	5	0.335	134.4	672.0	0.3333333333333333
53176	207	0	5	0.51	91.0	455.0	0.0
53177	225	0	5	0.555	105.6	528.0	0.6666666666666666
53178	91	0	5	0.22	79.8	399.0	0.3333333333333333
53179	398	0	5	0.9875	261.2	1306.0	0.6666666666666666
53180	78	0	5	0.1875	46.4	232.0	0.3333333333333333
53181	378	0	5	0.9375	135.2	676.0	0.6666666666666666
53182	339	0	5	0.84	279.4	1397.0	0.6666666666666666
53183	144	0	5	0.3525	106.8	534.0	0.6666666666666666
53184	94	0	5	0.2275	61.6	308.0	0.3333333333333333
53185	164	0	5	0.4025	128.0	640.0	0.3333333333333333
53186	285	1	4	0.71	148.6	743.0	1.0
53187	26	0	5	0.0575	24.0	120.0	0.0
53188	144	0	5	0.3525	96.0	480.0	0.3333333333333333
53189	396	0	5	0.9825	138.4	692.0	0.6666666666666666
53190	185	0	5	0.455	102.8	514.0	0.3333333333333333
53191	53	0	5	0.125	45.6	228.0	0.0
53192	145	0	5	0.355	42.4	212.0	0.6666666666666666
53193	119	0	5	0.29	108.6	543.0	0.0
53194	397	0	5	0.985	244.4	1222.0	0.6666666666666666
53195	354	0	5	0.8775	148.4	742.0	0.6666666666666666
53196	280	0	5	0.6925	116.6	583.0	0.3333333333333333
53197	386	0	5	0.9575	175.6	878.0	0.6666666666666666
53198	204	1	4	0.5075	120.8	604.0	1.0
53199	295	0	5	0.73	161.2	806.0	0.6666666666666666
53200	350	0	5	0.8675	74.4	372.0	0.3333333333333333
53201	2	0	5	0.0	0.0	0.0	0.0
53202	390	1	4	0.9725	278.8	1394.0	1.0
53203	100	0	5	0.2425	60.8	304.0	0.0
53204	206	1	4	0.5125	150.0	750.0	1.0
53205	390	0	5	0.9675	337.4	1687.0	0.6666666666666666
53206	140	0	5	0.3425	131.6	658.0	0.6666666666666666
53207	11	0	5	0.02	9.0	45.0	0.0
53208	189	0	5	0.465	159.0	795.0	0.3333333333333333
53209	229	0	5	0.565	109.6	548.0	0.6666666666666666
53210	239	0	5	0.59	125.4	627.0	0.3333333333333333
53211	64	0	5	0.1525	46.0	230.0	0.3333333333333333
53212	245	0	5	0.605	159.8	799.0	0.3333333333333333
53213	318	1	4	0.7925	104.0	520.0	1.0
53214	151	0	5	0.37	149.0	745.0	0.0
53215	249	0	5	0.615	236.6	1183.0	0.3333333333333333
53216	396	0	5	0.9825	203.4	1017.0	0.6666666666666666
53217	359	0	5	0.89	234.4	1172.0	0.3333333333333333
53218	159	0	5	0.39	101.0	505.0	0.6666666666666666
53219	202	1	4	0.5025	140.6	703.0	1.0
53220	196	0	5	0.4825	116.6	583.0	0.6666666666666666
53221	142	0	5	0.3475	74.6	373.0	0.0
53222	104	0	5	0.2525	96.4	482.0	0.3333333333333333
53223	227	0	5	0.56	108.0	540.0	0.6666666666666666
53224	292	0	5	0.7225	102.2	511.0	0.6666666666666666
53225	287	1	4	0.715	128.6	643.0	1.0
53226	39	0	5	0.09	35.6	178.0	0.3333333333333333
53227	177	0	5	0.435	112.6	563.0	0.6666666666666666
53228	157	0	5	0.385	90.6	453.0	0.6666666666666666
53229	113	0	5	0.275	79.8	399.0	0.3333333333333333
53230	381	0	5	0.945	208.8	1044.0	0.6666666666666666
53231	146	0	5	0.3575	128.2	641.0	0.0
53232	210	0	5	0.5175	149.2	746.0	0.6666666666666666
53233	214	0	5	0.5275	202.0	1010.0	0.3333333333333333
53234	109	0	5	0.265	92.0	460.0	0.0
53235	341	0	5	0.845	205.0	1025.0	0.6666666666666666
53236	110	0	5	0.2675	99.6	498.0	0.0
53237	91	0	5	0.22	54.2	271.0	0.0
53238	71	0	5	0.17	69.0	345.0	0.0
53239	344	0	5	0.8525	140.4	702.0	0.6666666666666666
53240	313	0	5	0.775	135.6	678.0	0.3333333333333333
53241	313	0	5	0.775	297.0	1485.0	0.3333333333333333
53242	63	0	5	0.15	41.8	209.0	0.3333333333333333
53243	390	0	5	0.9675	227.0	1135.0	0.6666666666666666
53244	154	0	5	0.3775	62.4	312.0	0.6666666666666666
53245	397	1	4	0.99	345.8	1729.0	1.0
53246	229	0	5	0.565	208.4	1042.0	0.0
53247	257	0	5	0.635	203.4	1017.0	0.3333333333333333
53248	353	0	5	0.875	257.6	1288.0	0.3333333333333333
53249	144	0	5	0.3525	94.0	470.0	0.3333333333333333
53250	363	0	5	0.9	297.6	1488.0	0.6666666666666666
53251	171	0	5	0.42	45.0	225.0	0.3333333333333333
53252	88	0	5	0.2125	39.2	196.0	0.3333333333333333
53253	166	0	5	0.4075	56.8	284.0	0.3333333333333333
53254	118	0	5	0.2875	73.2	366.0	0.3333333333333333
53255	157	0	5	0.385	99.8	499.0	0.3333333333333333
53256	199	0	5	0.49	61.0	305.0	0.6666666666666666
53257	82	0	5	0.1975	80.0	400.0	0.0
53258	161	0	5	0.395	136.6	683.0	0.3333333333333333
53259	339	0	5	0.84	223.4	1117.0	0.6666666666666666
53260	40	0	5	0.0925	38.0	190.0	0.0
53261	184	0	5	0.4525	170.0	850.0	0.3333333333333333
53262	364	0	5	0.9025	263.0	1315.0	0.3333333333333333
53263	110	0	5	0.2675	101.0	505.0	0.3333333333333333
53264	148	0	5	0.3625	121.4	607.0	0.3333333333333333
53265	338	1	4	0.8425	231.0	1155.0	1.0
53266	272	0	5	0.6725	217.6	1088.0	0.3333333333333333
53267	33	0	5	0.075	31.0	155.0	0.0
53268	58	0	5	0.1375	56.0	280.0	0.0
53269	347	0	5	0.86	128.0	640.0	0.6666666666666666
53270	222	1	4	0.5525	161.4	807.0	1.0
53271	175	0	5	0.43	89.0	445.0	0.0
53272	248	0	5	0.6125	223.2	1116.0	0.3333333333333333
53273	247	0	5	0.61	155.4	777.0	0.3333333333333333
53274	273	0	5	0.675	196.2	981.0	0.0
53275	111	0	5	0.27	109.0	545.0	0.0
53276	294	0	5	0.7275	204.2	1021.0	0.3333333333333333
53277	252	0	5	0.6225	157.6	788.0	0.3333333333333333
53278	122	0	5	0.2975	70.8	354.0	0.0
53279	182	0	5	0.4475	171.6	858.0	0.0
53280	220	1	4	0.5475	156.0	780.0	1.0
53281	149	0	5	0.365	100.8	504.0	0.6666666666666666
53282	46	0	5	0.1075	44.0	220.0	0.0
53283	380	1	3	0.9475	232.0	1160.0	1.0
53284	19	0	5	0.04	17.0	85.0	0.0
53285	154	0	5	0.3775	139.2	696.0	0.3333333333333333
53286	192	0	5	0.4725	80.2	401.0	0.3333333333333333
53287	189	1	4	0.47	109.8	549.0	1.0
53288	170	0	5	0.4175	95.4	477.0	0.3333333333333333
53289	206	0	5	0.5075	192.0	960.0	0.3333333333333333
53290	308	0	5	0.7625	126.6	633.0	0.3333333333333333
53291	144	0	5	0.3525	90.6	453.0	0.6666666666666666
53292	360	0	5	0.8925	148.4	742.0	0.6666666666666666
53293	206	0	5	0.5075	171.6	858.0	0.3333333333333333
53294	176	0	5	0.4325	91.0	455.0	0.6666666666666666
53295	346	0	5	0.8575	133.6	668.0	0.3333333333333333
53296	306	0	5	0.7575	255.0	1275.0	0.3333333333333333
53297	94	0	5	0.2275	26.4	132.0	0.6666666666666666
53298	224	0	5	0.5525	157.2	786.0	0.0
53299	147	0	5	0.36	145.0	725.0	0.0
53300	56	0	5	0.1325	54.0	270.0	0.0
53301	190	0	5	0.4675	137.2	686.0	0.0
53302	19	0	5	0.04	7.4	37.0	0.3333333333333333
53303	63	0	5	0.15	60.8	304.0	0.0
53304	93	0	5	0.225	91.0	455.0	0.0
53305	231	0	5	0.57	194.0	970.0	0.3333333333333333
53306	221	1	4	0.55	147.2	736.0	1.0
53307	310	1	4	0.7725	229.2	1146.0	1.0
53308	206	0	5	0.5075	100.8	504.0	0.3333333333333333
53309	35	0	5	0.08	9.0	45.0	0.3333333333333333
53310	366	1	4	0.9125	203.8	1019.0	1.0
53311	268	0	5	0.6625	161.6	808.0	0.6666666666666666
53312	156	0	5	0.3825	110.0	550.0	0.3333333333333333
53313	92	0	5	0.2225	76.8	384.0	0.3333333333333333
53314	241	0	5	0.595	197.4	987.0	0.3333333333333333
53315	279	0	5	0.69	168.0	840.0	0.3333333333333333
53316	282	0	5	0.6975	190.4	952.0	0.6666666666666666
53317	136	0	5	0.3325	77.0	385.0	0.0
53318	185	0	5	0.455	112.6	563.0	0.3333333333333333
53319	112	0	5	0.2725	89.4	447.0	0.0
53320	13	0	5	0.025	4.6	23.0	0.3333333333333333
53321	293	1	4	0.73	157.4	787.0	1.0
53322	151	0	5	0.37	129.0	645.0	0.6666666666666666
53323	359	0	5	0.89	222.2	1111.0	0.3333333333333333
53324	253	0	5	0.625	110.6	553.0	0.0
53325	339	0	5	0.84	125.6	628.0	0.6666666666666666
53326	181	0	5	0.445	86.0	430.0	0.0
53327	198	0	5	0.4875	122.8	614.0	0.6666666666666666
53328	137	0	5	0.335	48.8	244.0	0.0
53329	350	0	5	0.8675	193.6	968.0	0.3333333333333333
53330	255	0	5	0.63	181.4	907.0	0.0
53331	149	0	5	0.365	147.0	735.0	0.0
53332	159	0	5	0.39	89.4	447.0	0.3333333333333333
53333	22	0	5	0.0475	18.0	90.0	0.0
53334	284	0	5	0.7025	180.6	903.0	0.3333333333333333
53335	199	0	5	0.49	172.8	864.0	0.6666666666666666
53336	27	0	5	0.06	25.0	125.0	0.0
53337	121	0	5	0.295	112.2	561.0	0.0
53338	213	0	5	0.525	208.6	1043.0	0.3333333333333333
53339	177	0	5	0.435	141.6	708.0	0.3333333333333333
53340	44	0	5	0.1025	34.2	171.0	0.3333333333333333
53341	215	0	5	0.53	107.0	535.0	0.3333333333333333
53342	111	0	5	0.27	78.8	394.0	0.6666666666666666
53343	139	0	5	0.34	110.6	553.0	0.0
53344	140	0	5	0.3425	118.8	594.0	0.0
53345	184	0	5	0.4525	106.6	533.0	0.3333333333333333
53346	19	0	5	0.04	13.0	65.0	0.0
53347	51	0	5	0.12	49.0	245.0	0.3333333333333333
53348	263	0	5	0.65	173.2	866.0	0.3333333333333333
53349	364	0	5	0.9025	245.6	1228.0	0.6666666666666666
53350	348	1	4	0.8675	159.2	796.0	1.0
53351	384	0	5	0.9525	194.4	972.0	0.6666666666666666
53352	268	0	5	0.6625	146.0	730.0	0.3333333333333333
53353	188	0	5	0.4625	78.0	390.0	0.3333333333333333
53354	230	0	5	0.5675	156.4	782.0	0.3333333333333333
53355	140	0	5	0.3425	68.8	344.0	0.6666666666666666
53356	218	0	5	0.5375	206.0	1030.0	0.0
53357	282	0	5	0.6975	254.8	1274.0	0.3333333333333333
53358	274	1	4	0.6825	220.4	1102.0	1.0
53359	331	0	5	0.82	201.0	1005.0	0.6666666666666666
53360	125	0	5	0.305	78.6	393.0	0.3333333333333333
53361	110	0	5	0.2675	60.8	304.0	0.3333333333333333
53362	214	0	5	0.5275	210.2	1051.0	0.0
53363	6	0	5	0.0075	4.0	20.0	0.0
53364	346	0	5	0.8575	135.6	678.0	0.6666666666666666
53365	282	0	5	0.6975	121.0	605.0	0.6666666666666666
53366	284	0	5	0.7025	226.0	1130.0	0.3333333333333333
53367	158	0	5	0.3875	95.2	476.0	0.3333333333333333
53368	212	1	4	0.5275	200.8	1004.0	1.0
53369	115	0	5	0.28	109.8	549.0	0.0
53370	318	0	5	0.7875	203.4	1017.0	0.6666666666666666
53371	291	0	5	0.72	112.6	563.0	0.3333333333333333
53372	260	0	5	0.6425	130.8	654.0	0.6666666666666666
53373	345	0	5	0.855	319.2	1596.0	0.0
53374	289	0	5	0.715	126.2	631.0	0.3333333333333333
53375	147	0	5	0.36	81.8	409.0	0.6666666666666666
53376	63	0	5	0.15	61.0	305.0	0.0
53377	19	0	5	0.04	17.0	85.0	0.0
53378	367	1	4	0.915	284.6	1423.0	1.0
53379	353	0	5	0.875	169.4	847.0	0.3333333333333333
53380	48	0	5	0.1125	30.4	152.0	0.3333333333333333
53381	239	0	5	0.59	144.2	721.0	0.6666666666666666
53382	83	0	5	0.2	59.4	297.0	0.0
53383	75	0	5	0.18	29.6	148.0	0.3333333333333333
53384	166	0	5	0.4075	129.8	649.0	0.3333333333333333
53385	7	0	5	0.01	5.0	25.0	0.0
53386	33	0	5	0.075	31.0	155.0	0.0
53387	370	0	5	0.9175	331.6	1658.0	0.6666666666666666
53388	64	0	5	0.1525	62.0	310.0	0.0
53389	243	0	5	0.6	189.8	949.0	0.3333333333333333
53390	22	0	5	0.0475	20.0	100.0	0.0
53391	178	0	5	0.4375	104.2	521.0	0.3333333333333333
53392	147	0	5	0.36	104.0	520.0	0.0
53393	123	0	5	0.3	47.4	237.0	0.0
53394	333	0	5	0.825	188.6	943.0	0.3333333333333333
53395	232	0	5	0.5725	109.2	546.0	0.3333333333333333
53396	11	0	5	0.02	9.0	45.0	0.0
53397	168	0	5	0.4125	124.4	622.0	0.3333333333333333
53398	191	0	5	0.47	134.2	671.0	0.3333333333333333
53399	301	0	5	0.745	152.0	760.0	0.6666666666666666
53400	123	0	5	0.3	66.6	333.0	0.6666666666666666
53401	282	0	5	0.6975	141.6	708.0	0.6666666666666666
53402	120	0	5	0.2925	107.6	538.0	0.3333333333333333
53403	200	0	5	0.4925	58.8	294.0	0.3333333333333333
53404	252	0	5	0.6225	127.0	635.0	0.3333333333333333
53405	252	0	5	0.6225	152.8	764.0	0.3333333333333333
53406	115	0	5	0.28	41.4	207.0	0.6666666666666666
53407	225	0	5	0.555	75.4	377.0	0.6666666666666666
53408	347	0	5	0.86	199.6	998.0	0.6666666666666666
53409	341	0	5	0.845	265.8	1329.0	0.6666666666666666
53410	81	0	5	0.195	79.0	395.0	0.0
53411	337	0	5	0.835	173.6	868.0	0.6666666666666666
53412	149	0	5	0.365	72.6	363.0	0.3333333333333333
53413	324	0	5	0.8025	125.6	628.0	0.6666666666666666
53414	85	0	5	0.205	72.6	363.0	0.3333333333333333
53415	305	0	5	0.755	274.6	1373.0	0.6666666666666666
53416	262	0	5	0.6475	113.6	568.0	0.6666666666666666
53417	167	0	5	0.41	123.8	619.0	0.3333333333333333
53418	87	0	5	0.21	85.0	425.0	0.0
53419	31	0	5	0.07	29.0	145.0	0.0
53420	277	0	5	0.685	133.8	669.0	0.6666666666666666
53421	337	0	5	0.835	132.6	663.0	0.6666666666666666
53422	346	0	5	0.8575	227.2	1136.0	0.6666666666666666
53423	361	0	5	0.895	156.6	783.0	0.6666666666666666
53424	355	0	5	0.88	262.2	1311.0	0.6666666666666666
53425	199	0	5	0.49	197.0	985.0	0.0
53426	186	0	5	0.4575	136.2	681.0	0.3333333333333333
53427	47	0	5	0.11	45.0	225.0	0.0
53428	20	0	5	0.0425	18.0	90.0	0.0
53429	181	0	5	0.445	102.2	511.0	0.0
53430	331	0	5	0.82	151.4	757.0	0.0
53431	223	0	5	0.55	184.2	921.0	0.6666666666666666
53432	276	0	5	0.6825	272.0	1360.0	0.0
53433	292	0	5	0.7225	115.2	576.0	0.6666666666666666
53434	213	0	5	0.525	179.8	899.0	0.0
53435	252	0	5	0.6225	250.0	1250.0	0.3333333333333333
53436	309	0	5	0.765	138.6	693.0	0.6666666666666666
53437	177	0	5	0.435	157.6	788.0	0.0
53438	242	0	5	0.5975	90.8	454.0	0.3333333333333333
53439	86	0	5	0.2075	66.8	334.0	0.3333333333333333
53440	31	0	5	0.07	29.0	145.0	0.0
53441	135	0	5	0.33	133.0	665.0	0.0
53442	228	0	5	0.5625	58.6	293.0	0.6666666666666666
53443	190	0	5	0.4675	115.2	576.0	0.3333333333333333
53444	330	1	4	0.8225	178.8	894.0	1.0
53445	281	0	5	0.695	181.2	906.0	0.6666666666666666
53446	205	0	5	0.505	153.0	765.0	0.3333333333333333
53447	219	0	5	0.54	164.6	823.0	0.3333333333333333
53448	256	0	5	0.6325	187.4	937.0	0.3333333333333333
53449	175	0	5	0.43	145.0	725.0	0.6666666666666666
53450	215	0	5	0.53	147.6	738.0	0.3333333333333333
53451	163	0	5	0.4	147.2	736.0	0.3333333333333333
53452	224	0	5	0.5525	137.6	688.0	0.3333333333333333
53453	398	0	5	0.9875	274.4	1372.0	0.6666666666666666
53454	216	0	5	0.5325	200.0	1000.0	0.6666666666666666
53455	343	0	5	0.85	93.6	468.0	0.6666666666666666
53456	291	0	5	0.72	255.0	1275.0	0.3333333333333333
53457	334	1	4	0.8325	190.2	951.0	1.0
53458	76	0	5	0.1825	49.2	246.0	0.3333333333333333
53459	210	0	5	0.5175	190.8	954.0	0.3333333333333333
53460	270	0	5	0.6675	257.2	1286.0	0.3333333333333333
53461	271	0	5	0.67	106.6	533.0	0.6666666666666666
53462	346	0	5	0.8575	100.2	501.0	0.6666666666666666
53463	162	0	5	0.3975	97.6	488.0	0.3333333333333333
53464	234	0	5	0.5775	170.4	852.0	0.3333333333333333
53465	85	0	5	0.205	50.6	253.0	0.0
53466	276	0	5	0.6825	201.2	1006.0	0.6666666666666666
53467	367	0	5	0.91	175.6	878.0	0.6666666666666666
53468	56	0	5	0.1325	54.0	270.0	0.3333333333333333
53469	197	0	5	0.485	177.4	887.0	0.6666666666666666
53470	131	0	5	0.32	121.8	609.0	0.3333333333333333
53471	200	0	5	0.4925	176.8	884.0	0.3333333333333333
53472	240	0	5	0.5925	58.8	294.0	0.6666666666666666
53473	204	0	5	0.5025	156.6	783.0	0.6666666666666666
53474	25	0	5	0.055	21.4	107.0	0.0
53475	137	0	5	0.335	51.0	255.0	0.6666666666666666
53476	285	0	5	0.705	193.0	965.0	0.3333333333333333
53477	326	0	5	0.8075	139.4	697.0	0.6666666666666666
53478	364	1	4	0.9075	147.6	738.0	1.0
53479	324	0	5	0.8025	220.6	1103.0	0.3333333333333333
53480	398	1	4	0.9925	195.4	977.0	1.0
53481	132	0	5	0.3225	94.6	473.0	0.3333333333333333
53482	235	0	5	0.58	148.6	743.0	0.0
53483	243	0	5	0.6	177.4	887.0	0.3333333333333333
53484	299	0	5	0.74	154.8	774.0	0.6666666666666666
53485	29	0	5	0.065	27.0	135.0	0.0
53486	45	0	5	0.105	43.0	215.0	0.0
53487	155	0	5	0.38	153.0	765.0	0.0
53488	14	0	5	0.0275	12.0	60.0	0.0
53489	292	1	4	0.7275	198.2	991.0	1.0
53490	315	0	5	0.78	176.4	882.0	0.6666666666666666
53491	282	0	5	0.6975	207.4	1037.0	0.3333333333333333
53492	388	0	5	0.9625	216.0	1080.0	0.6666666666666666
53493	204	0	5	0.5025	162.4	812.0	0.6666666666666666
53494	67	0	5	0.16	61.0	305.0	0.3333333333333333
53495	53	0	5	0.125	43.4	217.0	0.0
53496	140	0	5	0.3425	39.6	198.0	0.6666666666666666
53497	107	0	5	0.26	105.0	525.0	0.0
53498	367	0	5	0.91	131.8	659.0	0.6666666666666666
53499	69	0	5	0.165	43.2	216.0	0.3333333333333333
53500	42	0	5	0.0975	40.0	200.0	0.0
53501	67	0	5	0.16	50.6	253.0	0.3333333333333333
53502	391	1	4	0.975	140.2	701.0	1.0
53503	133	0	5	0.325	131.0	655.0	0.0
53504	198	0	5	0.4875	69.6	348.0	0.3333333333333333
53505	167	0	5	0.41	113.8	569.0	0.3333333333333333
53506	130	0	5	0.3175	120.0	600.0	0.0
53507	205	1	4	0.51	101.8	509.0	1.0
53508	84	0	5	0.2025	76.8	384.0	0.3333333333333333
53509	142	0	5	0.3475	40.4	202.0	0.6666666666666666
53510	172	0	5	0.4225	170.0	850.0	0.0
53511	70	0	5	0.1675	57.8	289.0	0.3333333333333333
53512	79	0	5	0.19	69.0	345.0	0.0
53513	117	0	5	0.285	102.0	510.0	0.6666666666666666
53514	75	0	5	0.18	33.8	169.0	0.6666666666666666
53515	138	0	5	0.3375	89.8	449.0	0.3333333333333333
53516	34	0	5	0.0775	32.0	160.0	0.0
53517	122	0	5	0.2975	49.8	249.0	0.0
53518	220	1	4	0.5475	112.6	563.0	1.0
53519	75	0	5	0.18	70.0	350.0	0.0
53520	87	0	5	0.21	85.0	425.0	0.0
53521	356	0	5	0.8825	166.0	830.0	0.6666666666666666
53522	380	0	5	0.9425	168.2	841.0	0.6666666666666666
53523	366	0	5	0.9075	142.4	712.0	0.6666666666666666
53524	164	0	5	0.4025	133.6	668.0	0.3333333333333333
53525	251	0	5	0.62	93.8	469.0	0.6666666666666666
53526	309	0	5	0.765	168.8	844.0	0.3333333333333333
53527	209	0	5	0.515	166.0	830.0	0.6666666666666666
53528	170	0	5	0.4175	131.0	655.0	0.6666666666666666
53529	221	0	5	0.545	83.4	417.0	0.6666666666666666
53530	183	0	5	0.45	95.6	478.0	0.3333333333333333
53531	284	0	5	0.7025	148.2	741.0	0.3333333333333333
53532	308	1	4	0.7675	253.4	1267.0	1.0
53533	269	0	5	0.665	233.6	1168.0	0.3333333333333333
53534	294	0	5	0.7275	183.0	915.0	0.3333333333333333
53535	285	0	5	0.705	242.2	1211.0	0.6666666666666666
53536	64	0	5	0.1525	62.0	310.0	0.0
53537	397	0	5	0.985	159.4	797.0	0.6666666666666666
53538	298	1	4	0.7425	177.8	889.0	1.0
53539	157	0	5	0.385	131.4	657.0	0.3333333333333333
53540	232	0	5	0.5725	125.6	628.0	0.6666666666666666
53541	102	0	5	0.2475	73.2	366.0	0.0
53542	22	0	5	0.0475	9.6	48.0	0.3333333333333333
53543	94	0	5	0.2275	76.0	380.0	0.3333333333333333
53544	167	0	5	0.41	93.4	467.0	0.3333333333333333
53545	225	0	5	0.555	157.0	785.0	0.6666666666666666
53546	146	0	5	0.3575	75.4	377.0	0.6666666666666666
53547	184	0	5	0.4525	107.4	537.0	0.0
53548	266	0	5	0.6575	226.0	1130.0	0.6666666666666666
53549	55	0	5	0.13	43.2	216.0	0.0
53550	96	0	5	0.2325	87.2	436.0	0.6666666666666666
53551	36	0	5	0.0825	34.0	170.0	0.0
53552	73	0	5	0.175	71.0	355.0	0.0
53553	36	0	5	0.0825	18.0	90.0	0.0
53554	361	0	5	0.895	151.4	757.0	0.3333333333333333
53555	266	0	5	0.6575	109.8	549.0	0.3333333333333333
53556	80	0	5	0.1925	58.4	292.0	0.3333333333333333
53557	401	0	5	0.995	96.6	483.0	0.6666666666666666
53558	157	0	5	0.385	155.0	775.0	0.0
53559	355	1	4	0.885	172.4	862.0	1.0
53560	160	0	5	0.3925	137.4	687.0	0.3333333333333333
53561	90	0	5	0.2175	47.8	239.0	0.3333333333333333
53562	287	0	5	0.71	184.0	920.0	0.3333333333333333
53563	110	0	5	0.2675	53.6	268.0	0.6666666666666666
53564	43	0	5	0.1	41.0	205.0	0.0
53565	75	0	5	0.18	56.8	284.0	0.0
53566	348	0	5	0.8625	108.0	540.0	0.6666666666666666
53567	21	0	5	0.045	19.0	95.0	0.3333333333333333
53568	363	1	4	0.905	111.0	555.0	1.0
53569	179	0	5	0.44	138.2	691.0	0.6666666666666666
53570	222	0	5	0.5475	125.6	628.0	0.3333333333333333
53571	291	0	5	0.72	156.8	784.0	0.6666666666666666
53572	28	0	5	0.0625	26.0	130.0	0.0
53573	313	0	5	0.775	119.8	599.0	0.3333333333333333
53574	259	0	5	0.64	173.8	869.0	0.6666666666666666
53575	106	0	5	0.2575	95.4	477.0	0.0
53576	228	0	5	0.5625	87.6	438.0	0.6666666666666666
53577	238	0	5	0.5875	165.2	826.0	0.3333333333333333
53578	45	0	5	0.105	43.0	215.0	0.0
53579	174	0	5	0.4275	38.4	192.0	0.3333333333333333
53580	296	1	4	0.7375	182.4	912.0	1.0
53581	336	0	5	0.8325	247.6	1238.0	0.3333333333333333
53582	126	0	5	0.3075	86.0	430.0	0.3333333333333333
53583	143	1	4	0.355	89.4	447.0	1.0
53584	271	0	5	0.67	134.0	670.0	0.6666666666666666
53585	284	0	5	0.7025	179.4	897.0	0.6666666666666666
53586	206	0	5	0.5075	80.4	402.0	0.3333333333333333
53587	379	0	5	0.94	185.0	925.0	0.6666666666666666
53588	293	0	5	0.725	202.6	1013.0	0.3333333333333333
53589	64	0	5	0.1525	54.0	270.0	0.3333333333333333
53590	145	0	5	0.355	143.0	715.0	0.0
53591	198	0	5	0.4875	90.6	453.0	0.3333333333333333
53592	105	0	5	0.255	103.0	515.0	0.0
53593	84	0	5	0.2025	62.6	313.0	0.6666666666666666
53594	268	0	5	0.6625	209.0	1045.0	0.3333333333333333
53595	390	0	5	0.9675	231.6	1158.0	0.6666666666666666
53596	184	0	5	0.4525	102.0	510.0	0.3333333333333333
53597	135	0	5	0.33	101.4	507.0	0.0
53598	217	0	5	0.535	107.4	537.0	0.0
53599	133	0	5	0.325	83.0	415.0	0.0
53600	183	0	5	0.45	168.6	843.0	0.3333333333333333
53601	373	0	5	0.925	207.8	1039.0	0.6666666666666666
53602	189	0	5	0.465	149.4	747.0	0.3333333333333333
53603	242	0	5	0.5975	151.4	757.0	0.3333333333333333
53604	314	0	5	0.7775	165.2	826.0	0.6666666666666666
53605	195	0	5	0.48	157.4	787.0	0.3333333333333333
53606	27	0	5	0.06	25.0	125.0	0.0
53607	241	0	5	0.595	179.2	896.0	0.6666666666666666
53608	135	0	5	0.33	101.4	507.0	0.3333333333333333
53609	208	1	4	0.5175	152.0	760.0	1.0
53610	321	0	5	0.795	202.4	1012.0	0.3333333333333333
53611	296	0	5	0.7325	129.6	648.0	0.6666666666666666
53612	109	0	5	0.265	107.0	535.0	0.0
53613	340	1	4	0.8475	75.2	376.0	1.0
53614	132	0	5	0.3225	130.0	650.0	0.0
53615	6	0	5	0.0075	4.0	20.0	0.0
53616	172	0	5	0.4225	89.0	445.0	0.6666666666666666
53617	42	0	5	0.0975	25.6	128.0	0.0
53618	285	0	5	0.705	190.0	950.0	0.3333333333333333
53619	171	0	5	0.42	97.8	489.0	0.3333333333333333
53620	164	0	5	0.4025	122.8	614.0	0.3333333333333333
53621	7	0	5	0.01	5.0	25.0	0.0
53622	95	0	5	0.23	77.4	387.0	0.0
53623	147	1	4	0.365	57.6	288.0	1.0
53624	55	0	5	0.13	53.0	265.0	0.0
53625	173	0	5	0.425	113.8	569.0	0.3333333333333333
53626	122	0	5	0.2975	107.2	536.0	0.3333333333333333
53627	262	0	5	0.6475	191.0	955.0	0.3333333333333333
53628	381	0	5	0.945	171.8	859.0	0.6666666666666666
53629	227	0	5	0.56	126.2	631.0	0.3333333333333333
53630	377	0	5	0.935	141.0	705.0	0.6666666666666666
53631	130	0	5	0.3175	87.2	436.0	0.6666666666666666
53632	217	0	5	0.535	109.2	546.0	0.3333333333333333
53633	385	0	5	0.955	188.8	944.0	0.6666666666666666
53634	293	0	5	0.725	222.0	1110.0	0.3333333333333333
53635	325	0	5	0.805	120.0	600.0	0.6666666666666666
53636	319	0	5	0.79	187.4	937.0	0.6666666666666666
53637	134	0	5	0.3275	46.4	232.0	0.0
53638	393	0	5	0.975	237.0	1185.0	0.6666666666666666
53639	132	0	5	0.3225	94.8	474.0	0.3333333333333333
53640	190	0	5	0.4675	101.4	507.0	0.6666666666666666
53641	370	0	5	0.9175	168.0	840.0	0.6666666666666666
53642	164	0	5	0.4025	132.2	661.0	0.3333333333333333
53643	16	0	5	0.0325	14.0	70.0	0.0
53644	217	0	5	0.535	196.6	983.0	0.3333333333333333
53645	270	0	5	0.6675	154.4	772.0	0.3333333333333333
53646	295	0	5	0.73	196.6	983.0	0.6666666666666666
53647	265	0	5	0.655	208.2	1041.0	0.0
53648	27	0	5	0.06	20.4	102.0	0.0
53649	197	0	5	0.485	82.4	412.0	0.6666666666666666
53650	91	0	5	0.22	71.0	355.0	0.3333333333333333
53651	369	0	5	0.915	179.8	899.0	0.6666666666666666
53652	119	0	5	0.29	117.0	585.0	0.3333333333333333
53653	198	0	5	0.4875	131.8	659.0	0.6666666666666666
53654	108	0	5	0.2625	79.6	398.0	0.0
53655	142	0	5	0.3475	47.2	236.0	0.3333333333333333
53656	383	0	5	0.95	342.8	1714.0	0.6666666666666666
53657	254	0	5	0.6275	85.2	426.0	0.0
53658	205	0	5	0.505	63.0	315.0	0.0
53659	110	0	5	0.2675	78.4	392.0	0.3333333333333333
53660	371	0	5	0.92	220.2	1101.0	0.3333333333333333
53661	283	0	5	0.7	207.4	1037.0	0.6666666666666666
53662	198	0	5	0.4875	80.8	404.0	0.6666666666666666
53663	356	0	5	0.8825	229.8	1149.0	0.6666666666666666
53664	401	0	4	0.9975	361.2	1806.0	0.6666666666666666
53665	175	0	5	0.43	60.6	303.0	0.3333333333333333
53666	190	0	5	0.4675	142.4	712.0	0.3333333333333333
53667	13	0	5	0.025	11.0	55.0	0.0
53668	141	0	5	0.345	58.6	293.0	0.3333333333333333
53669	359	0	5	0.89	175.8	879.0	0.6666666666666666
53670	14	0	5	0.0275	10.4	52.0	0.3333333333333333
53671	284	1	4	0.7075	88.2	441.0	1.0
53672	206	0	5	0.5075	75.2	376.0	0.3333333333333333
53673	246	0	5	0.6075	80.0	400.0	0.6666666666666666
53674	279	0	5	0.69	193.0	965.0	0.3333333333333333
53675	219	0	5	0.54	75.0	375.0	0.3333333333333333
53676	339	0	5	0.84	247.2	1236.0	0.3333333333333333
53677	245	0	5	0.605	243.0	1215.0	0.0
53678	358	0	5	0.8875	197.2	986.0	0.6666666666666666
53679	239	0	5	0.59	99.4	497.0	0.3333333333333333
53680	10	0	5	0.0175	8.0	40.0	0.0
53681	334	0	5	0.8275	162.2	811.0	0.3333333333333333
53682	225	0	5	0.555	143.2	716.0	0.6666666666666666
53683	301	1	4	0.75	70.6	353.0	1.0
53684	164	0	5	0.4025	160.0	800.0	0.3333333333333333
53685	338	0	5	0.8375	194.4	972.0	0.6666666666666666
53686	172	0	5	0.4225	90.8	454.0	0.6666666666666666
53687	373	0	5	0.925	220.2	1101.0	0.6666666666666666
53688	106	0	5	0.2575	99.2	496.0	0.0
53689	305	1	4	0.76	161.2	806.0	1.0
53690	143	0	5	0.35	84.4	422.0	0.6666666666666666
53691	99	0	5	0.24	64.0	320.0	0.0
53692	47	0	5	0.11	45.0	225.0	0.0
53693	313	0	5	0.775	76.6	383.0	0.6666666666666666
53694	177	0	5	0.435	117.0	585.0	0.3333333333333333
53695	247	1	4	0.615	68.8	344.0	1.0
53696	276	0	5	0.6825	167.2	836.0	0.3333333333333333
53697	189	0	5	0.465	179.8	899.0	0.0
53698	248	0	5	0.6125	114.8	574.0	0.3333333333333333
53699	290	0	5	0.7175	161.6	808.0	0.6666666666666666
53700	369	0	5	0.915	205.2	1026.0	0.6666666666666666
53701	73	0	5	0.175	28.6	143.0	0.3333333333333333
53702	149	0	5	0.365	122.2	611.0	0.3333333333333333
53703	319	0	5	0.79	217.6	1088.0	0.6666666666666666
53704	283	0	5	0.7	218.6	1093.0	0.3333333333333333
53705	332	1	4	0.8275	297.6	1488.0	1.0
53706	303	1	4	0.755	108.2	541.0	1.0
53707	398	1	4	0.9925	138.8	694.0	1.0
53708	233	0	5	0.575	82.0	410.0	0.3333333333333333
53709	206	0	5	0.5075	164.8	824.0	0.6666666666666666
53710	380	1	4	0.9475	117.6	588.0	1.0
53711	129	0	5	0.315	104.6	523.0	0.0
53712	186	0	5	0.4575	165.6	828.0	0.3333333333333333
53713	125	0	5	0.305	43.0	215.0	0.6666666666666666
53714	386	1	4	0.9625	131.6	658.0	1.0
53715	220	0	5	0.5425	172.2	861.0	0.3333333333333333
53716	11	0	5	0.02	9.0	45.0	0.0
53717	281	1	4	0.7	65.0	325.0	1.0
53718	358	0	5	0.8875	132.8	664.0	0.6666666666666666
53719	388	0	5	0.9625	213.6	1068.0	0.6666666666666666
53720	206	0	5	0.5075	124.0	620.0	0.6666666666666666
53721	216	0	5	0.5325	139.6	698.0	0.3333333333333333
53722	133	0	5	0.325	131.0	655.0	0.0
53723	316	1	4	0.7875	218.4	1092.0	1.0
53724	352	0	5	0.8725	235.4	1177.0	0.6666666666666666
53725	337	0	5	0.835	279.2	1396.0	0.3333333333333333
53726	142	0	5	0.3475	115.6	578.0	0.3333333333333333
53727	48	0	5	0.1125	43.4	217.0	0.0
53728	369	0	5	0.915	263.4	1317.0	0.6666666666666666
53729	23	0	5	0.05	21.0	105.0	0.0
53730	222	0	5	0.5475	136.4	682.0	0.6666666666666666
53731	159	0	5	0.39	126.4	632.0	0.3333333333333333
53732	108	0	5	0.2625	93.2	466.0	0.3333333333333333
53733	401	0	5	0.995	294.4	1472.0	0.6666666666666666
53734	37	0	5	0.085	33.8	169.0	0.3333333333333333
53735	383	1	4	0.955	109.6	548.0	1.0
53736	48	0	5	0.1125	46.0	230.0	0.0
53737	371	0	5	0.92	255.8	1279.0	0.6666666666666666
53738	78	0	5	0.1875	75.6	378.0	0.3333333333333333
53739	64	0	5	0.1525	62.0	310.0	0.0
53740	316	0	5	0.7825	196.4	982.0	0.6666666666666666
53741	252	0	5	0.6225	121.6	608.0	0.3333333333333333
53742	245	0	5	0.605	103.2	516.0	0.3333333333333333
53743	341	0	5	0.845	218.0	1090.0	0.6666666666666666
53744	265	0	5	0.655	132.8	664.0	0.6666666666666666
53745	377	0	5	0.935	148.0	740.0	0.6666666666666666
53746	69	0	5	0.165	67.0	335.0	0.0
53747	273	0	5	0.675	109.8	549.0	0.6666666666666666
53748	369	0	5	0.915	262.4	1312.0	0.6666666666666666
53749	215	0	5	0.53	150.2	751.0	0.3333333333333333
53750	324	0	5	0.8025	85.2	426.0	0.3333333333333333
53751	368	0	5	0.9125	137.6	688.0	0.6666666666666666
53752	66	0	5	0.1575	64.0	320.0	0.0
53753	16	0	5	0.0325	14.0	70.0	0.0
53754	287	0	5	0.71	171.0	855.0	0.3333333333333333
53755	5	0	5	0.005	3.0	15.0	0.0
53756	8	0	5	0.0125	6.0	30.0	0.0
53757	127	0	5	0.31	99.2	496.0	0.3333333333333333
53758	187	0	5	0.46	150.2	751.0	0.3333333333333333
53759	235	0	5	0.58	149.8	749.0	0.0
53760	92	0	5	0.2225	66.6	333.0	0.0
53761	283	0	5	0.7	99.0	495.0	0.3333333333333333
53762	333	0	5	0.825	283.4	1417.0	0.6666666666666666
53763	290	0	5	0.7175	131.6	658.0	0.3333333333333333
53764	229	0	5	0.565	55.0	275.0	0.3333333333333333
53765	241	0	5	0.595	150.2	751.0	0.6666666666666666
53766	323	0	5	0.8	203.2	1016.0	0.3333333333333333
53767	82	0	5	0.1975	80.0	400.0	0.0
53768	237	1	3	0.59	99.0	495.0	1.0
53769	16	0	5	0.0325	10.8	54.0	0.3333333333333333
53770	194	0	5	0.4775	96.6	483.0	0.6666666666666666
53771	92	0	5	0.2225	30.8	154.0	0.6666666666666666
53772	139	0	5	0.34	110.2	551.0	0.6666666666666666
53773	253	0	5	0.625	139.4	697.0	0.6666666666666666
53774	65	0	5	0.155	61.8	309.0	0.0
53775	244	0	5	0.6025	138.0	690.0	0.6666666666666666
53776	277	0	5	0.685	205.2	1026.0	0.3333333333333333
53777	147	0	5	0.36	130.0	650.0	0.0
53778	179	1	4	0.445	132.8	664.0	1.0
53779	319	0	5	0.79	129.0	645.0	0.6666666666666666
53780	393	1	4	0.98	218.6	1093.0	1.0
53781	260	0	5	0.6425	103.0	515.0	0.6666666666666666
53782	284	0	5	0.7025	228.4	1142.0	0.3333333333333333
53783	53	0	5	0.125	47.4	237.0	0.3333333333333333
53784	210	0	5	0.5175	168.0	840.0	0.6666666666666666
53785	127	0	5	0.31	110.6	553.0	0.3333333333333333
53786	37	0	5	0.085	18.2	91.0	0.3333333333333333
53787	360	1	4	0.8975	90.4	452.0	1.0
53788	355	0	5	0.88	223.4	1117.0	0.6666666666666666
53789	236	1	4	0.5875	167.0	835.0	1.0
53790	348	0	5	0.8625	163.6	818.0	0.6666666666666666
53791	376	0	5	0.9325	229.2	1146.0	0.3333333333333333
53792	207	1	4	0.515	129.6	648.0	1.0
53793	260	0	5	0.6425	147.6	738.0	0.6666666666666666
53794	31	0	5	0.07	29.0	145.0	0.0
53795	200	0	5	0.4925	170.2	851.0	0.0
53796	101	0	5	0.245	73.0	365.0	0.0
53797	201	1	4	0.5	82.0	410.0	1.0
53798	310	1	4	0.7725	229.6	1148.0	1.0
53799	242	0	5	0.5975	141.8	709.0	0.6666666666666666
53800	138	0	5	0.3375	94.4	472.0	0.6666666666666666
53801	331	0	5	0.82	103.4	517.0	0.3333333333333333
53802	65	0	5	0.155	63.0	315.0	0.0
53803	167	0	5	0.41	128.2	641.0	0.3333333333333333
53804	277	0	5	0.685	188.0	940.0	0.3333333333333333
53805	361	0	5	0.895	140.0	700.0	0.6666666666666666
53806	65	0	5	0.155	63.0	315.0	0.0
53807	174	0	5	0.4275	79.2	396.0	0.6666666666666666
53808	351	0	5	0.87	162.0	810.0	0.6666666666666666
53809	350	0	5	0.8675	188.8	944.0	0.6666666666666666
53810	260	0	5	0.6425	51.8	259.0	0.3333333333333333
53811	76	0	5	0.1825	63.2	316.0	0.3333333333333333
53812	244	0	5	0.6025	136.8	684.0	0.3333333333333333
53813	93	0	5	0.225	91.0	455.0	0.0
53814	190	0	5	0.4675	155.6	778.0	0.0
53815	282	0	5	0.6975	152.0	760.0	0.6666666666666666
53816	10	0	5	0.0175	8.0	40.0	0.0
53817	178	0	5	0.4375	64.0	320.0	0.3333333333333333
53818	79	0	5	0.19	19.6	98.0	0.3333333333333333
53819	394	1	4	0.9825	166.4	832.0	1.0
53820	138	0	5	0.3375	116.4	582.0	0.3333333333333333
53821	160	0	5	0.3925	66.0	330.0	0.3333333333333333
53822	290	0	5	0.7175	81.6	408.0	0.6666666666666666
53823	223	1	4	0.555	96.6	483.0	1.0
53824	133	0	5	0.325	87.6	438.0	0.3333333333333333
53825	238	0	5	0.5875	151.2	756.0	0.3333333333333333
53826	364	0	5	0.9025	140.4	702.0	0.6666666666666666
53827	90	0	5	0.2175	64.0	320.0	0.3333333333333333
53828	43	0	5	0.1	41.0	205.0	0.0
53829	181	0	5	0.445	142.8	714.0	0.6666666666666666
53830	244	0	5	0.6025	145.2	726.0	0.6666666666666666
53831	169	0	5	0.415	167.0	835.0	0.3333333333333333
53832	166	0	5	0.4075	72.0	360.0	0.6666666666666666
53833	380	0	5	0.9425	114.8	574.0	0.6666666666666666
53834	65	0	5	0.155	42.6	213.0	0.3333333333333333
53835	142	0	5	0.3475	83.0	415.0	0.0
53836	345	0	5	0.855	168.6	843.0	0.3333333333333333
53837	201	0	5	0.495	68.4	342.0	0.3333333333333333
53838	154	0	5	0.3775	115.8	579.0	0.0
53839	146	1	4	0.3625	70.8	354.0	1.0
53840	159	0	5	0.39	64.6	323.0	0.3333333333333333
53841	93	0	5	0.225	91.0	455.0	0.0
53842	373	0	5	0.925	197.8	989.0	0.6666666666666666
53843	315	1	4	0.785	269.0	1345.0	1.0
53844	384	0	5	0.9525	259.6	1298.0	0.6666666666666666
53845	101	0	5	0.245	60.6	303.0	0.3333333333333333
53846	252	0	5	0.6225	149.2	746.0	0.0
53847	111	0	5	0.27	78.6	393.0	0.0
53848	176	0	5	0.4325	68.0	340.0	0.3333333333333333
53849	304	0	5	0.7525	256.4	1282.0	0.3333333333333333
53850	108	0	5	0.2625	93.2	466.0	0.3333333333333333
53851	165	0	5	0.405	72.4	362.0	0.3333333333333333
53852	244	0	5	0.6025	166.8	834.0	0.0
53853	334	0	5	0.8275	70.4	352.0	0.6666666666666666
53854	256	1	4	0.6375	191.4	957.0	1.0
53855	342	0	5	0.8475	163.4	817.0	0.6666666666666666
53856	324	0	5	0.8025	193.0	965.0	0.6666666666666666
53857	213	0	5	0.525	85.2	426.0	0.6666666666666666
53858	388	0	5	0.9625	162.6	813.0	0.6666666666666666
53859	308	0	5	0.7625	181.2	906.0	0.6666666666666666
53860	188	0	5	0.4625	186.0	930.0	0.0
53861	322	0	5	0.7975	200.6	1003.0	0.6666666666666666
53862	401	0	5	0.995	304.0	1520.0	0.6666666666666666
53863	8	0	5	0.0125	6.0	30.0	0.0
53864	372	0	5	0.9225	309.8	1549.0	0.6666666666666666
53865	241	0	5	0.595	140.6	703.0	0.3333333333333333
53866	260	0	5	0.6425	246.0	1230.0	0.6666666666666666
53867	70	0	5	0.1675	64.2	321.0	0.3333333333333333
53868	222	0	5	0.5475	117.8	589.0	0.6666666666666666
53869	136	0	5	0.3325	125.2	626.0	0.3333333333333333
53870	237	0	5	0.585	128.2	641.0	0.3333333333333333
53871	285	0	5	0.705	243.0	1215.0	0.6666666666666666
53872	93	0	5	0.225	82.8	414.0	0.3333333333333333
53873	332	0	5	0.8225	144.8	724.0	0.6666666666666666
53874	355	0	5	0.88	301.8	1509.0	0.6666666666666666
53875	238	0	5	0.5875	213.0	1065.0	0.3333333333333333
53876	141	0	5	0.345	89.8	449.0	0.6666666666666666
53877	117	0	5	0.285	104.0	520.0	0.3333333333333333
53878	379	1	3	0.945	281.4	1407.0	1.0
53879	263	0	5	0.65	54.6	273.0	0.6666666666666666
53880	387	1	3	0.965	306.6	1533.0	1.0
53881	395	1	4	0.985	111.6	558.0	1.0
53882	380	1	4	0.9475	154.4	772.0	1.0
53883	81	0	5	0.195	66.6	333.0	0.0
53884	150	0	5	0.3675	56.6	283.0	0.0
53885	195	0	5	0.48	179.0	895.0	0.0
53886	183	0	5	0.45	161.8	809.0	0.3333333333333333
53887	166	0	5	0.4075	118.0	590.0	0.3333333333333333
53888	304	0	5	0.7525	169.4	847.0	0.6666666666666666
53889	292	0	5	0.7225	180.4	902.0	0.6666666666666666
53890	19	0	5	0.04	17.0	85.0	0.0
53891	265	0	5	0.655	136.2	681.0	0.6666666666666666
53892	303	0	5	0.75	169.4	847.0	0.3333333333333333
53893	179	0	5	0.44	177.0	885.0	0.0
53894	324	0	5	0.8025	123.8	619.0	0.6666666666666666
53895	307	0	5	0.76	193.0	965.0	0.6666666666666666
53896	309	0	5	0.765	140.6	703.0	0.6666666666666666
53897	238	0	5	0.5875	165.2	826.0	0.6666666666666666
53898	11	0	5	0.02	9.0	45.0	0.0
53899	184	0	5	0.4525	182.0	910.0	0.0
53900	340	0	5	0.8425	154.8	774.0	0.6666666666666666
53901	364	0	5	0.9025	245.8	1229.0	0.6666666666666666
53902	353	0	5	0.875	148.0	740.0	0.3333333333333333
53903	211	0	5	0.52	171.0	855.0	0.0
53904	259	0	5	0.64	195.0	975.0	0.3333333333333333
53905	116	0	5	0.2825	79.8	399.0	0.3333333333333333
53906	71	0	5	0.17	34.8	174.0	0.3333333333333333
53907	139	0	5	0.34	134.0	670.0	0.6666666666666666
53908	243	0	5	0.6	90.0	450.0	0.6666666666666666
53909	147	0	5	0.36	135.4	677.0	0.3333333333333333
53910	203	0	5	0.5	166.4	832.0	0.6666666666666666
53911	392	0	5	0.9725	236.4	1182.0	0.6666666666666666
53912	369	0	5	0.915	224.2	1121.0	0.6666666666666666
53913	127	0	5	0.31	113.8	569.0	0.0
53914	161	0	5	0.395	81.6	408.0	0.6666666666666666
53915	300	1	4	0.7475	148.4	742.0	1.0
53916	84	0	5	0.2025	45.2	226.0	0.3333333333333333
53917	22	0	5	0.0475	20.0	100.0	0.0
53918	114	0	5	0.2775	95.6	478.0	0.0
53919	342	0	5	0.8475	226.0	1130.0	0.6666666666666666
53920	96	0	5	0.2325	39.4	197.0	0.3333333333333333
53921	127	0	5	0.31	51.8	259.0	0.3333333333333333
53922	372	1	4	0.9275	148.8	744.0	1.0
53923	227	0	5	0.56	219.0	1095.0	0.3333333333333333
53924	95	0	5	0.23	39.0	195.0	0.0
53925	249	1	4	0.62	143.2	716.0	1.0
53926	56	0	5	0.1325	54.0	270.0	0.0
53927	223	0	5	0.55	59.4	297.0	0.3333333333333333
53928	105	0	5	0.255	95.2	476.0	0.0
53929	306	1	4	0.7625	79.2	396.0	1.0
53930	131	0	5	0.32	61.2	306.0	0.6666666666666666
53931	85	0	5	0.205	47.6	238.0	0.3333333333333333
53932	147	0	5	0.36	133.0	665.0	0.3333333333333333
53933	246	0	5	0.6075	95.2	476.0	0.3333333333333333
53934	152	0	5	0.3725	110.8	554.0	0.0
53935	256	0	5	0.6325	131.2	656.0	0.6666666666666666
53936	272	0	5	0.6725	100.0	500.0	0.6666666666666666
53937	388	1	4	0.9675	318.2	1591.0	1.0
53938	265	0	5	0.655	158.2	791.0	0.0
53939	250	0	5	0.6175	183.0	915.0	0.6666666666666666
53940	306	0	5	0.7575	129.0	645.0	0.3333333333333333
53941	324	0	5	0.8025	184.2	921.0	0.6666666666666666
53942	58	0	5	0.1375	48.4	242.0	0.3333333333333333
53943	316	0	5	0.7825	160.2	801.0	0.6666666666666666
53944	140	0	5	0.3425	78.8	394.0	0.3333333333333333
53945	123	0	5	0.3	121.0	605.0	0.0
53946	102	0	5	0.2475	61.2	306.0	0.0
53947	35	0	5	0.08	33.0	165.0	0.0
53948	259	0	5	0.64	164.8	824.0	0.6666666666666666
53949	224	0	5	0.5525	96.6	483.0	0.3333333333333333
53950	352	0	5	0.8725	102.0	510.0	0.6666666666666666
53951	357	0	5	0.885	179.4	897.0	0.3333333333333333
53952	252	0	5	0.6225	121.8	609.0	0.3333333333333333
53953	232	1	4	0.5775	58.4	292.0	1.0
53954	244	0	5	0.6025	94.0	470.0	0.3333333333333333
53955	328	0	5	0.8125	215.6	1078.0	0.6666666666666666
53956	139	0	5	0.34	91.8	459.0	0.0
53957	142	0	5	0.3475	98.8	494.0	0.3333333333333333
53958	18	0	5	0.0375	16.0	80.0	0.0
53959	393	1	4	0.98	154.6	773.0	1.0
53960	160	0	5	0.3925	109.6	548.0	0.3333333333333333
53961	149	0	5	0.365	95.4	477.0	0.3333333333333333
53962	93	0	5	0.225	91.0	455.0	0.0
53963	179	0	5	0.44	85.8	429.0	0.6666666666666666
53964	30	0	5	0.0675	28.0	140.0	0.0
53965	53	0	5	0.125	46.6	233.0	0.3333333333333333
53966	324	0	5	0.8025	236.6	1183.0	0.3333333333333333
53967	234	0	5	0.5775	154.4	772.0	0.3333333333333333
53968	393	0	5	0.975	305.8	1529.0	0.6666666666666666
53969	52	0	5	0.1225	50.0	250.0	0.0
53970	211	0	5	0.52	60.2	301.0	0.3333333333333333
53971	392	1	4	0.9775	179.8	899.0	1.0
53972	288	0	5	0.7125	210.0	1050.0	0.3333333333333333
53973	98	0	5	0.2375	21.6	108.0	0.0
53974	246	0	5	0.6075	109.2	546.0	0.3333333333333333
53975	92	0	5	0.2225	90.0	450.0	0.0
53976	330	0	5	0.8175	218.0	1090.0	0.3333333333333333
53977	280	0	5	0.6925	219.0	1095.0	0.6666666666666666
53978	145	0	5	0.355	143.0	715.0	0.0
53979	367	0	5	0.91	238.6	1193.0	0.6666666666666666
53980	85	0	5	0.205	59.6	298.0	0.0
53981	11	0	5	0.02	9.0	45.0	0.0
53982	306	0	5	0.7575	172.6	863.0	0.6666666666666666
53983	356	0	5	0.8825	238.0	1190.0	0.3333333333333333
53984	150	0	5	0.3675	80.2	401.0	0.3333333333333333
53985	384	0	5	0.9525	239.2	1196.0	0.3333333333333333
53986	128	0	5	0.3125	79.4	397.0	0.3333333333333333
53987	202	0	5	0.4975	200.0	1000.0	0.0
53988	39	0	5	0.09	23.8	119.0	0.0
53989	302	0	5	0.7475	204.6	1023.0	0.6666666666666666
53990	178	0	5	0.4375	162.8	814.0	0.3333333333333333
53991	146	0	5	0.3575	84.6	423.0	0.3333333333333333
53992	99	0	5	0.24	84.0	420.0	0.0
53993	148	0	5	0.3625	64.0	320.0	0.3333333333333333
53994	6	0	5	0.0075	4.0	20.0	0.0
53995	68	0	5	0.1625	64.8	324.0	0.0
53996	174	0	5	0.4275	120.8	604.0	0.6666666666666666
53997	207	0	5	0.51	174.8	874.0	0.3333333333333333
53998	383	0	5	0.95	265.6	1328.0	0.6666666666666666
53999	86	0	5	0.2075	76.0	380.0	0.3333333333333333
54000	225	0	5	0.555	160.6	803.0	0.0
54001	223	0	5	0.55	159.0	795.0	0.6666666666666666
54002	248	0	5	0.6125	58.8	294.0	0.3333333333333333
54003	392	1	4	0.9775	281.6	1408.0	1.0
54004	313	0	5	0.775	311.0	1555.0	0.0
54005	279	1	4	0.695	164.4	822.0	1.0
54006	79	0	5	0.19	77.0	385.0	0.0
54007	252	0	5	0.6225	191.6	958.0	0.3333333333333333
54008	65	0	5	0.155	63.0	315.0	0.0
54009	3	0	5	0.0025	0.6	3.0	0.3333333333333333
54010	211	0	5	0.52	130.4	652.0	0.0
54011	10	0	5	0.0175	8.0	40.0	0.0
54012	180	0	5	0.4425	131.2	656.0	0.3333333333333333
54013	342	1	4	0.8525	301.0	1505.0	1.0
54014	181	0	5	0.445	168.0	840.0	0.0
54015	303	0	5	0.75	199.8	999.0	0.6666666666666666
54016	127	0	5	0.31	88.2	441.0	0.3333333333333333
54017	176	0	5	0.4325	169.8	849.0	0.0
54018	141	0	5	0.345	136.6	683.0	0.0
54019	349	0	5	0.865	247.8	1239.0	0.3333333333333333
54020	112	1	4	0.2775	91.0	455.0	1.0
54021	355	0	5	0.88	162.8	814.0	0.6666666666666666
54022	32	0	5	0.0725	26.4	132.0	0.0
54023	398	1	4	0.9925	232.6	1163.0	1.0
54024	33	0	5	0.075	26.8	134.0	0.3333333333333333
54025	73	0	5	0.175	71.0	355.0	0.0
54026	138	0	5	0.3375	110.0	550.0	0.3333333333333333
54027	377	1	4	0.94	161.0	805.0	1.0
54028	293	0	5	0.725	212.2	1061.0	0.3333333333333333
54029	288	1	4	0.7175	203.8	1019.0	1.0
54030	200	1	4	0.4975	105.8	529.0	1.0
54031	373	0	5	0.925	128.6	643.0	0.6666666666666666
54032	109	0	5	0.265	85.8	429.0	0.0
54033	108	0	5	0.2625	106.0	530.0	0.0
54034	179	0	5	0.44	177.0	885.0	0.0
54035	127	0	5	0.31	125.0	625.0	0.0
54036	239	0	5	0.59	237.0	1185.0	0.0
54037	178	0	5	0.4375	70.0	350.0	0.3333333333333333
54038	195	1	4	0.485	61.4	307.0	1.0
54039	385	0	5	0.955	197.8	989.0	0.6666666666666666
54040	149	0	5	0.365	138.0	690.0	0.0
54041	218	0	5	0.5375	167.8	839.0	0.3333333333333333
54042	286	0	5	0.7075	274.4	1372.0	0.3333333333333333
54043	276	0	5	0.6825	129.8	649.0	0.3333333333333333
54044	235	0	5	0.58	80.6	403.0	0.0
54045	229	0	5	0.565	171.6	858.0	0.3333333333333333
54046	332	0	5	0.8225	243.2	1216.0	0.3333333333333333
54047	35	0	5	0.08	25.8	129.0	0.3333333333333333
54048	143	0	5	0.35	59.4	297.0	0.3333333333333333
54049	315	0	5	0.78	197.6	988.0	0.6666666666666666
54050	187	1	4	0.465	122.0	610.0	1.0
54051	246	0	5	0.6075	104.8	524.0	0.3333333333333333
54052	365	1	4	0.91	236.8	1184.0	1.0
54053	185	0	5	0.455	82.2	411.0	0.3333333333333333
54054	392	0	5	0.9725	237.6	1188.0	0.6666666666666666
54055	347	0	5	0.86	239.0	1195.0	0.3333333333333333
54056	336	0	5	0.8325	169.6	848.0	0.3333333333333333
54057	277	0	5	0.685	230.2	1151.0	0.6666666666666666
54058	205	0	5	0.505	134.6	673.0	0.0
54059	185	0	5	0.455	179.0	895.0	0.0
54060	359	0	5	0.89	143.8	719.0	0.3333333333333333
54061	157	1	4	0.39	84.0	420.0	1.0
54062	162	0	5	0.3975	88.4	442.0	0.6666666666666666
54063	185	0	5	0.455	153.0	765.0	0.6666666666666666
54064	263	0	5	0.65	168.6	843.0	0.3333333333333333
54065	173	0	5	0.425	153.2	766.0	0.0
54066	184	0	5	0.4525	141.8	709.0	0.6666666666666666
54067	292	0	5	0.7225	235.0	1175.0	0.6666666666666666
54068	241	0	5	0.595	179.2	896.0	0.6666666666666666
54069	190	0	5	0.4675	114.0	570.0	0.3333333333333333
54070	282	1	4	0.7025	97.2	486.0	1.0
54071	158	0	5	0.3875	35.2	176.0	0.3333333333333333
54072	196	0	5	0.4825	128.0	640.0	0.0
54073	356	0	5	0.8825	258.0	1290.0	0.3333333333333333
54074	377	0	5	0.935	111.2	556.0	0.6666666666666666
54075	144	0	5	0.3525	88.8	444.0	0.3333333333333333
54076	312	0	5	0.7725	129.2	646.0	0.6666666666666666
54077	284	0	5	0.7025	240.0	1200.0	0.3333333333333333
54078	254	0	5	0.6275	80.4	402.0	0.3333333333333333
54079	224	0	5	0.5525	121.2	606.0	0.6666666666666666
54080	330	1	4	0.8225	255.6	1278.0	1.0
54081	245	0	5	0.605	176.6	883.0	0.3333333333333333
54082	24	0	5	0.0525	22.0	110.0	0.0
54083	274	0	5	0.6775	120.8	604.0	0.3333333333333333
54084	293	0	5	0.725	195.6	978.0	0.6666666666666666
54085	354	0	5	0.8775	167.2	836.0	0.6666666666666666
54086	69	0	5	0.165	67.0	335.0	0.0
54087	271	0	5	0.67	97.4	487.0	0.6666666666666666
54088	320	0	5	0.7925	249.6	1248.0	0.3333333333333333
54089	229	0	5	0.565	126.0	630.0	0.6666666666666666
54090	210	1	4	0.5225	139.6	698.0	1.0
54091	113	0	5	0.275	72.6	363.0	0.0
54092	166	0	5	0.4075	157.6	788.0	0.0
54093	240	0	5	0.5925	75.6	378.0	0.6666666666666666
54094	68	0	5	0.1625	66.0	330.0	0.0
54095	186	1	4	0.4625	138.4	692.0	1.0
54096	199	0	5	0.49	192.4	962.0	0.0
54097	342	1	4	0.8525	193.4	967.0	1.0
54098	346	0	5	0.8575	93.0	465.0	0.6666666666666666
54099	84	0	5	0.2025	67.2	336.0	0.3333333333333333
54100	211	0	5	0.52	159.4	797.0	0.3333333333333333
54101	164	0	5	0.4025	125.6	628.0	0.3333333333333333
54102	99	0	5	0.24	81.6	408.0	0.0
54103	109	0	5	0.265	107.0	535.0	0.0
54104	385	1	4	0.96	92.2	461.0	1.0
54105	320	0	5	0.7925	317.2	1586.0	0.3333333333333333
54106	225	0	5	0.555	166.4	832.0	0.3333333333333333
54107	122	0	5	0.2975	105.2	526.0	0.3333333333333333
54108	349	0	5	0.865	204.2	1021.0	0.0
54109	207	0	5	0.51	181.0	905.0	0.0
54110	313	0	5	0.775	227.4	1137.0	0.6666666666666666
54111	360	0	5	0.8925	109.8	549.0	0.6666666666666666
54112	57	0	5	0.135	49.0	245.0	0.0
54113	72	0	5	0.1725	62.8	314.0	0.3333333333333333
54114	124	0	5	0.3025	113.6	568.0	0.0
54115	245	0	5	0.605	132.0	660.0	0.0
54116	203	0	5	0.5	157.0	785.0	0.0
54117	56	0	5	0.1325	45.6	228.0	0.3333333333333333
54118	162	0	5	0.3975	85.2	426.0	0.3333333333333333
54119	373	0	5	0.925	104.6	523.0	0.6666666666666666
54120	237	0	5	0.585	111.6	558.0	0.6666666666666666
54121	39	0	5	0.09	37.0	185.0	0.0
54122	67	0	5	0.16	65.0	325.0	0.0
54123	309	0	5	0.765	170.4	852.0	0.6666666666666666
54124	331	0	5	0.82	205.2	1026.0	0.6666666666666666
54125	176	0	5	0.4325	174.0	870.0	0.0
54126	298	0	5	0.7375	222.6	1113.0	0.3333333333333333
54127	323	0	5	0.8	157.0	785.0	0.6666666666666666
54128	49	0	5	0.115	43.0	215.0	0.0
54129	24	0	5	0.0525	22.0	110.0	0.3333333333333333
54130	107	0	5	0.26	30.6	153.0	0.6666666666666666
54131	312	0	5	0.7725	259.0	1295.0	0.6666666666666666
54132	110	0	5	0.2675	30.4	152.0	0.3333333333333333
54133	318	0	5	0.7875	231.4	1157.0	0.6666666666666666
54134	320	0	5	0.7925	246.0	1230.0	0.6666666666666666
54135	356	0	5	0.8825	213.0	1065.0	0.6666666666666666
54136	264	0	5	0.6525	213.8	1069.0	0.3333333333333333
54137	122	0	5	0.2975	90.4	452.0	0.0
54138	395	0	5	0.98	215.4	1077.0	0.6666666666666666
54139	18	0	5	0.0375	13.8	69.0	0.0
54140	358	0	5	0.8875	164.2	821.0	0.6666666666666666
54141	122	0	5	0.2975	120.0	600.0	0.3333333333333333
54142	377	0	5	0.935	225.8	1129.0	0.6666666666666666
54143	379	1	4	0.945	212.6	1063.0	1.0
54144	316	0	5	0.7825	139.2	696.0	0.3333333333333333
54145	198	0	5	0.4875	184.6	923.0	0.3333333333333333
54146	121	0	5	0.295	103.0	515.0	0.0
54147	376	0	5	0.9325	316.8	1584.0	0.3333333333333333
54148	333	0	5	0.825	269.0	1345.0	0.6666666666666666
54149	156	0	5	0.3825	143.4	717.0	0.0
54150	221	1	4	0.55	46.6	233.0	1.0
54151	360	0	5	0.8925	184.2	921.0	0.6666666666666666
54152	121	0	5	0.295	57.2	286.0	0.3333333333333333
54153	249	0	5	0.615	217.4	1087.0	0.3333333333333333
54154	146	0	5	0.3575	137.4	687.0	0.0
54155	177	0	5	0.435	88.8	444.0	0.3333333333333333
54156	75	0	5	0.18	73.0	365.0	0.0
54157	71	0	5	0.17	69.0	345.0	0.0
54158	5	0	5	0.005	3.0	15.0	0.0
54159	26	0	5	0.0575	24.0	120.0	0.0
54160	140	0	5	0.3425	124.2	621.0	0.3333333333333333
54161	76	0	5	0.1825	74.0	370.0	0.0
54162	384	1	4	0.9575	192.6	963.0	1.0
54163	282	0	5	0.6975	180.8	904.0	0.3333333333333333
54164	297	1	4	0.74	156.2	781.0	1.0
54165	66	0	5	0.1575	52.8	264.0	0.3333333333333333
54166	136	0	5	0.3325	28.4	142.0	0.3333333333333333
54167	335	0	5	0.83	170.2	851.0	0.6666666666666666
54168	114	0	5	0.2775	112.0	560.0	0.0
54169	76	0	5	0.1825	74.0	370.0	0.0
54170	143	0	5	0.35	120.0	600.0	0.0
54171	257	1	4	0.64	135.0	675.0	1.0
54172	182	0	5	0.4475	163.2	816.0	0.3333333333333333
54173	148	0	5	0.3625	96.8	484.0	0.0
54174	115	0	5	0.28	73.0	365.0	0.0
54175	139	0	5	0.34	71.4	357.0	0.3333333333333333
54176	392	0	5	0.9725	190.2	951.0	0.6666666666666666
54177	304	0	5	0.7525	297.6	1488.0	0.0
54178	198	0	5	0.4875	95.8	479.0	0.6666666666666666
54179	62	0	5	0.1475	24.8	124.0	0.3333333333333333
54180	72	0	5	0.1725	70.0	350.0	0.0
54181	78	0	5	0.1875	72.4	362.0	0.0
54182	281	0	5	0.695	127.8	639.0	0.3333333333333333
54183	188	1	4	0.4675	132.4	662.0	1.0
54184	254	0	5	0.6275	147.8	739.0	0.0
54185	334	1	4	0.8325	167.8	839.0	1.0
54186	74	0	5	0.1775	72.0	360.0	0.0
54187	321	0	5	0.795	198.6	993.0	0.6666666666666666
54188	328	0	5	0.8125	226.2	1131.0	0.6666666666666666
54189	210	0	5	0.5175	129.2	646.0	0.6666666666666666
54190	302	0	5	0.7475	236.6	1183.0	0.6666666666666666
54191	150	0	5	0.3675	36.0	180.0	0.6666666666666666
54192	129	0	5	0.315	127.0	635.0	0.0
54193	81	0	5	0.195	79.0	395.0	0.0
54194	229	1	4	0.57	112.8	564.0	1.0
54195	331	0	5	0.82	191.2	956.0	0.6666666666666666
54196	325	0	5	0.805	132.8	664.0	0.6666666666666666
54197	217	0	5	0.535	129.2	646.0	0.6666666666666666
54198	134	0	5	0.3275	132.0	660.0	0.0
54199	261	0	5	0.645	221.4	1107.0	0.3333333333333333
54200	308	0	5	0.7625	158.8	794.0	0.3333333333333333
54201	125	0	5	0.305	50.4	252.0	0.3333333333333333
54202	131	0	5	0.32	85.8	429.0	0.0
54203	330	0	5	0.8175	220.8	1104.0	0.3333333333333333
54204	56	0	5	0.1325	54.0	270.0	0.0
54205	192	0	5	0.4725	152.4	762.0	0.0
54206	44	0	5	0.1025	42.0	210.0	0.0
54207	164	0	5	0.4025	132.4	662.0	0.3333333333333333
54208	269	0	5	0.665	108.6	543.0	0.6666666666666666
54209	232	0	5	0.5725	133.8	669.0	0.3333333333333333
54210	175	0	5	0.43	149.0	745.0	0.6666666666666666
54211	272	0	5	0.6725	157.6	788.0	0.6666666666666666
54212	131	0	5	0.32	113.0	565.0	0.3333333333333333
54213	77	0	5	0.185	61.6	308.0	0.0
54214	142	0	5	0.3475	90.2	451.0	0.0
54215	43	0	5	0.1	41.0	205.0	0.0
54216	219	0	5	0.54	119.0	595.0	0.3333333333333333
54217	299	0	5	0.74	133.8	669.0	0.6666666666666666
54218	27	0	5	0.06	25.0	125.0	0.0
54219	79	0	5	0.19	72.2	361.0	0.3333333333333333
54220	390	0	5	0.9675	194.8	974.0	0.3333333333333333
54221	180	0	5	0.4425	141.2	706.0	0.3333333333333333
54222	181	0	5	0.445	69.4	347.0	0.3333333333333333
54223	368	0	5	0.9125	245.6	1228.0	0.6666666666666666
54224	12	0	5	0.0225	10.0	50.0	0.0
54225	287	0	5	0.71	178.4	892.0	0.0
54226	378	1	4	0.9425	221.4	1107.0	1.0
54227	159	0	5	0.39	147.4	737.0	0.0
54228	383	0	5	0.95	121.8	609.0	0.6666666666666666
54229	20	0	5	0.0425	18.0	90.0	0.0
54230	255	0	5	0.63	131.0	655.0	0.3333333333333333
54231	74	0	5	0.1775	72.0	360.0	0.0
54232	304	0	5	0.7525	125.0	625.0	0.6666666666666666
54233	380	0	5	0.9425	84.6	423.0	0.6666666666666666
54234	170	0	5	0.4175	128.8	644.0	0.0
54235	378	0	5	0.9375	173.2	866.0	0.6666666666666666
54236	186	0	5	0.4575	92.4	462.0	0.6666666666666666
54237	378	0	5	0.9375	129.6	648.0	0.6666666666666666
54238	112	1	4	0.2775	81.0	405.0	1.0
54239	282	0	5	0.6975	204.6	1023.0	0.6666666666666666
54240	126	0	5	0.3075	77.6	388.0	0.3333333333333333
54241	148	0	5	0.3625	96.8	484.0	0.0
54242	356	0	5	0.8825	256.4	1282.0	0.6666666666666666
54243	309	1	4	0.77	179.6	898.0	1.0
54244	356	1	4	0.8875	276.6	1383.0	1.0
54245	65	0	5	0.155	25.6	128.0	0.0
54246	297	1	4	0.74	93.0	465.0	1.0
54247	297	0	5	0.735	189.0	945.0	0.6666666666666666
54248	207	0	5	0.51	153.0	765.0	0.3333333333333333
54249	252	1	4	0.6275	169.0	845.0	1.0
54250	263	0	5	0.65	71.4	357.0	0.6666666666666666
54251	45	0	5	0.105	26.6	133.0	0.0
54252	23	0	5	0.05	21.0	105.0	0.0
54253	299	0	5	0.74	162.6	813.0	0.3333333333333333
54254	297	1	4	0.74	233.2	1166.0	1.0
54255	37	0	5	0.085	15.0	75.0	0.3333333333333333
54256	106	0	5	0.2575	80.6	403.0	0.0
54257	79	0	5	0.19	47.0	235.0	0.3333333333333333
54258	90	0	5	0.2175	62.0	310.0	0.3333333333333333
54259	194	1	4	0.4825	90.4	452.0	1.0
54260	164	0	5	0.4025	118.4	592.0	0.3333333333333333
54261	52	0	5	0.1225	42.8	214.0	0.3333333333333333
54262	277	0	5	0.685	225.8	1129.0	0.3333333333333333
54263	220	0	5	0.5425	84.0	420.0	0.6666666666666666
54264	116	0	5	0.2825	104.0	520.0	0.0
54265	226	0	5	0.5575	153.6	768.0	0.3333333333333333
54266	144	0	5	0.3525	30.0	150.0	0.3333333333333333
54267	401	0	5	0.995	190.0	950.0	0.6666666666666666
54268	378	0	5	0.9375	84.8	424.0	0.6666666666666666
54269	353	0	5	0.875	199.0	995.0	0.6666666666666666
54270	270	1	4	0.6725	188.4	942.0	1.0
54271	261	0	5	0.645	120.6	603.0	0.3333333333333333
54272	214	0	5	0.5275	149.6	748.0	0.3333333333333333
54273	272	0	5	0.6725	160.8	804.0	0.3333333333333333
54274	392	0	5	0.9725	110.0	550.0	0.6666666666666666
54275	185	0	5	0.455	147.4	737.0	0.0
54276	313	1	4	0.78	143.0	715.0	1.0
54277	327	0	5	0.81	163.0	815.0	0.6666666666666666
54278	243	0	5	0.6	193.4	967.0	0.3333333333333333
54279	186	0	5	0.4575	110.2	551.0	0.3333333333333333
54280	250	0	5	0.6175	123.4	617.0	0.6666666666666666
54281	381	0	5	0.945	209.0	1045.0	0.6666666666666666
54282	329	1	4	0.82	171.4	857.0	1.0
54283	126	0	5	0.3075	59.8	299.0	0.3333333333333333
54284	50	0	5	0.1175	37.8	189.0	0.3333333333333333
54285	77	0	5	0.185	75.0	375.0	0.0
54286	345	0	5	0.855	199.0	995.0	0.6666666666666666
54287	308	0	5	0.7625	213.4	1067.0	0.6666666666666666
54288	305	0	5	0.755	189.0	945.0	0.3333333333333333
54289	388	1	4	0.9675	123.2	616.0	1.0
54290	368	0	5	0.9125	331.2	1656.0	0.3333333333333333
54291	224	0	5	0.5525	222.0	1110.0	0.3333333333333333
54292	184	0	5	0.4525	130.4	652.0	0.3333333333333333
54293	268	0	5	0.6625	182.4	912.0	0.3333333333333333
54294	67	0	5	0.16	56.6	283.0	0.0
54295	371	1	4	0.925	124.0	620.0	1.0
54296	290	1	4	0.7225	177.2	886.0	1.0
54297	388	0	5	0.9625	272.8	1364.0	0.6666666666666666
54298	249	1	4	0.62	98.8	494.0	1.0
54299	236	0	5	0.5825	214.8	1074.0	0.0
54300	161	0	5	0.395	132.0	660.0	0.3333333333333333
54301	182	0	5	0.4475	76.8	384.0	0.3333333333333333
54302	236	0	5	0.5825	131.8	659.0	0.6666666666666666
54303	371	0	5	0.92	222.8	1114.0	0.6666666666666666
54304	253	1	4	0.63	159.2	796.0	1.0
54305	221	1	4	0.55	89.2	446.0	1.0
54306	7	0	5	0.01	5.0	25.0	0.0
54307	68	0	5	0.1625	44.4	222.0	0.0
54308	232	1	4	0.5775	106.6	533.0	1.0
54309	186	0	5	0.4575	124.4	622.0	0.3333333333333333
54310	287	0	5	0.71	204.6	1023.0	0.0
54311	75	0	5	0.18	73.0	365.0	0.0
54312	364	0	5	0.9025	113.2	566.0	0.6666666666666666
54313	372	0	5	0.9225	171.8	859.0	0.6666666666666666
54314	100	0	5	0.2425	97.4	487.0	0.3333333333333333
54315	197	0	5	0.485	118.8	594.0	0.6666666666666666
54316	166	0	5	0.4075	122.2	611.0	0.3333333333333333
54317	99	0	5	0.24	45.8	229.0	0.0
54318	215	0	5	0.53	185.8	929.0	0.3333333333333333
54319	318	0	5	0.7875	194.0	970.0	0.6666666666666666
54320	44	1	4	0.1075	22.4	112.0	1.0
54321	347	0	5	0.86	271.2	1356.0	0.6666666666666666
54322	25	0	5	0.055	23.0	115.0	0.0
54323	186	0	5	0.4575	132.4	662.0	0.3333333333333333
54324	321	1	4	0.8	156.0	780.0	1.0
54325	46	0	5	0.1075	44.0	220.0	0.0
54326	56	0	5	0.1325	27.6	138.0	0.3333333333333333
54327	225	0	5	0.555	138.0	690.0	0.6666666666666666
54328	24	0	5	0.0525	12.4	62.0	0.0
54329	188	0	5	0.4625	97.8	489.0	0.6666666666666666
54330	74	0	5	0.1775	72.0	360.0	0.0
54331	355	1	4	0.885	295.4	1477.0	1.0
54332	110	0	5	0.2675	94.2	471.0	0.0
54333	78	0	5	0.1875	58.8	294.0	0.0
54334	26	0	5	0.0575	21.2	106.0	0.0
54335	197	1	4	0.49	159.4	797.0	1.0
54336	208	0	5	0.5125	181.4	907.0	0.0
54337	358	0	5	0.8875	212.4	1062.0	0.6666666666666666
54338	37	0	5	0.085	30.0	150.0	0.0
54339	150	1	4	0.3725	132.8	664.0	1.0
54340	143	0	5	0.35	68.6	343.0	0.3333333333333333
54341	280	1	4	0.6975	141.6	708.0	1.0
54342	149	0	5	0.365	88.6	443.0	0.3333333333333333
54343	118	0	5	0.2875	110.2	551.0	0.3333333333333333
54344	104	0	5	0.2525	102.0	510.0	0.0
54345	237	0	5	0.585	160.6	803.0	0.6666666666666666
54346	235	0	5	0.58	199.0	995.0	0.0
54347	53	0	5	0.125	51.0	255.0	0.0
54348	194	0	5	0.4775	91.4	457.0	0.3333333333333333
54349	336	0	5	0.8325	112.0	560.0	0.6666666666666666
54350	231	0	5	0.57	76.2	381.0	0.3333333333333333
54351	191	0	5	0.47	177.2	886.0	0.3333333333333333
54352	28	0	5	0.0625	26.0	130.0	0.0
54353	367	0	5	0.91	225.0	1125.0	0.6666666666666666
54354	312	0	5	0.7725	262.6	1313.0	0.3333333333333333
54355	268	0	5	0.6625	64.2	321.0	0.6666666666666666
54356	222	0	5	0.5475	195.2	976.0	0.3333333333333333
54357	331	0	5	0.82	108.2	541.0	0.6666666666666666
54358	277	0	5	0.685	68.2	341.0	0.6666666666666666
54359	96	0	5	0.2325	94.0	470.0	0.0
54360	53	0	5	0.125	41.4	207.0	0.0
54361	87	0	5	0.21	62.8	314.0	0.0
54362	227	0	5	0.56	220.2	1101.0	0.0
54363	369	1	4	0.92	157.8	789.0	1.0
54364	280	0	5	0.6925	196.8	984.0	0.3333333333333333
54365	335	0	5	0.83	216.8	1084.0	0.6666666666666666
54366	221	0	5	0.545	67.0	335.0	0.6666666666666666
54367	261	0	5	0.645	103.0	515.0	0.6666666666666666
54368	266	0	5	0.6575	132.0	660.0	0.6666666666666666
54369	375	0	5	0.93	106.2	531.0	0.6666666666666666
54370	206	1	4	0.5125	159.4	797.0	1.0
54371	98	0	5	0.2375	34.4	172.0	0.6666666666666666
54372	320	0	5	0.7925	239.6	1198.0	0.3333333333333333
54373	21	0	5	0.045	19.0	95.0	0.0
54374	27	0	5	0.06	23.0	115.0	0.0
54375	149	0	5	0.365	119.8	599.0	0.3333333333333333
54376	282	0	5	0.6975	208.0	1040.0	0.3333333333333333
54377	143	0	5	0.35	97.0	485.0	0.0
54378	301	0	5	0.745	171.0	855.0	0.3333333333333333
54379	254	0	5	0.6275	214.0	1070.0	0.3333333333333333
54380	150	0	5	0.3675	88.6	443.0	0.0
54381	181	0	5	0.445	161.0	805.0	0.3333333333333333
54382	59	0	5	0.14	18.6	93.0	0.3333333333333333
54383	164	0	5	0.4025	71.4	357.0	0.3333333333333333
54384	226	0	5	0.5575	77.2	386.0	0.6666666666666666
54385	253	0	5	0.625	185.6	928.0	0.6666666666666666
54386	107	0	5	0.26	74.0	370.0	0.3333333333333333
54387	342	0	5	0.8475	250.0	1250.0	0.6666666666666666
54388	363	0	5	0.9	153.8	769.0	0.3333333333333333
54389	18	0	5	0.0375	16.0	80.0	0.0
54390	263	0	5	0.65	195.4	977.0	0.3333333333333333
54391	364	0	5	0.9025	258.2	1291.0	0.3333333333333333
54392	185	0	5	0.455	73.4	367.0	0.3333333333333333
54393	190	0	5	0.4675	188.0	940.0	0.0
54394	236	0	5	0.5825	228.0	1140.0	0.0
54395	340	0	5	0.8425	179.0	895.0	0.6666666666666666
54396	128	0	5	0.3125	42.4	212.0	0.6666666666666666
54397	135	0	5	0.33	88.2	441.0	0.0
54398	287	0	5	0.71	143.0	715.0	0.6666666666666666
54399	119	0	5	0.29	117.0	585.0	0.0
54400	8	0	5	0.0125	6.0	30.0	0.0
54401	224	0	5	0.5525	120.2	601.0	0.6666666666666666
54402	325	0	5	0.805	93.4	467.0	0.6666666666666666
54403	84	0	5	0.2025	79.8	399.0	0.0
54404	172	0	5	0.4225	160.4	802.0	0.3333333333333333
54405	11	0	5	0.02	9.0	45.0	0.0
54406	262	0	5	0.6475	134.4	672.0	0.6666666666666666
54407	360	0	5	0.8925	296.8	1484.0	0.6666666666666666
54408	155	0	5	0.38	57.4	287.0	0.3333333333333333
54409	399	0	5	0.99	185.6	928.0	0.6666666666666666
54410	14	0	5	0.0275	12.0	60.0	0.0
54411	175	0	5	0.43	133.0	665.0	0.3333333333333333
54412	299	0	5	0.74	151.0	755.0	0.6666666666666666
54413	107	0	5	0.26	102.0	510.0	0.0
54414	263	1	4	0.655	192.6	963.0	1.0
54415	266	0	5	0.6575	132.2	661.0	0.6666666666666666
54416	140	0	5	0.3425	138.0	690.0	0.0
54417	190	0	5	0.4675	183.8	919.0	0.3333333333333333
54418	172	1	4	0.4275	83.4	417.0	1.0
54419	163	0	5	0.4	108.6	543.0	0.3333333333333333
54420	395	0	5	0.98	272.4	1362.0	0.6666666666666666
54421	123	0	5	0.3	43.2	216.0	0.6666666666666666
54422	296	0	5	0.7325	293.6	1468.0	0.3333333333333333
54423	88	0	5	0.2125	71.0	355.0	0.3333333333333333
54424	148	0	5	0.3625	38.8	194.0	0.6666666666666666
54425	145	0	5	0.355	126.6	633.0	0.0
54426	136	0	5	0.3325	123.8	619.0	0.3333333333333333
54427	234	0	5	0.5775	64.6	323.0	0.6666666666666666
54428	268	0	5	0.6625	148.4	742.0	0.6666666666666666
54429	233	0	5	0.575	104.6	523.0	0.6666666666666666
54430	313	0	5	0.775	277.4	1387.0	0.0
54431	280	0	5	0.6925	176.4	882.0	0.3333333333333333
54432	197	0	5	0.485	157.6	788.0	0.6666666666666666
54433	91	0	5	0.22	82.0	410.0	0.3333333333333333
54434	310	1	4	0.7725	188.4	942.0	1.0
54435	124	1	4	0.3075	60.8	304.0	1.0
54436	324	0	5	0.8025	203.6	1018.0	0.3333333333333333
54437	274	0	5	0.6775	150.2	751.0	0.6666666666666666
54438	171	0	5	0.42	116.2	581.0	0.6666666666666666
54439	167	0	5	0.41	122.2	611.0	0.6666666666666666
54440	378	1	4	0.9425	227.2	1136.0	1.0
54441	230	0	5	0.5675	100.4	502.0	0.6666666666666666
54442	37	0	5	0.085	26.2	131.0	0.3333333333333333
54443	95	0	5	0.23	58.8	294.0	0.0
54444	18	0	5	0.0375	16.0	80.0	0.0
54445	217	0	5	0.535	188.0	940.0	0.3333333333333333
54446	285	0	5	0.705	147.6	738.0	0.3333333333333333
54447	121	0	5	0.295	73.4	367.0	0.3333333333333333
54448	204	0	5	0.5025	173.2	866.0	0.3333333333333333
54449	68	0	5	0.1625	66.0	330.0	0.0
54450	168	0	5	0.4125	122.2	611.0	0.3333333333333333
54451	353	0	5	0.875	269.0	1345.0	0.3333333333333333
54452	179	0	5	0.44	118.8	594.0	0.0
54453	132	0	5	0.3225	87.2	436.0	0.3333333333333333
54454	352	0	5	0.8725	152.2	761.0	0.6666666666666666
54455	61	0	5	0.145	56.6	283.0	0.0
54456	59	0	5	0.14	57.0	285.0	0.0
54457	384	0	5	0.9525	195.0	975.0	0.6666666666666666
54458	358	0	5	0.8875	217.0	1085.0	0.6666666666666666
54459	332	0	5	0.8225	89.6	448.0	0.3333333333333333
54460	365	0	5	0.905	140.4	702.0	0.3333333333333333
54461	293	0	5	0.725	212.2	1061.0	0.3333333333333333
54462	237	0	5	0.585	163.4	817.0	0.6666666666666666
54463	131	0	5	0.32	106.6	533.0	0.3333333333333333
54464	238	1	4	0.5925	176.4	882.0	1.0
54465	257	0	5	0.635	199.8	999.0	0.3333333333333333
54466	197	0	5	0.485	185.4	927.0	0.3333333333333333
54467	281	1	4	0.7	145.2	726.0	1.0
54468	251	1	4	0.625	159.0	795.0	1.0
54469	266	0	5	0.6575	131.0	655.0	0.6666666666666666
54470	158	0	5	0.3875	143.6	718.0	0.3333333333333333
54471	201	0	5	0.495	89.2	446.0	0.6666666666666666
54472	318	0	5	0.7875	168.6	843.0	0.3333333333333333
54473	291	0	5	0.72	183.8	919.0	0.6666666666666666
54474	323	0	5	0.8	131.0	655.0	0.6666666666666666
54475	86	0	5	0.2075	84.0	420.0	0.0
54476	29	0	5	0.065	27.0	135.0	0.0
54477	21	0	5	0.045	19.0	95.0	0.0
54478	52	0	5	0.1225	50.0	250.0	0.0
54479	156	0	5	0.3825	154.0	770.0	0.0
54480	146	0	5	0.3575	116.0	580.0	0.3333333333333333
54481	277	0	5	0.685	242.6	1213.0	0.6666666666666666
54482	347	0	5	0.86	315.6	1578.0	0.3333333333333333
54483	372	0	5	0.9225	154.0	770.0	0.6666666666666666
54484	147	0	5	0.36	89.4	447.0	0.3333333333333333
54485	57	0	5	0.135	29.8	149.0	0.3333333333333333
54486	271	1	4	0.675	144.8	724.0	1.0
54487	27	0	5	0.06	25.0	125.0	0.0
54488	279	1	4	0.695	215.4	1077.0	1.0
54489	228	0	5	0.5625	97.0	485.0	0.3333333333333333
54490	307	1	4	0.765	207.8	1039.0	1.0
54491	160	0	5	0.3925	123.8	619.0	0.3333333333333333
54492	227	0	5	0.56	225.0	1125.0	0.0
54493	302	0	5	0.7475	71.4	357.0	0.6666666666666666
54494	187	0	5	0.46	109.2	546.0	0.6666666666666666
54495	39	0	5	0.09	37.0	185.0	0.0
54496	170	0	5	0.4175	138.6	693.0	0.0
54497	226	0	5	0.5575	128.8	644.0	0.3333333333333333
54498	141	0	5	0.345	139.0	695.0	0.0
54499	189	0	5	0.465	132.6	663.0	0.3333333333333333
54500	91	0	5	0.22	53.0	265.0	0.3333333333333333
54501	2	0	5	0.0	0.0	0.0	0.0
54502	142	0	5	0.3475	117.2	586.0	0.0
54503	349	0	5	0.865	219.6	1098.0	0.6666666666666666
54504	284	0	5	0.7025	170.4	852.0	0.3333333333333333
54505	255	0	5	0.63	103.8	519.0	0.3333333333333333
54506	277	1	4	0.69	178.2	891.0	1.0
54507	390	0	5	0.9675	252.2	1261.0	0.6666666666666666
54508	311	0	5	0.77	234.0	1170.0	0.6666666666666666
54509	279	0	5	0.69	89.4	447.0	0.3333333333333333
54510	303	1	4	0.755	230.4	1152.0	1.0
54511	190	1	4	0.4725	121.4	607.0	1.0
54512	225	1	4	0.56	143.4	717.0	1.0
54513	378	0	5	0.9375	213.6	1068.0	0.6666666666666666
54514	78	0	5	0.1875	76.0	380.0	0.0
54515	208	0	5	0.5125	63.6	318.0	0.3333333333333333
54516	130	0	5	0.3175	83.6	418.0	0.3333333333333333
54517	318	0	5	0.7875	212.0	1060.0	0.3333333333333333
54518	101	0	5	0.245	99.0	495.0	0.0
54519	126	0	5	0.3075	112.0	560.0	0.3333333333333333
54520	250	1	4	0.6225	71.8	359.0	1.0
54521	146	0	5	0.3575	28.8	144.0	0.0
54522	353	0	5	0.875	119.0	595.0	0.3333333333333333
54523	260	0	5	0.6425	158.0	790.0	0.3333333333333333
54524	270	0	5	0.6675	84.6	423.0	0.0
54525	231	0	5	0.57	150.6	753.0	0.3333333333333333
54526	186	0	5	0.4575	180.6	903.0	0.0
54527	102	1	4	0.2525	70.8	354.0	1.0
54528	167	0	5	0.41	165.0	825.0	0.0
54529	236	0	5	0.5825	178.8	894.0	0.0
54530	351	0	5	0.87	224.0	1120.0	0.3333333333333333
54531	373	1	4	0.93	104.2	521.0	1.0
54532	66	0	5	0.1575	64.0	320.0	0.0
54533	204	1	4	0.5075	108.6	543.0	1.0
54534	42	0	5	0.0975	40.0	200.0	0.0
54535	275	0	5	0.68	212.8	1064.0	0.3333333333333333
54536	273	0	5	0.675	111.4	557.0	0.3333333333333333
54537	84	0	5	0.2025	82.0	410.0	0.0
54538	182	0	5	0.4475	112.0	560.0	0.3333333333333333
54539	34	0	5	0.0775	20.4	102.0	0.3333333333333333
54540	272	0	5	0.6725	148.4	742.0	0.3333333333333333
54541	39	0	5	0.09	33.4	167.0	0.3333333333333333
54542	152	0	5	0.3725	82.4	412.0	0.6666666666666666
54543	353	1	4	0.88	274.4	1372.0	1.0
54544	260	0	5	0.6425	61.2	306.0	0.6666666666666666
54545	188	0	5	0.4625	182.4	912.0	0.3333333333333333
54546	341	0	5	0.845	277.6	1388.0	0.3333333333333333
54547	160	0	5	0.3925	90.8	454.0	0.6666666666666666
54548	110	0	5	0.2675	68.4	342.0	0.3333333333333333
54549	221	0	5	0.545	176.0	880.0	0.3333333333333333
54550	53	0	5	0.125	51.0	255.0	0.0
54551	281	1	4	0.7	193.0	965.0	1.0
54552	185	0	5	0.455	70.2	351.0	0.3333333333333333
54553	203	0	5	0.5	120.6	603.0	0.6666666666666666
54554	108	0	5	0.2625	106.0	530.0	0.0
54555	318	0	5	0.7875	208.0	1040.0	0.6666666666666666
54556	198	0	5	0.4875	182.6	913.0	0.3333333333333333
54557	286	0	5	0.7075	94.4	472.0	0.6666666666666666
54558	358	1	4	0.8925	94.8	474.0	1.0
54559	243	0	5	0.6	177.8	889.0	0.3333333333333333
54560	344	0	5	0.8525	254.0	1270.0	0.6666666666666666
54561	293	0	5	0.725	118.2	591.0	0.3333333333333333
54562	300	0	5	0.7425	276.8	1384.0	0.3333333333333333
54563	108	0	5	0.2625	95.6	478.0	0.0
54564	68	0	5	0.1625	60.4	302.0	0.3333333333333333
54565	243	0	5	0.6	208.8	1044.0	0.3333333333333333
54566	339	1	4	0.845	112.6	563.0	1.0
54567	316	0	5	0.7825	196.0	980.0	0.6666666666666666
54568	355	0	5	0.88	265.4	1327.0	0.3333333333333333
54569	292	0	5	0.7225	145.2	726.0	0.6666666666666666
54570	201	0	5	0.495	194.2	971.0	0.0
54571	65	0	5	0.155	63.0	315.0	0.0
54572	35	0	5	0.08	27.0	135.0	0.0
54573	262	0	5	0.6475	58.4	292.0	0.3333333333333333
54574	360	0	5	0.8925	98.2	491.0	0.6666666666666666
54575	233	1	4	0.58	189.0	945.0	1.0
54576	203	0	5	0.5	140.2	701.0	0.3333333333333333
54577	228	0	5	0.5625	91.2	456.0	0.6666666666666666
54578	119	0	5	0.29	98.8	494.0	0.3333333333333333
54579	346	0	5	0.8575	73.6	368.0	0.6666666666666666
54580	394	0	5	0.9775	198.8	994.0	0.6666666666666666
54581	275	0	5	0.68	133.2	666.0	0.3333333333333333
54582	288	1	4	0.7175	252.8	1264.0	1.0
54583	186	0	5	0.4575	171.6	858.0	0.3333333333333333
54584	308	0	5	0.7625	180.4	902.0	0.6666666666666666
54585	381	0	5	0.945	140.6	703.0	0.6666666666666666
54586	342	0	5	0.8475	107.4	537.0	0.6666666666666666
54587	330	0	5	0.8175	259.8	1299.0	0.3333333333333333
54588	229	0	5	0.565	211.0	1055.0	0.3333333333333333
54589	89	0	5	0.215	87.0	435.0	0.0
54590	217	0	5	0.535	163.8	819.0	0.0
54591	28	0	5	0.0625	26.0	130.0	0.0
54592	230	0	5	0.5675	192.0	960.0	0.3333333333333333
54593	297	0	5	0.735	141.0	705.0	0.6666666666666666
54594	108	0	5	0.2625	43.6	218.0	0.6666666666666666
54595	292	0	5	0.7225	177.0	885.0	0.6666666666666666
54596	241	0	5	0.595	179.6	898.0	0.6666666666666666
54597	116	0	5	0.2825	114.0	570.0	0.0
54598	349	0	5	0.865	173.2	866.0	0.6666666666666666
54599	31	0	5	0.07	29.0	145.0	0.0
54600	293	0	5	0.725	118.4	592.0	0.3333333333333333
54601	176	0	5	0.4325	78.0	390.0	0.3333333333333333
54602	30	0	5	0.0675	28.0	140.0	0.0
54603	355	0	5	0.88	225.6	1128.0	0.3333333333333333
54604	215	0	5	0.53	126.6	633.0	0.6666666666666666
54605	311	0	5	0.77	170.8	854.0	0.6666666666666666
54606	204	0	5	0.5025	85.2	426.0	0.6666666666666666
54607	226	0	5	0.5575	150.6	753.0	0.3333333333333333
54608	182	0	5	0.4475	146.4	732.0	0.3333333333333333
54609	322	0	5	0.7975	111.6	558.0	0.3333333333333333
54610	238	0	5	0.5875	98.8	494.0	0.3333333333333333
54611	215	0	5	0.53	92.2	461.0	0.3333333333333333
54612	180	0	5	0.4425	84.4	422.0	0.3333333333333333
54613	339	1	4	0.845	87.4	437.0	1.0
54614	174	0	5	0.4275	142.8	714.0	0.3333333333333333
54615	333	0	5	0.825	156.6	783.0	0.6666666666666666
54616	233	0	5	0.575	191.0	955.0	0.3333333333333333
54617	162	0	5	0.3975	116.0	580.0	0.0
54618	132	0	5	0.3225	130.0	650.0	0.3333333333333333
54619	255	0	5	0.63	157.6	788.0	0.6666666666666666
54620	64	0	5	0.1525	58.0	290.0	0.3333333333333333
54621	357	0	5	0.885	115.8	579.0	0.3333333333333333
54622	365	1	4	0.91	102.6	513.0	1.0
54623	182	0	5	0.4475	81.6	408.0	0.6666666666666666
54624	142	0	5	0.3475	140.0	700.0	0.0
54625	153	0	5	0.375	89.8	449.0	0.0
54626	225	0	5	0.555	163.4	817.0	0.3333333333333333
54627	174	0	5	0.4275	172.0	860.0	0.0
54628	293	0	5	0.725	182.2	911.0	0.3333333333333333
54629	316	0	5	0.7825	236.0	1180.0	0.3333333333333333
54630	341	0	5	0.845	220.6	1103.0	0.3333333333333333
54631	56	0	5	0.1325	34.0	170.0	0.3333333333333333
54632	74	0	5	0.1775	72.0	360.0	0.0
54633	372	1	4	0.9275	130.4	652.0	1.0
54634	260	0	5	0.6425	91.6	458.0	0.3333333333333333
54635	155	0	5	0.38	74.6	373.0	0.3333333333333333
54636	79	0	5	0.19	77.0	385.0	0.0
54637	136	0	5	0.3325	54.0	270.0	0.0
54638	69	0	5	0.165	67.0	335.0	0.0
54639	143	0	5	0.35	111.4	557.0	0.3333333333333333
54640	141	0	5	0.345	103.0	515.0	0.3333333333333333
54641	19	0	5	0.04	17.0	85.0	0.0
54642	356	0	5	0.8825	217.4	1087.0	0.6666666666666666
54643	205	0	5	0.505	160.0	800.0	0.3333333333333333
54644	195	0	5	0.48	110.6	553.0	0.3333333333333333
54645	14	0	5	0.0275	12.0	60.0	0.0
54646	349	0	5	0.865	165.2	826.0	0.6666666666666666
54647	371	0	5	0.92	197.4	987.0	0.6666666666666666
54648	367	0	5	0.91	215.0	1075.0	0.6666666666666666
54649	78	0	5	0.1875	35.8	179.0	0.0
54650	15	0	5	0.03	13.0	65.0	0.0
54651	369	0	5	0.915	213.0	1065.0	0.6666666666666666
54652	359	0	5	0.89	223.8	1119.0	0.6666666666666666
54653	198	0	5	0.4875	179.2	896.0	0.3333333333333333
54654	207	0	5	0.51	167.6	838.0	0.6666666666666666
54655	372	0	5	0.9225	148.0	740.0	0.6666666666666666
54656	106	1	4	0.2625	43.4	217.0	1.0
54657	130	0	5	0.3175	80.6	403.0	0.6666666666666666
54658	254	0	5	0.6275	139.8	699.0	0.3333333333333333
54659	299	0	5	0.74	164.8	824.0	0.3333333333333333
54660	223	0	5	0.55	83.4	417.0	0.6666666666666666
54661	345	1	4	0.86	300.2	1501.0	1.0
54662	16	0	5	0.0325	14.0	70.0	0.0
54663	290	0	5	0.7175	230.4	1152.0	0.3333333333333333
54664	137	1	4	0.34	74.6	373.0	1.0
54665	343	1	4	0.855	233.2	1166.0	1.0
54666	302	0	5	0.7475	206.0	1030.0	0.6666666666666666
54667	252	0	5	0.6225	182.8	914.0	0.3333333333333333
54668	310	0	5	0.7675	100.0	500.0	0.6666666666666666
54669	258	0	5	0.6375	148.0	740.0	0.3333333333333333
54670	73	0	5	0.175	69.8	349.0	0.3333333333333333
54671	385	1	4	0.96	185.8	929.0	1.0
54672	298	1	4	0.7425	119.0	595.0	1.0
54673	210	0	5	0.5175	160.6	803.0	0.3333333333333333
54674	258	0	5	0.6375	95.6	478.0	0.3333333333333333
54675	328	0	5	0.8125	198.0	990.0	0.3333333333333333
54676	277	0	5	0.685	217.0	1085.0	0.3333333333333333
54677	268	0	5	0.6625	98.8	494.0	0.3333333333333333
54678	250	0	5	0.6175	158.4	792.0	0.3333333333333333
54679	200	0	5	0.4925	134.8	674.0	0.3333333333333333
54680	98	0	5	0.2375	65.6	328.0	0.3333333333333333
54681	139	1	4	0.345	49.4	247.0	1.0
54682	159	0	5	0.39	93.6	468.0	0.3333333333333333
54683	305	0	5	0.755	189.6	948.0	0.6666666666666666
54684	242	0	5	0.5975	69.2	346.0	0.6666666666666666
54685	324	0	5	0.8025	195.2	976.0	0.6666666666666666
54686	327	0	5	0.81	153.0	765.0	0.6666666666666666
54687	177	0	5	0.435	85.8	429.0	0.6666666666666666
54688	179	0	5	0.44	78.4	392.0	0.3333333333333333
54689	366	0	5	0.9075	198.0	990.0	0.6666666666666666
54690	302	0	5	0.7475	130.2	651.0	0.3333333333333333
54691	178	0	5	0.4375	57.6	288.0	0.3333333333333333
54692	192	0	5	0.4725	79.6	398.0	0.3333333333333333
54693	147	0	5	0.36	133.8	669.0	0.3333333333333333
54694	187	0	5	0.46	103.4	517.0	0.3333333333333333
54695	253	0	5	0.625	125.4	627.0	0.6666666666666666
54696	155	1	4	0.385	57.8	289.0	1.0
54697	331	0	5	0.82	187.4	937.0	0.6666666666666666
54698	293	0	5	0.725	94.8	474.0	0.6666666666666666
54699	335	0	5	0.83	117.2	586.0	0.6666666666666666
54700	264	0	5	0.6525	152.8	764.0	0.3333333333333333
54701	278	1	4	0.6925	131.0	655.0	1.0
54702	118	0	5	0.2875	72.8	364.0	0.3333333333333333
54703	380	0	5	0.9425	219.6	1098.0	0.6666666666666666
54704	223	1	4	0.555	136.0	680.0	1.0
54705	127	0	5	0.31	90.2	451.0	0.0
54706	374	0	5	0.9275	270.4	1352.0	0.6666666666666666
54707	355	0	5	0.88	308.8	1544.0	0.6666666666666666
54708	331	0	5	0.82	242.6	1213.0	0.6666666666666666
54709	76	0	5	0.1825	29.2	146.0	0.3333333333333333
54710	47	0	5	0.11	45.0	225.0	0.0
54711	40	0	5	0.0925	17.2	86.0	0.3333333333333333
54712	66	0	5	0.1575	33.4	167.0	0.0
54713	348	0	5	0.8625	255.6	1278.0	0.6666666666666666
54714	90	0	5	0.2175	57.6	288.0	0.3333333333333333
54715	346	0	5	0.8575	216.4	1082.0	0.6666666666666666
54716	177	0	5	0.435	132.6	663.0	0.0
54717	129	0	5	0.315	107.0	535.0	0.0
54718	134	0	5	0.3275	50.4	252.0	0.0
54719	78	0	5	0.1875	68.0	340.0	0.0
54720	108	0	5	0.2625	106.0	530.0	0.0
54721	375	0	5	0.93	280.8	1404.0	0.6666666666666666
54722	331	0	5	0.82	138.8	694.0	0.6666666666666666
54723	323	1	4	0.805	178.6	893.0	1.0
54724	17	0	5	0.035	15.0	75.0	0.0
54725	193	0	5	0.475	83.8	419.0	0.3333333333333333
54726	80	0	5	0.1925	31.2	156.0	0.3333333333333333
54727	281	0	5	0.695	163.2	816.0	0.3333333333333333
54728	197	0	5	0.485	164.4	822.0	0.0
54729	309	1	4	0.77	114.6	573.0	1.0
54730	107	0	5	0.26	105.0	525.0	0.0
54731	165	0	5	0.405	92.2	461.0	0.6666666666666666
54732	301	0	5	0.745	212.2	1061.0	0.3333333333333333
54733	104	0	5	0.2525	102.0	510.0	0.0
54734	156	1	3	0.3875	121.8	609.0	1.0
54735	244	0	5	0.6025	224.8	1124.0	0.3333333333333333
54736	401	0	3	0.9975	252.6	1263.0	0.6666666666666666
54737	8	0	5	0.0125	6.0	30.0	0.0
54738	32	0	5	0.0725	29.6	148.0	0.3333333333333333
54739	298	0	5	0.7375	141.2	706.0	0.3333333333333333
54740	244	0	5	0.6025	134.8	674.0	0.3333333333333333
54741	5	0	5	0.005	3.0	15.0	0.0
54742	277	1	4	0.69	122.2	611.0	1.0
54743	64	0	5	0.1525	40.4	202.0	0.3333333333333333
54744	148	0	5	0.3625	75.6	378.0	0.3333333333333333
54745	400	0	5	0.9925	156.6	783.0	0.6666666666666666
54746	55	0	5	0.13	53.0	265.0	0.0
54747	295	0	5	0.73	228.8	1144.0	0.3333333333333333
54748	238	0	5	0.5875	192.8	964.0	0.3333333333333333
54749	305	0	5	0.755	129.8	649.0	0.0
54750	182	0	5	0.4475	102.4	512.0	0.6666666666666666
54751	233	0	5	0.575	138.2	691.0	0.6666666666666666
54752	127	0	5	0.31	73.8	369.0	0.3333333333333333
54753	348	0	5	0.8625	199.2	996.0	0.6666666666666666
54754	93	0	5	0.225	91.0	455.0	0.0
54755	11	0	5	0.02	3.8	19.0	0.3333333333333333
54756	214	0	5	0.5275	170.8	854.0	0.3333333333333333
54757	245	0	5	0.605	191.8	959.0	0.3333333333333333
54758	170	0	5	0.4175	125.6	628.0	0.6666666666666666
54759	101	0	5	0.245	63.8	319.0	0.3333333333333333
54760	372	0	5	0.9225	286.8	1434.0	0.6666666666666666
54761	205	0	5	0.505	132.8	664.0	0.3333333333333333
54762	183	0	5	0.45	59.4	297.0	0.3333333333333333
54763	326	0	5	0.8075	241.8	1209.0	0.6666666666666666
54764	204	0	5	0.5025	179.2	896.0	0.0
54765	317	0	5	0.785	136.6	683.0	0.6666666666666666
54766	103	1	4	0.255	65.6	328.0	1.0
54767	184	0	5	0.4525	55.8	279.0	0.3333333333333333
54768	217	0	5	0.535	149.0	745.0	0.6666666666666666
54769	304	0	5	0.7525	266.6	1333.0	0.6666666666666666
54770	53	0	5	0.125	51.0	255.0	0.0
54771	223	0	5	0.55	192.2	961.0	0.0
54772	330	1	4	0.8225	122.6	613.0	1.0
54773	292	0	5	0.7225	59.6	298.0	0.6666666666666666
54774	280	0	5	0.6925	256.0	1280.0	0.0
54775	367	0	5	0.91	219.4	1097.0	0.6666666666666666
54776	131	0	5	0.32	83.4	417.0	0.3333333333333333
54777	258	0	5	0.6375	157.6	788.0	0.6666666666666666
54778	290	0	5	0.7175	207.8	1039.0	0.3333333333333333
54779	41	0	5	0.095	39.0	195.0	0.0
54780	242	0	5	0.5975	163.4	817.0	0.3333333333333333
54781	106	0	5	0.2575	104.0	520.0	0.0
54782	299	0	5	0.74	218.6	1093.0	0.3333333333333333
54783	336	1	4	0.8375	165.4	827.0	1.0
54784	324	0	5	0.8025	89.2	446.0	0.6666666666666666
54785	241	0	5	0.595	61.4	307.0	0.6666666666666666
54786	162	0	5	0.3975	157.8	789.0	0.0
54787	101	0	5	0.245	60.6	303.0	0.0
54788	133	0	5	0.325	26.6	133.0	0.3333333333333333
54789	156	0	5	0.3825	109.6	548.0	0.0
54790	63	0	5	0.15	24.2	121.0	0.0
54791	172	0	5	0.4225	82.0	410.0	0.6666666666666666
54792	309	0	5	0.765	248.6	1243.0	0.6666666666666666
54793	264	0	5	0.6525	204.8	1024.0	0.3333333333333333
54794	244	0	5	0.6025	177.2	886.0	0.3333333333333333
54795	175	0	5	0.43	171.4	857.0	0.3333333333333333
54796	401	0	4	0.9975	172.8	864.0	0.6666666666666666
54797	49	0	5	0.115	47.0	235.0	0.0
54798	178	0	5	0.4375	120.4	602.0	0.3333333333333333
54799	200	0	5	0.4925	169.8	849.0	0.3333333333333333
54800	42	0	5	0.0975	40.0	200.0	0.0
54801	242	1	4	0.6025	139.6	698.0	1.0
54802	272	0	5	0.6725	135.2	676.0	0.3333333333333333
54803	99	0	5	0.24	72.6	363.0	0.0
54804	351	0	5	0.87	99.4	497.0	0.6666666666666666
54805	386	1	4	0.9625	266.0	1330.0	1.0
54806	100	0	5	0.2425	26.0	130.0	0.3333333333333333
54807	169	0	5	0.415	113.8	569.0	0.3333333333333333
54808	157	0	5	0.385	59.8	299.0	0.3333333333333333
54809	326	0	5	0.8075	268.8	1344.0	0.3333333333333333
54810	91	0	5	0.22	87.0	435.0	0.3333333333333333
54811	389	0	5	0.965	213.6	1068.0	0.6666666666666666
54812	212	0	5	0.5225	136.6	683.0	0.6666666666666666
54813	296	0	5	0.7325	219.2	1096.0	0.3333333333333333
54814	226	0	5	0.5575	192.2	961.0	0.3333333333333333
54815	247	1	4	0.615	159.0	795.0	1.0
54816	241	0	5	0.595	155.2	776.0	0.6666666666666666
54817	305	0	5	0.755	163.4	817.0	0.6666666666666666
54818	218	0	5	0.5375	160.0	800.0	0.3333333333333333
54819	109	0	5	0.265	107.0	535.0	0.3333333333333333
54820	120	0	5	0.2925	92.4	462.0	0.3333333333333333
54821	279	0	5	0.69	186.6	933.0	0.6666666666666666
54822	383	1	4	0.955	165.0	825.0	1.0
54823	166	0	5	0.4075	152.8	764.0	0.0
54824	355	1	4	0.885	259.0	1295.0	1.0
54825	136	0	5	0.3325	121.2	606.0	0.0
54826	78	0	5	0.1875	50.8	254.0	0.0
54827	66	0	5	0.1575	59.8	299.0	0.3333333333333333
54828	39	0	5	0.09	37.0	185.0	0.0
54829	284	0	5	0.7025	87.6	438.0	0.6666666666666666
54830	240	0	5	0.5925	128.6	643.0	0.6666666666666666
54831	380	0	5	0.9425	270.4	1352.0	0.6666666666666666
54832	34	0	5	0.0775	32.0	160.0	0.0
54833	241	0	5	0.595	218.2	1091.0	0.3333333333333333
54834	243	0	5	0.6	83.4	417.0	0.3333333333333333
54835	374	1	4	0.9325	171.4	857.0	1.0
54836	362	0	5	0.8975	153.0	765.0	0.6666666666666666
54837	233	0	5	0.575	165.0	825.0	0.6666666666666666
54838	303	0	5	0.75	195.8	979.0	0.3333333333333333
54839	221	0	5	0.545	106.0	530.0	0.3333333333333333
54840	262	0	5	0.6475	83.6	418.0	0.6666666666666666
54841	291	0	5	0.72	214.6	1073.0	0.6666666666666666
54842	226	0	5	0.5575	135.2	676.0	0.6666666666666666
54843	149	0	5	0.365	54.2	271.0	0.3333333333333333
54844	97	0	5	0.235	93.2	466.0	0.0
54845	380	0	5	0.9425	170.4	852.0	0.6666666666666666
54846	179	0	5	0.44	68.8	344.0	0.3333333333333333
54847	89	0	5	0.215	74.4	372.0	0.3333333333333333
54848	186	0	5	0.4575	149.8	749.0	0.0
54849	2	0	5	0.0	0.0	0.0	0.0
54850	349	0	5	0.865	329.8	1649.0	0.0
54851	217	0	5	0.535	215.0	1075.0	0.0
54852	372	0	5	0.9225	240.6	1203.0	0.6666666666666666
54853	349	0	5	0.865	181.8	909.0	0.6666666666666666
54854	122	0	5	0.2975	120.0	600.0	0.0
54855	227	0	5	0.56	119.2	596.0	0.6666666666666666
54856	119	0	5	0.29	117.0	585.0	0.0
54857	129	0	5	0.315	119.2	596.0	0.3333333333333333
54858	234	0	5	0.5775	156.8	784.0	0.3333333333333333
54859	133	0	5	0.325	131.0	655.0	0.0
54860	210	0	5	0.5175	76.2	381.0	0.6666666666666666
54861	273	0	5	0.675	175.0	875.0	0.3333333333333333
54862	349	0	5	0.865	214.4	1072.0	0.3333333333333333
54863	296	1	4	0.7375	102.6	513.0	1.0
54864	356	0	5	0.8825	312.4	1562.0	0.6666666666666666
54865	337	0	5	0.835	237.0	1185.0	0.3333333333333333
54866	272	0	5	0.6725	200.4	1002.0	0.6666666666666666
54867	209	0	5	0.515	171.4	857.0	0.0
54868	364	1	4	0.9075	170.4	852.0	1.0
54869	187	0	5	0.46	164.2	821.0	0.3333333333333333
54870	180	0	5	0.4425	67.6	338.0	0.3333333333333333
54871	208	0	5	0.5125	202.0	1010.0	0.3333333333333333
54872	170	0	5	0.4175	145.2	726.0	0.3333333333333333
54873	234	0	5	0.5775	136.8	684.0	0.3333333333333333
54874	197	0	5	0.485	162.2	811.0	0.3333333333333333
54875	207	0	5	0.51	183.6	918.0	0.6666666666666666
54876	237	0	5	0.585	124.0	620.0	0.3333333333333333
54877	122	0	5	0.2975	120.0	600.0	0.0
54878	114	0	5	0.2775	104.4	522.0	0.0
54879	299	1	4	0.745	170.2	851.0	1.0
54880	36	0	5	0.0825	34.0	170.0	0.0
54881	132	0	5	0.3225	106.8	534.0	0.3333333333333333
54882	8	0	5	0.0125	6.0	30.0	0.0
54883	139	0	5	0.34	71.8	359.0	0.3333333333333333
54884	132	0	5	0.3225	43.4	217.0	0.6666666666666666
54885	212	0	5	0.5225	157.6	788.0	0.3333333333333333
54886	288	0	5	0.7125	202.4	1012.0	0.6666666666666666
54887	358	0	5	0.8875	242.0	1210.0	0.6666666666666666
54888	35	0	5	0.08	27.8	139.0	0.3333333333333333
54889	39	0	5	0.09	37.0	185.0	0.0
54890	138	0	5	0.3375	86.0	430.0	0.0
54891	382	0	5	0.9475	95.2	476.0	0.6666666666666666
54892	368	0	5	0.9125	290.6	1453.0	0.6666666666666666
54893	219	0	5	0.54	85.2	426.0	0.6666666666666666
54894	315	0	5	0.78	213.4	1067.0	0.6666666666666666
54895	301	1	4	0.75	129.8	649.0	1.0
54896	114	0	5	0.2775	83.6	418.0	0.6666666666666666
54897	194	0	5	0.4775	181.6	908.0	0.3333333333333333
54898	197	0	5	0.485	151.8	759.0	0.3333333333333333
54899	184	0	5	0.4525	167.6	838.0	0.0
54900	142	0	5	0.3475	64.4	322.0	0.3333333333333333
54901	382	1	4	0.9525	190.2	951.0	1.0
54902	362	0	5	0.8975	90.2	451.0	0.6666666666666666
54903	272	0	5	0.6725	221.0	1105.0	0.6666666666666666
54904	360	1	4	0.8975	189.2	946.0	1.0
54905	146	0	5	0.3575	121.2	606.0	0.0
54906	159	0	5	0.39	71.6	358.0	0.6666666666666666
54907	245	1	4	0.61	109.0	545.0	1.0
54908	96	0	5	0.2325	93.6	468.0	0.0
54909	52	0	5	0.1225	50.0	250.0	0.0
54910	390	0	5	0.9675	251.2	1256.0	0.6666666666666666
54911	94	1	4	0.2325	54.2	271.0	1.0
54912	319	1	4	0.795	81.6	408.0	1.0
54913	328	0	5	0.8125	290.2	1451.0	0.3333333333333333
54914	260	1	4	0.6475	86.0	430.0	1.0
54915	263	0	5	0.65	169.8	849.0	0.6666666666666666
54916	369	1	3	0.92	232.0	1160.0	1.0
54917	358	0	5	0.8875	270.2	1351.0	0.3333333333333333
54918	219	0	5	0.54	95.4	477.0	0.0
54919	114	0	5	0.2775	112.0	560.0	0.0
54920	221	0	5	0.545	50.2	251.0	0.3333333333333333
54921	375	0	5	0.93	222.0	1110.0	0.3333333333333333
54922	224	1	4	0.5575	59.2	296.0	1.0
54923	284	0	5	0.7025	196.0	980.0	0.3333333333333333
54924	298	0	5	0.7375	185.2	926.0	0.6666666666666666
54925	325	0	5	0.805	122.2	611.0	0.6666666666666666
54926	70	0	5	0.1675	32.0	160.0	0.3333333333333333
54927	199	0	5	0.49	111.4	557.0	0.3333333333333333
54928	262	0	5	0.6475	160.4	802.0	0.6666666666666666
54929	332	0	5	0.8225	143.6	718.0	0.6666666666666666
54930	255	1	4	0.635	167.8	839.0	1.0
54931	253	0	5	0.625	196.6	983.0	0.0
54932	100	0	5	0.2425	98.0	490.0	0.0
54933	174	0	5	0.4275	172.0	860.0	0.0
54934	229	0	5	0.565	210.2	1051.0	0.0
54935	158	0	5	0.3875	73.0	365.0	0.0
54936	342	0	5	0.8475	234.4	1172.0	0.6666666666666666
54937	28	0	5	0.0625	14.8	74.0	0.6666666666666666
54938	38	0	5	0.0875	36.0	180.0	0.0
54939	379	0	5	0.94	119.2	596.0	0.3333333333333333
54940	399	0	5	0.99	251.4	1257.0	0.6666666666666666
54941	176	0	5	0.4325	149.4	747.0	0.0
54942	334	1	4	0.8325	305.4	1527.0	1.0
54943	342	0	5	0.8475	224.8	1124.0	0.3333333333333333
54944	186	0	5	0.4575	184.0	920.0	0.0
54945	300	1	4	0.7475	105.0	525.0	1.0
54946	267	1	4	0.665	158.2	791.0	1.0
54947	155	1	3	0.385	116.0	580.0	1.0
54948	252	1	4	0.6275	73.6	368.0	1.0
54949	21	0	5	0.045	19.0	95.0	0.0
54950	20	0	5	0.0425	18.0	90.0	0.0
54951	386	0	5	0.9575	268.0	1340.0	0.6666666666666666
54952	188	0	5	0.4625	125.2	626.0	0.3333333333333333
54953	90	0	5	0.2175	80.4	402.0	0.0
54954	119	0	5	0.29	87.0	435.0	0.0
54955	374	0	5	0.9275	201.0	1005.0	0.6666666666666666
54956	218	0	5	0.5375	193.6	968.0	0.3333333333333333
54957	127	0	5	0.31	125.0	625.0	0.0
54958	343	0	5	0.85	219.8	1099.0	0.3333333333333333
54959	132	0	5	0.3225	98.8	494.0	0.3333333333333333
54960	63	0	5	0.15	61.0	305.0	0.0
54961	108	0	5	0.2625	94.0	470.0	0.3333333333333333
54962	274	0	5	0.6775	217.6	1088.0	0.3333333333333333
54963	45	0	5	0.105	30.6	153.0	0.3333333333333333
54964	62	0	5	0.1475	60.0	300.0	0.0
54965	321	0	5	0.795	271.0	1355.0	0.6666666666666666
54966	144	0	5	0.3525	72.4	362.0	0.3333333333333333
54967	279	0	5	0.69	207.6	1038.0	0.6666666666666666
54968	264	0	5	0.6525	196.2	981.0	0.3333333333333333
54969	131	0	5	0.32	126.2	631.0	0.3333333333333333
54970	292	1	4	0.7275	170.0	850.0	1.0
54971	31	0	5	0.07	29.0	145.0	0.0
54972	185	0	5	0.455	107.0	535.0	0.6666666666666666
54973	274	0	5	0.6775	123.2	616.0	0.0
54974	4	0	5	0.0025	2.0	10.0	0.0
54975	290	1	4	0.7225	111.6	558.0	1.0
54976	156	0	5	0.3825	65.2	326.0	0.3333333333333333
54977	376	0	5	0.9325	191.4	957.0	0.6666666666666666
54978	341	0	5	0.845	130.2	651.0	0.3333333333333333
54979	339	0	5	0.84	267.4	1337.0	0.3333333333333333
54980	104	0	5	0.2525	102.0	510.0	0.0
54981	186	0	5	0.4575	184.0	920.0	0.0
54982	95	0	5	0.23	57.6	288.0	0.3333333333333333
54983	217	0	5	0.535	158.0	790.0	0.3333333333333333
54984	156	0	5	0.3825	95.2	476.0	0.3333333333333333
54985	59	0	5	0.14	57.0	285.0	0.0
54986	130	0	5	0.3175	90.8	454.0	0.0
54987	5	0	5	0.005	3.0	15.0	0.0
54988	70	0	5	0.1675	45.6	228.0	0.3333333333333333
54989	74	0	5	0.1775	72.0	360.0	0.0
54990	302	0	5	0.7475	73.2	366.0	0.3333333333333333
54991	222	1	4	0.5525	138.0	690.0	1.0
54992	383	0	5	0.95	188.2	941.0	0.6666666666666666
54993	307	1	4	0.765	125.0	625.0	1.0
54994	253	0	5	0.625	182.0	910.0	0.3333333333333333
54995	398	1	4	0.9925	219.8	1099.0	1.0
54996	395	0	5	0.98	308.8	1544.0	0.6666666666666666
54997	238	0	5	0.5875	77.8	389.0	0.3333333333333333
54998	211	0	5	0.52	124.4	622.0	0.3333333333333333
54999	53	0	5	0.125	44.2	221.0	0.0
55000	53	0	5	0.125	51.0	255.0	0.0
55001	356	0	5	0.8825	271.4	1357.0	0.6666666666666666
55002	226	0	5	0.5575	133.6	668.0	0.3333333333333333
55003	47	0	5	0.11	45.0	225.0	0.3333333333333333
55004	265	0	5	0.655	151.4	757.0	0.6666666666666666
55005	126	0	5	0.3075	88.4	442.0	0.3333333333333333
55006	382	0	5	0.9475	222.2	1111.0	0.6666666666666666
55007	262	0	5	0.6475	172.8	864.0	0.6666666666666666
55008	7	0	5	0.01	5.0	25.0	0.0
55009	184	0	5	0.4525	109.8	549.0	0.3333333333333333
55010	394	0	5	0.9775	294.8	1474.0	0.3333333333333333
55011	236	0	5	0.5825	95.2	476.0	0.6666666666666666
55012	195	1	4	0.485	47.0	235.0	1.0
55013	133	0	5	0.325	77.0	385.0	0.3333333333333333
55014	305	0	5	0.755	205.6	1028.0	0.3333333333333333
55015	275	0	5	0.68	92.0	460.0	0.3333333333333333
55016	250	0	5	0.6175	184.4	922.0	0.6666666666666666
55017	211	0	5	0.52	140.6	703.0	0.3333333333333333
55018	380	0	5	0.9425	241.2	1206.0	0.6666666666666666
55019	91	0	5	0.22	89.0	445.0	0.0
55020	149	0	5	0.365	120.6	603.0	0.3333333333333333
55021	377	0	5	0.935	255.4	1277.0	0.3333333333333333
55022	371	0	5	0.92	251.4	1257.0	0.3333333333333333
55023	289	0	5	0.715	202.2	1011.0	0.3333333333333333
55024	85	0	5	0.205	57.0	285.0	0.6666666666666666
55025	239	0	5	0.59	193.0	965.0	0.3333333333333333
55026	174	0	5	0.4275	146.8	734.0	0.0
55027	370	1	4	0.9225	301.8	1509.0	1.0
55028	140	0	5	0.3425	138.0	690.0	0.0
55029	229	0	5	0.565	154.6	773.0	0.6666666666666666
55030	311	0	5	0.77	156.0	780.0	0.3333333333333333
55031	338	0	5	0.8375	149.6	748.0	0.6666666666666666
55032	40	0	5	0.0925	21.2	106.0	0.3333333333333333
55033	28	0	5	0.0625	20.6	103.0	0.0
55034	90	0	5	0.2175	88.0	440.0	0.0
55035	238	0	5	0.5875	143.6	718.0	0.3333333333333333
55036	91	0	5	0.22	34.6	173.0	0.3333333333333333
55037	210	0	5	0.5175	182.4	912.0	0.3333333333333333
55038	160	0	5	0.3925	158.0	790.0	0.0
55039	3	0	5	0.0025	0.2	1.0	0.3333333333333333
55040	339	0	5	0.84	252.0	1260.0	0.3333333333333333
55041	77	0	5	0.185	49.8	249.0	0.6666666666666666
55042	378	0	5	0.9375	264.4	1322.0	0.6666666666666666
55043	286	0	5	0.7075	155.0	775.0	0.3333333333333333
55044	228	0	5	0.5625	204.0	1020.0	0.0
55045	112	0	5	0.2725	62.0	310.0	0.3333333333333333
55046	244	0	5	0.6025	137.8	689.0	0.3333333333333333
55047	81	0	5	0.195	79.0	395.0	0.0
55048	6	0	5	0.0075	4.0	20.0	0.0
55049	127	0	5	0.31	59.6	298.0	0.6666666666666666
55050	9	0	5	0.015	7.0	35.0	0.0
55051	182	0	5	0.4475	86.6	433.0	0.3333333333333333
55052	379	1	4	0.945	250.2	1251.0	1.0
55053	191	0	5	0.47	146.6	733.0	0.6666666666666666
55054	147	0	5	0.36	118.6	593.0	0.0
55055	14	0	5	0.0275	12.0	60.0	0.0
55056	53	0	5	0.125	43.6	218.0	0.0
55057	90	0	5	0.2175	44.8	224.0	0.0
55058	31	0	5	0.07	23.0	115.0	0.3333333333333333
55059	161	0	5	0.395	111.0	555.0	0.3333333333333333
55060	26	0	5	0.0575	24.0	120.0	0.0
55061	386	0	5	0.9575	266.2	1331.0	0.6666666666666666
55062	144	0	5	0.3525	142.0	710.0	0.3333333333333333
55063	69	0	5	0.165	60.2	301.0	0.3333333333333333
55064	349	0	5	0.865	72.6	363.0	0.6666666666666666
55065	145	0	5	0.355	98.2	491.0	0.0
55066	78	0	5	0.1875	40.0	200.0	0.0
55067	304	1	4	0.7575	247.4	1237.0	1.0
55068	71	0	5	0.17	68.2	341.0	0.0
55069	244	0	5	0.6025	123.2	616.0	0.3333333333333333
55070	323	0	5	0.8	225.0	1125.0	0.3333333333333333
55071	357	0	5	0.885	199.2	996.0	0.6666666666666666
55072	306	0	5	0.7575	253.2	1266.0	0.6666666666666666
55073	298	0	5	0.7375	235.4	1177.0	0.0
55074	86	0	5	0.2075	84.0	420.0	0.0
55075	125	0	5	0.305	91.8	459.0	0.3333333333333333
55076	274	0	5	0.6775	199.0	995.0	0.3333333333333333
55077	253	0	5	0.625	179.8	899.0	0.3333333333333333
55078	112	1	4	0.2775	75.8	379.0	1.0
55079	102	0	5	0.2475	98.2	491.0	0.0
55080	134	0	5	0.3275	85.6	428.0	0.3333333333333333
55081	217	0	5	0.535	211.0	1055.0	0.3333333333333333
55082	44	0	5	0.1025	42.0	210.0	0.0
55083	46	0	5	0.1075	44.0	220.0	0.0
55084	73	0	5	0.175	39.0	195.0	0.0
55085	160	0	5	0.3925	142.2	711.0	0.3333333333333333
55086	264	0	5	0.6525	168.8	844.0	0.6666666666666666
55087	116	0	5	0.2825	114.0	570.0	0.0
55088	137	0	5	0.335	121.4	607.0	0.3333333333333333
55089	365	1	4	0.91	294.0	1470.0	1.0
55090	149	0	5	0.365	33.4	167.0	0.6666666666666666
55091	174	0	5	0.4275	155.2	776.0	0.3333333333333333
55092	272	0	5	0.6725	166.0	830.0	0.3333333333333333
55093	11	0	5	0.02	9.0	45.0	0.0
55094	389	0	5	0.965	285.4	1427.0	0.3333333333333333
55095	153	0	5	0.375	131.8	659.0	0.0
55096	134	0	5	0.3275	115.0	575.0	0.0
55097	295	0	5	0.73	86.4	432.0	0.6666666666666666
55098	280	0	5	0.6925	233.2	1166.0	0.6666666666666666
55099	351	0	5	0.87	141.8	709.0	0.6666666666666666
55100	259	0	5	0.64	185.0	925.0	0.3333333333333333
55101	77	0	5	0.185	75.0	375.0	0.0
55102	154	0	5	0.3775	75.2	376.0	0.3333333333333333
55103	133	0	5	0.325	51.0	255.0	0.3333333333333333
55104	133	0	5	0.325	86.2	431.0	0.0
55105	154	0	5	0.3775	52.8	264.0	0.3333333333333333
55106	134	0	5	0.3275	108.8	544.0	0.3333333333333333
55107	125	0	5	0.305	58.2	291.0	0.3333333333333333
55108	62	0	5	0.1475	31.8	159.0	0.3333333333333333
55109	113	0	5	0.275	87.8	439.0	0.3333333333333333
55110	311	0	5	0.77	188.4	942.0	0.0
55111	160	0	5	0.3925	83.0	415.0	0.3333333333333333
55112	247	0	5	0.61	66.6	333.0	0.3333333333333333
55113	317	0	5	0.785	227.6	1138.0	0.3333333333333333
55114	103	0	5	0.25	101.0	505.0	0.0
55115	51	0	5	0.12	49.0	245.0	0.0
55116	140	0	5	0.3425	72.0	360.0	0.0
55117	127	0	5	0.31	70.6	353.0	0.0
55118	396	0	5	0.9825	161.6	808.0	0.6666666666666666
55119	267	0	5	0.66	261.0	1305.0	0.3333333333333333
55120	306	0	5	0.7575	212.0	1060.0	0.6666666666666666
55121	99	0	5	0.24	71.0	355.0	0.0
55122	56	0	5	0.1325	44.0	220.0	0.3333333333333333
55123	384	0	5	0.9525	175.2	876.0	0.6666666666666666
55124	384	0	5	0.9525	293.6	1468.0	0.6666666666666666
55125	149	0	5	0.365	45.0	225.0	0.3333333333333333
55126	290	0	5	0.7175	208.0	1040.0	0.6666666666666666
55127	265	0	5	0.655	74.2	371.0	0.6666666666666666
55128	43	0	5	0.1	41.0	205.0	0.0
55129	50	0	5	0.1175	48.0	240.0	0.0
55130	153	0	5	0.375	151.0	755.0	0.0
55131	314	0	5	0.7775	92.8	464.0	0.6666666666666666
55132	134	0	5	0.3275	100.8	504.0	0.6666666666666666
55133	319	0	5	0.79	246.6	1233.0	0.6666666666666666
55134	161	0	5	0.395	159.0	795.0	0.3333333333333333
55135	377	0	5	0.935	112.4	562.0	0.6666666666666666
55136	219	0	5	0.54	189.8	949.0	0.6666666666666666
55137	332	0	5	0.8225	173.4	867.0	0.6666666666666666
55138	19	0	5	0.04	17.0	85.0	0.0
55139	378	0	5	0.9375	157.0	785.0	0.6666666666666666
55140	233	0	5	0.575	159.0	795.0	0.3333333333333333
55141	240	0	5	0.5925	119.8	599.0	0.6666666666666666
55142	139	0	5	0.34	125.6	628.0	0.3333333333333333
55143	144	0	5	0.3525	86.0	430.0	0.6666666666666666
55144	306	1	4	0.7625	167.2	836.0	1.0
55145	331	0	5	0.82	132.8	664.0	0.3333333333333333
55146	400	0	5	0.9925	218.2	1091.0	0.6666666666666666
55147	87	0	5	0.21	85.0	425.0	0.0
55148	77	0	5	0.185	61.4	307.0	0.3333333333333333
55149	51	0	5	0.12	34.0	170.0	0.3333333333333333
55150	82	0	5	0.1975	55.6	278.0	0.3333333333333333
55151	155	1	4	0.385	44.0	220.0	1.0
55152	103	0	5	0.25	71.4	357.0	0.3333333333333333
55153	119	0	5	0.29	117.0	585.0	0.0
55154	96	0	5	0.2325	94.0	470.0	0.0
55155	305	1	4	0.76	183.4	917.0	1.0
55156	277	0	5	0.685	126.6	633.0	0.3333333333333333
55157	137	0	5	0.335	91.0	455.0	0.3333333333333333
55158	378	0	5	0.9375	228.4	1142.0	0.6666666666666666
55159	183	0	5	0.45	148.4	742.0	0.3333333333333333
55160	21	0	5	0.045	19.0	95.0	0.0
55161	21	0	5	0.045	19.0	95.0	0.0
55162	291	0	5	0.72	248.6	1243.0	0.3333333333333333
55163	318	0	5	0.7875	216.8	1084.0	0.3333333333333333
55164	51	0	5	0.12	11.4	57.0	0.3333333333333333
55165	25	0	5	0.055	23.0	115.0	0.0
55166	316	0	5	0.7825	231.6	1158.0	0.6666666666666666
55167	185	0	5	0.455	96.6	483.0	0.6666666666666666
55168	323	1	4	0.805	212.2	1061.0	1.0
55169	148	0	5	0.3625	138.0	690.0	0.0
55170	401	0	4	0.9975	118.4	592.0	0.6666666666666666
55171	264	0	5	0.6525	120.4	602.0	0.6666666666666666
55172	129	0	5	0.315	127.0	635.0	0.0
55173	95	0	5	0.23	69.0	345.0	0.0
55174	245	0	5	0.605	229.8	1149.0	0.0
55175	170	0	5	0.4175	100.8	504.0	0.3333333333333333
55176	313	0	5	0.775	221.6	1108.0	0.3333333333333333
55177	163	0	5	0.4	161.0	805.0	0.0
55178	360	0	5	0.8925	225.0	1125.0	0.6666666666666666
55179	193	0	5	0.475	189.2	946.0	0.0
55180	205	1	4	0.51	161.0	805.0	1.0
55181	67	0	5	0.16	65.0	325.0	0.0
55182	190	0	5	0.4675	128.6	643.0	0.0
55183	48	0	5	0.1125	46.0	230.0	0.0
55184	25	0	5	0.055	15.8	79.0	0.0
55185	192	0	5	0.4725	136.0	680.0	0.3333333333333333
55186	193	0	5	0.475	109.8	549.0	0.3333333333333333
55187	295	0	5	0.73	105.8	529.0	0.3333333333333333
55188	279	0	5	0.69	182.8	914.0	0.6666666666666666
55189	308	0	5	0.7625	161.0	805.0	0.6666666666666666
55190	265	0	5	0.655	97.4	487.0	0.3333333333333333
55191	266	1	4	0.6625	146.0	730.0	1.0
55192	51	0	5	0.12	40.2	201.0	0.3333333333333333
55193	376	1	4	0.9375	190.0	950.0	1.0
55194	161	0	5	0.395	159.0	795.0	0.0
55195	267	0	5	0.66	213.8	1069.0	0.3333333333333333
55196	380	0	5	0.9425	152.0	760.0	0.6666666666666666
55197	157	0	5	0.385	68.6	343.0	0.3333333333333333
55198	268	0	5	0.6625	193.8	969.0	0.3333333333333333
55199	392	0	5	0.9725	236.0	1180.0	0.3333333333333333
55200	157	0	5	0.385	132.6	663.0	0.0
55201	371	0	5	0.92	203.8	1019.0	0.6666666666666666
55202	368	0	5	0.9125	182.0	910.0	0.3333333333333333
55203	387	0	5	0.96	197.2	986.0	0.6666666666666666
55204	28	0	5	0.0625	26.0	130.0	0.0
55205	219	0	5	0.54	157.0	785.0	0.3333333333333333
55206	190	0	5	0.4675	181.8	909.0	0.3333333333333333
55207	8	0	5	0.0125	6.0	30.0	0.0
55208	170	0	5	0.4175	139.6	698.0	0.3333333333333333
55209	239	0	5	0.59	119.0	595.0	0.3333333333333333
55210	348	0	5	0.8625	281.4	1407.0	0.6666666666666666
55211	185	0	5	0.455	173.4	867.0	0.3333333333333333
55212	19	0	5	0.04	9.0	45.0	0.3333333333333333
55213	79	0	5	0.19	24.6	123.0	0.3333333333333333
55214	249	0	5	0.615	219.0	1095.0	0.3333333333333333
55215	193	0	5	0.475	120.8	604.0	0.3333333333333333
55216	96	0	5	0.2325	94.0	470.0	0.0
55217	8	0	5	0.0125	6.0	30.0	0.0
55218	214	0	5	0.5275	133.0	665.0	0.6666666666666666
55219	310	0	5	0.7675	181.2	906.0	0.6666666666666666
55220	41	0	5	0.095	24.6	123.0	0.0
55221	299	0	5	0.74	165.4	827.0	0.3333333333333333
55222	215	0	5	0.53	133.2	666.0	0.6666666666666666
55223	151	0	5	0.37	119.8	599.0	0.6666666666666666
55224	253	0	5	0.625	63.0	315.0	0.6666666666666666
55225	251	0	5	0.62	173.4	867.0	0.3333333333333333
55226	248	1	4	0.6175	150.6	753.0	1.0
55227	317	0	5	0.785	214.6	1073.0	0.3333333333333333
55228	361	0	5	0.895	308.6	1543.0	0.6666666666666666
55229	242	1	4	0.6025	117.0	585.0	1.0
55230	385	1	4	0.96	304.0	1520.0	1.0
55231	155	0	5	0.38	94.8	474.0	0.3333333333333333
55232	396	0	5	0.9825	171.2	856.0	0.6666666666666666
55233	385	0	5	0.955	253.4	1267.0	0.6666666666666666
55234	246	0	5	0.6075	97.0	485.0	0.6666666666666666
55235	178	0	5	0.4375	120.2	601.0	0.0
55236	41	0	5	0.095	39.0	195.0	0.0
55237	355	1	4	0.885	154.4	772.0	1.0
55238	247	0	5	0.61	159.4	797.0	0.6666666666666666
55239	261	1	4	0.65	114.6	573.0	1.0
55240	69	0	5	0.165	23.8	119.0	0.3333333333333333
55241	330	0	5	0.8175	152.2	761.0	0.3333333333333333
55242	187	0	5	0.46	181.4	907.0	0.3333333333333333
55243	218	0	5	0.5375	59.2	296.0	0.3333333333333333
55244	324	1	4	0.8075	236.6	1183.0	1.0
55245	209	0	5	0.515	117.0	585.0	0.6666666666666666
55246	347	0	5	0.86	308.6	1543.0	0.3333333333333333
55247	119	0	5	0.29	85.2	426.0	0.3333333333333333
55248	310	0	5	0.7675	166.4	832.0	0.6666666666666666
55249	259	0	5	0.64	131.6	658.0	0.0
55250	283	0	5	0.7	194.6	973.0	0.6666666666666666
55251	258	0	5	0.6375	165.6	828.0	0.3333333333333333
55252	393	0	5	0.975	151.4	757.0	0.6666666666666666
55253	23	0	5	0.05	21.0	105.0	0.0
55254	176	0	5	0.4325	166.2	831.0	0.3333333333333333
55255	23	0	5	0.05	21.0	105.0	0.0
55256	192	1	4	0.4775	139.2	696.0	1.0
55257	162	0	5	0.3975	123.2	616.0	0.3333333333333333
55258	59	0	5	0.14	43.0	215.0	0.0
55259	12	0	5	0.0225	10.0	50.0	0.0
55260	152	0	5	0.3725	128.6	643.0	0.0
55261	124	0	5	0.3025	122.0	610.0	0.0
55262	312	0	5	0.7725	235.8	1179.0	0.3333333333333333
55263	193	0	5	0.475	168.8	844.0	0.3333333333333333
55264	387	0	5	0.96	210.0	1050.0	0.3333333333333333
55265	98	0	5	0.2375	59.6	298.0	0.3333333333333333
55266	29	0	5	0.065	27.0	135.0	0.0
55267	248	0	5	0.6125	144.8	724.0	0.3333333333333333
55268	348	0	5	0.8625	258.0	1290.0	0.6666666666666666
55269	322	0	5	0.7975	226.4	1132.0	0.3333333333333333
55270	366	0	5	0.9075	272.0	1360.0	0.6666666666666666
55271	126	0	5	0.3075	121.6	608.0	0.3333333333333333
55272	218	0	5	0.5375	130.2	651.0	0.6666666666666666
55273	44	0	5	0.1025	30.0	150.0	0.3333333333333333
55274	252	0	5	0.6225	202.4	1012.0	0.0
55275	369	1	4	0.92	234.2	1171.0	1.0
55276	248	0	5	0.6125	136.0	680.0	0.6666666666666666
55277	305	0	5	0.755	260.6	1303.0	0.0
55278	265	0	5	0.655	228.8	1144.0	0.3333333333333333
55279	39	0	5	0.09	37.0	185.0	0.0
55280	184	0	5	0.4525	100.8	504.0	0.3333333333333333
55281	266	0	5	0.6575	264.0	1320.0	0.0
55282	95	0	5	0.23	59.0	295.0	0.0
55283	250	0	5	0.6175	158.8	794.0	0.3333333333333333
55284	126	0	5	0.3075	59.2	296.0	0.6666666666666666
55285	387	0	5	0.96	77.0	385.0	0.3333333333333333
55286	46	0	5	0.1075	44.0	220.0	0.0
55287	86	0	5	0.2075	84.0	420.0	0.0
55288	78	0	5	0.1875	49.4	247.0	0.3333333333333333
55289	340	0	5	0.8425	153.6	768.0	0.6666666666666666
55290	389	0	5	0.965	191.6	958.0	0.6666666666666666
55291	146	0	5	0.3575	114.8	574.0	0.3333333333333333
55292	114	0	5	0.2775	77.8	389.0	0.3333333333333333
55293	95	0	5	0.23	33.0	165.0	0.6666666666666666
55294	322	0	5	0.7975	146.6	733.0	0.6666666666666666
55295	62	0	5	0.1475	60.0	300.0	0.0
55296	125	0	5	0.305	112.6	563.0	0.0
55297	162	0	5	0.3975	140.0	700.0	0.3333333333333333
55298	257	0	5	0.635	167.8	839.0	0.0
55299	290	0	5	0.7175	225.4	1127.0	0.3333333333333333
55300	255	0	5	0.63	219.2	1096.0	0.6666666666666666
55301	58	0	5	0.1375	50.0	250.0	0.3333333333333333
55302	253	0	5	0.625	195.4	977.0	0.0
55303	72	0	5	0.1725	64.0	320.0	0.3333333333333333
55304	129	0	5	0.315	76.0	380.0	0.3333333333333333
55305	399	0	5	0.99	162.6	813.0	0.6666666666666666
55306	102	0	5	0.2475	84.4	422.0	0.3333333333333333
55307	296	0	5	0.7325	140.8	704.0	0.6666666666666666
55308	233	0	5	0.575	119.6	598.0	0.6666666666666666
55309	89	0	5	0.215	84.6	423.0	0.3333333333333333
55310	324	0	5	0.8025	130.6	653.0	0.6666666666666666
55311	313	0	5	0.775	237.2	1186.0	0.3333333333333333
55312	98	0	5	0.2375	96.0	480.0	0.0
55313	247	0	5	0.61	208.0	1040.0	0.3333333333333333
55314	84	0	5	0.2025	70.6	353.0	0.3333333333333333
55315	43	0	5	0.1	41.0	205.0	0.0
55316	81	0	5	0.195	40.6	203.0	0.6666666666666666
55317	60	0	5	0.1425	56.8	284.0	0.3333333333333333
55318	16	0	5	0.0325	14.0	70.0	0.0
55319	139	0	5	0.34	108.2	541.0	0.3333333333333333
55320	300	0	5	0.7425	298.0	1490.0	0.6666666666666666
55321	86	0	5	0.2075	84.0	420.0	0.0
55322	18	0	5	0.0375	16.0	80.0	0.0
55323	198	0	5	0.4875	184.6	923.0	0.3333333333333333
55324	242	1	4	0.6025	180.6	903.0	1.0
55325	309	0	5	0.765	122.4	612.0	0.6666666666666666
55326	40	0	5	0.0925	34.4	172.0	0.0
55327	24	0	5	0.0525	22.0	110.0	0.0
55328	145	0	5	0.355	143.0	715.0	0.0
55329	19	0	5	0.04	12.8	64.0	0.3333333333333333
55330	86	0	5	0.2075	74.8	374.0	0.3333333333333333
55331	63	0	5	0.15	44.2	221.0	0.0
55332	77	0	5	0.185	75.0	375.0	0.0
55333	191	0	5	0.47	154.8	774.0	0.3333333333333333
55334	284	0	5	0.7025	80.4	402.0	0.6666666666666666
55335	5	0	5	0.005	3.0	15.0	0.0
55336	8	0	5	0.0125	6.0	30.0	0.0
55337	235	0	5	0.58	151.0	755.0	0.3333333333333333
55338	33	0	5	0.075	24.6	123.0	0.0
55339	387	0	5	0.96	150.8	754.0	0.6666666666666666
55340	364	0	5	0.9025	232.0	1160.0	0.6666666666666666
55341	158	0	5	0.3875	106.8	534.0	0.0
55342	352	0	5	0.8725	142.4	712.0	0.3333333333333333
55343	223	0	5	0.55	153.2	766.0	0.3333333333333333
55344	59	0	5	0.14	57.0	285.0	0.0
55345	259	0	5	0.64	111.6	558.0	0.3333333333333333
55346	342	0	5	0.8475	200.8	1004.0	0.3333333333333333
55347	303	0	5	0.75	82.4	412.0	0.3333333333333333
55348	228	0	5	0.5625	198.8	994.0	0.6666666666666666
55349	223	0	5	0.55	130.4	652.0	0.0
55350	60	0	5	0.1425	58.0	290.0	0.0
55351	51	0	5	0.12	49.0	245.0	0.0
55352	213	0	5	0.525	61.4	307.0	0.3333333333333333
55353	115	0	5	0.28	96.8	484.0	0.0
55354	360	1	4	0.8975	193.2	966.0	1.0
55355	232	0	5	0.5725	131.6	658.0	0.3333333333333333
55356	250	0	5	0.6175	134.8	674.0	0.3333333333333333
55357	140	0	5	0.3425	103.4	517.0	0.3333333333333333
55358	285	0	5	0.705	235.2	1176.0	0.3333333333333333
55359	229	0	5	0.565	162.2	811.0	0.3333333333333333
55360	355	0	5	0.88	158.8	794.0	0.3333333333333333
55361	313	0	5	0.775	171.0	855.0	0.3333333333333333
55362	183	0	5	0.45	179.6	898.0	0.0
55363	136	0	5	0.3325	74.8	374.0	0.3333333333333333
55364	148	0	5	0.3625	143.6	718.0	0.3333333333333333
55365	164	0	5	0.4025	112.4	562.0	0.3333333333333333
55366	322	0	5	0.7975	227.6	1138.0	0.3333333333333333
55367	136	0	5	0.3325	67.8	339.0	0.3333333333333333
55368	140	0	5	0.3425	42.8	214.0	0.6666666666666666
55369	331	0	5	0.82	174.2	871.0	0.3333333333333333
55370	179	0	5	0.44	159.0	795.0	0.0
55371	251	0	5	0.62	233.4	1167.0	0.0
55372	197	0	5	0.485	126.4	632.0	0.0
55373	34	0	5	0.0775	32.0	160.0	0.0
55374	247	0	5	0.61	110.6	553.0	0.6666666666666666
55375	33	0	5	0.075	31.0	155.0	0.0
55376	218	0	5	0.5375	88.8	444.0	0.3333333333333333
55377	278	0	5	0.6875	262.6	1313.0	0.3333333333333333
55378	166	1	4	0.4125	45.4	227.0	1.0
55379	141	0	5	0.345	115.0	575.0	0.3333333333333333
55380	234	0	5	0.5775	75.0	375.0	0.3333333333333333
55381	339	0	5	0.84	180.8	904.0	0.6666666666666666
55382	176	0	5	0.4325	112.2	561.0	0.0
55383	278	0	5	0.6875	151.2	756.0	0.6666666666666666
55384	183	0	5	0.45	97.0	485.0	0.3333333333333333
55385	56	0	5	0.1325	54.0	270.0	0.0
55386	264	0	5	0.6525	182.4	912.0	0.6666666666666666
55387	57	0	5	0.135	32.6	163.0	0.3333333333333333
55388	284	0	5	0.7025	131.0	655.0	0.6666666666666666
55389	186	0	5	0.4575	154.0	770.0	0.0
55390	89	0	5	0.215	38.2	191.0	0.6666666666666666
55391	14	0	5	0.0275	12.0	60.0	0.0
55392	186	0	5	0.4575	106.4	532.0	0.3333333333333333
55393	175	0	5	0.43	101.4	507.0	0.3333333333333333
55394	112	0	5	0.2725	62.4	312.0	0.3333333333333333
55395	387	0	5	0.96	183.0	915.0	0.6666666666666666
55396	232	0	5	0.5725	81.0	405.0	0.6666666666666666
55397	367	1	4	0.915	200.6	1003.0	1.0
55398	234	0	5	0.5775	159.0	795.0	0.3333333333333333
55399	72	0	5	0.1725	59.6	298.0	0.3333333333333333
55400	30	0	5	0.0675	28.0	140.0	0.0
55401	209	0	5	0.515	72.6	363.0	0.6666666666666666
55402	16	0	5	0.0325	14.0	70.0	0.0
55403	329	0	5	0.815	87.8	439.0	0.3333333333333333
55404	261	0	5	0.645	128.6	643.0	0.6666666666666666
55405	312	0	5	0.7725	164.2	821.0	0.0
55406	390	0	5	0.9675	150.0	750.0	0.6666666666666666
55407	349	0	5	0.865	151.8	759.0	0.6666666666666666
55408	234	1	4	0.5825	124.0	620.0	1.0
55409	398	0	5	0.9875	267.8	1339.0	0.6666666666666666
55410	241	0	5	0.595	77.6	388.0	0.6666666666666666
55411	326	0	5	0.8075	177.2	886.0	0.6666666666666666
55412	390	0	5	0.9675	258.8	1294.0	0.6666666666666666
55413	75	0	5	0.18	44.6	223.0	0.0
55414	128	0	5	0.3125	92.4	462.0	0.3333333333333333
55415	269	0	5	0.665	110.6	553.0	0.6666666666666666
55416	279	0	5	0.69	133.0	665.0	0.3333333333333333
55417	216	0	5	0.5325	196.4	982.0	0.3333333333333333
55418	220	0	5	0.5425	145.2	726.0	0.3333333333333333
55419	228	1	4	0.5675	176.8	884.0	1.0
55420	54	0	5	0.1275	52.0	260.0	0.0
55421	216	0	5	0.5325	214.0	1070.0	0.0
55422	204	0	5	0.5025	113.8	569.0	0.3333333333333333
55423	317	0	5	0.785	179.0	895.0	0.6666666666666666
55424	51	0	5	0.12	25.0	125.0	0.3333333333333333
55425	39	0	5	0.09	35.2	176.0	0.0
55426	349	0	5	0.865	291.4	1457.0	0.3333333333333333
55427	145	0	5	0.355	89.2	446.0	0.3333333333333333
55428	50	0	5	0.1175	48.0	240.0	0.0
55429	11	0	5	0.02	9.0	45.0	0.0
55430	204	0	5	0.5025	186.4	932.0	0.3333333333333333
55431	369	0	5	0.915	197.4	987.0	0.6666666666666666
55432	330	0	5	0.8175	166.0	830.0	0.6666666666666666
55433	125	0	5	0.305	84.8	424.0	0.6666666666666666
55434	287	0	5	0.71	214.0	1070.0	0.6666666666666666
55435	227	0	5	0.56	124.8	624.0	0.6666666666666666
55436	221	1	4	0.55	154.8	774.0	1.0
55437	380	0	5	0.9425	291.0	1455.0	0.6666666666666666
55438	291	0	5	0.72	139.4	697.0	0.6666666666666666
55439	266	0	5	0.6575	193.2	966.0	0.0
55440	384	0	5	0.9525	121.6	608.0	0.6666666666666666
55441	208	0	5	0.5125	190.0	950.0	0.3333333333333333
55442	202	0	5	0.4975	158.0	790.0	0.3333333333333333
55443	128	0	5	0.3125	126.0	630.0	0.0
55444	332	0	5	0.8225	251.2	1256.0	0.6666666666666666
55445	399	1	4	0.995	120.2	601.0	1.0
55446	171	0	5	0.42	160.2	801.0	0.3333333333333333
55447	227	0	5	0.56	123.2	616.0	0.3333333333333333
55448	175	0	5	0.43	149.0	745.0	0.0
55449	210	0	5	0.5175	200.2	1001.0	0.3333333333333333
55450	291	0	5	0.72	113.0	565.0	0.6666666666666666
55451	312	0	5	0.7725	102.6	513.0	0.6666666666666666
55452	263	0	5	0.65	88.0	440.0	0.6666666666666666
55453	346	0	5	0.8575	191.2	956.0	0.6666666666666666
55454	220	1	3	0.5475	135.4	677.0	1.0
55455	123	0	5	0.3	121.0	605.0	0.0
55456	142	0	5	0.3475	46.4	232.0	0.3333333333333333
55457	34	0	5	0.0775	24.8	124.0	0.3333333333333333
55458	250	0	5	0.6175	146.2	731.0	0.6666666666666666
55459	137	0	5	0.335	76.2	381.0	0.0
55460	275	0	5	0.68	220.4	1102.0	0.3333333333333333
55461	144	0	5	0.3525	108.4	542.0	0.0
55462	293	0	5	0.725	160.2	801.0	0.3333333333333333
55463	115	0	5	0.28	87.2	436.0	0.3333333333333333
55464	74	0	5	0.1775	72.0	360.0	0.0
55465	212	0	5	0.5225	136.2	681.0	0.3333333333333333
55466	65	0	5	0.155	38.6	193.0	0.0
55467	236	0	5	0.5825	198.0	990.0	0.3333333333333333
55468	38	0	5	0.0875	25.2	126.0	0.0
55469	386	1	4	0.9625	102.8	514.0	1.0
55470	77	0	5	0.185	46.2	231.0	0.6666666666666666
55471	254	0	5	0.6275	166.0	830.0	0.3333333333333333
55472	220	0	5	0.5425	178.6	893.0	0.3333333333333333
55473	276	0	5	0.6825	175.6	878.0	0.3333333333333333
55474	149	0	5	0.365	88.2	441.0	0.3333333333333333
55475	190	0	5	0.4675	119.6	598.0	0.0
55476	196	0	5	0.4825	61.0	305.0	0.3333333333333333
55477	311	0	5	0.77	219.4	1097.0	0.3333333333333333
55478	401	0	5	0.995	142.4	712.0	0.6666666666666666
55479	154	0	5	0.3775	104.6	523.0	0.6666666666666666
55480	181	0	5	0.445	85.0	425.0	0.3333333333333333
55481	119	0	5	0.29	117.0	585.0	0.0
55482	238	0	5	0.5875	203.2	1016.0	0.3333333333333333
55483	268	0	5	0.6625	138.2	691.0	0.0
55484	215	0	5	0.53	170.2	851.0	0.6666666666666666
55485	176	0	5	0.4325	157.0	785.0	0.3333333333333333
55486	354	0	5	0.8775	217.2	1086.0	0.6666666666666666
55487	48	0	5	0.1125	46.0	230.0	0.0
55488	179	0	5	0.44	114.2	571.0	0.0
55489	305	0	5	0.755	158.4	792.0	0.6666666666666666
55490	195	0	5	0.48	102.4	512.0	0.0
55491	398	1	4	0.9925	195.8	979.0	1.0
55492	388	0	5	0.9625	199.6	998.0	0.6666666666666666
55493	25	0	5	0.055	23.0	115.0	0.0
55494	298	0	5	0.7375	158.6	793.0	0.3333333333333333
55495	39	0	5	0.09	37.0	185.0	0.0
55496	144	0	5	0.3525	77.2	386.0	0.3333333333333333
55497	319	0	5	0.79	169.8	849.0	0.6666666666666666
55498	309	0	5	0.765	140.2	701.0	0.6666666666666666
55499	222	0	5	0.5475	61.8	309.0	0.3333333333333333
55500	111	0	5	0.27	47.8	239.0	0.3333333333333333
55501	174	0	5	0.4275	92.8	464.0	0.3333333333333333
55502	253	0	5	0.625	115.4	577.0	0.3333333333333333
55503	33	0	5	0.075	31.0	155.0	0.0
55504	162	0	5	0.3975	109.6	548.0	0.3333333333333333
55505	101	0	5	0.245	89.4	447.0	0.3333333333333333
55506	157	0	5	0.385	155.0	775.0	0.0
55507	132	0	5	0.3225	41.6	208.0	0.6666666666666666
55508	347	0	5	0.86	138.8	694.0	0.6666666666666666
55509	48	0	5	0.1125	20.4	102.0	0.0
55510	225	0	5	0.555	188.2	941.0	0.0
55511	200	0	5	0.4925	94.2	471.0	0.6666666666666666
55512	345	0	5	0.855	197.0	985.0	0.6666666666666666
55513	234	0	5	0.5775	101.2	506.0	0.3333333333333333
55514	354	0	5	0.8775	91.2	456.0	0.6666666666666666
55515	79	0	5	0.19	77.0	385.0	0.0
55516	272	0	5	0.6725	76.4	382.0	0.6666666666666666
55517	327	0	5	0.81	135.2	676.0	0.3333333333333333
55518	162	0	5	0.3975	152.8	764.0	0.3333333333333333
55519	168	0	5	0.4125	123.2	616.0	0.0
55520	249	0	5	0.615	124.8	624.0	0.3333333333333333
55521	245	0	5	0.605	220.2	1101.0	0.6666666666666666
55522	328	0	5	0.8125	170.4	852.0	0.6666666666666666
55523	37	0	5	0.085	27.2	136.0	0.3333333333333333
55524	68	1	4	0.1675	16.4	82.0	1.0
55525	49	0	5	0.115	47.0	235.0	0.0
55526	386	0	5	0.9575	296.4	1482.0	0.6666666666666666
55527	158	0	5	0.3875	108.8	544.0	0.3333333333333333
55528	196	0	5	0.4825	159.2	796.0	0.3333333333333333
55529	331	0	5	0.82	145.4	727.0	0.6666666666666666
55530	240	0	5	0.5925	231.6	1158.0	0.3333333333333333
55531	120	0	5	0.2925	106.4	532.0	0.3333333333333333
55532	183	0	5	0.45	181.0	905.0	0.0
55533	230	0	5	0.5675	159.6	798.0	0.0
55534	224	0	5	0.5525	154.6	773.0	0.6666666666666666
55535	203	0	5	0.5	159.8	799.0	0.0
55536	133	0	5	0.325	131.0	655.0	0.0
55537	235	0	5	0.58	156.2	781.0	0.3333333333333333
55538	387	0	5	0.96	181.6	908.0	0.6666666666666666
55539	323	0	5	0.8	244.0	1220.0	0.3333333333333333
55540	154	0	5	0.3775	152.0	760.0	0.0
55541	221	0	5	0.545	90.2	451.0	0.3333333333333333
55542	344	0	5	0.8525	246.6	1233.0	0.6666666666666666
55543	216	0	5	0.5325	198.4	992.0	0.6666666666666666
55544	296	0	5	0.7325	111.6	558.0	0.3333333333333333
55545	67	0	5	0.16	21.8	109.0	0.3333333333333333
55546	107	0	5	0.26	92.6	463.0	0.0
55547	199	0	5	0.49	89.8	449.0	0.3333333333333333
55548	192	0	5	0.4725	113.2	566.0	0.3333333333333333
55549	255	0	5	0.63	160.0	800.0	0.3333333333333333
55550	296	0	5	0.7325	181.2	906.0	0.0
55551	284	0	5	0.7025	262.8	1314.0	0.0
55552	122	0	5	0.2975	80.4	402.0	0.3333333333333333
55553	168	1	4	0.4175	87.2	436.0	1.0
55554	285	0	5	0.705	207.0	1035.0	0.0
55555	102	0	5	0.2475	100.0	500.0	0.0
55556	12	0	5	0.0225	10.0	50.0	0.0
55557	376	0	5	0.9325	248.6	1243.0	0.3333333333333333
55558	124	0	5	0.3025	62.0	310.0	0.3333333333333333
55559	59	0	5	0.14	57.0	285.0	0.0
55560	371	1	4	0.925	216.6	1083.0	1.0
55561	146	0	5	0.3575	81.0	405.0	0.0
55562	178	0	5	0.4375	96.4	482.0	0.3333333333333333
55563	204	0	5	0.5025	136.8	684.0	0.3333333333333333
55564	170	0	5	0.4175	130.6	653.0	0.3333333333333333
55565	284	0	5	0.7025	222.8	1114.0	0.3333333333333333
55566	227	0	5	0.56	121.4	607.0	0.3333333333333333
55567	326	0	5	0.8075	220.0	1100.0	0.6666666666666666
55568	55	0	5	0.13	53.0	265.0	0.0
55569	164	0	5	0.4025	79.2	396.0	0.6666666666666666
55570	375	0	5	0.93	291.4	1457.0	0.6666666666666666
55571	251	0	5	0.62	109.8	549.0	0.3333333333333333
55572	136	0	5	0.3325	38.0	190.0	0.3333333333333333
55573	73	0	5	0.175	69.2	346.0	0.0
55574	178	0	5	0.4375	171.2	856.0	0.3333333333333333
55575	242	0	5	0.5975	88.0	440.0	0.3333333333333333
55576	132	0	5	0.3225	112.6	563.0	0.0
55577	353	0	5	0.875	260.8	1304.0	0.6666666666666666
55578	177	0	5	0.435	78.2	391.0	0.3333333333333333
55579	161	0	5	0.395	119.8	599.0	0.3333333333333333
55580	264	1	4	0.6575	163.0	815.0	1.0
55581	95	0	5	0.23	93.0	465.0	0.0
55582	256	0	5	0.6325	101.0	505.0	0.6666666666666666
55583	2	0	5	0.0	0.0	0.0	0.0
55584	314	0	5	0.7775	236.8	1184.0	0.3333333333333333
55585	242	0	5	0.5975	140.6	703.0	0.3333333333333333
55586	205	0	5	0.505	146.2	731.0	0.3333333333333333
55587	127	1	4	0.315	81.6	408.0	1.0
55588	295	1	4	0.735	61.4	307.0	1.0
55589	218	0	5	0.5375	165.4	827.0	0.0
55590	215	0	5	0.53	157.4	787.0	0.3333333333333333
55591	183	0	5	0.45	100.8	504.0	0.3333333333333333
55592	363	0	5	0.9	250.6	1253.0	0.3333333333333333
55593	48	0	5	0.1125	29.2	146.0	0.3333333333333333
55594	228	0	5	0.5625	117.2	586.0	0.3333333333333333
55595	177	0	5	0.435	45.4	227.0	0.3333333333333333
55596	36	0	5	0.0825	30.8	154.0	0.3333333333333333
55597	275	0	5	0.68	113.4	567.0	0.6666666666666666
55598	173	0	5	0.425	128.6	643.0	0.6666666666666666
55599	131	0	5	0.32	107.4	537.0	0.3333333333333333
55600	156	0	5	0.3825	153.6	768.0	0.6666666666666666
55601	24	0	5	0.0525	20.8	104.0	0.3333333333333333
55602	132	0	5	0.3225	104.8	524.0	0.0
55603	362	1	4	0.9025	134.2	671.0	1.0
55604	335	1	4	0.835	145.0	725.0	1.0
55605	381	1	4	0.95	221.0	1105.0	1.0
55606	265	0	5	0.655	97.4	487.0	0.0
55607	94	0	5	0.2275	32.6	163.0	0.6666666666666666
55608	119	0	5	0.29	115.4	577.0	0.0
55609	164	0	5	0.4025	50.8	254.0	0.3333333333333333
55610	17	0	5	0.035	10.2	51.0	0.3333333333333333
55611	177	0	5	0.435	80.2	401.0	0.6666666666666666
55612	192	0	5	0.4725	116.0	580.0	0.0
55613	313	0	5	0.775	215.0	1075.0	0.6666666666666666
55614	182	0	5	0.4475	180.0	900.0	0.0
55615	179	0	5	0.44	46.8	234.0	0.6666666666666666
55616	233	1	4	0.58	143.6	718.0	1.0
55617	196	0	5	0.4825	116.4	582.0	0.6666666666666666
55618	19	0	5	0.04	16.6	83.0	0.0
55619	181	0	5	0.445	176.6	883.0	0.3333333333333333
55620	102	0	5	0.2475	100.0	500.0	0.0
55621	320	0	5	0.7925	249.8	1249.0	0.3333333333333333
55622	197	0	5	0.485	102.2	511.0	0.3333333333333333
55623	142	0	5	0.3475	109.2	546.0	0.0
55624	305	0	5	0.755	233.8	1169.0	0.3333333333333333
55625	88	0	5	0.2125	48.4	242.0	0.6666666666666666
55626	351	0	5	0.87	150.8	754.0	0.6666666666666666
55627	156	1	4	0.3875	47.0	235.0	1.0
55628	28	0	5	0.0625	26.0	130.0	0.0
55629	150	0	5	0.3675	134.0	670.0	0.3333333333333333
55630	240	0	5	0.5925	202.4	1012.0	0.3333333333333333
55631	298	0	5	0.7375	258.0	1290.0	0.3333333333333333
55632	61	0	5	0.145	59.0	295.0	0.0
55633	135	0	5	0.33	133.0	665.0	0.0
55634	63	0	5	0.15	61.0	305.0	0.0
55635	165	0	5	0.405	108.4	542.0	0.6666666666666666
55636	299	0	5	0.74	192.2	961.0	0.6666666666666666
55637	383	1	4	0.955	81.4	407.0	1.0
55638	101	0	5	0.245	95.4	477.0	0.0
55639	209	0	5	0.515	54.2	271.0	0.3333333333333333
55640	159	0	5	0.39	125.2	626.0	0.3333333333333333
55641	81	0	5	0.195	79.0	395.0	0.0
55642	234	0	5	0.5775	141.0	705.0	0.6666666666666666
55643	396	1	4	0.9875	198.0	990.0	1.0
55644	169	0	5	0.415	127.2	636.0	0.3333333333333333
55645	310	0	5	0.7675	208.8	1044.0	0.6666666666666666
55646	33	0	5	0.075	31.0	155.0	0.0
55647	213	0	5	0.525	83.8	419.0	0.3333333333333333
55648	321	0	5	0.795	144.2	721.0	0.6666666666666666
55649	134	0	5	0.3275	68.0	340.0	0.3333333333333333
55650	26	0	5	0.0575	24.0	120.0	0.0
55651	28	0	5	0.0625	26.0	130.0	0.0
55652	231	0	5	0.57	204.2	1021.0	0.3333333333333333
55653	144	0	5	0.3525	110.4	552.0	0.3333333333333333
55654	74	0	5	0.1775	29.0	145.0	0.0
55655	360	0	5	0.8925	117.8	589.0	0.6666666666666666
55656	270	0	5	0.6675	84.4	422.0	0.6666666666666666
55657	101	0	5	0.245	78.2	391.0	0.3333333333333333
55658	283	0	5	0.7	230.2	1151.0	0.0
55659	366	0	5	0.9075	205.0	1025.0	0.6666666666666666
55660	292	1	4	0.7275	170.8	854.0	1.0
55661	128	0	5	0.3125	97.6	488.0	0.3333333333333333
55662	334	0	5	0.8275	201.0	1005.0	0.6666666666666666
55663	115	0	5	0.28	113.0	565.0	0.0
55664	65	0	5	0.155	43.8	219.0	0.3333333333333333
55665	90	0	5	0.2175	20.8	104.0	0.6666666666666666
55666	247	0	5	0.61	98.0	490.0	0.3333333333333333
55667	305	0	5	0.755	153.0	765.0	0.3333333333333333
55668	143	0	5	0.35	118.6	593.0	0.0
55669	325	0	5	0.805	149.6	748.0	0.6666666666666666
55670	210	0	5	0.5175	173.2	866.0	0.3333333333333333
55671	119	1	4	0.295	40.6	203.0	1.0
55672	39	0	5	0.09	37.0	185.0	0.0
55673	213	0	5	0.525	61.8	309.0	0.0
55674	218	0	5	0.5375	197.8	989.0	0.6666666666666666
55675	218	0	5	0.5375	60.0	300.0	0.6666666666666666
55676	215	0	5	0.53	165.2	826.0	0.6666666666666666
55677	248	0	5	0.6125	151.4	757.0	0.3333333333333333
55678	137	0	5	0.335	135.0	675.0	0.0
55679	210	0	5	0.5175	92.0	460.0	0.3333333333333333
55680	265	0	5	0.655	137.0	685.0	0.3333333333333333
55681	299	1	4	0.745	87.0	435.0	1.0
55682	17	0	5	0.035	15.0	75.0	0.0
55683	127	0	5	0.31	124.6	623.0	0.0
55684	156	0	5	0.3825	139.2	696.0	0.0
55685	345	0	5	0.855	214.6	1073.0	0.6666666666666666
55686	42	0	5	0.0975	38.0	190.0	0.0
55687	113	0	5	0.275	71.0	355.0	0.3333333333333333
55688	122	0	5	0.2975	80.0	400.0	0.6666666666666666
55689	259	1	4	0.645	160.4	802.0	1.0
55690	112	0	5	0.2725	74.4	372.0	0.3333333333333333
55691	236	0	5	0.5825	146.8	734.0	0.3333333333333333
55692	280	0	5	0.6925	142.2	711.0	0.6666666666666666
55693	74	0	5	0.1775	72.0	360.0	0.0
55694	140	0	5	0.3425	86.2	431.0	0.0
55695	7	0	5	0.01	5.0	25.0	0.0
55696	312	0	5	0.7725	261.2	1306.0	0.3333333333333333
55697	157	0	5	0.385	90.2	451.0	0.3333333333333333
55698	377	0	5	0.935	302.6	1513.0	0.6666666666666666
55699	77	0	5	0.185	58.2	291.0	0.0
55700	219	0	5	0.54	164.2	821.0	0.3333333333333333
55701	217	0	5	0.535	98.6	493.0	0.3333333333333333
55702	293	0	5	0.725	239.4	1197.0	0.3333333333333333
55703	342	0	5	0.8475	281.2	1406.0	0.3333333333333333
55704	162	0	5	0.3975	74.8	374.0	0.6666666666666666
55705	370	0	5	0.9175	244.0	1220.0	0.6666666666666666
55706	16	0	5	0.0325	14.0	70.0	0.0
55707	173	0	5	0.425	151.2	756.0	0.3333333333333333
55708	148	0	5	0.3625	94.0	470.0	0.3333333333333333
55709	390	1	4	0.9725	247.8	1239.0	1.0
55710	223	0	5	0.55	126.2	631.0	0.6666666666666666
55711	334	0	5	0.8275	238.0	1190.0	0.6666666666666666
55712	242	0	5	0.5975	108.0	540.0	0.6666666666666666
55713	332	0	5	0.8225	232.6	1163.0	0.6666666666666666
55714	198	0	5	0.4875	169.6	848.0	0.0
55715	232	0	5	0.5725	153.6	768.0	0.3333333333333333
55716	51	0	5	0.12	49.0	245.0	0.0
55717	311	0	5	0.77	76.2	381.0	0.6666666666666666
55718	106	0	5	0.2575	58.4	292.0	0.3333333333333333
55719	364	0	5	0.9025	220.4	1102.0	0.3333333333333333
55720	356	0	5	0.8825	89.2	446.0	0.6666666666666666
55721	308	0	5	0.7625	197.4	987.0	0.6666666666666666
55722	307	0	5	0.76	281.0	1405.0	0.0
55723	68	0	5	0.1625	58.8	294.0	0.0
55724	126	0	5	0.3075	104.4	522.0	0.3333333333333333
55725	243	0	5	0.6	208.2	1041.0	0.3333333333333333
55726	21	0	5	0.045	19.0	95.0	0.0
55727	88	0	5	0.2125	52.0	260.0	0.6666666666666666
55728	130	0	5	0.3175	128.0	640.0	0.0
55729	161	1	4	0.4	97.0	485.0	1.0
55730	168	0	5	0.4125	108.8	544.0	0.0
55731	14	0	5	0.0275	12.0	60.0	0.0
55732	43	0	5	0.1	41.0	205.0	0.0
55733	265	0	5	0.655	95.6	478.0	0.3333333333333333
55734	81	0	5	0.195	59.8	299.0	0.3333333333333333
55735	300	0	5	0.7425	165.4	827.0	0.6666666666666666
55736	212	0	5	0.5225	42.2	211.0	0.3333333333333333
55737	392	1	4	0.9775	180.8	904.0	1.0
55738	345	0	5	0.855	158.6	793.0	0.6666666666666666
55739	48	0	5	0.1125	30.4	152.0	0.3333333333333333
55740	275	0	5	0.68	216.2	1081.0	0.0
55741	319	0	5	0.79	227.0	1135.0	0.6666666666666666
55742	133	0	5	0.325	88.6	443.0	0.3333333333333333
55743	53	0	5	0.125	33.8	169.0	0.3333333333333333
55744	382	0	5	0.9475	235.8	1179.0	0.6666666666666666
55745	296	0	5	0.7325	106.8	534.0	0.3333333333333333
55746	246	0	5	0.6075	238.4	1192.0	0.3333333333333333
55747	95	0	5	0.23	65.8	329.0	0.3333333333333333
55748	226	0	5	0.5575	200.0	1000.0	0.3333333333333333
55749	388	0	5	0.9625	333.8	1669.0	0.6666666666666666
55750	244	0	5	0.6025	183.2	916.0	0.3333333333333333
55751	292	0	5	0.7225	163.2	816.0	0.6666666666666666
55752	357	0	5	0.885	114.2	571.0	0.6666666666666666
55753	376	0	5	0.9325	199.4	997.0	0.6666666666666666
55754	41	0	5	0.095	25.0	125.0	0.3333333333333333
55755	297	0	5	0.735	134.2	671.0	0.3333333333333333
55756	121	0	5	0.295	103.4	517.0	0.3333333333333333
55757	257	0	5	0.635	130.8	654.0	0.3333333333333333
55758	276	0	5	0.6825	188.4	942.0	0.6666666666666666
55759	360	0	5	0.8925	282.0	1410.0	0.6666666666666666
55760	40	0	5	0.0925	38.0	190.0	0.0
55761	297	0	5	0.735	228.2	1141.0	0.0
55762	306	0	5	0.7575	109.6	548.0	0.6666666666666666
55763	5	0	5	0.005	3.0	15.0	0.0
55764	68	0	5	0.1625	66.0	330.0	0.3333333333333333
55765	262	0	5	0.6475	119.8	599.0	0.6666666666666666
55766	230	0	5	0.5675	146.8	734.0	0.3333333333333333
55767	235	0	5	0.58	82.6	413.0	0.6666666666666666
55768	192	0	5	0.4725	162.4	812.0	0.0
55769	337	0	5	0.835	215.6	1078.0	0.3333333333333333
55770	184	0	5	0.4525	96.0	480.0	0.3333333333333333
55771	204	0	5	0.5025	46.2	231.0	0.6666666666666666
55772	260	0	5	0.6425	191.4	957.0	0.3333333333333333
55773	234	0	5	0.5775	93.8	469.0	0.6666666666666666
55774	328	0	5	0.8125	238.4	1192.0	0.3333333333333333
55775	348	0	5	0.8625	164.2	821.0	0.6666666666666666
55776	111	0	5	0.27	57.8	289.0	0.3333333333333333
55777	396	0	5	0.9825	275.0	1375.0	0.6666666666666666
55778	26	0	5	0.0575	15.6	78.0	0.3333333333333333
55779	377	1	4	0.94	200.8	1004.0	1.0
55780	209	0	5	0.515	129.4	647.0	0.3333333333333333
55781	394	0	5	0.9775	250.4	1252.0	0.6666666666666666
55782	353	1	4	0.88	154.2	771.0	1.0
55783	63	0	5	0.15	60.2	301.0	0.0
55784	73	0	5	0.175	51.8	259.0	0.0
55785	368	0	5	0.9125	113.8	569.0	0.6666666666666666
55786	309	0	5	0.765	247.8	1239.0	0.6666666666666666
55787	117	0	5	0.285	38.6	193.0	0.6666666666666666
55788	140	0	5	0.3425	79.8	399.0	0.3333333333333333
55789	62	0	5	0.1475	56.8	284.0	0.0
55790	206	0	5	0.5075	108.4	542.0	0.3333333333333333
55791	47	0	5	0.11	45.0	225.0	0.0
55792	110	0	5	0.2675	79.6	398.0	0.0
55793	344	0	5	0.8525	177.2	886.0	0.6666666666666666
55794	208	0	5	0.5125	131.6	658.0	0.3333333333333333
55795	400	0	5	0.9925	213.0	1065.0	0.6666666666666666
55796	4	0	5	0.0025	2.0	10.0	0.0
55797	342	0	5	0.8475	153.8	769.0	0.6666666666666666
55798	83	0	5	0.2	61.2	306.0	0.6666666666666666
55799	242	0	5	0.5975	58.0	290.0	0.3333333333333333
55800	65	0	5	0.155	49.0	245.0	0.3333333333333333
55801	151	0	5	0.37	53.0	265.0	0.3333333333333333
55802	275	0	5	0.68	135.4	677.0	0.6666666666666666
55803	321	1	4	0.8	95.4	477.0	1.0
55804	39	0	5	0.09	37.0	185.0	0.0
55805	67	0	5	0.16	55.6	278.0	0.3333333333333333
55806	256	1	4	0.6375	174.6	873.0	1.0
55807	256	0	5	0.6325	142.0	710.0	0.3333333333333333
55808	120	0	5	0.2925	118.0	590.0	0.0
55809	101	0	5	0.245	89.4	447.0	0.0
55810	385	0	5	0.955	209.8	1049.0	0.6666666666666666
55811	285	0	5	0.705	73.8	369.0	0.3333333333333333
55812	158	0	5	0.3875	146.8	734.0	0.3333333333333333
55813	199	1	4	0.495	142.4	712.0	1.0
55814	219	1	3	0.545	209.4	1047.0	1.0
55815	264	0	5	0.6525	238.0	1190.0	0.0
55816	141	0	5	0.345	139.0	695.0	0.0
55817	260	0	5	0.6425	215.6	1078.0	0.3333333333333333
55818	397	1	4	0.99	321.8	1609.0	1.0
55819	200	0	5	0.4925	77.0	385.0	0.3333333333333333
55820	357	1	4	0.89	200.4	1002.0	1.0
55821	62	0	5	0.1475	60.0	300.0	0.0
55822	362	0	5	0.8975	217.2	1086.0	0.3333333333333333
55823	382	0	5	0.9475	236.4	1182.0	0.6666666666666666
55824	208	0	5	0.5125	163.4	817.0	0.3333333333333333
55825	264	0	5	0.6525	224.4	1122.0	0.3333333333333333
55826	234	0	5	0.5775	108.6	543.0	0.3333333333333333
55827	260	0	5	0.6425	224.4	1122.0	0.0
55828	237	0	5	0.585	160.8	804.0	0.6666666666666666
55829	277	1	4	0.69	159.8	799.0	1.0
55830	333	0	5	0.825	134.2	671.0	0.6666666666666666
55831	375	1	4	0.935	256.6	1283.0	1.0
55832	141	0	5	0.345	113.4	567.0	0.3333333333333333
55833	15	0	5	0.03	11.4	57.0	0.3333333333333333
55834	325	0	5	0.805	129.4	647.0	0.3333333333333333
55835	320	0	5	0.7925	222.0	1110.0	0.6666666666666666
55836	233	0	5	0.575	217.4	1087.0	0.3333333333333333
55837	337	0	5	0.835	176.4	882.0	0.3333333333333333
55838	301	0	5	0.745	244.4	1222.0	0.6666666666666666
55839	273	1	4	0.68	235.4	1177.0	1.0
55840	206	0	5	0.5075	80.8	404.0	0.6666666666666666
55841	116	0	5	0.2825	94.8	474.0	0.3333333333333333
55842	68	0	5	0.1625	66.0	330.0	0.0
55843	141	0	5	0.345	101.4	507.0	0.3333333333333333
55844	101	0	5	0.245	86.4	432.0	0.3333333333333333
55845	302	1	4	0.7525	184.8	924.0	1.0
55846	311	0	5	0.77	172.2	861.0	0.6666666666666666
55847	401	0	4	0.9975	130.4	652.0	0.6666666666666666
55848	151	0	5	0.37	67.8	339.0	0.6666666666666666
55849	262	0	5	0.6475	256.4	1282.0	0.3333333333333333
55850	254	0	5	0.6275	181.8	909.0	0.3333333333333333
55851	135	0	5	0.33	133.0	665.0	0.3333333333333333
55852	322	0	5	0.7975	202.0	1010.0	0.3333333333333333
55853	3	0	5	0.0025	0.2	1.0	0.3333333333333333
55854	335	0	5	0.83	257.4	1287.0	0.0
55855	399	1	4	0.995	167.2	836.0	1.0
55856	386	0	5	0.9575	183.8	919.0	0.6666666666666666
55857	130	0	5	0.3175	90.2	451.0	0.3333333333333333
55858	52	0	5	0.1225	48.4	242.0	0.0
55859	293	0	5	0.725	102.0	510.0	0.3333333333333333
55860	139	0	5	0.34	97.6	488.0	0.3333333333333333
55861	385	0	5	0.955	247.4	1237.0	0.6666666666666666
55862	143	0	5	0.35	86.6	433.0	0.6666666666666666
55863	116	0	5	0.2825	114.0	570.0	0.0
55864	182	0	5	0.4475	180.0	900.0	0.0
55865	396	1	4	0.9875	129.6	648.0	1.0
55866	308	0	5	0.7625	181.6	908.0	0.6666666666666666
55867	310	0	5	0.7675	251.4	1257.0	0.6666666666666666
55868	297	0	5	0.735	163.0	815.0	0.6666666666666666
55869	104	0	5	0.2525	60.8	304.0	0.3333333333333333
55870	355	0	5	0.88	227.6	1138.0	0.3333333333333333
55871	193	0	5	0.475	171.8	859.0	0.3333333333333333
55872	306	1	4	0.7625	219.2	1096.0	1.0
55873	91	0	5	0.22	33.6	168.0	0.6666666666666666
55874	317	1	3	0.79	248.6	1243.0	1.0
55875	336	0	5	0.8325	255.4	1277.0	0.6666666666666666
55876	94	0	5	0.2275	35.2	176.0	0.6666666666666666
55877	65	0	5	0.155	63.0	315.0	0.0
55878	25	0	5	0.055	23.0	115.0	0.0
55879	199	0	5	0.49	177.8	889.0	0.3333333333333333
55880	346	0	5	0.8575	72.0	360.0	0.3333333333333333
55881	68	0	5	0.1625	66.0	330.0	0.3333333333333333
55882	346	0	5	0.8575	246.8	1234.0	0.6666666666666666
55883	70	0	5	0.1675	31.4	157.0	0.0
55884	369	0	5	0.915	206.0	1030.0	0.6666666666666666
55885	259	0	5	0.64	156.4	782.0	0.3333333333333333
55886	304	0	5	0.7525	185.8	929.0	0.6666666666666666
55887	139	0	5	0.34	122.6	613.0	0.0
55888	145	0	5	0.355	97.4	487.0	0.0
55889	16	0	5	0.0325	11.6	58.0	0.0
55890	277	0	5	0.685	145.0	725.0	0.6666666666666666
55891	141	0	5	0.345	87.8	439.0	0.3333333333333333
55892	139	0	5	0.34	80.0	400.0	0.3333333333333333
55893	330	0	5	0.8175	261.4	1307.0	0.3333333333333333
55894	53	0	5	0.125	45.8	229.0	0.3333333333333333
55895	119	0	5	0.29	49.2	246.0	0.3333333333333333
55896	164	0	5	0.4025	34.8	174.0	0.0
55897	24	0	5	0.0525	10.0	50.0	0.0
55898	116	0	5	0.2825	76.4	382.0	0.3333333333333333
55899	260	0	5	0.6425	145.2	726.0	0.6666666666666666
55900	179	0	5	0.44	127.0	635.0	0.3333333333333333
55901	101	0	5	0.245	99.0	495.0	0.3333333333333333
55902	157	0	5	0.385	146.6	733.0	0.3333333333333333
55903	290	0	5	0.7175	85.2	426.0	0.6666666666666666
55904	275	0	5	0.68	138.0	690.0	0.3333333333333333
55905	121	0	5	0.295	109.6	548.0	0.6666666666666666
55906	288	0	5	0.7125	257.8	1289.0	0.0
55907	371	0	5	0.92	160.8	804.0	0.6666666666666666
55908	214	1	4	0.5325	127.8	639.0	1.0
55909	262	0	5	0.6475	124.4	622.0	0.3333333333333333
55910	44	0	5	0.1025	36.8	184.0	0.0
55911	244	0	5	0.6025	242.0	1210.0	0.0
55912	386	0	5	0.9575	203.6	1018.0	0.6666666666666666
55913	221	0	5	0.545	166.2	831.0	0.3333333333333333
55914	361	0	5	0.895	137.8	689.0	0.3333333333333333
55915	283	0	5	0.7	105.0	525.0	0.6666666666666666
55916	91	0	5	0.22	50.0	250.0	0.6666666666666666
55917	125	0	5	0.305	99.8	499.0	0.3333333333333333
55918	172	0	5	0.4225	111.4	557.0	0.6666666666666666
55919	130	0	5	0.3175	128.0	640.0	0.0
55920	68	0	5	0.1625	38.4	192.0	0.3333333333333333
55921	300	0	5	0.7425	83.6	418.0	0.6666666666666666
55922	350	0	5	0.8675	174.4	872.0	0.3333333333333333
55923	284	0	5	0.7025	264.4	1322.0	0.3333333333333333
55924	382	0	5	0.9475	220.2	1101.0	0.3333333333333333
55925	336	0	5	0.8325	115.8	579.0	0.6666666666666666
55926	37	0	5	0.085	35.0	175.0	0.0
55927	269	0	5	0.665	149.8	749.0	0.6666666666666666
55928	153	0	5	0.375	151.0	755.0	0.0
55929	151	0	5	0.37	83.8	419.0	0.6666666666666666
55930	232	0	5	0.5725	133.4	667.0	0.6666666666666666
55931	121	0	5	0.295	112.4	562.0	0.3333333333333333
55932	107	0	5	0.26	105.0	525.0	0.0
55933	151	0	5	0.37	93.8	469.0	0.3333333333333333
55934	365	0	5	0.905	256.8	1284.0	0.6666666666666666
55935	176	0	5	0.4325	144.6	723.0	0.3333333333333333
55936	191	0	5	0.47	73.8	369.0	0.3333333333333333
55937	220	0	5	0.5425	190.2	951.0	0.3333333333333333
55938	117	0	5	0.285	74.6	373.0	0.0
55939	130	0	5	0.3175	122.0	610.0	0.6666666666666666
55940	116	0	5	0.2825	100.2	501.0	0.3333333333333333
55941	371	0	5	0.92	155.2	776.0	0.6666666666666666
55942	121	0	5	0.295	58.4	292.0	0.3333333333333333
55943	119	0	5	0.29	117.0	585.0	0.0
55944	364	1	4	0.9075	199.8	999.0	1.0
55945	276	0	5	0.6825	251.4	1257.0	0.3333333333333333
55946	350	0	5	0.8675	186.2	931.0	0.6666666666666666
55947	321	0	5	0.795	90.0	450.0	0.3333333333333333
55948	391	0	5	0.97	297.4	1487.0	0.3333333333333333
55949	236	0	5	0.5825	102.0	510.0	0.6666666666666666
55950	310	1	4	0.7725	157.8	789.0	1.0
55951	8	0	5	0.0125	6.0	30.0	0.0
55952	211	0	5	0.52	107.4	537.0	0.6666666666666666
55953	161	0	5	0.395	107.2	536.0	0.6666666666666666
55954	163	0	5	0.4	145.0	725.0	0.0
55955	202	0	5	0.4975	151.2	756.0	0.3333333333333333
55956	142	0	5	0.3475	101.6	508.0	0.3333333333333333
55957	267	0	5	0.66	254.6	1273.0	0.3333333333333333
55958	136	0	5	0.3325	97.2	486.0	0.3333333333333333
55959	344	0	5	0.8525	130.8	654.0	0.3333333333333333
55960	133	0	5	0.325	126.2	631.0	0.0
55961	365	0	5	0.905	195.0	975.0	0.3333333333333333
55962	48	0	5	0.1125	46.0	230.0	0.0
55963	382	1	4	0.9525	93.2	466.0	1.0
55964	227	0	5	0.56	108.0	540.0	0.6666666666666666
55965	393	0	5	0.975	169.8	849.0	0.6666666666666666
55966	233	0	5	0.575	209.8	1049.0	0.6666666666666666
55967	42	0	5	0.0975	29.2	146.0	0.3333333333333333
55968	251	0	5	0.62	202.6	1013.0	0.3333333333333333
55969	397	0	5	0.985	259.8	1299.0	0.6666666666666666
55970	213	0	5	0.525	211.0	1055.0	0.0
55971	15	0	5	0.03	13.0	65.0	0.0
55972	337	0	5	0.835	138.6	693.0	0.3333333333333333
55973	107	0	5	0.26	34.0	170.0	0.3333333333333333
55974	280	0	5	0.6925	103.6	518.0	0.6666666666666666
55975	144	0	5	0.3525	115.8	579.0	0.3333333333333333
55976	231	0	5	0.57	153.2	766.0	0.6666666666666666
55977	298	0	5	0.7375	195.6	978.0	0.6666666666666666
55978	379	0	5	0.94	315.8	1579.0	0.6666666666666666
55979	284	0	5	0.7025	150.6	753.0	0.3333333333333333
55980	337	0	5	0.835	144.0	720.0	0.6666666666666666
55981	240	0	5	0.5925	90.6	453.0	0.6666666666666666
55982	368	0	5	0.9125	239.4	1197.0	0.6666666666666666
55983	60	0	5	0.1425	58.0	290.0	0.0
55984	339	0	5	0.84	87.4	437.0	0.6666666666666666
55985	4	0	5	0.0025	2.0	10.0	0.0
55986	257	0	5	0.635	247.4	1237.0	0.3333333333333333
55987	351	0	5	0.87	175.4	877.0	0.6666666666666666
55988	122	0	5	0.2975	52.4	262.0	0.6666666666666666
55989	82	0	5	0.1975	80.0	400.0	0.0
55990	277	0	5	0.685	138.2	691.0	0.6666666666666666
55991	248	0	5	0.6125	243.2	1216.0	0.3333333333333333
55992	85	0	5	0.205	59.0	295.0	0.0
55993	246	1	4	0.6125	190.2	951.0	1.0
55994	17	0	5	0.035	15.0	75.0	0.0
55995	54	0	5	0.1275	52.0	260.0	0.0
55996	305	0	5	0.755	126.6	633.0	0.3333333333333333
55997	389	0	5	0.965	341.8	1709.0	0.6666666666666666
55998	299	0	5	0.74	199.0	995.0	0.3333333333333333
55999	26	0	5	0.0575	24.0	120.0	0.0
56000	155	0	5	0.38	100.2	501.0	0.0
56001	325	0	5	0.805	256.6	1283.0	0.6666666666666666
56002	370	0	5	0.9175	142.2	711.0	0.6666666666666666
56003	236	0	5	0.5825	163.2	816.0	0.6666666666666666
56004	347	1	4	0.865	242.2	1211.0	1.0
56005	208	0	5	0.5125	103.6	518.0	0.0
56006	189	0	5	0.465	52.8	264.0	0.6666666666666666
56007	155	0	5	0.38	121.4	607.0	0.3333333333333333
56008	399	0	5	0.99	113.0	565.0	0.6666666666666666
56009	401	0	5	0.995	287.6	1438.0	0.6666666666666666
56010	104	0	5	0.2525	69.6	348.0	0.6666666666666666
56011	294	0	5	0.7275	259.0	1295.0	0.3333333333333333
56012	287	0	5	0.71	113.8	569.0	0.0
56013	251	0	5	0.62	200.0	1000.0	0.3333333333333333
56014	237	0	5	0.585	223.8	1119.0	0.3333333333333333
56015	336	0	5	0.8325	137.2	686.0	0.6666666666666666
56016	263	0	5	0.65	99.4	497.0	0.3333333333333333
56017	94	0	5	0.2275	48.8	244.0	0.3333333333333333
56018	75	0	5	0.18	62.6	313.0	0.3333333333333333
56019	367	0	5	0.91	207.0	1035.0	0.6666666666666666
56020	4	0	5	0.0025	2.0	10.0	0.0
56021	142	0	5	0.3475	140.0	700.0	0.0
56022	216	0	5	0.5325	105.2	526.0	0.3333333333333333
56023	103	0	5	0.25	60.2	301.0	0.3333333333333333
56024	22	0	5	0.0475	20.0	100.0	0.0
56025	305	0	5	0.755	147.0	735.0	0.6666666666666666
56026	254	0	5	0.6275	85.6	428.0	0.3333333333333333
56027	179	0	5	0.44	141.8	709.0	0.3333333333333333
56028	241	0	5	0.595	164.2	821.0	0.3333333333333333
56029	392	1	4	0.9775	233.4	1167.0	1.0
56030	266	0	5	0.6575	242.8	1214.0	0.0
56031	281	0	5	0.695	196.8	984.0	0.6666666666666666
56032	76	0	5	0.1825	74.0	370.0	0.0
56033	364	0	5	0.9025	253.2	1266.0	0.6666666666666666
56034	142	0	5	0.3475	96.0	480.0	0.3333333333333333
56035	358	0	5	0.8875	200.2	1001.0	0.3333333333333333
56036	292	0	5	0.7225	191.6	958.0	0.3333333333333333
56037	38	0	5	0.0875	36.0	180.0	0.0
56038	307	0	5	0.76	264.0	1320.0	0.0
56039	302	0	5	0.7475	164.6	823.0	0.6666666666666666
56040	322	0	5	0.7975	258.4	1292.0	0.0
56041	391	0	5	0.97	203.6	1018.0	0.6666666666666666
56042	201	1	4	0.5	148.6	743.0	1.0
56043	153	0	5	0.375	150.6	753.0	0.0
56044	141	0	5	0.345	100.6	503.0	0.3333333333333333
56045	328	0	5	0.8125	172.0	860.0	0.3333333333333333
56046	366	1	4	0.9125	207.0	1035.0	1.0
56047	182	0	5	0.4475	48.0	240.0	0.6666666666666666
56048	333	1	4	0.83	190.0	950.0	1.0
56049	48	0	5	0.1125	46.0	230.0	0.0
56050	254	0	5	0.6275	64.0	320.0	0.3333333333333333
56051	139	0	5	0.34	123.4	617.0	0.0
56052	74	0	5	0.1775	60.8	304.0	0.0
56053	157	0	5	0.385	135.0	675.0	0.3333333333333333
56054	214	0	5	0.5275	90.0	450.0	0.3333333333333333
56055	283	1	4	0.705	233.0	1165.0	1.0
56056	296	0	5	0.7325	175.6	878.0	0.6666666666666666
56057	220	0	5	0.5425	198.8	994.0	0.0
56058	8	0	5	0.0125	6.0	30.0	0.0
56059	314	1	4	0.7825	219.6	1098.0	1.0
56060	395	1	4	0.985	94.2	471.0	1.0
56061	390	0	5	0.9675	189.0	945.0	0.6666666666666666
56062	262	0	5	0.6475	160.4	802.0	0.3333333333333333
56063	276	0	5	0.6825	86.8	434.0	0.3333333333333333
56064	174	0	5	0.4275	140.2	701.0	0.0
56065	315	0	5	0.78	190.6	953.0	0.0
56066	289	1	4	0.72	148.8	744.0	1.0
56067	264	0	5	0.6525	159.4	797.0	0.3333333333333333
56068	137	0	5	0.335	125.0	625.0	0.3333333333333333
56069	81	0	5	0.195	66.0	330.0	0.0
56070	236	0	5	0.5825	215.2	1076.0	0.6666666666666666
56071	100	0	5	0.2425	53.4	267.0	0.3333333333333333
56072	271	0	5	0.67	171.8	859.0	0.6666666666666666
56073	42	0	5	0.0975	40.0	200.0	0.0
56074	53	0	5	0.125	23.8	119.0	0.0
56075	241	1	4	0.6	188.2	941.0	1.0
56076	324	1	4	0.8075	124.8	624.0	1.0
56077	45	0	5	0.105	22.2	111.0	0.3333333333333333
56078	290	0	5	0.7175	162.8	814.0	0.6666666666666666
56079	135	0	5	0.33	101.0	505.0	0.3333333333333333
56080	176	0	5	0.4325	115.8	579.0	0.0
56081	322	0	5	0.7975	162.2	811.0	0.3333333333333333
56082	339	0	5	0.84	279.0	1395.0	0.6666666666666666
56083	36	0	5	0.0825	34.0	170.0	0.0
56084	370	1	4	0.9225	200.0	1000.0	1.0
56085	11	0	5	0.02	9.0	45.0	0.0
56086	258	0	5	0.6375	124.8	624.0	0.6666666666666666
56087	260	0	5	0.6425	123.6	618.0	0.6666666666666666
56088	327	0	5	0.81	201.8	1009.0	0.6666666666666666
56089	169	0	5	0.415	111.8	559.0	0.3333333333333333
56090	102	0	5	0.2475	96.4	482.0	0.0
56091	235	1	4	0.585	171.6	858.0	1.0
56092	330	0	5	0.8175	209.2	1046.0	0.6666666666666666
56093	182	0	5	0.4475	142.0	710.0	0.6666666666666666
56094	111	0	5	0.27	44.2	221.0	0.3333333333333333
56095	398	1	4	0.9925	121.0	605.0	1.0
56096	200	0	5	0.4925	105.4	527.0	0.6666666666666666
56097	120	0	5	0.2925	102.0	510.0	0.0
56098	92	0	5	0.2225	68.4	342.0	0.3333333333333333
56099	181	0	5	0.445	54.4	272.0	0.3333333333333333
56100	172	0	5	0.4225	146.2	731.0	0.0
56101	205	0	5	0.505	180.2	901.0	0.3333333333333333
56102	333	0	5	0.825	234.8	1174.0	0.6666666666666666
56103	354	0	5	0.8775	222.8	1114.0	0.0
56104	225	1	4	0.56	97.8	489.0	1.0
56105	61	0	5	0.145	59.0	295.0	0.0
56106	216	0	5	0.5325	87.4	437.0	0.3333333333333333
56107	193	0	5	0.475	72.4	362.0	0.6666666666666666
56108	138	1	4	0.3425	58.8	294.0	1.0
56109	127	1	4	0.315	91.4	457.0	1.0
56110	14	0	5	0.0275	12.0	60.0	0.0
56111	257	1	4	0.64	167.2	836.0	1.0
56112	193	0	5	0.475	67.4	337.0	0.6666666666666666
56113	250	0	5	0.6175	174.0	870.0	0.3333333333333333
56114	344	0	5	0.8525	143.4	717.0	0.3333333333333333
56115	85	0	5	0.205	47.4	237.0	0.3333333333333333
56116	200	0	5	0.4925	102.0	510.0	0.6666666666666666
56117	209	0	5	0.515	130.4	652.0	0.6666666666666666
56118	161	0	5	0.395	125.2	626.0	0.6666666666666666
56119	35	0	5	0.08	19.4	97.0	0.3333333333333333
56120	152	0	5	0.3725	115.2	576.0	0.3333333333333333
56121	172	0	5	0.4225	75.0	375.0	0.0
56122	201	0	5	0.495	187.6	938.0	0.3333333333333333
56123	358	0	5	0.8875	218.4	1092.0	0.6666666666666666
56124	269	0	5	0.665	222.2	1111.0	0.0
56125	275	1	4	0.685	146.2	731.0	1.0
56126	111	0	5	0.27	28.2	141.0	0.0
56127	392	0	5	0.9725	286.8	1434.0	0.3333333333333333
56128	185	0	5	0.455	149.8	749.0	0.3333333333333333
56129	166	0	5	0.4075	129.4	647.0	0.3333333333333333
56130	230	0	5	0.5675	202.4	1012.0	0.3333333333333333
56131	54	0	5	0.1275	52.0	260.0	0.0
56132	165	0	5	0.405	59.6	298.0	0.0
56133	383	0	5	0.95	313.0	1565.0	0.6666666666666666
56134	61	0	5	0.145	59.0	295.0	0.0
56135	244	0	5	0.6025	110.2	551.0	0.6666666666666666
56136	163	0	5	0.4	63.4	317.0	0.3333333333333333
56137	125	0	5	0.305	109.6	548.0	0.3333333333333333
56138	157	1	4	0.39	44.6	223.0	1.0
56139	277	0	5	0.685	173.0	865.0	0.3333333333333333
56140	86	0	5	0.2075	84.0	420.0	0.0
56141	64	0	5	0.1525	45.2	226.0	0.0
56142	154	0	5	0.3775	68.0	340.0	0.0
56143	111	0	5	0.27	109.0	545.0	0.0
56144	368	0	5	0.9125	233.2	1166.0	0.6666666666666666
56145	104	0	5	0.2525	102.0	510.0	0.0
56146	218	0	5	0.5375	136.4	682.0	0.0
56147	173	0	5	0.425	91.4	457.0	0.3333333333333333
56148	273	1	4	0.68	138.6	693.0	1.0
56149	16	0	5	0.0325	14.0	70.0	0.0
56150	162	0	5	0.3975	111.4	557.0	0.3333333333333333
56151	152	0	5	0.3725	113.2	566.0	0.6666666666666666
56152	343	0	5	0.85	202.6	1013.0	0.3333333333333333
56153	78	0	5	0.1875	75.4	377.0	0.0
56154	152	0	5	0.3725	150.0	750.0	0.0
56155	325	1	4	0.81	182.0	910.0	1.0
56156	138	0	5	0.3375	136.0	680.0	0.0
56157	79	0	5	0.19	70.6	353.0	0.6666666666666666
56158	200	0	5	0.4925	133.0	665.0	0.6666666666666666
56159	338	1	3	0.8425	163.4	817.0	1.0
56160	234	0	5	0.5775	220.6	1103.0	0.3333333333333333
56161	242	0	5	0.5975	80.4	402.0	0.6666666666666666
56162	250	0	5	0.6175	60.8	304.0	0.6666666666666666
56163	159	0	5	0.39	109.4	547.0	0.3333333333333333
56164	182	0	5	0.4475	160.8	804.0	0.0
56165	250	0	5	0.6175	109.4	547.0	0.6666666666666666
56166	35	0	5	0.08	21.8	109.0	0.3333333333333333
56167	18	0	5	0.0375	16.0	80.0	0.0
56168	304	0	5	0.7525	112.4	562.0	0.3333333333333333
56169	123	1	4	0.305	60.8	304.0	1.0
56170	285	0	5	0.705	194.2	971.0	0.3333333333333333
56171	228	0	5	0.5625	138.4	692.0	0.6666666666666666
56172	318	0	5	0.7875	144.6	723.0	0.6666666666666666
56173	240	0	5	0.5925	165.8	829.0	0.6666666666666666
56174	259	0	5	0.64	136.4	682.0	0.3333333333333333
56175	92	0	5	0.2225	62.4	312.0	0.0
56176	346	1	4	0.8625	105.4	527.0	1.0
56177	25	0	5	0.055	18.6	93.0	0.3333333333333333
56178	273	0	5	0.675	202.6	1013.0	0.3333333333333333
56179	397	0	5	0.985	160.6	803.0	0.6666666666666666
56180	76	0	5	0.1825	68.4	342.0	0.0
56181	172	0	5	0.4225	104.0	520.0	0.3333333333333333
56182	138	1	4	0.3425	39.6	198.0	1.0
56183	25	0	5	0.055	23.0	115.0	0.0
56184	192	1	4	0.4775	170.4	852.0	1.0
56185	362	0	5	0.8975	269.0	1345.0	0.6666666666666666
56186	237	0	5	0.585	96.2	481.0	0.3333333333333333
56187	311	0	5	0.77	211.4	1057.0	0.3333333333333333
56188	287	0	5	0.71	61.0	305.0	0.6666666666666666
56189	218	0	5	0.5375	175.4	877.0	0.3333333333333333
56190	238	0	5	0.5875	177.6	888.0	0.3333333333333333
56191	299	0	5	0.74	191.4	957.0	0.0
56192	401	0	5	0.995	290.8	1454.0	0.6666666666666666
56193	89	0	5	0.215	87.0	435.0	0.0
56194	169	0	5	0.415	147.8	739.0	0.0
56195	83	0	5	0.2	71.0	355.0	0.0
56196	44	0	5	0.1025	42.0	210.0	0.0
56197	124	0	5	0.3025	106.0	530.0	0.3333333333333333
56198	213	1	4	0.53	143.0	715.0	1.0
56199	398	0	5	0.9875	175.8	879.0	0.6666666666666666
56200	251	0	5	0.62	211.8	1059.0	0.0
56201	79	1	4	0.195	24.6	123.0	1.0
56202	284	0	5	0.7025	100.4	502.0	0.6666666666666666
56203	393	1	4	0.98	286.6	1433.0	1.0
56204	304	0	5	0.7525	136.4	682.0	0.6666666666666666
56205	59	0	5	0.14	41.4	207.0	0.3333333333333333
56206	325	1	4	0.81	231.4	1157.0	1.0
56207	59	0	5	0.14	57.0	285.0	0.0
56208	345	0	5	0.855	86.0	430.0	0.6666666666666666
56209	299	0	5	0.74	88.2	441.0	0.3333333333333333
56210	153	0	5	0.375	60.4	302.0	0.3333333333333333
56211	216	1	4	0.5375	170.0	850.0	1.0
56212	44	0	5	0.1025	36.8	184.0	0.0
56213	246	0	5	0.6075	242.8	1214.0	0.3333333333333333
56214	161	0	5	0.395	79.8	399.0	0.6666666666666666
56215	398	0	5	0.9875	206.0	1030.0	0.6666666666666666
56216	232	0	5	0.5725	137.2	686.0	0.3333333333333333
56217	348	0	5	0.8625	199.0	995.0	0.6666666666666666
56218	294	0	5	0.7275	210.8	1054.0	0.3333333333333333
56219	51	0	5	0.12	49.0	245.0	0.0
56220	88	0	5	0.2125	53.2	266.0	0.0
56221	353	0	5	0.875	171.2	856.0	0.6666666666666666
56222	194	0	5	0.4775	189.6	948.0	0.3333333333333333
56223	237	0	5	0.585	212.6	1063.0	0.0
56224	206	0	5	0.5075	60.0	300.0	0.3333333333333333
56225	373	1	4	0.93	246.6	1233.0	1.0
56226	78	0	5	0.1875	39.2	196.0	0.3333333333333333
56227	77	0	5	0.185	75.0	375.0	0.0
56228	41	0	5	0.095	39.0	195.0	0.0
56229	255	0	5	0.63	184.4	922.0	0.6666666666666666
56230	340	0	5	0.8425	193.0	965.0	0.6666666666666666
56231	175	0	5	0.43	170.4	852.0	0.3333333333333333
56232	274	0	5	0.6775	233.6	1168.0	0.3333333333333333
56233	401	0	5	0.995	296.6	1483.0	0.6666666666666666
56234	176	0	5	0.4325	174.0	870.0	0.0
56235	201	0	5	0.495	79.6	398.0	0.3333333333333333
56236	390	0	5	0.9675	310.6	1553.0	0.6666666666666666
56237	25	0	5	0.055	23.0	115.0	0.0
56238	147	0	5	0.36	123.4	617.0	0.0
56239	269	0	5	0.665	133.8	669.0	0.0
56240	231	0	5	0.57	207.4	1037.0	0.3333333333333333
56241	270	0	5	0.6675	191.2	956.0	0.6666666666666666
56242	213	1	4	0.53	110.4	552.0	1.0
56243	258	0	5	0.6375	199.8	999.0	0.6666666666666666
56244	182	1	4	0.4525	89.2	446.0	1.0
56245	243	0	5	0.6	193.0	965.0	0.3333333333333333
56246	182	0	5	0.4475	102.0	510.0	0.3333333333333333
56247	73	0	5	0.175	37.8	189.0	0.3333333333333333
56248	191	0	5	0.47	165.4	827.0	0.0
56249	357	1	4	0.89	292.0	1460.0	1.0
56250	49	0	5	0.115	47.0	235.0	0.0
56251	253	0	5	0.625	84.2	421.0	0.6666666666666666
56252	163	0	5	0.4	44.8	224.0	0.3333333333333333
56253	243	1	4	0.605	139.8	699.0	1.0
56254	22	0	5	0.0475	5.6	28.0	0.3333333333333333
56255	200	0	5	0.4925	187.4	937.0	0.6666666666666666
56256	39	0	5	0.09	37.0	185.0	0.0
56257	358	0	5	0.8875	324.2	1621.0	0.3333333333333333
56258	243	0	5	0.6	122.6	613.0	0.6666666666666666
56259	58	0	5	0.1375	56.0	280.0	0.0
56260	150	0	5	0.3675	107.2	536.0	0.0
56261	98	0	5	0.2375	21.6	108.0	0.3333333333333333
56262	62	0	5	0.1475	60.0	300.0	0.0
56263	340	0	5	0.8425	128.4	642.0	0.6666666666666666
56264	172	0	5	0.4225	170.0	850.0	0.0
56265	125	0	5	0.305	90.6	453.0	0.3333333333333333
56266	310	0	5	0.7675	298.8	1494.0	0.0
56267	257	0	5	0.635	160.4	802.0	0.3333333333333333
56268	339	0	5	0.84	277.6	1388.0	0.6666666666666666
56269	131	0	5	0.32	129.0	645.0	0.0
56270	107	0	5	0.26	105.0	525.0	0.0
56271	334	0	5	0.8275	223.4	1117.0	0.6666666666666666
56272	156	0	5	0.3825	101.6	508.0	0.3333333333333333
56273	92	0	5	0.2225	90.0	450.0	0.0
56274	134	0	5	0.3275	130.8	654.0	0.3333333333333333
56275	90	1	4	0.2225	71.4	357.0	1.0
56276	146	0	5	0.3575	131.8	659.0	0.3333333333333333
56277	395	0	5	0.98	338.4	1692.0	0.6666666666666666
56278	33	0	5	0.075	31.0	155.0	0.0
56279	264	0	5	0.6525	146.6	733.0	0.6666666666666666
56280	329	0	5	0.815	297.4	1487.0	0.6666666666666666
56281	309	0	5	0.765	236.2	1181.0	0.6666666666666666
56282	198	0	5	0.4875	69.0	345.0	0.3333333333333333
56283	333	1	4	0.83	181.8	909.0	1.0
56284	173	0	5	0.425	153.6	768.0	0.3333333333333333
56285	104	0	5	0.2525	86.8	434.0	0.0
56286	369	1	4	0.92	169.8	849.0	1.0
56287	297	1	4	0.74	153.8	769.0	1.0
56288	59	0	5	0.14	50.6	253.0	0.3333333333333333
56289	192	0	5	0.4725	138.2	691.0	0.0
56290	305	0	5	0.755	170.0	850.0	0.0
56291	237	0	5	0.585	162.2	811.0	0.3333333333333333
56292	142	0	5	0.3475	112.0	560.0	0.3333333333333333
56293	170	0	5	0.4175	81.2	406.0	0.6666666666666666
56294	391	1	4	0.975	126.2	631.0	1.0
56295	74	0	5	0.1775	38.8	194.0	0.3333333333333333
56296	369	0	5	0.915	175.0	875.0	0.6666666666666666
56297	181	0	5	0.445	113.0	565.0	0.3333333333333333
56298	298	0	5	0.7375	224.0	1120.0	0.6666666666666666
56299	163	0	5	0.4	90.0	450.0	0.3333333333333333
56300	137	0	5	0.335	108.6	543.0	0.0
56301	384	1	4	0.9575	226.2	1131.0	1.0
56302	196	0	5	0.4825	100.4	502.0	0.6666666666666666
56303	252	0	5	0.6225	222.0	1110.0	0.3333333333333333
56304	243	0	5	0.6	214.4	1072.0	0.6666666666666666
56305	155	0	5	0.38	153.0	765.0	0.0
56306	340	0	5	0.8425	263.2	1316.0	0.3333333333333333
56307	120	0	5	0.2925	77.6	388.0	0.3333333333333333
56308	53	0	5	0.125	51.0	255.0	0.0
56309	143	0	5	0.35	96.2	481.0	0.6666666666666666
56310	34	0	5	0.0775	32.0	160.0	0.0
56311	283	0	5	0.7	182.6	913.0	0.3333333333333333
56312	228	0	5	0.5625	132.4	662.0	0.3333333333333333
56313	341	0	5	0.845	260.6	1303.0	0.6666666666666666
56314	187	0	5	0.46	129.0	645.0	0.3333333333333333
56315	154	0	5	0.3775	86.2	431.0	0.3333333333333333
56316	282	0	5	0.6975	251.4	1257.0	0.3333333333333333
56317	332	0	5	0.8225	143.2	716.0	0.6666666666666666
56318	356	0	5	0.8825	143.8	719.0	0.6666666666666666
56319	365	0	5	0.905	309.0	1545.0	0.3333333333333333
56320	287	0	5	0.71	84.2	421.0	0.3333333333333333
56321	141	1	4	0.35	102.2	511.0	1.0
56322	283	0	5	0.7	177.8	889.0	0.3333333333333333
56323	279	1	4	0.695	132.0	660.0	1.0
56324	135	0	5	0.33	109.4	547.0	0.3333333333333333
56325	2	0	5	0.0	0.0	0.0	0.0
56326	41	0	5	0.095	36.0	180.0	0.3333333333333333
56327	394	0	5	0.9775	262.6	1313.0	0.6666666666666666
56328	163	0	5	0.4	128.2	641.0	0.6666666666666666
56329	243	0	5	0.6	158.2	791.0	0.6666666666666666
56330	242	0	5	0.5975	159.2	796.0	0.3333333333333333
56331	144	0	5	0.3525	114.8	574.0	0.0
56332	200	0	5	0.4925	169.6	848.0	0.0
56333	378	0	5	0.9375	267.0	1335.0	0.6666666666666666
56334	81	0	5	0.195	79.0	395.0	0.0
56335	88	0	5	0.2125	58.8	294.0	0.3333333333333333
56336	193	0	5	0.475	74.0	370.0	0.3333333333333333
56337	245	0	5	0.605	169.8	849.0	0.0
56338	105	0	5	0.255	103.0	515.0	0.0
56339	141	0	5	0.345	77.2	386.0	0.0
56340	91	0	5	0.22	54.2	271.0	0.3333333333333333
56341	86	0	5	0.2075	28.0	140.0	0.3333333333333333
56342	205	0	5	0.505	71.8	359.0	0.0
56343	156	0	5	0.3825	94.4	472.0	0.3333333333333333
56344	219	0	5	0.54	150.4	752.0	0.6666666666666666
56345	186	1	4	0.4625	79.6	398.0	1.0
56346	127	0	5	0.31	99.2	496.0	0.0
56347	353	0	5	0.875	194.0	970.0	0.6666666666666666
56348	142	0	5	0.3475	112.0	560.0	0.0
56349	304	0	5	0.7525	235.8	1179.0	0.3333333333333333
56350	162	1	4	0.4025	156.4	782.0	1.0
56351	22	0	5	0.0475	20.0	100.0	0.0
56352	33	0	5	0.075	31.0	155.0	0.0
56353	285	0	5	0.705	154.6	773.0	0.3333333333333333
56354	349	0	5	0.865	108.6	543.0	0.6666666666666666
56355	161	0	5	0.395	135.4	677.0	0.3333333333333333
56356	270	0	5	0.6675	177.2	886.0	0.6666666666666666
56357	380	1	4	0.9475	129.0	645.0	1.0
56358	31	0	5	0.07	29.0	145.0	0.0
56359	143	1	4	0.355	86.2	431.0	1.0
56360	292	1	4	0.7275	198.2	991.0	1.0
56361	370	0	5	0.9175	209.0	1045.0	0.6666666666666666
56362	52	0	5	0.1225	34.8	174.0	0.3333333333333333
56363	150	0	5	0.3675	86.6	433.0	0.3333333333333333
56364	226	1	4	0.5625	106.8	534.0	1.0
56365	99	0	5	0.24	45.0	225.0	0.3333333333333333
56366	304	0	5	0.7525	231.8	1159.0	0.6666666666666666
56367	359	1	4	0.895	302.4	1512.0	1.0
56368	356	0	5	0.8825	72.4	362.0	0.6666666666666666
56369	259	0	5	0.64	181.8	909.0	0.3333333333333333
56370	401	0	4	0.9975	303.8	1519.0	0.6666666666666666
56371	135	0	5	0.33	133.0	665.0	0.3333333333333333
56372	124	0	5	0.3025	107.2	536.0	0.0
56373	273	0	5	0.675	76.2	381.0	0.6666666666666666
56374	14	0	5	0.0275	10.4	52.0	0.3333333333333333
56375	316	0	5	0.7825	220.0	1100.0	0.3333333333333333
56376	262	0	5	0.6475	159.2	796.0	0.6666666666666666
56377	198	0	5	0.4875	135.0	675.0	0.6666666666666666
56378	312	0	5	0.7725	262.8	1314.0	0.3333333333333333
56379	12	0	5	0.0225	10.0	50.0	0.0
56380	351	1	4	0.875	170.2	851.0	1.0
56381	195	1	4	0.485	112.6	563.0	1.0
56382	345	0	5	0.855	233.4	1167.0	0.6666666666666666
56383	308	0	5	0.7625	147.0	735.0	0.6666666666666666
56384	215	0	5	0.53	157.0	785.0	0.3333333333333333
56385	197	0	5	0.485	172.2	861.0	0.6666666666666666
56386	370	0	5	0.9175	173.2	866.0	0.6666666666666666
56387	240	0	5	0.5925	136.8	684.0	0.3333333333333333
56388	204	0	5	0.5025	202.0	1010.0	0.0
56389	156	0	5	0.3825	154.0	770.0	0.0
56390	5	0	5	0.005	2.2	11.0	0.3333333333333333
56391	252	0	5	0.6225	115.0	575.0	0.3333333333333333
56392	221	0	5	0.545	208.2	1041.0	0.0
56393	245	1	4	0.61	185.0	925.0	1.0
56394	133	0	5	0.325	76.6	383.0	0.3333333333333333
56395	133	0	5	0.325	131.0	655.0	0.0
56396	65	0	5	0.155	56.2	281.0	0.3333333333333333
56397	345	0	5	0.855	159.8	799.0	0.3333333333333333
56398	143	1	4	0.355	67.0	335.0	1.0
56399	271	0	5	0.67	223.4	1117.0	0.3333333333333333
56400	344	1	4	0.8575	251.8	1259.0	1.0
56401	138	0	5	0.3375	119.4	597.0	0.3333333333333333
56402	228	1	4	0.5675	103.2	516.0	1.0
56403	268	0	5	0.6625	144.2	721.0	0.6666666666666666
56404	369	0	5	0.915	252.6	1263.0	0.3333333333333333
56405	30	0	5	0.0675	23.2	116.0	0.0
56406	136	0	5	0.3325	123.2	616.0	0.3333333333333333
56407	311	0	5	0.77	138.0	690.0	0.6666666666666666
56408	271	0	5	0.67	269.0	1345.0	0.3333333333333333
56409	297	0	5	0.735	221.4	1107.0	0.3333333333333333
56410	265	0	5	0.655	236.6	1183.0	0.0
56411	18	0	5	0.0375	16.0	80.0	0.0
56412	243	0	5	0.6	193.8	969.0	0.6666666666666666
56413	296	0	5	0.7325	154.8	774.0	0.6666666666666666
56414	255	0	5	0.63	63.4	317.0	0.3333333333333333
56415	179	0	5	0.44	123.4	617.0	0.3333333333333333
56416	186	0	5	0.4575	100.6	503.0	0.6666666666666666
56417	184	0	5	0.4525	144.2	721.0	0.3333333333333333
56418	160	0	5	0.3925	117.8	589.0	0.3333333333333333
56419	99	0	5	0.24	25.0	125.0	0.3333333333333333
56420	225	0	5	0.555	183.8	919.0	0.3333333333333333
56421	59	0	5	0.14	57.0	285.0	0.0
56422	273	0	5	0.675	119.4	597.0	0.6666666666666666
56423	151	0	5	0.37	80.2	401.0	0.3333333333333333
56424	133	0	5	0.325	123.4	617.0	0.3333333333333333
56425	45	0	5	0.105	43.0	215.0	0.0
56426	325	1	4	0.81	173.8	869.0	1.0
56427	320	0	5	0.7925	146.8	734.0	0.3333333333333333
56428	292	0	5	0.7225	259.0	1295.0	0.3333333333333333
56429	203	0	5	0.5	125.0	625.0	0.0
56430	181	0	5	0.445	179.0	895.0	0.0
56431	152	0	5	0.3725	130.6	653.0	0.3333333333333333
56432	103	0	5	0.25	96.4	482.0	0.3333333333333333
56433	372	1	4	0.9275	277.4	1387.0	1.0
56434	272	0	5	0.6725	192.0	960.0	0.3333333333333333
56435	189	0	5	0.465	115.4	577.0	0.3333333333333333
56436	278	0	5	0.6875	162.6	813.0	0.0
56437	74	0	5	0.1775	47.4	237.0	0.3333333333333333
56438	188	0	5	0.4625	138.0	690.0	0.3333333333333333
56439	311	0	5	0.77	291.6	1458.0	0.3333333333333333
56440	62	0	5	0.1475	60.0	300.0	0.0
56441	118	0	5	0.2875	101.6	508.0	0.0
56442	350	0	5	0.8675	105.2	526.0	0.6666666666666666
56443	249	0	5	0.615	59.0	295.0	0.6666666666666666
56444	146	0	5	0.3575	121.0	605.0	0.3333333333333333
56445	65	0	5	0.155	42.0	210.0	0.0
56446	377	0	5	0.935	239.8	1199.0	0.6666666666666666
56447	186	0	5	0.4575	171.2	856.0	0.3333333333333333
56448	219	0	5	0.54	75.0	375.0	0.6666666666666666
56449	322	0	5	0.7975	135.2	676.0	0.6666666666666666
56450	74	0	5	0.1775	72.0	360.0	0.0
56451	41	0	5	0.095	31.2	156.0	0.6666666666666666
56452	224	0	5	0.5525	59.6	298.0	0.3333333333333333
56453	224	0	5	0.5525	112.8	564.0	0.6666666666666666
56454	80	0	5	0.1925	78.0	390.0	0.0
56455	151	0	5	0.37	33.0	165.0	0.3333333333333333
56456	67	0	5	0.16	65.0	325.0	0.0
56457	192	0	5	0.4725	138.6	693.0	0.3333333333333333
56458	320	0	5	0.7925	258.2	1291.0	0.3333333333333333
56459	42	0	5	0.0975	40.0	200.0	0.0
56460	342	0	5	0.8475	184.0	920.0	0.6666666666666666
56461	356	0	5	0.8825	287.4	1437.0	0.3333333333333333
56462	86	0	5	0.2075	74.6	373.0	0.0
56463	278	0	5	0.6875	121.2	606.0	0.3333333333333333
56464	173	0	5	0.425	131.0	655.0	0.3333333333333333
56465	188	0	5	0.4625	132.2	661.0	0.3333333333333333
56466	359	0	5	0.89	130.0	650.0	0.6666666666666666
56467	320	0	5	0.7925	167.4	837.0	0.6666666666666666
56468	301	0	5	0.745	261.0	1305.0	0.3333333333333333
56469	254	0	5	0.6275	145.8	729.0	0.6666666666666666
56470	102	0	5	0.2475	36.8	184.0	0.3333333333333333
56471	145	0	5	0.355	139.4	697.0	0.0
56472	51	0	5	0.12	30.4	152.0	0.0
56473	191	0	5	0.47	178.6	893.0	0.3333333333333333
56474	312	1	4	0.7775	205.6	1028.0	1.0
56475	188	0	5	0.4625	82.0	410.0	0.0
56476	177	0	5	0.435	136.6	683.0	0.3333333333333333
56477	274	0	5	0.6775	237.8	1189.0	0.3333333333333333
56478	70	0	5	0.1675	51.6	258.0	0.0
56479	147	1	4	0.365	129.0	645.0	1.0
56480	84	0	5	0.2025	70.4	352.0	0.0
56481	387	0	5	0.96	272.6	1363.0	0.6666666666666666
56482	379	0	5	0.94	272.8	1364.0	0.6666666666666666
56483	286	0	5	0.7075	187.4	937.0	0.3333333333333333
56484	131	0	5	0.32	129.0	645.0	0.0
56485	145	0	5	0.355	58.0	290.0	0.6666666666666666
56486	99	0	5	0.24	95.4	477.0	0.0
56487	369	0	5	0.915	136.2	681.0	0.6666666666666666
56488	195	0	5	0.48	100.6	503.0	0.0
56489	266	0	5	0.6575	134.2	671.0	0.3333333333333333
56490	28	0	5	0.0625	24.4	122.0	0.3333333333333333
56491	40	0	5	0.0925	31.6	158.0	0.0
56492	3	0	5	0.0025	0.2	1.0	0.3333333333333333
56493	270	0	5	0.6675	205.2	1026.0	0.6666666666666666
56494	153	0	5	0.375	92.8	464.0	0.0
56495	311	0	5	0.77	215.0	1075.0	0.3333333333333333
56496	84	0	5	0.2025	70.0	350.0	0.3333333333333333
56497	96	0	5	0.2325	63.2	316.0	0.0
56498	283	0	5	0.7	245.8	1229.0	0.0
56499	289	0	5	0.715	240.6	1203.0	0.6666666666666666
56500	206	0	5	0.5075	121.4	607.0	0.3333333333333333
56501	388	0	5	0.9625	247.4	1237.0	0.6666666666666666
56502	383	0	5	0.95	256.2	1281.0	0.6666666666666666
56503	401	0	5	0.995	254.0	1270.0	0.6666666666666666
56504	117	0	5	0.285	92.4	462.0	0.6666666666666666
56505	334	0	5	0.8275	195.0	975.0	0.6666666666666666
56506	316	0	5	0.7825	260.4	1302.0	0.3333333333333333
56507	108	0	5	0.2625	34.0	170.0	0.6666666666666666
56508	229	0	5	0.565	159.0	795.0	0.3333333333333333
56509	268	0	5	0.6625	63.4	317.0	0.3333333333333333
56510	288	0	5	0.7125	211.0	1055.0	0.6666666666666666
56511	108	0	5	0.2625	53.2	266.0	0.3333333333333333
56512	279	0	5	0.69	89.0	445.0	0.6666666666666666
56513	111	0	5	0.27	109.0	545.0	0.0
56514	144	0	5	0.3525	44.4	222.0	0.3333333333333333
56515	319	0	5	0.79	135.8	679.0	0.3333333333333333
56516	347	1	4	0.865	274.8	1374.0	1.0
56517	399	0	5	0.99	161.8	809.0	0.6666666666666666
56518	187	0	5	0.46	111.2	556.0	0.3333333333333333
56519	218	0	5	0.5375	131.4	657.0	0.0
56520	157	0	5	0.385	106.8	534.0	0.3333333333333333
56521	260	0	5	0.6425	94.0	470.0	0.6666666666666666
56522	326	1	4	0.8125	203.4	1017.0	1.0
56523	340	0	5	0.8425	174.0	870.0	0.6666666666666666
56524	56	0	5	0.1325	19.0	95.0	0.6666666666666666
56525	98	0	5	0.2375	26.4	132.0	0.3333333333333333
56526	34	0	5	0.0775	26.2	131.0	0.0
56527	159	0	5	0.39	143.2	716.0	0.0
56528	376	0	5	0.9325	91.6	458.0	0.6666666666666666
56529	205	0	5	0.505	119.8	599.0	0.3333333333333333
56530	277	0	5	0.685	186.2	931.0	0.6666666666666666
56531	212	0	5	0.5225	85.8	429.0	0.6666666666666666
56532	66	0	5	0.1575	42.8	214.0	0.0
56533	22	0	5	0.0475	20.0	100.0	0.0
56534	112	0	5	0.2725	110.0	550.0	0.0
56535	160	0	5	0.3925	112.4	562.0	0.0
56536	282	0	5	0.6975	172.4	862.0	0.6666666666666666
56537	248	0	5	0.6125	194.4	972.0	0.3333333333333333
56538	343	0	5	0.85	220.6	1103.0	0.6666666666666666
56539	384	0	5	0.9525	247.8	1239.0	0.6666666666666666
56540	169	0	5	0.415	160.6	803.0	0.0
56541	46	0	5	0.1075	44.0	220.0	0.0
56542	312	0	5	0.7725	146.0	730.0	0.6666666666666666
56543	215	0	5	0.53	141.0	705.0	0.3333333333333333
56544	365	0	5	0.905	216.0	1080.0	0.3333333333333333
56545	254	0	5	0.6275	158.0	790.0	0.3333333333333333
56546	389	0	5	0.965	135.8	679.0	0.6666666666666666
56547	249	0	5	0.615	50.0	250.0	0.6666666666666666
56548	261	0	5	0.645	147.8	739.0	0.6666666666666666
56549	108	0	5	0.2625	74.8	374.0	0.0
56550	338	0	5	0.8375	130.4	652.0	0.6666666666666666
56551	90	0	5	0.2175	88.0	440.0	0.0
56552	209	0	5	0.515	115.6	578.0	0.6666666666666666
56553	393	0	5	0.975	197.6	988.0	0.6666666666666666
56554	201	0	5	0.495	89.8	449.0	0.3333333333333333
56555	399	0	5	0.99	139.4	697.0	0.6666666666666666
56556	211	0	5	0.52	192.8	964.0	0.0
56557	318	0	5	0.7875	157.2	786.0	0.6666666666666666
56558	78	0	5	0.1875	72.0	360.0	0.0
56559	311	0	5	0.77	83.4	417.0	0.3333333333333333
56560	232	0	5	0.5725	191.4	957.0	0.3333333333333333
56561	310	0	5	0.7675	141.6	708.0	0.0
56562	139	0	5	0.34	81.8	409.0	0.6666666666666666
56563	114	0	5	0.2775	112.0	560.0	0.0
56564	174	0	5	0.4275	38.4	192.0	0.3333333333333333
56565	314	0	5	0.7775	184.8	924.0	0.6666666666666666
56566	386	0	5	0.9575	163.2	816.0	0.6666666666666666
56567	205	0	5	0.505	133.2	666.0	0.6666666666666666
56568	63	0	5	0.15	23.8	119.0	0.6666666666666666
56569	65	0	5	0.155	30.6	153.0	0.0
56570	329	0	5	0.815	169.0	845.0	0.6666666666666666
56571	76	0	5	0.1825	57.0	285.0	0.6666666666666666
56572	226	0	5	0.5575	76.0	380.0	0.6666666666666666
56573	73	0	5	0.175	68.6	343.0	0.0
56574	171	0	5	0.42	169.0	845.0	0.0
56575	230	0	5	0.5675	157.8	789.0	0.3333333333333333
56576	27	0	5	0.06	25.0	125.0	0.0
56577	384	0	5	0.9525	122.4	612.0	0.6666666666666666
56578	242	0	5	0.5975	51.2	256.0	0.3333333333333333
56579	385	0	5	0.955	298.0	1490.0	0.6666666666666666
56580	55	0	5	0.13	29.8	149.0	0.6666666666666666
56581	73	0	5	0.175	70.2	351.0	0.0
56582	252	0	5	0.6225	202.0	1010.0	0.3333333333333333
56583	288	0	5	0.7125	162.4	812.0	0.6666666666666666
56584	91	0	5	0.22	64.6	323.0	0.0
56585	105	0	5	0.255	52.6	263.0	0.3333333333333333
56586	163	0	5	0.4	113.4	567.0	0.0
56587	340	1	4	0.8475	68.6	343.0	1.0
56588	32	0	5	0.0725	30.0	150.0	0.0
56589	226	0	5	0.5575	197.8	989.0	0.0
56590	331	0	5	0.82	217.0	1085.0	0.6666666666666666
56591	11	0	5	0.02	9.0	45.0	0.0
56592	235	0	5	0.58	165.4	827.0	0.6666666666666666
56593	223	0	5	0.55	83.4	417.0	0.6666666666666666
56594	231	0	5	0.57	124.0	620.0	0.0
56595	279	0	5	0.69	151.0	755.0	0.6666666666666666
56596	360	0	5	0.8925	159.6	798.0	0.6666666666666666
56597	187	0	5	0.46	117.0	585.0	0.3333333333333333
56598	296	1	4	0.7375	164.6	823.0	1.0
56599	43	0	5	0.1	27.6	138.0	0.3333333333333333
56600	64	0	5	0.1525	62.0	310.0	0.0
56601	387	0	5	0.96	285.2	1426.0	0.6666666666666666
56602	342	0	5	0.8475	205.4	1027.0	0.6666666666666666
56603	163	0	5	0.4	57.8	289.0	0.3333333333333333
56604	162	1	4	0.4025	58.0	290.0	1.0
56605	142	0	5	0.3475	82.6	413.0	0.3333333333333333
56606	154	0	5	0.3775	128.0	640.0	0.3333333333333333
56607	284	0	5	0.7025	198.6	993.0	0.3333333333333333
56608	367	0	5	0.91	159.8	799.0	0.6666666666666666
56609	247	0	5	0.61	183.4	917.0	0.3333333333333333
56610	196	0	5	0.4825	126.0	630.0	0.6666666666666666
56611	219	0	5	0.54	144.2	721.0	0.3333333333333333
56612	344	0	5	0.8525	327.2	1636.0	0.6666666666666666
56613	206	0	5	0.5075	195.0	975.0	0.3333333333333333
56614	82	0	5	0.1975	80.0	400.0	0.0
56615	190	0	5	0.4675	108.8	544.0	0.6666666666666666
56616	107	0	5	0.26	57.0	285.0	0.3333333333333333
56617	335	1	4	0.835	198.2	991.0	1.0
56618	173	0	5	0.425	170.6	853.0	0.0
56619	312	0	5	0.7725	189.8	949.0	0.6666666666666666
56620	289	0	5	0.715	229.8	1149.0	0.6666666666666666
56621	249	0	5	0.615	125.8	629.0	0.3333333333333333
56622	83	0	5	0.2	37.8	189.0	0.0
56623	49	0	5	0.115	47.0	235.0	0.0
56624	164	1	4	0.4075	97.6	488.0	1.0
56625	215	0	5	0.53	151.8	759.0	0.6666666666666666
56626	212	0	5	0.5225	186.0	930.0	0.3333333333333333
56627	30	0	5	0.0675	28.0	140.0	0.0
56628	216	0	5	0.5325	208.4	1042.0	0.3333333333333333
56629	214	0	5	0.5275	200.8	1004.0	0.3333333333333333
56630	219	0	5	0.54	77.8	389.0	0.3333333333333333
56631	191	0	5	0.47	170.2	851.0	0.3333333333333333
56632	115	0	5	0.28	37.6	188.0	0.6666666666666666
56633	377	1	3	0.94	233.6	1168.0	1.0
56634	51	0	5	0.12	49.0	245.0	0.0
56635	359	0	5	0.89	95.4	477.0	0.6666666666666666
56636	92	0	5	0.2225	90.0	450.0	0.0
56637	328	0	5	0.8125	148.0	740.0	0.6666666666666666
56638	347	0	5	0.86	163.8	819.0	0.3333333333333333
56639	65	0	5	0.155	44.6	223.0	0.0
56640	132	0	5	0.3225	86.4	432.0	0.3333333333333333
56641	175	0	5	0.43	126.4	632.0	0.6666666666666666
56642	231	0	5	0.57	149.6	748.0	0.6666666666666666
56643	379	1	4	0.945	180.0	900.0	1.0
56644	330	0	5	0.8175	199.2	996.0	0.6666666666666666
56645	159	0	5	0.39	156.2	781.0	0.3333333333333333
56646	320	0	5	0.7925	215.2	1076.0	0.3333333333333333
56647	331	0	5	0.82	225.8	1129.0	0.6666666666666666
56648	317	1	4	0.79	198.6	993.0	1.0
56649	358	1	4	0.8925	111.6	558.0	1.0
56650	235	0	5	0.58	143.6	718.0	0.3333333333333333
56651	136	0	5	0.3325	104.0	520.0	0.0
56652	231	0	5	0.57	81.8	409.0	0.6666666666666666
56653	291	0	5	0.72	198.8	994.0	0.3333333333333333
56654	63	0	5	0.15	21.0	105.0	0.3333333333333333
56655	367	1	4	0.915	131.6	658.0	1.0
56656	259	0	5	0.64	97.0	485.0	0.3333333333333333
56657	351	1	3	0.875	330.0	1650.0	1.0
56658	328	0	5	0.8125	112.0	560.0	0.6666666666666666
56659	79	0	5	0.19	67.0	335.0	0.3333333333333333
56660	172	0	5	0.4225	162.4	812.0	0.3333333333333333
56661	296	1	4	0.7375	219.2	1096.0	1.0
56662	213	1	4	0.53	139.8	699.0	1.0
56663	29	0	5	0.065	27.0	135.0	0.0
56664	15	0	5	0.03	13.0	65.0	0.0
56665	103	0	5	0.25	56.0	280.0	0.3333333333333333
56666	100	0	5	0.2425	82.6	413.0	0.3333333333333333
56667	226	0	5	0.5575	134.4	672.0	0.3333333333333333
56668	292	0	5	0.7225	137.4	687.0	0.6666666666666666
56669	5	0	5	0.005	3.0	15.0	0.0
56670	259	0	5	0.64	142.6	713.0	0.6666666666666666
56671	310	0	5	0.7675	298.8	1494.0	0.0
56672	391	1	4	0.975	260.8	1304.0	1.0
56673	28	0	5	0.0625	26.0	130.0	0.0
56674	116	0	5	0.2825	106.2	531.0	0.0
56675	350	0	5	0.8675	122.4	612.0	0.6666666666666666
56676	322	0	5	0.7975	96.8	484.0	0.6666666666666666
56677	202	0	5	0.4975	200.0	1000.0	0.0
56678	180	0	5	0.4425	74.0	370.0	0.3333333333333333
56679	225	0	5	0.555	82.4	412.0	0.6666666666666666
56680	79	0	5	0.19	77.0	385.0	0.0
56681	256	0	5	0.6325	190.8	954.0	0.6666666666666666
56682	131	0	5	0.32	120.2	601.0	0.3333333333333333
56683	150	0	5	0.3675	77.2	386.0	0.3333333333333333
56684	221	0	5	0.545	143.4	717.0	0.3333333333333333
56685	351	0	5	0.87	107.4	537.0	0.3333333333333333
56686	220	0	5	0.5425	75.6	378.0	0.6666666666666666
56687	277	1	4	0.69	135.2	676.0	1.0
56688	75	0	5	0.18	73.0	365.0	0.0
56689	61	0	5	0.145	59.0	295.0	0.0
56690	320	0	5	0.7925	76.4	382.0	0.6666666666666666
56691	180	0	5	0.4425	165.4	827.0	0.3333333333333333
56692	154	0	5	0.3775	152.0	760.0	0.0
56693	128	0	5	0.3125	107.6	538.0	0.6666666666666666
56694	375	0	5	0.93	273.4	1367.0	0.6666666666666666
56695	87	0	5	0.21	49.8	249.0	0.3333333333333333
56696	175	0	5	0.43	95.4	477.0	0.3333333333333333
56697	347	0	5	0.86	255.4	1277.0	0.6666666666666666
56698	139	0	5	0.34	118.6	593.0	0.0
56699	212	0	5	0.5225	149.8	749.0	0.6666666666666666
56700	336	1	3	0.8375	194.2	971.0	1.0
56701	99	0	5	0.24	61.0	305.0	0.3333333333333333
56702	243	1	4	0.605	64.6	323.0	1.0
56703	257	0	5	0.635	106.8	534.0	0.3333333333333333
56704	242	0	5	0.5975	129.6	648.0	0.6666666666666666
56705	236	1	4	0.5875	168.8	844.0	1.0
56706	335	0	5	0.83	286.2	1431.0	0.3333333333333333
56707	265	0	5	0.655	117.4	587.0	0.3333333333333333
56708	160	0	5	0.3925	100.4	502.0	0.6666666666666666
56709	320	0	5	0.7925	250.8	1254.0	0.3333333333333333
56710	334	1	4	0.8325	140.2	701.0	1.0
56711	74	0	5	0.1775	34.8	174.0	0.0
56712	6	0	5	0.0075	4.0	20.0	0.0
56713	376	0	5	0.9325	177.2	886.0	0.6666666666666666
56714	306	0	5	0.7575	120.8	604.0	0.3333333333333333
56715	290	0	5	0.7175	136.0	680.0	0.6666666666666666
56716	90	0	5	0.2175	80.2	401.0	0.0
56717	168	0	5	0.4125	108.0	540.0	0.3333333333333333
56718	168	0	5	0.4125	112.4	562.0	0.0
56719	76	0	5	0.1825	74.0	370.0	0.0
56720	164	0	5	0.4025	128.2	641.0	0.6666666666666666
56721	316	0	5	0.7825	217.2	1086.0	0.3333333333333333
56722	136	0	5	0.3325	116.2	581.0	0.6666666666666666
56723	269	0	5	0.665	141.0	705.0	0.3333333333333333
56724	2	0	5	0.0	0.0	0.0	0.0
56725	176	1	4	0.4375	38.4	192.0	1.0
56726	73	0	5	0.175	32.6	163.0	0.0
56727	395	1	3	0.985	288.8	1444.0	1.0
56728	306	0	5	0.7575	168.2	841.0	0.6666666666666666
56729	220	0	5	0.5425	192.8	964.0	0.3333333333333333
56730	364	1	4	0.9075	175.6	878.0	1.0
56731	357	0	5	0.885	247.4	1237.0	0.6666666666666666
56732	357	0	5	0.885	259.4	1297.0	0.6666666666666666
56733	326	1	4	0.8125	176.6	883.0	1.0
56734	185	0	5	0.455	47.6	238.0	0.6666666666666666
56735	253	0	5	0.625	160.8	804.0	0.0
56736	358	1	4	0.8925	176.4	882.0	1.0
56737	318	0	5	0.7875	202.2	1011.0	0.6666666666666666
56738	395	0	5	0.98	259.6	1298.0	0.6666666666666666
56739	343	1	4	0.855	283.8	1419.0	1.0
56740	235	0	5	0.58	89.0	445.0	0.0
56741	303	0	5	0.75	205.2	1026.0	0.3333333333333333
56742	389	1	4	0.97	205.4	1027.0	1.0
56743	342	1	4	0.8525	248.6	1243.0	1.0
56744	175	0	5	0.43	114.6	573.0	0.3333333333333333
56745	217	0	5	0.535	86.2	431.0	0.3333333333333333
56746	285	0	5	0.705	232.2	1161.0	0.3333333333333333
56747	278	0	5	0.6875	205.2	1026.0	0.0
56748	353	0	5	0.875	302.4	1512.0	0.0
56749	382	0	5	0.9475	81.6	408.0	0.6666666666666666
56750	213	0	5	0.525	110.2	551.0	0.6666666666666666
56751	138	0	5	0.3375	103.6	518.0	0.0
56752	383	1	4	0.955	100.6	503.0	1.0
56753	164	0	5	0.4025	120.4	602.0	0.6666666666666666
56754	137	0	5	0.335	98.6	493.0	0.3333333333333333
56755	103	0	5	0.25	54.2	271.0	0.3333333333333333
56756	142	0	5	0.3475	140.0	700.0	0.0
56757	303	1	4	0.755	162.6	813.0	1.0
56758	122	0	5	0.2975	57.0	285.0	0.3333333333333333
56759	224	0	5	0.5525	112.4	562.0	0.3333333333333333
56760	196	0	5	0.4825	94.4	472.0	0.3333333333333333
56761	10	0	5	0.0175	8.0	40.0	0.0
56762	156	0	5	0.3825	143.6	718.0	0.3333333333333333
56763	68	0	5	0.1625	53.2	266.0	0.3333333333333333
56764	17	0	5	0.035	13.0	65.0	0.3333333333333333
56765	319	1	4	0.795	139.0	695.0	1.0
56766	119	0	5	0.29	77.8	389.0	0.0
56767	301	0	5	0.745	269.0	1345.0	0.3333333333333333
56768	268	0	5	0.6625	199.4	997.0	0.3333333333333333
56769	141	0	5	0.345	80.6	403.0	0.3333333333333333
56770	362	0	5	0.8975	161.2	806.0	0.6666666666666666
56771	139	0	5	0.34	131.0	655.0	0.3333333333333333
56772	188	0	5	0.4625	181.2	906.0	0.0
56773	46	0	5	0.1075	37.2	186.0	0.3333333333333333
56774	63	0	5	0.15	54.2	271.0	0.3333333333333333
56775	313	1	4	0.78	166.2	831.0	1.0
56776	97	0	5	0.235	55.8	279.0	0.3333333333333333
56777	180	0	5	0.4425	178.0	890.0	0.0
56778	236	0	5	0.5825	111.6	558.0	0.6666666666666666
56779	133	0	5	0.325	72.2	361.0	0.3333333333333333
56780	344	0	5	0.8525	162.4	812.0	0.6666666666666666
56781	89	0	5	0.215	87.0	435.0	0.0
56782	170	0	5	0.4175	149.0	745.0	0.3333333333333333
56783	142	0	5	0.3475	94.4	472.0	0.3333333333333333
56784	359	0	5	0.89	182.4	912.0	0.6666666666666666
56785	362	0	5	0.8975	121.6	608.0	0.6666666666666666
56786	241	0	5	0.595	164.8	824.0	0.3333333333333333
56787	152	0	5	0.3725	107.0	535.0	0.3333333333333333
56788	143	0	5	0.35	64.8	324.0	0.0
56789	173	0	5	0.425	69.2	346.0	0.3333333333333333
56790	10	0	5	0.0175	8.0	40.0	0.0
56791	71	0	5	0.17	69.0	345.0	0.0
56792	247	0	5	0.61	104.2	521.0	0.6666666666666666
56793	123	0	5	0.3	107.0	535.0	0.3333333333333333
56794	188	0	5	0.4625	165.2	826.0	0.3333333333333333
56795	169	0	5	0.415	154.6	773.0	0.0
56796	153	0	5	0.375	83.8	419.0	0.0
56797	159	1	4	0.395	138.6	693.0	1.0
56798	235	1	4	0.585	99.0	495.0	1.0
56799	345	1	4	0.86	206.4	1032.0	1.0
56800	125	0	5	0.305	123.0	615.0	0.3333333333333333
56801	319	0	5	0.79	140.0	700.0	0.3333333333333333
56802	336	0	5	0.8325	134.8	674.0	0.6666666666666666
56803	207	0	5	0.51	143.8	719.0	0.0
56804	85	0	5	0.205	67.0	335.0	0.0
56805	256	0	5	0.6325	54.0	270.0	0.0
56806	309	0	5	0.765	231.6	1158.0	0.6666666666666666
56807	196	0	5	0.4825	87.0	435.0	0.6666666666666666
56808	230	0	5	0.5675	92.4	462.0	0.6666666666666666
56809	49	0	5	0.115	47.0	235.0	0.0
56810	5	0	5	0.005	3.0	15.0	0.0
56811	4	0	5	0.0025	2.0	10.0	0.0
56812	190	0	5	0.4675	56.0	280.0	0.6666666666666666
56813	205	0	5	0.505	110.6	553.0	0.6666666666666666
56814	49	0	5	0.115	15.6	78.0	0.3333333333333333
56815	273	0	5	0.675	103.8	519.0	0.3333333333333333
56816	262	0	5	0.6475	158.0	790.0	0.3333333333333333
56817	84	0	5	0.2025	82.0	410.0	0.0
56818	189	0	5	0.465	116.8	584.0	0.0
56819	57	0	5	0.135	45.2	226.0	0.0
56820	300	0	5	0.7425	137.8	689.0	0.6666666666666666
56821	162	0	5	0.3975	111.2	556.0	0.6666666666666666
56822	327	0	5	0.81	205.2	1026.0	0.3333333333333333
56823	136	0	5	0.3325	94.8	474.0	0.3333333333333333
56824	269	0	5	0.665	175.8	879.0	0.6666666666666666
56825	297	0	5	0.735	145.8	729.0	0.6666666666666666
56826	373	0	5	0.925	197.2	986.0	0.6666666666666666
56827	320	0	5	0.7925	93.2	466.0	0.6666666666666666
56828	169	0	5	0.415	129.8	649.0	0.3333333333333333
56829	223	0	5	0.55	221.0	1105.0	0.0
56830	153	0	5	0.375	94.2	471.0	0.3333333333333333
56831	307	0	5	0.76	89.4	447.0	0.6666666666666666
56832	200	0	5	0.4925	134.2	671.0	0.6666666666666666
56833	385	0	5	0.955	344.2	1721.0	0.6666666666666666
56834	367	0	5	0.91	93.4	467.0	0.6666666666666666
56835	265	0	5	0.655	241.8	1209.0	0.6666666666666666
56836	304	0	5	0.7525	117.6	588.0	0.6666666666666666
56837	97	0	5	0.235	66.2	331.0	0.3333333333333333
56838	36	0	5	0.0825	34.0	170.0	0.0
56839	204	0	5	0.5025	132.0	660.0	0.6666666666666666
56840	46	0	5	0.1075	44.0	220.0	0.0
56841	75	0	5	0.18	40.6	203.0	0.0
56842	118	0	5	0.2875	116.0	580.0	0.0
56843	67	0	5	0.16	65.0	325.0	0.0
56844	366	0	5	0.9075	110.8	554.0	0.6666666666666666
56845	106	0	5	0.2575	52.8	264.0	0.3333333333333333
56846	129	0	5	0.315	54.4	272.0	0.3333333333333333
56847	298	1	4	0.7425	182.8	914.0	1.0
56848	172	0	5	0.4225	170.0	850.0	0.0
56849	172	0	5	0.4225	154.0	770.0	0.0
56850	123	0	5	0.3	47.4	237.0	0.6666666666666666
56851	282	0	5	0.6975	184.8	924.0	0.6666666666666666
56852	87	0	5	0.21	36.4	182.0	0.0
56853	109	0	5	0.265	107.0	535.0	0.0
56854	255	0	5	0.63	225.8	1129.0	0.6666666666666666
56855	302	0	5	0.7475	232.6	1163.0	0.6666666666666666
56856	84	0	5	0.2025	72.0	360.0	0.0
56857	238	0	5	0.5875	153.2	766.0	0.0
56858	388	0	5	0.9625	278.8	1394.0	0.6666666666666666
56859	102	0	5	0.2475	97.6	488.0	0.3333333333333333
56860	275	0	5	0.68	134.0	670.0	0.3333333333333333
56861	365	0	5	0.905	242.8	1214.0	0.6666666666666666
56862	269	0	5	0.665	186.8	934.0	0.6666666666666666
56863	266	1	4	0.6625	64.4	322.0	1.0
56864	216	0	5	0.5325	181.2	906.0	0.6666666666666666
56865	280	0	5	0.6925	75.2	376.0	0.3333333333333333
56866	310	1	4	0.7725	176.4	882.0	1.0
56867	193	0	5	0.475	172.8	864.0	0.6666666666666666
56868	191	0	5	0.47	159.2	796.0	0.3333333333333333
56869	295	0	5	0.73	198.2	991.0	0.0
56870	370	0	5	0.9175	218.4	1092.0	0.6666666666666666
56871	369	0	5	0.915	83.0	415.0	0.6666666666666666
56872	353	0	5	0.875	309.4	1547.0	0.3333333333333333
56873	44	0	5	0.1025	42.0	210.0	0.0
56874	248	1	4	0.6175	87.2	436.0	1.0
56875	87	0	5	0.21	81.0	405.0	0.3333333333333333
56876	388	0	5	0.9625	166.4	832.0	0.6666666666666666
56877	241	0	5	0.595	197.2	986.0	0.3333333333333333
56878	24	0	5	0.0525	22.0	110.0	0.0
56879	283	0	5	0.7	199.8	999.0	0.6666666666666666
56880	225	0	5	0.555	144.6	723.0	0.3333333333333333
56881	308	0	5	0.7625	227.6	1138.0	0.3333333333333333
56882	175	0	5	0.43	164.2	821.0	0.0
56883	190	0	5	0.4675	188.0	940.0	0.0
56884	12	0	5	0.0225	10.0	50.0	0.0
56885	379	0	5	0.94	241.6	1208.0	0.6666666666666666
56886	295	0	5	0.73	186.6	933.0	0.6666666666666666
56887	213	0	5	0.525	111.2	556.0	0.6666666666666666
56888	234	0	5	0.5775	209.6	1048.0	0.3333333333333333
56889	348	1	4	0.8675	135.2	676.0	1.0
56890	242	0	5	0.5975	115.0	575.0	0.6666666666666666
56891	308	0	5	0.7625	290.6	1453.0	0.3333333333333333
56892	238	1	4	0.5925	155.6	778.0	1.0
56893	28	0	5	0.0625	12.8	64.0	0.0
56894	310	1	4	0.7725	202.8	1014.0	1.0
56895	317	1	4	0.79	219.8	1099.0	1.0
56896	261	0	5	0.645	206.4	1032.0	0.3333333333333333
56897	156	0	5	0.3825	137.2	686.0	0.0
56898	138	0	5	0.3375	123.6	618.0	0.3333333333333333
56899	260	0	5	0.6425	66.8	334.0	0.3333333333333333
56900	121	1	4	0.3	65.4	327.0	1.0
56901	250	0	5	0.6175	197.4	987.0	0.3333333333333333
56902	305	0	5	0.755	214.0	1070.0	0.3333333333333333
56903	82	0	5	0.1975	63.2	316.0	0.0
56904	75	0	5	0.18	41.8	209.0	0.3333333333333333
56905	318	1	4	0.7925	248.2	1241.0	1.0
56906	17	0	5	0.035	13.8	69.0	0.3333333333333333
56907	326	1	4	0.8125	213.2	1066.0	1.0
56908	237	0	5	0.585	123.0	615.0	0.6666666666666666
56909	361	0	5	0.895	309.2	1546.0	0.6666666666666666
56910	343	0	5	0.85	226.0	1130.0	0.3333333333333333
56911	74	0	5	0.1775	56.8	284.0	0.0
56912	125	0	5	0.305	64.2	321.0	0.3333333333333333
56913	46	0	5	0.1075	25.6	128.0	0.6666666666666666
56914	19	0	5	0.04	17.0	85.0	0.0
56915	31	0	5	0.07	25.8	129.0	0.0
56916	393	0	5	0.975	260.0	1300.0	0.6666666666666666
56917	274	0	5	0.6775	225.4	1127.0	0.3333333333333333
56918	113	0	5	0.275	48.0	240.0	0.6666666666666666
56919	334	0	5	0.8275	254.0	1270.0	0.0
56920	112	0	5	0.2725	78.2	391.0	0.6666666666666666
56921	318	0	5	0.7875	188.4	942.0	0.6666666666666666
56922	30	0	5	0.0675	28.0	140.0	0.0
56923	177	0	5	0.435	82.0	410.0	0.6666666666666666
56924	41	0	5	0.095	33.0	165.0	0.0
56925	224	0	5	0.5525	149.6	748.0	0.3333333333333333
56926	304	0	5	0.7525	170.6	853.0	0.6666666666666666
56927	289	0	5	0.715	201.4	1007.0	0.6666666666666666
56928	33	0	5	0.075	24.0	120.0	0.3333333333333333
56929	108	0	5	0.2625	94.2	471.0	0.3333333333333333
56930	103	0	5	0.25	98.0	490.0	0.3333333333333333
56931	267	0	5	0.66	211.4	1057.0	0.6666666666666666
56932	262	0	5	0.6475	118.4	592.0	0.0
56933	293	0	5	0.725	223.2	1116.0	0.6666666666666666
56934	399	1	4	0.995	269.6	1348.0	1.0
56935	87	0	5	0.21	59.4	297.0	0.3333333333333333
56936	283	1	4	0.705	180.6	903.0	1.0
56937	84	0	5	0.2025	69.0	345.0	0.6666666666666666
56938	281	0	5	0.695	208.8	1044.0	0.0
56939	233	0	5	0.575	167.2	836.0	0.6666666666666666
56940	224	0	5	0.5525	141.4	707.0	0.6666666666666666
56941	101	0	5	0.245	99.0	495.0	0.0
56942	290	1	4	0.7225	142.2	711.0	1.0
56943	43	0	5	0.1	24.8	124.0	0.0
56944	138	0	5	0.3375	82.8	414.0	0.0
56945	368	1	4	0.9175	215.4	1077.0	1.0
56946	89	0	5	0.215	80.4	402.0	0.6666666666666666
56947	264	1	4	0.6575	175.6	878.0	1.0
56948	63	0	5	0.15	39.0	195.0	0.3333333333333333
56949	251	0	5	0.62	131.2	656.0	0.3333333333333333
56950	209	0	5	0.515	119.8	599.0	0.6666666666666666
56951	253	0	5	0.625	140.4	702.0	0.3333333333333333
56952	158	1	4	0.3925	123.0	615.0	1.0
56953	43	0	5	0.1	39.8	199.0	0.0
56954	324	0	5	0.8025	111.0	555.0	0.6666666666666666
56955	107	0	5	0.26	21.4	107.0	0.0
56956	185	0	5	0.455	136.2	681.0	0.3333333333333333
56957	356	0	5	0.8825	168.4	842.0	0.6666666666666666
56958	161	0	5	0.395	159.0	795.0	0.0
56959	274	0	5	0.6775	138.8	694.0	0.6666666666666666
56960	388	0	5	0.9625	296.0	1480.0	0.6666666666666666
56961	115	0	5	0.28	58.6	293.0	0.3333333333333333
56962	145	0	5	0.355	46.2	231.0	0.3333333333333333
56963	267	0	5	0.66	167.8	839.0	0.0
56964	137	0	5	0.335	84.2	421.0	0.0
56965	214	0	5	0.5275	61.8	309.0	0.3333333333333333
56966	271	0	5	0.67	147.0	735.0	0.6666666666666666
56967	372	1	4	0.9275	196.0	980.0	1.0
56968	327	0	5	0.81	125.2	626.0	0.6666666666666666
56969	260	0	5	0.6425	211.6	1058.0	0.6666666666666666
56970	352	0	5	0.8725	253.2	1266.0	0.0
56971	158	0	5	0.3875	140.0	700.0	0.3333333333333333
56972	74	0	5	0.1775	23.2	116.0	0.6666666666666666
56973	275	0	5	0.68	225.8	1129.0	0.0
56974	292	1	4	0.7275	77.6	388.0	1.0
56975	220	0	5	0.5425	126.0	630.0	0.0
56976	213	0	5	0.525	135.4	677.0	0.3333333333333333
56977	145	0	5	0.355	143.0	715.0	0.0
56978	234	0	5	0.5775	136.6	683.0	0.3333333333333333
56979	105	0	5	0.255	63.8	319.0	0.3333333333333333
56980	395	1	4	0.985	321.0	1605.0	1.0
56981	327	0	5	0.81	264.6	1323.0	0.0
56982	314	0	5	0.7775	228.2	1141.0	0.3333333333333333
56983	207	0	5	0.51	146.4	732.0	0.3333333333333333
56984	107	0	5	0.26	98.4	492.0	0.0
56985	102	0	5	0.2475	87.4	437.0	0.6666666666666666
56986	107	0	5	0.26	93.6	468.0	0.0
56987	320	0	5	0.7925	157.0	785.0	0.6666666666666666
56988	318	0	5	0.7875	222.4	1112.0	0.6666666666666666
56989	9	0	5	0.015	7.0	35.0	0.0
56990	104	0	5	0.2525	80.0	400.0	0.3333333333333333
56991	31	0	5	0.07	18.8	94.0	0.3333333333333333
56992	131	0	5	0.32	79.8	399.0	0.3333333333333333
56993	123	0	5	0.3	95.6	478.0	0.3333333333333333
56994	82	0	5	0.1975	28.0	140.0	0.3333333333333333
56995	77	0	5	0.185	47.4	237.0	0.3333333333333333
56996	233	0	5	0.575	149.4	747.0	0.3333333333333333
56997	390	1	4	0.9725	154.8	774.0	1.0
56998	138	0	5	0.3375	92.0	460.0	0.3333333333333333
56999	7	0	5	0.01	5.0	25.0	0.0
57000	266	0	5	0.6575	159.2	796.0	0.0
57001	180	0	5	0.4425	38.8	194.0	0.6666666666666666
57002	371	0	5	0.92	182.2	911.0	0.6666666666666666
57003	391	0	5	0.97	223.8	1119.0	0.6666666666666666
57004	213	0	5	0.525	172.2	861.0	0.6666666666666666
57005	380	0	5	0.9425	333.2	1666.0	0.3333333333333333
57006	327	0	5	0.81	162.0	810.0	0.3333333333333333
57007	237	0	5	0.585	209.8	1049.0	0.3333333333333333
57008	232	0	5	0.5725	202.4	1012.0	0.3333333333333333
57009	201	0	5	0.495	148.6	743.0	0.0
57010	51	0	5	0.12	49.0	245.0	0.0
57011	3	0	5	0.0025	0.4	2.0	0.3333333333333333
57012	38	0	5	0.0875	36.0	180.0	0.0
57013	356	0	5	0.8825	178.4	892.0	0.6666666666666666
57014	296	0	5	0.7325	138.0	690.0	0.6666666666666666
57015	339	0	5	0.84	117.8	589.0	0.6666666666666666
57016	197	0	5	0.485	182.2	911.0	0.3333333333333333
57017	84	0	5	0.2025	65.2	326.0	0.3333333333333333
57018	171	0	5	0.42	169.0	845.0	0.0
57019	169	0	5	0.415	86.6	433.0	0.6666666666666666
57020	95	0	5	0.23	24.2	121.0	0.3333333333333333
57021	306	0	5	0.7575	207.2	1036.0	0.6666666666666666
57022	399	0	5	0.99	190.6	953.0	0.6666666666666666
57023	373	0	5	0.925	193.8	969.0	0.6666666666666666
57024	210	0	5	0.5175	48.8	244.0	0.3333333333333333
57025	234	0	5	0.5775	112.8	564.0	0.3333333333333333
57026	188	0	5	0.4625	98.4	492.0	0.3333333333333333
57027	260	0	5	0.6425	75.0	375.0	0.3333333333333333
57028	350	0	5	0.8675	238.4	1192.0	0.6666666666666666
57029	314	0	5	0.7775	260.0	1300.0	0.6666666666666666
57030	286	0	5	0.7075	215.2	1076.0	0.6666666666666666
57031	369	0	5	0.915	76.6	383.0	0.6666666666666666
57032	130	0	5	0.3175	123.8	619.0	0.3333333333333333
57033	27	0	5	0.06	17.2	86.0	0.0
57034	257	0	5	0.635	210.0	1050.0	0.6666666666666666
57035	198	0	5	0.4875	39.4	197.0	0.3333333333333333
57036	390	0	5	0.9675	212.8	1064.0	0.6666666666666666
57037	6	0	5	0.0075	4.0	20.0	0.0
57038	24	0	5	0.0525	22.0	110.0	0.0
57039	238	0	5	0.5875	147.2	736.0	0.3333333333333333
57040	312	0	5	0.7725	86.6	433.0	0.6666666666666666
57041	153	0	5	0.375	139.4	697.0	0.0
57042	211	0	5	0.52	110.6	553.0	0.6666666666666666
57043	290	0	5	0.7175	237.6	1188.0	0.3333333333333333
57044	255	1	4	0.635	95.2	476.0	1.0
57045	385	0	5	0.955	200.2	1001.0	0.6666666666666666
57046	366	0	5	0.9075	217.0	1085.0	0.6666666666666666
57047	147	0	5	0.36	81.4	407.0	0.3333333333333333
57048	315	0	5	0.78	167.2	836.0	0.3333333333333333
57049	178	0	5	0.4375	120.0	600.0	0.0
57050	55	0	5	0.13	53.0	265.0	0.0
57051	271	0	5	0.67	150.2	751.0	0.6666666666666666
57052	113	0	5	0.275	111.0	555.0	0.0
57053	242	0	5	0.5975	225.0	1125.0	0.0
57054	199	0	5	0.49	76.2	381.0	0.6666666666666666
57055	156	0	5	0.3825	128.4	642.0	0.0
57056	157	0	5	0.385	111.4	557.0	0.3333333333333333
57057	211	1	4	0.525	111.4	557.0	1.0
57058	71	0	5	0.17	69.0	345.0	0.0
57059	85	1	3	0.21	80.4	402.0	1.0
57060	90	0	5	0.2175	37.6	188.0	0.0
57061	249	0	5	0.615	233.0	1165.0	0.3333333333333333
57062	320	0	5	0.7925	211.2	1056.0	0.0
57063	130	0	5	0.3175	112.4	562.0	0.3333333333333333
57064	309	0	5	0.765	209.0	1045.0	0.6666666666666666
57065	217	0	5	0.535	167.4	837.0	0.0
57066	97	0	5	0.235	42.8	214.0	0.3333333333333333
57067	131	0	5	0.32	97.8	489.0	0.0
57068	157	0	5	0.385	155.0	775.0	0.0
57069	80	0	5	0.1925	64.2	321.0	0.0
57070	343	0	5	0.85	108.2	541.0	0.6666666666666666
57071	258	1	4	0.6425	220.8	1104.0	1.0
57072	129	0	5	0.315	58.2	291.0	0.3333333333333333
57073	390	0	5	0.9675	130.4	652.0	0.6666666666666666
57074	217	1	4	0.54	115.8	579.0	1.0
57075	156	0	5	0.3825	140.8	704.0	0.0
57076	112	0	5	0.2725	92.4	462.0	0.0
57077	47	0	5	0.11	18.0	90.0	0.3333333333333333
57078	73	0	5	0.175	71.0	355.0	0.0
57079	41	0	5	0.095	26.4	132.0	0.3333333333333333
57080	279	0	5	0.69	206.2	1031.0	0.3333333333333333
57081	91	0	5	0.22	67.8	339.0	0.0
57082	269	1	4	0.67	190.4	952.0	1.0
57083	265	0	5	0.655	142.2	711.0	0.3333333333333333
57084	395	0	5	0.98	186.8	934.0	0.6666666666666666
57085	324	0	5	0.8025	171.8	859.0	0.6666666666666666
57086	237	0	5	0.585	187.0	935.0	0.6666666666666666
57087	178	0	5	0.4375	147.6	738.0	0.6666666666666666
57088	201	0	5	0.495	95.0	475.0	0.3333333333333333
57089	120	0	5	0.2925	118.0	590.0	0.0
57090	215	0	5	0.53	180.2	901.0	0.3333333333333333
57091	112	0	5	0.2725	58.0	290.0	0.3333333333333333
57092	310	0	5	0.7675	211.6	1058.0	0.6666666666666666
57093	365	1	4	0.91	114.6	573.0	1.0
57094	31	0	5	0.07	17.4	87.0	0.3333333333333333
57095	174	0	5	0.4275	118.4	592.0	0.3333333333333333
57096	225	0	5	0.555	191.8	959.0	0.3333333333333333
57097	340	0	5	0.8425	277.4	1387.0	0.0
57098	370	0	5	0.9175	192.2	961.0	0.3333333333333333
57099	280	0	5	0.6925	112.0	560.0	0.6666666666666666
57100	154	0	5	0.3775	99.2	496.0	0.3333333333333333
57101	342	0	5	0.8475	242.2	1211.0	0.6666666666666666
57102	253	0	5	0.625	132.6	663.0	0.0
57103	11	0	5	0.02	9.0	45.0	0.0
57104	161	0	5	0.395	156.6	783.0	0.3333333333333333
57105	73	0	5	0.175	30.8	154.0	0.6666666666666666
57106	234	0	5	0.5775	105.0	525.0	0.6666666666666666
57107	155	0	5	0.38	143.4	717.0	0.0
57108	381	0	5	0.945	221.0	1105.0	0.6666666666666666
57109	310	0	5	0.7675	270.4	1352.0	0.3333333333333333
57110	265	0	5	0.655	175.4	877.0	0.6666666666666666
57111	10	0	5	0.0175	8.0	40.0	0.0
57112	158	0	5	0.3875	122.0	610.0	0.3333333333333333
57113	314	0	5	0.7775	253.6	1268.0	0.3333333333333333
57114	84	0	5	0.2025	82.0	410.0	0.3333333333333333
57115	11	0	5	0.02	9.0	45.0	0.0
57116	347	1	4	0.865	87.8	439.0	1.0
57117	67	0	5	0.16	65.0	325.0	0.0
57118	316	0	5	0.7825	156.0	780.0	0.3333333333333333
57119	294	0	5	0.7275	164.2	821.0	0.6666666666666666
57120	115	0	5	0.28	81.4	407.0	0.0
57121	197	0	5	0.485	182.6	913.0	0.0
57122	317	0	5	0.785	185.4	927.0	0.3333333333333333
57123	252	0	5	0.6225	120.6	603.0	0.3333333333333333
57124	84	0	5	0.2025	82.0	410.0	0.0
57125	333	0	5	0.825	208.6	1043.0	0.3333333333333333
57126	21	0	5	0.045	19.0	95.0	0.0
57127	169	0	5	0.415	152.0	760.0	0.3333333333333333
57128	61	0	5	0.145	55.6	278.0	0.3333333333333333
57129	74	0	5	0.1775	72.0	360.0	0.0
57130	370	0	5	0.9175	207.4	1037.0	0.6666666666666666
57131	156	0	5	0.3825	137.4	687.0	0.3333333333333333
57132	340	0	5	0.8425	210.4	1052.0	0.6666666666666666
57133	302	0	5	0.7475	158.2	791.0	0.3333333333333333
57134	261	0	5	0.645	152.8	764.0	0.0
57135	398	0	5	0.9875	136.8	684.0	0.6666666666666666
57136	19	0	5	0.04	17.0	85.0	0.0
57137	227	0	5	0.56	113.0	565.0	0.6666666666666666
57138	115	1	4	0.285	91.8	459.0	1.0
57139	218	0	5	0.5375	148.2	741.0	0.3333333333333333
57140	368	0	5	0.9125	212.8	1064.0	0.6666666666666666
57141	346	0	5	0.8575	168.8	844.0	0.6666666666666666
57142	104	0	5	0.2525	94.0	470.0	0.3333333333333333
57143	361	0	5	0.895	240.0	1200.0	0.6666666666666666
57144	209	0	5	0.515	62.2	311.0	0.3333333333333333
57145	53	0	5	0.125	51.0	255.0	0.0
57146	318	1	4	0.7925	130.6	653.0	1.0
57147	112	0	5	0.2725	103.6	518.0	0.0
57148	74	0	5	0.1775	42.4	212.0	0.0
57149	179	0	5	0.44	121.4	607.0	0.0
57150	155	1	4	0.385	127.0	635.0	1.0
57151	186	0	5	0.4575	184.0	920.0	0.3333333333333333
57152	389	0	5	0.965	178.4	892.0	0.6666666666666666
57153	314	0	5	0.7775	241.8	1209.0	0.3333333333333333
57154	383	1	4	0.955	226.6	1133.0	1.0
57155	151	0	5	0.37	89.6	448.0	0.3333333333333333
57156	192	0	5	0.4725	82.8	414.0	0.0
57157	147	0	5	0.36	89.2	446.0	0.3333333333333333
57158	2	0	5	0.0	0.0	0.0	0.0
57159	361	0	5	0.895	175.0	875.0	0.6666666666666666
57160	284	0	5	0.7025	187.4	937.0	0.6666666666666666
57161	387	0	5	0.96	265.6	1328.0	0.6666666666666666
57162	234	0	5	0.5775	82.4	412.0	0.6666666666666666
57163	239	0	5	0.59	235.8	1179.0	0.0
57164	332	0	5	0.8225	261.2	1306.0	0.6666666666666666
57165	216	0	5	0.5325	66.8	334.0	0.3333333333333333
57166	162	0	5	0.3975	150.4	752.0	0.3333333333333333
57167	19	0	5	0.04	17.0	85.0	0.0
57168	272	0	5	0.6725	174.0	870.0	0.3333333333333333
57169	345	1	4	0.86	232.8	1164.0	1.0
57170	264	0	5	0.6525	170.6	853.0	0.6666666666666666
57171	343	0	5	0.85	250.6	1253.0	0.0
57172	202	0	5	0.4975	114.0	570.0	0.6666666666666666
57173	113	0	5	0.275	111.0	555.0	0.0
57174	261	0	5	0.645	194.2	971.0	0.3333333333333333
57175	12	0	5	0.0225	10.0	50.0	0.0
57176	72	0	5	0.1725	70.0	350.0	0.0
57177	92	0	5	0.2225	90.0	450.0	0.0
57178	354	0	5	0.8775	283.2	1416.0	0.3333333333333333
57179	25	0	5	0.055	19.8	99.0	0.3333333333333333
57180	267	1	4	0.665	225.4	1127.0	1.0
57181	36	0	5	0.0825	34.0	170.0	0.0
57182	126	0	5	0.3075	67.8	339.0	0.3333333333333333
57183	148	0	5	0.3625	127.8	639.0	0.6666666666666666
57184	47	0	5	0.11	25.8	129.0	0.3333333333333333
57185	90	0	5	0.2175	43.8	219.0	0.3333333333333333
57186	129	0	5	0.315	120.6	603.0	0.0
57187	194	0	5	0.4775	113.4	567.0	0.0
57188	346	0	5	0.8575	279.4	1397.0	0.3333333333333333
57189	16	0	5	0.0325	10.0	50.0	0.3333333333333333
57190	31	0	5	0.07	23.6	118.0	0.0
57191	400	0	5	0.9925	219.0	1095.0	0.6666666666666666
57192	179	0	5	0.44	107.4	537.0	0.0
57193	4	0	5	0.0025	2.0	10.0	0.0
57194	334	1	4	0.8325	167.0	835.0	1.0
57195	392	1	4	0.9775	141.0	705.0	1.0
57196	192	0	5	0.4725	190.0	950.0	0.3333333333333333
57197	67	0	5	0.16	65.0	325.0	0.0
57198	316	1	3	0.7875	168.4	842.0	1.0
57199	117	0	5	0.285	81.2	406.0	0.3333333333333333
57200	58	0	5	0.1375	32.8	164.0	0.3333333333333333
57201	248	0	5	0.6125	197.8	989.0	0.6666666666666666
57202	347	0	5	0.86	168.6	843.0	0.6666666666666666
57203	38	0	5	0.0875	36.0	180.0	0.0
57204	356	0	5	0.8825	314.4	1572.0	0.3333333333333333
57205	271	0	5	0.67	112.6	563.0	0.3333333333333333
57206	90	0	5	0.2175	88.0	440.0	0.0
57207	207	0	5	0.51	169.4	847.0	0.3333333333333333
57208	116	0	5	0.2825	76.8	384.0	0.3333333333333333
57209	286	0	5	0.7075	173.6	868.0	0.3333333333333333
57210	5	0	5	0.005	3.0	15.0	0.0
57211	127	0	5	0.31	78.2	391.0	0.3333333333333333
57212	344	0	5	0.8525	127.6	638.0	0.6666666666666666
57213	108	0	5	0.2625	86.8	434.0	0.3333333333333333
57214	291	0	5	0.72	231.4	1157.0	0.6666666666666666
57215	183	0	5	0.45	144.4	722.0	0.3333333333333333
57216	346	0	5	0.8575	213.8	1069.0	0.3333333333333333
57217	71	0	5	0.17	63.4	317.0	0.0
57218	106	0	5	0.2575	39.2	196.0	0.3333333333333333
57219	320	0	5	0.7925	93.8	469.0	0.3333333333333333
57220	104	0	5	0.2525	22.0	110.0	0.0
57221	174	0	5	0.4275	117.4	587.0	0.3333333333333333
57222	180	0	5	0.4425	62.0	310.0	0.6666666666666666
57223	97	0	5	0.235	56.6	283.0	0.3333333333333333
57224	310	0	5	0.7675	136.0	680.0	0.6666666666666666
57225	146	0	5	0.3575	133.8	669.0	0.0
57226	320	0	5	0.7925	133.2	666.0	0.6666666666666666
57227	105	0	5	0.255	102.6	513.0	0.0
57228	71	0	5	0.17	67.4	337.0	0.3333333333333333
57229	272	0	5	0.6725	104.6	523.0	0.0
57230	143	0	5	0.35	84.2	421.0	0.0
57231	364	0	5	0.9025	302.6	1513.0	0.6666666666666666
57232	202	0	5	0.4975	149.8	749.0	0.3333333333333333
57233	91	0	5	0.22	71.8	359.0	0.3333333333333333
57234	386	1	4	0.9625	260.8	1304.0	1.0
57235	140	0	5	0.3425	104.4	522.0	0.0
57236	53	0	5	0.125	10.4	52.0	0.3333333333333333
57237	196	0	5	0.4825	192.4	962.0	0.6666666666666666
57238	247	0	5	0.61	139.2	696.0	0.6666666666666666
57239	275	0	5	0.68	101.2	506.0	0.6666666666666666
57240	280	0	5	0.6925	278.0	1390.0	0.3333333333333333
57241	103	0	5	0.25	96.6	483.0	0.0
57242	368	0	5	0.9125	152.4	762.0	0.6666666666666666
57243	338	1	4	0.8425	193.2	966.0	1.0
57244	96	0	5	0.2325	50.2	251.0	0.3333333333333333
57245	341	0	5	0.845	144.8	724.0	0.6666666666666666
57246	146	0	5	0.3575	100.0	500.0	0.0
57247	73	0	5	0.175	71.0	355.0	0.0
57248	334	0	5	0.8275	269.6	1348.0	0.6666666666666666
57249	259	0	5	0.64	161.0	805.0	0.3333333333333333
57250	355	0	5	0.88	270.2	1351.0	0.6666666666666666
57251	382	0	5	0.9475	144.0	720.0	0.6666666666666666
57252	339	0	5	0.84	191.8	959.0	0.6666666666666666
57253	265	1	4	0.66	125.6	628.0	1.0
57254	228	0	5	0.5625	171.2	856.0	0.3333333333333333
57255	263	0	5	0.65	201.0	1005.0	0.6666666666666666
57256	372	1	3	0.9275	307.6	1538.0	1.0
57257	197	0	5	0.485	139.8	699.0	0.3333333333333333
57258	35	0	5	0.08	33.0	165.0	0.3333333333333333
57259	29	0	5	0.065	27.0	135.0	0.0
57260	132	0	5	0.3225	112.4	562.0	0.3333333333333333
57261	276	0	5	0.6825	122.6	613.0	0.6666666666666666
57262	183	0	5	0.45	75.4	377.0	0.3333333333333333
57263	138	0	5	0.3375	136.0	680.0	0.0
57264	139	0	5	0.34	73.0	365.0	0.0
57265	310	0	5	0.7675	276.8	1384.0	0.6666666666666666
57266	3	0	5	0.0025	0.2	1.0	0.3333333333333333
57267	301	1	4	0.75	71.8	359.0	1.0
57268	380	0	5	0.9425	294.4	1472.0	0.6666666666666666
57269	230	0	5	0.5675	228.0	1140.0	0.3333333333333333
57270	119	0	5	0.29	42.6	213.0	0.3333333333333333
57271	29	0	5	0.065	27.0	135.0	0.0
57272	247	0	5	0.61	170.2	851.0	0.0
57273	64	0	5	0.1525	50.0	250.0	0.0
57274	355	1	4	0.885	146.4	732.0	1.0
57275	345	0	5	0.855	203.4	1017.0	0.6666666666666666
57276	105	0	5	0.255	93.4	467.0	0.3333333333333333
57277	212	0	5	0.5225	161.6	808.0	0.0
57278	225	0	5	0.555	162.2	811.0	0.6666666666666666
57279	131	0	5	0.32	129.0	645.0	0.0
57280	316	1	4	0.7875	162.8	814.0	1.0
57281	368	1	4	0.9175	260.2	1301.0	1.0
57282	393	1	4	0.98	108.0	540.0	1.0
57283	247	0	5	0.61	209.0	1045.0	0.6666666666666666
57284	364	1	4	0.9075	228.0	1140.0	1.0
57285	193	0	5	0.475	75.0	375.0	0.3333333333333333
57286	390	0	5	0.9675	230.4	1152.0	0.6666666666666666
57287	295	0	5	0.73	149.4	747.0	0.6666666666666666
57288	2	0	5	0.0	0.0	0.0	0.0
57289	63	0	5	0.15	37.0	185.0	0.3333333333333333
57290	239	0	5	0.59	156.2	781.0	0.6666666666666666
57291	213	0	5	0.525	141.4	707.0	0.0
57292	213	0	5	0.525	148.2	741.0	0.3333333333333333
57293	184	0	5	0.4525	162.2	811.0	0.0
57294	236	0	5	0.5825	142.2	711.0	0.6666666666666666
57295	354	1	4	0.8825	217.0	1085.0	1.0
57296	62	0	5	0.1475	60.0	300.0	0.0
57297	338	0	5	0.8375	151.8	759.0	0.3333333333333333
57298	200	0	5	0.4925	150.2	751.0	0.6666666666666666
57299	183	0	5	0.45	155.4	777.0	0.3333333333333333
57300	351	1	4	0.875	192.0	960.0	1.0
57301	190	0	5	0.4675	45.6	228.0	0.3333333333333333
57302	7	0	5	0.01	5.0	25.0	0.0
57303	136	0	5	0.3325	78.0	390.0	0.3333333333333333
57304	284	0	5	0.7025	220.0	1100.0	0.3333333333333333
57305	345	1	4	0.86	137.8	689.0	1.0
57306	184	0	5	0.4525	136.2	681.0	0.3333333333333333
57307	310	1	4	0.7725	170.2	851.0	1.0
57308	245	1	4	0.61	106.6	533.0	1.0
57309	295	0	5	0.73	239.4	1197.0	0.0
57310	10	0	5	0.0175	8.0	40.0	0.0
57311	146	0	5	0.3575	102.4	512.0	0.6666666666666666
57312	138	0	5	0.3375	136.0	680.0	0.0
57313	93	0	5	0.225	57.4	287.0	0.3333333333333333
57314	140	0	5	0.3425	115.6	578.0	0.3333333333333333
57315	246	0	5	0.6075	198.6	993.0	0.0
57316	125	0	5	0.305	100.2	501.0	0.0
57317	151	0	5	0.37	81.2	406.0	0.3333333333333333
57318	37	0	5	0.085	35.0	175.0	0.0
57319	104	0	5	0.2525	102.0	510.0	0.0
57320	213	0	5	0.525	107.8	539.0	0.3333333333333333
57321	170	0	5	0.4175	83.4	417.0	0.3333333333333333
57322	113	0	5	0.275	60.6	303.0	0.6666666666666666
57323	212	0	5	0.5225	184.8	924.0	0.3333333333333333
57324	148	0	5	0.3625	38.0	190.0	0.3333333333333333
57325	323	0	5	0.8	72.2	361.0	0.3333333333333333
57326	351	1	4	0.875	168.8	844.0	1.0
57327	44	0	5	0.1025	35.0	175.0	0.0
57328	165	0	5	0.405	134.6	673.0	0.3333333333333333
57329	146	0	5	0.3575	43.8	219.0	0.6666666666666666
57330	113	0	5	0.275	74.4	372.0	0.0
57331	219	0	5	0.54	175.0	875.0	0.3333333333333333
57332	270	0	5	0.6675	184.2	921.0	0.3333333333333333
57333	198	0	5	0.4875	163.4	817.0	0.3333333333333333
57334	380	0	5	0.9425	127.0	635.0	0.6666666666666666
57335	135	0	5	0.33	103.8	519.0	0.3333333333333333
57336	180	0	5	0.4425	146.2	731.0	0.3333333333333333
57337	102	0	5	0.2475	76.4	382.0	0.3333333333333333
57338	54	0	5	0.1275	42.4	212.0	0.3333333333333333
57339	57	0	5	0.135	44.2	221.0	0.0
57340	55	0	5	0.13	53.0	265.0	0.0
57341	350	0	5	0.8675	238.2	1191.0	0.3333333333333333
57342	274	0	5	0.6775	82.4	412.0	0.6666666666666666
57343	228	0	5	0.5625	198.4	992.0	0.0
57344	345	0	5	0.855	214.2	1071.0	0.3333333333333333
57345	22	0	5	0.0475	20.0	100.0	0.0
57346	274	0	5	0.6775	183.0	915.0	0.3333333333333333
57347	332	0	5	0.8225	266.6	1333.0	0.6666666666666666
57348	248	0	5	0.6125	91.2	456.0	0.3333333333333333
57349	397	0	5	0.985	227.6	1138.0	0.6666666666666666
57350	111	0	5	0.27	94.0	470.0	0.0
57351	224	0	5	0.5525	138.4	692.0	0.6666666666666666
57352	245	0	5	0.605	153.2	766.0	0.6666666666666666
57353	66	0	5	0.1575	39.2	196.0	0.3333333333333333
57354	51	0	5	0.12	49.0	245.0	0.0
57355	252	0	5	0.6225	152.0	760.0	0.6666666666666666
57356	361	0	5	0.895	128.4	642.0	0.3333333333333333
57357	401	0	4	0.9975	214.2	1071.0	0.6666666666666666
57358	353	0	5	0.875	243.4	1217.0	0.6666666666666666
57359	350	0	5	0.8675	320.8	1604.0	0.3333333333333333
57360	127	0	5	0.31	68.2	341.0	0.6666666666666666
57361	315	0	5	0.78	163.4	817.0	0.3333333333333333
57362	134	0	5	0.3275	89.2	446.0	0.3333333333333333
57363	310	0	5	0.7675	141.8	709.0	0.6666666666666666
57364	290	0	5	0.7175	213.4	1067.0	0.6666666666666666
57365	189	0	5	0.465	165.8	829.0	0.3333333333333333
57366	214	0	5	0.5275	209.6	1048.0	0.0
57367	54	0	5	0.1275	52.0	260.0	0.0
57368	140	1	4	0.3475	101.2	506.0	1.0
57369	288	0	5	0.7125	237.0	1185.0	0.6666666666666666
57370	281	0	5	0.695	150.8	754.0	0.3333333333333333
57371	331	0	5	0.82	121.0	605.0	0.3333333333333333
57372	192	0	5	0.4725	190.0	950.0	0.0
57373	320	0	5	0.7925	236.4	1182.0	0.6666666666666666
57374	195	0	5	0.48	111.4	557.0	0.3333333333333333
57375	187	0	5	0.46	64.4	322.0	0.3333333333333333
57376	64	0	5	0.1525	62.0	310.0	0.0
57377	111	0	5	0.27	43.4	217.0	0.3333333333333333
57378	161	0	5	0.395	81.0	405.0	0.0
57379	355	0	5	0.88	257.6	1288.0	0.6666666666666666
57380	203	0	5	0.5	131.4	657.0	0.0
57381	38	0	5	0.0875	36.0	180.0	0.0
57382	221	0	5	0.545	86.0	430.0	0.6666666666666666
57383	141	0	5	0.345	87.0	435.0	0.0
57384	269	0	5	0.665	126.6	633.0	0.6666666666666666
57385	99	0	5	0.24	49.6	248.0	0.0
57386	60	0	5	0.1425	30.4	152.0	0.0
57387	374	0	5	0.9275	300.6	1503.0	0.6666666666666666
57388	348	0	5	0.8625	346.0	1730.0	0.3333333333333333
57389	89	0	5	0.215	40.6	203.0	0.0
57390	18	0	5	0.0375	16.0	80.0	0.0
57391	258	0	5	0.6375	122.8	614.0	0.3333333333333333
57392	176	0	5	0.4325	143.6	718.0	0.3333333333333333
57393	326	0	5	0.8075	207.6	1038.0	0.3333333333333333
57394	365	0	5	0.905	238.8	1194.0	0.6666666666666666
57395	266	0	5	0.6575	256.6	1283.0	0.3333333333333333
57396	205	0	5	0.505	158.6	793.0	0.3333333333333333
57397	106	0	5	0.2575	88.4	442.0	0.3333333333333333
57398	84	0	5	0.2025	47.2	236.0	0.3333333333333333
57399	7	0	5	0.01	5.0	25.0	0.0
57400	322	0	5	0.7975	187.8	939.0	0.6666666666666666
57401	292	0	5	0.7225	164.8	824.0	0.0
57402	257	0	5	0.635	119.8	599.0	0.3333333333333333
57403	174	0	5	0.4275	142.0	710.0	0.3333333333333333
57404	376	1	4	0.9375	233.8	1169.0	1.0
57405	82	0	5	0.1975	47.0	235.0	0.3333333333333333
57406	61	0	5	0.145	20.6	103.0	0.0
57407	249	0	5	0.615	203.2	1016.0	0.6666666666666666
57408	354	0	5	0.8775	93.4	467.0	0.6666666666666666
57409	200	0	5	0.4925	85.8	429.0	0.0
57410	217	1	4	0.54	124.8	624.0	1.0
57411	204	1	4	0.5075	107.4	537.0	1.0
57412	272	1	4	0.6775	222.4	1112.0	1.0
57413	74	0	5	0.1775	57.6	288.0	0.3333333333333333
57414	131	0	5	0.32	73.8	369.0	0.3333333333333333
57415	225	0	5	0.555	137.2	686.0	0.3333333333333333
57416	189	0	5	0.465	56.4	282.0	0.3333333333333333
57417	253	0	5	0.625	152.2	761.0	0.3333333333333333
57418	374	0	5	0.9275	270.4	1352.0	0.3333333333333333
57419	189	0	5	0.465	118.6	593.0	0.3333333333333333
57420	282	1	4	0.7025	192.0	960.0	1.0
57421	158	0	5	0.3875	53.0	265.0	0.3333333333333333
57422	168	0	5	0.4125	117.0	585.0	0.3333333333333333
57423	102	0	5	0.2475	59.2	296.0	0.3333333333333333
57424	318	0	5	0.7875	176.8	884.0	0.3333333333333333
57425	34	0	5	0.0775	8.8	44.0	0.0
57426	336	0	5	0.8325	202.0	1010.0	0.6666666666666666
57427	99	0	5	0.24	97.0	485.0	0.3333333333333333
57428	300	0	5	0.7425	241.4	1207.0	0.3333333333333333
57429	222	0	5	0.5475	92.0	460.0	0.6666666666666666
57430	152	0	5	0.3725	109.0	545.0	0.3333333333333333
57431	110	0	5	0.2675	78.4	392.0	0.0
57432	132	0	5	0.3225	130.0	650.0	0.3333333333333333
57433	302	0	5	0.7475	147.0	735.0	0.6666666666666666
57434	104	0	5	0.2525	102.0	510.0	0.0
57435	289	0	5	0.715	216.2	1081.0	0.3333333333333333
57436	199	0	5	0.49	156.2	781.0	0.3333333333333333
57437	102	0	5	0.2475	60.8	304.0	0.0
57438	362	0	5	0.8975	150.8	754.0	0.6666666666666666
57439	388	1	3	0.9675	193.0	965.0	1.0
57440	139	0	5	0.34	88.0	440.0	0.6666666666666666
57441	147	0	5	0.36	65.8	329.0	0.0
57442	118	0	5	0.2875	96.2	481.0	0.3333333333333333
57443	344	0	5	0.8525	160.8	804.0	0.6666666666666666
57444	246	0	5	0.6075	223.2	1116.0	0.3333333333333333
57445	200	0	5	0.4925	147.2	736.0	0.3333333333333333
57446	379	0	5	0.94	137.0	685.0	0.6666666666666666
57447	12	0	5	0.0225	10.0	50.0	0.0
57448	253	0	5	0.625	173.8	869.0	0.0
57449	275	0	5	0.68	85.0	425.0	0.6666666666666666
57450	192	0	5	0.4725	83.2	416.0	0.6666666666666666
57451	221	0	5	0.545	174.6	873.0	0.3333333333333333
57452	156	0	5	0.3825	140.8	704.0	0.0
57453	102	0	5	0.2475	83.6	418.0	0.3333333333333333
57454	104	0	5	0.2525	95.6	478.0	0.0
57455	24	0	5	0.0525	20.0	100.0	0.3333333333333333
57456	217	0	5	0.535	137.8	689.0	0.3333333333333333
57457	310	0	5	0.7675	206.8	1034.0	0.6666666666666666
57458	15	0	5	0.03	13.0	65.0	0.0
57459	197	1	4	0.49	144.2	721.0	1.0
57460	285	0	5	0.705	143.4	717.0	0.6666666666666666
57461	103	0	5	0.25	45.2	226.0	0.3333333333333333
57462	124	0	5	0.3025	85.4	427.0	0.3333333333333333
57463	400	0	5	0.9925	214.6	1073.0	0.6666666666666666
57464	223	0	5	0.55	177.4	887.0	0.6666666666666666
57465	21	0	5	0.045	19.0	95.0	0.0
57466	170	0	5	0.4175	168.0	840.0	0.0
57467	76	0	5	0.1825	74.0	370.0	0.0
57468	315	0	5	0.78	278.6	1393.0	0.6666666666666666
57469	207	0	5	0.51	116.8	584.0	0.6666666666666666
57470	152	0	5	0.3725	87.6	438.0	0.3333333333333333
57471	245	0	5	0.605	52.6	263.0	0.3333333333333333
57472	365	0	5	0.905	243.6	1218.0	0.6666666666666666
57473	312	0	5	0.7725	93.2	466.0	0.6666666666666666
57474	96	0	5	0.2325	30.0	150.0	0.3333333333333333
57475	172	0	5	0.4225	53.2	266.0	0.3333333333333333
57476	304	0	5	0.7525	174.8	874.0	0.6666666666666666
57477	147	0	5	0.36	101.2	506.0	0.0
57478	104	0	5	0.2525	63.2	316.0	0.3333333333333333
57479	217	0	5	0.535	112.0	560.0	0.3333333333333333
57480	5	0	5	0.005	3.0	15.0	0.0
57481	22	0	5	0.0475	20.0	100.0	0.0
57482	65	0	5	0.155	59.8	299.0	0.3333333333333333
57483	331	0	5	0.82	109.8	549.0	0.6666666666666666
57484	335	0	5	0.83	265.2	1326.0	0.6666666666666666
57485	216	0	5	0.5325	139.2	696.0	0.3333333333333333
57486	177	0	5	0.435	99.0	495.0	0.3333333333333333
57487	19	0	5	0.04	17.0	85.0	0.0
57488	326	0	5	0.8075	93.6	468.0	0.6666666666666666
57489	306	0	5	0.7575	142.2	711.0	0.6666666666666666
57490	388	0	5	0.9625	182.8	914.0	0.6666666666666666
57491	139	0	5	0.34	66.6	333.0	0.3333333333333333
57492	400	0	5	0.9925	258.8	1294.0	0.6666666666666666
57493	232	0	5	0.5725	187.0	935.0	0.3333333333333333
57494	44	0	5	0.1025	28.0	140.0	0.3333333333333333
57495	233	0	5	0.575	83.0	415.0	0.3333333333333333
57496	50	0	5	0.1175	24.0	120.0	0.3333333333333333
57497	101	0	5	0.245	95.4	477.0	0.3333333333333333
57498	78	0	5	0.1875	76.0	380.0	0.0
57499	234	0	5	0.5775	93.6	468.0	0.3333333333333333
57500	23	0	5	0.05	21.0	105.0	0.3333333333333333
57501	155	0	5	0.38	93.8	469.0	0.6666666666666666
57502	36	0	5	0.0825	34.0	170.0	0.0
57503	221	0	5	0.545	75.8	379.0	0.6666666666666666
57504	76	0	5	0.1825	63.6	318.0	0.0
57505	85	0	5	0.205	45.0	225.0	0.6666666666666666
57506	337	0	5	0.835	212.6	1063.0	0.6666666666666666
57507	199	0	5	0.49	179.0	895.0	0.3333333333333333
57508	199	1	4	0.495	97.0	485.0	1.0
57509	226	1	4	0.5625	178.0	890.0	1.0
57510	244	0	5	0.6025	238.4	1192.0	0.0
57511	384	0	5	0.9525	245.6	1228.0	0.6666666666666666
57512	24	0	5	0.0525	22.0	110.0	0.0
57513	222	0	5	0.5475	159.2	796.0	0.0
57514	317	0	5	0.785	245.0	1225.0	0.6666666666666666
57515	112	0	5	0.2725	92.4	462.0	0.3333333333333333
57516	65	0	5	0.155	63.0	315.0	0.0
57517	282	0	5	0.6975	191.4	957.0	0.6666666666666666
57518	354	1	4	0.8825	187.2	936.0	1.0
57519	388	0	5	0.9625	267.2	1336.0	0.6666666666666666
57520	174	0	5	0.4275	167.2	836.0	0.3333333333333333
57521	12	0	5	0.0225	10.0	50.0	0.0
57522	99	0	5	0.24	67.6	338.0	0.3333333333333333
57523	196	0	5	0.4825	150.6	753.0	0.3333333333333333
57524	186	0	5	0.4575	58.4	292.0	0.6666666666666666
57525	182	0	5	0.4475	147.8	739.0	0.3333333333333333
57526	270	0	5	0.6675	146.0	730.0	0.6666666666666666
57527	179	0	5	0.44	90.6	453.0	0.0
57528	149	0	5	0.365	84.6	423.0	0.3333333333333333
57529	384	0	5	0.9525	328.8	1644.0	0.3333333333333333
57530	297	0	5	0.735	142.2	711.0	0.6666666666666666
57531	56	0	5	0.1325	46.0	230.0	0.3333333333333333
57532	16	0	5	0.0325	14.0	70.0	0.0
57533	338	0	5	0.8375	258.8	1294.0	0.6666666666666666
57534	99	0	5	0.24	79.8	399.0	0.3333333333333333
57535	221	0	5	0.545	108.6	543.0	0.0
57536	121	0	5	0.295	67.8	339.0	0.3333333333333333
57537	228	0	5	0.5625	192.6	963.0	0.3333333333333333
57538	83	1	3	0.205	56.2	281.0	1.0
57539	252	1	4	0.6275	148.2	741.0	1.0
57540	172	0	5	0.4225	80.0	400.0	0.3333333333333333
57541	233	0	5	0.575	116.6	583.0	0.6666666666666666
57542	51	0	5	0.12	41.0	205.0	0.3333333333333333
57543	190	0	5	0.4675	102.8	514.0	0.6666666666666666
57544	246	0	5	0.6075	135.4	677.0	0.6666666666666666
57545	197	0	5	0.485	153.6	768.0	0.3333333333333333
57546	110	0	5	0.2675	108.0	540.0	0.0
57547	205	0	5	0.505	146.6	733.0	0.0
57548	393	0	5	0.975	291.6	1458.0	0.6666666666666666
57549	153	0	5	0.375	53.4	267.0	0.3333333333333333
57550	205	0	5	0.505	117.2	586.0	0.6666666666666666
57551	141	0	5	0.345	128.2	641.0	0.0
57552	326	0	5	0.8075	276.8	1384.0	0.6666666666666666
57553	341	1	4	0.85	271.8	1359.0	1.0
57554	139	0	5	0.34	77.0	385.0	0.6666666666666666
57555	113	0	5	0.275	111.0	555.0	0.0
57556	231	0	5	0.57	170.2	851.0	0.6666666666666666
57557	155	0	5	0.38	56.2	281.0	0.3333333333333333
57558	357	0	5	0.885	145.4	727.0	0.3333333333333333
57559	195	0	5	0.48	119.0	595.0	0.0
57560	258	0	5	0.6375	231.2	1156.0	0.3333333333333333
57561	299	0	5	0.74	114.8	574.0	0.6666666666666666
57562	260	0	5	0.6425	219.8	1099.0	0.3333333333333333
57563	216	0	5	0.5325	115.8	579.0	0.6666666666666666
57564	365	0	5	0.905	239.8	1199.0	0.6666666666666666
57565	293	0	5	0.725	174.2	871.0	0.6666666666666666
57566	356	1	4	0.8875	120.0	600.0	1.0
57567	259	0	5	0.64	128.2	641.0	0.3333333333333333
57568	157	0	5	0.385	114.6	573.0	0.0
57569	379	0	5	0.94	231.0	1155.0	0.3333333333333333
57570	78	0	5	0.1875	65.6	328.0	0.0
57571	67	0	5	0.16	55.0	275.0	0.0
57572	229	0	5	0.565	98.6	493.0	0.3333333333333333
57573	322	1	4	0.8025	239.6	1198.0	1.0
57574	110	0	5	0.2675	79.2	396.0	0.3333333333333333
57575	267	0	5	0.66	147.0	735.0	0.6666666666666666
57576	347	0	5	0.86	232.4	1162.0	0.3333333333333333
57577	272	0	5	0.6725	153.0	765.0	0.3333333333333333
57578	272	0	5	0.6725	178.6	893.0	0.6666666666666666
57579	118	0	5	0.2875	116.0	580.0	0.0
57580	398	0	5	0.9875	259.8	1299.0	0.6666666666666666
57581	31	0	5	0.07	29.0	145.0	0.0
57582	84	0	5	0.2025	40.0	200.0	0.0
57583	211	0	5	0.52	195.8	979.0	0.3333333333333333
57584	126	0	5	0.3075	96.4	482.0	0.0
57585	239	0	5	0.59	222.2	1111.0	0.3333333333333333
57586	179	0	5	0.44	154.4	772.0	0.0
57587	150	0	5	0.3675	44.0	220.0	0.6666666666666666
57588	184	0	5	0.4525	156.0	780.0	0.6666666666666666
57589	214	0	5	0.5275	102.4	512.0	0.3333333333333333
57590	281	0	5	0.695	105.4	527.0	0.6666666666666666
57591	320	0	5	0.7925	146.6	733.0	0.3333333333333333
57592	88	0	5	0.2125	72.8	364.0	0.0
57593	16	0	5	0.0325	13.2	66.0	0.3333333333333333
57594	400	1	4	0.9975	359.4	1797.0	1.0
57595	237	1	4	0.59	161.6	808.0	1.0
57596	257	0	5	0.635	255.0	1275.0	0.3333333333333333
57597	134	0	5	0.3275	123.2	616.0	0.3333333333333333
57598	233	0	5	0.575	120.0	600.0	0.0
57599	100	0	5	0.2425	83.2	416.0	0.3333333333333333
57600	264	1	4	0.6575	220.2	1101.0	1.0
57601	232	0	5	0.5725	141.6	708.0	0.3333333333333333
57602	309	0	5	0.765	235.2	1176.0	0.3333333333333333
57603	309	0	5	0.765	88.6	443.0	0.6666666666666666
57604	300	0	5	0.7425	123.8	619.0	0.3333333333333333
57605	191	0	5	0.47	185.0	925.0	0.3333333333333333
57606	323	0	5	0.8	173.0	865.0	0.6666666666666666
57607	220	0	5	0.5425	175.4	877.0	0.3333333333333333
57608	22	0	5	0.0475	13.2	66.0	0.0
57609	95	0	5	0.23	93.0	465.0	0.0
57610	45	0	5	0.105	43.0	215.0	0.0
57611	225	0	5	0.555	98.8	494.0	0.3333333333333333
57612	236	0	5	0.5825	90.8	454.0	0.3333333333333333
57613	356	1	4	0.8875	135.2	676.0	1.0
57614	259	0	5	0.64	161.0	805.0	0.3333333333333333
57615	241	0	5	0.595	213.6	1068.0	0.3333333333333333
57616	86	0	5	0.2075	50.4	252.0	0.0
57617	99	0	5	0.24	44.2	221.0	0.3333333333333333
57618	29	0	5	0.065	19.0	95.0	0.3333333333333333
57619	138	0	5	0.3375	65.6	328.0	0.3333333333333333
57620	353	0	5	0.875	140.8	704.0	0.6666666666666666
57621	130	0	5	0.3175	36.8	184.0	0.3333333333333333
57622	288	0	5	0.7125	272.8	1364.0	0.0
57623	135	0	5	0.33	125.4	627.0	0.0
57624	162	0	5	0.3975	115.4	577.0	0.3333333333333333
57625	361	0	5	0.895	324.2	1621.0	0.6666666666666666
57626	217	0	5	0.535	135.0	675.0	0.6666666666666666
57627	244	0	5	0.6025	88.8	444.0	0.0
57628	21	0	5	0.045	13.4	67.0	0.0
57629	83	0	5	0.2	81.0	405.0	0.0
57630	265	0	5	0.655	121.4	607.0	0.6666666666666666
57631	181	1	4	0.45	127.0	635.0	1.0
57632	179	0	5	0.44	68.2	341.0	0.6666666666666666
57633	166	0	5	0.4075	147.8	739.0	0.3333333333333333
57634	142	0	5	0.3475	140.0	700.0	0.0
57635	314	0	5	0.7775	298.8	1494.0	0.3333333333333333
57636	156	0	5	0.3825	134.8	674.0	0.3333333333333333
57637	22	0	5	0.0475	20.0	100.0	0.0
57638	175	0	5	0.43	107.4	537.0	0.6666666666666666
57639	340	0	5	0.8425	235.4	1177.0	0.3333333333333333
57640	223	0	5	0.55	216.8	1084.0	0.0
57641	249	0	5	0.615	119.8	599.0	0.3333333333333333
57642	62	0	5	0.1475	58.4	292.0	0.3333333333333333
57643	308	0	5	0.7625	144.0	720.0	0.0
57644	147	0	5	0.36	129.8	649.0	0.3333333333333333
57645	314	1	3	0.7825	219.8	1099.0	1.0
57646	176	0	5	0.4325	114.2	571.0	0.3333333333333333
57647	285	0	5	0.705	155.8	779.0	0.3333333333333333
57648	19	0	5	0.04	8.2	41.0	0.0
57649	131	0	5	0.32	118.2	591.0	0.3333333333333333
57650	245	0	5	0.605	103.8	519.0	0.3333333333333333
57651	369	0	5	0.915	288.8	1444.0	0.3333333333333333
57652	123	0	5	0.3	109.0	545.0	0.3333333333333333
57653	326	0	5	0.8075	165.0	825.0	0.6666666666666666
57654	105	0	5	0.255	102.2	511.0	0.0
57655	192	0	5	0.4725	94.6	473.0	0.3333333333333333
57656	268	0	5	0.6625	197.6	988.0	0.3333333333333333
57657	226	0	5	0.5575	56.8	284.0	0.6666666666666666
57658	392	0	5	0.9725	180.4	902.0	0.6666666666666666
57659	81	0	5	0.195	57.0	285.0	0.0
57660	218	0	5	0.5375	123.6	618.0	0.6666666666666666
57661	180	0	5	0.4425	94.8	474.0	0.3333333333333333
57662	217	0	5	0.535	110.6	553.0	0.3333333333333333
57663	201	1	4	0.5	87.4	437.0	1.0
57664	306	0	5	0.7575	204.0	1020.0	0.3333333333333333
57665	115	0	5	0.28	47.6	238.0	0.0
57666	119	1	4	0.295	76.6	383.0	1.0
57667	50	0	5	0.1175	38.0	190.0	0.3333333333333333
57668	184	0	5	0.4525	77.0	385.0	0.0
57669	363	0	5	0.9	317.8	1589.0	0.3333333333333333
57670	8	0	5	0.0125	6.0	30.0	0.0
57671	328	0	5	0.8125	119.4	597.0	0.6666666666666666
57672	156	0	5	0.3825	131.8	659.0	0.0
57673	265	1	4	0.66	120.2	601.0	1.0
57674	395	1	4	0.985	136.6	683.0	1.0
57675	259	0	5	0.64	144.2	721.0	0.6666666666666666
57676	84	0	5	0.2025	82.0	410.0	0.0
57677	283	0	5	0.7	239.2	1196.0	0.3333333333333333
57678	94	0	5	0.2275	81.2	406.0	0.3333333333333333
57679	178	0	5	0.4375	120.4	602.0	0.3333333333333333
57680	369	0	5	0.915	221.2	1106.0	0.6666666666666666
57681	379	0	5	0.94	306.6	1533.0	0.6666666666666666
57682	336	0	5	0.8325	172.2	861.0	0.3333333333333333
57683	379	0	5	0.94	142.8	714.0	0.6666666666666666
57684	243	0	5	0.6	82.0	410.0	0.6666666666666666
57685	156	1	4	0.3875	101.0	505.0	1.0
57686	75	0	5	0.18	73.0	365.0	0.0
57687	265	0	5	0.655	186.6	933.0	0.3333333333333333
57688	62	0	5	0.1475	59.2	296.0	0.0
57689	295	0	5	0.73	133.8	669.0	0.6666666666666666
57690	264	0	5	0.6525	200.0	1000.0	0.3333333333333333
57691	339	0	5	0.84	202.6	1013.0	0.6666666666666666
57692	260	0	5	0.6425	181.0	905.0	0.3333333333333333
57693	240	0	5	0.5925	122.2	611.0	0.3333333333333333
57694	222	0	5	0.5475	101.6	508.0	0.0
57695	261	0	5	0.645	187.4	937.0	0.6666666666666666
57696	333	0	5	0.825	240.8	1204.0	0.3333333333333333
57697	133	0	5	0.325	61.8	309.0	0.3333333333333333
57698	339	0	5	0.84	246.4	1232.0	0.3333333333333333
57699	76	1	4	0.1875	50.0	250.0	1.0
57700	241	0	5	0.595	53.4	267.0	0.3333333333333333
57701	109	0	5	0.265	96.2	481.0	0.3333333333333333
57702	273	0	5	0.675	130.4	652.0	0.6666666666666666
57703	176	0	5	0.4325	127.2	636.0	0.3333333333333333
57704	253	0	5	0.625	73.8	369.0	0.6666666666666666
57705	17	0	5	0.035	15.0	75.0	0.0
57706	387	0	5	0.96	251.4	1257.0	0.6666666666666666
57707	34	0	5	0.0775	21.8	109.0	0.0
57708	364	0	5	0.9025	222.0	1110.0	0.6666666666666666
57709	148	0	5	0.3625	146.0	730.0	0.0
57710	222	0	5	0.5475	109.6	548.0	0.3333333333333333
57711	285	0	5	0.705	87.8	439.0	0.6666666666666666
57712	87	0	5	0.21	48.4	242.0	0.3333333333333333
57713	227	0	5	0.56	183.0	915.0	0.3333333333333333
57714	42	0	5	0.0975	36.0	180.0	0.0
57715	352	0	5	0.8725	293.6	1468.0	0.6666666666666666
57716	92	0	5	0.2225	76.8	384.0	0.3333333333333333
57717	332	0	5	0.8225	171.6	858.0	0.3333333333333333
57718	368	1	4	0.9175	162.0	810.0	1.0
57719	304	0	5	0.7525	170.2	851.0	0.3333333333333333
57720	367	0	5	0.91	233.0	1165.0	0.3333333333333333
57721	172	0	5	0.4225	119.0	595.0	0.0
57722	345	1	4	0.86	229.8	1149.0	1.0
57723	246	1	4	0.6125	167.0	835.0	1.0
57724	380	0	5	0.9425	184.8	924.0	0.6666666666666666
57725	58	0	5	0.1375	44.4	222.0	0.3333333333333333
57726	245	0	5	0.605	117.0	585.0	0.6666666666666666
57727	120	0	5	0.2925	90.8	454.0	0.0
57728	21	0	5	0.045	19.0	95.0	0.0
57729	187	0	5	0.46	181.4	907.0	0.3333333333333333
57730	250	1	4	0.6225	187.6	938.0	1.0
57731	93	0	5	0.225	51.4	257.0	0.3333333333333333
57732	228	1	4	0.5675	160.4	802.0	1.0
57733	266	0	5	0.6575	182.2	911.0	0.6666666666666666
57734	183	0	5	0.45	142.8	714.0	0.3333333333333333
57735	11	0	5	0.02	9.0	45.0	0.0
57736	233	1	4	0.58	136.0	680.0	1.0
57737	376	1	3	0.9375	257.8	1289.0	1.0
57738	363	0	5	0.9	198.2	991.0	0.6666666666666666
57739	52	0	5	0.1225	18.0	90.0	0.3333333333333333
57740	201	0	5	0.495	188.2	941.0	0.3333333333333333
57741	156	0	5	0.3825	154.0	770.0	0.0
57742	15	0	5	0.03	8.8	44.0	0.3333333333333333
57743	252	0	5	0.6225	158.4	792.0	0.3333333333333333
57744	240	0	5	0.5925	198.8	994.0	0.3333333333333333
57745	304	0	5	0.7525	239.6	1198.0	0.0
57746	12	0	5	0.0225	6.4	32.0	0.0
57747	215	1	4	0.535	91.4	457.0	1.0
57748	305	0	5	0.755	89.4	447.0	0.6666666666666666
57749	199	0	5	0.49	195.0	975.0	0.0
57750	242	0	5	0.5975	156.8	784.0	0.3333333333333333
57751	387	0	5	0.96	236.4	1182.0	0.6666666666666666
57752	64	0	5	0.1525	54.8	274.0	0.3333333333333333
57753	12	0	5	0.0225	10.0	50.0	0.0
57754	373	1	4	0.93	75.0	375.0	1.0
57755	139	0	5	0.34	87.0	435.0	0.0
57756	11	0	5	0.02	9.0	45.0	0.0
57757	287	0	5	0.71	147.2	736.0	0.0
57758	129	0	5	0.315	109.0	545.0	0.3333333333333333
57759	231	0	5	0.57	185.2	926.0	0.3333333333333333
57760	362	1	4	0.9025	179.4	897.0	1.0
57761	281	0	5	0.695	102.2	511.0	0.6666666666666666
57762	121	0	5	0.295	119.0	595.0	0.0
57763	297	0	5	0.735	155.8	779.0	0.6666666666666666
57764	82	0	5	0.1975	80.0	400.0	0.3333333333333333
57765	128	0	5	0.3125	106.0	530.0	0.3333333333333333
57766	344	0	5	0.8525	326.8	1634.0	0.3333333333333333
57767	299	0	5	0.74	134.2	671.0	0.6666666666666666
57768	328	0	5	0.8125	266.4	1332.0	0.3333333333333333
57769	131	0	5	0.32	89.4	447.0	0.6666666666666666
57770	393	1	4	0.98	160.2	801.0	1.0
57771	161	0	5	0.395	139.4	697.0	0.0
57772	370	0	5	0.9175	227.0	1135.0	0.3333333333333333
57773	118	0	5	0.2875	38.4	192.0	0.3333333333333333
57774	349	0	5	0.865	174.6	873.0	0.6666666666666666
57775	193	0	5	0.475	185.0	925.0	0.0
57776	266	0	5	0.6575	249.2	1246.0	0.3333333333333333
57777	83	0	5	0.2	66.4	332.0	0.0
57778	147	0	5	0.36	140.2	701.0	0.0
57779	24	0	5	0.0525	22.0	110.0	0.0
57780	171	0	5	0.42	121.6	608.0	0.0
57781	179	0	5	0.44	152.0	760.0	0.3333333333333333
57782	66	0	5	0.1575	64.0	320.0	0.0
57783	274	0	5	0.6775	249.6	1248.0	0.6666666666666666
57784	299	0	5	0.74	244.0	1220.0	0.6666666666666666
57785	218	0	5	0.5375	143.2	716.0	0.6666666666666666
57786	165	0	5	0.405	60.6	303.0	0.3333333333333333
57787	270	0	5	0.6675	139.2	696.0	0.6666666666666666
57788	354	1	4	0.8825	188.0	940.0	1.0
57789	377	0	5	0.935	177.0	885.0	0.3333333333333333
57790	399	0	5	0.99	228.8	1144.0	0.6666666666666666
57791	208	0	5	0.5125	85.2	426.0	0.6666666666666666
57792	189	0	5	0.465	104.8	524.0	0.3333333333333333
57793	101	0	5	0.245	88.8	444.0	0.3333333333333333
57794	97	0	5	0.235	95.0	475.0	0.0
57795	270	0	5	0.6675	64.0	320.0	0.3333333333333333
57796	304	0	5	0.7525	244.4	1222.0	0.6666666666666666
57797	189	0	5	0.465	151.6	758.0	0.3333333333333333
57798	316	1	4	0.7875	139.2	696.0	1.0
57799	140	0	5	0.3425	104.8	524.0	0.3333333333333333
57800	308	0	5	0.7625	142.8	714.0	0.3333333333333333
57801	167	0	5	0.41	135.4	677.0	0.6666666666666666
57802	161	0	5	0.395	95.8	479.0	0.3333333333333333
57803	311	0	5	0.77	287.6	1438.0	0.0
57804	389	1	4	0.97	188.8	944.0	1.0
57805	250	0	5	0.6175	213.0	1065.0	0.6666666666666666
57806	106	0	5	0.2575	104.0	520.0	0.0
57807	334	0	5	0.8275	182.8	914.0	0.6666666666666666
57808	89	0	5	0.215	87.0	435.0	0.0
57809	67	0	5	0.16	20.8	104.0	0.0
57810	352	0	5	0.8725	230.8	1154.0	0.3333333333333333
57811	44	0	5	0.1025	35.6	178.0	0.0
57812	327	0	5	0.81	164.4	822.0	0.3333333333333333
57813	248	0	5	0.6125	135.8	679.0	0.6666666666666666
57814	347	0	5	0.86	178.2	891.0	0.6666666666666666
57815	298	0	5	0.7375	214.4	1072.0	0.3333333333333333
57816	325	0	5	0.805	272.0	1360.0	0.3333333333333333
57817	379	0	5	0.94	173.0	865.0	0.6666666666666666
57818	106	0	5	0.2575	74.4	372.0	0.0
57819	144	0	5	0.3525	94.8	474.0	0.0
57820	195	0	5	0.48	136.0	680.0	0.6666666666666666
57821	38	0	5	0.0875	31.2	156.0	0.0
57822	267	0	5	0.66	127.8	639.0	0.6666666666666666
57823	169	0	5	0.415	91.0	455.0	0.3333333333333333
57824	282	0	5	0.6975	167.2	836.0	0.6666666666666666
57825	2	0	5	0.0	0.0	0.0	0.0
57826	112	0	5	0.2725	88.2	441.0	0.3333333333333333
57827	391	0	5	0.97	318.8	1594.0	0.6666666666666666
57828	175	0	5	0.43	173.0	865.0	0.0
57829	172	0	5	0.4225	145.2	726.0	0.0
57830	64	0	5	0.1525	49.6	248.0	0.0
57831	205	0	5	0.505	191.6	958.0	0.0
57832	401	0	3	0.9975	285.2	1426.0	0.6666666666666666
57833	229	0	5	0.565	167.0	835.0	0.3333333333333333
57834	310	0	5	0.7675	184.8	924.0	0.6666666666666666
57835	50	0	5	0.1175	44.8	224.0	0.3333333333333333
57836	333	0	5	0.825	103.0	515.0	0.6666666666666666
57837	311	0	5	0.77	173.0	865.0	0.6666666666666666
57838	118	0	5	0.2875	116.0	580.0	0.0
57839	298	0	5	0.7375	245.2	1226.0	0.6666666666666666
57840	218	0	5	0.5375	205.8	1029.0	0.3333333333333333
57841	117	0	5	0.285	115.0	575.0	0.0
57842	133	0	5	0.325	70.4	352.0	0.0
57843	281	0	5	0.695	138.8	694.0	0.6666666666666666
57844	354	0	5	0.8775	134.4	672.0	0.6666666666666666
57845	169	0	5	0.415	154.4	772.0	0.0
57846	286	0	5	0.7075	174.4	872.0	0.3333333333333333
57847	5	0	5	0.005	3.0	15.0	0.0
57848	223	0	5	0.55	86.6	433.0	0.3333333333333333
57849	76	0	5	0.1825	50.4	252.0	0.3333333333333333
57850	345	0	5	0.855	124.2	621.0	0.3333333333333333
57851	173	0	5	0.425	140.6	703.0	0.3333333333333333
57852	277	1	4	0.69	108.2	541.0	1.0
57853	9	0	5	0.015	7.0	35.0	0.0
57854	145	0	5	0.355	139.6	698.0	0.0
57855	153	0	5	0.375	101.4	507.0	0.0
57856	134	0	5	0.3275	95.2	476.0	0.3333333333333333
57857	232	0	5	0.5725	149.2	746.0	0.0
57858	233	0	5	0.575	165.8	829.0	0.3333333333333333
57859	55	0	5	0.13	43.2	216.0	0.3333333333333333
57860	201	0	5	0.495	139.6	698.0	0.6666666666666666
57861	147	0	5	0.36	52.2	261.0	0.6666666666666666
57862	235	0	5	0.58	184.4	922.0	0.3333333333333333
57863	99	0	5	0.24	57.4	287.0	0.3333333333333333
57864	143	0	5	0.35	58.6	293.0	0.3333333333333333
57865	8	0	5	0.0125	6.0	30.0	0.0
57866	346	0	5	0.8575	90.4	452.0	0.6666666666666666
57867	177	0	5	0.435	168.2	841.0	0.0
57868	342	1	4	0.8525	84.6	423.0	1.0
57869	160	0	5	0.3925	49.6	248.0	0.6666666666666666
57870	157	1	4	0.39	75.2	376.0	1.0
57871	266	0	5	0.6575	72.8	364.0	0.3333333333333333
57872	123	0	5	0.3	101.0	505.0	0.3333333333333333
57873	118	0	5	0.2875	87.6	438.0	0.0
57874	128	0	5	0.3125	91.8	459.0	0.3333333333333333
57875	112	0	5	0.2725	78.4	392.0	0.0
57876	144	0	5	0.3525	133.2	666.0	0.0
57877	340	0	5	0.8425	159.2	796.0	0.6666666666666666
57878	104	0	5	0.2525	98.4	492.0	0.3333333333333333
57879	133	0	5	0.325	103.0	515.0	0.3333333333333333
57880	149	0	5	0.365	147.0	735.0	0.0
57881	84	0	5	0.2025	82.0	410.0	0.0
57882	338	0	5	0.8375	209.6	1048.0	0.6666666666666666
57883	328	1	4	0.8175	186.4	932.0	1.0
57884	313	0	5	0.775	211.4	1057.0	0.3333333333333333
57885	365	0	5	0.905	120.6	603.0	0.3333333333333333
57886	191	0	5	0.47	55.4	277.0	0.0
57887	28	0	5	0.0625	26.0	130.0	0.0
57888	304	1	3	0.7575	232.0	1160.0	1.0
57889	168	0	5	0.4125	105.2	526.0	0.3333333333333333
57890	99	0	5	0.24	71.2	356.0	0.6666666666666666
57891	332	0	5	0.8225	126.2	631.0	0.6666666666666666
57892	120	0	5	0.2925	102.4	512.0	0.3333333333333333
57893	176	0	5	0.4325	109.0	545.0	0.3333333333333333
57894	303	1	4	0.755	275.0	1375.0	1.0
57895	58	0	5	0.1375	56.0	280.0	0.0
57896	125	0	5	0.305	78.0	390.0	0.3333333333333333
57897	143	0	5	0.35	141.0	705.0	0.0
57898	257	0	5	0.635	153.8	769.0	0.3333333333333333
57899	382	0	5	0.9475	264.4	1322.0	0.6666666666666666
57900	248	0	5	0.6125	88.4	442.0	0.6666666666666666
57901	375	0	5	0.93	149.6	748.0	0.6666666666666666
57902	309	1	4	0.77	189.4	947.0	1.0
57903	60	0	5	0.1425	58.0	290.0	0.0
57904	98	0	5	0.2375	93.6	468.0	0.3333333333333333
57905	387	0	5	0.96	190.8	954.0	0.6666666666666666
57906	334	0	5	0.8275	193.6	968.0	0.6666666666666666
57907	328	0	5	0.8125	108.4	542.0	0.6666666666666666
57908	392	0	5	0.9725	218.8	1094.0	0.6666666666666666
57909	324	0	5	0.8025	136.6	683.0	0.6666666666666666
57910	241	0	5	0.595	189.6	948.0	0.3333333333333333
57911	46	0	5	0.1075	18.8	94.0	0.3333333333333333
57912	158	0	5	0.3875	143.0	715.0	0.3333333333333333
57913	288	0	5	0.7125	216.4	1082.0	0.3333333333333333
57914	162	0	5	0.3975	115.6	578.0	0.6666666666666666
57915	201	0	5	0.495	157.0	785.0	0.0
57916	291	0	5	0.72	188.2	941.0	0.6666666666666666
57917	330	0	5	0.8175	230.0	1150.0	0.0
57918	43	0	5	0.1	23.4	117.0	0.3333333333333333
57919	105	0	5	0.255	95.2	476.0	0.3333333333333333
57920	359	0	5	0.89	101.4	507.0	0.3333333333333333
57921	101	0	5	0.245	73.0	365.0	0.3333333333333333
57922	103	0	5	0.25	89.4	447.0	0.3333333333333333
57923	276	1	3	0.6875	160.2	801.0	1.0
57924	159	0	5	0.39	37.4	187.0	0.3333333333333333
57925	16	0	5	0.0325	14.0	70.0	0.0
57926	332	0	5	0.8225	214.6	1073.0	0.3333333333333333
57927	315	0	5	0.78	303.4	1517.0	0.3333333333333333
57928	170	0	5	0.4175	72.6	363.0	0.6666666666666666
57929	113	0	5	0.275	50.2	251.0	0.0
57930	50	0	5	0.1175	33.0	165.0	0.0
57931	157	0	5	0.385	99.4	497.0	0.3333333333333333
57932	107	0	5	0.26	97.8	489.0	0.0
57933	371	0	5	0.92	216.8	1084.0	0.6666666666666666
57934	145	0	5	0.355	82.2	411.0	0.3333333333333333
57935	369	0	5	0.915	241.2	1206.0	0.6666666666666666
57936	266	0	5	0.6575	174.4	872.0	0.3333333333333333
57937	49	0	5	0.115	19.0	95.0	0.3333333333333333
57938	184	0	5	0.4525	109.4	547.0	0.3333333333333333
57939	105	0	5	0.255	94.0	470.0	0.0
57940	299	1	4	0.745	195.8	979.0	1.0
57941	202	0	5	0.4975	172.0	860.0	0.3333333333333333
57942	354	0	5	0.8775	260.6	1303.0	0.6666666666666666
57943	341	1	4	0.85	234.0	1170.0	1.0
57944	328	0	5	0.8125	297.6	1488.0	0.6666666666666666
57945	319	0	5	0.79	207.4	1037.0	0.6666666666666666
57946	251	0	5	0.62	198.6	993.0	0.3333333333333333
57947	336	1	4	0.8375	178.0	890.0	1.0
57948	239	0	5	0.59	90.0	450.0	0.6666666666666666
57949	360	1	4	0.8975	344.4	1722.0	1.0
57950	309	0	5	0.765	234.8	1174.0	0.3333333333333333
57951	187	0	5	0.46	99.0	495.0	0.6666666666666666
57952	127	1	4	0.315	84.6	423.0	1.0
57953	363	0	5	0.9	163.4	817.0	0.3333333333333333
57954	252	0	5	0.6225	149.0	745.0	0.3333333333333333
57955	393	0	5	0.975	148.2	741.0	0.6666666666666666
57956	339	0	5	0.84	194.2	971.0	0.3333333333333333
57957	31	0	5	0.07	29.0	145.0	0.0
57958	319	0	5	0.79	129.4	647.0	0.6666666666666666
57959	393	0	5	0.975	295.4	1477.0	0.6666666666666666
57960	326	0	5	0.8075	259.2	1296.0	0.6666666666666666
57961	30	0	5	0.0675	28.0	140.0	0.0
57962	302	1	4	0.7525	114.0	570.0	1.0
57963	130	1	4	0.3225	77.6	388.0	1.0
57964	305	0	5	0.755	212.8	1064.0	0.6666666666666666
57965	63	0	5	0.15	52.0	260.0	0.0
57966	147	0	5	0.36	137.0	685.0	0.3333333333333333
57967	152	0	5	0.3725	96.4	482.0	0.3333333333333333
57968	138	0	5	0.3375	136.0	680.0	0.0
57969	227	0	5	0.56	115.4	577.0	0.0
57970	296	0	5	0.7325	198.0	990.0	0.3333333333333333
57971	276	0	5	0.6825	140.0	700.0	0.6666666666666666
57972	263	0	5	0.65	150.8	754.0	0.3333333333333333
57973	394	0	5	0.9775	131.6	658.0	0.6666666666666666
57974	84	0	5	0.2025	71.6	358.0	0.0
57975	356	0	5	0.8825	188.0	940.0	0.3333333333333333
57976	243	0	5	0.6	178.8	894.0	0.3333333333333333
57977	401	0	5	0.995	170.2	851.0	0.6666666666666666
57978	32	0	5	0.0725	25.0	125.0	0.0
57979	230	0	5	0.5675	118.8	594.0	0.6666666666666666
57980	49	0	5	0.115	46.0	230.0	0.0
57981	194	0	5	0.4775	170.8	854.0	0.3333333333333333
57982	101	0	5	0.245	99.0	495.0	0.0
57983	141	0	5	0.345	67.8	339.0	0.3333333333333333
57984	136	0	5	0.3325	53.6	268.0	0.3333333333333333
57985	161	0	5	0.395	87.0	435.0	0.6666666666666666
57986	130	0	5	0.3175	114.8	574.0	0.3333333333333333
57987	129	0	5	0.315	127.0	635.0	0.0
57988	370	0	5	0.9175	239.6	1198.0	0.6666666666666666
57989	171	0	5	0.42	74.0	370.0	0.3333333333333333
57990	370	0	5	0.9175	193.2	966.0	0.6666666666666666
57991	36	0	5	0.0825	25.2	126.0	0.6666666666666666
57992	322	0	5	0.7975	182.8	914.0	0.6666666666666666
57993	184	0	5	0.4525	58.8	294.0	0.6666666666666666
57994	343	0	5	0.85	109.4	547.0	0.3333333333333333
57995	90	0	5	0.2175	88.0	440.0	0.0
57996	92	0	5	0.2225	85.4	427.0	0.0
57997	10	0	5	0.0175	7.6	38.0	0.3333333333333333
57998	207	0	5	0.51	144.0	720.0	0.0
57999	161	0	5	0.395	71.4	357.0	0.0
58000	95	0	5	0.23	93.0	465.0	0.0
58001	238	0	5	0.5875	189.6	948.0	0.3333333333333333
58002	185	0	5	0.455	174.2	871.0	0.3333333333333333
58003	299	1	4	0.745	100.2	501.0	1.0
58004	144	0	5	0.3525	94.0	470.0	0.3333333333333333
58005	362	0	5	0.8975	250.0	1250.0	0.3333333333333333
58006	3	0	5	0.0025	0.2	1.0	0.3333333333333333
58007	34	0	5	0.0775	16.8	84.0	0.3333333333333333
58008	275	0	5	0.68	89.8	449.0	0.6666666666666666
58009	281	0	5	0.695	276.4	1382.0	0.3333333333333333
58010	245	0	5	0.605	86.2	431.0	0.3333333333333333
58011	11	0	5	0.02	9.0	45.0	0.0
58012	365	1	4	0.91	167.4	837.0	1.0
58013	134	0	5	0.3275	61.8	309.0	0.3333333333333333
58014	153	0	5	0.375	142.0	710.0	0.3333333333333333
58015	273	0	5	0.675	119.8	599.0	0.6666666666666666
58016	67	0	5	0.16	35.6	178.0	0.0
58017	249	0	5	0.615	97.4	487.0	0.6666666666666666
58018	173	0	5	0.425	107.4	537.0	0.0
58019	294	1	4	0.7325	70.8	354.0	1.0
58020	217	0	5	0.535	104.2	521.0	0.6666666666666666
58021	143	0	5	0.35	101.8	509.0	0.0
58022	76	0	5	0.1825	70.8	354.0	0.0
58023	319	0	5	0.79	153.6	768.0	0.3333333333333333
58024	79	0	5	0.19	59.4	297.0	0.3333333333333333
58025	390	0	5	0.9675	221.0	1105.0	0.6666666666666666
58026	376	1	4	0.9375	216.6	1083.0	1.0
58027	51	0	5	0.12	33.4	167.0	0.0
58028	244	0	5	0.6025	128.0	640.0	0.6666666666666666
58029	159	0	5	0.39	88.2	441.0	0.6666666666666666
58030	217	0	5	0.535	204.2	1021.0	0.0
58031	18	0	5	0.0375	6.4	32.0	0.3333333333333333
58032	158	0	5	0.3875	132.4	662.0	0.0
58033	231	0	5	0.57	69.6	348.0	0.3333333333333333
58034	159	0	5	0.39	42.8	214.0	0.0
58035	325	0	5	0.805	198.8	994.0	0.0
58036	390	0	5	0.9675	159.2	796.0	0.6666666666666666
58037	274	1	4	0.6825	102.4	512.0	1.0
58038	393	0	5	0.975	129.2	646.0	0.3333333333333333
58039	119	0	5	0.29	33.6	168.0	0.0
58040	174	0	5	0.4275	131.2	656.0	0.0
58041	193	0	5	0.475	85.4	427.0	0.3333333333333333
58042	49	0	5	0.115	47.0	235.0	0.0
58043	395	1	4	0.985	191.2	956.0	1.0
58044	200	0	5	0.4925	132.6	663.0	0.0
58045	139	0	5	0.34	78.2	391.0	0.0
58046	202	1	4	0.5025	100.0	500.0	1.0
58047	203	0	5	0.5	168.2	841.0	0.3333333333333333
58048	314	0	5	0.7775	267.4	1337.0	0.6666666666666666
58049	180	0	5	0.4425	148.8	744.0	0.3333333333333333
58050	291	1	4	0.725	245.0	1225.0	1.0
58051	398	1	4	0.9925	234.4	1172.0	1.0
58052	298	0	5	0.7375	226.2	1131.0	0.3333333333333333
58053	295	0	5	0.73	179.4	897.0	0.3333333333333333
58054	304	0	5	0.7525	220.2	1101.0	0.3333333333333333
58055	117	0	5	0.285	69.2	346.0	0.3333333333333333
58056	345	0	5	0.855	147.8	739.0	0.6666666666666666
58057	11	0	5	0.02	9.0	45.0	0.0
58058	113	0	5	0.275	66.0	330.0	0.3333333333333333
58059	151	0	5	0.37	104.2	521.0	0.6666666666666666
58060	287	0	5	0.71	171.4	857.0	0.6666666666666666
58061	131	0	5	0.32	89.4	447.0	0.3333333333333333
58062	258	1	4	0.6425	107.6	538.0	1.0
58063	326	0	5	0.8075	203.4	1017.0	0.6666666666666666
58064	366	0	5	0.9075	171.0	855.0	0.6666666666666666
58065	54	0	5	0.1275	52.0	260.0	0.0
58066	319	0	5	0.79	222.4	1112.0	0.6666666666666666
58067	338	0	5	0.8375	325.6	1628.0	0.3333333333333333
58068	129	0	5	0.315	60.2	301.0	0.6666666666666666
58069	76	0	5	0.1825	74.0	370.0	0.0
58070	283	0	5	0.7	81.2	406.0	0.0
58071	150	0	5	0.3675	97.8	489.0	0.3333333333333333
58072	266	0	5	0.6575	188.6	943.0	0.3333333333333333
58073	79	0	5	0.19	40.2	201.0	0.3333333333333333
58074	272	0	5	0.6725	217.8	1089.0	0.3333333333333333
58075	87	0	5	0.21	85.0	425.0	0.0
58076	358	0	5	0.8875	179.0	895.0	0.3333333333333333
58077	291	0	5	0.72	234.2	1171.0	0.0
58078	27	0	5	0.06	21.6	108.0	0.3333333333333333
58079	331	0	5	0.82	279.6	1398.0	0.3333333333333333
58080	292	0	5	0.7225	241.2	1206.0	0.0
58081	159	0	5	0.39	88.0	440.0	0.3333333333333333
58082	84	0	5	0.2025	51.4	257.0	0.0
58083	289	1	4	0.72	161.0	805.0	1.0
58084	128	0	5	0.3125	76.4	382.0	0.3333333333333333
58085	134	0	5	0.3275	132.0	660.0	0.0
58086	54	0	5	0.1275	36.8	184.0	0.3333333333333333
58087	262	0	5	0.6475	231.4	1157.0	0.6666666666666666
58088	388	0	5	0.9625	159.2	796.0	0.6666666666666666
58089	212	0	5	0.5225	193.4	967.0	0.3333333333333333
58090	140	0	5	0.3425	87.2	436.0	0.6666666666666666
58091	309	0	5	0.765	271.6	1358.0	0.6666666666666666
58092	343	1	4	0.855	107.0	535.0	1.0
58093	248	0	5	0.6125	160.6	803.0	0.3333333333333333
58094	211	0	5	0.52	122.4	612.0	0.3333333333333333
58095	176	0	5	0.4325	103.2	516.0	0.3333333333333333
58096	231	0	5	0.57	175.0	875.0	0.3333333333333333
58097	234	0	5	0.5775	162.4	812.0	0.6666666666666666
58098	356	0	5	0.8825	256.8	1284.0	0.3333333333333333
58099	179	0	5	0.44	67.0	335.0	0.3333333333333333
58100	113	0	5	0.275	94.2	471.0	0.3333333333333333
58101	244	0	5	0.6025	176.4	882.0	0.6666666666666666
58102	351	0	5	0.87	97.2	486.0	0.6666666666666666
58103	325	1	4	0.81	313.6	1568.0	1.0
58104	145	0	5	0.355	118.8	594.0	0.3333333333333333
58105	316	0	5	0.7825	75.2	376.0	0.6666666666666666
58106	150	0	5	0.3675	100.0	500.0	0.3333333333333333
58107	279	1	4	0.695	204.2	1021.0	1.0
58108	43	0	5	0.1	27.0	135.0	0.0
58109	360	1	4	0.8975	139.6	698.0	1.0
58110	166	0	5	0.4075	110.4	552.0	0.0
58111	104	0	5	0.2525	100.0	500.0	0.3333333333333333
58112	360	0	5	0.8925	162.0	810.0	0.3333333333333333
58113	151	0	5	0.37	77.8	389.0	0.3333333333333333
58114	4	0	5	0.0025	2.0	10.0	0.0
58115	326	0	5	0.8075	185.8	929.0	0.6666666666666666
58116	304	1	4	0.7575	186.8	934.0	1.0
58117	360	0	5	0.8925	103.4	517.0	0.6666666666666666
58118	237	0	5	0.585	169.0	845.0	0.3333333333333333
58119	127	0	5	0.31	96.6	483.0	0.0
58120	185	0	5	0.455	168.2	841.0	0.6666666666666666
58121	32	0	5	0.0725	30.0	150.0	0.0
58122	136	0	5	0.3325	89.2	446.0	0.3333333333333333
58123	380	0	5	0.9425	202.6	1013.0	0.6666666666666666
58124	221	0	5	0.545	126.8	634.0	0.6666666666666666
58125	107	0	5	0.26	54.0	270.0	0.3333333333333333
58126	229	0	5	0.565	139.0	695.0	0.3333333333333333
58127	323	0	5	0.8	87.8	439.0	0.6666666666666666
58128	215	0	5	0.53	117.4	587.0	0.6666666666666666
58129	169	0	5	0.415	110.6	553.0	0.3333333333333333
58130	203	0	5	0.5	123.0	615.0	0.3333333333333333
58131	37	0	5	0.085	9.4	47.0	0.3333333333333333
58132	273	0	5	0.675	177.8	889.0	0.0
58133	316	0	5	0.7825	239.2	1196.0	0.3333333333333333
58134	392	0	5	0.9725	81.2	406.0	0.6666666666666666
58135	291	1	4	0.725	88.6	443.0	1.0
58136	239	0	5	0.59	107.0	535.0	0.3333333333333333
58137	328	1	4	0.8175	181.6	908.0	1.0
58138	220	0	5	0.5425	90.0	450.0	0.6666666666666666
58139	99	0	5	0.24	97.0	485.0	0.0
58140	191	0	5	0.47	119.4	597.0	0.6666666666666666
58141	194	0	5	0.4775	104.8	524.0	0.6666666666666666
58142	4	0	5	0.0025	2.0	10.0	0.0
58143	84	0	5	0.2025	65.2	326.0	0.3333333333333333
58144	213	0	5	0.525	163.8	819.0	0.0
58145	239	0	5	0.59	101.2	506.0	0.6666666666666666
58146	128	0	5	0.3125	58.8	294.0	0.3333333333333333
58147	235	0	5	0.58	155.4	777.0	0.3333333333333333
58148	369	0	5	0.915	278.4	1392.0	0.6666666666666666
58149	117	0	5	0.285	77.0	385.0	0.3333333333333333
58150	382	0	5	0.9475	232.2	1161.0	0.6666666666666666
58151	301	0	5	0.745	165.4	827.0	0.3333333333333333
58152	178	0	5	0.4375	61.8	309.0	0.3333333333333333
58153	340	0	5	0.8425	117.6	588.0	0.3333333333333333
58154	390	0	5	0.9675	212.2	1061.0	0.6666666666666666
58155	219	0	5	0.54	138.6	693.0	0.6666666666666666
58156	73	0	5	0.175	22.2	111.0	0.3333333333333333
58157	277	0	5	0.685	220.0	1100.0	0.6666666666666666
58158	259	0	5	0.64	208.6	1043.0	0.6666666666666666
58159	64	0	5	0.1525	60.8	304.0	0.0
58160	97	0	5	0.235	90.2	451.0	0.3333333333333333
58161	197	0	5	0.485	128.0	640.0	0.6666666666666666
58162	295	0	5	0.73	221.8	1109.0	0.0
58163	252	0	5	0.6225	244.8	1224.0	0.3333333333333333
58164	386	0	5	0.9575	214.8	1074.0	0.6666666666666666
58165	7	0	5	0.01	5.0	25.0	0.0
58166	186	0	5	0.4575	112.0	560.0	0.6666666666666666
58167	53	0	5	0.125	39.0	195.0	0.3333333333333333
58168	247	0	5	0.61	101.6	508.0	0.6666666666666666
58169	320	0	5	0.7925	257.6	1288.0	0.0
58170	171	0	5	0.42	169.0	845.0	0.0
58171	270	0	5	0.6675	97.6	488.0	0.6666666666666666
58172	199	0	5	0.49	186.2	931.0	0.0
58173	338	1	4	0.8425	162.2	811.0	1.0
58174	345	0	5	0.855	134.8	674.0	0.3333333333333333
58175	360	0	5	0.8925	191.6	958.0	0.3333333333333333
58176	97	0	5	0.235	37.4	187.0	0.3333333333333333
58177	195	0	5	0.48	112.6	563.0	0.0
58178	116	0	5	0.2825	76.4	382.0	0.0
58179	57	0	5	0.135	50.6	253.0	0.3333333333333333
58180	386	1	4	0.9625	349.2	1746.0	1.0
58181	110	0	5	0.2675	94.4	472.0	0.3333333333333333
58182	390	0	5	0.9675	91.8	459.0	0.6666666666666666
58183	217	0	5	0.535	215.0	1075.0	0.3333333333333333
58184	305	0	5	0.755	251.6	1258.0	0.3333333333333333
58185	292	0	5	0.7225	173.0	865.0	0.3333333333333333
58186	257	0	5	0.635	187.0	935.0	0.3333333333333333
58187	343	0	5	0.85	196.6	983.0	0.3333333333333333
58188	265	0	5	0.655	151.8	759.0	0.3333333333333333
58189	144	0	5	0.3525	76.0	380.0	0.3333333333333333
58190	197	0	5	0.485	116.4	582.0	0.3333333333333333
58191	237	0	5	0.585	203.0	1015.0	0.0
58192	220	0	5	0.5425	147.4	737.0	0.6666666666666666
58193	361	1	4	0.9	86.6	433.0	1.0
58194	27	0	5	0.06	25.0	125.0	0.0
58195	288	1	4	0.7175	75.0	375.0	1.0
58196	246	0	5	0.6075	199.0	995.0	0.6666666666666666
58197	123	0	5	0.3	41.8	209.0	0.3333333333333333
58198	27	0	5	0.06	22.0	110.0	0.3333333333333333
58199	182	0	5	0.4475	77.8	389.0	0.3333333333333333
58200	129	0	5	0.315	99.8	499.0	0.6666666666666666
58201	221	0	5	0.545	102.4	512.0	0.6666666666666666
58202	134	0	5	0.3275	72.2	361.0	0.6666666666666666
58203	314	0	5	0.7775	194.6	973.0	0.3333333333333333
58204	209	0	5	0.515	206.2	1031.0	0.3333333333333333
58205	316	1	4	0.7875	240.2	1201.0	1.0
58206	71	0	5	0.17	69.0	345.0	0.0
58207	162	1	4	0.4025	116.6	583.0	1.0
58208	215	1	4	0.535	113.8	569.0	1.0
58209	306	0	5	0.7575	163.4	817.0	0.6666666666666666
58210	132	0	5	0.3225	58.0	290.0	0.3333333333333333
58211	23	0	5	0.05	13.8	69.0	0.3333333333333333
58212	399	1	4	0.995	139.8	699.0	1.0
58213	182	0	5	0.4475	36.4	182.0	0.6666666666666666
58214	294	1	4	0.7325	164.4	822.0	1.0
58215	302	0	5	0.7475	150.0	750.0	0.6666666666666666
58216	284	1	4	0.7075	234.4	1172.0	1.0
58217	266	0	5	0.6575	108.8	544.0	0.3333333333333333
58218	31	0	5	0.07	29.0	145.0	0.0
58219	66	0	5	0.1575	41.2	206.0	0.6666666666666666
58220	84	0	5	0.2025	54.0	270.0	0.3333333333333333
58221	49	0	5	0.115	47.0	235.0	0.0
58222	96	0	5	0.2325	60.4	302.0	0.3333333333333333
58223	32	0	5	0.0725	30.0	150.0	0.0
58224	341	0	5	0.845	256.4	1282.0	0.6666666666666666
58225	204	0	5	0.5025	102.4	512.0	0.3333333333333333
58226	199	0	5	0.49	56.2	281.0	0.6666666666666666
58227	369	0	5	0.915	102.2	511.0	0.3333333333333333
58228	267	1	4	0.665	219.2	1096.0	1.0
58229	171	0	5	0.42	121.6	608.0	0.0
58230	234	0	5	0.5775	128.4	642.0	0.6666666666666666
58231	206	0	5	0.5075	174.2	871.0	0.3333333333333333
58232	168	0	5	0.4125	68.2	341.0	0.3333333333333333
58233	252	0	5	0.6225	104.8	524.0	0.3333333333333333
58234	313	0	5	0.775	136.2	681.0	0.6666666666666666
58235	219	0	5	0.54	175.2	876.0	0.0
58236	353	1	4	0.88	153.2	766.0	1.0
58237	118	0	5	0.2875	50.0	250.0	0.3333333333333333
58238	218	0	5	0.5375	84.8	424.0	0.3333333333333333
58239	91	0	5	0.22	89.0	445.0	0.0
58240	65	0	5	0.155	30.2	151.0	0.6666666666666666
58241	388	0	5	0.9625	107.2	536.0	0.6666666666666666
58242	173	0	5	0.425	121.4	607.0	0.3333333333333333
58243	135	0	5	0.33	126.4	632.0	0.0
58244	91	0	5	0.22	65.6	328.0	0.3333333333333333
58245	161	0	5	0.395	125.8	629.0	0.3333333333333333
58246	233	0	5	0.575	161.8	809.0	0.3333333333333333
58247	88	0	5	0.2125	28.6	143.0	0.0
58248	51	0	5	0.12	29.2	146.0	0.0
58249	231	0	5	0.57	216.2	1081.0	0.3333333333333333
58250	392	0	5	0.9725	193.4	967.0	0.6666666666666666
58251	306	0	5	0.7575	133.6	668.0	0.6666666666666666
58252	389	0	5	0.965	246.0	1230.0	0.6666666666666666
58253	245	0	5	0.605	197.4	987.0	0.3333333333333333
58254	92	0	5	0.2225	88.4	442.0	0.3333333333333333
58255	217	0	5	0.535	63.2	316.0	0.6666666666666666
58256	188	0	5	0.4625	111.8	559.0	0.0
58257	266	0	5	0.6575	132.8	664.0	0.3333333333333333
58258	255	0	5	0.63	53.0	265.0	0.3333333333333333
58259	92	0	5	0.2225	73.2	366.0	0.3333333333333333
58260	160	0	5	0.3925	121.2	606.0	0.3333333333333333
58261	357	1	4	0.89	265.0	1325.0	1.0
58262	298	0	5	0.7375	243.6	1218.0	0.3333333333333333
58263	149	0	5	0.365	112.2	561.0	0.3333333333333333
58264	177	0	5	0.435	144.6	723.0	0.0
58265	197	0	5	0.485	52.6	263.0	0.3333333333333333
58266	18	0	5	0.0375	16.0	80.0	0.0
58267	215	0	5	0.53	173.4	867.0	0.6666666666666666
58268	166	0	5	0.4075	127.4	637.0	0.3333333333333333
58269	276	0	5	0.6825	95.2	476.0	0.3333333333333333
58270	157	0	5	0.385	74.6	373.0	0.6666666666666666
58271	233	0	5	0.575	144.0	720.0	0.6666666666666666
58272	171	0	5	0.42	77.2	386.0	0.6666666666666666
58273	246	0	5	0.6075	199.2	996.0	0.3333333333333333
58274	326	0	5	0.8075	247.0	1235.0	0.3333333333333333
58275	328	0	5	0.8125	238.0	1190.0	0.6666666666666666
58276	292	0	5	0.7225	172.8	864.0	0.3333333333333333
58277	344	0	5	0.8525	238.0	1190.0	0.6666666666666666
58278	401	0	5	0.995	142.0	710.0	0.6666666666666666
58279	325	0	5	0.805	147.6	738.0	0.3333333333333333
58280	43	0	5	0.1	28.2	141.0	0.3333333333333333
58281	59	0	5	0.14	53.0	265.0	0.3333333333333333
58282	374	0	5	0.9275	248.0	1240.0	0.6666666666666666
58283	341	0	5	0.845	171.0	855.0	0.3333333333333333
58284	281	1	4	0.7	146.2	731.0	1.0
58285	163	0	5	0.4	37.0	185.0	0.6666666666666666
58286	239	1	4	0.595	152.8	764.0	1.0
58287	334	0	5	0.8275	94.0	470.0	0.3333333333333333
58288	162	0	5	0.3975	131.0	655.0	0.0
58289	151	0	5	0.37	107.8	539.0	0.3333333333333333
58290	237	0	5	0.585	216.4	1082.0	0.3333333333333333
58291	81	0	5	0.195	79.0	395.0	0.0
58292	334	0	5	0.8275	142.4	712.0	0.3333333333333333
58293	4	0	5	0.0025	2.0	10.0	0.0
58294	123	0	5	0.3	53.2	266.0	0.6666666666666666
58295	305	1	4	0.76	253.0	1265.0	1.0
58296	198	0	5	0.4875	82.4	412.0	0.3333333333333333
58297	215	0	5	0.53	96.8	484.0	0.3333333333333333
58298	48	0	5	0.1125	46.0	230.0	0.0
58299	184	1	4	0.4575	106.4	532.0	1.0
58300	135	0	5	0.33	73.8	369.0	0.3333333333333333
58301	228	1	4	0.5675	175.2	876.0	1.0
58302	130	0	5	0.3175	128.0	640.0	0.0
58303	342	0	5	0.8475	183.0	915.0	0.3333333333333333
58304	390	0	5	0.9675	212.8	1064.0	0.6666666666666666
58305	277	0	5	0.685	122.0	610.0	0.0
58306	200	0	5	0.4925	134.8	674.0	0.3333333333333333
58307	310	0	5	0.7675	253.2	1266.0	0.0
58308	119	0	5	0.29	109.0	545.0	0.0
58309	76	0	5	0.1825	49.6	248.0	0.0
58310	128	0	5	0.3125	110.4	552.0	0.6666666666666666
58311	278	0	5	0.6875	233.4	1167.0	0.6666666666666666
58312	48	0	5	0.1125	46.0	230.0	0.0
58313	238	0	5	0.5875	126.8	634.0	0.3333333333333333
58314	169	1	4	0.42	111.4	557.0	1.0
58315	109	0	5	0.265	49.8	249.0	0.6666666666666666
58316	207	0	5	0.51	117.0	585.0	0.0
58317	23	0	5	0.05	21.0	105.0	0.0
58318	62	0	5	0.1475	44.4	222.0	0.3333333333333333
58319	265	0	5	0.655	160.4	802.0	0.0
58320	17	0	5	0.035	11.8	59.0	0.3333333333333333
58321	101	0	5	0.245	96.2	481.0	0.0
58322	206	0	5	0.5075	156.8	784.0	0.3333333333333333
58323	330	0	5	0.8175	93.0	465.0	0.3333333333333333
58324	225	0	5	0.555	192.2	961.0	0.0
58325	241	0	5	0.595	223.2	1116.0	0.0
58326	385	0	5	0.955	253.2	1266.0	0.6666666666666666
58327	358	0	5	0.8875	134.2	671.0	0.6666666666666666
58328	186	0	5	0.4575	84.2	421.0	0.3333333333333333
58329	299	0	5	0.74	194.6	973.0	0.0
58330	285	0	5	0.705	91.4	457.0	0.6666666666666666
58331	282	0	5	0.6975	205.2	1026.0	0.0
58332	262	0	5	0.6475	88.8	444.0	0.3333333333333333
58333	327	1	4	0.815	172.6	863.0	1.0
58334	161	0	5	0.395	145.8	729.0	0.3333333333333333
58335	209	0	5	0.515	105.4	527.0	0.3333333333333333
58336	354	0	5	0.8775	97.6	488.0	0.6666666666666666
58337	172	0	5	0.4225	75.2	376.0	0.0
58338	128	1	4	0.3175	72.0	360.0	1.0
58339	224	0	5	0.5525	136.0	680.0	0.6666666666666666
58340	397	0	5	0.985	165.2	826.0	0.6666666666666666
58341	345	1	4	0.86	138.2	691.0	1.0
58342	303	0	5	0.75	160.6	803.0	0.3333333333333333
58343	315	0	5	0.78	205.8	1029.0	0.3333333333333333
58344	261	0	5	0.645	85.4	427.0	0.6666666666666666
58345	67	0	5	0.16	65.0	325.0	0.0
58346	28	0	5	0.0625	26.0	130.0	0.0
58347	115	1	4	0.285	105.4	527.0	1.0
58348	27	0	5	0.06	25.0	125.0	0.0
58349	376	0	5	0.9325	243.6	1218.0	0.6666666666666666
58350	89	0	5	0.215	58.2	291.0	0.6666666666666666
58351	377	0	5	0.935	208.0	1040.0	0.6666666666666666
58352	207	1	4	0.515	146.2	731.0	1.0
58353	169	0	5	0.415	104.0	520.0	0.3333333333333333
58354	291	0	5	0.72	238.2	1191.0	0.6666666666666666
58355	35	0	5	0.08	30.2	151.0	0.3333333333333333
58356	270	0	5	0.6675	188.2	941.0	0.0
58357	84	0	5	0.2025	59.8	299.0	0.6666666666666666
58358	378	1	4	0.9425	285.0	1425.0	1.0
58359	7	0	5	0.01	5.0	25.0	0.0
58360	110	0	5	0.2675	57.6	288.0	0.6666666666666666
58361	358	0	5	0.8875	230.0	1150.0	0.3333333333333333
58362	389	0	5	0.965	164.2	821.0	0.6666666666666666
58363	83	0	5	0.2	81.0	405.0	0.0
58364	56	0	5	0.1325	54.0	270.0	0.0
58365	200	0	5	0.4925	97.8	489.0	0.3333333333333333
58366	232	0	5	0.5725	85.2	426.0	0.3333333333333333
58367	377	0	5	0.935	190.8	954.0	0.6666666666666666
58368	41	0	5	0.095	39.0	195.0	0.0
58369	10	0	5	0.0175	8.0	40.0	0.0
58370	309	0	5	0.765	201.2	1006.0	0.3333333333333333
58371	142	0	5	0.3475	120.0	600.0	0.0
58372	388	0	5	0.9625	206.0	1030.0	0.6666666666666666
58373	393	0	5	0.975	173.0	865.0	0.6666666666666666
58374	51	0	5	0.12	49.0	245.0	0.0
58375	29	0	5	0.065	27.0	135.0	0.0
58376	74	0	5	0.1775	32.4	162.0	0.3333333333333333
58377	196	0	5	0.4825	138.8	694.0	0.3333333333333333
58378	175	1	4	0.435	146.4	732.0	1.0
58379	46	0	5	0.1075	44.0	220.0	0.0
58380	125	0	5	0.305	97.2	486.0	0.3333333333333333
58381	241	0	5	0.595	101.4	507.0	0.0
58382	355	0	5	0.88	150.4	752.0	0.6666666666666666
58383	141	1	4	0.35	33.0	165.0	1.0
58384	234	0	5	0.5775	109.6	548.0	0.3333333333333333
58385	379	1	4	0.945	173.8	869.0	1.0
58386	68	0	5	0.1625	22.6	113.0	0.3333333333333333
58387	322	1	4	0.8025	234.0	1170.0	1.0
58388	207	0	5	0.51	185.4	927.0	0.0
58389	180	0	5	0.4425	178.0	890.0	0.3333333333333333
58390	67	0	5	0.16	47.0	235.0	0.3333333333333333
58391	226	0	5	0.5575	184.8	924.0	0.3333333333333333
58392	195	0	5	0.48	80.2	401.0	0.3333333333333333
58393	174	0	5	0.4275	132.8	664.0	0.3333333333333333
58394	194	0	5	0.4775	83.0	415.0	0.3333333333333333
58395	45	0	5	0.105	39.0	195.0	0.0
58396	316	1	4	0.7875	87.6	438.0	1.0
58397	198	0	5	0.4875	196.0	980.0	0.3333333333333333
58398	215	0	5	0.53	173.4	867.0	0.0
58399	307	0	5	0.76	305.0	1525.0	0.0
58400	321	0	5	0.795	165.6	828.0	0.6666666666666666
58401	297	0	5	0.735	158.2	791.0	0.6666666666666666
58402	45	0	5	0.105	27.8	139.0	0.3333333333333333
58403	338	0	5	0.8375	245.2	1226.0	0.3333333333333333
58404	116	0	5	0.2825	110.0	550.0	0.3333333333333333
58405	215	0	5	0.53	197.6	988.0	0.6666666666666666
58406	350	0	5	0.8675	175.4	877.0	0.6666666666666666
58407	56	0	5	0.1325	52.8	264.0	0.3333333333333333
58408	192	0	5	0.4725	122.2	611.0	0.0
58409	56	0	5	0.1325	24.6	123.0	0.3333333333333333
58410	293	0	5	0.725	247.8	1239.0	0.3333333333333333
58411	183	0	5	0.45	158.4	792.0	0.6666666666666666
58412	396	0	5	0.9825	280.8	1404.0	0.6666666666666666
58413	25	0	5	0.055	11.8	59.0	0.0
58414	165	0	5	0.405	162.2	811.0	0.0
58415	90	0	5	0.2175	86.4	432.0	0.0
58416	203	0	5	0.5	157.2	786.0	0.0
58417	114	0	5	0.2775	79.6	398.0	0.0
58418	108	0	5	0.2625	106.0	530.0	0.0
58419	238	1	4	0.5925	145.2	726.0	1.0
58420	111	0	5	0.27	80.2	401.0	0.3333333333333333
58421	127	0	5	0.31	53.0	265.0	0.3333333333333333
58422	192	0	5	0.4725	100.8	504.0	0.6666666666666666
58423	160	0	5	0.3925	151.4	757.0	0.3333333333333333
58424	252	0	5	0.6225	76.4	382.0	0.0
58425	100	1	4	0.2475	62.0	310.0	1.0
58426	2	0	5	0.0	0.0	0.0	0.0
58427	393	0	5	0.975	237.8	1189.0	0.6666666666666666
58428	158	0	5	0.3875	69.8	349.0	0.3333333333333333
58429	386	1	4	0.9625	243.4	1217.0	1.0
58430	230	0	5	0.5675	190.4	952.0	0.3333333333333333
58431	39	0	5	0.09	35.8	179.0	0.0
58432	320	0	5	0.7925	165.2	826.0	0.3333333333333333
58433	231	0	5	0.57	124.6	623.0	0.6666666666666666
58434	210	0	5	0.5175	196.2	981.0	0.3333333333333333
58435	9	0	5	0.015	7.0	35.0	0.0
58436	162	1	4	0.4025	87.6	438.0	1.0
58437	345	1	4	0.86	247.6	1238.0	1.0
58438	16	0	5	0.0325	14.0	70.0	0.0
58439	216	0	5	0.5325	98.8	494.0	0.3333333333333333
58440	224	0	5	0.5525	222.0	1110.0	0.0
58441	167	0	5	0.41	165.0	825.0	0.0
58442	305	0	5	0.755	187.6	938.0	0.3333333333333333
58443	270	0	5	0.6675	106.8	534.0	0.6666666666666666
58444	69	0	5	0.165	42.6	213.0	0.6666666666666666
58445	289	0	5	0.715	234.6	1173.0	0.3333333333333333
58446	299	0	5	0.74	180.6	903.0	0.3333333333333333
58447	197	0	5	0.485	131.0	655.0	0.3333333333333333
58448	261	0	5	0.645	169.4	847.0	0.3333333333333333
58449	115	0	5	0.28	113.0	565.0	0.0
58450	276	0	5	0.6825	168.6	843.0	0.3333333333333333
58451	269	0	5	0.665	68.2	341.0	0.3333333333333333
58452	392	0	5	0.9725	126.2	631.0	0.6666666666666666
58453	366	0	5	0.9075	301.2	1506.0	0.3333333333333333
58454	329	0	5	0.815	186.0	930.0	0.6666666666666666
58455	286	0	5	0.7075	107.4	537.0	0.6666666666666666
58456	84	0	5	0.2025	59.8	299.0	0.3333333333333333
58457	213	0	5	0.525	135.0	675.0	0.6666666666666666
58458	65	0	5	0.155	63.0	315.0	0.0
58459	263	0	5	0.65	178.2	891.0	0.6666666666666666
58460	341	0	5	0.845	80.0	400.0	0.3333333333333333
58461	25	0	5	0.055	23.0	115.0	0.0
58462	49	0	5	0.115	21.2	106.0	0.3333333333333333
58463	209	0	5	0.515	116.8	584.0	0.3333333333333333
58464	280	0	5	0.6925	160.2	801.0	0.3333333333333333
58465	276	0	5	0.6825	174.0	870.0	0.6666666666666666
58466	124	0	5	0.3025	116.0	580.0	0.3333333333333333
58467	395	1	4	0.985	133.2	666.0	1.0
58468	224	0	5	0.5525	185.6	928.0	0.0
58469	9	0	5	0.015	7.0	35.0	0.0
58470	185	0	5	0.455	70.2	351.0	0.3333333333333333
58471	157	0	5	0.385	77.6	388.0	0.0
58472	142	0	5	0.3475	64.8	324.0	0.0
58473	184	0	5	0.4525	182.0	910.0	0.0
58474	81	0	5	0.195	79.0	395.0	0.0
58475	163	0	5	0.4	142.8	714.0	0.6666666666666666
58476	287	0	5	0.71	228.0	1140.0	0.6666666666666666
58477	244	0	5	0.6025	178.6	893.0	0.3333333333333333
58478	350	0	5	0.8675	196.8	984.0	0.6666666666666666
58479	320	0	5	0.7925	167.4	837.0	0.6666666666666666
58480	356	0	5	0.8825	138.4	692.0	0.3333333333333333
58481	133	0	5	0.325	96.2	481.0	0.3333333333333333
58482	373	1	4	0.93	187.4	937.0	1.0
58483	63	0	5	0.15	61.0	305.0	0.0
58484	321	0	5	0.795	178.0	890.0	0.6666666666666666
58485	122	0	5	0.2975	102.6	513.0	0.0
58486	332	0	5	0.8225	190.2	951.0	0.3333333333333333
58487	201	0	5	0.495	65.4	327.0	0.0
58488	303	0	5	0.75	133.8	669.0	0.6666666666666666
58489	358	0	5	0.8875	321.8	1609.0	0.6666666666666666
58490	225	0	5	0.555	206.2	1031.0	0.0
58491	68	0	5	0.1625	66.0	330.0	0.0
58492	265	0	5	0.655	141.4	707.0	0.6666666666666666
58493	5	0	5	0.005	3.0	15.0	0.0
58494	255	0	5	0.63	184.6	923.0	0.6666666666666666
58495	10	0	5	0.0175	8.0	40.0	0.0
58496	238	0	5	0.5875	71.2	356.0	0.0
58497	127	0	5	0.31	107.4	537.0	0.3333333333333333
58498	119	0	5	0.29	103.2	516.0	0.3333333333333333
58499	85	0	5	0.205	31.0	155.0	0.3333333333333333
58500	56	0	5	0.1325	39.6	198.0	0.3333333333333333
58501	109	0	5	0.265	55.8	279.0	0.0
58502	100	0	5	0.2425	98.0	490.0	0.0
58503	327	0	5	0.81	193.0	965.0	0.0
58504	332	0	5	0.8225	239.0	1195.0	0.6666666666666666
58505	213	0	5	0.525	87.0	435.0	0.6666666666666666
58506	129	0	5	0.315	68.4	342.0	0.3333333333333333
58507	19	0	5	0.04	17.0	85.0	0.0
58508	243	0	5	0.6	96.6	483.0	0.3333333333333333
58509	195	0	5	0.48	138.6	693.0	0.3333333333333333
58510	205	0	5	0.505	67.4	337.0	0.3333333333333333
58511	76	0	5	0.1825	42.8	214.0	0.3333333333333333
58512	314	0	5	0.7775	122.0	610.0	0.6666666666666666
58513	167	0	5	0.41	82.0	410.0	0.3333333333333333
58514	134	0	5	0.3275	55.2	276.0	0.3333333333333333
58515	328	0	5	0.8125	155.8	779.0	0.3333333333333333
58516	207	1	4	0.515	51.0	255.0	1.0
58517	137	0	5	0.335	116.6	583.0	0.3333333333333333
58518	250	0	5	0.6175	160.4	802.0	0.3333333333333333
58519	357	0	5	0.885	237.6	1188.0	0.6666666666666666
58520	74	0	5	0.1775	52.0	260.0	0.3333333333333333
58521	203	0	5	0.5	177.0	885.0	0.0
58522	132	0	5	0.3225	115.4	577.0	0.0
58523	120	0	5	0.2925	82.2	411.0	0.0
58524	385	0	5	0.955	149.8	749.0	0.6666666666666666
58525	148	0	5	0.3625	146.0	730.0	0.0
58526	349	0	5	0.865	212.8	1064.0	0.6666666666666666
58527	192	0	5	0.4725	53.6	268.0	0.3333333333333333
58528	288	0	5	0.7125	206.4	1032.0	0.3333333333333333
58529	182	0	5	0.4475	140.0	700.0	0.3333333333333333
58530	125	0	5	0.305	120.6	603.0	0.3333333333333333
58531	73	0	5	0.175	71.0	355.0	0.0
58532	93	0	5	0.225	89.2	446.0	0.3333333333333333
58533	242	0	5	0.5975	154.6	773.0	0.3333333333333333
58534	330	0	5	0.8175	198.4	992.0	0.6666666666666666
58535	44	0	5	0.1025	36.2	181.0	0.0
58536	348	0	5	0.8625	164.0	820.0	0.3333333333333333
58537	102	0	5	0.2475	64.4	322.0	0.3333333333333333
58538	336	1	4	0.8375	287.8	1439.0	1.0
58539	46	0	5	0.1075	44.0	220.0	0.0
58540	371	0	5	0.92	229.6	1148.0	0.6666666666666666
58541	155	0	5	0.38	106.2	531.0	0.0
58542	68	0	5	0.1625	59.6	298.0	0.0
58543	128	1	4	0.3175	34.4	172.0	1.0
58544	261	1	4	0.65	141.8	709.0	1.0
58545	195	1	4	0.485	95.6	478.0	1.0
58546	190	0	5	0.4675	102.4	512.0	0.6666666666666666
58547	191	0	5	0.47	172.2	861.0	0.3333333333333333
58548	42	0	5	0.0975	40.0	200.0	0.0
58549	335	0	5	0.83	266.8	1334.0	0.3333333333333333
58550	182	0	5	0.4475	89.4	447.0	0.3333333333333333
58551	148	0	5	0.3625	71.6	358.0	0.3333333333333333
58552	231	1	4	0.575	75.4	377.0	1.0
58553	182	0	5	0.4475	115.0	575.0	0.3333333333333333
58554	166	0	5	0.4075	127.8	639.0	0.3333333333333333
58555	126	0	5	0.3075	92.8	464.0	0.6666666666666666
58556	213	0	5	0.525	78.0	390.0	0.6666666666666666
58557	31	0	5	0.07	29.0	145.0	0.0
58558	35	0	5	0.08	33.0	165.0	0.0
58559	367	0	5	0.91	233.6	1168.0	0.6666666666666666
58560	72	0	5	0.1725	63.6	318.0	0.3333333333333333
58561	266	0	5	0.6575	180.4	902.0	0.3333333333333333
58562	261	1	3	0.65	179.8	899.0	1.0
58563	165	0	5	0.405	39.0	195.0	0.6666666666666666
58564	163	0	5	0.4	55.4	277.0	0.3333333333333333
58565	387	0	5	0.96	251.0	1255.0	0.6666666666666666
58566	94	0	5	0.2275	84.4	422.0	0.3333333333333333
58567	135	0	5	0.33	89.8	449.0	0.3333333333333333
58568	4	0	5	0.0025	2.0	10.0	0.0
58569	148	0	5	0.3625	105.4	527.0	0.3333333333333333
58570	349	0	5	0.865	257.8	1289.0	0.6666666666666666
58571	107	0	5	0.26	54.6	273.0	0.0
58572	82	0	5	0.1975	75.2	376.0	0.0
58573	71	0	5	0.17	38.4	192.0	0.6666666666666666
58574	345	0	5	0.855	161.4	807.0	0.6666666666666666
58575	317	1	4	0.79	213.4	1067.0	1.0
58576	265	0	5	0.655	125.0	625.0	0.0
58577	380	1	3	0.9475	286.2	1431.0	1.0
58578	292	0	5	0.7225	99.6	498.0	0.3333333333333333
58579	262	0	5	0.6475	224.6	1123.0	0.0
58580	67	0	5	0.16	65.0	325.0	0.0
58581	4	0	5	0.0025	2.0	10.0	0.0
58582	72	0	5	0.1725	70.0	350.0	0.0
58583	75	0	5	0.18	58.2	291.0	0.0
58584	268	0	5	0.6625	217.6	1088.0	0.6666666666666666
58585	136	0	5	0.3325	116.8	584.0	0.3333333333333333
58586	42	0	5	0.0975	32.8	164.0	0.0
58587	196	0	5	0.4825	101.2	506.0	0.6666666666666666
58588	30	0	5	0.0675	18.0	90.0	0.3333333333333333
58589	320	1	4	0.7975	123.2	616.0	1.0
58590	168	0	5	0.4125	98.4	492.0	0.6666666666666666
58591	375	0	5	0.93	82.0	410.0	0.6666666666666666
58592	98	0	5	0.2375	77.8	389.0	0.0
58593	118	0	5	0.2875	116.0	580.0	0.0
58594	162	0	5	0.3975	45.6	228.0	0.3333333333333333
58595	112	0	5	0.2725	82.8	414.0	0.6666666666666666
58596	363	1	4	0.905	137.4	687.0	1.0
58597	391	0	5	0.97	218.0	1090.0	0.6666666666666666
58598	316	0	5	0.7825	100.4	502.0	0.6666666666666666
58599	329	0	5	0.815	99.8	499.0	0.6666666666666666
58600	76	0	5	0.1825	74.0	370.0	0.0
58601	158	0	5	0.3875	132.0	660.0	0.3333333333333333
58602	117	0	5	0.285	56.0	280.0	0.3333333333333333
58603	10	0	5	0.0175	8.0	40.0	0.0
58604	145	0	5	0.355	134.2	671.0	0.0
58605	266	0	5	0.6575	120.8	604.0	0.3333333333333333
58606	231	0	5	0.57	169.4	847.0	0.3333333333333333
58607	327	0	5	0.81	129.4	647.0	0.6666666666666666
58608	307	0	5	0.76	247.4	1237.0	0.3333333333333333
58609	231	0	5	0.57	219.4	1097.0	0.3333333333333333
58610	305	0	5	0.755	124.8	624.0	0.6666666666666666
58611	165	0	5	0.405	112.6	563.0	0.6666666666666666
58612	252	0	5	0.6225	162.0	810.0	0.3333333333333333
58613	268	0	5	0.6625	204.4	1022.0	0.3333333333333333
58614	129	0	5	0.315	80.0	400.0	0.3333333333333333
58615	216	0	5	0.5325	168.6	843.0	0.3333333333333333
58616	129	0	5	0.315	25.8	129.0	0.3333333333333333
58617	216	0	5	0.5325	95.8	479.0	0.0
58618	195	0	5	0.48	179.0	895.0	0.3333333333333333
58619	354	0	5	0.8775	199.2	996.0	0.6666666666666666
58620	5	0	5	0.005	3.0	15.0	0.0
58621	264	0	5	0.6525	97.0	485.0	0.0
58622	320	0	5	0.7925	113.8	569.0	0.0
58623	94	0	5	0.2275	87.8	439.0	0.3333333333333333
58624	114	0	5	0.2775	71.4	357.0	0.3333333333333333
58625	253	0	5	0.625	194.2	971.0	0.6666666666666666
58626	195	0	5	0.48	163.6	818.0	0.3333333333333333
58627	304	0	5	0.7525	231.6	1158.0	0.6666666666666666
58628	26	0	5	0.0575	24.0	120.0	0.0
58629	8	0	5	0.0125	5.2	26.0	0.0
58630	190	0	5	0.4675	174.2	871.0	0.3333333333333333
58631	378	1	4	0.9425	169.2	846.0	1.0
58632	344	0	5	0.8525	235.6	1178.0	0.3333333333333333
58633	148	0	5	0.3625	119.8	599.0	0.0
58634	393	0	5	0.975	300.2	1501.0	0.6666666666666666
58635	86	0	5	0.2075	31.2	156.0	0.3333333333333333
58636	51	0	5	0.12	49.0	245.0	0.0
58637	194	0	5	0.4775	100.4	502.0	0.3333333333333333
58638	345	0	5	0.855	265.2	1326.0	0.3333333333333333
58639	235	0	5	0.58	113.8	569.0	0.6666666666666666
58640	130	0	5	0.3175	42.4	212.0	0.3333333333333333
58641	60	0	5	0.1425	42.4	212.0	0.0
58642	201	0	5	0.495	139.6	698.0	0.6666666666666666
58643	71	0	5	0.17	69.0	345.0	0.0
58644	78	0	5	0.1875	70.4	352.0	0.0
58645	400	0	5	0.9925	251.0	1255.0	0.6666666666666666
58646	295	0	5	0.73	103.0	515.0	0.6666666666666666
58647	361	1	3	0.9	243.6	1218.0	1.0
58648	256	0	5	0.6325	178.0	890.0	0.0
58649	229	1	4	0.57	123.8	619.0	1.0
58650	383	0	5	0.95	86.4	432.0	0.6666666666666666
58651	69	0	5	0.165	64.0	320.0	0.0
58652	330	1	4	0.8225	216.0	1080.0	1.0
58653	90	0	5	0.2175	58.6	293.0	0.3333333333333333
58654	52	0	5	0.1225	50.0	250.0	0.0
58655	335	0	5	0.83	193.6	968.0	0.6666666666666666
58656	314	0	5	0.7775	280.8	1404.0	0.0
58657	155	0	5	0.38	86.2	431.0	0.3333333333333333
58658	199	0	5	0.49	194.0	970.0	0.0
58659	88	0	5	0.2125	86.0	430.0	0.0
58660	248	0	5	0.6125	159.0	795.0	0.6666666666666666
58661	359	0	5	0.89	144.6	723.0	0.6666666666666666
58662	294	1	4	0.7325	136.4	682.0	1.0
58663	91	0	5	0.22	75.2	376.0	0.3333333333333333
58664	157	0	5	0.385	68.6	343.0	0.6666666666666666
58665	332	0	5	0.8225	330.0	1650.0	0.0
58666	108	0	5	0.2625	106.0	530.0	0.0
58667	131	0	5	0.32	43.4	217.0	0.3333333333333333
58668	131	0	5	0.32	99.2	496.0	0.0
58669	77	0	5	0.185	62.2	311.0	0.3333333333333333
58670	215	1	4	0.535	172.8	864.0	1.0
58671	369	0	5	0.915	267.8	1339.0	0.6666666666666666
58672	264	0	5	0.6525	214.2	1071.0	0.3333333333333333
58673	380	1	4	0.9475	107.4	537.0	1.0
58674	278	0	5	0.6875	232.8	1164.0	0.6666666666666666
58675	76	0	5	0.1825	35.6	178.0	0.6666666666666666
58676	304	0	5	0.7525	81.2	406.0	0.3333333333333333
58677	242	0	5	0.5975	228.2	1141.0	0.0
58678	335	0	5	0.83	187.8	939.0	0.3333333333333333
58679	124	0	5	0.3025	116.0	580.0	0.0
58680	308	0	5	0.7625	192.4	962.0	0.6666666666666666
58681	105	0	5	0.255	24.6	123.0	0.3333333333333333
58682	223	0	5	0.55	129.8	649.0	0.3333333333333333
58683	230	0	5	0.5675	87.0	435.0	0.0
58684	19	0	5	0.04	17.0	85.0	0.0
58685	195	0	5	0.48	102.0	510.0	0.6666666666666666
58686	234	0	5	0.5775	82.4	412.0	0.6666666666666666
58687	96	0	5	0.2325	84.4	422.0	0.3333333333333333
58688	377	0	5	0.935	108.6	543.0	0.6666666666666666
58689	385	0	5	0.955	284.8	1424.0	0.6666666666666666
58690	62	0	5	0.1475	56.8	284.0	0.3333333333333333
58691	73	0	5	0.175	71.0	355.0	0.0
58692	108	0	5	0.2625	73.2	366.0	0.0
58693	301	0	5	0.745	75.0	375.0	0.3333333333333333
58694	379	0	5	0.94	234.8	1174.0	0.6666666666666666
58695	325	0	5	0.805	199.8	999.0	0.3333333333333333
58696	155	0	5	0.38	128.8	644.0	0.0
58697	281	0	5	0.695	139.0	695.0	0.6666666666666666
58698	299	0	5	0.74	167.4	837.0	0.3333333333333333
58699	183	0	5	0.45	174.2	871.0	0.0
58700	277	0	5	0.685	188.2	941.0	0.3333333333333333
58701	137	0	5	0.335	116.4	582.0	0.6666666666666666
58702	9	0	5	0.015	7.0	35.0	0.0
58703	97	0	5	0.235	86.6	433.0	0.3333333333333333
58704	290	1	4	0.7225	212.6	1063.0	1.0
58705	286	0	5	0.7075	206.0	1030.0	0.6666666666666666
58706	373	0	5	0.925	293.6	1468.0	0.3333333333333333
58707	58	0	5	0.1375	54.6	273.0	0.0
58708	367	0	5	0.91	159.0	795.0	0.6666666666666666
58709	320	0	5	0.7925	89.8	449.0	0.6666666666666666
58710	190	0	5	0.4675	147.6	738.0	0.3333333333333333
58711	152	0	5	0.3725	130.0	650.0	0.0
58712	155	0	5	0.38	63.0	315.0	0.6666666666666666
58713	260	0	5	0.6425	141.0	705.0	0.6666666666666666
58714	149	0	5	0.365	147.0	735.0	0.0
58715	370	1	4	0.9225	256.0	1280.0	1.0
58716	156	0	5	0.3825	126.8	634.0	0.3333333333333333
58717	338	0	5	0.8375	137.0	685.0	0.3333333333333333
58718	242	0	5	0.5975	152.0	760.0	0.6666666666666666
58719	113	0	5	0.275	77.0	385.0	0.0
58720	59	0	5	0.14	57.0	285.0	0.3333333333333333
58721	2	0	5	0.0	0.0	0.0	0.0
58722	6	0	5	0.0075	4.0	20.0	0.0
58723	112	0	5	0.2725	46.4	232.0	0.0
58724	91	0	5	0.22	89.0	445.0	0.0
58725	135	0	5	0.33	133.0	665.0	0.0
58726	315	0	5	0.78	257.2	1286.0	0.6666666666666666
58727	337	0	5	0.835	149.6	748.0	0.6666666666666666
58728	264	0	5	0.6525	123.4	617.0	0.3333333333333333
58729	263	0	5	0.65	137.0	685.0	0.6666666666666666
58730	214	0	5	0.5275	186.4	932.0	0.0
58731	272	0	5	0.6725	138.4	692.0	0.3333333333333333
58732	277	0	5	0.685	147.2	736.0	0.3333333333333333
58733	337	0	5	0.835	117.8	589.0	0.6666666666666666
58734	145	0	5	0.355	74.0	370.0	0.6666666666666666
58735	31	0	5	0.07	29.0	145.0	0.0
58736	244	0	5	0.6025	111.0	555.0	0.3333333333333333
58737	8	0	5	0.0125	6.0	30.0	0.0
58738	69	0	5	0.165	39.0	195.0	0.3333333333333333
58739	178	0	5	0.4375	115.2	576.0	0.6666666666666666
58740	194	0	5	0.4775	60.0	300.0	0.3333333333333333
58741	104	0	5	0.2525	102.0	510.0	0.0
58742	220	0	5	0.5425	111.6	558.0	0.3333333333333333
58743	208	0	5	0.5125	176.2	881.0	0.3333333333333333
58744	254	1	4	0.6325	205.8	1029.0	1.0
58745	269	0	5	0.665	171.2	856.0	0.6666666666666666
58746	26	0	5	0.0575	24.0	120.0	0.0
58747	163	0	5	0.4	101.0	505.0	0.3333333333333333
58748	120	0	5	0.2925	102.4	512.0	0.3333333333333333
58749	277	0	5	0.685	109.8	549.0	0.3333333333333333
58750	356	0	5	0.8825	205.8	1029.0	0.3333333333333333
58751	245	0	5	0.605	164.2	821.0	0.6666666666666666
58752	214	0	5	0.5275	155.6	778.0	0.3333333333333333
58753	293	0	5	0.725	121.4	607.0	0.6666666666666666
58754	73	0	5	0.175	36.2	181.0	0.3333333333333333
58755	301	0	5	0.745	150.2	751.0	0.6666666666666666
58756	203	0	5	0.5	54.6	273.0	0.3333333333333333
58757	396	1	4	0.9875	251.6	1258.0	1.0
58758	184	0	5	0.4525	57.2	286.0	0.3333333333333333
58759	384	0	5	0.9525	146.8	734.0	0.6666666666666666
58760	75	0	5	0.18	36.6	183.0	0.3333333333333333
58761	16	0	5	0.0325	14.0	70.0	0.0
58762	344	0	5	0.8525	173.2	866.0	0.3333333333333333
58763	227	0	5	0.56	101.8	509.0	0.3333333333333333
58764	241	0	5	0.595	143.2	716.0	0.3333333333333333
58765	229	0	5	0.565	138.6	693.0	0.6666666666666666
58766	289	0	5	0.715	165.8	829.0	0.6666666666666666
58767	112	0	5	0.2725	98.0	490.0	0.3333333333333333
58768	124	0	5	0.3025	108.4	542.0	0.3333333333333333
58769	160	0	5	0.3925	158.0	790.0	0.0
58770	153	0	5	0.375	120.6	603.0	0.3333333333333333
58771	293	0	5	0.725	128.6	643.0	0.6666666666666666
58772	195	0	5	0.48	182.6	913.0	0.6666666666666666
58773	272	0	5	0.6725	212.8	1064.0	0.3333333333333333
58774	325	0	5	0.805	90.2	451.0	0.6666666666666666
58775	91	0	5	0.22	89.0	445.0	0.0
58776	161	0	5	0.395	72.4	362.0	0.3333333333333333
58777	210	0	5	0.5175	99.4	497.0	0.6666666666666666
58778	213	0	5	0.525	136.2	681.0	0.6666666666666666
58779	204	0	5	0.5025	150.0	750.0	0.6666666666666666
58780	129	0	5	0.315	44.2	221.0	0.3333333333333333
58781	25	0	5	0.055	23.0	115.0	0.0
58782	376	1	4	0.9375	179.8	899.0	1.0
58783	288	0	5	0.7125	153.0	765.0	0.3333333333333333
58784	396	0	5	0.9825	208.2	1041.0	0.6666666666666666
58785	258	0	5	0.6375	226.8	1134.0	0.3333333333333333
58786	231	0	5	0.57	149.2	746.0	0.3333333333333333
58787	186	0	5	0.4575	135.0	675.0	0.3333333333333333
58788	16	0	5	0.0325	14.0	70.0	0.0
58789	240	0	5	0.5925	123.2	616.0	0.3333333333333333
58790	234	0	5	0.5775	167.8	839.0	0.6666666666666666
58791	232	0	5	0.5725	176.0	880.0	0.3333333333333333
58792	133	0	5	0.325	131.0	655.0	0.0
58793	308	0	5	0.7625	138.8	694.0	0.6666666666666666
58794	153	0	5	0.375	139.4	697.0	0.3333333333333333
58795	363	0	5	0.9	218.4	1092.0	0.6666666666666666
58796	35	0	5	0.08	33.0	165.0	0.0
58797	257	0	5	0.635	214.2	1071.0	0.0
58798	53	0	5	0.125	51.0	255.0	0.0
58799	268	0	5	0.6625	215.6	1078.0	0.3333333333333333
58800	209	0	5	0.515	168.4	842.0	0.0
58801	260	0	5	0.6425	99.6	498.0	0.6666666666666666
58802	187	1	4	0.465	82.6	413.0	1.0
58803	399	0	5	0.99	155.6	778.0	0.6666666666666666
58804	401	0	5	0.995	151.8	759.0	0.6666666666666666
58805	385	0	5	0.955	290.8	1454.0	0.6666666666666666
58806	273	0	5	0.675	207.0	1035.0	0.0
58807	311	0	5	0.77	108.6	543.0	0.3333333333333333
58808	288	1	4	0.7175	178.0	890.0	1.0
58809	57	0	5	0.135	33.8	169.0	0.3333333333333333
58810	126	0	5	0.3075	69.4	347.0	0.3333333333333333
58811	295	1	4	0.735	107.2	536.0	1.0
58812	111	1	4	0.275	89.8	449.0	1.0
58813	187	0	5	0.46	131.0	655.0	0.3333333333333333
58814	102	0	5	0.2475	65.2	326.0	0.0
58815	215	0	5	0.53	144.2	721.0	0.6666666666666666
58816	248	0	5	0.6125	142.6	713.0	0.6666666666666666
58817	122	0	5	0.2975	100.0	500.0	0.3333333333333333
58818	209	0	5	0.515	55.0	275.0	0.3333333333333333
58819	157	0	5	0.385	110.6	553.0	0.3333333333333333
58820	225	0	5	0.555	115.4	577.0	0.6666666666666666
58821	179	0	5	0.44	142.2	711.0	0.0
58822	224	0	5	0.5525	205.2	1026.0	0.0
58823	296	0	5	0.7325	256.0	1280.0	0.3333333333333333
58824	164	0	5	0.4025	91.6	458.0	0.6666666666666666
58825	122	0	5	0.2975	47.0	235.0	0.3333333333333333
58826	373	0	5	0.925	217.4	1087.0	0.6666666666666666
58827	325	0	5	0.805	77.6	388.0	0.6666666666666666
58828	77	0	5	0.185	63.0	315.0	0.0
58829	401	0	2	0.9975	288.4	1442.0	0.6666666666666666
58830	228	0	5	0.5625	214.8	1074.0	0.3333333333333333
58831	269	1	4	0.67	197.0	985.0	1.0
58832	64	0	5	0.1525	34.4	172.0	0.0
58833	132	0	5	0.3225	98.0	490.0	0.6666666666666666
58834	389	1	4	0.97	234.8	1174.0	1.0
58835	276	0	5	0.6825	118.6	593.0	0.6666666666666666
58836	222	0	5	0.5475	186.8	934.0	0.0
58837	246	0	5	0.6075	142.2	711.0	0.3333333333333333
58838	290	0	5	0.7175	174.4	872.0	0.6666666666666666
58839	287	0	5	0.71	225.0	1125.0	0.3333333333333333
58840	254	0	5	0.6275	187.0	935.0	0.6666666666666666
58841	305	1	4	0.76	238.6	1193.0	1.0
58842	37	0	5	0.085	35.0	175.0	0.0
58843	317	0	5	0.785	127.8	639.0	0.6666666666666666
58844	9	0	5	0.015	7.0	35.0	0.0
58845	166	0	5	0.4075	107.0	535.0	0.3333333333333333
58846	326	1	4	0.8125	231.6	1158.0	1.0
58847	369	0	5	0.915	191.8	959.0	0.3333333333333333
58848	102	0	5	0.2475	86.8	434.0	0.0
58849	366	0	5	0.9075	152.0	760.0	0.6666666666666666
58850	87	0	5	0.21	73.6	368.0	0.3333333333333333
58851	107	0	5	0.26	69.4	347.0	0.6666666666666666
58852	138	0	5	0.3375	72.0	360.0	0.0
58853	334	0	5	0.8275	194.4	972.0	0.0
58854	151	0	5	0.37	91.2	456.0	0.6666666666666666
58855	351	0	5	0.87	106.0	530.0	0.3333333333333333
58856	247	0	5	0.61	226.0	1130.0	0.6666666666666666
58857	389	0	5	0.965	143.2	716.0	0.6666666666666666
58858	100	0	5	0.2425	98.0	490.0	0.0
58859	351	0	5	0.87	233.0	1165.0	0.6666666666666666
58860	138	0	5	0.3375	121.2	606.0	0.3333333333333333
58861	321	0	5	0.795	266.2	1331.0	0.3333333333333333
58862	366	0	5	0.9075	192.4	962.0	0.6666666666666666
58863	7	0	5	0.01	5.0	25.0	0.0
58864	56	0	5	0.1325	52.2	261.0	0.3333333333333333
58865	347	0	5	0.86	322.0	1610.0	0.3333333333333333
58866	190	0	5	0.4675	117.2	586.0	0.0
58867	266	0	5	0.6575	264.0	1320.0	0.3333333333333333
58868	117	0	5	0.285	94.4	472.0	0.6666666666666666
58869	225	0	5	0.555	191.8	959.0	0.0
58870	93	0	5	0.225	79.4	397.0	0.3333333333333333
58871	135	0	5	0.33	81.8	409.0	0.3333333333333333
58872	286	0	5	0.7075	126.4	632.0	0.6666666666666666
58873	179	0	5	0.44	147.4	737.0	0.0
58874	34	0	5	0.0775	14.4	72.0	0.3333333333333333
58875	98	0	5	0.2375	69.0	345.0	0.3333333333333333
58876	184	0	5	0.4525	117.2	586.0	0.3333333333333333
58877	8	0	5	0.0125	6.0	30.0	0.0
58878	141	1	4	0.35	83.8	419.0	1.0
58879	392	1	4	0.9775	187.4	937.0	1.0
58880	233	0	5	0.575	156.6	783.0	0.6666666666666666
58881	9	0	5	0.015	7.0	35.0	0.0
58882	395	0	5	0.98	258.2	1291.0	0.6666666666666666
58883	54	0	5	0.1275	29.8	149.0	0.3333333333333333
58884	165	0	5	0.405	119.0	595.0	0.0
58885	192	0	5	0.4725	102.4	512.0	0.3333333333333333
58886	230	0	5	0.5675	96.6	483.0	0.3333333333333333
58887	303	0	5	0.75	215.2	1076.0	0.6666666666666666
58888	57	0	5	0.135	37.4	187.0	0.3333333333333333
58889	375	1	4	0.935	105.0	525.0	1.0
58890	81	0	5	0.195	52.6	263.0	0.3333333333333333
58891	358	0	5	0.8875	238.0	1190.0	0.6666666666666666
58892	27	0	5	0.06	17.0	85.0	0.0
58893	118	0	5	0.2875	112.2	561.0	0.3333333333333333
58894	186	0	5	0.4575	107.6	538.0	0.0
58895	3	0	5	0.0025	0.6	3.0	0.0
58896	255	0	5	0.63	154.2	771.0	0.3333333333333333
58897	17	0	5	0.035	15.0	75.0	0.0
58898	358	0	5	0.8875	320.0	1600.0	0.3333333333333333
58899	220	0	5	0.5425	44.4	222.0	0.0
58900	143	0	5	0.35	141.0	705.0	0.0
58901	200	1	4	0.4975	161.2	806.0	1.0
58902	26	0	5	0.0575	24.0	120.0	0.0
58903	273	0	5	0.675	234.2	1171.0	0.0
58904	61	0	5	0.145	29.6	148.0	0.3333333333333333
58905	315	0	5	0.78	209.4	1047.0	0.3333333333333333
58906	289	0	5	0.715	82.2	411.0	0.3333333333333333
58907	55	0	5	0.13	53.0	265.0	0.0
58908	207	0	5	0.51	200.2	1001.0	0.3333333333333333
58909	152	0	5	0.3725	137.6	688.0	0.3333333333333333
58910	376	0	5	0.9325	172.2	861.0	0.6666666666666666
58911	146	0	5	0.3575	78.6	393.0	0.3333333333333333
58912	99	0	5	0.24	79.0	395.0	0.3333333333333333
58913	368	0	5	0.9125	204.0	1020.0	0.3333333333333333
58914	111	0	5	0.27	109.0	545.0	0.6666666666666666
58915	74	0	5	0.1775	57.6	288.0	0.3333333333333333
58916	107	0	5	0.26	47.8	239.0	0.6666666666666666
58917	168	0	5	0.4125	70.6	353.0	0.6666666666666666
58918	260	0	5	0.6425	170.4	852.0	0.3333333333333333
58919	259	0	5	0.64	111.8	559.0	0.3333333333333333
58920	90	0	5	0.2175	42.0	210.0	0.6666666666666666
58921	159	0	5	0.39	132.2	661.0	0.0
58922	378	0	5	0.9375	293.0	1465.0	0.6666666666666666
58923	354	1	4	0.8825	306.0	1530.0	1.0
58924	163	0	5	0.4	97.4	487.0	0.6666666666666666
58925	357	1	4	0.89	208.2	1041.0	1.0
58926	236	0	5	0.5825	49.2	246.0	0.3333333333333333
58927	23	0	5	0.05	21.0	105.0	0.0
58928	139	0	5	0.34	137.0	685.0	0.0
58929	244	0	5	0.6025	138.0	690.0	0.6666666666666666
58930	360	0	5	0.8925	271.6	1358.0	0.6666666666666666
58931	147	0	5	0.36	98.2	491.0	0.0
58932	165	0	5	0.405	100.8	504.0	0.3333333333333333
58933	19	0	5	0.04	17.0	85.0	0.0
58934	153	0	5	0.375	151.0	755.0	0.0
58935	293	0	5	0.725	106.2	531.0	0.6666666666666666
58936	228	0	5	0.5625	159.2	796.0	0.6666666666666666
58937	171	0	5	0.42	73.0	365.0	0.6666666666666666
58938	199	0	5	0.49	118.2	591.0	0.3333333333333333
58939	108	0	5	0.2625	80.8	404.0	0.3333333333333333
58940	392	1	4	0.9775	146.6	733.0	1.0
58941	178	0	5	0.4375	141.8	709.0	0.0
58942	148	0	5	0.3625	120.2	601.0	0.0
58943	25	0	5	0.055	23.0	115.0	0.0
58944	322	0	5	0.7975	243.2	1216.0	0.3333333333333333
58945	342	0	5	0.8475	263.8	1319.0	0.3333333333333333
58946	207	0	5	0.51	123.4	617.0	0.6666666666666666
58947	73	0	5	0.175	71.0	355.0	0.0
58948	323	0	5	0.8	132.4	662.0	0.3333333333333333
58949	129	0	5	0.315	93.0	465.0	0.0
58950	26	0	5	0.0575	24.0	120.0	0.0
58951	109	0	5	0.265	57.8	289.0	0.3333333333333333
58952	210	1	4	0.5225	143.8	719.0	1.0
58953	351	0	5	0.87	265.4	1327.0	0.6666666666666666
58954	167	0	5	0.41	37.8	189.0	0.3333333333333333
58955	401	0	5	0.995	217.0	1085.0	0.6666666666666666
58956	183	0	5	0.45	129.8	649.0	0.3333333333333333
58957	193	1	4	0.48	82.8	414.0	1.0
58958	76	0	5	0.1825	74.0	370.0	0.0
58959	246	0	5	0.6075	135.4	677.0	0.3333333333333333
58960	261	0	5	0.645	198.6	993.0	0.3333333333333333
58961	296	0	5	0.7325	188.0	940.0	0.6666666666666666
58962	186	0	5	0.4575	138.0	690.0	0.6666666666666666
58963	166	0	5	0.4075	162.0	810.0	0.3333333333333333
58964	188	0	5	0.4625	138.0	690.0	0.3333333333333333
58965	76	1	4	0.1875	48.8	244.0	1.0
58966	164	0	5	0.4025	133.8	669.0	0.6666666666666666
58967	376	1	4	0.9375	191.0	955.0	1.0
58968	279	0	5	0.69	174.2	871.0	0.3333333333333333
58969	104	0	5	0.2525	89.4	447.0	0.0
58970	179	0	5	0.44	47.4	237.0	0.6666666666666666
58971	218	0	5	0.5375	144.4	722.0	0.3333333333333333
58972	200	0	5	0.4925	100.0	500.0	0.6666666666666666
58973	268	0	5	0.6625	206.2	1031.0	0.6666666666666666
58974	69	0	5	0.165	67.0	335.0	0.0
58975	133	0	5	0.325	91.0	455.0	0.3333333333333333
58976	236	0	5	0.5825	57.0	285.0	0.6666666666666666
58977	213	0	5	0.525	128.4	642.0	0.6666666666666666
58978	136	0	5	0.3325	134.0	670.0	0.0
58979	175	0	5	0.43	173.0	865.0	0.0
58980	233	0	5	0.575	95.0	475.0	0.6666666666666666
58981	284	0	5	0.7025	172.2	861.0	0.6666666666666666
58982	40	0	5	0.0925	15.6	78.0	0.0
58983	206	0	5	0.5075	140.2	701.0	0.3333333333333333
58984	334	0	5	0.8275	158.2	791.0	0.6666666666666666
58985	162	0	5	0.3975	133.6	668.0	0.3333333333333333
58986	197	0	5	0.485	127.8	639.0	0.3333333333333333
58987	306	0	5	0.7575	188.4	942.0	0.6666666666666666
58988	260	0	5	0.6425	163.4	817.0	0.6666666666666666
58989	36	0	5	0.0825	34.0	170.0	0.0
58990	10	0	5	0.0175	8.0	40.0	0.0
58991	220	0	5	0.5425	124.6	623.0	0.3333333333333333
58992	194	0	5	0.4775	172.8	864.0	0.3333333333333333
58993	192	0	5	0.4725	157.2	786.0	0.3333333333333333
58994	203	0	5	0.5	48.2	241.0	0.3333333333333333
58995	5	0	5	0.005	3.0	15.0	0.0
58996	168	0	5	0.4125	119.2	596.0	0.3333333333333333
58997	21	0	5	0.045	19.0	95.0	0.0
58998	80	0	5	0.1925	70.0	350.0	0.3333333333333333
58999	109	0	5	0.265	77.6	388.0	0.0
59000	227	0	5	0.56	131.4	657.0	0.0
59001	85	0	5	0.205	61.0	305.0	0.6666666666666666
59002	57	0	5	0.135	55.0	275.0	0.0
59003	337	0	5	0.835	172.0	860.0	0.6666666666666666
59004	117	0	5	0.285	115.0	575.0	0.0
59005	210	0	5	0.5175	208.0	1040.0	0.0
59006	347	0	5	0.86	250.0	1250.0	0.6666666666666666
59007	184	0	5	0.4525	176.0	880.0	0.0
59008	376	0	5	0.9325	275.4	1377.0	0.6666666666666666
59009	144	0	5	0.3525	72.8	364.0	0.3333333333333333
59010	175	0	5	0.43	119.0	595.0	0.6666666666666666
59011	312	0	5	0.7725	191.8	959.0	0.3333333333333333
59012	215	0	5	0.53	61.0	305.0	0.3333333333333333
59013	347	0	5	0.86	204.6	1023.0	0.0
59014	381	1	4	0.95	200.4	1002.0	1.0
59015	395	0	5	0.98	106.6	533.0	0.6666666666666666
59016	214	0	5	0.5275	212.0	1060.0	0.0
59017	88	0	5	0.2125	86.0	430.0	0.0
59018	17	0	5	0.035	13.6	68.0	0.3333333333333333
59019	394	1	4	0.9825	169.8	849.0	1.0
59020	182	1	4	0.4525	62.0	310.0	1.0
59021	397	0	5	0.985	301.8	1509.0	0.3333333333333333
59022	152	0	5	0.3725	117.8	589.0	0.3333333333333333
59023	136	0	5	0.3325	134.0	670.0	0.0
59024	184	0	5	0.4525	160.8	804.0	0.0
59025	341	0	5	0.845	167.8	839.0	0.3333333333333333
59026	88	0	5	0.2125	25.2	126.0	0.0
59027	375	0	5	0.93	227.6	1138.0	0.6666666666666666
59028	255	0	5	0.63	148.0	740.0	0.3333333333333333
59029	109	0	5	0.265	99.2	496.0	0.0
59030	129	0	5	0.315	127.0	635.0	0.0
59031	279	0	5	0.69	154.0	770.0	0.6666666666666666
59032	220	0	5	0.5425	218.0	1090.0	0.0
59033	299	0	5	0.74	145.6	728.0	0.6666666666666666
59034	180	1	4	0.4475	112.0	560.0	1.0
59035	85	0	5	0.205	81.8	409.0	0.0
59036	154	0	5	0.3775	61.6	308.0	0.6666666666666666
59037	144	0	5	0.3525	122.4	612.0	0.3333333333333333
59038	226	1	3	0.5625	107.0	535.0	1.0
59039	289	1	4	0.72	129.4	647.0	1.0
59040	130	0	5	0.3175	87.2	436.0	0.0
59041	134	0	5	0.3275	79.2	396.0	0.3333333333333333
59042	342	0	5	0.8475	237.2	1186.0	0.3333333333333333
59043	117	0	5	0.285	59.6	298.0	0.6666666666666666
59044	13	0	5	0.025	11.0	55.0	0.0
59045	64	0	5	0.1525	39.6	198.0	0.3333333333333333
59046	346	1	4	0.8625	245.6	1228.0	1.0
59047	56	0	5	0.1325	54.0	270.0	0.0
59048	118	0	5	0.2875	95.6	478.0	0.3333333333333333
59049	297	1	4	0.74	192.2	961.0	1.0
59050	231	0	5	0.57	54.6	273.0	0.3333333333333333
59051	252	0	5	0.6225	159.6	798.0	0.3333333333333333
59052	247	0	5	0.61	211.6	1058.0	0.3333333333333333
59053	352	0	5	0.8725	296.0	1480.0	0.3333333333333333
59054	335	0	5	0.83	160.0	800.0	0.3333333333333333
59055	218	0	5	0.5375	150.8	754.0	0.3333333333333333
59056	202	0	5	0.4975	156.8	784.0	0.0
59057	96	0	5	0.2325	59.0	295.0	0.6666666666666666
59058	267	1	4	0.665	93.4	467.0	1.0
59059	65	0	5	0.155	22.6	113.0	0.3333333333333333
59060	393	0	5	0.975	178.2	891.0	0.6666666666666666
59061	75	0	5	0.18	73.0	365.0	0.0
59062	191	0	5	0.47	146.4	732.0	0.3333333333333333
59063	30	0	5	0.0675	28.0	140.0	0.0
59064	152	0	5	0.3725	106.8	534.0	0.6666666666666666
59065	337	0	5	0.835	104.6	523.0	0.6666666666666666
59066	51	0	5	0.12	21.8	109.0	0.0
59067	356	0	5	0.8825	104.8	524.0	0.6666666666666666
59068	311	1	4	0.775	101.8	509.0	1.0
59069	360	0	5	0.8925	188.4	942.0	0.6666666666666666
59070	346	0	5	0.8575	166.8	834.0	0.6666666666666666
59071	265	0	5	0.655	120.6	603.0	0.3333333333333333
59072	179	0	5	0.44	81.0	405.0	0.3333333333333333
59073	330	0	5	0.8175	188.8	944.0	0.6666666666666666
59074	77	0	5	0.185	47.4	237.0	0.3333333333333333
59075	308	1	4	0.7675	166.8	834.0	1.0
59076	23	0	5	0.05	21.0	105.0	0.0
59077	284	0	5	0.7025	142.0	710.0	0.3333333333333333
59078	216	0	5	0.5325	92.4	462.0	0.6666666666666666
59079	135	0	5	0.33	52.4	262.0	0.0
59080	190	0	5	0.4675	80.8	404.0	0.3333333333333333
59081	166	0	5	0.4075	132.6	663.0	0.3333333333333333
59082	120	0	5	0.2925	75.4	377.0	0.3333333333333333
59083	61	0	5	0.145	59.0	295.0	0.0
59084	140	0	5	0.3425	52.0	260.0	0.3333333333333333
59085	348	1	4	0.8675	133.8	669.0	1.0
59086	186	0	5	0.4575	85.0	425.0	0.3333333333333333
59087	197	1	4	0.49	85.6	428.0	1.0
59088	94	0	5	0.2275	62.4	312.0	0.3333333333333333
59089	170	0	5	0.4175	103.4	517.0	0.3333333333333333
59090	315	1	4	0.785	173.4	867.0	1.0
59091	227	0	5	0.56	187.8	939.0	0.3333333333333333
59092	365	0	5	0.905	252.6	1263.0	0.6666666666666666
59093	169	0	5	0.415	122.6	613.0	0.3333333333333333
59094	328	0	5	0.8125	173.2	866.0	0.3333333333333333
59095	234	0	5	0.5775	174.8	874.0	0.6666666666666666
59096	375	1	4	0.935	328.0	1640.0	1.0
59097	113	0	5	0.275	79.8	399.0	0.6666666666666666
59098	250	0	5	0.6175	152.8	764.0	0.3333333333333333
59099	206	1	4	0.5125	65.2	326.0	1.0
59100	65	0	5	0.155	63.0	315.0	0.0
59101	161	0	5	0.395	135.0	675.0	0.6666666666666666
59102	203	0	5	0.5	164.4	822.0	0.0
59103	179	0	5	0.44	49.0	245.0	0.6666666666666666
59104	301	0	5	0.745	197.8	989.0	0.6666666666666666
59105	365	0	5	0.905	191.6	958.0	0.6666666666666666
59106	41	0	5	0.095	39.0	195.0	0.0
59107	167	0	5	0.41	137.4	687.0	0.0
59108	79	0	5	0.19	77.0	385.0	0.0
59109	344	0	5	0.8525	248.4	1242.0	0.3333333333333333
59110	257	0	5	0.635	235.4	1177.0	0.0
59111	169	0	5	0.415	91.8	459.0	0.6666666666666666
59112	372	0	5	0.9225	127.4	637.0	0.6666666666666666
59113	161	0	5	0.395	67.8	339.0	0.0
59114	389	0	5	0.965	236.2	1181.0	0.6666666666666666
59115	259	0	5	0.64	57.8	289.0	0.6666666666666666
59116	282	0	5	0.6975	233.6	1168.0	0.3333333333333333
59117	157	0	5	0.385	155.0	775.0	0.0
59118	339	0	5	0.84	182.6	913.0	0.6666666666666666
59119	194	0	5	0.4775	149.4	747.0	0.3333333333333333
59120	356	0	5	0.8825	214.0	1070.0	0.3333333333333333
59121	194	0	5	0.4775	128.0	640.0	0.3333333333333333
59122	393	0	5	0.975	184.0	920.0	0.6666666666666666
59123	302	0	5	0.7475	265.2	1326.0	0.6666666666666666
59124	299	0	5	0.74	194.8	974.0	0.6666666666666666
59125	372	0	5	0.9225	310.4	1552.0	0.6666666666666666
59126	241	0	5	0.595	213.4	1067.0	0.3333333333333333
59127	374	1	4	0.9325	142.2	711.0	1.0
59128	13	0	5	0.025	11.0	55.0	0.0
59129	251	0	5	0.62	223.2	1116.0	0.3333333333333333
59130	229	0	5	0.565	101.4	507.0	0.6666666666666666
59131	177	0	5	0.435	78.2	391.0	0.3333333333333333
59132	249	0	5	0.615	121.6	608.0	0.3333333333333333
59133	369	0	5	0.915	204.4	1022.0	0.6666666666666666
59134	219	0	5	0.54	91.0	455.0	0.6666666666666666
59135	295	1	4	0.735	105.4	527.0	1.0
59136	294	0	5	0.7275	252.8	1264.0	0.6666666666666666
59137	171	0	5	0.42	118.2	591.0	0.6666666666666666
59138	251	0	5	0.62	195.8	979.0	0.6666666666666666
59139	93	0	5	0.225	75.6	378.0	0.0
59140	21	0	5	0.045	19.0	95.0	0.0
59141	147	0	5	0.36	130.2	651.0	0.0
59142	253	0	5	0.625	99.0	495.0	0.6666666666666666
59143	301	0	5	0.745	144.6	723.0	0.6666666666666666
59144	288	1	4	0.7175	235.0	1175.0	1.0
59145	255	1	4	0.635	154.0	770.0	1.0
59146	320	0	5	0.7925	198.6	993.0	0.6666666666666666
59147	155	0	5	0.38	137.4	687.0	0.0
59148	109	0	5	0.265	79.0	395.0	0.3333333333333333
59149	326	0	5	0.8075	222.6	1113.0	0.3333333333333333
59150	56	0	5	0.1325	46.2	231.0	0.3333333333333333
59151	181	0	5	0.445	123.2	616.0	0.3333333333333333
59152	90	0	5	0.2175	66.8	334.0	0.0
59153	169	0	5	0.415	167.0	835.0	0.0
59154	144	0	5	0.3525	51.2	256.0	0.3333333333333333
59155	190	0	5	0.4675	159.0	795.0	0.0
59156	356	1	4	0.8875	226.2	1131.0	1.0
59157	224	0	5	0.5525	151.2	756.0	0.0
59158	110	0	5	0.2675	52.2	261.0	0.0
59159	106	0	5	0.2575	64.8	324.0	0.0
59160	23	0	5	0.05	21.0	105.0	0.0
59161	207	1	4	0.515	67.8	339.0	1.0
59162	93	0	5	0.225	67.0	335.0	0.0
59163	326	1	4	0.8125	137.2	686.0	1.0
59164	355	0	5	0.88	175.4	877.0	0.6666666666666666
59165	189	0	5	0.465	132.4	662.0	0.6666666666666666
59166	17	0	5	0.035	15.0	75.0	0.0
59167	263	0	5	0.65	64.2	321.0	0.3333333333333333
59168	165	0	5	0.405	160.6	803.0	0.3333333333333333
59169	37	0	5	0.085	35.0	175.0	0.0
59170	334	0	5	0.8275	238.0	1190.0	0.3333333333333333
59171	264	0	5	0.6525	124.6	623.0	0.6666666666666666
59172	5	0	5	0.005	3.0	15.0	0.0
59173	127	0	5	0.31	77.0	385.0	0.0
59174	383	0	5	0.95	233.0	1165.0	0.3333333333333333
59175	276	1	4	0.6875	114.2	571.0	1.0
59176	327	0	5	0.81	211.0	1055.0	0.6666666666666666
59177	171	0	5	0.42	67.4	337.0	0.6666666666666666
59178	333	0	5	0.825	225.8	1129.0	0.3333333333333333
59179	141	0	5	0.345	139.0	695.0	0.3333333333333333
59180	194	0	5	0.4775	164.0	820.0	0.3333333333333333
59181	64	0	5	0.1525	62.0	310.0	0.0
59182	180	0	5	0.4425	165.6	828.0	0.0
59183	314	0	5	0.7775	220.8	1104.0	0.3333333333333333
59184	336	0	5	0.8325	97.0	485.0	0.3333333333333333
59185	227	0	5	0.56	75.8	379.0	0.6666666666666666
59186	153	0	5	0.375	42.0	210.0	0.3333333333333333
59187	71	0	5	0.17	47.8	239.0	0.3333333333333333
59188	104	0	5	0.2525	102.0	510.0	0.0
59189	70	0	5	0.1675	45.8	229.0	0.3333333333333333
59190	226	1	4	0.5625	161.6	808.0	1.0
59191	8	0	5	0.0125	6.0	30.0	0.0
59192	128	0	5	0.3125	104.2	521.0	0.3333333333333333
59193	223	0	5	0.55	200.2	1001.0	0.0
59194	31	0	5	0.07	11.6	58.0	0.0
59195	161	0	5	0.395	136.8	684.0	0.3333333333333333
59196	205	1	4	0.51	166.8	834.0	1.0
59197	304	0	5	0.7525	145.6	728.0	0.6666666666666666
59198	355	0	5	0.88	123.8	619.0	0.3333333333333333
59199	194	0	5	0.4775	166.4	832.0	0.3333333333333333
59200	326	1	4	0.8125	203.2	1016.0	1.0
59201	346	1	4	0.8625	175.6	878.0	1.0
59202	62	0	5	0.1475	60.0	300.0	0.0
59203	65	0	5	0.155	63.0	315.0	0.0
59204	242	0	5	0.5975	201.2	1006.0	0.6666666666666666
59205	378	1	4	0.9425	236.0	1180.0	1.0
59206	110	0	5	0.2675	89.6	448.0	0.3333333333333333
59207	220	1	4	0.5475	135.2	676.0	1.0
59208	117	0	5	0.285	103.0	515.0	0.3333333333333333
59209	161	0	5	0.395	115.4	577.0	0.0
59210	85	0	5	0.205	41.4	207.0	0.3333333333333333
59211	188	0	5	0.4625	58.0	290.0	0.3333333333333333
59212	320	0	5	0.7925	82.0	410.0	0.6666666666666666
59213	330	1	4	0.8225	132.4	662.0	1.0
59214	161	0	5	0.395	100.2	501.0	0.6666666666666666
59215	58	0	5	0.1375	45.2	226.0	0.3333333333333333
59216	142	0	5	0.3475	58.4	292.0	0.0
59217	165	0	5	0.405	119.0	595.0	0.0
59218	374	0	5	0.9275	230.4	1152.0	0.6666666666666666
59219	141	0	5	0.345	76.2	381.0	0.6666666666666666
59220	361	1	4	0.9	201.6	1008.0	1.0
59221	123	0	5	0.3	67.0	335.0	0.3333333333333333
59222	232	0	5	0.5725	195.4	977.0	0.3333333333333333
59223	356	0	5	0.8825	197.8	989.0	0.3333333333333333
59224	65	0	5	0.155	51.4	257.0	0.3333333333333333
59225	320	0	5	0.7925	134.4	672.0	0.3333333333333333
59226	160	0	5	0.3925	102.2	511.0	0.3333333333333333
59227	66	0	5	0.1575	64.0	320.0	0.0
59228	283	0	5	0.7	118.6	593.0	0.6666666666666666
59229	222	1	4	0.5525	112.8	564.0	1.0
59230	233	0	5	0.575	231.0	1155.0	0.3333333333333333
59231	49	0	5	0.115	36.2	181.0	0.3333333333333333
59232	123	0	5	0.3	121.0	605.0	0.0
59233	255	0	5	0.63	149.0	745.0	0.6666666666666666
59234	235	0	5	0.58	204.2	1021.0	0.3333333333333333
59235	207	0	5	0.51	100.4	502.0	0.3333333333333333
59236	299	0	5	0.74	149.6	748.0	0.6666666666666666
59237	187	0	5	0.46	185.0	925.0	0.0
59238	121	1	4	0.3	49.8	249.0	1.0
59239	202	0	5	0.4975	171.4	857.0	0.0
59240	285	0	5	0.705	183.4	917.0	0.6666666666666666
59241	288	0	5	0.7125	124.0	620.0	0.6666666666666666
59242	110	0	5	0.2675	83.2	416.0	0.3333333333333333
59243	342	0	5	0.8475	118.4	592.0	0.6666666666666666
59244	339	0	5	0.84	163.2	816.0	0.6666666666666666
59245	88	0	5	0.2125	53.0	265.0	0.3333333333333333
59246	48	0	5	0.1125	46.0	230.0	0.0
59247	5	0	5	0.005	3.0	15.0	0.0
59248	294	0	5	0.7275	146.2	731.0	0.3333333333333333
59249	15	0	5	0.03	13.0	65.0	0.0
59250	85	0	5	0.205	69.4	347.0	0.3333333333333333
59251	265	0	5	0.655	166.4	832.0	0.3333333333333333
59252	15	0	5	0.03	13.0	65.0	0.0
59253	327	0	5	0.81	247.4	1237.0	0.3333333333333333
59254	345	1	4	0.86	112.2	561.0	1.0
59255	288	1	3	0.7175	229.4	1147.0	1.0
59256	111	0	5	0.27	100.2	501.0	0.0
59257	194	1	4	0.4825	69.8	349.0	1.0
59258	156	0	5	0.3825	114.4	572.0	0.3333333333333333
59259	35	0	5	0.08	19.4	97.0	0.3333333333333333
59260	69	0	5	0.165	67.0	335.0	0.0
59261	303	0	5	0.75	215.2	1076.0	0.3333333333333333
59262	233	0	5	0.575	69.0	345.0	0.3333333333333333
59263	49	0	5	0.115	47.0	235.0	0.0
59264	211	0	5	0.52	119.0	595.0	0.0
59265	7	0	5	0.01	5.0	25.0	0.0
59266	131	0	5	0.32	129.0	645.0	0.0
59267	102	0	5	0.2475	48.0	240.0	0.3333333333333333
59268	284	0	5	0.7025	203.6	1018.0	0.6666666666666666
59269	361	1	4	0.9	112.2	561.0	1.0
59270	123	0	5	0.3	50.2	251.0	0.3333333333333333
59271	162	0	5	0.3975	160.0	800.0	0.0
59272	37	0	5	0.085	35.0	175.0	0.0
59273	305	0	5	0.755	203.0	1015.0	0.6666666666666666
59274	235	0	5	0.58	214.6	1073.0	0.3333333333333333
59275	86	0	5	0.2075	68.8	344.0	0.0
59276	21	0	5	0.045	19.0	95.0	0.0
59277	130	0	5	0.3175	95.6	478.0	0.6666666666666666
59278	304	0	5	0.7525	124.6	623.0	0.6666666666666666
59279	96	0	5	0.2325	85.2	426.0	0.3333333333333333
59280	88	0	5	0.2125	71.6	358.0	0.0
59281	350	0	5	0.8675	191.6	958.0	0.6666666666666666
59282	65	0	5	0.155	63.0	315.0	0.0
59283	120	0	5	0.2925	110.8	554.0	0.0
59284	102	0	5	0.2475	100.0	500.0	0.0
59285	137	0	5	0.335	121.4	607.0	0.3333333333333333
59286	66	0	5	0.1575	64.0	320.0	0.0
59287	109	0	5	0.265	50.0	250.0	0.3333333333333333
59288	367	0	5	0.91	144.0	720.0	0.6666666666666666
59289	230	0	5	0.5675	80.8	404.0	0.3333333333333333
59290	147	0	5	0.36	122.4	612.0	0.6666666666666666
59291	401	0	4	0.9975	131.6	658.0	0.6666666666666666
59292	40	0	5	0.0925	38.0	190.0	0.0
59293	237	0	5	0.585	80.0	400.0	0.6666666666666666
59294	180	0	5	0.4425	147.6	738.0	0.0
59295	334	0	5	0.8275	112.0	560.0	0.6666666666666666
59296	17	0	5	0.035	15.0	75.0	0.0
59297	178	0	5	0.4375	95.4	477.0	0.3333333333333333
59298	80	0	5	0.1925	55.6	278.0	0.0
59299	133	0	5	0.325	131.0	655.0	0.0
59300	139	0	5	0.34	127.6	638.0	0.3333333333333333
59301	29	0	5	0.065	27.0	135.0	0.0
59302	351	0	5	0.87	145.4	727.0	0.3333333333333333
59303	357	1	4	0.89	331.2	1656.0	1.0
59304	380	0	5	0.9425	167.6	838.0	0.6666666666666666
59305	240	1	4	0.5975	213.0	1065.0	1.0
59306	246	0	5	0.6075	166.6	833.0	0.6666666666666666
59307	232	0	5	0.5725	180.4	902.0	0.3333333333333333
59308	22	0	5	0.0475	20.0	100.0	0.0
59309	18	0	5	0.0375	5.2	26.0	0.3333333333333333
59310	295	1	4	0.735	168.2	841.0	1.0
59311	345	0	5	0.855	233.0	1165.0	0.6666666666666666
59312	95	0	5	0.23	47.4	237.0	0.3333333333333333
59313	289	0	5	0.715	276.4	1382.0	0.0
59314	279	1	4	0.695	118.6	593.0	1.0
59315	256	0	5	0.6325	133.8	669.0	0.6666666666666666
59316	7	0	5	0.01	5.0	25.0	0.0
59317	265	0	5	0.655	127.0	635.0	0.3333333333333333
59318	51	0	5	0.12	42.6	213.0	0.0
59319	217	0	5	0.535	94.2	471.0	0.3333333333333333
59320	225	1	4	0.56	188.6	943.0	1.0
59321	193	1	4	0.48	72.2	361.0	1.0
59322	313	0	5	0.775	198.2	991.0	0.6666666666666666
59323	330	0	5	0.8175	195.8	979.0	0.6666666666666666
59324	255	0	5	0.63	230.8	1154.0	0.0
59325	233	0	5	0.575	126.4	632.0	0.6666666666666666
59326	364	1	4	0.9075	126.4	632.0	1.0
59327	129	0	5	0.315	127.0	635.0	0.0
59328	327	0	5	0.81	182.2	911.0	0.3333333333333333
59329	116	0	5	0.2825	49.2	246.0	0.3333333333333333
59330	156	0	5	0.3825	113.2	566.0	0.6666666666666666
59331	308	1	4	0.7675	227.4	1137.0	1.0
59332	188	0	5	0.4625	72.0	360.0	0.6666666666666666
59333	379	1	3	0.945	248.8	1244.0	1.0
59334	289	0	5	0.715	150.8	754.0	0.6666666666666666
59335	390	0	5	0.9675	309.4	1547.0	0.6666666666666666
59336	276	0	5	0.6825	257.2	1286.0	0.3333333333333333
59337	197	0	5	0.485	99.0	495.0	0.3333333333333333
59338	146	0	5	0.3575	97.2	486.0	0.0
59339	288	0	5	0.7125	151.6	758.0	0.6666666666666666
59340	227	0	5	0.56	217.0	1085.0	0.3333333333333333
59341	320	0	5	0.7925	171.0	855.0	0.3333333333333333
59342	387	0	5	0.96	212.8	1064.0	0.3333333333333333
59343	164	0	5	0.4025	162.0	810.0	0.0
59344	310	1	4	0.7725	170.0	850.0	1.0
59345	147	0	5	0.36	95.8	479.0	0.0
59346	64	0	5	0.1525	62.0	310.0	0.0
59347	258	0	5	0.6375	201.2	1006.0	0.3333333333333333
59348	333	1	4	0.83	221.8	1109.0	1.0
59349	204	0	5	0.5025	71.4	357.0	0.6666666666666666
59350	62	0	5	0.1475	60.0	300.0	0.0
59351	276	0	5	0.6825	173.2	866.0	0.3333333333333333
59352	41	0	5	0.095	31.8	159.0	0.0
59353	98	0	5	0.2375	39.6	198.0	0.6666666666666666
59354	225	0	5	0.555	165.6	828.0	0.3333333333333333
59355	112	0	5	0.2725	100.8	504.0	0.0
59356	161	0	5	0.395	133.4	667.0	0.3333333333333333
59357	224	0	5	0.5525	192.0	960.0	0.0
59358	94	0	5	0.2275	92.0	460.0	0.3333333333333333
59359	231	1	4	0.575	202.0	1010.0	1.0
59360	168	0	5	0.4125	156.4	782.0	0.3333333333333333
59361	286	0	5	0.7075	159.6	798.0	0.6666666666666666
59362	50	0	5	0.1175	38.4	192.0	0.0
59363	213	0	5	0.525	85.0	425.0	0.3333333333333333
59364	68	0	5	0.1625	66.0	330.0	0.0
59365	204	0	5	0.5025	76.8	384.0	0.6666666666666666
59366	81	0	5	0.195	73.6	368.0	0.3333333333333333
59367	112	0	5	0.2725	62.8	314.0	0.3333333333333333
59368	295	0	5	0.73	186.8	934.0	0.3333333333333333
59369	126	0	5	0.3075	103.2	516.0	0.3333333333333333
59370	50	0	5	0.1175	48.0	240.0	0.0
59371	273	1	4	0.68	223.6	1118.0	1.0
59372	147	0	5	0.36	139.0	695.0	0.3333333333333333
59373	43	0	5	0.1	41.0	205.0	0.0
59374	57	0	5	0.135	55.0	275.0	0.0
59375	370	0	5	0.9175	268.0	1340.0	0.6666666666666666
59376	170	0	5	0.4175	76.8	384.0	0.6666666666666666
59377	143	0	5	0.35	94.2	471.0	0.0
59378	188	0	5	0.4625	113.2	566.0	0.0
59379	292	0	5	0.7225	212.8	1064.0	0.6666666666666666
59380	281	0	5	0.695	148.0	740.0	0.6666666666666666
59381	191	0	5	0.47	86.6	433.0	0.6666666666666666
59382	59	0	5	0.14	43.8	219.0	0.3333333333333333
59383	231	0	5	0.57	181.8	909.0	0.3333333333333333
59384	78	0	5	0.1875	49.6	248.0	0.3333333333333333
59385	45	0	5	0.105	43.0	215.0	0.0
59386	189	0	5	0.465	113.4	567.0	0.6666666666666666
59387	261	0	5	0.645	111.8	559.0	0.6666666666666666
59388	175	1	4	0.435	172.0	860.0	1.0
59389	314	1	4	0.7825	274.4	1372.0	1.0
59390	323	0	5	0.8	261.2	1306.0	0.3333333333333333
59391	184	0	5	0.4525	182.0	910.0	0.3333333333333333
59392	387	1	4	0.965	196.6	983.0	1.0
59393	194	0	5	0.4775	160.8	804.0	0.0
59394	347	1	4	0.865	304.2	1521.0	1.0
59395	193	1	3	0.48	162.6	813.0	1.0
59396	310	0	5	0.7675	204.4	1022.0	0.6666666666666666
59397	277	0	5	0.685	132.2	661.0	0.6666666666666666
59398	215	0	5	0.53	118.4	592.0	0.6666666666666666
59399	7	0	5	0.01	5.0	25.0	0.0
59400	18	0	5	0.0375	5.6	28.0	0.6666666666666666
59401	184	0	5	0.4525	61.2	306.0	0.0
59402	147	0	5	0.36	94.2	471.0	0.0
59403	16	0	5	0.0325	12.8	64.0	0.3333333333333333
59404	233	0	5	0.575	118.2	591.0	0.0
59405	30	0	5	0.0675	28.0	140.0	0.0
59406	282	0	5	0.6975	148.4	742.0	0.6666666666666666
59407	296	0	5	0.7325	193.2	966.0	0.0
59408	22	0	5	0.0475	20.0	100.0	0.0
59409	73	0	5	0.175	60.6	303.0	0.6666666666666666
59410	138	0	5	0.3375	134.2	671.0	0.3333333333333333
59411	389	1	4	0.97	177.0	885.0	1.0
59412	374	1	4	0.9325	223.2	1116.0	1.0
59413	357	0	5	0.885	222.6	1113.0	0.6666666666666666
59414	321	0	5	0.795	294.4	1472.0	0.6666666666666666
59415	137	0	5	0.335	62.2	311.0	0.3333333333333333
59416	38	0	5	0.0875	36.0	180.0	0.0
59417	190	0	5	0.4675	165.8	829.0	0.3333333333333333
59418	151	0	5	0.37	52.2	261.0	0.6666666666666666
59419	290	0	5	0.7175	286.8	1434.0	0.3333333333333333
59420	229	0	5	0.565	142.4	712.0	0.3333333333333333
59421	387	0	5	0.96	143.4	717.0	0.6666666666666666
59422	145	0	5	0.355	67.8	339.0	0.3333333333333333
59423	347	0	5	0.86	183.2	916.0	0.6666666666666666
59424	205	0	5	0.505	161.6	808.0	0.3333333333333333
59425	388	1	4	0.9675	144.8	724.0	1.0
59426	223	0	5	0.55	116.8	584.0	0.3333333333333333
59427	33	0	5	0.075	31.0	155.0	0.0
59428	204	1	4	0.5075	96.0	480.0	1.0
59429	213	0	5	0.525	180.2	901.0	0.3333333333333333
59430	155	1	4	0.385	109.4	547.0	1.0
59431	163	0	5	0.4	144.2	721.0	0.0
59432	296	1	4	0.7375	160.8	804.0	1.0
59433	178	0	5	0.4375	148.6	743.0	0.0
59434	220	0	5	0.5425	108.8	544.0	0.0
59435	57	0	5	0.135	40.0	200.0	0.3333333333333333
59436	197	0	5	0.485	184.6	923.0	0.3333333333333333
59437	204	0	5	0.5025	199.4	997.0	0.0
59438	213	0	5	0.525	191.2	956.0	0.0
59439	401	0	5	0.995	179.4	897.0	0.6666666666666666
59440	125	0	5	0.305	105.4	527.0	0.3333333333333333
59441	246	0	5	0.6075	131.2	656.0	0.3333333333333333
59442	272	0	5	0.6725	139.8	699.0	0.3333333333333333
59443	32	0	5	0.0725	30.0	150.0	0.0
59444	145	0	5	0.355	143.0	715.0	0.0
59445	355	0	5	0.88	244.4	1222.0	0.6666666666666666
59446	285	1	4	0.71	153.6	768.0	1.0
59447	323	0	5	0.8	197.4	987.0	0.3333333333333333
59448	2	0	5	0.0	0.0	0.0	0.0
59449	139	0	5	0.34	110.2	551.0	0.3333333333333333
59450	49	0	5	0.115	42.2	211.0	0.0
59451	283	0	5	0.7	99.4	497.0	0.3333333333333333
59452	88	0	5	0.2125	55.4	277.0	0.3333333333333333
59453	184	0	5	0.4525	82.4	412.0	0.0
59454	62	0	5	0.1475	57.6	288.0	0.3333333333333333
59455	16	0	5	0.0325	14.0	70.0	0.0
59456	135	0	5	0.33	133.0	665.0	0.0
59457	145	0	5	0.355	109.8	549.0	0.3333333333333333
59458	356	1	4	0.8875	158.0	790.0	1.0
59459	232	0	5	0.5725	133.8	669.0	0.0
59460	298	0	5	0.7375	177.0	885.0	0.0
59461	265	0	5	0.655	201.4	1007.0	0.3333333333333333
59462	249	0	5	0.615	68.6	343.0	0.3333333333333333
59463	245	0	5	0.605	122.8	614.0	0.6666666666666666
59464	204	0	5	0.5025	105.2	526.0	0.3333333333333333
59465	291	0	5	0.72	117.4	587.0	0.6666666666666666
59466	301	0	5	0.745	209.0	1045.0	0.3333333333333333
59467	263	0	5	0.65	96.0	480.0	0.3333333333333333
59468	369	1	4	0.92	242.6	1213.0	1.0
59469	163	0	5	0.4	146.8	734.0	0.0
59470	332	0	5	0.8225	277.2	1386.0	0.3333333333333333
59471	203	0	5	0.5	40.4	202.0	0.6666666666666666
59472	239	0	5	0.59	107.2	536.0	0.6666666666666666
59473	65	0	5	0.155	63.0	315.0	0.0
59474	28	0	5	0.0625	26.0	130.0	0.0
59475	153	0	5	0.375	68.4	342.0	0.3333333333333333
59476	44	0	5	0.1025	10.0	50.0	0.3333333333333333
59477	35	0	5	0.08	33.0	165.0	0.0
59478	341	1	4	0.85	106.4	532.0	1.0
59479	182	0	5	0.4475	170.8	854.0	0.3333333333333333
59480	396	0	5	0.9825	299.2	1496.0	0.6666666666666666
59481	305	0	5	0.755	278.4	1392.0	0.0
59482	48	0	5	0.1125	46.0	230.0	0.0
59483	386	0	5	0.9575	237.8	1189.0	0.6666666666666666
59484	175	0	5	0.43	76.8	384.0	0.6666666666666666
59485	249	1	4	0.62	194.0	970.0	1.0
59486	304	0	5	0.7525	80.4	402.0	0.6666666666666666
59487	199	0	5	0.49	197.0	985.0	0.0
59488	276	0	5	0.6825	180.8	904.0	0.3333333333333333
59489	119	0	5	0.29	91.2	456.0	0.3333333333333333
59490	356	0	5	0.8825	298.0	1490.0	0.0
59491	207	0	5	0.51	137.4	687.0	0.6666666666666666
59492	277	0	5	0.685	119.0	595.0	0.6666666666666666
59493	161	0	5	0.395	145.6	728.0	0.0
59494	356	0	5	0.8825	145.2	726.0	0.6666666666666666
59495	320	0	5	0.7925	201.0	1005.0	0.3333333333333333
59496	390	0	5	0.9675	105.8	529.0	0.6666666666666666
59497	55	0	5	0.13	53.0	265.0	0.0
59498	330	0	5	0.8175	204.8	1024.0	0.6666666666666666
59499	374	0	5	0.9275	204.2	1021.0	0.6666666666666666
59500	133	0	5	0.325	115.0	575.0	0.3333333333333333
59501	94	0	5	0.2275	25.4	127.0	0.0
59502	195	0	5	0.48	102.2	511.0	0.3333333333333333
59503	342	0	5	0.8475	218.8	1094.0	0.3333333333333333
59504	278	0	5	0.6875	68.0	340.0	0.6666666666666666
59505	40	0	5	0.0925	38.0	190.0	0.0
59506	340	1	4	0.8475	226.0	1130.0	1.0
59507	226	0	5	0.5575	185.6	928.0	0.3333333333333333
59508	302	0	5	0.7475	234.4	1172.0	0.3333333333333333
59509	275	0	5	0.68	224.2	1121.0	0.0
59510	361	1	4	0.9	161.2	806.0	1.0
59511	59	0	5	0.14	57.0	285.0	0.0
59512	194	0	5	0.4775	174.0	870.0	0.3333333333333333
59513	52	0	5	0.1225	50.0	250.0	0.0
59514	131	0	5	0.32	105.6	528.0	0.3333333333333333
59515	216	0	5	0.5325	150.0	750.0	0.0
59516	297	0	5	0.735	154.6	773.0	0.3333333333333333
59517	355	0	5	0.88	243.0	1215.0	0.6666666666666666
59518	43	0	5	0.1	41.0	205.0	0.0
59519	170	0	5	0.4175	87.6	438.0	0.3333333333333333
59520	176	0	5	0.4325	120.0	600.0	0.3333333333333333
59521	186	0	5	0.4575	141.6	708.0	0.3333333333333333
59522	242	0	5	0.5975	63.2	316.0	0.6666666666666666
59523	286	0	5	0.7075	175.6	878.0	0.6666666666666666
59524	72	0	5	0.1725	70.0	350.0	0.0
59525	63	0	5	0.15	61.0	305.0	0.0
59526	76	0	5	0.1825	70.8	354.0	0.3333333333333333
59527	221	0	5	0.545	153.0	765.0	0.3333333333333333
59528	325	0	5	0.805	194.6	973.0	0.3333333333333333
59529	22	0	5	0.0475	20.0	100.0	0.0
59530	266	0	5	0.6575	168.4	842.0	0.3333333333333333
59531	240	0	5	0.5925	116.8	584.0	0.6666666666666666
59532	209	0	5	0.515	142.4	712.0	0.3333333333333333
59533	355	0	5	0.88	289.2	1446.0	0.6666666666666666
59534	184	0	5	0.4525	120.8	604.0	0.3333333333333333
59535	398	1	4	0.9925	85.2	426.0	1.0
59536	145	0	5	0.355	126.8	634.0	0.3333333333333333
59537	43	0	5	0.1	41.0	205.0	0.0
59538	166	0	5	0.4075	80.4	402.0	0.6666666666666666
59539	71	0	5	0.17	69.0	345.0	0.0
59540	14	0	5	0.0275	12.0	60.0	0.0
59541	293	0	5	0.725	244.8	1224.0	0.6666666666666666
59542	66	0	5	0.1575	64.0	320.0	0.0
59543	286	0	5	0.7075	208.8	1044.0	0.6666666666666666
59544	269	0	5	0.665	228.2	1141.0	0.6666666666666666
59545	138	0	5	0.3375	129.2	646.0	0.0
59546	317	0	5	0.785	240.6	1203.0	0.6666666666666666
59547	286	0	5	0.7075	212.4	1062.0	0.6666666666666666
59548	142	0	5	0.3475	95.2	476.0	0.3333333333333333
59549	392	1	4	0.9775	285.2	1426.0	1.0
59550	309	1	4	0.77	296.0	1480.0	1.0
59551	115	0	5	0.28	108.4	542.0	0.0
59552	51	0	5	0.12	37.8	189.0	0.0
59553	286	0	5	0.7075	255.0	1275.0	0.6666666666666666
59554	208	0	5	0.5125	122.0	610.0	0.3333333333333333
59555	162	0	5	0.3975	111.2	556.0	0.3333333333333333
59556	307	0	5	0.76	169.0	845.0	0.6666666666666666
59557	324	0	5	0.8025	217.6	1088.0	0.6666666666666666
59558	103	0	5	0.25	101.0	505.0	0.0
59559	391	0	5	0.97	302.0	1510.0	0.6666666666666666
59560	292	0	5	0.7225	229.2	1146.0	0.6666666666666666
59561	49	0	5	0.115	47.0	235.0	0.0
59562	196	0	5	0.4825	95.6	478.0	0.0
59563	255	0	5	0.63	141.0	705.0	0.6666666666666666
59564	231	0	5	0.57	122.0	610.0	0.3333333333333333
59565	390	0	5	0.9675	266.4	1332.0	0.6666666666666666
59566	272	0	5	0.6725	204.4	1022.0	0.3333333333333333
59567	74	0	5	0.1775	72.0	360.0	0.0
59568	311	1	4	0.775	231.8	1159.0	1.0
59569	353	0	5	0.875	234.4	1172.0	0.6666666666666666
59570	64	0	5	0.1525	57.2	286.0	0.3333333333333333
59571	246	0	5	0.6075	124.4	622.0	0.6666666666666666
59572	336	0	5	0.8325	307.4	1537.0	0.6666666666666666
59573	146	0	5	0.3575	144.0	720.0	0.0
59574	148	0	5	0.3625	123.2	616.0	0.3333333333333333
59575	260	0	5	0.6425	151.8	759.0	0.3333333333333333
59576	225	0	5	0.555	217.0	1085.0	0.0
59577	151	0	5	0.37	89.2	446.0	0.0
59578	107	0	5	0.26	95.4	477.0	0.3333333333333333
59579	34	0	5	0.0775	32.0	160.0	0.0
59580	129	0	5	0.315	103.2	516.0	0.0
59581	292	1	4	0.7275	141.0	705.0	1.0
59582	300	0	5	0.7425	203.8	1019.0	0.3333333333333333
59583	316	0	5	0.7825	221.4	1107.0	0.3333333333333333
59584	278	0	5	0.6875	189.6	948.0	0.6666666666666666
59585	239	0	5	0.59	138.4	692.0	0.3333333333333333
59586	392	0	5	0.9725	246.2	1231.0	0.6666666666666666
59587	162	0	5	0.3975	160.0	800.0	0.0
59588	64	0	5	0.1525	58.8	294.0	0.0
59589	235	0	5	0.58	204.4	1022.0	0.3333333333333333
59590	249	0	5	0.615	177.8	889.0	0.6666666666666666
59591	184	0	5	0.4525	145.2	726.0	0.3333333333333333
59592	189	0	5	0.465	154.0	770.0	0.3333333333333333
59593	201	0	5	0.495	198.6	993.0	0.0
59594	317	0	5	0.785	278.6	1393.0	0.3333333333333333
59595	185	0	5	0.455	183.0	915.0	0.0
59596	193	0	5	0.475	117.8	589.0	0.3333333333333333
59597	220	0	5	0.5425	145.0	725.0	0.6666666666666666
59598	270	0	5	0.6675	204.0	1020.0	0.3333333333333333
59599	93	0	5	0.225	79.8	399.0	0.3333333333333333
59600	269	0	5	0.665	126.2	631.0	0.3333333333333333
59601	199	0	5	0.49	58.0	290.0	0.0
59602	267	0	5	0.66	110.6	553.0	0.3333333333333333
59603	29	0	5	0.065	22.6	113.0	0.3333333333333333
59604	325	1	4	0.81	183.4	917.0	1.0
59605	8	0	5	0.0125	6.0	30.0	0.0
59606	323	0	5	0.8	189.8	949.0	0.6666666666666666
59607	61	0	5	0.145	49.4	247.0	0.3333333333333333
59608	161	0	5	0.395	57.4	287.0	0.6666666666666666
59609	221	0	5	0.545	100.6	503.0	0.6666666666666666
59610	84	0	5	0.2025	38.2	191.0	0.0
59611	278	0	5	0.6875	224.4	1122.0	0.6666666666666666
59612	311	0	5	0.77	87.4	437.0	0.6666666666666666
59613	299	0	5	0.74	138.0	690.0	0.3333333333333333
59614	191	0	5	0.47	58.6	293.0	0.3333333333333333
59615	35	0	5	0.08	33.0	165.0	0.0
59616	88	0	5	0.2125	76.6	383.0	0.0
59617	289	0	5	0.715	214.6	1073.0	0.6666666666666666
59618	326	0	5	0.8075	277.0	1385.0	0.3333333333333333
59619	283	0	5	0.7	71.4	357.0	0.6666666666666666
59620	394	0	5	0.9775	280.6	1403.0	0.6666666666666666
59621	283	0	5	0.7	96.8	484.0	0.6666666666666666
59622	235	0	5	0.58	58.6	293.0	0.3333333333333333
59623	220	0	5	0.5425	183.6	918.0	0.3333333333333333
59624	191	0	5	0.47	57.8	289.0	0.3333333333333333
59625	323	1	4	0.805	185.8	929.0	1.0
59626	92	0	5	0.2225	90.0	450.0	0.0
59627	291	0	5	0.72	156.0	780.0	0.0
59628	127	0	5	0.31	86.6	433.0	0.3333333333333333
59629	144	0	5	0.3525	118.8	594.0	0.3333333333333333
59630	80	0	5	0.1925	50.8	254.0	0.6666666666666666
59631	388	1	4	0.9675	248.8	1244.0	1.0
59632	363	0	5	0.9	310.6	1553.0	0.6666666666666666
59633	117	0	5	0.285	72.8	364.0	0.3333333333333333
59634	149	0	5	0.365	58.4	292.0	0.6666666666666666
59635	79	0	5	0.19	77.0	385.0	0.0
59636	18	0	5	0.0375	14.6	73.0	0.3333333333333333
59637	75	0	5	0.18	59.2	296.0	0.0
59638	80	0	5	0.1925	72.8	364.0	0.0
59639	193	1	4	0.48	85.0	425.0	1.0
59640	301	0	5	0.745	80.6	403.0	0.0
59641	385	0	5	0.955	247.2	1236.0	0.6666666666666666
59642	381	1	4	0.95	138.4	692.0	1.0
59643	148	0	5	0.3625	129.8	649.0	0.3333333333333333
59644	186	0	5	0.4575	129.8	649.0	0.0
59645	71	0	5	0.17	50.2	251.0	0.0
59646	243	0	5	0.6	152.4	762.0	0.6666666666666666
59647	4	0	5	0.0025	2.0	10.0	0.0
59648	132	1	4	0.3275	72.8	364.0	1.0
59649	303	0	5	0.75	136.0	680.0	0.6666666666666666
59650	105	0	5	0.255	68.8	344.0	0.3333333333333333
59651	107	0	5	0.26	99.4	497.0	0.3333333333333333
59652	114	0	5	0.2775	112.0	560.0	0.0
59653	250	0	5	0.6175	100.8	504.0	0.3333333333333333
59654	237	0	5	0.585	86.8	434.0	0.6666666666666666
59655	190	0	5	0.4675	188.0	940.0	0.3333333333333333
59656	389	0	5	0.965	178.2	891.0	0.6666666666666666
59657	162	1	4	0.4025	82.8	414.0	1.0
59658	285	1	4	0.71	236.2	1181.0	1.0
59659	201	0	5	0.495	130.2	651.0	0.6666666666666666
59660	194	0	5	0.4775	120.0	600.0	0.6666666666666666
59661	197	0	5	0.485	125.0	625.0	0.6666666666666666
59662	91	0	5	0.22	65.0	325.0	0.3333333333333333
59663	248	0	5	0.6125	106.0	530.0	0.3333333333333333
59664	58	0	5	0.1375	44.8	224.0	0.0
59665	271	0	5	0.67	143.4	717.0	0.3333333333333333
59666	286	1	4	0.7125	271.4	1357.0	1.0
59667	294	1	4	0.7325	266.4	1332.0	1.0
59668	285	0	5	0.705	194.6	973.0	0.6666666666666666
59669	378	0	5	0.9375	206.2	1031.0	0.6666666666666666
59670	99	0	5	0.24	97.0	485.0	0.0
59671	338	0	5	0.8375	196.6	983.0	0.6666666666666666
59672	269	0	5	0.665	156.2	781.0	0.3333333333333333
59673	165	0	5	0.405	108.2	541.0	0.0
59674	40	0	5	0.0925	38.0	190.0	0.0
59675	340	0	5	0.8425	177.6	888.0	0.6666666666666666
59676	316	0	5	0.7825	191.0	955.0	0.6666666666666666
59677	66	0	5	0.1575	47.6	238.0	0.0
59678	77	0	5	0.185	75.0	375.0	0.0
59679	129	0	5	0.315	109.0	545.0	0.3333333333333333
59680	194	0	5	0.4775	120.4	602.0	0.6666666666666666
59681	325	0	5	0.805	171.0	855.0	0.6666666666666666
59682	286	0	5	0.7075	144.8	724.0	0.6666666666666666
59683	389	0	5	0.965	160.2	801.0	0.3333333333333333
59684	234	0	5	0.5775	164.8	824.0	0.3333333333333333
59685	154	0	5	0.3775	149.6	748.0	0.3333333333333333
59686	46	0	5	0.1075	35.6	178.0	0.0
59687	334	1	4	0.8325	102.8	514.0	1.0
59688	286	0	5	0.7075	215.6	1078.0	0.6666666666666666
59689	267	0	5	0.66	209.4	1047.0	0.3333333333333333
59690	362	0	5	0.8975	217.4	1087.0	0.6666666666666666
59691	37	0	5	0.085	17.4	87.0	0.6666666666666666
59692	355	0	5	0.88	295.4	1477.0	0.6666666666666666
59693	205	0	5	0.505	196.6	983.0	0.3333333333333333
59694	337	0	5	0.835	145.6	728.0	0.6666666666666666
59695	233	0	5	0.575	159.0	795.0	0.3333333333333333
59696	298	0	5	0.7375	125.4	627.0	0.6666666666666666
59697	244	1	4	0.6075	116.8	584.0	1.0
59698	191	0	5	0.47	124.6	623.0	0.0
59699	156	0	5	0.3825	141.2	706.0	0.0
59700	194	0	5	0.4775	100.6	503.0	0.3333333333333333
59701	197	0	5	0.485	150.8	754.0	0.6666666666666666
59702	339	0	5	0.84	185.8	929.0	0.6666666666666666
59703	180	0	5	0.4425	117.0	585.0	0.3333333333333333
59704	123	0	5	0.3	109.0	545.0	0.3333333333333333
59705	310	0	5	0.7675	191.6	958.0	0.6666666666666666
59706	143	0	5	0.35	57.8	289.0	0.6666666666666666
59707	12	0	5	0.0225	9.6	48.0	0.0
59708	268	0	5	0.6625	179.8	899.0	0.3333333333333333
59709	128	0	5	0.3125	81.2	406.0	0.3333333333333333
59710	117	0	5	0.285	84.6	423.0	0.0
59711	163	1	4	0.405	151.0	755.0	1.0
59712	164	0	5	0.4025	150.0	750.0	0.0
59713	38	0	5	0.0875	36.0	180.0	0.0
59714	211	0	5	0.52	157.8	789.0	0.3333333333333333
59715	334	0	5	0.8275	167.4	837.0	0.6666666666666666
59716	317	0	5	0.785	216.2	1081.0	0.6666666666666666
59717	253	0	5	0.625	103.2	516.0	0.6666666666666666
59718	384	0	5	0.9525	164.2	821.0	0.6666666666666666
59719	334	0	5	0.8275	96.0	480.0	0.6666666666666666
59720	327	0	5	0.81	280.6	1403.0	0.6666666666666666
59721	335	1	4	0.835	304.4	1522.0	1.0
59722	363	0	5	0.9	194.0	970.0	0.3333333333333333
59723	293	0	5	0.725	154.2	771.0	0.0
59724	246	0	5	0.6075	244.0	1220.0	0.3333333333333333
59725	277	1	4	0.69	237.0	1185.0	1.0
59726	341	0	5	0.845	245.6	1228.0	0.3333333333333333
59727	150	0	5	0.3675	126.4	632.0	0.3333333333333333
59728	134	0	5	0.3275	78.4	392.0	0.3333333333333333
59729	25	0	5	0.055	23.0	115.0	0.0
59730	184	0	5	0.4525	161.2	806.0	0.3333333333333333
59731	354	0	5	0.8775	216.8	1084.0	0.3333333333333333
59732	92	0	5	0.2225	90.0	450.0	0.0
59733	135	0	5	0.33	101.4	507.0	0.3333333333333333
59734	86	0	5	0.2075	84.0	420.0	0.0
59735	270	0	5	0.6675	156.6	783.0	0.6666666666666666
59736	239	0	5	0.59	123.2	616.0	0.6666666666666666
59737	64	0	5	0.1525	62.0	310.0	0.0
59738	380	0	5	0.9425	172.0	860.0	0.6666666666666666
59739	245	0	5	0.605	171.0	855.0	0.3333333333333333
59740	395	0	5	0.98	272.6	1363.0	0.6666666666666666
59741	253	0	5	0.625	171.0	855.0	0.6666666666666666
59742	14	0	5	0.0275	12.0	60.0	0.0
59743	227	0	5	0.56	137.8	689.0	0.3333333333333333
59744	168	0	5	0.4125	60.4	302.0	0.0
59745	84	0	5	0.2025	82.0	410.0	0.0
59746	89	0	5	0.215	80.2	401.0	0.3333333333333333
59747	177	0	5	0.435	105.4	527.0	0.3333333333333333
59748	180	1	4	0.4475	104.8	524.0	1.0
59749	130	0	5	0.3175	125.4	627.0	0.3333333333333333
59750	57	0	5	0.135	25.8	129.0	0.0
59751	56	0	5	0.1325	54.0	270.0	0.0
59752	189	0	5	0.465	145.6	728.0	0.3333333333333333
59753	238	0	5	0.5875	199.0	995.0	0.3333333333333333
59754	145	0	5	0.355	106.6	533.0	0.3333333333333333
59755	227	0	5	0.56	181.0	905.0	0.6666666666666666
59756	114	0	5	0.2775	110.4	552.0	0.3333333333333333
59757	166	0	5	0.4075	154.8	774.0	0.3333333333333333
59758	324	0	5	0.8025	66.2	331.0	0.6666666666666666
59759	337	0	5	0.835	102.2	511.0	0.3333333333333333
59760	79	0	5	0.19	77.0	385.0	0.0
59761	193	0	5	0.475	63.0	315.0	0.3333333333333333
59762	221	0	5	0.545	142.2	711.0	0.6666666666666666
59763	272	0	5	0.6725	214.2	1071.0	0.6666666666666666
59764	278	1	4	0.6925	222.8	1114.0	1.0
59765	204	0	5	0.5025	105.2	526.0	0.6666666666666666
59766	289	0	5	0.715	150.8	754.0	0.3333333333333333
59767	306	0	5	0.7575	144.2	721.0	0.3333333333333333
59768	16	0	5	0.0325	14.0	70.0	0.0
59769	75	0	5	0.18	73.0	365.0	0.0
59770	348	0	5	0.8625	254.0	1270.0	0.6666666666666666
59771	168	0	5	0.4125	111.4	557.0	0.3333333333333333
59772	364	0	5	0.9025	313.8	1569.0	0.6666666666666666
59773	99	0	5	0.24	81.4	407.0	0.0
59774	394	0	5	0.9775	254.0	1270.0	0.0
59775	298	0	5	0.7375	212.8	1064.0	0.3333333333333333
59776	56	0	5	0.1325	10.8	54.0	0.3333333333333333
59777	254	1	4	0.6325	115.6	578.0	1.0
59778	314	0	5	0.7775	143.0	715.0	0.6666666666666666
59779	239	0	5	0.59	97.2	486.0	0.6666666666666666
59780	343	0	5	0.85	225.0	1125.0	0.6666666666666666
59781	40	0	5	0.0925	38.0	190.0	0.0
59782	194	0	5	0.4775	94.0	470.0	0.3333333333333333
59783	25	0	5	0.055	19.4	97.0	0.3333333333333333
59784	225	0	5	0.555	191.0	955.0	0.3333333333333333
59785	338	0	5	0.8375	248.8	1244.0	0.3333333333333333
59786	365	1	4	0.91	95.4	477.0	1.0
59787	54	0	5	0.1275	36.0	180.0	0.3333333333333333
59788	88	0	5	0.2125	80.0	400.0	0.3333333333333333
59789	136	0	5	0.3325	68.6	343.0	0.3333333333333333
59790	230	0	5	0.5675	161.6	808.0	0.3333333333333333
59791	367	1	4	0.915	123.0	615.0	1.0
59792	145	0	5	0.355	143.0	715.0	0.0
59793	240	1	4	0.5975	198.0	990.0	1.0
59794	292	0	5	0.7225	151.6	758.0	0.6666666666666666
59795	209	1	4	0.52	91.4	457.0	1.0
59796	284	0	5	0.7025	149.8	749.0	0.3333333333333333
59797	250	0	5	0.6175	148.2	741.0	0.3333333333333333
59798	331	0	5	0.82	158.8	794.0	0.6666666666666666
59799	132	0	5	0.3225	130.0	650.0	0.0
59800	10	0	5	0.0175	8.0	40.0	0.0
59801	392	1	4	0.9775	222.8	1114.0	1.0
59802	113	0	5	0.275	93.4	467.0	0.0
59803	180	0	5	0.4425	100.4	502.0	0.6666666666666666
59804	4	0	5	0.0025	2.0	10.0	0.0
59805	257	0	5	0.635	182.4	912.0	0.3333333333333333
59806	294	0	5	0.7275	185.6	928.0	0.3333333333333333
59807	321	0	5	0.795	210.6	1053.0	0.6666666666666666
59808	214	0	5	0.5275	62.4	312.0	0.3333333333333333
59809	188	0	5	0.4625	137.2	686.0	0.0
59810	370	0	5	0.9175	155.0	775.0	0.6666666666666666
59811	82	0	5	0.1975	50.4	252.0	0.6666666666666666
59812	334	0	5	0.8275	240.4	1202.0	0.3333333333333333
59813	278	0	5	0.6875	206.0	1030.0	0.3333333333333333
59814	160	0	5	0.3925	65.6	328.0	0.3333333333333333
59815	342	1	4	0.8525	233.2	1166.0	1.0
59816	146	0	5	0.3575	144.0	720.0	0.0
59817	112	0	5	0.2725	96.8	484.0	0.0
59818	326	0	5	0.8075	194.8	974.0	0.6666666666666666
59819	385	0	5	0.955	210.2	1051.0	0.6666666666666666
59820	205	0	5	0.505	151.4	757.0	0.3333333333333333
59821	166	0	5	0.4075	61.2	306.0	0.6666666666666666
59822	183	0	5	0.45	135.0	675.0	0.3333333333333333
59823	181	0	5	0.445	179.0	895.0	0.0
59824	292	1	4	0.7275	111.2	556.0	1.0
59825	156	0	5	0.3825	149.0	745.0	0.0
59826	105	0	5	0.255	103.0	515.0	0.0
59827	130	0	5	0.3175	68.8	344.0	0.0
59828	228	0	5	0.5625	206.2	1031.0	0.0
59829	173	0	5	0.425	115.8	579.0	0.0
59830	74	0	5	0.1775	39.2	196.0	0.3333333333333333
59831	17	0	5	0.035	13.4	67.0	0.3333333333333333
59832	168	0	5	0.4125	94.4	472.0	0.3333333333333333
59833	100	0	5	0.2425	50.0	250.0	0.6666666666666666
59834	340	0	5	0.8425	338.0	1690.0	0.3333333333333333
59835	175	0	5	0.43	86.6	433.0	0.3333333333333333
59836	88	0	5	0.2125	50.6	253.0	0.0
59837	122	0	5	0.2975	87.6	438.0	0.3333333333333333
59838	180	0	5	0.4425	71.0	355.0	0.6666666666666666
59839	284	0	5	0.7025	201.8	1009.0	0.3333333333333333
59840	118	0	5	0.2875	78.2	391.0	0.6666666666666666
59841	213	0	5	0.525	92.2	461.0	0.6666666666666666
59842	180	0	5	0.4425	164.8	824.0	0.3333333333333333
59843	27	0	5	0.06	25.0	125.0	0.0
59844	123	0	5	0.3	121.0	605.0	0.0
59845	135	0	5	0.33	85.4	427.0	0.3333333333333333
59846	378	0	5	0.9375	375.4	1877.0	0.6666666666666666
59847	185	0	5	0.455	87.6	438.0	0.3333333333333333
59848	313	0	5	0.775	128.6	643.0	0.3333333333333333
59849	104	0	5	0.2525	88.0	440.0	0.0
59850	389	0	5	0.965	327.8	1639.0	0.6666666666666666
59851	193	0	5	0.475	185.2	926.0	0.0
59852	206	1	4	0.5125	119.6	598.0	1.0
59853	290	0	5	0.7175	249.4	1247.0	0.0
59854	103	0	5	0.25	101.0	505.0	0.0
59855	142	0	5	0.3475	98.8	494.0	0.3333333333333333
59856	367	0	5	0.91	205.0	1025.0	0.6666666666666666
59857	189	0	5	0.465	66.4	332.0	0.6666666666666666
59858	284	1	4	0.7075	190.0	950.0	1.0
59859	46	0	5	0.1075	40.8	204.0	0.3333333333333333
59860	125	0	5	0.305	28.6	143.0	0.3333333333333333
59861	175	0	5	0.43	72.2	361.0	0.6666666666666666
59862	262	0	5	0.6475	228.0	1140.0	0.6666666666666666
59863	274	0	5	0.6775	171.8	859.0	0.6666666666666666
59864	311	0	5	0.77	204.4	1022.0	0.6666666666666666
59865	187	0	5	0.46	168.2	841.0	0.6666666666666666
59866	336	0	5	0.8325	240.2	1201.0	0.3333333333333333
59867	81	0	5	0.195	66.6	333.0	0.3333333333333333
59868	319	0	5	0.79	175.0	875.0	0.6666666666666666
59869	64	0	5	0.1525	36.2	181.0	0.0
59870	144	0	5	0.3525	122.0	610.0	0.3333333333333333
59871	367	0	5	0.91	145.0	725.0	0.6666666666666666
59872	115	0	5	0.28	72.8	364.0	0.0
59873	376	0	5	0.9325	336.4	1682.0	0.6666666666666666
59874	299	0	5	0.74	185.4	927.0	0.6666666666666666
59875	214	0	5	0.5275	208.8	1044.0	0.0
59876	370	0	5	0.9175	279.4	1397.0	0.6666666666666666
59877	54	0	5	0.1275	52.0	260.0	0.0
59878	165	0	5	0.405	137.4	687.0	0.3333333333333333
59879	338	0	5	0.8375	272.0	1360.0	0.3333333333333333
59880	71	0	5	0.17	51.4	257.0	0.0
59881	293	0	5	0.725	291.0	1455.0	0.0
59882	201	0	5	0.495	156.6	783.0	0.6666666666666666
59883	335	0	5	0.83	159.8	799.0	0.6666666666666666
59884	295	1	4	0.735	151.8	759.0	1.0
59885	156	0	5	0.3825	125.2	626.0	0.3333333333333333
59886	284	0	5	0.7025	170.2	851.0	0.3333333333333333
59887	364	0	5	0.9025	246.8	1234.0	0.6666666666666666
59888	86	0	5	0.2075	78.4	392.0	0.0
59889	76	0	5	0.1825	42.8	214.0	0.3333333333333333
59890	274	0	5	0.6775	177.2	886.0	0.0
59891	265	0	5	0.655	263.0	1315.0	0.0
59892	360	0	5	0.8925	311.0	1555.0	0.3333333333333333
59893	58	0	5	0.1375	44.0	220.0	0.0
59894	105	0	5	0.255	75.0	375.0	0.3333333333333333
59895	302	0	5	0.7475	203.6	1018.0	0.6666666666666666
59896	277	0	5	0.685	221.6	1108.0	0.3333333333333333
59897	173	0	5	0.425	64.6	323.0	0.3333333333333333
59898	84	0	5	0.2025	82.0	410.0	0.0
59899	274	0	5	0.6775	207.4	1037.0	0.3333333333333333
59900	270	0	5	0.6675	194.8	974.0	0.3333333333333333
59901	326	0	5	0.8075	257.6	1288.0	0.0
59902	376	0	5	0.9325	242.6	1213.0	0.6666666666666666
59903	236	0	5	0.5825	153.6	768.0	0.6666666666666666
59904	110	0	5	0.2675	65.6	328.0	0.3333333333333333
59905	84	0	5	0.2025	82.0	410.0	0.0
59906	241	0	5	0.595	128.6	643.0	0.6666666666666666
59907	282	0	5	0.6975	175.2	876.0	0.3333333333333333
59908	247	0	5	0.61	92.6	463.0	0.3333333333333333
59909	306	0	5	0.7575	276.4	1382.0	0.3333333333333333
59910	362	0	5	0.8975	141.8	709.0	0.6666666666666666
59911	68	0	5	0.1625	54.4	272.0	0.3333333333333333
59912	359	0	5	0.89	110.6	553.0	0.6666666666666666
59913	211	0	5	0.52	132.6	663.0	0.3333333333333333
59914	103	0	5	0.25	45.0	225.0	0.6666666666666666
59915	181	0	5	0.445	179.0	895.0	0.0
59916	316	0	5	0.7825	169.4	847.0	0.6666666666666666
59917	112	0	5	0.2725	38.6	193.0	0.3333333333333333
59918	397	0	5	0.985	336.0	1680.0	0.6666666666666666
59919	9	0	5	0.015	7.0	35.0	0.0
59920	222	0	5	0.5475	107.8	539.0	0.6666666666666666
59921	400	0	5	0.9925	172.6	863.0	0.6666666666666666
59922	400	0	5	0.9925	220.4	1102.0	0.6666666666666666
59923	94	0	5	0.2275	76.4	382.0	0.3333333333333333
59924	41	0	5	0.095	39.0	195.0	0.0
59925	168	0	5	0.4125	138.4	692.0	0.0
59926	216	0	5	0.5325	214.0	1070.0	0.0
59927	257	1	4	0.64	126.2	631.0	1.0
59928	119	0	5	0.29	102.2	511.0	0.3333333333333333
59929	159	0	5	0.39	154.6	773.0	0.0
59930	179	0	5	0.44	105.8	529.0	0.3333333333333333
59931	340	0	5	0.8425	129.2	646.0	0.3333333333333333
59932	17	0	5	0.035	15.0	75.0	0.0
59933	377	1	4	0.94	225.0	1125.0	1.0
59934	80	0	5	0.1925	72.8	364.0	0.0
59935	190	0	5	0.4675	65.4	327.0	0.3333333333333333
59936	176	0	5	0.4325	150.4	752.0	0.3333333333333333
59937	277	1	4	0.69	131.2	656.0	1.0
59938	190	0	5	0.4675	166.8	834.0	0.3333333333333333
59939	41	0	5	0.095	34.2	171.0	0.0
59940	265	0	5	0.655	193.2	966.0	0.6666666666666666
59941	106	0	5	0.2575	104.0	520.0	0.0
59942	144	0	5	0.3525	71.2	356.0	0.3333333333333333
59943	329	1	4	0.82	223.0	1115.0	1.0
59944	203	0	5	0.5	131.0	655.0	0.3333333333333333
59945	178	0	5	0.4375	158.0	790.0	0.3333333333333333
59946	317	0	5	0.785	143.4	717.0	0.6666666666666666
59947	59	0	5	0.14	53.6	268.0	0.3333333333333333
59948	325	0	5	0.805	243.8	1219.0	0.6666666666666666
59949	123	0	5	0.3	89.0	445.0	0.0
59950	178	0	5	0.4375	119.6	598.0	0.3333333333333333
59951	137	1	4	0.34	60.6	303.0	1.0
59952	383	0	5	0.95	301.8	1509.0	0.3333333333333333
59953	287	0	5	0.71	251.0	1255.0	0.6666666666666666
59954	235	0	5	0.58	201.4	1007.0	0.0
59955	384	0	5	0.9525	295.0	1475.0	0.6666666666666666
59956	42	0	5	0.0975	40.0	200.0	0.0
59957	35	0	5	0.08	26.6	133.0	0.3333333333333333
59958	104	0	5	0.2525	65.6	328.0	0.3333333333333333
59959	250	0	5	0.6175	93.6	468.0	0.6666666666666666
59960	124	0	5	0.3025	62.0	310.0	0.0
59961	368	0	5	0.9125	102.8	514.0	0.6666666666666666
59962	126	0	5	0.3075	118.2	591.0	0.3333333333333333
59963	236	0	5	0.5825	193.2	966.0	0.6666666666666666
59964	15	0	5	0.03	12.4	62.0	0.3333333333333333
59965	266	0	5	0.6575	253.6	1268.0	0.3333333333333333
59966	294	0	5	0.7275	87.6	438.0	0.3333333333333333
59967	276	0	5	0.6825	136.0	680.0	0.6666666666666666
59968	347	1	3	0.865	155.6	778.0	1.0
59969	294	0	5	0.7275	186.4	932.0	0.3333333333333333
59970	196	0	5	0.4825	145.6	728.0	0.3333333333333333
59971	24	0	5	0.0525	22.0	110.0	0.0
59972	117	0	5	0.285	87.8	439.0	0.3333333333333333
59973	158	1	4	0.3925	118.0	590.0	1.0
59974	103	0	5	0.25	101.0	505.0	0.0
59975	69	0	5	0.165	20.6	103.0	0.3333333333333333
59976	357	0	5	0.885	173.0	865.0	0.3333333333333333
59977	140	0	5	0.3425	138.0	690.0	0.0
59978	241	0	5	0.595	76.6	383.0	0.6666666666666666
59979	359	0	5	0.89	254.6	1273.0	0.6666666666666666
59980	392	0	5	0.9725	200.4	1002.0	0.6666666666666666
59981	17	0	5	0.035	15.0	75.0	0.0
59982	167	0	5	0.41	163.2	816.0	0.0
59983	136	0	5	0.3325	60.8	304.0	0.0
59984	161	0	5	0.395	107.8	539.0	0.3333333333333333
59985	11	0	5	0.02	9.0	45.0	0.0
59986	369	0	5	0.915	304.4	1522.0	0.3333333333333333
59987	369	0	5	0.915	208.6	1043.0	0.6666666666666666
59988	151	1	4	0.375	68.4	342.0	1.0
59989	341	0	5	0.845	254.6	1273.0	0.3333333333333333
59990	352	0	5	0.8725	237.8	1189.0	0.6666666666666666
59991	8	0	5	0.0125	6.0	30.0	0.0
59992	236	0	5	0.5825	145.2	726.0	0.0
59993	198	0	5	0.4875	143.8	719.0	0.6666666666666666
59994	351	0	5	0.87	202.0	1010.0	0.6666666666666666
59995	204	0	5	0.5025	89.4	447.0	0.3333333333333333
59996	131	0	5	0.32	100.2	501.0	0.0
59997	303	0	5	0.75	128.8	644.0	0.0
59998	206	0	5	0.5075	76.8	384.0	0.6666666666666666
59999	59	0	5	0.14	52.6	263.0	0.0
60000	381	0	5	0.945	234.4	1172.0	0.6666666666666666
60001	135	0	5	0.33	115.4	577.0	0.0
60002	400	0	5	0.9925	252.2	1261.0	0.6666666666666666
60003	325	0	5	0.805	258.0	1290.0	0.3333333333333333
60004	39	1	4	0.095	15.0	75.0	1.0
60005	269	0	5	0.665	67.4	337.0	0.3333333333333333
60006	169	0	5	0.415	160.0	800.0	0.3333333333333333
60007	319	0	5	0.79	175.8	879.0	0.6666666666666666
60008	130	0	5	0.3175	74.6	373.0	0.3333333333333333
60009	155	0	5	0.38	136.6	683.0	0.3333333333333333
60010	297	0	5	0.735	201.0	1005.0	0.6666666666666666
60011	390	0	5	0.9675	179.0	895.0	0.6666666666666666
60012	36	0	5	0.0825	30.4	152.0	0.3333333333333333
60013	230	0	5	0.5675	118.2	591.0	0.3333333333333333
60014	162	0	5	0.3975	77.6	388.0	0.3333333333333333
60015	185	0	5	0.455	183.0	915.0	0.0
60016	327	0	5	0.81	150.0	750.0	0.6666666666666666
60017	323	0	5	0.8	186.6	933.0	0.6666666666666666
60018	203	0	5	0.5	95.4	477.0	0.3333333333333333
60019	272	0	5	0.6725	230.2	1151.0	0.3333333333333333
60020	165	0	5	0.405	54.2	271.0	0.3333333333333333
60021	233	0	5	0.575	208.2	1041.0	0.3333333333333333
60022	266	0	5	0.6575	195.0	975.0	0.6666666666666666
60023	127	0	5	0.31	80.6	403.0	0.3333333333333333
60024	302	0	5	0.7475	147.2	736.0	0.3333333333333333
60025	336	1	4	0.8375	124.2	621.0	1.0
60026	216	0	5	0.5325	155.6	778.0	0.6666666666666666
60027	186	0	5	0.4575	103.0	515.0	0.3333333333333333
60028	298	0	5	0.7375	102.6	513.0	0.3333333333333333
60029	306	0	5	0.7575	164.0	820.0	0.6666666666666666
60030	284	0	5	0.7025	172.0	860.0	0.6666666666666666
60031	93	0	5	0.225	36.6	183.0	0.3333333333333333
60032	240	0	5	0.5925	90.8	454.0	0.6666666666666666
60033	156	1	3	0.3875	81.6	408.0	1.0
60034	333	0	5	0.825	244.4	1222.0	0.6666666666666666
60035	18	0	5	0.0375	16.0	80.0	0.0
60036	288	0	5	0.7125	116.4	582.0	0.3333333333333333
60037	392	0	5	0.9725	128.4	642.0	0.6666666666666666
60038	47	0	5	0.11	42.2	211.0	0.0
60039	84	0	5	0.2025	52.4	262.0	0.6666666666666666
60040	99	0	5	0.24	97.0	485.0	0.0
60041	143	0	5	0.35	50.6	253.0	0.3333333333333333
60042	302	0	5	0.7475	142.4	712.0	0.3333333333333333
60043	160	0	5	0.3925	148.2	741.0	0.3333333333333333
60044	330	0	5	0.8175	167.4	837.0	0.6666666666666666
60045	152	0	5	0.3725	60.2	301.0	0.3333333333333333
60046	144	0	5	0.3525	100.6	503.0	0.3333333333333333
60047	59	0	5	0.14	22.8	114.0	0.3333333333333333
60048	334	0	5	0.8275	188.8	944.0	0.6666666666666666
60049	393	1	4	0.98	250.2	1251.0	1.0
60050	15	0	5	0.03	13.0	65.0	0.0
60051	220	0	5	0.5425	203.0	1015.0	0.3333333333333333
60052	369	0	5	0.915	79.8	399.0	0.6666666666666666
60053	326	0	5	0.8075	115.8	579.0	0.6666666666666666
60054	169	0	5	0.415	167.0	835.0	0.0
60055	281	0	5	0.695	157.4	787.0	0.3333333333333333
60056	41	0	5	0.095	39.0	195.0	0.0
60057	27	0	5	0.06	25.0	125.0	0.0
60058	180	0	5	0.4425	129.2	646.0	0.3333333333333333
60059	66	0	5	0.1575	59.2	296.0	0.3333333333333333
60060	203	0	5	0.5	60.8	304.0	0.6666666666666666
60061	314	0	5	0.7775	149.4	747.0	0.6666666666666666
60062	306	0	5	0.7575	184.4	922.0	0.3333333333333333
60063	211	0	5	0.52	53.8	269.0	0.3333333333333333
60064	290	1	4	0.7225	247.8	1239.0	1.0
60065	328	0	5	0.8125	136.4	682.0	0.6666666666666666
60066	378	1	4	0.9425	169.2	846.0	1.0
60067	267	1	4	0.665	179.4	897.0	1.0
60068	74	0	5	0.1775	72.0	360.0	0.0
60069	160	0	5	0.3925	129.8	649.0	0.3333333333333333
60070	359	0	5	0.89	195.2	976.0	0.6666666666666666
60071	226	0	5	0.5575	173.0	865.0	0.0
60072	107	0	5	0.26	101.8	509.0	0.0
60073	361	1	4	0.9	208.4	1042.0	1.0
60074	317	0	5	0.785	203.8	1019.0	0.6666666666666666
60075	260	0	5	0.6425	255.6	1278.0	0.0
60076	244	1	4	0.6075	183.8	919.0	1.0
60077	239	0	5	0.59	140.2	701.0	0.0
60078	346	0	5	0.8575	173.2	866.0	0.6666666666666666
60079	315	0	5	0.78	189.8	949.0	0.3333333333333333
60080	186	0	5	0.4575	79.4	397.0	0.3333333333333333
60081	201	0	5	0.495	199.0	995.0	0.0
60082	356	0	5	0.8825	127.2	636.0	0.3333333333333333
60083	331	1	4	0.825	183.0	915.0	1.0
60084	114	0	5	0.2775	49.0	245.0	0.0
60085	352	1	4	0.8775	134.0	670.0	1.0
60086	354	1	4	0.8825	93.6	468.0	1.0
60087	135	0	5	0.33	106.6	533.0	0.3333333333333333
60088	109	0	5	0.265	67.8	339.0	0.3333333333333333
60089	93	0	5	0.225	70.6	353.0	0.3333333333333333
60090	234	0	5	0.5775	136.6	683.0	0.3333333333333333
60091	57	0	5	0.135	55.0	275.0	0.0
60092	207	0	5	0.51	83.8	419.0	0.6666666666666666
60093	90	0	5	0.2175	69.6	348.0	0.3333333333333333
60094	257	0	5	0.635	180.8	904.0	0.3333333333333333
60095	99	0	5	0.24	97.0	485.0	0.0
60096	186	0	5	0.4575	125.8	629.0	0.3333333333333333
60097	152	0	5	0.3725	150.0	750.0	0.0
60098	208	1	4	0.5175	154.0	770.0	1.0
60099	81	0	5	0.195	79.0	395.0	0.0
60100	33	0	5	0.075	17.4	87.0	0.3333333333333333
60101	48	0	5	0.1125	22.0	110.0	0.3333333333333333
60102	385	1	4	0.96	201.2	1006.0	1.0
60103	206	0	5	0.5075	63.2	316.0	0.6666666666666666
60104	181	0	5	0.445	80.2	401.0	0.3333333333333333
60105	360	0	5	0.8925	147.0	735.0	0.6666666666666666
60106	175	0	5	0.43	132.2	661.0	0.3333333333333333
60107	197	0	5	0.485	154.8	774.0	0.0
60108	318	0	5	0.7875	190.0	950.0	0.6666666666666666
60109	208	0	5	0.5125	150.8	754.0	0.0
60110	275	0	5	0.68	151.6	758.0	0.6666666666666666
60111	366	0	5	0.9075	172.6	863.0	0.6666666666666666
60112	286	0	5	0.7075	188.8	944.0	0.0
60113	232	0	5	0.5725	182.0	910.0	0.3333333333333333
60114	180	0	5	0.4425	92.2	461.0	0.3333333333333333
60115	246	0	5	0.6075	158.8	794.0	0.3333333333333333
60116	287	1	4	0.715	167.6	838.0	1.0
60117	314	0	5	0.7775	211.2	1056.0	0.3333333333333333
60118	296	1	4	0.7375	196.6	983.0	1.0
60119	112	0	5	0.2725	100.8	504.0	0.3333333333333333
60120	262	0	5	0.6475	130.0	650.0	0.6666666666666666
60121	350	1	4	0.8725	240.0	1200.0	1.0
60122	175	0	5	0.43	157.6	788.0	0.0
60123	151	0	5	0.37	148.2	741.0	0.3333333333333333
60124	172	0	5	0.4225	51.2	256.0	0.6666666666666666
60125	11	0	5	0.02	9.0	45.0	0.0
60126	332	0	5	0.8225	228.2	1141.0	0.6666666666666666
60127	200	0	5	0.4925	94.8	474.0	0.3333333333333333
60128	332	0	5	0.8225	253.6	1268.0	0.6666666666666666
60129	14	0	5	0.0275	12.0	60.0	0.0
60130	113	1	3	0.28	63.8	319.0	1.0
60131	168	0	5	0.4125	151.2	756.0	0.3333333333333333
60132	280	0	5	0.6925	163.6	818.0	0.3333333333333333
60133	320	0	5	0.7925	211.2	1056.0	0.3333333333333333
60134	173	0	5	0.425	148.6	743.0	0.0
60135	33	0	5	0.075	31.0	155.0	0.0
60136	180	0	5	0.4425	113.8	569.0	0.6666666666666666
60137	286	0	5	0.7075	179.2	896.0	0.6666666666666666
60138	71	0	5	0.17	58.2	291.0	0.3333333333333333
60139	73	0	5	0.175	67.0	335.0	0.3333333333333333
60140	192	0	5	0.4725	156.6	783.0	0.3333333333333333
60141	73	0	5	0.175	71.0	355.0	0.0
60142	385	0	5	0.955	274.8	1374.0	0.6666666666666666
60143	98	0	5	0.2375	62.8	314.0	0.3333333333333333
60144	190	0	5	0.4675	165.4	827.0	0.3333333333333333
60145	136	0	5	0.3325	134.0	670.0	0.0
60146	24	0	5	0.0525	7.6	38.0	0.3333333333333333
60147	369	0	5	0.915	129.6	648.0	0.6666666666666666
60148	253	0	5	0.625	171.8	859.0	0.3333333333333333
60149	77	0	5	0.185	75.0	375.0	0.0
60150	175	0	5	0.43	105.0	525.0	0.3333333333333333
60151	44	0	5	0.1025	42.0	210.0	0.0
60152	277	0	5	0.685	120.2	601.0	0.3333333333333333
60153	216	0	5	0.5325	168.2	841.0	0.3333333333333333
60154	222	0	5	0.5475	139.2	696.0	0.0
60155	343	0	5	0.85	131.6	658.0	0.6666666666666666
60156	105	0	5	0.255	66.4	332.0	0.3333333333333333
60157	122	0	5	0.2975	41.6	208.0	0.3333333333333333
60158	125	0	5	0.305	83.4	417.0	0.3333333333333333
60159	387	0	5	0.96	248.8	1244.0	0.6666666666666666
60160	4	0	5	0.0025	2.0	10.0	0.0
60161	253	0	5	0.625	223.4	1117.0	0.3333333333333333
60162	154	0	5	0.3775	145.6	728.0	0.3333333333333333
60163	123	0	5	0.3	111.0	555.0	0.3333333333333333
60164	326	0	5	0.8075	240.4	1202.0	0.6666666666666666
60165	378	0	5	0.9375	153.4	767.0	0.6666666666666666
60166	150	1	4	0.3725	78.6	393.0	1.0
60167	6	0	5	0.0075	4.0	20.0	0.0
60168	74	0	5	0.1775	72.0	360.0	0.0
60169	103	0	5	0.25	49.0	245.0	0.3333333333333333
60170	223	0	5	0.55	189.8	949.0	0.3333333333333333
60171	335	0	5	0.83	109.6	548.0	0.3333333333333333
60172	110	0	5	0.2675	82.8	414.0	0.3333333333333333
60173	207	0	5	0.51	127.6	638.0	0.0
60174	252	0	5	0.6225	210.4	1052.0	0.6666666666666666
60175	179	0	5	0.44	177.0	885.0	0.0
60176	319	0	5	0.79	230.4	1152.0	0.6666666666666666
60177	185	1	4	0.46	138.6	693.0	1.0
60178	58	0	5	0.1375	36.2	181.0	0.6666666666666666
60179	175	1	4	0.435	75.8	379.0	1.0
60180	374	0	5	0.9275	277.8	1389.0	0.6666666666666666
60181	216	0	5	0.5325	177.8	889.0	0.6666666666666666
60182	216	1	4	0.5375	201.6	1008.0	1.0
60183	103	0	5	0.25	60.2	301.0	0.3333333333333333
60184	270	0	5	0.6675	167.4	837.0	0.0
60185	50	0	5	0.1175	48.0	240.0	0.0
60186	270	0	5	0.6675	188.0	940.0	0.6666666666666666
60187	208	0	5	0.5125	172.4	862.0	0.3333333333333333
60188	250	0	5	0.6175	108.2	541.0	0.3333333333333333
60189	396	0	5	0.9825	222.2	1111.0	0.6666666666666666
60190	104	0	5	0.2525	62.8	314.0	0.3333333333333333
60191	28	0	5	0.0625	26.0	130.0	0.0
60192	114	0	5	0.2775	67.0	335.0	0.6666666666666666
60193	174	0	5	0.4275	80.8	404.0	0.3333333333333333
60194	390	0	5	0.9675	175.4	877.0	0.6666666666666666
60195	173	0	5	0.425	153.4	767.0	0.3333333333333333
60196	217	0	5	0.535	145.6	728.0	0.3333333333333333
60197	227	0	5	0.56	102.2	511.0	0.3333333333333333
60198	364	1	3	0.9075	324.0	1620.0	1.0
60199	319	0	5	0.79	213.8	1069.0	0.6666666666666666
60200	196	0	5	0.4825	111.0	555.0	0.3333333333333333
60201	219	0	5	0.54	134.6	673.0	0.3333333333333333
60202	55	0	5	0.13	53.0	265.0	0.0
60203	157	0	5	0.385	75.6	378.0	0.3333333333333333
60204	222	0	5	0.5475	200.8	1004.0	0.3333333333333333
60205	118	0	5	0.2875	107.6	538.0	0.3333333333333333
60206	311	0	5	0.77	130.6	653.0	0.3333333333333333
60207	49	0	5	0.115	47.0	235.0	0.0
60208	232	1	3	0.5775	123.4	617.0	1.0
60209	199	0	5	0.49	144.6	723.0	0.6666666666666666
60210	288	0	5	0.7125	215.6	1078.0	0.3333333333333333
60211	214	0	5	0.5275	150.8	754.0	0.3333333333333333
60212	12	0	5	0.0225	10.0	50.0	0.0
60213	107	0	5	0.26	88.6	443.0	0.3333333333333333
60214	217	0	5	0.535	154.0	770.0	0.3333333333333333
60215	250	0	5	0.6175	170.8	854.0	0.6666666666666666
60216	146	0	5	0.3575	116.0	580.0	0.3333333333333333
60217	323	0	5	0.8	278.2	1391.0	0.3333333333333333
60218	84	0	5	0.2025	78.0	390.0	0.3333333333333333
60219	295	0	5	0.73	122.6	613.0	0.3333333333333333
60220	355	0	5	0.88	135.4	677.0	0.3333333333333333
60221	7	0	5	0.01	5.0	25.0	0.0
60222	251	0	5	0.62	111.0	555.0	0.3333333333333333
60223	91	0	5	0.22	33.4	167.0	0.3333333333333333
60224	336	0	5	0.8325	179.2	896.0	0.6666666666666666
60225	389	1	4	0.97	284.0	1420.0	1.0
60226	230	0	5	0.5675	94.4	472.0	0.3333333333333333
60227	292	0	5	0.7225	254.2	1271.0	0.6666666666666666
60228	365	1	4	0.91	125.2	626.0	1.0
60229	362	0	5	0.8975	172.8	864.0	0.3333333333333333
60230	224	0	5	0.5525	120.4	602.0	0.6666666666666666
60231	241	1	4	0.6	101.0	505.0	1.0
60232	11	0	5	0.02	9.0	45.0	0.0
60233	364	1	3	0.9075	269.8	1349.0	1.0
60234	114	0	5	0.2775	112.0	560.0	0.0
60235	401	0	3	0.9975	256.6	1283.0	0.6666666666666666
60236	189	0	5	0.465	147.8	739.0	0.3333333333333333
60237	314	0	5	0.7775	302.8	1514.0	0.3333333333333333
60238	124	0	5	0.3025	96.8	484.0	0.3333333333333333
60239	122	0	5	0.2975	106.8	534.0	0.0
60240	257	0	5	0.635	189.8	949.0	0.6666666666666666
60241	158	0	5	0.3875	76.6	383.0	0.6666666666666666
60242	279	0	5	0.69	238.6	1193.0	0.3333333333333333
60243	357	0	5	0.885	242.8	1214.0	0.6666666666666666
60244	137	0	5	0.335	121.0	605.0	0.0
60245	367	1	4	0.915	256.0	1280.0	1.0
60246	64	0	5	0.1525	24.8	124.0	0.3333333333333333
60247	134	0	5	0.3275	122.4	612.0	0.3333333333333333
60248	24	0	5	0.0525	22.0	110.0	0.0
60249	279	0	5	0.69	243.2	1216.0	0.0
60250	124	0	5	0.3025	122.0	610.0	0.0
60251	99	0	5	0.24	87.4	437.0	0.0
60252	361	1	4	0.9	141.6	708.0	1.0
60253	82	0	5	0.1975	80.0	400.0	0.0
60254	252	0	5	0.6225	209.2	1046.0	0.3333333333333333
60255	136	0	5	0.3325	132.4	662.0	0.0
60256	52	0	5	0.1225	50.0	250.0	0.0
60257	308	0	5	0.7625	116.6	583.0	0.6666666666666666
60258	392	0	5	0.9725	353.4	1767.0	0.6666666666666666
60259	82	0	5	0.1975	80.0	400.0	0.0
60260	228	0	5	0.5625	107.2	536.0	0.3333333333333333
60261	198	0	5	0.4875	118.4	592.0	0.3333333333333333
60262	363	0	5	0.9	278.8	1394.0	0.3333333333333333
60263	106	0	5	0.2575	104.0	520.0	0.0
60264	239	0	5	0.59	183.4	917.0	0.3333333333333333
60265	95	0	5	0.23	93.0	465.0	0.0
60266	271	0	5	0.67	162.2	811.0	0.3333333333333333
60267	161	0	5	0.395	78.6	393.0	0.3333333333333333
60268	353	0	5	0.875	265.8	1329.0	0.3333333333333333
60269	64	0	5	0.1525	51.2	256.0	0.3333333333333333
60270	207	0	5	0.51	177.8	889.0	0.3333333333333333
60271	17	0	5	0.035	15.0	75.0	0.0
60272	98	0	5	0.2375	96.0	480.0	0.0
60273	164	0	5	0.4025	150.6	753.0	0.3333333333333333
60274	100	0	5	0.2425	60.8	304.0	0.6666666666666666
60275	401	0	4	0.9975	205.8	1029.0	0.6666666666666666
60276	127	0	5	0.31	85.8	429.0	0.3333333333333333
60277	125	0	5	0.305	121.8	609.0	0.0
60278	215	0	5	0.53	163.8	819.0	0.3333333333333333
60279	215	0	5	0.53	169.0	845.0	0.0
60280	378	0	5	0.9375	110.0	550.0	0.6666666666666666
60281	156	0	5	0.3825	134.0	670.0	0.3333333333333333
60282	192	0	5	0.4725	118.6	593.0	0.3333333333333333
60283	235	0	5	0.58	148.2	741.0	0.3333333333333333
60284	289	0	5	0.715	129.0	645.0	0.3333333333333333
60285	269	1	4	0.67	114.8	574.0	1.0
60286	392	0	5	0.9725	101.2	506.0	0.6666666666666666
60287	317	0	5	0.785	98.0	490.0	0.6666666666666666
60288	232	0	5	0.5725	154.4	772.0	0.3333333333333333
60289	219	0	5	0.54	104.2	521.0	0.6666666666666666
60290	125	0	5	0.305	115.2	576.0	0.3333333333333333
60291	327	0	5	0.81	198.8	994.0	0.6666666666666666
60292	114	0	5	0.2775	51.4	257.0	0.3333333333333333
60293	12	0	5	0.0225	10.0	50.0	0.0
60294	393	0	5	0.975	343.0	1715.0	0.6666666666666666
60295	190	0	5	0.4675	169.4	847.0	0.0
60296	351	0	5	0.87	115.4	577.0	0.6666666666666666
60297	317	1	4	0.79	83.4	417.0	1.0
60298	307	0	5	0.76	256.8	1284.0	0.0
60299	363	0	5	0.9	128.2	641.0	0.6666666666666666
60300	41	0	5	0.095	38.2	191.0	0.3333333333333333
60301	213	0	5	0.525	109.4	547.0	0.0
60302	196	0	5	0.4825	133.4	667.0	0.6666666666666666
60303	177	0	5	0.435	133.2	666.0	0.6666666666666666
60304	367	1	4	0.915	191.2	956.0	1.0
60305	371	0	5	0.92	222.4	1112.0	0.6666666666666666
60306	28	0	5	0.0625	26.0	130.0	0.0
60307	75	0	5	0.18	73.0	365.0	0.3333333333333333
60308	273	0	5	0.675	167.0	835.0	0.3333333333333333
60309	308	0	5	0.7625	113.6	568.0	0.3333333333333333
60310	285	1	4	0.71	218.6	1093.0	1.0
60311	205	0	5	0.505	132.2	661.0	0.0
60312	395	0	5	0.98	182.6	913.0	0.6666666666666666
60313	46	0	5	0.1075	44.0	220.0	0.0
60314	344	0	5	0.8525	294.8	1474.0	0.6666666666666666
60315	225	0	5	0.555	144.0	720.0	0.3333333333333333
60316	30	0	5	0.0675	26.8	134.0	0.3333333333333333
60317	329	0	5	0.815	156.6	783.0	0.3333333333333333
60318	238	0	5	0.5875	206.4	1032.0	0.6666666666666666
60319	242	0	5	0.5975	136.0	680.0	0.3333333333333333
60320	386	0	5	0.9575	256.8	1284.0	0.6666666666666666
60321	344	0	5	0.8525	153.8	769.0	0.6666666666666666
60322	107	0	5	0.26	21.2	106.0	0.0
60323	345	0	5	0.855	95.8	479.0	0.3333333333333333
60324	268	0	5	0.6625	172.4	862.0	0.3333333333333333
60325	105	0	5	0.255	103.0	515.0	0.0
60326	386	1	4	0.9625	112.4	562.0	1.0
60327	13	0	5	0.025	11.0	55.0	0.0
60328	342	0	5	0.8475	210.2	1051.0	0.6666666666666666
60329	5	0	5	0.005	3.0	15.0	0.0
60330	166	0	5	0.4075	98.4	492.0	0.3333333333333333
60331	179	0	5	0.44	130.8	654.0	0.3333333333333333
60332	309	0	5	0.765	277.6	1388.0	0.3333333333333333
60333	11	0	5	0.02	9.0	45.0	0.0
60334	5	0	5	0.005	3.0	15.0	0.0
60335	252	0	5	0.6225	177.6	888.0	0.6666666666666666
60336	73	0	5	0.175	69.6	348.0	0.3333333333333333
60337	159	0	5	0.39	102.6	513.0	0.0
60338	334	0	5	0.8275	122.0	610.0	0.6666666666666666
60339	123	0	5	0.3	121.0	605.0	0.0
60340	381	0	5	0.945	251.0	1255.0	0.6666666666666666
60341	366	0	5	0.9075	196.2	981.0	0.6666666666666666
60342	382	0	5	0.9475	228.0	1140.0	0.6666666666666666
60343	34	0	5	0.0775	32.0	160.0	0.0
60344	164	0	5	0.4025	90.4	452.0	0.6666666666666666
60345	106	0	5	0.2575	93.8	469.0	0.0
60346	344	1	4	0.8575	142.0	710.0	1.0
60347	385	0	5	0.955	160.4	802.0	0.6666666666666666
60348	133	0	5	0.325	95.0	475.0	0.3333333333333333
60349	238	0	5	0.5875	198.0	990.0	0.3333333333333333
60350	324	0	5	0.8025	74.8	374.0	0.0
60351	221	0	5	0.545	142.6	713.0	0.0
60352	280	0	5	0.6925	259.6	1298.0	0.0
60353	383	0	5	0.95	146.8	734.0	0.6666666666666666
60354	74	0	5	0.1775	49.2	246.0	0.3333333333333333
60355	249	0	5	0.615	127.8	639.0	0.3333333333333333
60356	382	0	5	0.9475	119.6	598.0	0.6666666666666666
60357	58	0	5	0.1375	56.0	280.0	0.0
60358	227	0	5	0.56	225.0	1125.0	0.0
60359	106	0	5	0.2575	104.0	520.0	0.0
60360	265	0	5	0.655	225.2	1126.0	0.6666666666666666
60361	230	0	5	0.5675	119.0	595.0	0.3333333333333333
60362	88	0	5	0.2125	86.0	430.0	0.0
60363	138	0	5	0.3375	120.4	602.0	0.0
60364	289	0	5	0.715	170.6	853.0	0.6666666666666666
60365	254	0	5	0.6275	175.6	878.0	0.3333333333333333
60366	196	0	5	0.4825	106.4	532.0	0.3333333333333333
60367	213	0	5	0.525	135.4	677.0	0.0
60368	377	0	5	0.935	258.4	1292.0	0.6666666666666666
60369	81	0	5	0.195	70.6	353.0	0.3333333333333333
60370	331	1	4	0.825	269.4	1347.0	1.0
60371	24	0	5	0.0525	22.0	110.0	0.0
60372	16	0	5	0.0325	14.0	70.0	0.0
60373	116	0	5	0.2825	114.0	570.0	0.0
60374	50	0	5	0.1175	34.8	174.0	0.0
60375	144	0	5	0.3525	38.0	190.0	0.0
60376	101	0	5	0.245	62.6	313.0	0.0
60377	300	0	5	0.7425	74.0	370.0	0.6666666666666666
60378	274	0	5	0.6775	149.4	747.0	0.3333333333333333
60379	313	0	5	0.775	174.6	873.0	0.6666666666666666
60380	83	0	5	0.2	69.8	349.0	0.3333333333333333
60381	44	0	5	0.1025	32.4	162.0	0.0
60382	373	0	5	0.925	262.0	1310.0	0.3333333333333333
60383	130	0	5	0.3175	79.6	398.0	0.3333333333333333
60384	115	0	5	0.28	78.8	394.0	0.3333333333333333
60385	75	0	5	0.18	71.4	357.0	0.3333333333333333
60386	261	0	5	0.645	185.6	928.0	0.6666666666666666
60387	401	0	3	0.9975	253.0	1265.0	0.6666666666666666
60388	159	0	5	0.39	90.6	453.0	0.3333333333333333
60389	169	0	5	0.415	134.2	671.0	0.3333333333333333
60390	93	0	5	0.225	59.0	295.0	0.3333333333333333
60391	85	0	5	0.205	63.0	315.0	0.0
60392	225	0	5	0.555	163.0	815.0	0.6666666666666666
60393	230	0	5	0.5675	228.0	1140.0	0.3333333333333333
60394	270	0	5	0.6675	212.0	1060.0	0.3333333333333333
60395	398	0	5	0.9875	170.4	852.0	0.6666666666666666
60396	91	0	5	0.22	88.2	441.0	0.3333333333333333
60397	338	0	5	0.8375	306.8	1534.0	0.6666666666666666
60398	61	1	4	0.15	25.4	127.0	1.0
60399	333	0	5	0.825	184.4	922.0	0.6666666666666666
60400	184	0	5	0.4525	92.4	462.0	0.0
60401	177	0	5	0.435	76.2	381.0	0.6666666666666666
60402	219	0	5	0.54	166.6	833.0	0.0
60403	183	0	5	0.45	75.8	379.0	0.3333333333333333
60404	94	0	5	0.2275	60.8	304.0	0.6666666666666666
60405	344	0	5	0.8525	125.6	628.0	0.6666666666666666
60406	79	0	5	0.19	70.6	353.0	0.0
60407	166	0	5	0.4075	148.2	741.0	0.3333333333333333
60408	218	0	5	0.5375	115.8	579.0	0.6666666666666666
60409	284	0	5	0.7025	218.0	1090.0	0.6666666666666666
60410	239	0	5	0.59	174.6	873.0	0.3333333333333333
60411	398	0	5	0.9875	134.4	672.0	0.6666666666666666
60412	200	0	5	0.4925	138.4	692.0	0.3333333333333333
60413	212	0	5	0.5225	184.4	922.0	0.0
60414	271	0	5	0.67	124.6	623.0	0.6666666666666666
60415	189	0	5	0.465	45.4	227.0	0.6666666666666666
60416	65	0	5	0.155	59.4	297.0	0.0
60417	275	0	5	0.68	126.6	633.0	0.6666666666666666
60418	7	0	5	0.01	5.0	25.0	0.0
60419	345	0	5	0.855	161.2	806.0	0.6666666666666666
60420	332	0	5	0.8225	224.0	1120.0	0.6666666666666666
60421	371	1	4	0.925	133.4	667.0	1.0
60422	68	0	5	0.1625	30.0	150.0	0.0
60423	339	0	5	0.84	309.6	1548.0	0.6666666666666666
60424	329	0	5	0.815	125.2	626.0	0.6666666666666666
60425	27	0	5	0.06	25.0	125.0	0.0
60426	133	0	5	0.325	131.0	655.0	0.0
60427	359	1	4	0.895	183.4	917.0	1.0
60428	181	0	5	0.445	144.6	723.0	0.3333333333333333
60429	164	0	5	0.4025	44.2	221.0	0.3333333333333333
60430	298	0	5	0.7375	221.4	1107.0	0.6666666666666666
60431	364	1	4	0.9075	291.0	1455.0	1.0
60432	101	0	5	0.245	43.2	216.0	0.0
60433	342	0	5	0.8475	249.8	1249.0	0.6666666666666666
60434	144	0	5	0.3525	142.0	710.0	0.0
60435	158	0	5	0.3875	140.0	700.0	0.3333333333333333
60436	174	0	5	0.4275	142.2	711.0	0.6666666666666666
60437	325	0	5	0.805	153.6	768.0	0.6666666666666666
60438	307	0	5	0.76	99.4	497.0	0.6666666666666666
60439	280	0	5	0.6925	211.2	1056.0	0.6666666666666666
60440	106	0	5	0.2575	104.0	520.0	0.0
60441	152	0	5	0.3725	96.4	482.0	0.0
60442	13	0	5	0.025	11.0	55.0	0.0
60443	347	0	5	0.86	209.6	1048.0	0.6666666666666666
60444	247	0	5	0.61	125.4	627.0	0.3333333333333333
60445	355	0	5	0.88	152.0	760.0	0.6666666666666666
60446	10	0	5	0.0175	8.0	40.0	0.0
60447	31	0	5	0.07	18.6	93.0	0.3333333333333333
60448	88	0	5	0.2125	74.8	374.0	0.3333333333333333
60449	216	1	4	0.5375	175.4	877.0	1.0
60450	83	0	5	0.2	81.0	405.0	0.0
60451	323	0	5	0.8	139.2	696.0	0.6666666666666666
60452	65	0	5	0.155	30.0	150.0	0.3333333333333333
60453	95	0	5	0.23	71.2	356.0	0.3333333333333333
60454	143	0	5	0.35	122.4	612.0	0.3333333333333333
60455	110	0	5	0.2675	94.4	472.0	0.3333333333333333
60456	105	0	5	0.255	86.2	431.0	0.6666666666666666
60457	198	0	5	0.4875	159.8	799.0	0.3333333333333333
60458	281	0	5	0.695	149.4	747.0	0.6666666666666666
60459	9	0	5	0.015	7.0	35.0	0.0
60460	154	0	5	0.3775	129.4	647.0	0.6666666666666666
60461	168	0	5	0.4125	103.2	516.0	0.3333333333333333
60462	232	1	4	0.5775	92.0	460.0	1.0
60463	356	0	5	0.8825	185.8	929.0	0.6666666666666666
60464	351	0	5	0.87	258.8	1294.0	0.6666666666666666
60465	211	0	5	0.52	111.8	559.0	0.0
60466	159	0	5	0.39	101.8	509.0	0.3333333333333333
60467	338	0	5	0.8375	180.8	904.0	0.6666666666666666
60468	197	0	5	0.485	158.8	794.0	0.3333333333333333
60469	47	0	5	0.11	42.2	211.0	0.3333333333333333
60470	192	0	5	0.4725	115.0	575.0	0.3333333333333333
60471	173	1	4	0.43	87.4	437.0	1.0
60472	169	0	5	0.415	109.2	546.0	0.3333333333333333
60473	319	0	5	0.79	156.0	780.0	0.3333333333333333
60474	204	0	5	0.5025	155.2	776.0	0.3333333333333333
60475	167	0	5	0.41	74.0	370.0	0.6666666666666666
60476	57	0	5	0.135	55.0	275.0	0.0
60477	370	0	5	0.9175	176.8	884.0	0.6666666666666666
60478	145	0	5	0.355	129.8	649.0	0.3333333333333333
60479	291	0	5	0.72	81.2	406.0	0.6666666666666666
60480	252	0	5	0.6225	146.4	732.0	0.6666666666666666
60481	126	0	5	0.3075	82.8	414.0	0.3333333333333333
60482	310	1	4	0.7725	99.2	496.0	1.0
60483	353	0	5	0.875	252.2	1261.0	0.6666666666666666
60484	282	0	5	0.6975	192.0	960.0	0.6666666666666666
60485	312	0	5	0.7725	114.8	574.0	0.3333333333333333
60486	226	0	5	0.5575	111.2	556.0	0.6666666666666666
60487	145	1	4	0.36	97.0	485.0	1.0
60488	327	0	5	0.81	240.6	1203.0	0.3333333333333333
60489	331	0	5	0.82	175.0	875.0	0.3333333333333333
60490	156	0	5	0.3825	132.4	662.0	0.0
60491	398	1	4	0.9925	130.0	650.0	1.0
60492	283	0	5	0.7	157.0	785.0	0.3333333333333333
60493	181	0	5	0.445	81.4	407.0	0.3333333333333333
60494	61	0	5	0.145	54.6	273.0	0.3333333333333333
60495	260	0	5	0.6425	125.2	626.0	0.6666666666666666
60496	319	0	5	0.79	169.6	848.0	0.3333333333333333
60497	355	0	5	0.88	166.8	834.0	0.3333333333333333
60498	202	0	5	0.4975	173.4	867.0	0.3333333333333333
60499	138	0	5	0.3375	117.4	587.0	0.0
60500	37	0	5	0.085	35.0	175.0	0.0
60501	128	0	5	0.3125	110.8	554.0	0.3333333333333333
60502	196	0	5	0.4825	170.8	854.0	0.3333333333333333
60503	150	0	5	0.3675	147.2	736.0	0.3333333333333333
60504	288	0	5	0.7125	213.2	1066.0	0.6666666666666666
60505	51	0	5	0.12	49.0	245.0	0.0
60506	163	1	4	0.405	105.4	527.0	1.0
60507	58	0	5	0.1375	56.0	280.0	0.0
60508	183	0	5	0.45	75.4	377.0	0.0
60509	37	0	5	0.085	30.0	150.0	0.0
60510	144	0	5	0.3525	138.8	694.0	0.0
60511	255	0	5	0.63	139.4	697.0	0.6666666666666666
60512	202	0	5	0.4975	50.4	252.0	0.3333333333333333
60513	30	0	5	0.0675	25.0	125.0	0.0
60514	283	0	5	0.7	217.2	1086.0	0.3333333333333333
60515	259	0	5	0.64	108.2	541.0	0.3333333333333333
60516	42	0	5	0.0975	39.2	196.0	0.0
60517	260	0	5	0.6425	109.2	546.0	0.6666666666666666
60518	275	0	5	0.68	116.0	580.0	0.6666666666666666
60519	45	0	5	0.105	37.2	186.0	0.3333333333333333
60520	270	0	5	0.6675	265.0	1325.0	0.0
60521	201	0	5	0.495	146.6	733.0	0.3333333333333333
60522	284	0	5	0.7025	201.0	1005.0	0.3333333333333333
60523	113	0	5	0.275	45.4	227.0	0.3333333333333333
60524	183	0	5	0.45	181.0	905.0	0.0
60525	366	1	4	0.9125	167.2	836.0	1.0
60526	51	0	5	0.12	46.6	233.0	0.3333333333333333
60527	108	0	5	0.2625	41.6	208.0	0.3333333333333333
60528	166	0	5	0.4075	149.2	746.0	0.3333333333333333
60529	401	0	4	0.9975	211.8	1059.0	0.6666666666666666
60530	257	0	5	0.635	208.0	1040.0	0.3333333333333333
60531	57	0	5	0.135	29.4	147.0	0.3333333333333333
60532	179	0	5	0.44	163.6	818.0	0.3333333333333333
60533	313	0	5	0.775	188.6	943.0	0.6666666666666666
60534	389	0	5	0.965	236.4	1182.0	0.3333333333333333
60535	375	0	5	0.93	148.6	743.0	0.6666666666666666
60536	60	0	5	0.1425	58.0	290.0	0.0
60537	104	0	5	0.2525	102.0	510.0	0.0
60538	136	0	5	0.3325	30.8	154.0	0.3333333333333333
60539	125	0	5	0.305	123.0	615.0	0.0
60540	232	0	5	0.5725	148.8	744.0	0.3333333333333333
60541	275	1	4	0.685	62.2	311.0	1.0
60542	218	0	5	0.5375	204.0	1020.0	0.3333333333333333
60543	284	0	5	0.7025	182.4	912.0	0.6666666666666666
60544	227	0	5	0.56	164.6	823.0	0.3333333333333333
60545	99	0	5	0.24	77.4	387.0	0.3333333333333333
60546	120	0	5	0.2925	98.8	494.0	0.0
60547	216	1	4	0.5375	135.6	678.0	1.0
60548	231	0	5	0.57	153.8	769.0	0.6666666666666666
60549	141	0	5	0.345	57.6	288.0	0.3333333333333333
60550	76	0	5	0.1825	28.6	143.0	0.3333333333333333
60551	77	1	4	0.19	52.2	261.0	1.0
60552	148	0	5	0.3625	140.6	703.0	0.3333333333333333
60553	24	0	5	0.0525	22.0	110.0	0.0
60554	106	0	5	0.2575	80.0	400.0	0.0
60555	141	0	5	0.345	127.8	639.0	0.0
60556	108	0	5	0.2625	106.0	530.0	0.0
60557	112	0	5	0.2725	110.0	550.0	0.0
60558	120	0	5	0.2925	118.0	590.0	0.0
60559	164	0	5	0.4025	98.2	491.0	0.3333333333333333
60560	221	0	5	0.545	169.2	846.0	0.6666666666666666
60561	185	0	5	0.455	73.0	365.0	0.6666666666666666
60562	347	1	4	0.865	236.4	1182.0	1.0
60563	193	0	5	0.475	104.2	521.0	0.6666666666666666
60564	323	0	5	0.8	150.6	753.0	0.3333333333333333
60565	126	0	5	0.3075	59.6	298.0	0.3333333333333333
60566	304	0	5	0.7525	162.2	811.0	0.6666666666666666
60567	294	0	5	0.7275	292.0	1460.0	0.3333333333333333
60568	299	0	5	0.74	171.6	858.0	0.6666666666666666
60569	286	0	5	0.7075	133.2	666.0	0.3333333333333333
60570	87	0	5	0.21	71.0	355.0	0.3333333333333333
60571	258	0	5	0.6375	252.0	1260.0	0.3333333333333333
60572	301	0	5	0.745	229.4	1147.0	0.6666666666666666
60573	240	0	5	0.5925	169.0	845.0	0.0
60574	223	0	5	0.55	164.4	822.0	0.6666666666666666
60575	332	0	5	0.8225	231.4	1157.0	0.3333333333333333
60576	212	0	5	0.5225	196.0	980.0	0.3333333333333333
60577	242	0	5	0.5975	181.6	908.0	0.3333333333333333
60578	139	0	5	0.34	71.0	355.0	0.6666666666666666
60579	372	0	5	0.9225	149.2	746.0	0.3333333333333333
60580	333	0	5	0.825	271.8	1359.0	0.6666666666666666
60581	396	0	5	0.9825	236.8	1184.0	0.6666666666666666
60582	227	0	5	0.56	173.6	868.0	0.6666666666666666
60583	254	0	5	0.6275	59.2	296.0	0.6666666666666666
60584	67	0	5	0.16	14.6	73.0	0.3333333333333333
60585	392	0	5	0.9725	153.6	768.0	0.6666666666666666
60586	22	0	5	0.0475	14.4	72.0	0.0
60587	296	0	5	0.7325	97.2	486.0	0.3333333333333333
60588	68	0	5	0.1625	66.0	330.0	0.0
60589	105	0	5	0.255	70.6	353.0	0.0
60590	318	0	5	0.7875	251.2	1256.0	0.3333333333333333
60591	363	0	5	0.9	276.6	1383.0	0.6666666666666666
60592	323	1	3	0.805	194.0	970.0	1.0
60593	160	0	5	0.3925	149.6	748.0	0.3333333333333333
60594	272	0	5	0.6725	205.0	1025.0	0.6666666666666666
60595	364	0	5	0.9025	325.2	1626.0	0.6666666666666666
60596	218	0	5	0.5375	139.0	695.0	0.3333333333333333
60597	171	0	5	0.42	110.8	554.0	0.0
60598	228	0	5	0.5625	169.0	845.0	0.3333333333333333
60599	79	0	5	0.19	77.0	385.0	0.0
60600	378	0	5	0.9375	166.8	834.0	0.6666666666666666
60601	247	0	5	0.61	126.4	632.0	0.6666666666666666
60602	249	0	5	0.615	120.6	603.0	0.3333333333333333
60603	353	0	5	0.875	192.2	961.0	0.6666666666666666
60604	344	0	5	0.8525	182.0	910.0	0.6666666666666666
60605	323	0	5	0.8	75.8	379.0	0.3333333333333333
60606	150	0	5	0.3675	98.8	494.0	0.6666666666666666
60607	107	0	5	0.26	32.2	161.0	0.3333333333333333
60608	340	0	5	0.8425	216.2	1081.0	0.3333333333333333
60609	99	0	5	0.24	65.8	329.0	0.3333333333333333
60610	384	1	4	0.9575	81.6	408.0	1.0
60611	339	0	5	0.84	172.8	864.0	0.6666666666666666
60612	169	0	5	0.415	123.0	615.0	0.3333333333333333
60613	26	0	5	0.0575	24.0	120.0	0.0
60614	391	0	5	0.97	254.2	1271.0	0.6666666666666666
60615	160	0	5	0.3925	113.2	566.0	0.3333333333333333
60616	212	0	5	0.5225	144.6	723.0	0.3333333333333333
60617	223	0	5	0.55	215.0	1075.0	0.0
60618	399	1	4	0.995	187.8	939.0	1.0
60619	85	0	5	0.205	79.0	395.0	0.0
60620	353	0	5	0.875	144.6	723.0	0.6666666666666666
60621	81	0	5	0.195	78.2	391.0	0.0
60622	277	0	5	0.685	211.4	1057.0	0.3333333333333333
60623	264	1	4	0.6575	200.8	1004.0	1.0
60624	209	0	5	0.515	69.4	347.0	0.0
60625	189	0	5	0.465	145.4	727.0	0.0
60626	329	0	5	0.815	178.2	891.0	0.3333333333333333
60627	287	1	4	0.715	122.6	613.0	1.0
60628	36	0	5	0.0825	34.0	170.0	0.0
60629	158	0	5	0.3875	89.0	445.0	0.3333333333333333
60630	264	0	5	0.6525	132.6	663.0	0.6666666666666666
60631	188	0	5	0.4625	75.6	378.0	0.3333333333333333
60632	35	0	5	0.08	23.4	117.0	0.0
60633	278	0	5	0.6875	152.0	760.0	0.6666666666666666
60634	290	0	5	0.7175	185.8	929.0	0.6666666666666666
60635	357	0	5	0.885	176.4	882.0	0.6666666666666666
60636	204	0	5	0.5025	170.8	854.0	0.3333333333333333
60637	172	0	5	0.4225	138.4	692.0	0.3333333333333333
60638	307	0	5	0.76	183.4	917.0	0.3333333333333333
60639	276	0	5	0.6825	128.2	641.0	0.3333333333333333
60640	321	0	5	0.795	130.4	652.0	0.6666666666666666
60641	242	0	5	0.5975	178.8	894.0	0.0
60642	285	0	5	0.705	144.8	724.0	0.3333333333333333
60643	134	0	5	0.3275	122.4	612.0	0.3333333333333333
60644	401	0	4	0.9975	145.0	725.0	0.6666666666666666
60645	131	0	5	0.32	105.6	528.0	0.3333333333333333
60646	231	0	5	0.57	92.6	463.0	0.3333333333333333
60647	255	0	5	0.63	87.4	437.0	0.6666666666666666
60648	268	0	5	0.6625	128.0	640.0	0.3333333333333333
60649	82	0	5	0.1975	51.6	258.0	0.0
60650	314	1	3	0.7825	133.4	667.0	1.0
60651	252	0	5	0.6225	167.2	836.0	0.3333333333333333
60652	140	0	5	0.3425	91.0	455.0	0.6666666666666666
60653	399	0	5	0.99	200.6	1003.0	0.6666666666666666
60654	274	0	5	0.6775	158.0	790.0	0.6666666666666666
60655	233	0	5	0.575	112.6	563.0	0.3333333333333333
60656	83	0	5	0.2	81.0	405.0	0.0
60657	338	0	5	0.8375	251.8	1259.0	0.6666666666666666
60658	186	0	5	0.4575	145.2	726.0	0.0
60659	7	0	5	0.01	5.0	25.0	0.0
60660	223	0	5	0.55	71.6	358.0	0.6666666666666666
60661	332	1	4	0.8275	226.0	1130.0	1.0
60662	275	0	5	0.68	253.0	1265.0	0.6666666666666666
60663	352	0	5	0.8725	193.4	967.0	0.3333333333333333
60664	87	0	5	0.21	59.8	299.0	0.3333333333333333
60665	148	0	5	0.3625	146.0	730.0	0.0
60666	201	0	5	0.495	160.0	800.0	0.3333333333333333
60667	121	0	5	0.295	109.4	547.0	0.0
60668	392	0	5	0.9725	90.8	454.0	0.6666666666666666
60669	369	0	5	0.915	244.6	1223.0	0.3333333333333333
60670	246	0	5	0.6075	192.0	960.0	0.3333333333333333
60671	323	0	5	0.8	216.8	1084.0	0.6666666666666666
60672	369	0	5	0.915	225.6	1128.0	0.6666666666666666
60673	36	0	5	0.0825	34.0	170.0	0.0
60674	214	1	4	0.5325	184.0	920.0	1.0
60675	397	0	5	0.985	129.0	645.0	0.6666666666666666
60676	309	0	5	0.765	213.8	1069.0	0.3333333333333333
60677	22	0	5	0.0475	20.0	100.0	0.0
60678	197	0	5	0.485	95.0	475.0	0.3333333333333333
60679	288	0	5	0.7125	171.4	857.0	0.6666666666666666
60680	5	0	5	0.005	3.0	15.0	0.0
60681	299	0	5	0.74	130.2	651.0	0.6666666666666666
60682	335	0	5	0.83	195.4	977.0	0.3333333333333333
60683	256	0	5	0.6325	206.8	1034.0	0.3333333333333333
60684	301	0	5	0.745	251.0	1255.0	0.0
60685	208	0	5	0.5125	123.8	619.0	0.3333333333333333
60686	374	0	5	0.9275	230.2	1151.0	0.6666666666666666
60687	152	0	5	0.3725	150.0	750.0	0.3333333333333333
60688	149	0	5	0.365	80.4	402.0	0.3333333333333333
60689	313	0	5	0.775	259.6	1298.0	0.6666666666666666
60690	166	0	5	0.4075	145.6	728.0	0.6666666666666666
60691	127	0	5	0.31	72.6	363.0	0.3333333333333333
60692	292	0	5	0.7225	222.0	1110.0	0.3333333333333333
60693	116	0	5	0.2825	85.6	428.0	0.3333333333333333
60694	376	0	5	0.9325	327.2	1636.0	0.3333333333333333
60695	395	0	5	0.98	171.0	855.0	0.6666666666666666
60696	155	0	5	0.38	121.0	605.0	0.0
60697	294	0	5	0.7275	138.8	694.0	0.6666666666666666
60698	233	1	4	0.58	123.8	619.0	1.0
60699	235	0	5	0.58	124.4	622.0	0.6666666666666666
60700	303	0	5	0.75	154.4	772.0	0.6666666666666666
60701	142	0	5	0.3475	84.4	422.0	0.3333333333333333
60702	363	1	4	0.905	197.2	986.0	1.0
60703	102	0	5	0.2475	32.0	160.0	0.3333333333333333
60704	199	0	5	0.49	123.0	615.0	0.3333333333333333
60705	395	0	5	0.98	199.4	997.0	0.6666666666666666
60706	109	0	5	0.265	46.2	231.0	0.3333333333333333
60707	59	0	5	0.14	57.0	285.0	0.0
60708	254	0	5	0.6275	163.2	816.0	0.6666666666666666
60709	218	0	5	0.5375	91.2	456.0	0.3333333333333333
60710	212	0	5	0.5225	137.0	685.0	0.6666666666666666
60711	275	0	5	0.68	226.8	1134.0	0.3333333333333333
60712	184	0	5	0.4525	117.2	586.0	0.3333333333333333
60713	107	0	5	0.26	105.0	525.0	0.0
60714	235	0	5	0.58	214.0	1070.0	0.0
60715	303	0	5	0.75	210.6	1053.0	0.6666666666666666
60716	385	0	5	0.955	157.2	786.0	0.6666666666666666
60717	284	0	5	0.7025	181.0	905.0	0.3333333333333333
60718	232	0	5	0.5725	190.8	954.0	0.0
60719	205	0	5	0.505	159.2	796.0	0.3333333333333333
60720	287	1	4	0.715	59.8	299.0	1.0
60721	207	0	5	0.51	87.8	439.0	0.3333333333333333
60722	7	0	5	0.01	5.0	25.0	0.0
60723	258	0	5	0.6375	201.8	1009.0	0.6666666666666666
60724	77	0	5	0.185	66.4	332.0	0.0
60725	210	0	5	0.5175	172.2	861.0	0.0
60726	349	1	4	0.87	230.8	1154.0	1.0
60727	55	0	5	0.13	48.0	240.0	0.3333333333333333
60728	288	0	5	0.7125	241.0	1205.0	0.3333333333333333
60729	22	0	5	0.0475	20.0	100.0	0.0
60730	161	0	5	0.395	126.4	632.0	0.3333333333333333
60731	62	0	5	0.1475	56.8	284.0	0.3333333333333333
60732	357	0	5	0.885	165.8	829.0	0.6666666666666666
60733	257	1	4	0.64	200.8	1004.0	1.0
60734	247	0	5	0.61	177.6	888.0	0.6666666666666666
60735	206	0	5	0.5075	101.6	508.0	0.6666666666666666
60736	251	0	5	0.62	173.8	869.0	0.3333333333333333
60737	247	0	5	0.61	154.2	771.0	0.3333333333333333
60738	98	0	5	0.2375	67.2	336.0	0.3333333333333333
60739	216	0	5	0.5325	137.2	686.0	0.6666666666666666
60740	74	0	5	0.1775	63.2	316.0	0.0
60741	115	0	5	0.28	93.8	469.0	0.3333333333333333
60742	95	0	5	0.23	69.4	347.0	0.3333333333333333
60743	131	0	5	0.32	108.2	541.0	0.3333333333333333
60744	23	0	5	0.05	21.0	105.0	0.0
60745	264	0	5	0.6525	163.0	815.0	0.0
60746	7	0	5	0.01	5.0	25.0	0.0
60747	116	0	5	0.2825	98.0	490.0	0.3333333333333333
60748	142	0	5	0.3475	120.0	600.0	0.0
60749	377	0	5	0.935	284.8	1424.0	0.6666666666666666
60750	57	0	5	0.135	26.2	131.0	0.0
60751	384	0	5	0.9525	213.6	1068.0	0.6666666666666666
60752	396	0	5	0.9825	208.2	1041.0	0.6666666666666666
60753	136	0	5	0.3325	111.2	556.0	0.3333333333333333
60754	279	0	5	0.69	118.6	593.0	0.3333333333333333
60755	389	0	5	0.965	192.4	962.0	0.6666666666666666
60756	68	0	5	0.1625	66.0	330.0	0.0
60757	141	0	5	0.345	81.4	407.0	0.6666666666666666
60758	214	1	4	0.5325	130.8	654.0	1.0
60759	239	1	3	0.595	148.6	743.0	1.0
60760	50	0	5	0.1175	48.0	240.0	0.0
60761	102	0	5	0.2475	95.0	475.0	0.6666666666666666
60762	163	0	5	0.4	63.4	317.0	0.6666666666666666
60763	322	0	5	0.7975	185.4	927.0	0.3333333333333333
60764	268	0	5	0.6625	180.4	902.0	0.3333333333333333
60765	266	0	5	0.6575	151.4	757.0	0.3333333333333333
60766	70	0	5	0.1675	68.0	340.0	0.0
60767	229	0	5	0.565	148.6	743.0	0.3333333333333333
60768	259	0	5	0.64	178.0	890.0	0.3333333333333333
60769	193	0	5	0.475	133.6	668.0	0.3333333333333333
60770	261	0	5	0.645	199.8	999.0	0.3333333333333333
60771	301	0	5	0.745	258.6	1293.0	0.0
60772	104	0	5	0.2525	94.2	471.0	0.0
60773	227	0	5	0.56	149.4	747.0	0.3333333333333333
60774	189	1	4	0.47	76.0	380.0	1.0
60775	149	0	5	0.365	95.8	479.0	0.3333333333333333
60776	65	0	5	0.155	63.0	315.0	0.0
60777	57	0	5	0.135	55.0	275.0	0.0
60778	280	0	5	0.6925	182.0	910.0	0.0
60779	10	0	5	0.0175	8.0	40.0	0.0
60780	144	0	5	0.3525	104.8	524.0	0.0
60781	149	0	5	0.365	121.4	607.0	0.3333333333333333
60782	39	0	5	0.09	33.0	165.0	0.3333333333333333
60783	115	0	5	0.28	33.8	169.0	0.3333333333333333
60784	311	0	5	0.77	267.2	1336.0	0.3333333333333333
60785	200	0	5	0.4925	174.8	874.0	0.3333333333333333
60786	318	1	4	0.7925	192.2	961.0	1.0
60787	62	0	5	0.1475	53.6	268.0	0.3333333333333333
60788	10	0	5	0.0175	8.0	40.0	0.0
60789	306	0	5	0.7575	204.4	1022.0	0.6666666666666666
60790	13	0	5	0.025	11.0	55.0	0.0
60791	268	1	4	0.6675	122.4	612.0	1.0
60792	127	0	5	0.31	93.8	469.0	0.6666666666666666
60793	58	0	5	0.1375	33.2	166.0	0.0
60794	188	0	5	0.4625	50.8	254.0	0.3333333333333333
60795	217	0	5	0.535	138.6	693.0	0.3333333333333333
60796	95	0	5	0.23	93.0	465.0	0.0
60797	110	0	5	0.2675	100.4	502.0	0.3333333333333333
60798	65	0	5	0.155	56.0	280.0	0.3333333333333333
60799	329	1	4	0.82	71.4	357.0	1.0
60800	288	0	5	0.7125	220.8	1104.0	0.3333333333333333
60801	268	1	4	0.6675	264.8	1324.0	1.0
60802	275	0	5	0.68	266.6	1333.0	0.3333333333333333
60803	125	0	5	0.305	95.4	477.0	0.6666666666666666
60804	214	0	5	0.5275	140.0	700.0	0.0
60805	307	0	5	0.76	108.0	540.0	0.6666666666666666
60806	211	0	5	0.52	209.0	1045.0	0.0
60807	21	0	5	0.045	19.0	95.0	0.0
60808	72	0	5	0.1725	70.0	350.0	0.0
60809	377	1	4	0.94	128.6	643.0	1.0
60810	178	0	5	0.4375	64.0	320.0	0.3333333333333333
60811	324	1	4	0.8075	215.2	1076.0	1.0
60812	82	0	5	0.1975	55.0	275.0	0.0
60813	88	0	5	0.2125	59.6	298.0	0.3333333333333333
60814	107	0	5	0.26	57.4	287.0	0.3333333333333333
60815	354	0	5	0.8775	317.4	1587.0	0.3333333333333333
60816	72	0	5	0.1725	17.2	86.0	0.3333333333333333
60817	388	0	5	0.9625	214.8	1074.0	0.6666666666666666
60818	99	0	5	0.24	97.0	485.0	0.0
60819	158	0	5	0.3875	91.2	456.0	0.3333333333333333
60820	85	0	5	0.205	39.8	199.0	0.3333333333333333
60821	91	0	5	0.22	62.6	313.0	0.3333333333333333
60822	8	0	5	0.0125	6.0	30.0	0.0
60823	227	0	5	0.56	88.0	440.0	0.3333333333333333
60824	252	0	5	0.6225	102.4	512.0	0.3333333333333333
60825	256	0	5	0.6325	193.6	968.0	0.6666666666666666
60826	186	0	5	0.4575	159.4	797.0	0.3333333333333333
60827	297	0	5	0.735	194.2	971.0	0.3333333333333333
60828	295	0	5	0.73	141.2	706.0	0.6666666666666666
60829	240	0	5	0.5925	144.4	722.0	0.3333333333333333
60830	324	1	4	0.8075	189.2	946.0	1.0
60831	246	0	5	0.6075	184.4	922.0	0.6666666666666666
60832	223	0	5	0.55	107.6	538.0	0.3333333333333333
60833	27	0	5	0.06	20.2	101.0	0.3333333333333333
60834	114	0	5	0.2775	112.0	560.0	0.0
60835	154	0	5	0.3775	66.2	331.0	0.6666666666666666
60836	304	0	5	0.7525	158.6	793.0	0.3333333333333333
60837	248	0	5	0.6125	100.8	504.0	0.6666666666666666
60838	24	0	5	0.0525	9.2	46.0	0.3333333333333333
60839	28	0	5	0.0625	26.0	130.0	0.0
60840	334	0	5	0.8275	111.2	556.0	0.6666666666666666
60841	258	0	5	0.6375	118.6	593.0	0.6666666666666666
60842	401	0	4	0.9975	308.6	1543.0	0.6666666666666666
60843	384	1	4	0.9575	132.2	661.0	1.0
60844	347	0	5	0.86	149.8	749.0	0.6666666666666666
60845	129	0	5	0.315	110.8	554.0	0.3333333333333333
60846	172	0	5	0.4225	144.4	722.0	0.3333333333333333
60847	181	0	5	0.445	88.6	443.0	0.3333333333333333
60848	379	0	5	0.94	86.6	433.0	0.6666666666666666
60849	132	0	5	0.3225	102.0	510.0	0.6666666666666666
60850	228	0	5	0.5625	111.8	559.0	0.0
60851	347	0	5	0.86	145.8	729.0	0.3333333333333333
60852	308	0	5	0.7625	143.4	717.0	0.6666666666666666
60853	29	0	5	0.065	23.0	115.0	0.3333333333333333
60854	61	0	5	0.145	59.0	295.0	0.0
60855	276	1	4	0.6875	195.4	977.0	1.0
60856	236	0	5	0.5825	167.2	836.0	0.6666666666666666
60857	400	0	5	0.9925	158.2	791.0	0.6666666666666666
60858	185	0	5	0.455	127.4	637.0	0.3333333333333333
60859	252	0	5	0.6225	235.4	1177.0	0.3333333333333333
60860	284	1	4	0.7075	62.8	314.0	1.0
60861	150	0	5	0.3675	126.6	633.0	0.3333333333333333
60862	217	1	3	0.54	98.2	491.0	1.0
60863	202	0	5	0.4975	92.8	464.0	0.6666666666666666
60864	210	0	5	0.5175	64.0	320.0	0.0
60865	180	0	5	0.4425	88.0	440.0	0.3333333333333333
60866	371	0	5	0.92	237.4	1187.0	0.6666666666666666
60867	95	0	5	0.23	93.0	465.0	0.0
60868	54	0	5	0.1275	52.0	260.0	0.0
60869	75	0	5	0.18	73.0	365.0	0.0
60870	131	0	5	0.32	61.2	306.0	0.0
60871	171	0	5	0.42	149.0	745.0	0.3333333333333333
60872	126	0	5	0.3075	42.4	212.0	0.3333333333333333
60873	105	0	5	0.255	91.2	456.0	0.3333333333333333
60874	341	1	4	0.85	176.2	881.0	1.0
60875	338	0	5	0.8375	316.2	1581.0	0.3333333333333333
60876	397	0	5	0.985	167.4	837.0	0.6666666666666666
60877	331	0	5	0.82	223.4	1117.0	0.3333333333333333
60878	217	0	5	0.535	181.6	908.0	0.3333333333333333
60879	107	0	5	0.26	103.4	517.0	0.3333333333333333
60880	189	0	5	0.465	173.0	865.0	0.3333333333333333
60881	151	0	5	0.37	142.6	713.0	0.3333333333333333
60882	75	0	5	0.18	73.0	365.0	0.0
60883	390	1	4	0.9725	97.2	486.0	1.0
60884	16	0	5	0.0325	14.0	70.0	0.0
60885	46	0	5	0.1075	44.0	220.0	0.0
60886	132	0	5	0.3225	51.2	256.0	0.6666666666666666
60887	151	0	5	0.37	96.2	481.0	0.3333333333333333
60888	218	0	5	0.5375	156.8	784.0	0.3333333333333333
60889	344	0	5	0.8525	224.4	1122.0	0.6666666666666666
60890	365	0	5	0.905	316.2	1581.0	0.6666666666666666
60891	273	0	5	0.675	176.8	884.0	0.3333333333333333
60892	264	0	5	0.6525	170.8	854.0	0.6666666666666666
60893	207	0	5	0.51	158.6	793.0	0.3333333333333333
60894	272	0	5	0.6725	158.4	792.0	0.3333333333333333
60895	43	0	5	0.1	41.0	205.0	0.0
60896	200	0	5	0.4925	198.0	990.0	0.0
60897	350	0	5	0.8675	198.8	994.0	0.6666666666666666
60898	292	0	5	0.7225	87.6	438.0	0.6666666666666666
60899	292	0	5	0.7225	112.4	562.0	0.6666666666666666
60900	292	1	4	0.7275	163.6	818.0	1.0
60901	365	0	5	0.905	297.4	1487.0	0.6666666666666666
60902	78	0	5	0.1875	56.8	284.0	0.0
60903	40	0	5	0.0925	31.6	158.0	0.3333333333333333
60904	51	0	5	0.12	28.6	143.0	0.0
60905	396	0	5	0.9825	284.4	1422.0	0.6666666666666666
60906	302	0	5	0.7475	271.4	1357.0	0.6666666666666666
60907	265	0	5	0.655	238.4	1192.0	0.6666666666666666
60908	261	0	5	0.645	154.2	771.0	0.6666666666666666
60909	173	0	5	0.425	139.0	695.0	0.3333333333333333
60910	6	0	5	0.0075	4.0	20.0	0.0
60911	316	1	4	0.7875	114.4	572.0	1.0
60912	297	0	5	0.735	207.0	1035.0	0.3333333333333333
60913	324	0	5	0.8025	187.2	936.0	0.3333333333333333
60914	150	0	5	0.3675	46.4	232.0	0.0
60915	59	0	5	0.14	36.6	183.0	0.3333333333333333
60916	392	1	4	0.9775	235.6	1178.0	1.0
60917	269	0	5	0.665	237.6	1188.0	0.3333333333333333
60918	265	0	5	0.655	63.8	319.0	0.6666666666666666
60919	146	0	5	0.3575	99.2	496.0	0.0
60920	47	0	5	0.11	45.0	225.0	0.0
60921	83	0	5	0.2	74.8	374.0	0.0
60922	37	0	5	0.085	35.0	175.0	0.0
60923	369	0	5	0.915	151.4	757.0	0.6666666666666666
60924	395	0	5	0.98	190.2	951.0	0.6666666666666666
60925	267	0	5	0.66	155.0	775.0	0.6666666666666666
60926	239	0	5	0.59	171.4	857.0	0.3333333333333333
60927	136	0	5	0.3325	127.0	635.0	0.3333333333333333
60928	58	0	5	0.1375	56.0	280.0	0.0
60929	161	0	5	0.395	148.8	744.0	0.0
60930	3	0	5	0.0025	0.2	1.0	0.0
60931	65	0	5	0.155	59.8	299.0	0.0
60932	352	0	5	0.8725	239.6	1198.0	0.6666666666666666
60933	42	0	5	0.0975	40.0	200.0	0.0
60934	325	0	5	0.805	323.0	1615.0	0.0
60935	13	0	5	0.025	7.8	39.0	0.0
60936	301	0	5	0.745	146.2	731.0	0.3333333333333333
60937	185	0	5	0.455	49.4	247.0	0.3333333333333333
60938	384	0	5	0.9525	125.2	626.0	0.6666666666666666
60939	40	0	5	0.0925	38.0	190.0	0.0
60940	205	0	5	0.505	146.2	731.0	0.3333333333333333
60941	133	0	5	0.325	82.2	411.0	0.3333333333333333
60942	288	1	4	0.7175	96.8	484.0	1.0
60943	178	0	5	0.4375	115.8	579.0	0.3333333333333333
60944	139	0	5	0.34	137.0	685.0	0.0
60945	50	0	5	0.1175	48.0	240.0	0.0
60946	201	1	4	0.5	85.8	429.0	1.0
60947	2	0	5	0.0	0.0	0.0	0.0
60948	255	0	5	0.63	87.4	437.0	0.6666666666666666
60949	327	0	5	0.81	175.8	879.0	0.6666666666666666
60950	186	1	3	0.4625	83.4	417.0	1.0
60951	191	0	5	0.47	175.8	879.0	0.3333333333333333
60952	259	0	5	0.64	170.6	853.0	0.6666666666666666
60953	122	0	5	0.2975	61.6	308.0	0.3333333333333333
60954	62	0	5	0.1475	44.4	222.0	0.0
60955	195	0	5	0.48	168.0	840.0	0.0
60956	144	0	5	0.3525	142.0	710.0	0.0
60957	337	1	4	0.84	131.2	656.0	1.0
60958	366	0	5	0.9075	223.0	1115.0	0.6666666666666666
60959	281	0	5	0.695	191.2	956.0	0.3333333333333333
60960	216	0	5	0.5325	111.6	558.0	0.3333333333333333
60961	180	0	5	0.4425	116.8	584.0	0.3333333333333333
60962	212	1	4	0.5275	53.6	268.0	1.0
60963	209	0	5	0.515	189.4	947.0	0.6666666666666666
60964	81	0	5	0.195	47.2	236.0	0.0
60965	183	0	5	0.45	104.8	524.0	0.0
60966	299	0	5	0.74	240.2	1201.0	0.3333333333333333
60967	157	0	5	0.385	42.6	213.0	0.3333333333333333
60968	89	0	5	0.215	67.2	336.0	0.6666666666666666
60969	323	1	4	0.805	179.0	895.0	1.0
60970	248	0	5	0.6125	100.2	501.0	0.3333333333333333
60971	52	0	5	0.1225	50.0	250.0	0.0
60972	171	0	5	0.42	64.2	321.0	0.3333333333333333
60973	179	0	5	0.44	150.0	750.0	0.3333333333333333
60974	343	0	5	0.85	140.2	701.0	0.6666666666666666
60975	7	0	5	0.01	5.0	25.0	0.0
60976	208	0	5	0.5125	155.6	778.0	0.0
60977	328	0	5	0.8125	244.4	1222.0	0.6666666666666666
60978	50	0	5	0.1175	48.0	240.0	0.0
60979	83	0	5	0.2	47.8	239.0	0.3333333333333333
60980	352	0	5	0.8725	234.8	1174.0	0.6666666666666666
60981	187	0	5	0.46	80.6	403.0	0.3333333333333333
60982	225	0	5	0.555	223.0	1115.0	0.3333333333333333
60983	180	0	5	0.4425	160.4	802.0	0.3333333333333333
60984	308	0	5	0.7625	179.4	897.0	0.3333333333333333
60985	74	0	5	0.1775	60.6	303.0	0.0
60986	349	0	5	0.865	198.4	992.0	0.6666666666666666
60987	181	0	5	0.445	84.6	423.0	0.6666666666666666
60988	262	0	5	0.6475	145.2	726.0	0.3333333333333333
60989	381	0	5	0.945	220.8	1104.0	0.6666666666666666
60990	186	0	5	0.4575	101.8	509.0	0.6666666666666666
60991	148	0	5	0.3625	68.4	342.0	0.6666666666666666
60992	71	0	5	0.17	67.6	338.0	0.3333333333333333
60993	254	0	5	0.6275	243.2	1216.0	0.3333333333333333
60994	72	0	5	0.1725	70.0	350.0	0.0
60995	136	0	5	0.3325	129.2	646.0	0.0
60996	254	0	5	0.6275	123.2	616.0	0.6666666666666666
60997	52	0	5	0.1225	50.0	250.0	0.0
60998	94	0	5	0.2275	92.0	460.0	0.3333333333333333
60999	288	0	5	0.7125	227.8	1139.0	0.3333333333333333
61000	105	0	5	0.255	72.4	362.0	0.0
61001	254	0	5	0.6275	226.4	1132.0	0.3333333333333333
61002	340	0	5	0.8425	224.0	1120.0	0.6666666666666666
61003	239	0	5	0.59	69.8	349.0	0.3333333333333333
61004	200	0	5	0.4925	163.6	818.0	0.6666666666666666
61005	145	0	5	0.355	107.4	537.0	0.3333333333333333
61006	139	0	5	0.34	92.2	461.0	0.0
61007	48	0	5	0.1125	46.0	230.0	0.0
61008	286	0	5	0.7075	177.0	885.0	0.6666666666666666
61009	317	0	5	0.785	170.4	852.0	0.3333333333333333
61010	309	1	4	0.77	219.4	1097.0	1.0
61011	277	1	4	0.69	140.6	703.0	1.0
61012	369	0	5	0.915	155.6	778.0	0.6666666666666666
61013	239	1	4	0.595	181.0	905.0	1.0
61014	109	0	5	0.265	87.8	439.0	0.3333333333333333
61015	262	0	5	0.6475	159.2	796.0	0.3333333333333333
61016	24	0	5	0.0525	22.0	110.0	0.0
61017	332	0	5	0.8225	165.6	828.0	0.3333333333333333
61018	260	0	5	0.6425	170.4	852.0	0.3333333333333333
61019	266	0	5	0.6575	191.4	957.0	0.6666666666666666
61020	315	0	5	0.78	236.2	1181.0	0.3333333333333333
61021	198	0	5	0.4875	98.4	492.0	0.3333333333333333
61022	232	0	5	0.5725	132.4	662.0	0.3333333333333333
61023	222	0	5	0.5475	105.4	527.0	0.3333333333333333
61024	201	0	5	0.495	79.0	395.0	0.6666666666666666
61025	88	0	5	0.2125	65.2	326.0	0.3333333333333333
61026	380	0	5	0.9425	153.0	765.0	0.6666666666666666
61027	43	0	5	0.1	41.0	205.0	0.0
61028	270	1	3	0.6725	223.8	1119.0	1.0
61029	151	0	5	0.37	62.6	313.0	0.3333333333333333
61030	62	0	5	0.1475	53.2	266.0	0.3333333333333333
61031	210	0	5	0.5175	191.2	956.0	0.3333333333333333
61032	226	0	5	0.5575	163.2	816.0	0.3333333333333333
61033	21	0	5	0.045	16.0	80.0	0.0
61034	238	0	5	0.5875	133.4	667.0	0.3333333333333333
61035	35	0	5	0.08	33.0	165.0	0.0
61036	388	0	5	0.9625	207.8	1039.0	0.6666666666666666
61037	30	0	5	0.0675	28.0	140.0	0.0
61038	140	0	5	0.3425	114.6	573.0	0.3333333333333333
61039	141	1	4	0.35	52.2	261.0	1.0
61040	231	0	5	0.57	160.2	801.0	0.6666666666666666
61041	32	0	5	0.0725	29.2	146.0	0.3333333333333333
61042	245	0	5	0.605	144.0	720.0	0.6666666666666666
61043	323	0	5	0.8	192.6	963.0	0.6666666666666666
61044	370	0	5	0.9175	181.2	906.0	0.6666666666666666
61045	72	0	5	0.1725	62.4	312.0	0.0
61046	307	1	4	0.765	139.4	697.0	1.0
61047	32	0	5	0.0725	20.4	102.0	0.3333333333333333
61048	182	0	5	0.4475	100.0	500.0	0.3333333333333333
61049	14	0	5	0.0275	12.0	60.0	0.0
61050	94	0	5	0.2275	81.8	409.0	0.3333333333333333
61051	123	0	5	0.3	121.0	605.0	0.0
61052	136	0	5	0.3325	52.0	260.0	0.3333333333333333
61053	280	0	5	0.6925	170.0	850.0	0.6666666666666666
61054	222	1	4	0.5525	154.0	770.0	1.0
61055	352	0	5	0.8725	105.6	528.0	0.3333333333333333
61056	108	0	5	0.2625	98.6	493.0	0.0
61057	355	0	5	0.88	238.4	1192.0	0.6666666666666666
61058	364	0	5	0.9025	337.6	1688.0	0.3333333333333333
61059	187	0	5	0.46	154.4	772.0	0.0
61060	284	0	5	0.7025	129.0	645.0	0.3333333333333333
61061	42	0	5	0.0975	26.8	134.0	0.3333333333333333
61062	155	0	5	0.38	67.6	338.0	0.6666666666666666
61063	310	0	5	0.7675	219.4	1097.0	0.6666666666666666
61064	331	0	5	0.82	125.4	627.0	0.6666666666666666
61065	304	0	5	0.7525	86.0	430.0	0.6666666666666666
61066	244	1	4	0.6075	63.2	316.0	1.0
61067	166	0	5	0.4075	164.0	820.0	0.0
61068	215	0	5	0.53	130.2	651.0	0.3333333333333333
61069	168	0	5	0.4125	143.2	716.0	0.0
61070	232	0	5	0.5725	126.0	630.0	0.3333333333333333
61071	110	0	5	0.2675	108.0	540.0	0.3333333333333333
61072	151	0	5	0.37	125.4	627.0	0.0
61073	223	0	5	0.55	119.4	597.0	0.3333333333333333
61074	273	0	5	0.675	137.4	687.0	0.6666666666666666
61075	395	0	5	0.98	363.8	1819.0	0.6666666666666666
61076	13	0	5	0.025	11.0	55.0	0.0
61077	194	0	5	0.4775	134.8	674.0	0.3333333333333333
61078	136	0	5	0.3325	89.2	446.0	0.3333333333333333
61079	253	0	5	0.625	157.8	789.0	0.3333333333333333
61080	129	1	4	0.32	50.8	254.0	1.0
61081	271	1	4	0.675	206.0	1030.0	1.0
61082	358	0	5	0.8875	207.8	1039.0	0.6666666666666666
61083	172	0	5	0.4225	85.4	427.0	0.3333333333333333
61084	396	0	5	0.9825	149.6	748.0	0.6666666666666666
61085	310	0	5	0.7675	189.4	947.0	0.6666666666666666
61086	245	0	5	0.605	124.2	621.0	0.6666666666666666
61087	120	0	5	0.2925	99.2	496.0	0.0
61088	197	0	5	0.485	195.0	975.0	0.0
61089	151	0	5	0.37	149.0	745.0	0.0
61090	328	0	5	0.8125	239.6	1198.0	0.3333333333333333
61091	110	0	5	0.2675	34.4	172.0	0.3333333333333333
61092	48	0	5	0.1125	18.2	91.0	0.3333333333333333
61093	33	0	5	0.075	13.6	68.0	0.3333333333333333
61094	70	0	5	0.1675	68.0	340.0	0.0
61095	350	1	4	0.8725	78.8	394.0	1.0
61096	150	0	5	0.3675	43.2	216.0	0.3333333333333333
61097	160	0	5	0.3925	97.2	486.0	0.3333333333333333
61098	388	0	5	0.9625	253.6	1268.0	0.3333333333333333
61099	367	1	4	0.915	248.8	1244.0	1.0
61100	72	0	5	0.1725	70.0	350.0	0.0
61101	293	0	5	0.725	167.2	836.0	0.3333333333333333
61102	308	0	5	0.7625	158.2	791.0	0.6666666666666666
61103	218	0	5	0.5375	140.8	704.0	0.3333333333333333
61104	86	0	5	0.2075	25.6	128.0	0.6666666666666666
61105	373	0	5	0.925	145.4	727.0	0.3333333333333333
61106	382	0	5	0.9475	182.4	912.0	0.6666666666666666
61107	205	0	5	0.505	128.6	643.0	0.3333333333333333
61108	249	1	4	0.62	146.8	734.0	1.0
61109	256	0	5	0.6325	204.2	1021.0	0.3333333333333333
61110	399	1	4	0.995	251.8	1259.0	1.0
61111	137	0	5	0.335	81.4	407.0	0.3333333333333333
61112	66	0	5	0.1575	53.8	269.0	0.6666666666666666
61113	257	0	5	0.635	70.0	350.0	0.3333333333333333
61114	234	0	5	0.5775	154.4	772.0	0.3333333333333333
61115	130	0	5	0.3175	98.2	491.0	0.6666666666666666
61116	188	0	5	0.4625	148.8	744.0	0.3333333333333333
61117	96	0	5	0.2325	87.6	438.0	0.0
61118	270	0	5	0.6675	56.8	284.0	0.6666666666666666
61119	123	0	5	0.3	27.4	137.0	0.3333333333333333
61120	321	0	5	0.795	230.0	1150.0	0.3333333333333333
61121	344	0	5	0.8525	158.0	790.0	0.6666666666666666
61122	112	0	5	0.2725	110.0	550.0	0.0
61123	158	0	5	0.3875	135.6	678.0	0.0
61124	118	0	5	0.2875	71.0	355.0	0.3333333333333333
61125	47	0	5	0.11	45.0	225.0	0.0
61126	196	0	5	0.4825	149.0	745.0	0.0
61127	82	0	5	0.1975	80.0	400.0	0.0
61128	174	0	5	0.4275	146.8	734.0	0.0
61129	371	0	5	0.92	159.8	799.0	0.3333333333333333
61130	191	0	5	0.47	89.8	449.0	0.3333333333333333
61131	217	0	5	0.535	100.6	503.0	0.3333333333333333
61132	259	0	5	0.64	186.6	933.0	0.6666666666666666
61133	285	0	5	0.705	77.6	388.0	0.6666666666666666
61134	335	0	5	0.83	244.0	1220.0	0.6666666666666666
61135	374	0	5	0.9275	235.0	1175.0	0.6666666666666666
61136	19	0	5	0.04	17.0	85.0	0.0
61137	302	0	5	0.7475	139.6	698.0	0.3333333333333333
61138	38	0	5	0.0875	36.0	180.0	0.0
61139	287	0	5	0.71	245.4	1227.0	0.0
61140	375	0	5	0.93	162.4	812.0	0.6666666666666666
61141	252	0	5	0.6225	69.8	349.0	0.6666666666666666
61142	241	1	4	0.6	90.2	451.0	1.0
61143	303	0	5	0.75	102.6	513.0	0.6666666666666666
61144	401	0	5	0.995	222.6	1113.0	0.6666666666666666
61145	117	0	5	0.285	115.0	575.0	0.0
61146	369	0	5	0.915	210.0	1050.0	0.6666666666666666
61147	360	0	5	0.8925	215.4	1077.0	0.6666666666666666
61148	336	1	4	0.8375	205.4	1027.0	1.0
61149	242	0	5	0.5975	209.0	1045.0	0.3333333333333333
61150	97	0	5	0.235	95.0	475.0	0.0
61151	100	0	5	0.2425	98.0	490.0	0.0
61152	362	0	5	0.8975	209.6	1048.0	0.6666666666666666
61153	376	0	5	0.9325	228.8	1144.0	0.6666666666666666
61154	46	0	5	0.1075	35.8	179.0	0.0
61155	234	0	5	0.5775	199.8	999.0	0.3333333333333333
61156	25	0	5	0.055	12.8	64.0	0.0
61157	343	1	4	0.855	155.8	779.0	1.0
61158	137	1	4	0.34	48.8	244.0	1.0
61159	295	1	4	0.735	189.8	949.0	1.0
61160	95	0	5	0.23	69.4	347.0	0.0
61161	397	0	5	0.985	226.4	1132.0	0.6666666666666666
61162	260	0	5	0.6425	237.2	1186.0	0.0
61163	328	1	4	0.8175	199.8	999.0	1.0
61164	88	0	5	0.2125	39.2	196.0	0.0
61165	354	0	5	0.8775	166.6	833.0	0.6666666666666666
61166	236	0	5	0.5825	102.2	511.0	0.3333333333333333
61167	398	0	5	0.9875	279.6	1398.0	0.6666666666666666
61168	306	0	5	0.7575	162.2	811.0	0.6666666666666666
61169	138	1	4	0.3425	128.2	641.0	1.0
61170	365	0	5	0.905	144.0	720.0	0.3333333333333333
61171	382	0	5	0.9475	188.2	941.0	0.6666666666666666
61172	62	0	5	0.1475	60.0	300.0	0.0
61173	389	1	4	0.97	286.2	1431.0	1.0
61174	155	0	5	0.38	148.6	743.0	0.3333333333333333
61175	241	0	5	0.595	193.8	969.0	0.3333333333333333
61176	369	1	4	0.92	256.2	1281.0	1.0
61177	113	0	5	0.275	71.4	357.0	0.0
61178	113	0	5	0.275	93.8	469.0	0.3333333333333333
61179	395	0	5	0.98	199.0	995.0	0.6666666666666666
61180	227	0	5	0.56	163.2	816.0	0.0
61181	301	0	5	0.745	162.2	811.0	0.3333333333333333
61182	278	0	5	0.6875	143.6	718.0	0.3333333333333333
61183	175	0	5	0.43	35.4	177.0	0.3333333333333333
61184	128	0	5	0.3125	72.0	360.0	0.3333333333333333
61185	109	0	5	0.265	107.0	535.0	0.3333333333333333
61186	281	0	5	0.695	124.2	621.0	0.3333333333333333
61187	278	0	5	0.6875	229.2	1146.0	0.0
61188	10	0	5	0.0175	8.0	40.0	0.0
61189	258	0	5	0.6375	110.2	551.0	0.0
61190	312	0	5	0.7725	252.4	1262.0	0.3333333333333333
61191	384	1	4	0.9575	172.4	862.0	1.0
61192	265	0	5	0.655	179.4	897.0	0.3333333333333333
61193	67	0	5	0.16	65.0	325.0	0.0
61194	72	0	5	0.1725	37.0	185.0	0.3333333333333333
61195	18	0	5	0.0375	16.0	80.0	0.0
61196	85	0	5	0.205	69.8	349.0	0.0
61197	252	0	5	0.6225	131.6	658.0	0.3333333333333333
61198	296	0	5	0.7325	237.2	1186.0	0.6666666666666666
61199	271	0	5	0.67	229.0	1145.0	0.3333333333333333
61200	274	0	5	0.6775	201.8	1009.0	0.6666666666666666
61201	321	0	5	0.795	293.2	1466.0	0.6666666666666666
61202	346	0	5	0.8575	195.4	977.0	0.6666666666666666
61203	284	0	5	0.7025	131.6	658.0	0.3333333333333333
61204	219	0	5	0.54	213.8	1069.0	0.3333333333333333
61205	119	0	5	0.29	98.4	492.0	0.3333333333333333
61206	317	0	5	0.785	158.6	793.0	0.3333333333333333
61207	73	0	5	0.175	71.0	355.0	0.0
61208	123	0	5	0.3	108.0	540.0	0.3333333333333333
61209	111	0	5	0.27	75.4	377.0	0.0
61210	134	0	5	0.3275	64.8	324.0	0.3333333333333333
61211	281	0	5	0.695	98.0	490.0	0.6666666666666666
61212	306	0	5	0.7575	147.0	735.0	0.6666666666666666
61213	74	0	5	0.1775	66.2	331.0	0.3333333333333333
61214	252	0	5	0.6225	94.2	471.0	0.3333333333333333
61215	351	0	5	0.87	226.2	1131.0	0.6666666666666666
61216	195	0	5	0.48	108.0	540.0	0.0
61217	70	0	5	0.1675	64.8	324.0	0.3333333333333333
61218	369	0	5	0.915	134.4	672.0	0.6666666666666666
61219	317	0	5	0.785	159.4	797.0	0.6666666666666666
61220	55	0	5	0.13	53.0	265.0	0.0
61221	182	0	5	0.4475	118.8	594.0	0.0
61222	179	0	5	0.44	147.6	738.0	0.3333333333333333
61223	262	0	5	0.6475	232.8	1164.0	0.6666666666666666
61224	60	0	5	0.1425	53.4	267.0	0.3333333333333333
61225	176	0	5	0.4325	143.6	718.0	0.3333333333333333
61226	43	0	5	0.1	41.0	205.0	0.0
61227	121	0	5	0.295	57.0	285.0	0.6666666666666666
61228	43	0	5	0.1	20.2	101.0	0.3333333333333333
61229	6	0	5	0.0075	3.2	16.0	0.3333333333333333
61230	37	0	5	0.085	35.0	175.0	0.0
61231	43	0	5	0.1	18.6	93.0	0.3333333333333333
61232	214	0	5	0.5275	113.2	566.0	0.6666666666666666
61233	69	0	5	0.165	45.0	225.0	0.3333333333333333
61234	373	0	5	0.925	231.4	1157.0	0.6666666666666666
61235	253	0	5	0.625	106.2	531.0	0.3333333333333333
61236	321	1	4	0.8	204.0	1020.0	1.0
61237	139	0	5	0.34	116.4	582.0	0.3333333333333333
61238	195	0	5	0.48	190.6	953.0	0.3333333333333333
61239	18	0	5	0.0375	16.0	80.0	0.0
61240	205	0	5	0.505	137.8	689.0	0.3333333333333333
61241	36	0	5	0.0825	34.0	170.0	0.0
61242	229	0	5	0.565	86.6	433.0	0.6666666666666666
61243	95	0	5	0.23	90.6	453.0	0.3333333333333333
61244	63	0	5	0.15	34.6	173.0	0.0
61245	58	0	5	0.1375	56.0	280.0	0.0
61246	343	1	4	0.855	218.4	1092.0	1.0
61247	44	0	5	0.1025	42.0	210.0	0.0
61248	190	0	5	0.4675	145.2	726.0	0.6666666666666666
61249	230	0	5	0.5675	205.6	1028.0	0.3333333333333333
61250	249	1	4	0.62	161.4	807.0	1.0
61251	214	0	5	0.5275	64.8	324.0	0.3333333333333333
61252	317	0	5	0.785	287.2	1436.0	0.3333333333333333
61253	98	0	5	0.2375	55.2	276.0	0.3333333333333333
61254	268	0	5	0.6625	249.2	1246.0	0.3333333333333333
61255	27	0	5	0.06	25.0	125.0	0.0
61256	51	0	5	0.12	49.0	245.0	0.0
61257	358	0	5	0.8875	187.4	937.0	0.6666666666666666
61258	241	0	5	0.595	237.8	1189.0	0.3333333333333333
61259	344	1	4	0.8575	259.0	1295.0	1.0
61260	288	0	5	0.7125	198.0	990.0	0.3333333333333333
61261	121	0	5	0.295	53.6	268.0	0.3333333333333333
61262	342	0	5	0.8475	239.8	1199.0	0.3333333333333333
61263	343	0	5	0.85	144.8	724.0	0.3333333333333333
61264	294	0	5	0.7275	200.8	1004.0	0.3333333333333333
61265	98	0	5	0.2375	54.6	273.0	0.3333333333333333
61266	182	0	5	0.4475	112.4	562.0	0.6666666666666666
61267	67	0	5	0.16	62.6	313.0	0.0
61268	43	0	5	0.1	23.0	115.0	0.3333333333333333
61269	244	0	5	0.6025	122.6	613.0	0.6666666666666666
61270	263	0	5	0.65	153.0	765.0	0.6666666666666666
61271	318	1	4	0.7925	100.4	502.0	1.0
61272	205	0	5	0.505	203.0	1015.0	0.0
61273	38	0	5	0.0875	36.0	180.0	0.0
61274	293	0	5	0.725	157.4	787.0	0.6666666666666666
61275	107	0	5	0.26	95.0	475.0	0.3333333333333333
61276	31	0	5	0.07	29.0	145.0	0.0
61277	212	0	5	0.5225	210.0	1050.0	0.0
61278	193	0	5	0.475	155.4	777.0	0.3333333333333333
61279	163	0	5	0.4	160.2	801.0	0.3333333333333333
61280	400	0	5	0.9925	209.2	1046.0	0.6666666666666666
61281	130	0	5	0.3175	102.6	513.0	0.3333333333333333
61282	243	0	5	0.6	214.2	1071.0	0.3333333333333333
61283	261	1	4	0.65	158.0	790.0	1.0
61284	375	0	5	0.93	153.4	767.0	0.6666666666666666
61285	299	0	5	0.74	159.0	795.0	0.6666666666666666
61286	219	0	5	0.54	165.8	829.0	0.6666666666666666
61287	363	0	5	0.9	249.2	1246.0	0.6666666666666666
61288	314	0	5	0.7775	256.4	1282.0	0.3333333333333333
61289	164	0	5	0.4025	162.0	810.0	0.0
61290	297	1	4	0.74	167.0	835.0	1.0
61291	372	1	4	0.9275	129.6	648.0	1.0
61292	225	0	5	0.555	99.0	495.0	0.6666666666666666
61293	276	0	5	0.6825	107.2	536.0	0.6666666666666666
61294	336	0	5	0.8325	242.8	1214.0	0.6666666666666666
61295	10	0	5	0.0175	7.2	36.0	0.0
61296	353	0	5	0.875	250.2	1251.0	0.6666666666666666
61297	356	0	5	0.8825	258.8	1294.0	0.6666666666666666
61298	178	0	5	0.4375	152.4	762.0	0.6666666666666666
61299	134	0	5	0.3275	123.2	616.0	0.0
61300	52	0	5	0.1225	42.0	210.0	0.0
61301	265	0	5	0.655	198.2	991.0	0.3333333333333333
61302	232	0	5	0.5725	197.6	988.0	0.3333333333333333
61303	106	0	5	0.2575	80.8	404.0	0.3333333333333333
61304	278	0	5	0.6875	250.4	1252.0	0.0
61305	5	0	5	0.005	3.0	15.0	0.0
61306	325	0	5	0.805	224.0	1120.0	0.6666666666666666
61307	115	0	5	0.28	69.4	347.0	0.0
61308	295	0	5	0.73	265.8	1329.0	0.0
61309	249	0	5	0.615	140.6	703.0	0.3333333333333333
61310	25	0	5	0.055	23.0	115.0	0.0
61311	194	1	4	0.4825	176.6	883.0	1.0
61312	365	0	5	0.905	191.0	955.0	0.6666666666666666
61313	316	0	5	0.7825	219.0	1095.0	0.6666666666666666
61314	94	0	5	0.2275	71.2	356.0	0.3333333333333333
61315	60	0	5	0.1425	58.0	290.0	0.0
61316	276	1	4	0.6875	172.6	863.0	1.0
61317	272	0	5	0.6725	203.6	1018.0	0.3333333333333333
61318	84	0	5	0.2025	20.4	102.0	0.3333333333333333
61319	75	0	5	0.18	66.4	332.0	0.0
61320	289	0	5	0.715	245.6	1228.0	0.0
61321	105	0	5	0.255	80.8	404.0	0.0
61322	13	0	5	0.025	11.0	55.0	0.0
61323	209	0	5	0.515	123.6	618.0	0.3333333333333333
61324	341	0	5	0.845	191.2	956.0	0.6666666666666666
61325	157	1	4	0.39	81.0	405.0	1.0
61326	359	1	4	0.895	294.0	1470.0	1.0
61327	351	0	5	0.87	282.6	1413.0	0.6666666666666666
61328	279	0	5	0.69	176.8	884.0	0.6666666666666666
61329	89	0	5	0.215	71.4	357.0	0.3333333333333333
61330	241	0	5	0.595	51.8	259.0	0.6666666666666666
61331	70	0	5	0.1675	31.2	156.0	0.3333333333333333
61332	181	0	5	0.445	171.8	859.0	0.3333333333333333
61333	258	0	5	0.6375	158.0	790.0	0.3333333333333333
61334	131	0	5	0.32	55.8	279.0	0.3333333333333333
61335	264	0	5	0.6525	214.0	1070.0	0.6666666666666666
61336	186	0	5	0.4575	171.6	858.0	0.3333333333333333
61337	16	0	5	0.0325	14.0	70.0	0.0
61338	126	0	5	0.3075	108.4	542.0	0.3333333333333333
61339	108	0	5	0.2625	86.0	430.0	0.3333333333333333
61340	169	0	5	0.415	149.4	747.0	0.3333333333333333
61341	222	0	5	0.5475	136.4	682.0	0.0
61342	247	0	5	0.61	50.6	253.0	0.3333333333333333
61343	230	0	5	0.5675	116.0	580.0	0.6666666666666666
61344	256	0	5	0.6325	146.0	730.0	0.3333333333333333
61345	278	0	5	0.6875	191.4	957.0	0.6666666666666666
61346	394	0	5	0.9775	173.0	865.0	0.6666666666666666
61347	204	0	5	0.5025	124.8	624.0	0.3333333333333333
61348	260	0	5	0.6425	176.2	881.0	0.6666666666666666
61349	394	1	4	0.9825	229.6	1148.0	1.0
61350	216	0	5	0.5325	86.0	430.0	0.6666666666666666
61351	15	0	5	0.03	13.0	65.0	0.0
61352	155	0	5	0.38	108.2	541.0	0.3333333333333333
61353	25	0	5	0.055	23.0	115.0	0.0
61354	326	0	5	0.8075	244.0	1220.0	0.3333333333333333
61355	339	0	5	0.84	214.2	1071.0	0.6666666666666666
61356	317	0	5	0.785	164.6	823.0	0.3333333333333333
61357	128	0	5	0.3125	91.8	459.0	0.3333333333333333
61358	102	0	5	0.2475	37.8	189.0	0.3333333333333333
61359	222	0	5	0.5475	200.2	1001.0	0.3333333333333333
61360	226	1	4	0.5625	109.8	549.0	1.0
61361	296	0	5	0.7325	84.4	422.0	0.3333333333333333
61362	375	0	5	0.93	202.6	1013.0	0.6666666666666666
61363	322	0	5	0.7975	155.2	776.0	0.6666666666666666
61364	118	0	5	0.2875	64.8	324.0	0.3333333333333333
61365	100	0	5	0.2425	98.0	490.0	0.0
61366	46	0	5	0.1075	37.6	188.0	0.3333333333333333
61367	156	0	5	0.3825	92.4	462.0	0.0
61368	285	0	5	0.705	249.0	1245.0	0.0
61369	363	0	5	0.9	113.0	565.0	0.6666666666666666
61370	43	0	5	0.1	41.0	205.0	0.0
61371	237	0	5	0.585	176.2	881.0	0.3333333333333333
61372	51	0	5	0.12	49.0	245.0	0.0
61373	375	0	5	0.93	228.4	1142.0	0.6666666666666666
61374	276	0	5	0.6825	154.2	771.0	0.3333333333333333
61375	365	1	4	0.91	148.2	741.0	1.0
61376	395	0	5	0.98	227.0	1135.0	0.6666666666666666
61377	62	0	5	0.1475	52.0	260.0	0.0
61378	96	0	5	0.2325	87.0	435.0	0.3333333333333333
61379	389	1	4	0.97	232.8	1164.0	1.0
61380	329	1	4	0.82	190.6	953.0	1.0
61381	211	0	5	0.52	209.0	1045.0	0.0
61382	45	0	5	0.105	29.8	149.0	0.6666666666666666
61383	218	0	5	0.5375	148.0	740.0	0.6666666666666666
61384	299	0	5	0.74	94.6	473.0	0.3333333333333333
61385	185	0	5	0.455	125.0	625.0	0.3333333333333333
61386	209	0	5	0.515	96.2	481.0	0.3333333333333333
61387	278	0	5	0.6875	193.6	968.0	0.3333333333333333
61388	84	0	5	0.2025	82.0	410.0	0.0
61389	261	0	5	0.645	81.4	407.0	0.6666666666666666
61390	392	1	4	0.9775	179.4	897.0	1.0
61391	134	0	5	0.3275	90.0	450.0	0.3333333333333333
61392	262	0	5	0.6475	174.8	874.0	0.3333333333333333
61393	192	0	5	0.4725	52.4	262.0	0.6666666666666666
61394	253	0	5	0.625	170.2	851.0	0.3333333333333333
61395	152	0	5	0.3725	80.8	404.0	0.3333333333333333
61396	240	0	5	0.5925	107.6	538.0	0.3333333333333333
61397	80	0	5	0.1925	77.4	387.0	0.0
61398	159	0	5	0.39	134.6	673.0	0.3333333333333333
61399	113	0	5	0.275	100.6	503.0	0.3333333333333333
61400	261	0	5	0.645	192.2	961.0	0.0
61401	281	0	5	0.695	197.4	987.0	0.3333333333333333
61402	133	0	5	0.325	54.6	273.0	0.3333333333333333
61403	369	0	5	0.915	190.2	951.0	0.6666666666666666
61404	385	1	4	0.96	248.0	1240.0	1.0
61405	117	0	5	0.285	101.4	507.0	0.3333333333333333
61406	334	0	5	0.8275	221.2	1106.0	0.6666666666666666
61407	160	0	5	0.3925	64.8	324.0	0.0
61408	49	0	5	0.115	45.0	225.0	0.0
61409	128	0	5	0.3125	111.6	558.0	0.0
61410	3	0	5	0.0025	0.6	3.0	0.3333333333333333
61411	290	0	5	0.7175	152.4	762.0	0.6666666666666666
61412	165	0	5	0.405	148.4	742.0	0.0
61413	133	0	5	0.325	105.4	527.0	0.3333333333333333
61414	32	0	5	0.0725	30.0	150.0	0.0
61415	42	0	5	0.0975	40.0	200.0	0.0
61416	114	0	5	0.2775	112.0	560.0	0.0
61417	91	0	5	0.22	86.6	433.0	0.3333333333333333
61418	72	0	5	0.1725	70.0	350.0	0.0
61419	176	0	5	0.4325	156.4	782.0	0.3333333333333333
61420	52	0	5	0.1225	26.0	130.0	0.3333333333333333
61421	313	0	5	0.775	144.8	724.0	0.6666666666666666
61422	309	0	5	0.765	190.2	951.0	0.6666666666666666
61423	274	0	5	0.6775	154.0	770.0	0.3333333333333333
61424	283	0	5	0.7	106.2	531.0	0.6666666666666666
61425	383	0	5	0.95	246.2	1231.0	0.6666666666666666
61426	185	0	5	0.455	111.4	557.0	0.6666666666666666
61427	229	0	5	0.565	99.8	499.0	0.6666666666666666
61428	358	0	5	0.8875	201.2	1006.0	0.6666666666666666
61429	181	0	5	0.445	149.0	745.0	0.3333333333333333
61430	121	0	5	0.295	119.0	595.0	0.0
61431	58	0	5	0.1375	56.0	280.0	0.0
61432	331	1	4	0.825	191.4	957.0	1.0
61433	256	1	4	0.6375	141.8	709.0	1.0
61434	112	0	5	0.2725	74.0	370.0	0.3333333333333333
61435	269	0	5	0.665	113.2	566.0	0.3333333333333333
61436	89	0	5	0.215	71.4	357.0	0.3333333333333333
61437	267	0	5	0.66	130.8	654.0	0.6666666666666666
61438	101	0	5	0.245	24.6	123.0	0.0
61439	264	0	5	0.6525	144.0	720.0	0.6666666666666666
61440	98	0	5	0.2375	96.0	480.0	0.0
61441	200	0	5	0.4925	51.8	259.0	0.6666666666666666
61442	256	0	5	0.6325	146.0	730.0	0.6666666666666666
61443	264	0	5	0.6525	184.0	920.0	0.6666666666666666
61444	250	0	5	0.6175	137.6	688.0	0.3333333333333333
61445	281	0	5	0.695	202.6	1013.0	0.3333333333333333
61446	124	0	5	0.3025	91.6	458.0	0.0
61447	337	0	5	0.835	250.4	1252.0	0.6666666666666666
61448	194	0	5	0.4775	90.0	450.0	0.3333333333333333
61449	206	0	5	0.5075	94.8	474.0	0.3333333333333333
61450	222	0	5	0.5475	212.8	1064.0	0.3333333333333333
61451	134	0	5	0.3275	28.8	144.0	0.6666666666666666
61452	89	0	5	0.215	28.6	143.0	0.3333333333333333
61453	334	1	4	0.8325	234.2	1171.0	1.0
61454	96	0	5	0.2325	94.0	470.0	0.0
61455	219	0	5	0.54	184.0	920.0	0.3333333333333333
61456	242	1	4	0.6025	96.4	482.0	1.0
61457	265	0	5	0.655	179.4	897.0	0.6666666666666666
61458	148	0	5	0.3625	78.2	391.0	0.3333333333333333
61459	261	0	5	0.645	230.2	1151.0	0.3333333333333333
61460	137	0	5	0.335	135.0	675.0	0.0
61461	265	1	4	0.66	131.0	655.0	1.0
61462	380	0	5	0.9425	162.4	812.0	0.6666666666666666
61463	225	0	5	0.555	173.6	868.0	0.6666666666666666
61464	253	0	5	0.625	248.2	1241.0	0.3333333333333333
61465	128	0	5	0.3125	108.0	540.0	0.0
61466	397	0	5	0.985	213.2	1066.0	0.6666666666666666
61467	307	0	5	0.76	176.4	882.0	0.3333333333333333
61468	28	0	5	0.0625	14.6	73.0	0.3333333333333333
61469	200	0	5	0.4925	155.6	778.0	0.3333333333333333
61470	286	0	5	0.7075	202.6	1013.0	0.3333333333333333
61471	241	1	4	0.6	142.6	713.0	1.0
61472	160	0	5	0.3925	158.0	790.0	0.3333333333333333
61473	236	0	5	0.5825	200.0	1000.0	0.3333333333333333
61474	94	0	5	0.2275	49.2	246.0	0.3333333333333333
61475	251	0	5	0.62	80.2	401.0	0.6666666666666666
61476	305	0	5	0.755	176.4	882.0	0.6666666666666666
61477	266	0	5	0.6575	127.6	638.0	0.3333333333333333
61478	333	0	5	0.825	272.6	1363.0	0.0
61479	397	1	4	0.99	152.4	762.0	1.0
61480	228	0	5	0.5625	200.8	1004.0	0.6666666666666666
61481	168	0	5	0.4125	86.0	430.0	0.6666666666666666
61482	227	0	5	0.56	74.0	370.0	0.6666666666666666
61483	13	0	5	0.025	11.0	55.0	0.0
61484	151	0	5	0.37	72.2	361.0	0.6666666666666666
61485	129	0	5	0.315	69.4	347.0	0.0
61486	257	0	5	0.635	144.0	720.0	0.6666666666666666
61487	113	0	5	0.275	66.2	331.0	0.3333333333333333
61488	33	0	5	0.075	31.0	155.0	0.0
61489	353	0	5	0.875	193.8	969.0	0.6666666666666666
61490	269	0	5	0.665	118.6	593.0	0.6666666666666666
61491	281	1	4	0.7	156.6	783.0	1.0
61492	312	0	5	0.7725	158.2	791.0	0.3333333333333333
61493	8	0	5	0.0125	6.0	30.0	0.0
61494	309	0	5	0.765	166.0	830.0	0.6666666666666666
61495	209	0	5	0.515	189.0	945.0	0.6666666666666666
61496	189	0	5	0.465	187.0	935.0	0.0
61497	370	0	5	0.9175	134.2	671.0	0.6666666666666666
61498	196	0	5	0.4825	186.2	931.0	0.0
61499	155	0	5	0.38	153.0	765.0	0.0
61500	189	0	5	0.465	74.2	371.0	0.6666666666666666
61501	58	0	5	0.1375	56.0	280.0	0.0
61502	93	0	5	0.225	91.0	455.0	0.0
61503	164	0	5	0.4025	121.2	606.0	0.3333333333333333
61504	244	0	5	0.6025	101.0	505.0	0.6666666666666666
61505	266	0	5	0.6575	64.0	320.0	0.6666666666666666
61506	183	0	5	0.45	113.4	567.0	0.3333333333333333
61507	370	0	5	0.9175	213.4	1067.0	0.3333333333333333
61508	321	0	5	0.795	138.8	694.0	0.6666666666666666
61509	355	1	4	0.885	136.8	684.0	1.0
61510	155	0	5	0.38	103.0	515.0	0.3333333333333333
61511	33	0	5	0.075	23.2	116.0	0.3333333333333333
61512	179	0	5	0.44	115.0	575.0	0.0
61513	202	1	4	0.5025	136.2	681.0	1.0
61514	100	0	5	0.2425	76.8	384.0	0.3333333333333333
61515	401	0	4	0.9975	202.2	1011.0	0.6666666666666666
61516	86	0	5	0.2075	52.0	260.0	0.0
61517	337	1	4	0.84	149.4	747.0	1.0
61518	383	0	5	0.95	166.8	834.0	0.6666666666666666
61519	64	0	5	0.1525	62.0	310.0	0.0
61520	204	0	5	0.5025	82.8	414.0	0.0
61521	309	0	5	0.765	187.4	937.0	0.6666666666666666
61522	224	0	5	0.5525	120.0	600.0	0.6666666666666666
61523	183	0	5	0.45	138.4	692.0	0.6666666666666666
61524	187	0	5	0.46	165.8	829.0	0.3333333333333333
61525	342	0	5	0.8475	167.6	838.0	0.6666666666666666
61526	55	0	5	0.13	40.2	201.0	0.3333333333333333
61527	81	0	5	0.195	53.6	268.0	0.3333333333333333
61528	93	0	5	0.225	27.8	139.0	0.0
61529	297	1	4	0.74	171.6	858.0	1.0
61530	222	1	4	0.5525	181.6	908.0	1.0
61531	273	0	5	0.675	183.4	917.0	0.6666666666666666
61532	270	0	5	0.6675	143.2	716.0	0.3333333333333333
61533	212	0	5	0.5225	46.4	232.0	0.6666666666666666
61534	235	0	5	0.58	147.2	736.0	0.0
61535	227	1	4	0.565	100.6	503.0	1.0
61536	304	0	5	0.7525	127.8	639.0	0.6666666666666666
61537	113	0	5	0.275	43.8	219.0	0.3333333333333333
61538	311	1	4	0.775	255.4	1277.0	1.0
61539	48	1	4	0.1175	16.8	84.0	1.0
61540	137	0	5	0.335	119.8	599.0	0.3333333333333333
61541	85	0	5	0.205	83.0	415.0	0.0
61542	358	0	5	0.8875	245.8	1229.0	0.6666666666666666
61543	269	0	5	0.665	212.6	1063.0	0.6666666666666666
61544	176	0	5	0.4325	78.8	394.0	0.0
61545	325	0	5	0.805	248.6	1243.0	0.3333333333333333
61546	315	0	5	0.78	301.2	1506.0	0.6666666666666666
61547	293	0	5	0.725	219.2	1096.0	0.6666666666666666
61548	354	0	5	0.8775	306.2	1531.0	0.3333333333333333
61549	48	0	5	0.1125	24.8	124.0	0.3333333333333333
61550	269	1	4	0.67	127.4	637.0	1.0
61551	265	0	5	0.655	181.4	907.0	0.3333333333333333
61552	393	0	5	0.975	127.8	639.0	0.6666666666666666
61553	42	0	5	0.0975	27.2	136.0	0.3333333333333333
61554	386	0	5	0.9575	279.4	1397.0	0.6666666666666666
61555	166	0	5	0.4075	153.6	768.0	0.3333333333333333
61556	41	0	5	0.095	38.2	191.0	0.3333333333333333
61557	19	0	5	0.04	12.6	63.0	0.0
61558	189	0	5	0.465	148.6	743.0	0.3333333333333333
61559	239	0	5	0.59	116.2	581.0	0.0
61560	66	0	5	0.1575	56.8	284.0	0.3333333333333333
61561	285	0	5	0.705	275.8	1379.0	0.3333333333333333
61562	187	0	5	0.46	75.8	379.0	0.3333333333333333
61563	77	0	5	0.185	66.2	331.0	0.3333333333333333
61564	374	0	5	0.9275	154.0	770.0	0.6666666666666666
61565	174	0	5	0.4275	75.8	379.0	0.3333333333333333
61566	268	0	5	0.6625	205.8	1029.0	0.3333333333333333
61567	317	0	5	0.785	217.8	1089.0	0.3333333333333333
61568	91	0	5	0.22	89.0	445.0	0.0
61569	57	0	5	0.135	55.0	275.0	0.0
61570	168	0	5	0.4125	144.4	722.0	0.3333333333333333
61571	108	0	5	0.2625	92.6	463.0	0.3333333333333333
61572	279	0	5	0.69	167.4	837.0	0.6666666666666666
61573	294	0	5	0.7275	209.6	1048.0	0.6666666666666666
61574	330	1	4	0.8225	191.4	957.0	1.0
61575	270	0	5	0.6675	210.4	1052.0	0.0
61576	347	0	5	0.86	121.8	609.0	0.3333333333333333
61577	126	0	5	0.3075	124.0	620.0	0.0
61578	245	0	5	0.605	226.6	1133.0	0.3333333333333333
61579	170	1	4	0.4225	114.8	574.0	1.0
61580	280	1	4	0.6975	200.6	1003.0	1.0
61581	376	0	5	0.9325	140.8	704.0	0.6666666666666666
61582	78	0	5	0.1875	57.6	288.0	0.3333333333333333
61583	126	0	5	0.3075	104.0	520.0	0.3333333333333333
61584	25	0	5	0.055	15.0	75.0	0.0
61585	192	0	5	0.4725	148.8	744.0	0.3333333333333333
61586	58	0	5	0.1375	56.0	280.0	0.0
61587	343	0	5	0.85	147.8	739.0	0.6666666666666666
61588	238	0	5	0.5875	75.2	376.0	0.3333333333333333
61589	84	0	5	0.2025	82.0	410.0	0.0
61590	252	0	5	0.6225	190.8	954.0	0.6666666666666666
61591	305	0	5	0.755	227.0	1135.0	0.3333333333333333
61592	151	0	5	0.37	89.8	449.0	0.3333333333333333
61593	296	0	5	0.7325	171.6	858.0	0.3333333333333333
61594	179	0	5	0.44	114.0	570.0	0.3333333333333333
61595	303	0	5	0.75	250.0	1250.0	0.3333333333333333
61596	115	1	4	0.285	35.0	175.0	1.0
61597	309	0	5	0.765	197.8	989.0	0.6666666666666666
61598	319	0	5	0.79	223.8	1119.0	0.6666666666666666
61599	393	1	4	0.98	114.6	573.0	1.0
61600	336	0	5	0.8325	184.4	922.0	0.6666666666666666
61601	255	0	5	0.63	155.4	777.0	0.0
61602	144	0	5	0.3525	46.4	232.0	0.3333333333333333
61603	220	0	5	0.5425	161.0	805.0	0.6666666666666666
61604	98	0	5	0.2375	80.4	402.0	0.3333333333333333
61605	288	0	5	0.7125	123.2	616.0	0.3333333333333333
61606	6	0	5	0.0075	4.0	20.0	0.0
61607	294	0	5	0.7275	148.8	744.0	0.6666666666666666
61608	233	0	5	0.575	174.2	871.0	0.3333333333333333
61609	378	0	5	0.9375	155.4	777.0	0.6666666666666666
61610	32	0	5	0.0725	30.0	150.0	0.3333333333333333
61611	257	0	5	0.635	134.6	673.0	0.6666666666666666
61612	305	0	5	0.755	155.0	775.0	0.3333333333333333
61613	96	0	5	0.2325	30.8	154.0	0.3333333333333333
61614	109	0	5	0.265	29.4	147.0	0.3333333333333333
61615	134	0	5	0.3275	77.6	388.0	0.6666666666666666
61616	378	1	4	0.9425	313.4	1567.0	1.0
61617	88	0	5	0.2125	75.8	379.0	0.0
61618	339	0	5	0.84	308.2	1541.0	0.3333333333333333
61619	56	0	5	0.1325	48.0	240.0	0.0
61620	41	0	5	0.095	39.0	195.0	0.0
61621	215	0	5	0.53	191.4	957.0	0.3333333333333333
61622	221	0	5	0.545	128.6	643.0	0.3333333333333333
61623	342	0	5	0.8475	236.6	1183.0	0.6666666666666666
61624	48	1	4	0.1175	39.2	196.0	1.0
61625	76	0	5	0.1825	40.4	202.0	0.0
61626	323	0	5	0.8	233.4	1167.0	0.3333333333333333
61627	82	0	5	0.1975	80.0	400.0	0.0
61628	303	0	5	0.75	242.2	1211.0	0.3333333333333333
61629	94	0	5	0.2275	92.0	460.0	0.0
61630	274	0	5	0.6775	213.2	1066.0	0.3333333333333333
61631	397	0	5	0.985	112.6	563.0	0.3333333333333333
61632	142	0	5	0.3475	140.0	700.0	0.0
61633	305	0	5	0.755	277.4	1387.0	0.0
61634	155	0	5	0.38	153.0	765.0	0.0
61635	220	0	5	0.5425	83.0	415.0	0.6666666666666666
61636	298	0	5	0.7375	159.2	796.0	0.3333333333333333
61637	241	0	5	0.595	151.2	756.0	0.3333333333333333
61638	338	0	5	0.8375	196.6	983.0	0.6666666666666666
61639	391	0	5	0.97	211.4	1057.0	0.6666666666666666
61640	6	0	5	0.0075	4.0	20.0	0.0
61641	186	0	5	0.4575	124.2	621.0	0.0
61642	303	0	5	0.75	179.2	896.0	0.6666666666666666
61643	352	1	4	0.8775	81.6	408.0	1.0
61644	86	0	5	0.2075	42.0	210.0	0.6666666666666666
61645	298	0	5	0.7375	184.4	922.0	0.0
61646	183	0	5	0.45	121.0	605.0	0.0
61647	90	0	5	0.2175	74.6	373.0	0.3333333333333333
61648	383	0	5	0.95	222.6	1113.0	0.6666666666666666
61649	268	1	4	0.6675	182.4	912.0	1.0
61650	166	0	5	0.4075	162.6	813.0	0.0
61651	191	0	5	0.47	166.4	832.0	0.3333333333333333
61652	256	0	5	0.6325	136.8	684.0	0.6666666666666666
61653	269	0	5	0.665	216.6	1083.0	0.6666666666666666
61654	303	0	5	0.75	183.4	917.0	0.6666666666666666
61655	93	0	5	0.225	64.6	323.0	0.3333333333333333
61656	68	0	5	0.1625	66.0	330.0	0.0
61657	232	0	5	0.5725	183.0	915.0	0.3333333333333333
61658	44	0	5	0.1025	21.6	108.0	0.3333333333333333
61659	175	0	5	0.43	118.0	590.0	0.6666666666666666
61660	57	0	5	0.135	38.2	191.0	0.3333333333333333
61661	151	0	5	0.37	75.0	375.0	0.3333333333333333
61662	60	0	5	0.1425	58.0	290.0	0.0
61663	149	0	5	0.365	85.8	429.0	0.6666666666666666
61664	139	0	5	0.34	117.2	586.0	0.3333333333333333
61665	210	0	5	0.5175	156.0	780.0	0.6666666666666666
61666	76	0	5	0.1825	39.2	196.0	0.6666666666666666
61667	175	0	5	0.43	94.4	472.0	0.3333333333333333
61668	32	0	5	0.0725	25.6	128.0	0.3333333333333333
61669	164	0	5	0.4025	135.4	677.0	0.6666666666666666
61670	278	0	5	0.6875	144.2	721.0	0.6666666666666666
61671	164	0	5	0.4025	133.4	667.0	0.0
61672	372	0	5	0.9225	242.4	1212.0	0.6666666666666666
61673	300	0	5	0.7425	179.2	896.0	0.3333333333333333
61674	284	0	5	0.7025	171.2	856.0	0.3333333333333333
61675	278	1	4	0.6925	99.6	498.0	1.0
61676	237	0	5	0.585	165.8	829.0	0.3333333333333333
61677	387	1	4	0.965	272.6	1363.0	1.0
61678	120	0	5	0.2925	88.2	441.0	0.6666666666666666
61679	66	0	5	0.1575	17.6	88.0	0.3333333333333333
61680	155	0	5	0.38	119.4	597.0	0.3333333333333333
61681	76	0	5	0.1825	74.0	370.0	0.0
61682	20	0	5	0.0425	18.0	90.0	0.0
61683	5	0	5	0.005	3.0	15.0	0.0
61684	140	0	5	0.3425	138.0	690.0	0.0
61685	245	0	5	0.605	168.6	843.0	0.3333333333333333
61686	301	0	5	0.745	124.6	623.0	0.6666666666666666
61687	110	0	5	0.2675	62.4	312.0	0.6666666666666666
61688	203	0	5	0.5	152.6	763.0	0.3333333333333333
61689	155	0	5	0.38	136.6	683.0	0.0
61690	303	0	5	0.75	169.0	845.0	0.3333333333333333
61691	365	1	4	0.91	120.6	603.0	1.0
61692	160	0	5	0.3925	60.4	302.0	0.6666666666666666
61693	153	0	5	0.375	98.6	493.0	0.0
61694	35	0	5	0.08	22.6	113.0	0.3333333333333333
61695	4	0	5	0.0025	2.0	10.0	0.0
61696	91	0	5	0.22	68.0	340.0	0.3333333333333333
61697	330	0	5	0.8175	226.8	1134.0	0.6666666666666666
61698	372	0	5	0.9225	209.8	1049.0	0.6666666666666666
61699	322	0	5	0.7975	189.0	945.0	0.6666666666666666
61700	307	0	5	0.76	302.2	1511.0	0.3333333333333333
61701	324	0	5	0.8025	106.0	530.0	0.3333333333333333
61702	28	0	5	0.0625	26.0	130.0	0.0
61703	147	0	5	0.36	145.0	725.0	0.0
61704	92	0	5	0.2225	37.2	186.0	0.3333333333333333
61705	123	0	5	0.3	92.6	463.0	0.3333333333333333
61706	283	0	5	0.7	212.2	1061.0	0.6666666666666666
61707	98	0	5	0.2375	96.0	480.0	0.0
61708	329	1	4	0.82	143.0	715.0	1.0
61709	291	0	5	0.72	112.2	561.0	0.3333333333333333
61710	347	0	5	0.86	161.0	805.0	0.6666666666666666
61711	399	1	4	0.995	356.6	1783.0	1.0
61712	349	0	5	0.865	175.6	878.0	0.6666666666666666
61713	65	0	5	0.155	63.0	315.0	0.0
61714	161	0	5	0.395	125.8	629.0	0.0
61715	372	0	5	0.9225	203.4	1017.0	0.6666666666666666
61716	174	0	5	0.4275	142.8	714.0	0.3333333333333333
61717	141	0	5	0.345	39.8	199.0	0.3333333333333333
61718	14	0	5	0.0275	12.0	60.0	0.0
61719	95	0	5	0.23	87.8	439.0	0.3333333333333333
61720	25	0	5	0.055	23.0	115.0	0.0
61721	57	0	5	0.135	55.0	275.0	0.0
61722	245	1	4	0.61	73.0	365.0	1.0
61723	269	0	5	0.665	155.0	775.0	0.3333333333333333
61724	128	0	5	0.3125	126.0	630.0	0.3333333333333333
61725	221	0	5	0.545	219.0	1095.0	0.0
61726	392	1	4	0.9775	220.0	1100.0	1.0
61727	218	0	5	0.5375	185.6	928.0	0.3333333333333333
61728	284	0	5	0.7025	110.8	554.0	0.3333333333333333
61729	338	0	5	0.8375	144.0	720.0	0.6666666666666666
61730	347	0	5	0.86	299.4	1497.0	0.3333333333333333
61731	17	0	5	0.035	15.0	75.0	0.0
61732	308	0	5	0.7625	165.6	828.0	0.6666666666666666
61733	102	0	5	0.2475	100.0	500.0	0.0
61734	336	0	5	0.8325	136.0	680.0	0.6666666666666666
61735	200	0	5	0.4925	169.6	848.0	0.3333333333333333
61736	204	0	5	0.5025	162.0	810.0	0.3333333333333333
61737	283	0	5	0.7	235.4	1177.0	0.6666666666666666
61738	100	0	5	0.2425	49.6	248.0	0.6666666666666666
61739	319	0	5	0.79	154.8	774.0	0.3333333333333333
61740	7	0	5	0.01	5.0	25.0	0.0
61741	310	0	5	0.7675	230.4	1152.0	0.6666666666666666
61742	346	0	5	0.8575	202.4	1012.0	0.6666666666666666
61743	264	0	5	0.6525	105.2	526.0	0.6666666666666666
61744	136	0	5	0.3325	117.0	585.0	0.0
61745	384	0	5	0.9525	265.2	1326.0	0.6666666666666666
61746	90	0	5	0.2175	72.0	360.0	0.3333333333333333
61747	373	0	5	0.925	339.2	1696.0	0.3333333333333333
61748	240	0	5	0.5925	213.2	1066.0	0.3333333333333333
61749	330	0	5	0.8175	281.8	1409.0	0.6666666666666666
61750	369	0	5	0.915	310.6	1553.0	0.6666666666666666
61751	361	0	5	0.895	96.4	482.0	0.6666666666666666
61752	207	0	5	0.51	127.4	637.0	0.0
61753	119	0	5	0.29	117.0	585.0	0.0
61754	145	0	5	0.355	65.4	327.0	0.0
61755	181	0	5	0.445	102.0	510.0	0.6666666666666666
61756	209	0	5	0.515	64.6	323.0	0.3333333333333333
61757	26	0	5	0.0575	20.0	100.0	0.3333333333333333
61758	287	0	5	0.71	190.2	951.0	0.6666666666666666
61759	184	0	5	0.4525	123.4	617.0	0.6666666666666666
61760	123	0	5	0.3	121.0	605.0	0.0
61761	372	0	5	0.9225	259.0	1295.0	0.3333333333333333
61762	149	0	5	0.365	90.2	451.0	0.3333333333333333
61763	195	0	5	0.48	159.0	795.0	0.3333333333333333
61764	99	0	5	0.24	83.2	416.0	0.6666666666666666
61765	15	0	5	0.03	13.0	65.0	0.0
61766	261	0	5	0.645	79.2	396.0	0.3333333333333333
61767	302	0	5	0.7475	178.8	894.0	0.3333333333333333
61768	382	1	4	0.9525	208.6	1043.0	1.0
61769	134	0	5	0.3275	82.4	412.0	0.0
61770	276	0	5	0.6825	218.0	1090.0	0.3333333333333333
61771	320	0	5	0.7925	162.8	814.0	0.3333333333333333
61772	209	1	4	0.52	97.8	489.0	1.0
61773	163	0	5	0.4	85.4	427.0	0.3333333333333333
61774	298	0	5	0.7375	233.4	1167.0	0.6666666666666666
61775	374	0	5	0.9275	269.2	1346.0	0.6666666666666666
61776	238	0	5	0.5875	191.0	955.0	0.3333333333333333
61777	121	0	5	0.295	108.2	541.0	0.3333333333333333
61778	396	0	5	0.9825	214.0	1070.0	0.6666666666666666
61779	42	0	5	0.0975	39.2	196.0	0.3333333333333333
61780	216	0	5	0.5325	140.4	702.0	0.3333333333333333
61781	198	0	5	0.4875	142.4	712.0	0.0
61782	372	1	4	0.9275	150.0	750.0	1.0
61783	273	0	5	0.675	159.2	796.0	0.3333333333333333
61784	20	0	5	0.0425	18.0	90.0	0.0
61785	278	0	5	0.6875	259.8	1299.0	0.3333333333333333
61786	136	0	5	0.3325	65.0	325.0	0.6666666666666666
61787	198	0	5	0.4875	54.4	272.0	0.6666666666666666
61788	175	0	5	0.43	148.2	741.0	0.0
61789	285	0	5	0.705	219.0	1095.0	0.3333333333333333
61790	70	0	5	0.1675	28.6	143.0	0.6666666666666666
61791	122	0	5	0.2975	98.2	491.0	0.3333333333333333
61792	140	0	5	0.3425	118.0	590.0	0.3333333333333333
61793	342	0	5	0.8475	241.4	1207.0	0.6666666666666666
61794	170	0	5	0.4175	146.0	730.0	0.0
61795	255	0	5	0.63	81.8	409.0	0.6666666666666666
61796	197	0	5	0.485	143.8	719.0	0.3333333333333333
61797	52	0	5	0.1225	50.0	250.0	0.0
61798	278	0	5	0.6875	203.8	1019.0	0.6666666666666666
61799	141	0	5	0.345	42.6	213.0	0.3333333333333333
61800	305	0	5	0.755	111.0	555.0	0.6666666666666666
61801	274	0	5	0.6775	200.8	1004.0	0.6666666666666666
61802	89	0	5	0.215	57.8	289.0	0.3333333333333333
61803	283	0	5	0.7	110.4	552.0	0.3333333333333333
61804	244	1	4	0.6075	68.8	344.0	1.0
61805	153	0	5	0.375	118.0	590.0	0.3333333333333333
61806	169	0	5	0.415	132.2	661.0	0.6666666666666666
61807	28	0	5	0.0625	26.0	130.0	0.0
61808	340	0	5	0.8425	289.2	1446.0	0.3333333333333333
61809	198	0	5	0.4875	132.4	662.0	0.0
61810	353	0	5	0.875	254.4	1272.0	0.6666666666666666
61811	277	0	5	0.685	235.4	1177.0	0.3333333333333333
61812	309	0	5	0.765	234.0	1170.0	0.6666666666666666
61813	350	0	5	0.8675	237.2	1186.0	0.6666666666666666
61814	150	0	5	0.3675	116.8	584.0	0.3333333333333333
61815	54	0	5	0.1275	48.8	244.0	0.3333333333333333
61816	155	0	5	0.38	110.4	552.0	0.0
61817	361	1	4	0.9	170.0	850.0	1.0
61818	183	0	5	0.45	93.0	465.0	0.3333333333333333
61819	150	0	5	0.3675	136.2	681.0	0.3333333333333333
61820	374	0	5	0.9275	233.8	1169.0	0.6666666666666666
61821	150	0	5	0.3675	137.0	685.0	0.3333333333333333
61822	266	0	5	0.6575	226.0	1130.0	0.0
61823	281	1	4	0.7	160.4	802.0	1.0
61824	363	0	5	0.9	150.0	750.0	0.6666666666666666
61825	297	0	5	0.735	161.4	807.0	0.3333333333333333
61826	355	0	5	0.88	139.0	695.0	0.6666666666666666
61827	14	0	5	0.0275	12.0	60.0	0.0
61828	266	1	4	0.6625	89.2	446.0	1.0
61829	23	0	5	0.05	21.0	105.0	0.0
61830	367	1	4	0.915	154.4	772.0	1.0
61831	359	1	4	0.895	226.2	1131.0	1.0
61832	253	0	5	0.625	130.2	651.0	0.3333333333333333
61833	360	1	4	0.8975	326.8	1634.0	1.0
61834	177	0	5	0.435	161.6	808.0	0.3333333333333333
61835	377	1	4	0.94	339.6	1698.0	1.0
61836	318	1	4	0.7925	150.8	754.0	1.0
61837	147	0	5	0.36	113.0	565.0	0.3333333333333333
61838	111	0	5	0.27	39.4	197.0	0.6666666666666666
61839	306	1	4	0.7625	89.6	448.0	1.0
61840	113	0	5	0.275	97.4	487.0	0.0
61841	222	0	5	0.5475	114.8	574.0	0.6666666666666666
61842	248	0	5	0.6125	220.8	1104.0	0.0
61843	251	0	5	0.62	230.6	1153.0	0.3333333333333333
61844	130	0	5	0.3175	128.0	640.0	0.0
61845	326	0	5	0.8075	252.0	1260.0	0.6666666666666666
61846	311	0	5	0.77	267.6	1338.0	0.6666666666666666
61847	158	0	5	0.3875	143.6	718.0	0.6666666666666666
61848	216	0	5	0.5325	119.4	597.0	0.3333333333333333
61849	230	0	5	0.5675	107.0	535.0	0.6666666666666666
61850	229	0	5	0.565	187.4	937.0	0.3333333333333333
61851	269	1	4	0.67	70.6	353.0	1.0
61852	93	0	5	0.225	71.8	359.0	0.3333333333333333
61853	182	0	5	0.4475	143.4	717.0	0.3333333333333333
61854	233	0	5	0.575	62.0	310.0	0.6666666666666666
61855	116	0	5	0.2825	92.4	462.0	0.3333333333333333
61856	148	0	5	0.3625	118.8	594.0	0.0
61857	65	0	5	0.155	61.8	309.0	0.0
61858	358	0	5	0.8875	177.6	888.0	0.6666666666666666
61859	390	0	5	0.9675	227.8	1139.0	0.6666666666666666
61860	298	0	5	0.7375	220.4	1102.0	0.6666666666666666
61861	3	0	5	0.0025	0.8	4.0	0.0
61862	316	0	5	0.7825	213.2	1066.0	0.3333333333333333
61863	206	0	5	0.5075	156.4	782.0	0.3333333333333333
61864	176	0	5	0.4325	108.4	542.0	0.3333333333333333
61865	312	0	5	0.7725	95.0	475.0	0.3333333333333333
61866	215	0	5	0.53	126.0	630.0	0.6666666666666666
61867	271	0	5	0.67	79.8	399.0	0.3333333333333333
61868	167	0	5	0.41	141.2	706.0	0.3333333333333333
61869	208	0	5	0.5125	51.6	258.0	0.3333333333333333
61870	301	0	5	0.745	209.8	1049.0	0.6666666666666666
61871	113	0	5	0.275	100.2	501.0	0.3333333333333333
61872	144	0	5	0.3525	125.6	628.0	0.3333333333333333
61873	298	0	5	0.7375	218.2	1091.0	0.6666666666666666
61874	144	0	5	0.3525	142.0	710.0	0.0
61875	188	0	5	0.4625	95.0	475.0	0.6666666666666666
61876	235	0	5	0.58	153.0	765.0	0.3333333333333333
61877	93	0	5	0.225	70.6	353.0	0.3333333333333333
61878	376	0	5	0.9325	177.6	888.0	0.6666666666666666
61879	197	0	5	0.485	142.6	713.0	0.3333333333333333
61880	226	0	5	0.5575	186.8	934.0	0.0
61881	96	0	5	0.2325	54.6	273.0	0.3333333333333333
61882	322	1	4	0.8025	183.2	916.0	1.0
61883	182	0	5	0.4475	180.0	900.0	0.0
61884	213	0	5	0.525	66.2	331.0	0.3333333333333333
61885	113	0	5	0.275	75.8	379.0	0.3333333333333333
61886	382	0	5	0.9475	270.6	1353.0	0.6666666666666666
61887	349	0	5	0.865	276.8	1384.0	0.6666666666666666
61888	331	0	5	0.82	233.6	1168.0	0.3333333333333333
61889	257	1	4	0.64	201.4	1007.0	1.0
61890	203	0	5	0.5	69.8	349.0	0.3333333333333333
61891	112	0	5	0.2725	110.0	550.0	0.0
61892	251	0	5	0.62	183.8	919.0	0.3333333333333333
61893	60	0	5	0.1425	54.0	270.0	0.3333333333333333
61894	392	1	4	0.9775	172.8	864.0	1.0
61895	272	1	4	0.6775	189.8	949.0	1.0
61896	332	0	5	0.8225	121.6	608.0	0.6666666666666666
61897	45	0	5	0.105	43.0	215.0	0.0
61898	111	0	5	0.27	109.0	545.0	0.0
61899	278	0	5	0.6875	82.2	411.0	0.3333333333333333
61900	218	0	5	0.5375	171.0	855.0	0.3333333333333333
61901	370	0	5	0.9175	181.6	908.0	0.6666666666666666
61902	17	1	4	0.04	5.0	25.0	1.0
61903	193	0	5	0.475	145.4	727.0	0.3333333333333333
61904	325	0	5	0.805	202.2	1011.0	0.6666666666666666
61905	48	0	5	0.1125	46.0	230.0	0.0
61906	158	0	5	0.3875	138.0	690.0	0.3333333333333333
61907	53	0	5	0.125	51.0	255.0	0.0
61908	110	0	5	0.2675	65.6	328.0	0.0
61909	5	0	5	0.005	3.0	15.0	0.0
61910	251	1	4	0.625	77.4	387.0	1.0
61911	79	0	5	0.19	77.0	385.0	0.0
61912	156	1	4	0.3875	99.2	496.0	1.0
61913	274	0	5	0.6775	203.2	1016.0	0.0
61914	398	0	5	0.9875	236.8	1184.0	0.6666666666666666
61915	47	0	5	0.11	31.2	156.0	0.3333333333333333
61916	193	0	5	0.475	94.6	473.0	0.6666666666666666
61917	318	0	5	0.7875	161.6	808.0	0.6666666666666666
61918	376	0	5	0.9325	193.8	969.0	0.6666666666666666
61919	265	0	5	0.655	221.2	1106.0	0.6666666666666666
61920	27	0	5	0.06	22.2	111.0	0.3333333333333333
61921	190	0	5	0.4675	120.2	601.0	0.3333333333333333
61922	354	0	5	0.8775	278.8	1394.0	0.6666666666666666
61923	278	0	5	0.6875	189.6	948.0	0.3333333333333333
61924	366	1	4	0.9125	186.4	932.0	1.0
61925	209	0	5	0.515	150.2	751.0	0.3333333333333333
61926	386	0	5	0.9575	241.2	1206.0	0.6666666666666666
61927	282	0	5	0.6975	236.4	1182.0	0.3333333333333333
61928	341	0	5	0.845	128.4	642.0	0.6666666666666666
61929	209	0	5	0.515	117.0	585.0	0.6666666666666666
61930	278	0	5	0.6875	241.4	1207.0	0.6666666666666666
61931	228	0	5	0.5625	216.4	1082.0	0.0
61932	101	0	5	0.245	73.8	369.0	0.3333333333333333
61933	297	0	5	0.735	197.0	985.0	0.3333333333333333
61934	271	0	5	0.67	165.8	829.0	0.6666666666666666
61935	208	0	5	0.5125	161.2	806.0	0.3333333333333333
61936	236	0	5	0.5825	176.2	881.0	0.6666666666666666
61937	345	0	5	0.855	77.4	387.0	0.3333333333333333
61938	223	0	5	0.55	178.6	893.0	0.3333333333333333
61939	316	0	5	0.7825	221.6	1108.0	0.0
61940	117	0	5	0.285	115.0	575.0	0.0
61941	199	0	5	0.49	124.0	620.0	0.3333333333333333
61942	276	0	5	0.6825	107.2	536.0	0.6666666666666666
61943	151	0	5	0.37	66.4	332.0	0.6666666666666666
61944	173	0	5	0.425	109.4	547.0	0.3333333333333333
61945	295	0	5	0.73	189.2	946.0	0.6666666666666666
61946	399	1	4	0.995	143.0	715.0	1.0
61947	194	0	5	0.4775	123.2	616.0	0.0
61948	170	1	4	0.4225	93.4	467.0	1.0
61949	268	0	5	0.6625	163.8	819.0	0.6666666666666666
61950	41	0	5	0.095	39.0	195.0	0.0
61951	2	0	5	0.0	0.0	0.0	0.0
61952	260	0	5	0.6425	242.0	1210.0	0.3333333333333333
61953	63	0	5	0.15	61.0	305.0	0.0
61954	250	0	5	0.6175	130.8	654.0	0.3333333333333333
61955	160	0	5	0.3925	158.0	790.0	0.0
61956	18	0	5	0.0375	16.0	80.0	0.0
61957	283	0	5	0.7	99.4	497.0	0.6666666666666666
61958	308	0	5	0.7625	239.4	1197.0	0.3333333333333333
61959	79	0	5	0.19	74.4	372.0	0.0
61960	304	0	5	0.7525	102.4	512.0	0.6666666666666666
61961	101	0	5	0.245	99.0	495.0	0.0
61962	230	1	4	0.5725	109.2	546.0	1.0
61963	200	0	5	0.4925	93.4	467.0	0.6666666666666666
61964	156	0	5	0.3825	55.6	278.0	0.6666666666666666
61965	179	0	5	0.44	152.2	761.0	0.3333333333333333
61966	386	1	4	0.9625	306.0	1530.0	1.0
61967	61	0	5	0.145	37.4	187.0	0.0
61968	325	0	5	0.805	232.0	1160.0	0.6666666666666666
61969	128	0	5	0.3125	122.8	614.0	0.0
61970	304	0	5	0.7525	302.0	1510.0	0.6666666666666666
61971	218	0	5	0.5375	165.2	826.0	0.0
61972	245	0	5	0.605	175.8	879.0	0.6666666666666666
61973	38	0	5	0.0875	36.0	180.0	0.0
61974	354	0	5	0.8775	174.4	872.0	0.3333333333333333
61975	281	0	5	0.695	222.0	1110.0	0.3333333333333333
61976	67	0	5	0.16	65.0	325.0	0.0
61977	150	0	5	0.3675	126.4	632.0	0.3333333333333333
61978	228	0	5	0.5625	211.0	1055.0	0.0
61979	305	0	5	0.755	94.4	472.0	0.3333333333333333
61980	248	0	5	0.6125	74.8	374.0	0.3333333333333333
61981	163	0	5	0.4	131.4	657.0	0.3333333333333333
61982	57	0	5	0.135	55.0	275.0	0.0
61983	273	0	5	0.675	152.0	760.0	0.3333333333333333
61984	324	0	5	0.8025	140.4	702.0	0.6666666666666666
61985	368	1	4	0.9175	245.4	1227.0	1.0
61986	87	0	5	0.21	60.2	301.0	0.3333333333333333
61987	252	0	5	0.6225	145.2	726.0	0.3333333333333333
61988	120	0	5	0.2925	99.8	499.0	0.3333333333333333
61989	98	0	5	0.2375	56.4	282.0	0.3333333333333333
61990	282	0	5	0.6975	191.2	956.0	0.6666666666666666
61991	188	0	5	0.4625	186.0	930.0	0.0
61992	336	1	4	0.8375	160.0	800.0	1.0
61993	103	0	5	0.25	101.0	505.0	0.0
61994	375	0	5	0.93	185.0	925.0	0.6666666666666666
61995	20	0	5	0.0425	18.0	90.0	0.0
61996	260	1	4	0.6475	79.8	399.0	1.0
61997	325	0	5	0.805	262.4	1312.0	0.3333333333333333
61998	36	0	5	0.0825	34.0	170.0	0.0
61999	150	0	5	0.3675	88.0	440.0	0.3333333333333333
62000	193	0	5	0.475	133.0	665.0	0.6666666666666666
62001	354	0	5	0.8775	100.2	501.0	0.6666666666666666
62002	125	1	4	0.31	81.6	408.0	1.0
62003	357	1	4	0.89	220.4	1102.0	1.0
62004	59	0	5	0.14	57.0	285.0	0.0
62005	189	0	5	0.465	135.0	675.0	0.3333333333333333
62006	54	0	5	0.1275	52.0	260.0	0.0
62007	283	0	5	0.7	117.2	586.0	0.6666666666666666
62008	56	0	5	0.1325	31.6	158.0	0.6666666666666666
62009	106	1	4	0.2625	53.6	268.0	1.0
62010	130	0	5	0.3175	116.0	580.0	0.0
62011	221	0	5	0.545	154.4	772.0	0.6666666666666666
62012	94	0	5	0.2275	56.0	280.0	0.3333333333333333
62013	7	0	5	0.01	5.0	25.0	0.0
62014	383	0	5	0.95	146.2	731.0	0.6666666666666666
62015	18	0	5	0.0375	16.0	80.0	0.0
62016	232	0	5	0.5725	116.0	580.0	0.3333333333333333
62017	235	0	5	0.58	96.2	481.0	0.3333333333333333
62018	232	0	5	0.5725	92.2	461.0	0.3333333333333333
62019	309	0	5	0.765	161.8	809.0	0.6666666666666666
62020	284	0	5	0.7025	216.4	1082.0	0.3333333333333333
62021	134	0	5	0.3275	82.4	412.0	0.0
62022	32	0	5	0.0725	30.0	150.0	0.0
62023	123	0	5	0.3	99.0	495.0	0.3333333333333333
62024	359	0	5	0.89	124.0	620.0	0.6666666666666666
62025	380	0	5	0.9425	251.2	1256.0	0.3333333333333333
62026	266	0	5	0.6575	196.0	980.0	0.6666666666666666
62027	177	0	5	0.435	135.0	675.0	0.3333333333333333
62028	274	0	5	0.6775	200.4	1002.0	0.3333333333333333
62029	398	0	5	0.9875	155.8	779.0	0.6666666666666666
62030	175	1	4	0.435	86.0	430.0	1.0
62031	338	1	4	0.8425	204.6	1023.0	1.0
62032	36	0	5	0.0825	34.0	170.0	0.0
62033	40	0	5	0.0925	38.0	190.0	0.0
62034	224	0	5	0.5525	134.8	674.0	0.3333333333333333
62035	166	0	5	0.4075	61.6	308.0	0.6666666666666666
62036	388	1	4	0.9675	292.4	1462.0	1.0
62037	76	0	5	0.1825	74.0	370.0	0.0
62038	211	0	5	0.52	141.6	708.0	0.6666666666666666
62039	310	0	5	0.7675	158.8	794.0	0.6666666666666666
62040	49	0	5	0.115	45.8	229.0	0.3333333333333333
62041	167	0	5	0.41	101.2	506.0	0.3333333333333333
62042	366	0	5	0.9075	157.0	785.0	0.6666666666666666
62043	312	0	5	0.7725	89.8	449.0	0.6666666666666666
62044	303	0	5	0.75	160.0	800.0	0.3333333333333333
62045	110	0	5	0.2675	75.2	376.0	0.6666666666666666
62046	359	0	5	0.89	207.2	1036.0	0.3333333333333333
62047	271	0	5	0.67	183.0	915.0	0.6666666666666666
62048	107	0	5	0.26	105.0	525.0	0.0
62049	295	0	5	0.73	147.6	738.0	0.3333333333333333
62050	286	0	5	0.7075	212.0	1060.0	0.3333333333333333
62051	243	0	5	0.6	145.4	727.0	0.3333333333333333
62052	62	0	5	0.1475	60.0	300.0	0.0
62053	255	0	5	0.63	102.6	513.0	0.6666666666666666
62054	304	0	5	0.7525	159.6	798.0	0.6666666666666666
62055	251	1	4	0.625	66.6	333.0	1.0
62056	55	0	5	0.13	53.0	265.0	0.0
62057	212	0	5	0.5225	164.2	821.0	0.3333333333333333
62058	248	0	5	0.6125	120.0	600.0	0.3333333333333333
62059	351	0	5	0.87	266.8	1334.0	0.6666666666666666
62060	250	0	5	0.6175	241.8	1209.0	0.3333333333333333
62061	317	0	5	0.785	152.6	763.0	0.3333333333333333
62062	293	0	5	0.725	275.4	1377.0	0.3333333333333333
62063	281	0	5	0.695	162.4	812.0	0.3333333333333333
62064	363	0	5	0.9	196.0	980.0	0.6666666666666666
62065	266	0	5	0.6575	217.6	1088.0	0.6666666666666666
62066	278	0	5	0.6875	176.0	880.0	0.3333333333333333
62067	192	0	5	0.4725	115.6	578.0	0.0
62068	27	0	5	0.06	25.0	125.0	0.0
62069	381	0	5	0.945	112.0	560.0	0.6666666666666666
62070	175	0	5	0.43	153.8	769.0	0.3333333333333333
62071	398	0	5	0.9875	293.8	1469.0	0.6666666666666666
62072	33	0	5	0.075	31.0	155.0	0.0
62073	262	0	5	0.6475	94.8	474.0	0.6666666666666666
62074	293	0	5	0.725	138.6	693.0	0.6666666666666666
62075	135	0	5	0.33	120.2	601.0	0.6666666666666666
62076	307	0	5	0.76	191.8	959.0	0.3333333333333333
62077	51	0	5	0.12	37.6	188.0	0.3333333333333333
62078	293	1	3	0.73	126.2	631.0	1.0
62079	85	0	5	0.205	63.8	319.0	0.3333333333333333
62080	373	0	5	0.925	276.0	1380.0	0.6666666666666666
62081	103	0	5	0.25	95.4	477.0	0.3333333333333333
62082	64	0	5	0.1525	62.0	310.0	0.0
62083	84	0	5	0.2025	77.2	386.0	0.3333333333333333
62084	214	0	5	0.5275	174.8	874.0	0.3333333333333333
62085	116	0	5	0.2825	103.6	518.0	0.0
62086	250	0	5	0.6175	159.6	798.0	0.3333333333333333
62087	222	0	5	0.5475	141.4	707.0	0.6666666666666666
62088	78	0	5	0.1875	76.0	380.0	0.0
62089	94	0	5	0.2275	31.2	156.0	0.3333333333333333
62090	387	0	5	0.96	150.4	752.0	0.6666666666666666
62091	183	0	5	0.45	146.4	732.0	0.3333333333333333
62092	274	0	5	0.6775	142.0	710.0	0.6666666666666666
62093	179	0	5	0.44	149.6	748.0	0.0
62094	159	0	5	0.39	123.0	615.0	0.3333333333333333
62095	73	0	5	0.175	40.8	204.0	0.3333333333333333
62096	356	1	4	0.8875	84.8	424.0	1.0
62097	252	0	5	0.6225	142.2	711.0	0.3333333333333333
62098	360	0	5	0.8925	201.8	1009.0	0.6666666666666666
62099	361	0	5	0.895	196.4	982.0	0.3333333333333333
62100	399	0	5	0.99	114.2	571.0	0.6666666666666666
62101	132	0	5	0.3225	112.4	562.0	0.3333333333333333
62102	187	0	5	0.46	57.0	285.0	0.3333333333333333
62103	224	1	4	0.5575	168.4	842.0	1.0
62104	305	0	5	0.755	291.8	1459.0	0.6666666666666666
62105	287	0	5	0.71	158.6	793.0	0.3333333333333333
62106	183	0	5	0.45	95.4	477.0	0.3333333333333333
62107	221	0	5	0.545	134.2	671.0	0.3333333333333333
62108	164	0	5	0.4025	107.2	536.0	0.3333333333333333
62109	125	0	5	0.305	81.6	408.0	0.3333333333333333
62110	296	1	4	0.7375	214.8	1074.0	1.0
62111	216	1	4	0.5375	92.8	464.0	1.0
62112	258	0	5	0.6375	109.2	546.0	0.6666666666666666
62113	172	0	5	0.4225	122.8	614.0	0.0
62114	86	0	5	0.2075	52.8	264.0	0.0
62115	271	0	5	0.67	117.0	585.0	0.6666666666666666
62116	303	1	4	0.755	221.4	1107.0	1.0
62117	62	0	5	0.1475	60.0	300.0	0.0
62118	182	0	5	0.4475	84.4	422.0	0.3333333333333333
62119	390	0	5	0.9675	268.0	1340.0	0.3333333333333333
62120	90	0	5	0.2175	29.6	148.0	0.3333333333333333
62121	67	0	5	0.16	63.0	315.0	0.3333333333333333
62122	84	0	5	0.2025	68.4	342.0	0.0
62123	223	0	5	0.55	143.2	716.0	0.6666666666666666
62124	150	0	5	0.3675	105.2	526.0	0.3333333333333333
62125	370	1	4	0.9225	183.4	917.0	1.0
62126	141	0	5	0.345	60.2	301.0	0.3333333333333333
62127	396	0	5	0.9825	229.6	1148.0	0.6666666666666666
62128	316	0	5	0.7825	110.0	550.0	0.6666666666666666
62129	157	0	5	0.385	123.2	616.0	0.3333333333333333
62130	7	0	5	0.01	5.0	25.0	0.0
62131	238	0	5	0.5875	160.4	802.0	0.3333333333333333
62132	299	0	5	0.74	103.4	517.0	0.3333333333333333
62133	9	0	5	0.015	7.0	35.0	0.0
62134	242	0	5	0.5975	161.0	805.0	0.3333333333333333
62135	144	0	5	0.3525	96.4	482.0	0.3333333333333333
62136	353	0	5	0.875	273.2	1366.0	0.6666666666666666
62137	309	1	4	0.77	258.8	1294.0	1.0
62138	307	0	5	0.76	248.4	1242.0	0.3333333333333333
62139	151	0	5	0.37	70.6	353.0	0.6666666666666666
62140	85	0	5	0.205	67.4	337.0	0.3333333333333333
62141	24	0	5	0.0525	22.0	110.0	0.0
62142	22	0	5	0.0475	19.4	97.0	0.3333333333333333
62143	97	0	5	0.235	80.6	403.0	0.3333333333333333
62144	364	0	5	0.9025	217.4	1087.0	0.6666666666666666
62145	140	0	5	0.3425	118.0	590.0	0.6666666666666666
62146	311	0	5	0.77	180.6	903.0	0.6666666666666666
62147	235	0	5	0.58	146.6	733.0	0.3333333333333333
62148	151	0	5	0.37	108.6	543.0	0.3333333333333333
62149	355	0	5	0.88	291.4	1457.0	0.3333333333333333
62150	341	0	5	0.845	273.4	1367.0	0.3333333333333333
62151	147	1	4	0.365	82.6	413.0	1.0
62152	127	0	5	0.31	70.6	353.0	0.0
62153	276	0	5	0.6825	244.6	1223.0	0.0
62154	354	0	5	0.8775	187.0	935.0	0.6666666666666666
62155	108	0	5	0.2625	70.4	352.0	0.3333333333333333
62156	205	0	5	0.505	200.6	1003.0	0.0
62157	392	0	5	0.9725	209.2	1046.0	0.6666666666666666
62158	353	1	4	0.88	86.6	433.0	1.0
62159	81	0	5	0.195	40.0	200.0	0.3333333333333333
62160	236	0	5	0.5825	104.2	521.0	0.3333333333333333
62161	393	0	5	0.975	177.0	885.0	0.6666666666666666
62162	5	0	5	0.005	3.0	15.0	0.0
62163	400	0	5	0.9925	105.6	528.0	0.6666666666666666
62164	185	0	5	0.455	127.2	636.0	0.3333333333333333
62165	17	0	5	0.035	15.0	75.0	0.0
62166	215	0	5	0.53	213.0	1065.0	0.3333333333333333
62167	31	0	5	0.07	24.8	124.0	0.3333333333333333
62168	256	0	5	0.6325	106.0	530.0	0.6666666666666666
62169	148	0	5	0.3625	120.6	603.0	0.3333333333333333
62170	285	0	5	0.705	195.6	978.0	0.6666666666666666
62171	126	0	5	0.3075	121.0	605.0	0.3333333333333333
62172	264	0	5	0.6525	186.0	930.0	0.6666666666666666
62173	153	0	5	0.375	109.0	545.0	0.3333333333333333
62174	343	0	5	0.85	192.4	962.0	0.6666666666666666
62175	282	0	5	0.6975	187.2	936.0	0.3333333333333333
62176	337	0	5	0.835	266.2	1331.0	0.0
62177	207	0	5	0.51	56.2	281.0	0.6666666666666666
62178	278	1	4	0.6925	209.4	1047.0	1.0
62179	125	0	5	0.305	77.4	387.0	0.3333333333333333
62180	205	0	5	0.505	169.8	849.0	0.0
62181	116	0	5	0.2825	77.6	388.0	0.3333333333333333
62182	187	0	5	0.46	88.2	441.0	0.3333333333333333
62183	125	0	5	0.305	49.4	247.0	0.3333333333333333
62184	401	0	5	0.995	208.0	1040.0	0.6666666666666666
62185	15	0	5	0.03	12.2	61.0	0.0
62186	346	0	5	0.8575	233.0	1165.0	0.6666666666666666
62187	140	0	5	0.3425	125.4	627.0	0.3333333333333333
62188	240	0	5	0.5925	155.4	777.0	0.6666666666666666
62189	155	0	5	0.38	41.8	209.0	0.3333333333333333
62190	241	0	5	0.595	150.8	754.0	0.3333333333333333
62191	315	0	5	0.78	143.4	717.0	0.6666666666666666
62192	274	0	5	0.6775	245.8	1229.0	0.3333333333333333
62193	102	0	5	0.2475	100.0	500.0	0.0
62194	116	0	5	0.2825	54.8	274.0	0.3333333333333333
62195	214	0	5	0.5275	212.0	1060.0	0.0
62196	227	0	5	0.56	144.2	721.0	0.6666666666666666
62197	4	0	5	0.0025	2.0	10.0	0.0
62198	68	0	5	0.1625	66.0	330.0	0.0
62199	142	0	5	0.3475	93.0	465.0	0.6666666666666666
62200	60	0	5	0.1425	35.6	178.0	0.3333333333333333
62201	180	0	5	0.4425	49.6	248.0	0.6666666666666666
62202	193	0	5	0.475	119.8	599.0	0.3333333333333333
62203	89	0	5	0.215	72.8	364.0	0.3333333333333333
62204	305	0	5	0.755	271.2	1356.0	0.3333333333333333
62205	369	0	5	0.915	246.0	1230.0	0.3333333333333333
62206	297	0	5	0.735	208.4	1042.0	0.6666666666666666
62207	377	0	5	0.935	250.0	1250.0	0.6666666666666666
62208	2	0	5	0.0	0.0	0.0	0.0
62209	10	0	5	0.0175	8.0	40.0	0.0
62210	245	0	5	0.605	154.4	772.0	0.6666666666666666
62211	237	0	5	0.585	65.8	329.0	0.6666666666666666
62212	31	0	5	0.07	29.0	145.0	0.0
62213	249	0	5	0.615	211.6	1058.0	0.6666666666666666
62214	152	0	5	0.3725	94.8	474.0	0.3333333333333333
62215	341	0	5	0.845	169.0	845.0	0.0
62216	122	0	5	0.2975	120.0	600.0	0.0
62217	290	0	5	0.7175	191.2	956.0	0.3333333333333333
62218	128	0	5	0.3125	72.2	361.0	0.3333333333333333
62219	290	0	5	0.7175	192.4	962.0	0.6666666666666666
62220	307	0	5	0.76	196.4	982.0	0.3333333333333333
62221	239	0	5	0.59	205.8	1029.0	0.6666666666666666
62222	160	0	5	0.3925	60.4	302.0	0.0
62223	53	0	5	0.125	51.0	255.0	0.0
62224	159	0	5	0.39	122.6	613.0	0.3333333333333333
62225	331	0	5	0.82	217.0	1085.0	0.6666666666666666
62226	136	0	5	0.3325	134.0	670.0	0.0
62227	197	0	5	0.485	167.4	837.0	0.3333333333333333
62228	231	0	5	0.57	103.4	517.0	0.3333333333333333
62229	260	0	5	0.6425	206.2	1031.0	0.3333333333333333
62230	73	0	5	0.175	47.4	237.0	0.0
62231	213	0	5	0.525	201.4	1007.0	0.3333333333333333
62232	339	0	5	0.84	216.2	1081.0	0.6666666666666666
62233	152	0	5	0.3725	98.4	492.0	0.6666666666666666
62234	142	0	5	0.3475	47.2	236.0	0.0
62235	231	0	5	0.57	104.0	520.0	0.6666666666666666
62236	40	0	5	0.0925	38.0	190.0	0.0
62237	30	0	5	0.0675	23.4	117.0	0.0
62238	369	0	5	0.915	250.4	1252.0	0.6666666666666666
62239	148	0	5	0.3625	121.2	606.0	0.0
62240	119	0	5	0.29	78.0	390.0	0.3333333333333333
62241	125	0	5	0.305	45.2	226.0	0.3333333333333333
62242	294	0	5	0.7275	223.2	1116.0	0.3333333333333333
62243	307	0	5	0.76	221.0	1105.0	0.3333333333333333
62244	88	0	5	0.2125	86.0	430.0	0.0
62245	378	0	5	0.9375	130.0	650.0	0.6666666666666666
62246	323	0	5	0.8	204.0	1020.0	0.3333333333333333
62247	210	0	5	0.5175	71.6	358.0	0.6666666666666666
62248	158	0	5	0.3875	130.0	650.0	0.3333333333333333
62249	268	0	5	0.6625	185.8	929.0	0.6666666666666666
62250	382	1	4	0.9525	132.4	662.0	1.0
62251	339	1	4	0.845	165.0	825.0	1.0
62252	299	0	5	0.74	217.0	1085.0	0.3333333333333333
62253	80	0	5	0.1925	68.4	342.0	0.3333333333333333
62254	107	0	5	0.26	74.6	373.0	0.3333333333333333
62255	85	0	5	0.205	71.6	358.0	0.3333333333333333
62256	328	1	4	0.8175	225.6	1128.0	1.0
62257	78	0	5	0.1875	76.0	380.0	0.0
62258	144	0	5	0.3525	92.0	460.0	0.0
62259	361	0	5	0.895	224.6	1123.0	0.6666666666666666
62260	50	0	5	0.1175	48.0	240.0	0.0
62261	394	0	5	0.9775	268.8	1344.0	0.6666666666666666
62262	271	0	5	0.67	243.6	1218.0	0.0
62263	262	0	5	0.6475	172.4	862.0	0.3333333333333333
62264	126	0	5	0.3075	28.4	142.0	0.3333333333333333
62265	6	0	5	0.0075	4.0	20.0	0.0
62266	177	1	4	0.44	102.8	514.0	1.0
62267	147	0	5	0.36	93.8	469.0	0.3333333333333333
62268	336	0	5	0.8325	276.0	1380.0	0.6666666666666666
62269	332	0	5	0.8225	244.8	1224.0	0.3333333333333333
62270	368	0	5	0.9125	249.2	1246.0	0.6666666666666666
62271	329	0	5	0.815	125.0	625.0	0.6666666666666666
62272	332	0	5	0.8225	158.0	790.0	0.6666666666666666
62273	139	1	4	0.345	127.0	635.0	1.0
62274	235	0	5	0.58	108.6	543.0	0.3333333333333333
62275	122	0	5	0.2975	61.0	305.0	0.3333333333333333
62276	201	0	5	0.495	176.6	883.0	0.0
62277	272	0	5	0.6725	82.0	410.0	0.0
62278	18	0	5	0.0375	15.8	79.0	0.0
62279	157	0	5	0.385	44.0	220.0	0.3333333333333333
62280	285	0	5	0.705	193.4	967.0	0.3333333333333333
62281	288	0	5	0.7125	229.6	1148.0	0.3333333333333333
62282	323	0	5	0.8	244.4	1222.0	0.6666666666666666
62283	190	0	5	0.4675	111.2	556.0	0.6666666666666666
62284	104	0	5	0.2525	102.0	510.0	0.0
62285	61	0	5	0.145	59.0	295.0	0.0
62286	152	0	5	0.3725	96.0	480.0	0.3333333333333333
62287	343	0	5	0.85	273.6	1368.0	0.3333333333333333
62288	195	1	4	0.485	145.8	729.0	1.0
62289	247	0	5	0.61	73.0	365.0	0.3333333333333333
62290	343	0	5	0.85	227.0	1135.0	0.6666666666666666
62291	126	0	5	0.3075	43.2	216.0	0.6666666666666666
62292	321	0	5	0.795	111.8	559.0	0.6666666666666666
62293	227	0	5	0.56	218.0	1090.0	0.0
62294	341	1	4	0.85	227.8	1139.0	1.0
62295	11	0	5	0.02	9.0	45.0	0.0
62296	310	0	5	0.7675	284.8	1424.0	0.0
62297	158	0	5	0.3875	138.8	694.0	0.0
62298	396	0	5	0.9825	197.6	988.0	0.6666666666666666
62299	134	0	5	0.3275	119.4	597.0	0.3333333333333333
62300	190	0	5	0.4675	61.6	308.0	0.6666666666666666
62301	328	0	5	0.8125	160.6	803.0	0.6666666666666666
62302	311	0	5	0.77	178.6	893.0	0.6666666666666666
62303	292	0	5	0.7225	156.8	784.0	0.6666666666666666
62304	352	0	5	0.8725	283.2	1416.0	0.6666666666666666
62305	203	1	4	0.505	139.0	695.0	1.0
62306	284	0	5	0.7025	156.0	780.0	0.3333333333333333
62307	379	0	5	0.94	244.4	1222.0	0.6666666666666666
62308	94	0	5	0.2275	92.0	460.0	0.0
62309	198	0	5	0.4875	169.0	845.0	0.6666666666666666
62310	80	0	5	0.1925	66.8	334.0	0.3333333333333333
62311	298	0	5	0.7375	238.0	1190.0	0.6666666666666666
62312	141	0	5	0.345	59.0	295.0	0.3333333333333333
62313	202	0	5	0.4975	133.4	667.0	0.3333333333333333
62314	302	0	5	0.7475	224.6	1123.0	0.0
62315	247	0	5	0.61	161.4	807.0	0.6666666666666666
62316	86	0	5	0.2075	84.0	420.0	0.0
62317	75	0	5	0.18	60.2	301.0	0.3333333333333333
62318	294	0	5	0.7275	262.0	1310.0	0.3333333333333333
62319	344	0	5	0.8525	113.0	565.0	0.6666666666666666
62320	397	0	5	0.985	220.0	1100.0	0.6666666666666666
62321	197	1	4	0.49	126.6	633.0	1.0
62322	127	0	5	0.31	113.8	569.0	0.3333333333333333
62323	10	0	5	0.0175	8.0	40.0	0.0
62324	256	0	5	0.6325	99.0	495.0	0.6666666666666666
62325	341	0	5	0.845	245.0	1225.0	0.6666666666666666
62326	271	0	5	0.67	233.8	1169.0	0.6666666666666666
62327	86	0	5	0.2075	84.0	420.0	0.0
62328	283	0	5	0.7	196.6	983.0	0.3333333333333333
62329	148	0	5	0.3625	105.2	526.0	0.0
62330	257	0	5	0.635	239.0	1195.0	0.3333333333333333
62331	95	0	5	0.23	69.0	345.0	0.3333333333333333
62332	183	0	5	0.45	71.6	358.0	0.3333333333333333
62333	251	0	5	0.62	249.0	1245.0	0.0
62334	321	0	5	0.795	227.8	1139.0	0.3333333333333333
62335	317	0	5	0.785	238.2	1191.0	0.3333333333333333
62336	223	0	5	0.55	221.0	1105.0	0.0
62337	344	0	5	0.8525	72.4	362.0	0.6666666666666666
62338	301	0	5	0.745	147.4	737.0	0.3333333333333333
62339	47	0	5	0.11	17.8	89.0	0.3333333333333333
62340	33	0	5	0.075	27.4	137.0	0.3333333333333333
62341	399	0	5	0.99	192.4	962.0	0.6666666666666666
62342	382	0	5	0.9475	245.2	1226.0	0.6666666666666666
62343	320	0	5	0.7925	244.4	1222.0	0.6666666666666666
62344	120	0	5	0.2925	106.0	530.0	0.3333333333333333
62345	366	0	5	0.9075	184.2	921.0	0.6666666666666666
62346	192	0	5	0.4725	69.2	346.0	0.3333333333333333
62347	23	0	5	0.05	21.0	105.0	0.0
62348	185	0	5	0.455	134.2	671.0	0.6666666666666666
62349	13	0	5	0.025	11.0	55.0	0.0
62350	88	0	5	0.2125	30.8	154.0	0.6666666666666666
62351	27	0	5	0.06	25.0	125.0	0.0
62352	113	0	5	0.275	75.8	379.0	0.0
62353	313	0	5	0.775	241.0	1205.0	0.6666666666666666
62354	401	0	5	0.995	265.0	1325.0	0.6666666666666666
62355	67	0	5	0.16	25.8	129.0	0.0
62356	268	0	5	0.6625	61.0	305.0	0.6666666666666666
62357	36	0	5	0.0825	34.0	170.0	0.0
62358	37	0	5	0.085	35.0	175.0	0.0
62359	155	0	5	0.38	105.0	525.0	0.0
62360	158	0	5	0.3875	139.6	698.0	0.3333333333333333
62361	398	0	5	0.9875	162.8	814.0	0.6666666666666666
62362	137	0	5	0.335	81.6	408.0	0.3333333333333333
62363	309	0	5	0.765	181.0	905.0	0.6666666666666666
62364	153	0	5	0.375	145.4	727.0	0.3333333333333333
62365	287	0	5	0.71	213.8	1069.0	0.3333333333333333
62366	201	0	5	0.495	143.8	719.0	0.0
62367	220	0	5	0.5425	148.8	744.0	0.0
62368	254	1	4	0.6325	131.6	658.0	1.0
62369	189	1	4	0.47	141.0	705.0	1.0
62370	122	1	3	0.3025	89.8	449.0	1.0
62371	152	0	5	0.3725	133.2	666.0	0.6666666666666666
62372	78	0	5	0.1875	68.2	341.0	0.0
62373	113	0	5	0.275	90.6	453.0	0.3333333333333333
62374	368	0	5	0.9125	130.6	653.0	0.6666666666666666
62375	302	0	5	0.7475	164.0	820.0	0.6666666666666666
62376	106	0	5	0.2575	102.8	514.0	0.3333333333333333
62377	108	0	5	0.2625	71.8	359.0	0.0
62378	77	0	5	0.185	60.0	300.0	0.3333333333333333
62379	240	0	5	0.5925	122.8	614.0	0.6666666666666666
62380	84	0	5	0.2025	82.0	410.0	0.0
62381	90	0	5	0.2175	31.2	156.0	0.3333333333333333
62382	355	0	5	0.88	282.6	1413.0	0.6666666666666666
62383	169	0	5	0.415	125.0	625.0	0.6666666666666666
62384	191	0	5	0.47	45.4	227.0	0.3333333333333333
62385	282	0	5	0.6975	84.0	420.0	0.6666666666666666
62386	9	0	5	0.015	7.0	35.0	0.0
62387	62	0	5	0.1475	60.0	300.0	0.0
62388	75	0	5	0.18	73.0	365.0	0.0
62389	81	0	5	0.195	79.0	395.0	0.0
62390	178	0	5	0.4375	68.0	340.0	0.3333333333333333
62391	247	0	5	0.61	154.0	770.0	0.3333333333333333
62392	382	0	5	0.9475	123.2	616.0	0.6666666666666666
62393	357	0	5	0.885	171.8	859.0	0.3333333333333333
62394	79	0	5	0.19	77.0	385.0	0.0
62395	73	0	5	0.175	32.8	164.0	0.3333333333333333
62396	386	1	4	0.9625	156.4	782.0	1.0
62397	175	0	5	0.43	143.0	715.0	0.3333333333333333
62398	145	0	5	0.355	143.0	715.0	0.0
62399	156	0	5	0.3825	125.2	626.0	0.3333333333333333
62400	374	1	4	0.9325	125.2	626.0	1.0
62401	199	0	5	0.49	139.8	699.0	0.3333333333333333
62402	241	1	4	0.6	144.2	721.0	1.0
62403	282	1	4	0.7025	204.0	1020.0	1.0
62404	369	0	5	0.915	268.8	1344.0	0.6666666666666666
62405	68	0	5	0.1625	37.2	186.0	0.3333333333333333
62406	333	0	5	0.825	115.0	575.0	0.3333333333333333
62407	88	0	5	0.2125	84.0	420.0	0.0
62408	394	0	5	0.9775	171.2	856.0	0.6666666666666666
62409	278	0	5	0.6875	266.0	1330.0	0.6666666666666666
62410	209	0	5	0.515	89.8	449.0	0.6666666666666666
62411	392	1	4	0.9775	255.6	1278.0	1.0
62412	125	0	5	0.305	123.0	615.0	0.0
62413	47	0	5	0.11	41.4	207.0	0.0
62414	51	0	5	0.12	41.4	207.0	0.0
62415	5	0	5	0.005	3.0	15.0	0.0
62416	240	0	5	0.5925	159.6	798.0	0.3333333333333333
62417	206	0	5	0.5075	159.8	799.0	0.0
62418	254	0	5	0.6275	89.2	446.0	0.6666666666666666
62419	58	0	5	0.1375	36.0	180.0	0.0
62420	69	0	5	0.165	67.0	335.0	0.0
62421	188	0	5	0.4625	127.2	636.0	0.6666666666666666
62422	285	0	5	0.705	116.0	580.0	0.3333333333333333
62423	296	0	5	0.7325	241.8	1209.0	0.3333333333333333
62424	320	0	5	0.7925	180.8	904.0	0.3333333333333333
62425	262	0	5	0.6475	114.0	570.0	0.6666666666666666
62426	386	0	5	0.9575	230.2	1151.0	0.6666666666666666
62427	357	0	5	0.885	234.0	1170.0	0.3333333333333333
62428	69	0	5	0.165	67.0	335.0	0.0
62429	324	0	5	0.8025	135.6	678.0	0.6666666666666666
62430	194	0	5	0.4775	90.4	452.0	0.3333333333333333
62431	11	0	5	0.02	9.0	45.0	0.0
62432	182	1	4	0.4525	75.6	378.0	1.0
62433	240	0	5	0.5925	114.8	574.0	0.6666666666666666
62434	74	0	5	0.1775	40.4	202.0	0.3333333333333333
62435	304	0	5	0.7525	240.2	1201.0	0.0
62436	351	0	5	0.87	209.8	1049.0	0.6666666666666666
62437	185	0	5	0.455	111.6	558.0	0.6666666666666666
62438	167	0	5	0.41	141.8	709.0	0.3333333333333333
62439	185	0	5	0.455	83.0	415.0	0.3333333333333333
62440	341	0	5	0.845	227.4	1137.0	0.3333333333333333
62441	226	0	5	0.5575	148.4	742.0	0.6666666666666666
62442	371	0	5	0.92	261.2	1306.0	0.6666666666666666
62443	104	0	5	0.2525	23.6	118.0	0.0
62444	204	0	5	0.5025	192.4	962.0	0.6666666666666666
62445	347	1	4	0.865	79.0	395.0	1.0
62446	210	0	5	0.5175	190.4	952.0	0.3333333333333333
62447	102	0	5	0.2475	60.2	301.0	0.3333333333333333
62448	336	0	5	0.8325	298.0	1490.0	0.6666666666666666
62449	200	0	5	0.4925	172.4	862.0	0.3333333333333333
62450	257	0	5	0.635	110.2	551.0	0.6666666666666666
62451	203	0	5	0.5	106.6	533.0	0.3333333333333333
62452	170	0	5	0.4175	108.0	540.0	0.3333333333333333
62453	366	1	4	0.9125	236.6	1183.0	1.0
62454	118	0	5	0.2875	109.6	548.0	0.3333333333333333
62455	54	0	5	0.1275	34.0	170.0	0.3333333333333333
62456	138	0	5	0.3375	136.0	680.0	0.0
62457	76	0	5	0.1825	61.2	306.0	0.3333333333333333
62458	299	0	5	0.74	139.2	696.0	0.6666666666666666
62459	289	0	5	0.715	156.6	783.0	0.3333333333333333
62460	389	0	5	0.965	336.4	1682.0	0.6666666666666666
62461	117	0	5	0.285	67.0	335.0	0.3333333333333333
62462	235	0	5	0.58	112.2	561.0	0.3333333333333333
62463	133	0	5	0.325	130.2	651.0	0.0
62464	17	0	5	0.035	15.0	75.0	0.0
62465	166	0	5	0.4075	164.0	820.0	0.0
62466	375	0	5	0.93	125.0	625.0	0.6666666666666666
62467	311	0	5	0.77	101.8	509.0	0.3333333333333333
62468	298	1	4	0.7425	180.8	904.0	1.0
62469	309	1	4	0.77	173.2	866.0	1.0
62470	319	0	5	0.79	207.6	1038.0	0.6666666666666666
62471	294	0	5	0.7275	75.0	375.0	0.3333333333333333
62472	279	0	5	0.69	217.2	1086.0	0.6666666666666666
62473	188	0	5	0.4625	102.2	511.0	0.6666666666666666
62474	218	0	5	0.5375	64.0	320.0	0.6666666666666666
62475	68	0	5	0.1625	66.0	330.0	0.0
62476	80	0	5	0.1925	54.4	272.0	0.3333333333333333
62477	253	0	5	0.625	163.8	819.0	0.3333333333333333
62478	248	0	5	0.6125	110.8	554.0	0.6666666666666666
62479	109	0	5	0.265	70.6	353.0	0.3333333333333333
62480	265	0	5	0.655	110.0	550.0	0.0
62481	380	0	5	0.9425	230.2	1151.0	0.6666666666666666
62482	338	0	5	0.8375	213.2	1066.0	0.6666666666666666
62483	101	0	5	0.245	71.0	355.0	0.6666666666666666
62484	137	0	5	0.335	69.4	347.0	0.3333333333333333
62485	262	0	5	0.6475	114.8	574.0	0.3333333333333333
62486	159	0	5	0.39	115.4	577.0	0.0
62487	130	0	5	0.3175	89.6	448.0	0.6666666666666666
62488	352	1	4	0.8775	108.8	544.0	1.0
62489	309	0	5	0.765	209.8	1049.0	0.3333333333333333
62490	254	0	5	0.6275	108.8	544.0	0.6666666666666666
62491	139	0	5	0.34	67.4	337.0	0.3333333333333333
62492	292	0	5	0.7225	192.2	961.0	0.6666666666666666
62493	367	0	5	0.91	205.0	1025.0	0.3333333333333333
62494	374	0	5	0.9275	288.2	1441.0	0.6666666666666666
62495	384	0	5	0.9525	253.2	1266.0	0.6666666666666666
62496	345	1	4	0.86	266.4	1332.0	1.0
62497	116	0	5	0.2825	74.0	370.0	0.3333333333333333
62498	352	0	5	0.8725	340.2	1701.0	0.0
62499	54	0	5	0.1275	48.2	241.0	0.0
62500	205	1	4	0.51	144.0	720.0	1.0
62501	109	0	5	0.265	72.8	364.0	0.3333333333333333
62502	310	1	4	0.7725	200.8	1004.0	1.0
62503	226	0	5	0.5575	162.6	813.0	0.6666666666666666
62504	200	0	5	0.4925	198.0	990.0	0.0
62505	258	0	5	0.6375	160.8	804.0	0.3333333333333333
62506	24	0	5	0.0525	22.0	110.0	0.0
62507	259	0	5	0.64	117.0	585.0	0.3333333333333333
62508	85	0	5	0.205	57.8	289.0	0.6666666666666666
62509	265	0	5	0.655	87.6	438.0	0.6666666666666666
62510	323	0	5	0.8	227.8	1139.0	0.6666666666666666
62511	370	0	5	0.9175	206.2	1031.0	0.6666666666666666
62512	370	0	5	0.9175	232.0	1160.0	0.6666666666666666
62513	308	0	5	0.7625	158.4	792.0	0.6666666666666666
62514	224	0	5	0.5525	184.2	921.0	0.3333333333333333
62515	367	0	5	0.91	297.4	1487.0	0.6666666666666666
62516	102	0	5	0.2475	100.0	500.0	0.0
62517	184	0	5	0.4525	159.4	797.0	0.6666666666666666
62518	323	0	5	0.8	129.2	646.0	0.3333333333333333
62519	372	0	5	0.9225	120.8	604.0	0.6666666666666666
62520	72	0	5	0.1725	67.6	338.0	0.0
62521	248	0	5	0.6125	191.2	956.0	0.3333333333333333
62522	145	0	5	0.355	142.4	712.0	0.0
62523	336	0	5	0.8325	146.2	731.0	0.6666666666666666
62524	78	0	5	0.1875	76.0	380.0	0.0
62525	228	0	5	0.5625	194.8	974.0	0.0
62526	233	0	5	0.575	230.4	1152.0	0.0
62527	37	0	5	0.085	35.0	175.0	0.0
62528	227	0	5	0.56	222.0	1110.0	0.0
62529	66	0	5	0.1575	22.4	112.0	0.3333333333333333
62530	223	0	5	0.55	136.8	684.0	0.0
62531	356	1	4	0.8875	203.4	1017.0	1.0
62532	272	0	5	0.6725	157.8	789.0	0.3333333333333333
62533	263	0	5	0.65	197.2	986.0	0.6666666666666666
62534	186	0	5	0.4575	184.0	920.0	0.0
62535	225	0	5	0.555	216.6	1083.0	0.3333333333333333
62536	20	0	5	0.0425	18.0	90.0	0.0
62537	83	0	5	0.2	81.0	405.0	0.0
62538	308	0	5	0.7625	106.2	531.0	0.6666666666666666
62539	327	0	5	0.81	156.4	782.0	0.6666666666666666
62540	10	0	5	0.0175	8.0	40.0	0.0
62541	263	0	5	0.65	81.6	408.0	0.6666666666666666
62542	263	1	4	0.655	100.8	504.0	1.0
62543	224	0	5	0.5525	171.2	856.0	0.0
62544	298	0	5	0.7375	218.2	1091.0	0.3333333333333333
62545	169	1	4	0.42	117.8	589.0	1.0
62546	181	0	5	0.445	79.0	395.0	0.6666666666666666
62547	180	0	5	0.4425	178.0	890.0	0.0
62548	354	0	5	0.8775	217.2	1086.0	0.3333333333333333
62549	291	0	5	0.72	129.8	649.0	0.6666666666666666
62550	224	0	5	0.5525	194.6	973.0	0.0
62551	160	0	5	0.3925	63.6	318.0	0.6666666666666666
62552	262	0	5	0.6475	65.6	328.0	0.6666666666666666
62553	381	1	4	0.95	195.8	979.0	1.0
62554	159	0	5	0.39	75.4	377.0	0.3333333333333333
62555	383	0	5	0.95	113.8	569.0	0.6666666666666666
62556	306	0	5	0.7575	109.2	546.0	0.6666666666666666
62557	397	0	5	0.985	174.6	873.0	0.6666666666666666
62558	54	0	5	0.1275	52.0	260.0	0.0
62559	212	0	5	0.5225	210.0	1050.0	0.0
62560	214	0	5	0.5275	197.0	985.0	0.3333333333333333
62561	146	0	5	0.3575	116.2	581.0	0.0
62562	297	1	4	0.74	158.8	794.0	1.0
62563	366	1	4	0.9125	153.6	768.0	1.0
62564	318	0	5	0.7875	93.4	467.0	0.6666666666666666
62565	6	0	5	0.0075	4.0	20.0	0.0
62566	163	0	5	0.4	117.8	589.0	0.3333333333333333
62567	134	0	5	0.3275	92.8	464.0	0.0
62568	40	0	5	0.0925	38.0	190.0	0.0
62569	366	0	5	0.9075	228.0	1140.0	0.6666666666666666
62570	25	0	5	0.055	23.0	115.0	0.0
62571	135	0	5	0.33	107.4	537.0	0.3333333333333333
62572	45	0	5	0.105	43.0	215.0	0.0
62573	360	1	4	0.8975	129.2	646.0	1.0
62574	304	0	5	0.7525	263.6	1318.0	0.6666666666666666
62575	148	0	5	0.3625	125.2	626.0	0.3333333333333333
62576	163	0	5	0.4	105.6	528.0	0.6666666666666666
62577	100	0	5	0.2425	92.4	462.0	0.3333333333333333
62578	45	0	5	0.105	33.4	167.0	0.0
62579	34	0	5	0.0775	32.0	160.0	0.0
62580	38	0	5	0.0875	36.0	180.0	0.0
62581	56	0	5	0.1325	54.0	270.0	0.0
62582	128	0	5	0.3125	81.6	408.0	0.3333333333333333
62583	301	0	5	0.745	67.0	335.0	0.6666666666666666
62584	43	0	5	0.1	41.0	205.0	0.0
62585	233	0	5	0.575	201.4	1007.0	0.0
62586	229	0	5	0.565	173.4	867.0	0.3333333333333333
62587	283	0	5	0.7	147.6	738.0	0.6666666666666666
62588	263	0	5	0.65	80.2	401.0	0.3333333333333333
62589	35	0	5	0.08	30.2	151.0	0.3333333333333333
62590	230	0	5	0.5675	83.6	418.0	0.6666666666666666
62591	162	0	5	0.3975	120.4	602.0	0.3333333333333333
62592	147	1	4	0.365	33.4	167.0	1.0
62593	271	0	5	0.67	145.6	728.0	0.3333333333333333
62594	194	0	5	0.4775	114.2	571.0	0.3333333333333333
62595	48	0	5	0.1125	46.0	230.0	0.0
62596	8	0	5	0.0125	5.0	25.0	0.0
62597	323	1	4	0.805	173.0	865.0	1.0
62598	353	0	5	0.875	170.2	851.0	0.6666666666666666
62599	64	0	5	0.1525	62.0	310.0	0.0
62600	151	0	5	0.37	66.2	331.0	0.0
62601	155	0	5	0.38	135.0	675.0	0.3333333333333333
62602	214	0	5	0.5275	202.8	1014.0	0.0
62603	148	0	5	0.3625	74.6	373.0	0.6666666666666666
62604	239	0	5	0.59	149.4	747.0	0.3333333333333333
62605	152	0	5	0.3725	86.0	430.0	0.6666666666666666
62606	148	0	5	0.3625	91.6	458.0	0.0
62607	358	0	5	0.8875	125.6	628.0	0.3333333333333333
62608	23	0	5	0.05	21.0	105.0	0.0
62609	384	0	5	0.9525	199.6	998.0	0.3333333333333333
62610	168	0	5	0.4125	128.0	640.0	0.6666666666666666
62611	298	0	5	0.7375	193.2	966.0	0.6666666666666666
62612	268	0	5	0.6625	123.4	617.0	0.0
62613	390	0	5	0.9675	199.2	996.0	0.6666666666666666
62614	181	0	5	0.445	51.4	257.0	0.3333333333333333
62615	115	0	5	0.28	113.0	565.0	0.0
62616	2	0	5	0.0	0.0	0.0	0.0
62617	288	0	5	0.7125	208.8	1044.0	0.6666666666666666
62618	216	0	5	0.5325	144.4	722.0	0.3333333333333333
62619	150	0	5	0.3675	99.2	496.0	0.3333333333333333
62620	235	0	5	0.58	133.2	666.0	0.6666666666666666
62621	361	0	5	0.895	128.0	640.0	0.6666666666666666
62622	329	0	5	0.815	222.8	1114.0	0.6666666666666666
62623	27	0	5	0.06	13.0	65.0	0.3333333333333333
62624	152	0	5	0.3725	71.4	357.0	0.3333333333333333
62625	295	0	5	0.73	108.6	543.0	0.6666666666666666
62626	385	1	4	0.96	371.8	1859.0	1.0
62627	262	1	4	0.6525	140.8	704.0	1.0
62628	238	0	5	0.5875	234.2	1171.0	0.0
62629	117	0	5	0.285	111.4	557.0	0.0
62630	17	0	5	0.035	15.0	75.0	0.0
62631	358	0	5	0.8875	213.6	1068.0	0.6666666666666666
62632	257	1	4	0.64	94.6	473.0	1.0
62633	364	0	5	0.9025	165.2	826.0	0.6666666666666666
62634	233	0	5	0.575	118.6	593.0	0.6666666666666666
62635	34	0	5	0.0775	22.4	112.0	0.3333333333333333
62636	36	0	5	0.0825	34.0	170.0	0.0
62637	281	0	5	0.695	173.8	869.0	0.3333333333333333
62638	103	0	5	0.25	101.0	505.0	0.0
62639	268	1	4	0.6675	196.0	980.0	1.0
62640	314	0	5	0.7775	107.6	538.0	0.6666666666666666
62641	63	0	5	0.15	61.0	305.0	0.0
62642	186	0	5	0.4575	104.6	523.0	0.3333333333333333
62643	164	0	5	0.4025	115.4	577.0	0.6666666666666666
62644	306	0	5	0.7575	88.0	440.0	0.3333333333333333
62645	323	1	4	0.805	247.2	1236.0	1.0
62646	32	0	5	0.0725	30.0	150.0	0.0
62647	24	0	5	0.0525	17.2	86.0	0.3333333333333333
62648	300	0	5	0.7425	190.4	952.0	0.3333333333333333
62649	324	1	4	0.8075	110.2	551.0	1.0
62650	400	0	5	0.9925	301.6	1508.0	0.6666666666666666
62651	377	0	5	0.935	264.6	1323.0	0.0
62652	94	1	4	0.2325	41.4	207.0	1.0
62653	280	0	5	0.6925	126.2	631.0	0.3333333333333333
62654	368	1	4	0.9175	169.8	849.0	1.0
62655	167	0	5	0.41	59.4	297.0	0.6666666666666666
62656	165	0	5	0.405	80.4	402.0	0.6666666666666666
62657	271	0	5	0.67	192.8	964.0	0.3333333333333333
62658	69	0	5	0.165	67.0	335.0	0.0
62659	257	0	5	0.635	156.2	781.0	0.6666666666666666
62660	158	0	5	0.3875	149.0	745.0	0.0
62661	230	1	4	0.5725	69.2	346.0	1.0
62662	151	0	5	0.37	37.8	189.0	0.3333333333333333
62663	122	0	5	0.2975	120.0	600.0	0.0
62664	108	0	5	0.2625	103.4	517.0	0.0
62665	76	0	5	0.1825	48.0	240.0	0.0
62666	257	0	5	0.635	90.2	451.0	0.0
62667	257	0	5	0.635	125.4	627.0	0.3333333333333333
62668	136	0	5	0.3325	107.6	538.0	0.3333333333333333
62669	213	0	5	0.525	167.4	837.0	0.3333333333333333
62670	269	0	5	0.665	221.4	1107.0	0.3333333333333333
62671	392	0	5	0.9725	204.2	1021.0	0.6666666666666666
62672	48	0	5	0.1125	45.2	226.0	0.3333333333333333
62673	328	0	5	0.8125	165.6	828.0	0.6666666666666666
62674	341	1	4	0.85	151.4	757.0	1.0
62675	256	1	4	0.6375	106.2	531.0	1.0
62676	176	0	5	0.4325	125.4	627.0	0.3333333333333333
62677	342	0	5	0.8475	172.0	860.0	0.6666666666666666
62678	297	0	5	0.735	99.0	495.0	0.6666666666666666
62679	223	1	4	0.555	55.8	279.0	1.0
62680	247	0	5	0.61	89.0	445.0	0.3333333333333333
62681	275	0	5	0.68	110.6	553.0	0.6666666666666666
62682	178	0	5	0.4375	112.0	560.0	0.3333333333333333
62683	384	1	4	0.9575	278.6	1393.0	1.0
62684	306	0	5	0.7575	195.0	975.0	0.3333333333333333
62685	91	0	5	0.22	74.8	374.0	0.3333333333333333
62686	383	0	5	0.95	160.6	803.0	0.3333333333333333
62687	177	0	5	0.435	119.8	599.0	0.6666666666666666
62688	338	0	5	0.8375	193.2	966.0	0.0
62689	312	1	4	0.7775	130.2	651.0	1.0
62690	342	0	5	0.8475	123.6	618.0	0.6666666666666666
62691	94	0	5	0.2275	92.0	460.0	0.0
62692	327	0	5	0.81	110.6	553.0	0.6666666666666666
62693	162	0	5	0.3975	81.4	407.0	0.6666666666666666
62694	208	0	5	0.5125	163.6	818.0	0.3333333333333333
62695	16	0	5	0.0325	7.2	36.0	0.3333333333333333
62696	243	0	5	0.6	205.4	1027.0	0.3333333333333333
62697	162	0	5	0.3975	91.2	456.0	0.6666666666666666
62698	124	0	5	0.3025	107.6	538.0	0.0
62699	49	0	5	0.115	43.0	215.0	0.0
62700	184	0	5	0.4525	167.6	838.0	0.3333333333333333
62701	280	0	5	0.6925	215.6	1078.0	0.3333333333333333
62702	262	1	4	0.6525	111.2	556.0	1.0
62703	296	1	4	0.7375	126.6	633.0	1.0
62704	264	1	4	0.6575	208.4	1042.0	1.0
62705	144	0	5	0.3525	71.2	356.0	0.3333333333333333
62706	382	0	5	0.9475	251.8	1259.0	0.6666666666666666
62707	21	0	5	0.045	19.0	95.0	0.0
62708	25	0	5	0.055	21.4	107.0	0.3333333333333333
62709	115	1	4	0.285	89.2	446.0	1.0
62710	69	0	5	0.165	67.0	335.0	0.0
62711	299	0	5	0.74	165.6	828.0	0.6666666666666666
62712	167	0	5	0.41	41.8	209.0	0.3333333333333333
62713	393	0	5	0.975	148.6	743.0	0.6666666666666666
62714	51	0	5	0.12	35.0	175.0	0.0
62715	234	0	5	0.5775	199.2	996.0	0.3333333333333333
62716	131	0	5	0.32	129.0	645.0	0.0
62717	384	0	5	0.9525	229.4	1147.0	0.6666666666666666
62718	365	1	4	0.91	220.4	1102.0	1.0
62719	97	0	5	0.235	70.6	353.0	0.0
62720	379	1	4	0.945	262.2	1311.0	1.0
62721	57	0	5	0.135	40.6	203.0	0.6666666666666666
62722	38	0	5	0.0875	19.2	96.0	0.3333333333333333
62723	291	0	5	0.72	97.0	485.0	0.6666666666666666
62724	263	0	5	0.65	185.6	928.0	0.6666666666666666
62725	287	0	5	0.71	226.6	1133.0	0.0
62726	311	0	5	0.77	155.0	775.0	0.3333333333333333
62727	217	0	5	0.535	173.0	865.0	0.3333333333333333
62728	170	0	5	0.4175	107.4	537.0	0.6666666666666666
62729	392	0	5	0.9725	152.4	762.0	0.6666666666666666
62730	331	1	4	0.825	187.2	936.0	1.0
62731	255	0	5	0.63	216.6	1083.0	0.3333333333333333
62732	28	0	5	0.0625	26.0	130.0	0.0
62733	20	0	5	0.0425	18.0	90.0	0.0
62734	80	0	5	0.1925	78.0	390.0	0.0
62735	121	0	5	0.295	70.0	350.0	0.3333333333333333
62736	271	0	5	0.67	129.6	648.0	0.3333333333333333
62737	164	0	5	0.4025	105.0	525.0	0.0
62738	334	0	5	0.8275	160.2	801.0	0.6666666666666666
62739	59	0	5	0.14	46.6	233.0	0.0
62740	213	0	5	0.525	211.0	1055.0	0.0
62741	3	0	5	0.0025	0.4	2.0	0.3333333333333333
62742	72	0	5	0.1725	40.6	203.0	0.3333333333333333
62743	316	1	4	0.7875	64.8	324.0	1.0
62744	95	0	5	0.23	87.4	437.0	0.0
62745	4	0	5	0.0025	2.0	10.0	0.0
62746	288	0	5	0.7125	188.8	944.0	0.0
62747	251	0	5	0.62	100.4	502.0	0.6666666666666666
62748	182	0	5	0.4475	89.2	446.0	0.3333333333333333
62749	308	0	5	0.7625	158.4	792.0	0.6666666666666666
62750	247	0	5	0.61	163.4	817.0	0.0
62751	23	0	5	0.05	20.6	103.0	0.0
62752	282	0	5	0.6975	136.0	680.0	0.3333333333333333
62753	368	1	4	0.9175	204.8	1024.0	1.0
62754	222	0	5	0.5475	180.4	902.0	0.6666666666666666
62755	355	0	5	0.88	277.2	1386.0	0.3333333333333333
62756	216	0	5	0.5325	214.0	1070.0	0.0
62757	389	0	5	0.965	188.6	943.0	0.6666666666666666
62758	92	0	5	0.2225	24.4	122.0	0.3333333333333333
62759	338	1	4	0.8425	203.8	1019.0	1.0
62760	93	0	5	0.225	67.0	335.0	0.3333333333333333
62761	329	0	5	0.815	240.4	1202.0	0.6666666666666666
62762	383	0	5	0.95	197.6	988.0	0.6666666666666666
62763	331	0	5	0.82	139.0	695.0	0.3333333333333333
62764	269	0	5	0.665	184.2	921.0	0.3333333333333333
62765	234	0	5	0.5775	147.6	738.0	0.6666666666666666
62766	373	0	5	0.925	172.0	860.0	0.6666666666666666
62767	280	0	5	0.6925	195.6	978.0	0.3333333333333333
62768	113	0	5	0.275	62.2	311.0	0.6666666666666666
62769	193	0	5	0.475	186.8	934.0	0.3333333333333333
62770	91	0	5	0.22	85.8	429.0	0.0
62771	131	1	4	0.325	43.0	215.0	1.0
62772	357	1	4	0.89	268.0	1340.0	1.0
62773	264	0	5	0.6525	129.6	648.0	0.6666666666666666
62774	177	0	5	0.435	74.2	371.0	0.3333333333333333
62775	344	1	4	0.8575	76.0	380.0	1.0
62776	182	0	5	0.4475	97.6	488.0	0.3333333333333333
62777	264	0	5	0.6525	183.0	915.0	0.0
62778	277	0	5	0.685	223.8	1119.0	0.3333333333333333
62779	345	1	4	0.86	157.4	787.0	1.0
62780	35	0	5	0.08	33.0	165.0	0.0
62781	62	0	5	0.1475	12.2	61.0	0.3333333333333333
62782	190	0	5	0.4675	188.0	940.0	0.0
62783	323	0	5	0.8	121.4	607.0	0.6666666666666666
62784	205	0	5	0.505	183.8	919.0	0.3333333333333333
62785	84	0	5	0.2025	82.0	410.0	0.0
62786	212	1	4	0.5275	151.0	755.0	1.0
62787	214	0	5	0.5275	150.0	750.0	0.6666666666666666
62788	127	0	5	0.31	87.0	435.0	0.3333333333333333
62789	274	0	5	0.6775	263.0	1315.0	0.6666666666666666
62790	290	0	5	0.7175	266.2	1331.0	0.3333333333333333
62791	125	0	5	0.305	123.0	615.0	0.0
62792	124	0	5	0.3025	82.8	414.0	0.3333333333333333
62793	148	0	5	0.3625	63.2	316.0	0.3333333333333333
62794	109	0	5	0.265	107.0	535.0	0.0
62795	97	0	5	0.235	95.0	475.0	0.0
62796	84	0	5	0.2025	62.8	314.0	0.3333333333333333
62797	63	0	5	0.15	61.0	305.0	0.0
62798	70	0	5	0.1675	36.0	180.0	0.3333333333333333
62799	269	0	5	0.665	167.8	839.0	0.6666666666666666
62800	16	0	5	0.0325	14.0	70.0	0.0
62801	150	0	5	0.3675	79.8	399.0	0.3333333333333333
62802	266	1	4	0.6625	107.4	537.0	1.0
62803	307	0	5	0.76	173.8	869.0	0.6666666666666666
62804	27	0	5	0.06	25.0	125.0	0.0
62805	335	0	5	0.83	239.4	1197.0	0.6666666666666666
62806	96	0	5	0.2325	88.4	442.0	0.0
62807	225	0	5	0.555	157.8	789.0	0.0
62808	235	0	5	0.58	157.4	787.0	0.6666666666666666
62809	303	0	5	0.75	101.8	509.0	0.6666666666666666
62810	77	0	5	0.185	75.0	375.0	0.0
62811	324	1	4	0.8075	160.6	803.0	1.0
62812	112	0	5	0.2725	88.8	444.0	0.3333333333333333
62813	267	0	5	0.66	228.8	1144.0	0.0
62814	232	0	5	0.5725	230.0	1150.0	0.0
62815	55	0	5	0.13	44.6	223.0	0.6666666666666666
62816	352	0	5	0.8725	163.4	817.0	0.3333333333333333
62817	171	0	5	0.42	144.0	720.0	0.6666666666666666
62818	339	1	4	0.845	185.4	927.0	1.0
62819	264	0	5	0.6525	215.2	1076.0	0.6666666666666666
62820	283	0	5	0.7	232.6	1163.0	0.3333333333333333
62821	143	0	5	0.35	139.0	695.0	0.0
62822	5	0	5	0.005	3.0	15.0	0.0
62823	361	0	5	0.895	90.2	451.0	0.6666666666666666
62824	172	1	4	0.4275	120.8	604.0	1.0
62825	307	0	5	0.76	237.0	1185.0	0.3333333333333333
62826	149	0	5	0.365	147.0	735.0	0.3333333333333333
62827	217	0	5	0.535	140.0	700.0	0.6666666666666666
62828	62	0	5	0.1475	40.0	200.0	0.3333333333333333
62829	86	0	5	0.2075	44.0	220.0	0.3333333333333333
62830	359	1	4	0.895	253.2	1266.0	1.0
62831	283	0	5	0.7	243.6	1218.0	0.3333333333333333
62832	272	0	5	0.6725	98.0	490.0	0.3333333333333333
62833	278	0	5	0.6875	76.6	383.0	0.3333333333333333
62834	130	0	5	0.3175	84.8	424.0	0.0
62835	350	0	5	0.8675	135.2	676.0	0.6666666666666666
62836	192	0	5	0.4725	156.4	782.0	0.3333333333333333
62837	55	0	5	0.13	53.0	265.0	0.0
62838	76	0	5	0.1825	69.2	346.0	0.3333333333333333
62839	120	0	5	0.2925	47.0	235.0	0.6666666666666666
62840	297	0	5	0.735	180.6	903.0	0.6666666666666666
62841	367	0	5	0.91	187.4	937.0	0.3333333333333333
62842	372	0	5	0.9225	109.2	546.0	0.6666666666666666
62843	91	0	5	0.22	44.4	222.0	0.3333333333333333
62844	164	0	5	0.4025	71.2	356.0	0.3333333333333333
62845	180	0	5	0.4425	111.6	558.0	0.0
62846	374	0	5	0.9275	127.0	635.0	0.3333333333333333
62847	252	0	5	0.6225	164.6	823.0	0.3333333333333333
62848	333	0	5	0.825	137.4	687.0	0.6666666666666666
62849	14	0	5	0.0275	12.0	60.0	0.0
62850	310	0	5	0.7675	71.2	356.0	0.3333333333333333
62851	183	0	5	0.45	49.0	245.0	0.3333333333333333
62852	306	0	5	0.7575	181.6	908.0	0.6666666666666666
62853	331	1	3	0.825	143.8	719.0	1.0
62854	192	0	5	0.4725	169.2	846.0	0.0
62855	24	0	5	0.0525	22.0	110.0	0.0
62856	21	0	5	0.045	19.0	95.0	0.0
62857	59	0	5	0.14	57.0	285.0	0.0
62858	204	0	5	0.5025	154.6	773.0	0.3333333333333333
62859	189	0	5	0.465	93.4	467.0	0.6666666666666666
62860	245	0	5	0.605	142.0	710.0	0.6666666666666666
62861	222	0	5	0.5475	142.6	713.0	0.3333333333333333
62862	398	0	5	0.9875	331.8	1659.0	0.6666666666666666
62863	375	0	5	0.93	226.2	1131.0	0.6666666666666666
62864	247	0	5	0.61	173.0	865.0	0.3333333333333333
62865	37	0	5	0.085	32.0	160.0	0.0
62866	371	0	5	0.92	135.4	677.0	0.6666666666666666
62867	268	1	4	0.6675	100.8	504.0	1.0
62868	203	0	5	0.5	173.0	865.0	0.6666666666666666
62869	47	0	5	0.11	45.0	225.0	0.0
62870	336	0	5	0.8325	234.0	1170.0	0.6666666666666666
62871	267	0	5	0.66	69.8	349.0	0.6666666666666666
62872	327	0	5	0.81	305.8	1529.0	0.3333333333333333
62873	323	0	5	0.8	208.8	1044.0	0.3333333333333333
62874	124	0	5	0.3025	122.0	610.0	0.3333333333333333
62875	208	0	5	0.5125	88.8	444.0	0.6666666666666666
62876	63	0	5	0.15	57.8	289.0	0.0
62877	172	0	5	0.4225	111.2	556.0	0.6666666666666666
62878	234	0	5	0.5775	157.6	788.0	0.3333333333333333
62879	93	1	4	0.23	65.8	329.0	1.0
62880	202	0	5	0.4975	112.6	563.0	0.3333333333333333
62881	342	0	5	0.8475	193.0	965.0	0.3333333333333333
62882	71	0	5	0.17	52.8	264.0	0.3333333333333333
62883	312	0	5	0.7725	184.4	922.0	0.3333333333333333
62884	140	0	5	0.3425	71.8	359.0	0.6666666666666666
62885	308	0	5	0.7625	124.2	621.0	0.6666666666666666
62886	109	0	5	0.265	97.0	485.0	0.3333333333333333
62887	6	0	5	0.0075	4.0	20.0	0.0
62888	272	0	5	0.6725	234.0	1170.0	0.0
62889	106	0	5	0.2575	99.6	498.0	0.0
62890	114	0	5	0.2775	91.8	459.0	0.0
62891	48	0	5	0.1125	12.4	62.0	0.3333333333333333
62892	32	0	5	0.0725	17.4	87.0	0.0
62893	253	0	5	0.625	133.4	667.0	0.6666666666666666
62894	196	0	5	0.4825	99.6	498.0	0.0
62895	24	0	5	0.0525	8.8	44.0	0.3333333333333333
62896	122	0	5	0.2975	64.0	320.0	0.0
62897	286	0	5	0.7075	204.4	1022.0	0.6666666666666666
62898	235	0	5	0.58	213.2	1066.0	0.3333333333333333
62899	319	0	5	0.79	111.4	557.0	0.6666666666666666
62900	372	1	4	0.9275	123.2	616.0	1.0
62901	140	0	5	0.3425	30.8	154.0	0.3333333333333333
62902	256	0	5	0.6325	80.2	401.0	0.6666666666666666
62903	313	0	5	0.775	211.0	1055.0	0.3333333333333333
62904	164	0	5	0.4025	55.2	276.0	0.6666666666666666
62905	208	0	5	0.5125	170.0	850.0	0.3333333333333333
62906	65	0	5	0.155	63.0	315.0	0.0
62907	45	0	5	0.105	39.4	197.0	0.0
62908	84	0	5	0.2025	82.0	410.0	0.0
62909	240	0	5	0.5925	145.6	728.0	0.6666666666666666
62910	30	0	5	0.0675	25.0	125.0	0.3333333333333333
62911	82	0	5	0.1975	70.0	350.0	0.0
62912	391	0	5	0.97	193.6	968.0	0.6666666666666666
62913	89	0	5	0.215	87.0	435.0	0.0
62914	5	0	5	0.005	3.0	15.0	0.0
62915	344	0	5	0.8525	247.6	1238.0	0.3333333333333333
62916	194	0	5	0.4775	156.6	783.0	0.0
62917	67	0	5	0.16	65.0	325.0	0.0
62918	318	0	5	0.7875	84.0	420.0	0.3333333333333333
62919	347	0	5	0.86	95.8	479.0	0.6666666666666666
62920	204	0	5	0.5025	138.8	694.0	0.0
62921	264	1	4	0.6575	98.4	492.0	1.0
62922	216	0	5	0.5325	174.4	872.0	0.3333333333333333
62923	189	0	5	0.465	88.2	441.0	0.3333333333333333
62924	312	0	5	0.7725	130.0	650.0	0.3333333333333333
62925	235	0	5	0.58	150.4	752.0	0.3333333333333333
62926	234	0	5	0.5775	116.0	580.0	0.3333333333333333
62927	250	0	5	0.6175	220.8	1104.0	0.3333333333333333
62928	286	0	5	0.7075	76.4	382.0	0.3333333333333333
62929	227	0	5	0.56	105.8	529.0	0.6666666666666666
62930	43	0	5	0.1	34.6	173.0	0.0
62931	127	0	5	0.31	125.0	625.0	0.0
62932	76	0	5	0.1825	72.0	360.0	0.3333333333333333
62933	216	0	5	0.5325	161.6	808.0	0.3333333333333333
62934	368	0	5	0.9125	184.2	921.0	0.6666666666666666
62935	64	0	5	0.1525	62.0	310.0	0.0
62936	303	0	5	0.75	237.8	1189.0	0.3333333333333333
62937	287	1	4	0.715	173.4	867.0	1.0
62938	23	0	5	0.05	21.0	105.0	0.0
62939	373	0	5	0.925	300.8	1504.0	0.6666666666666666
62940	94	0	5	0.2275	92.0	460.0	0.0
62941	120	0	5	0.2925	103.2	516.0	0.3333333333333333
62942	87	0	5	0.21	54.4	272.0	0.3333333333333333
62943	366	1	4	0.9125	133.0	665.0	1.0
62944	100	0	5	0.2425	86.0	430.0	0.3333333333333333
62945	385	0	5	0.955	307.0	1535.0	0.6666666666666666
62946	228	0	5	0.5625	135.4	677.0	0.6666666666666666
62947	258	0	5	0.6375	120.2	601.0	0.3333333333333333
62948	217	1	4	0.54	133.6	668.0	1.0
62949	176	0	5	0.4325	154.0	770.0	0.3333333333333333
62950	400	0	5	0.9925	142.0	710.0	0.6666666666666666
62951	359	1	4	0.895	84.6	423.0	1.0
62952	297	0	5	0.735	219.8	1099.0	0.6666666666666666
62953	158	0	5	0.3875	137.2	686.0	0.3333333333333333
62954	16	0	5	0.0325	14.0	70.0	0.0
62955	166	1	4	0.4125	45.2	226.0	1.0
62956	227	0	5	0.56	90.6	453.0	0.3333333333333333
62957	83	0	5	0.2	81.0	405.0	0.0
62958	93	0	5	0.225	66.2	331.0	0.3333333333333333
62959	353	0	5	0.875	295.6	1478.0	0.3333333333333333
62960	181	0	5	0.445	94.6	473.0	0.3333333333333333
62961	347	1	4	0.865	204.6	1023.0	1.0
62962	238	1	4	0.5925	144.2	721.0	1.0
62963	342	1	4	0.8525	177.6	888.0	1.0
62964	23	0	5	0.05	17.4	87.0	0.3333333333333333
62965	174	0	5	0.4275	62.2	311.0	0.0
62966	295	0	5	0.73	97.0	485.0	0.0
62967	227	0	5	0.56	193.2	966.0	0.0
62968	239	0	5	0.59	171.6	858.0	0.0
62969	189	1	4	0.47	98.6	493.0	1.0
62970	220	0	5	0.5425	124.6	623.0	0.6666666666666666
62971	332	0	5	0.8225	222.6	1113.0	0.6666666666666666
62972	57	0	5	0.135	38.2	191.0	0.6666666666666666
62973	140	0	5	0.3425	134.8	674.0	0.3333333333333333
62974	318	0	5	0.7875	195.8	979.0	0.6666666666666666
62975	85	0	5	0.205	73.4	367.0	0.0
62976	372	1	4	0.9275	174.0	870.0	1.0
62977	350	0	5	0.8675	212.0	1060.0	0.6666666666666666
62978	93	0	5	0.225	75.4	377.0	0.0
62979	38	0	5	0.0875	36.0	180.0	0.0
62980	317	0	5	0.785	315.0	1575.0	0.0
62981	383	0	5	0.95	202.2	1011.0	0.6666666666666666
62982	361	1	4	0.9	276.2	1381.0	1.0
62983	149	0	5	0.365	51.8	259.0	0.3333333333333333
62984	149	0	5	0.365	132.6	663.0	0.3333333333333333
62985	350	0	5	0.8675	81.6	408.0	0.6666666666666666
62986	80	0	5	0.1925	78.0	390.0	0.0
62987	257	0	5	0.635	177.8	889.0	0.6666666666666666
62988	391	0	5	0.97	138.6	693.0	0.3333333333333333
62989	200	0	5	0.4925	114.4	572.0	0.3333333333333333
62990	380	0	5	0.9425	308.0	1540.0	0.6666666666666666
62991	308	0	5	0.7625	192.8	964.0	0.0
62992	186	0	5	0.4575	184.0	920.0	0.3333333333333333
62993	367	0	5	0.91	281.0	1405.0	0.6666666666666666
62994	3	0	5	0.0025	0.2	1.0	0.3333333333333333
62995	225	0	5	0.555	181.4	907.0	0.6666666666666666
62996	256	0	5	0.6325	126.6	633.0	0.6666666666666666
62997	128	0	5	0.3125	124.6	623.0	0.3333333333333333
62998	392	1	4	0.9775	139.4	697.0	1.0
62999	120	0	5	0.2925	74.8	374.0	0.3333333333333333
63000	228	0	5	0.5625	190.8	954.0	0.3333333333333333
63001	150	0	5	0.3675	99.6	498.0	0.3333333333333333
63002	370	0	5	0.9175	254.0	1270.0	0.6666666666666666
63003	108	0	5	0.2625	41.2	206.0	0.3333333333333333
63004	269	0	5	0.665	94.2	471.0	0.3333333333333333
63005	48	0	5	0.1125	46.0	230.0	0.0
63006	334	0	5	0.8275	198.4	992.0	0.6666666666666666
63007	146	0	5	0.3575	78.0	390.0	0.0
63008	118	0	5	0.2875	70.4	352.0	0.3333333333333333
63009	45	0	5	0.105	35.0	175.0	0.3333333333333333
63010	7	0	5	0.01	5.0	25.0	0.0
63011	240	0	5	0.5925	164.4	822.0	0.3333333333333333
63012	263	0	5	0.65	121.0	605.0	0.3333333333333333
63013	359	0	5	0.89	157.0	785.0	0.6666666666666666
63014	92	0	5	0.2225	68.0	340.0	0.0
63015	203	0	5	0.5	147.0	735.0	0.3333333333333333
63016	244	0	5	0.6025	166.4	832.0	0.3333333333333333
63017	359	0	5	0.89	202.8	1014.0	0.6666666666666666
63018	385	0	5	0.955	211.6	1058.0	0.6666666666666666
63019	209	0	5	0.515	114.2	571.0	0.3333333333333333
63020	87	0	5	0.21	85.0	425.0	0.0
63021	141	0	5	0.345	96.2	481.0	0.6666666666666666
63022	117	0	5	0.285	26.2	131.0	0.0
63023	165	0	5	0.405	79.0	395.0	0.3333333333333333
63024	179	0	5	0.44	114.2	571.0	0.6666666666666666
63025	279	0	5	0.69	196.2	981.0	0.6666666666666666
63026	72	0	5	0.1725	70.0	350.0	0.0
63027	278	0	5	0.6875	128.4	642.0	0.6666666666666666
63028	391	0	5	0.97	164.0	820.0	0.6666666666666666
63029	272	0	5	0.6725	164.4	822.0	0.3333333333333333
63030	234	0	5	0.5775	112.4	562.0	0.6666666666666666
63031	222	0	5	0.5475	51.2	256.0	0.6666666666666666
63032	133	0	5	0.325	61.4	307.0	0.3333333333333333
63033	201	0	5	0.495	196.6	983.0	0.3333333333333333
63034	289	0	5	0.715	254.6	1273.0	0.0
63035	314	0	5	0.7775	250.0	1250.0	0.6666666666666666
63036	55	0	5	0.13	51.8	259.0	0.3333333333333333
63037	152	0	5	0.3725	32.4	162.0	0.6666666666666666
63038	369	0	5	0.915	254.8	1274.0	0.3333333333333333
63039	130	0	5	0.3175	56.8	284.0	0.3333333333333333
63040	162	0	5	0.3975	78.8	394.0	0.6666666666666666
63041	211	0	5	0.52	49.8	249.0	0.6666666666666666
63042	136	0	5	0.3325	94.6	473.0	0.6666666666666666
63043	344	1	4	0.8575	160.6	803.0	1.0
63044	293	0	5	0.725	115.2	576.0	0.6666666666666666
63045	154	0	5	0.3775	120.8	604.0	0.3333333333333333
63046	190	0	5	0.4675	104.6	523.0	0.3333333333333333
63047	345	0	5	0.855	216.4	1082.0	0.6666666666666666
63048	253	0	5	0.625	185.8	929.0	0.6666666666666666
63049	141	0	5	0.345	105.0	525.0	0.6666666666666666
63050	231	0	5	0.57	193.6	968.0	0.6666666666666666
63051	149	0	5	0.365	133.2	666.0	0.0
63052	114	0	5	0.2775	94.6	473.0	0.3333333333333333
63053	176	0	5	0.4325	97.2	486.0	0.6666666666666666
63054	285	0	5	0.705	177.4	887.0	0.3333333333333333
63055	244	0	5	0.6025	172.2	861.0	0.3333333333333333
63056	22	0	5	0.0475	20.0	100.0	0.0
63057	74	0	5	0.1775	34.8	174.0	0.3333333333333333
63058	109	0	5	0.265	91.2	456.0	0.3333333333333333
63059	65	0	5	0.155	63.0	315.0	0.0
63060	171	0	5	0.42	121.0	605.0	0.3333333333333333
63061	300	0	5	0.7425	117.4	587.0	0.3333333333333333
63062	160	0	5	0.3925	128.0	640.0	0.0
63063	366	1	4	0.9125	133.0	665.0	1.0
63064	220	1	4	0.5475	86.4	432.0	1.0
63065	268	0	5	0.6625	141.2	706.0	0.3333333333333333
63066	294	0	5	0.7275	167.6	838.0	0.6666666666666666
63067	215	0	5	0.53	74.6	373.0	0.6666666666666666
63068	385	0	5	0.955	118.2	591.0	0.6666666666666666
63069	295	1	4	0.735	117.8	589.0	1.0
63070	49	0	5	0.115	47.0	235.0	0.0
63071	17	0	5	0.035	15.0	75.0	0.0
63072	334	0	5	0.8275	254.4	1272.0	0.3333333333333333
63073	226	0	5	0.5575	176.6	883.0	0.3333333333333333
63074	316	0	5	0.7825	168.4	842.0	0.0
63075	133	0	5	0.325	41.4	207.0	0.3333333333333333
63076	137	0	5	0.335	55.4	277.0	0.3333333333333333
63077	363	0	5	0.9	288.8	1444.0	0.6666666666666666
63078	164	0	5	0.4025	94.2	471.0	0.6666666666666666
63079	343	0	5	0.85	177.8	889.0	0.6666666666666666
63080	40	0	5	0.0925	26.8	134.0	0.3333333333333333
63081	351	0	5	0.87	204.6	1023.0	0.6666666666666666
63082	126	0	5	0.3075	104.8	524.0	0.3333333333333333
63083	348	1	4	0.8675	94.4	472.0	1.0
63084	45	0	5	0.105	40.0	200.0	0.3333333333333333
63085	274	0	5	0.6775	82.4	412.0	0.6666666666666666
63086	159	0	5	0.39	157.0	785.0	0.0
63087	385	0	5	0.955	167.2	836.0	0.6666666666666666
63088	85	0	5	0.205	83.0	415.0	0.0
63089	296	0	5	0.7325	244.4	1222.0	0.6666666666666666
63090	281	0	5	0.695	163.4	817.0	0.6666666666666666
63091	4	0	5	0.0025	2.0	10.0	0.0
63092	326	0	5	0.8075	221.8	1109.0	0.3333333333333333
63093	244	0	5	0.6025	204.6	1023.0	0.3333333333333333
63094	358	1	4	0.8925	77.2	386.0	1.0
63095	287	0	5	0.71	163.8	819.0	0.6666666666666666
63096	206	0	5	0.5075	190.2	951.0	0.3333333333333333
63097	339	0	5	0.84	83.4	417.0	0.6666666666666666
63098	262	0	5	0.6475	248.6	1243.0	0.6666666666666666
63099	256	0	5	0.6325	129.2	646.0	0.3333333333333333
63100	194	0	5	0.4775	142.6	713.0	0.3333333333333333
63101	253	0	5	0.625	86.0	430.0	0.6666666666666666
63102	272	1	4	0.6775	237.6	1188.0	1.0
63103	373	0	5	0.925	147.6	738.0	0.6666666666666666
63104	392	1	4	0.9775	80.8	404.0	1.0
63105	204	0	5	0.5025	118.8	594.0	0.6666666666666666
63106	87	0	5	0.21	82.6	413.0	0.3333333333333333
63107	117	0	5	0.285	115.0	575.0	0.0
63108	147	0	5	0.36	54.0	270.0	0.6666666666666666
63109	233	0	5	0.575	98.8	494.0	0.6666666666666666
63110	8	0	5	0.0125	6.0	30.0	0.0
63111	116	0	5	0.2825	50.4	252.0	0.3333333333333333
63112	183	0	5	0.45	78.0	390.0	0.3333333333333333
63113	160	0	5	0.3925	61.2	306.0	0.3333333333333333
63114	316	0	5	0.7825	168.6	843.0	0.6666666666666666
63115	61	0	5	0.145	59.0	295.0	0.0
63116	274	0	5	0.6775	191.6	958.0	0.6666666666666666
63117	373	1	4	0.93	197.8	989.0	1.0
63118	261	0	5	0.645	131.4	657.0	0.3333333333333333
63119	104	0	5	0.2525	94.8	474.0	0.3333333333333333
63120	317	0	5	0.785	230.6	1153.0	0.6666666666666666
63121	291	0	5	0.72	81.0	405.0	0.6666666666666666
63122	359	1	4	0.895	161.0	805.0	1.0
63123	60	0	5	0.1425	58.0	290.0	0.0
63124	183	0	5	0.45	129.6	648.0	0.0
63125	320	0	5	0.7925	218.4	1092.0	0.3333333333333333
63126	194	0	5	0.4775	57.2	286.0	0.6666666666666666
63127	219	0	5	0.54	188.4	942.0	0.6666666666666666
63128	173	0	5	0.425	104.8	524.0	0.6666666666666666
63129	329	0	5	0.815	191.0	955.0	0.6666666666666666
63130	219	0	5	0.54	146.4	732.0	0.3333333333333333
63131	159	0	5	0.39	133.2	666.0	0.0
63132	158	0	5	0.3875	93.2	466.0	0.3333333333333333
63133	283	0	5	0.7	132.6	663.0	0.3333333333333333
63134	270	0	5	0.6675	113.6	568.0	0.0
63135	105	0	5	0.255	75.0	375.0	0.3333333333333333
63136	119	0	5	0.29	86.2	431.0	0.3333333333333333
63137	258	0	5	0.6375	146.4	732.0	0.6666666666666666
63138	319	0	5	0.79	281.0	1405.0	0.3333333333333333
63139	317	0	5	0.785	194.4	972.0	0.3333333333333333
63140	41	0	5	0.095	34.2	171.0	0.3333333333333333
63141	207	0	5	0.51	190.6	953.0	0.3333333333333333
63142	14	0	5	0.0275	12.0	60.0	0.0
63143	223	0	5	0.55	147.6	738.0	0.6666666666666666
63144	25	0	5	0.055	19.4	97.0	0.3333333333333333
63145	305	0	5	0.755	108.2	541.0	0.6666666666666666
63146	359	0	5	0.89	195.2	976.0	0.6666666666666666
63147	201	0	5	0.495	198.4	992.0	0.0
63148	396	0	5	0.9825	86.0	430.0	0.6666666666666666
63149	353	0	5	0.875	214.2	1071.0	0.6666666666666666
63150	210	0	5	0.5175	128.4	642.0	0.6666666666666666
63151	103	0	5	0.25	43.4	217.0	0.3333333333333333
63152	362	0	5	0.8975	249.8	1249.0	0.3333333333333333
63153	128	0	5	0.3125	49.2	246.0	0.3333333333333333
63154	391	0	5	0.97	148.4	742.0	0.3333333333333333
63155	276	0	5	0.6825	182.2	911.0	0.3333333333333333
63156	342	0	5	0.8475	234.6	1173.0	0.6666666666666666
63157	131	0	5	0.32	101.6	508.0	0.3333333333333333
63158	332	0	5	0.8225	70.4	352.0	0.6666666666666666
63159	83	0	5	0.2	81.0	405.0	0.0
63160	234	1	4	0.5825	143.8	719.0	1.0
63161	343	1	4	0.855	176.2	881.0	1.0
63162	10	0	5	0.0175	8.0	40.0	0.0
63163	268	0	5	0.6625	69.6	348.0	0.6666666666666666
63164	208	0	5	0.5125	191.2	956.0	0.0
63165	368	0	5	0.9125	317.2	1586.0	0.6666666666666666
63166	283	0	5	0.7	159.0	795.0	0.6666666666666666
63167	385	0	5	0.955	207.2	1036.0	0.6666666666666666
63168	78	0	5	0.1875	47.6	238.0	0.0
63169	178	0	5	0.4375	126.4	632.0	0.6666666666666666
63170	47	0	5	0.11	45.0	225.0	0.0
63171	276	0	5	0.6825	177.0	885.0	0.6666666666666666
63172	356	0	5	0.8825	214.4	1072.0	0.6666666666666666
63173	118	0	5	0.2875	91.6	458.0	0.6666666666666666
63174	2	0	5	0.0	0.0	0.0	0.0
63175	350	0	5	0.8675	288.8	1444.0	0.3333333333333333
63176	191	0	5	0.47	95.8	479.0	0.0
63177	71	0	5	0.17	66.6	333.0	0.3333333333333333
63178	329	0	5	0.815	83.8	419.0	0.6666666666666666
63179	269	0	5	0.665	166.6	833.0	0.3333333333333333
63180	235	0	5	0.58	158.4	792.0	0.3333333333333333
63181	284	0	5	0.7025	152.8	764.0	0.6666666666666666
63182	352	0	5	0.8725	197.2	986.0	0.6666666666666666
63183	104	0	5	0.2525	28.8	144.0	0.6666666666666666
63184	181	0	5	0.445	173.6	868.0	0.3333333333333333
63185	355	0	5	0.88	172.0	860.0	0.6666666666666666
63186	205	0	5	0.505	105.6	528.0	0.3333333333333333
63187	267	0	5	0.66	153.8	769.0	0.3333333333333333
63188	108	0	5	0.2625	106.0	530.0	0.0
63189	219	0	5	0.54	185.4	927.0	0.3333333333333333
63190	259	0	5	0.64	163.4	817.0	0.3333333333333333
63191	112	0	5	0.2725	109.2	546.0	0.0
63192	103	0	5	0.25	42.2	211.0	0.0
63193	137	0	5	0.335	82.2	411.0	0.3333333333333333
63194	43	0	5	0.1	41.0	205.0	0.0
63195	118	0	5	0.2875	97.4	487.0	0.3333333333333333
63196	39	0	5	0.09	35.4	177.0	0.3333333333333333
63197	132	0	5	0.3225	113.2	566.0	0.0
63198	164	0	5	0.4025	103.8	519.0	0.3333333333333333
63199	141	0	5	0.345	46.2	231.0	0.3333333333333333
63200	205	0	5	0.505	173.6	868.0	0.0
63201	208	1	4	0.5175	86.4	432.0	1.0
63202	394	0	5	0.9775	263.6	1318.0	0.6666666666666666
63203	401	0	5	0.995	293.6	1468.0	0.6666666666666666
63204	33	0	5	0.075	26.2	131.0	0.0
63205	171	0	5	0.42	83.8	419.0	0.6666666666666666
63206	269	1	4	0.67	159.8	799.0	1.0
63207	259	0	5	0.64	207.4	1037.0	0.3333333333333333
63208	19	0	5	0.04	17.0	85.0	0.0
63209	379	0	5	0.94	189.4	947.0	0.6666666666666666
63210	106	0	5	0.2575	41.6	208.0	0.3333333333333333
63211	180	0	5	0.4425	178.0	890.0	0.0
63212	304	0	5	0.7525	166.8	834.0	0.3333333333333333
63213	199	0	5	0.49	131.0	655.0	0.3333333333333333
63214	3	0	5	0.0025	0.4	2.0	0.0
63215	132	0	5	0.3225	130.0	650.0	0.0
63216	231	0	5	0.57	189.8	949.0	0.0
63217	243	0	5	0.6	111.4	557.0	0.3333333333333333
63218	199	1	4	0.495	95.8	479.0	1.0
63219	160	0	5	0.3925	107.0	535.0	0.0
63220	293	0	5	0.725	81.4	407.0	0.0
63221	363	0	5	0.9	167.2	836.0	0.6666666666666666
63222	189	0	5	0.465	128.4	642.0	0.0
63223	351	0	5	0.87	136.4	682.0	0.6666666666666666
63224	329	0	5	0.815	203.2	1016.0	0.6666666666666666
63225	127	0	5	0.31	82.6	413.0	0.3333333333333333
63226	177	0	5	0.435	160.6	803.0	0.3333333333333333
63227	30	0	5	0.0675	28.0	140.0	0.0
63228	63	0	5	0.15	61.0	305.0	0.0
63229	338	1	4	0.8425	145.6	728.0	1.0
63230	151	0	5	0.37	84.6	423.0	0.6666666666666666
63231	53	0	5	0.125	36.6	183.0	0.3333333333333333
63232	61	0	5	0.145	59.0	295.0	0.0
63233	317	0	5	0.785	194.2	971.0	0.6666666666666666
63234	211	0	5	0.52	93.8	469.0	0.3333333333333333
63235	367	0	5	0.91	195.0	975.0	0.3333333333333333
63236	187	0	5	0.46	131.4	657.0	0.3333333333333333
63237	188	0	5	0.4625	186.0	930.0	0.0
63238	150	0	5	0.3675	128.6	643.0	0.3333333333333333
63239	55	0	5	0.13	53.0	265.0	0.0
63240	248	1	4	0.6175	86.4	432.0	1.0
63241	401	0	4	0.9975	224.2	1121.0	0.6666666666666666
63242	55	0	5	0.13	29.8	149.0	0.3333333333333333
63243	216	0	5	0.5325	62.8	314.0	0.0
63244	203	0	5	0.5	92.2	461.0	0.6666666666666666
63245	144	0	5	0.3525	66.8	334.0	0.3333333333333333
63246	272	0	5	0.6725	89.2	446.0	0.3333333333333333
63247	129	0	5	0.315	91.0	455.0	0.3333333333333333
63248	347	0	5	0.86	149.4	747.0	0.6666666666666666
63249	236	0	5	0.5825	139.6	698.0	0.6666666666666666
63250	83	0	5	0.2	57.8	289.0	0.0
63251	374	1	4	0.9325	162.0	810.0	1.0
63252	315	0	5	0.78	104.8	524.0	0.3333333333333333
63253	272	0	5	0.6725	222.0	1110.0	0.6666666666666666
63254	267	0	5	0.66	99.8	499.0	0.3333333333333333
63255	254	0	5	0.6275	205.0	1025.0	0.3333333333333333
63256	317	0	5	0.785	277.2	1386.0	0.3333333333333333
63257	131	0	5	0.32	58.2	291.0	0.3333333333333333
63258	248	0	5	0.6125	112.0	560.0	0.3333333333333333
63259	176	0	5	0.4325	123.2	616.0	0.3333333333333333
63260	123	1	4	0.305	56.2	281.0	1.0
63261	137	0	5	0.335	58.2	291.0	0.3333333333333333
63262	242	0	5	0.5975	163.2	816.0	0.6666666666666666
63263	141	0	5	0.345	114.4	572.0	0.3333333333333333
63264	253	0	5	0.625	221.4	1107.0	0.3333333333333333
63265	164	0	5	0.4025	101.8	509.0	0.3333333333333333
63266	160	0	5	0.3925	83.8	419.0	0.6666666666666666
63267	214	0	5	0.5275	130.2	651.0	0.6666666666666666
63268	240	0	5	0.5925	180.0	900.0	0.3333333333333333
63269	106	0	5	0.2575	104.0	520.0	0.0
63270	55	0	5	0.13	41.0	205.0	0.3333333333333333
63271	196	0	5	0.4825	166.8	834.0	0.3333333333333333
63272	183	0	5	0.45	165.4	827.0	0.0
63273	122	0	5	0.2975	107.2	536.0	0.6666666666666666
63274	374	0	5	0.9275	228.4	1142.0	0.6666666666666666
63275	198	0	5	0.4875	117.4	587.0	0.0
63276	192	0	5	0.4725	146.6	733.0	0.3333333333333333
63277	62	0	5	0.1475	55.6	278.0	0.3333333333333333
63278	216	0	5	0.5325	72.4	362.0	0.0
63279	388	0	5	0.9625	237.4	1187.0	0.6666666666666666
63280	55	0	5	0.13	44.0	220.0	0.3333333333333333
63281	384	1	3	0.9575	252.6	1263.0	1.0
63282	9	0	5	0.015	7.0	35.0	0.0
63283	62	0	5	0.1475	60.0	300.0	0.0
63284	145	0	5	0.355	107.2	536.0	0.6666666666666666
63285	188	0	5	0.4625	142.4	712.0	0.0
63286	139	0	5	0.34	122.2	611.0	0.3333333333333333
63287	249	0	5	0.615	130.6	653.0	0.3333333333333333
63288	118	0	5	0.2875	82.0	410.0	0.3333333333333333
63289	245	0	5	0.605	71.8	359.0	0.3333333333333333
63290	117	0	5	0.285	35.0	175.0	0.3333333333333333
63291	257	0	5	0.635	231.0	1155.0	0.3333333333333333
63292	263	0	5	0.65	196.2	981.0	0.3333333333333333
63293	159	0	5	0.39	115.4	577.0	0.3333333333333333
63294	291	1	4	0.725	257.8	1289.0	1.0
63295	230	0	5	0.5675	49.6	248.0	0.3333333333333333
63296	366	1	4	0.9125	153.6	768.0	1.0
63297	228	1	4	0.5675	149.6	748.0	1.0
63298	165	0	5	0.405	92.2	461.0	0.0
63299	166	0	5	0.4075	148.6	743.0	0.3333333333333333
63300	67	0	5	0.16	65.0	325.0	0.0
63301	198	0	5	0.4875	131.2	656.0	0.3333333333333333
63302	388	0	5	0.9625	143.6	718.0	0.6666666666666666
63303	242	1	4	0.6025	197.4	987.0	1.0
63304	335	0	5	0.83	174.2	871.0	0.6666666666666666
63305	127	0	5	0.31	77.8	389.0	0.3333333333333333
63306	313	0	5	0.775	264.0	1320.0	0.3333333333333333
63307	137	0	5	0.335	32.6	163.0	0.3333333333333333
63308	275	0	5	0.68	197.4	987.0	0.6666666666666666
63309	63	0	5	0.15	56.8	284.0	0.0
63310	102	0	5	0.2475	63.6	318.0	0.6666666666666666
63311	209	0	5	0.515	156.0	780.0	0.3333333333333333
63312	260	1	3	0.6475	186.8	934.0	1.0
63313	372	0	5	0.9225	138.4	692.0	0.6666666666666666
63314	8	0	5	0.0125	6.0	30.0	0.0
63315	204	0	5	0.5025	171.6	858.0	0.3333333333333333
63316	13	0	5	0.025	11.0	55.0	0.0
63317	310	0	5	0.7675	204.0	1020.0	0.3333333333333333
63318	239	0	5	0.59	134.6	673.0	0.3333333333333333
63319	34	0	5	0.0775	32.0	160.0	0.0
63320	291	0	5	0.72	149.2	746.0	0.6666666666666666
63321	108	0	5	0.2625	106.0	530.0	0.0
63322	213	0	5	0.525	147.4	737.0	0.6666666666666666
63323	89	0	5	0.215	75.4	377.0	0.0
63324	106	0	5	0.2575	77.2	386.0	0.3333333333333333
63325	257	0	5	0.635	112.0	560.0	0.6666666666666666
63326	61	0	5	0.145	59.0	295.0	0.0
63327	286	0	5	0.7075	200.0	1000.0	0.6666666666666666
63328	60	0	5	0.1425	58.0	290.0	0.0
63329	126	0	5	0.3075	92.8	464.0	0.3333333333333333
63330	340	0	5	0.8425	266.4	1332.0	0.0
63331	280	0	5	0.6925	153.6	768.0	0.3333333333333333
63332	243	0	5	0.6	173.0	865.0	0.0
63333	41	0	5	0.095	34.2	171.0	0.3333333333333333
63334	296	0	5	0.7325	237.8	1189.0	0.3333333333333333
63335	151	0	5	0.37	149.0	745.0	0.0
63336	203	0	5	0.5	171.8	859.0	0.3333333333333333
63337	132	0	5	0.3225	126.8	634.0	0.3333333333333333
63338	146	0	5	0.3575	52.0	260.0	0.3333333333333333
63339	237	0	5	0.585	179.4	897.0	0.0
63340	207	0	5	0.51	205.0	1025.0	0.0
63341	213	0	5	0.525	176.6	883.0	0.0
63342	318	0	5	0.7875	160.4	802.0	0.3333333333333333
63343	74	0	5	0.1775	72.0	360.0	0.0
63344	215	0	5	0.53	48.6	243.0	0.6666666666666666
63345	332	0	5	0.8225	216.8	1084.0	0.3333333333333333
63346	88	0	5	0.2125	57.6	288.0	0.3333333333333333
63347	33	0	5	0.075	31.0	155.0	0.0
63348	27	0	5	0.06	25.0	125.0	0.0
63349	201	0	5	0.495	185.8	929.0	0.0
63350	299	0	5	0.74	133.2	666.0	0.0
63351	125	0	5	0.305	88.2	441.0	0.0
63352	60	0	5	0.1425	57.6	288.0	0.3333333333333333
63353	366	0	5	0.9075	312.4	1562.0	0.3333333333333333
63354	261	0	5	0.645	235.0	1175.0	0.3333333333333333
63355	119	0	5	0.29	60.6	303.0	0.0
63356	157	0	5	0.385	146.6	733.0	0.3333333333333333
63357	30	0	5	0.0675	23.2	116.0	0.3333333333333333
63358	133	0	5	0.325	131.0	655.0	0.0
63359	244	0	5	0.6025	65.6	328.0	0.3333333333333333
63360	65	0	5	0.155	63.0	315.0	0.0
63361	73	0	5	0.175	71.0	355.0	0.0
63362	66	0	5	0.1575	64.0	320.0	0.0
63363	303	0	5	0.75	284.8	1424.0	0.3333333333333333
63364	171	0	5	0.42	96.4	482.0	0.3333333333333333
63365	166	0	5	0.4075	164.0	820.0	0.3333333333333333
63366	312	0	5	0.7725	238.0	1190.0	0.3333333333333333
63367	258	0	5	0.6375	141.2	706.0	0.3333333333333333
63368	273	0	5	0.675	113.4	567.0	0.0
63369	378	0	5	0.9375	259.8	1299.0	0.3333333333333333
63370	47	0	5	0.11	45.0	225.0	0.0
63371	184	0	5	0.4525	139.4	697.0	0.0
63372	307	0	5	0.76	209.2	1046.0	0.6666666666666666
63373	167	0	5	0.41	165.0	825.0	0.0
63374	162	0	5	0.3975	37.6	188.0	0.3333333333333333
63375	376	1	4	0.9375	131.4	657.0	1.0
63376	389	0	5	0.965	98.8	494.0	0.3333333333333333
63377	360	1	4	0.8975	320.8	1604.0	1.0
63378	282	0	5	0.6975	166.4	832.0	0.3333333333333333
63379	129	0	5	0.315	106.2	531.0	0.0
63380	107	0	5	0.26	89.8	449.0	0.3333333333333333
63381	104	0	5	0.2525	78.8	394.0	0.3333333333333333
63382	266	0	5	0.6575	240.6	1203.0	0.3333333333333333
63383	248	0	5	0.6125	146.8	734.0	0.6666666666666666
63384	197	0	5	0.485	163.2	816.0	0.6666666666666666
63385	190	0	5	0.4675	79.2	396.0	0.6666666666666666
63386	211	1	4	0.525	144.4	722.0	1.0
63387	166	0	5	0.4075	164.0	820.0	0.0
63388	237	0	5	0.585	137.4	687.0	0.3333333333333333
63389	367	0	5	0.91	78.6	393.0	0.6666666666666666
63390	291	0	5	0.72	280.2	1401.0	0.3333333333333333
63391	144	0	5	0.3525	59.6	298.0	0.3333333333333333
63392	215	0	5	0.53	157.8	789.0	0.3333333333333333
63393	274	0	5	0.6775	232.2	1161.0	0.3333333333333333
63394	94	0	5	0.2275	29.6	148.0	0.3333333333333333
63395	280	0	5	0.6925	200.0	1000.0	0.3333333333333333
63396	302	0	5	0.7475	191.6	958.0	0.6666666666666666
63397	204	0	5	0.5025	130.2	651.0	0.6666666666666666
63398	113	0	5	0.275	86.8	434.0	0.3333333333333333
63399	386	0	5	0.9575	158.0	790.0	0.6666666666666666
63400	22	0	5	0.0475	20.0	100.0	0.0
63401	94	0	5	0.2275	31.4	157.0	0.6666666666666666
63402	381	0	5	0.945	149.4	747.0	0.6666666666666666
63403	10	0	5	0.0175	8.0	40.0	0.0
63404	110	0	5	0.2675	108.0	540.0	0.0
63405	20	0	5	0.0425	9.6	48.0	0.3333333333333333
63406	75	0	5	0.18	33.0	165.0	0.3333333333333333
63407	392	0	5	0.9725	88.2	441.0	0.6666666666666666
63408	359	0	5	0.89	198.2	991.0	0.6666666666666666
63409	104	0	5	0.2525	102.0	510.0	0.0
63410	242	0	5	0.5975	198.4	992.0	0.3333333333333333
63411	106	0	5	0.2575	87.2	436.0	0.0
63412	320	0	5	0.7925	199.6	998.0	0.3333333333333333
63413	363	1	4	0.905	108.4	542.0	1.0
63414	205	0	5	0.505	172.8	864.0	0.0
63415	278	0	5	0.6875	268.8	1344.0	0.3333333333333333
63416	243	0	5	0.6	68.6	343.0	0.6666666666666666
63417	79	0	5	0.19	57.0	285.0	0.0
63418	345	0	5	0.855	185.2	926.0	0.3333333333333333
63419	27	0	5	0.06	25.0	125.0	0.0
63420	295	0	5	0.73	137.8	689.0	0.6666666666666666
63421	390	0	5	0.9675	134.0	670.0	0.6666666666666666
63422	7	0	5	0.01	5.0	25.0	0.0
63423	218	0	5	0.5375	169.4	847.0	0.6666666666666666
63424	107	0	5	0.26	105.0	525.0	0.0
63425	275	0	5	0.68	231.0	1155.0	0.0
63426	307	0	5	0.76	174.2	871.0	0.3333333333333333
63427	285	0	5	0.705	169.0	845.0	0.3333333333333333
63428	354	0	5	0.8775	177.8	889.0	0.6666666666666666
63429	43	0	5	0.1	41.0	205.0	0.0
63430	242	0	5	0.5975	155.2	776.0	0.6666666666666666
63431	397	0	5	0.985	272.6	1363.0	0.6666666666666666
63432	254	0	5	0.6275	152.4	762.0	0.3333333333333333
63433	287	0	5	0.71	242.8	1214.0	0.6666666666666666
63434	201	0	5	0.495	85.0	425.0	0.3333333333333333
63435	244	0	5	0.6025	118.0	590.0	0.6666666666666666
63436	155	0	5	0.38	89.0	445.0	0.6666666666666666
63437	399	0	5	0.99	311.2	1556.0	0.6666666666666666
63438	390	0	5	0.9675	242.0	1210.0	0.6666666666666666
63439	260	0	5	0.6425	157.6	788.0	0.6666666666666666
63440	284	0	5	0.7025	123.6	618.0	0.0
63441	322	0	5	0.7975	190.6	953.0	0.6666666666666666
63442	379	0	5	0.94	216.0	1080.0	0.3333333333333333
63443	27	0	5	0.06	25.0	125.0	0.0
63444	256	0	5	0.6325	111.2	556.0	0.6666666666666666
63445	337	1	3	0.84	268.0	1340.0	1.0
63446	229	0	5	0.565	84.6	423.0	0.3333333333333333
63447	152	0	5	0.3725	94.6	473.0	0.6666666666666666
63448	140	0	5	0.3425	107.6	538.0	0.3333333333333333
63449	246	0	5	0.6075	239.0	1195.0	0.6666666666666666
63450	288	0	5	0.7125	134.0	670.0	0.6666666666666666
63451	128	0	5	0.3125	126.0	630.0	0.0
63452	350	0	5	0.8675	226.2	1131.0	0.6666666666666666
63453	238	0	5	0.5875	169.2	846.0	0.3333333333333333
63454	137	0	5	0.335	101.4	507.0	0.3333333333333333
63455	244	0	5	0.6025	242.0	1210.0	0.0
63456	258	1	4	0.6425	113.0	565.0	1.0
63457	140	0	5	0.3425	129.2	646.0	0.3333333333333333
63458	229	0	5	0.565	200.8	1004.0	0.3333333333333333
63459	311	0	5	0.77	255.4	1277.0	0.0
63460	332	0	5	0.8225	121.2	606.0	0.6666666666666666
63461	205	0	5	0.505	163.8	819.0	0.3333333333333333
63462	244	0	5	0.6025	178.4	892.0	0.6666666666666666
63463	183	0	5	0.45	97.8	489.0	0.3333333333333333
63464	310	0	5	0.7675	205.2	1026.0	0.3333333333333333
63465	250	0	5	0.6175	198.4	992.0	0.6666666666666666
63466	156	0	5	0.3825	100.4	502.0	0.6666666666666666
63467	46	0	5	0.1075	23.2	116.0	0.3333333333333333
63468	250	0	5	0.6175	49.8	249.0	0.6666666666666666
63469	360	0	5	0.8925	144.0	720.0	0.6666666666666666
63470	171	0	5	0.42	93.0	465.0	0.3333333333333333
63471	253	0	5	0.625	170.0	850.0	0.6666666666666666
63472	282	1	4	0.7025	101.8	509.0	1.0
63473	359	0	5	0.89	243.8	1219.0	0.6666666666666666
63474	375	1	4	0.935	271.8	1359.0	1.0
63475	310	0	5	0.7675	155.0	775.0	0.3333333333333333
63476	374	0	5	0.9275	238.2	1191.0	0.6666666666666666
63477	287	0	5	0.71	186.2	931.0	0.3333333333333333
63478	176	0	5	0.4325	151.8	759.0	0.3333333333333333
63479	190	1	4	0.4725	104.0	520.0	1.0
63480	69	0	5	0.165	56.2	281.0	0.0
63481	94	0	5	0.2275	88.2	441.0	0.0
63482	239	0	5	0.59	158.2	791.0	0.3333333333333333
63483	307	0	5	0.76	150.8	754.0	0.3333333333333333
63484	148	0	5	0.3625	89.6	448.0	0.0
63485	356	1	3	0.8875	234.6	1173.0	1.0
63486	220	0	5	0.5425	171.4	857.0	0.6666666666666666
63487	394	0	5	0.9775	156.4	782.0	0.3333333333333333
63488	180	0	5	0.4425	178.0	890.0	0.0
63489	149	0	5	0.365	90.2	451.0	0.3333333333333333
63490	281	0	5	0.695	140.2	701.0	0.6666666666666666
63491	274	0	5	0.6775	148.6	743.0	0.3333333333333333
63492	264	0	5	0.6525	192.4	962.0	0.3333333333333333
63493	71	0	5	0.17	26.6	133.0	0.3333333333333333
63494	277	0	5	0.685	99.4	497.0	0.6666666666666666
63495	125	0	5	0.305	122.2	611.0	0.0
63496	384	0	5	0.9525	140.4	702.0	0.6666666666666666
63497	2	0	5	0.0	0.0	0.0	0.0
63498	368	0	5	0.9125	348.0	1740.0	0.0
63499	185	0	5	0.455	163.0	815.0	0.3333333333333333
63500	62	0	5	0.1475	26.4	132.0	0.3333333333333333
63501	315	1	4	0.785	247.0	1235.0	1.0
63502	375	0	5	0.93	172.0	860.0	0.6666666666666666
63503	212	0	5	0.5225	116.4	582.0	0.3333333333333333
63504	401	0	4	0.9975	270.0	1350.0	0.6666666666666666
63505	123	0	5	0.3	120.4	602.0	0.3333333333333333
63506	160	0	5	0.3925	133.4	667.0	0.3333333333333333
63507	201	0	5	0.495	199.0	995.0	0.0
63508	58	0	5	0.1375	56.0	280.0	0.0
63509	174	0	5	0.4275	107.6	538.0	0.3333333333333333
63510	317	0	5	0.785	270.0	1350.0	0.3333333333333333
63511	192	0	5	0.4725	138.4	692.0	0.3333333333333333
63512	247	0	5	0.61	123.6	618.0	0.3333333333333333
63513	88	0	5	0.2125	73.2	366.0	0.3333333333333333
63514	294	0	5	0.7275	176.4	882.0	0.3333333333333333
63515	308	0	5	0.7625	191.8	959.0	0.3333333333333333
63516	398	0	5	0.9875	263.6	1318.0	0.6666666666666666
63517	203	0	5	0.5	180.6	903.0	0.3333333333333333
63518	119	0	5	0.29	112.2	561.0	0.0
63519	229	0	5	0.565	163.8	819.0	0.6666666666666666
63520	275	0	5	0.68	136.2	681.0	0.3333333333333333
63521	44	0	5	0.1025	42.0	210.0	0.0
63522	390	0	5	0.9675	338.0	1690.0	0.6666666666666666
63523	274	0	5	0.6775	193.2	966.0	0.6666666666666666
63524	295	0	5	0.73	158.0	790.0	0.3333333333333333
63525	106	0	5	0.2575	74.6	373.0	0.6666666666666666
63526	229	0	5	0.565	123.2	616.0	0.3333333333333333
63527	176	0	5	0.4325	147.2	736.0	0.0
63528	155	1	4	0.385	129.0	645.0	1.0
63529	194	1	4	0.4825	94.8	474.0	1.0
63530	131	1	4	0.325	103.8	519.0	1.0
63531	72	0	5	0.1725	70.0	350.0	0.0
63532	282	0	5	0.6975	178.4	892.0	0.0
63533	274	0	5	0.6775	177.4	887.0	0.3333333333333333
63534	60	0	5	0.1425	58.0	290.0	0.0
63535	272	0	5	0.6725	102.0	510.0	0.3333333333333333
63536	143	0	5	0.35	141.0	705.0	0.0
63537	314	0	5	0.7775	142.8	714.0	0.6666666666666666
63538	166	0	5	0.4075	87.2	436.0	0.3333333333333333
63539	347	1	4	0.865	195.2	976.0	1.0
63540	83	0	5	0.2	39.6	198.0	0.3333333333333333
63541	168	0	5	0.4125	101.4	507.0	0.6666666666666666
63542	148	0	5	0.3625	146.0	730.0	0.0
63543	384	0	5	0.9525	312.2	1561.0	0.6666666666666666
63544	137	0	5	0.335	130.2	651.0	0.3333333333333333
63545	130	0	5	0.3175	119.2	596.0	0.0
63546	401	0	4	0.9975	238.0	1190.0	0.6666666666666666
63547	204	0	5	0.5025	188.2	941.0	0.3333333333333333
63548	314	0	5	0.7775	97.8	489.0	0.6666666666666666
63549	315	0	5	0.78	260.6	1303.0	0.3333333333333333
63550	360	0	5	0.8925	261.2	1306.0	0.6666666666666666
63551	129	0	5	0.315	67.6	338.0	0.0
63552	242	0	5	0.5975	90.2	451.0	0.6666666666666666
63553	304	0	5	0.7525	219.0	1095.0	0.3333333333333333
63554	37	0	5	0.085	32.0	160.0	0.0
63555	346	0	5	0.8575	292.2	1461.0	0.0
63556	390	0	5	0.9675	323.0	1615.0	0.6666666666666666
63557	158	0	5	0.3875	40.8	204.0	0.6666666666666666
63558	400	0	5	0.9925	187.6	938.0	0.6666666666666666
63559	387	1	4	0.965	97.4	487.0	1.0
63560	16	0	5	0.0325	14.0	70.0	0.0
63561	394	0	5	0.9775	252.0	1260.0	0.6666666666666666
63562	72	0	5	0.1725	70.0	350.0	0.0
63563	232	0	5	0.5725	213.4	1067.0	0.3333333333333333
63564	343	0	5	0.85	286.6	1433.0	0.3333333333333333
63565	150	0	5	0.3675	148.0	740.0	0.0
63566	380	0	5	0.9425	246.4	1232.0	0.3333333333333333
63567	354	0	5	0.8775	148.4	742.0	0.6666666666666666
63568	285	0	5	0.705	148.8	744.0	0.6666666666666666
63569	391	0	5	0.97	314.8	1574.0	0.6666666666666666
63570	212	0	5	0.5225	132.8	664.0	0.3333333333333333
63571	125	1	4	0.31	61.4	307.0	1.0
63572	61	0	5	0.145	59.0	295.0	0.0
63573	357	0	5	0.885	165.4	827.0	0.3333333333333333
63574	38	0	5	0.0875	33.0	165.0	0.3333333333333333
63575	321	0	5	0.795	132.0	660.0	0.3333333333333333
63576	149	0	5	0.365	65.4	327.0	0.0
63577	305	1	3	0.76	164.0	820.0	1.0
63578	16	0	5	0.0325	14.0	70.0	0.0
63579	222	0	5	0.5475	95.6	478.0	0.6666666666666666
63580	87	0	5	0.21	65.0	325.0	0.0
63581	31	0	5	0.07	29.0	145.0	0.0
63582	304	0	5	0.7525	211.0	1055.0	0.3333333333333333
63583	166	0	5	0.4075	164.0	820.0	0.0
63584	257	0	5	0.635	94.6	473.0	0.3333333333333333
63585	229	0	5	0.565	158.0	790.0	0.6666666666666666
63586	358	0	5	0.8875	272.6	1363.0	0.6666666666666666
63587	127	0	5	0.31	71.4	357.0	0.3333333333333333
63588	283	0	5	0.7	281.0	1405.0	0.3333333333333333
63589	254	0	5	0.6275	74.0	370.0	0.6666666666666666
63590	216	0	5	0.5325	124.4	622.0	0.3333333333333333
63591	322	0	5	0.7975	196.0	980.0	0.6666666666666666
63592	376	0	5	0.9325	258.2	1291.0	0.6666666666666666
63593	376	0	5	0.9325	115.2	576.0	0.6666666666666666
63594	257	0	5	0.635	133.2	666.0	0.6666666666666666
63595	319	1	4	0.795	142.2	711.0	1.0
63596	400	1	4	0.9975	204.8	1024.0	1.0
63597	356	0	5	0.8825	225.0	1125.0	0.6666666666666666
63598	138	0	5	0.3375	82.0	410.0	0.3333333333333333
63599	192	0	5	0.4725	117.2	586.0	0.6666666666666666
63600	112	0	5	0.2725	110.0	550.0	0.0
63601	336	0	5	0.8325	190.4	952.0	0.6666666666666666
63602	91	0	5	0.22	79.6	398.0	0.3333333333333333
63603	125	0	5	0.305	101.6	508.0	0.3333333333333333
63604	206	0	5	0.5075	96.2	481.0	0.3333333333333333
63605	370	0	5	0.9175	188.4	942.0	0.6666666666666666
63606	173	0	5	0.425	104.0	520.0	0.3333333333333333
63607	303	0	5	0.75	209.4	1047.0	0.6666666666666666
63608	291	1	3	0.725	150.6	753.0	1.0
63609	270	0	5	0.6675	117.4	587.0	0.6666666666666666
63610	236	0	5	0.5825	170.6	853.0	0.6666666666666666
63611	304	0	5	0.7525	189.8	949.0	0.3333333333333333
63612	315	0	5	0.78	151.8	759.0	0.6666666666666666
63613	346	1	4	0.8625	108.4	542.0	1.0
63614	18	0	5	0.0375	16.0	80.0	0.0
63615	182	0	5	0.4475	89.4	447.0	0.3333333333333333
63616	394	0	5	0.9775	193.6	968.0	0.6666666666666666
63617	133	0	5	0.325	105.2	526.0	0.3333333333333333
63618	138	0	5	0.3375	115.6	578.0	0.3333333333333333
63619	88	0	5	0.2125	86.0	430.0	0.0
63620	176	0	5	0.4325	174.0	870.0	0.0
63621	222	0	5	0.5475	182.8	914.0	0.6666666666666666
63622	71	0	5	0.17	47.2	236.0	0.3333333333333333
63623	157	0	5	0.385	115.8	579.0	0.6666666666666666
63624	204	0	5	0.5025	82.0	410.0	0.3333333333333333
63625	286	0	5	0.7075	199.8	999.0	0.3333333333333333
63626	80	0	5	0.1925	47.6	238.0	0.3333333333333333
63627	170	0	5	0.4175	116.4	582.0	0.0
63628	330	0	5	0.8175	253.8	1269.0	0.3333333333333333
63629	150	0	5	0.3675	96.6	483.0	0.6666666666666666
63630	267	0	5	0.66	180.6	903.0	0.6666666666666666
63631	215	0	5	0.53	98.8	494.0	0.6666666666666666
63632	373	1	4	0.93	135.0	675.0	1.0
63633	301	0	5	0.745	183.6	918.0	0.3333333333333333
63634	192	0	5	0.4725	188.0	940.0	0.3333333333333333
63635	256	0	5	0.6325	212.4	1062.0	0.0
63636	45	0	5	0.105	29.8	149.0	0.0
63637	76	0	5	0.1825	72.8	364.0	0.3333333333333333
63638	352	0	5	0.8725	288.6	1443.0	0.6666666666666666
63639	314	0	5	0.7775	83.2	416.0	0.6666666666666666
63640	158	0	5	0.3875	113.0	565.0	0.6666666666666666
63641	113	0	5	0.275	99.4	497.0	0.0
63642	195	0	5	0.48	96.6	483.0	0.3333333333333333
63643	95	0	5	0.23	73.8	369.0	0.3333333333333333
63644	324	0	5	0.8025	199.6	998.0	0.6666666666666666
63645	41	0	5	0.095	39.0	195.0	0.0
63646	349	0	5	0.865	241.4	1207.0	0.6666666666666666
63647	100	0	5	0.2425	75.2	376.0	0.6666666666666666
63648	330	0	5	0.8175	194.0	970.0	0.6666666666666666
63649	227	0	5	0.56	148.6	743.0	0.6666666666666666
63650	105	0	5	0.255	103.0	515.0	0.0
63651	93	0	5	0.225	18.6	93.0	0.0
63652	320	0	5	0.7925	207.0	1035.0	0.6666666666666666
63653	275	0	5	0.68	147.2	736.0	0.3333333333333333
63654	357	1	4	0.89	107.4	537.0	1.0
63655	90	0	5	0.2175	52.0	260.0	0.3333333333333333
63656	189	0	5	0.465	163.4	817.0	0.3333333333333333
63657	304	0	5	0.7525	120.4	602.0	0.3333333333333333
63658	248	1	4	0.6175	169.8	849.0	1.0
63659	42	0	5	0.0975	28.8	144.0	0.3333333333333333
63660	213	0	5	0.525	81.8	409.0	0.3333333333333333
63661	295	0	5	0.73	61.0	305.0	0.3333333333333333
63662	337	0	5	0.835	190.0	950.0	0.6666666666666666
63663	176	0	5	0.4325	75.6	378.0	0.3333333333333333
63664	200	0	5	0.4925	45.2	226.0	0.3333333333333333
63665	230	0	5	0.5675	212.8	1064.0	0.3333333333333333
63666	148	0	5	0.3625	61.4	307.0	0.3333333333333333
63667	317	0	5	0.785	115.0	575.0	0.3333333333333333
63668	2	0	5	0.0	0.0	0.0	0.0
63669	287	0	5	0.71	144.6	723.0	0.3333333333333333
63670	200	0	5	0.4925	128.8	644.0	0.6666666666666666
63671	158	0	5	0.3875	35.2	176.0	0.3333333333333333
63672	245	0	5	0.605	80.4	402.0	0.6666666666666666
63673	75	0	5	0.18	69.4	347.0	0.3333333333333333
63674	320	0	5	0.7925	130.8	654.0	0.6666666666666666
63675	50	0	5	0.1175	28.0	140.0	0.3333333333333333
63676	147	1	4	0.365	80.6	403.0	1.0
63677	359	0	5	0.89	160.6	803.0	0.6666666666666666
63678	237	1	3	0.59	166.8	834.0	1.0
63679	307	0	5	0.76	274.4	1372.0	0.3333333333333333
63680	373	0	5	0.925	252.0	1260.0	0.6666666666666666
63681	364	1	4	0.9075	194.4	972.0	1.0
63682	110	0	5	0.2675	108.0	540.0	0.0
63683	160	0	5	0.3925	86.8	434.0	0.3333333333333333
63684	379	0	5	0.94	271.8	1359.0	0.6666666666666666
63685	315	0	5	0.78	175.4	877.0	0.6666666666666666
63686	267	0	5	0.66	128.6	643.0	0.3333333333333333
63687	386	0	5	0.9575	176.2	881.0	0.6666666666666666
63688	100	0	5	0.2425	68.8	344.0	0.3333333333333333
63689	179	0	5	0.44	168.0	840.0	0.3333333333333333
63690	198	0	5	0.4875	61.6	308.0	0.3333333333333333
63691	160	0	5	0.3925	139.2	696.0	0.6666666666666666
63692	120	0	5	0.2925	109.6	548.0	0.3333333333333333
63693	340	0	5	0.8425	311.2	1556.0	0.3333333333333333
63694	159	1	4	0.395	77.4	387.0	1.0
63695	352	0	5	0.8725	198.0	990.0	0.6666666666666666
63696	80	0	5	0.1925	36.4	182.0	0.3333333333333333
63697	318	0	5	0.7875	179.8	899.0	0.6666666666666666
63698	89	0	5	0.215	56.2	281.0	0.3333333333333333
63699	4	0	5	0.0025	2.0	10.0	0.0
63700	392	0	5	0.9725	165.4	827.0	0.6666666666666666
63701	104	0	5	0.2525	60.0	300.0	0.0
63702	336	1	4	0.8375	109.6	548.0	1.0
63703	125	0	5	0.305	116.6	583.0	0.3333333333333333
63704	340	0	5	0.8425	182.0	910.0	0.6666666666666666
63705	223	0	5	0.55	202.6	1013.0	0.0
63706	99	0	5	0.24	70.2	351.0	0.3333333333333333
63707	148	0	5	0.3625	109.6	548.0	0.3333333333333333
63708	178	0	5	0.4375	126.2	631.0	0.0
63709	234	0	5	0.5775	113.4	567.0	0.6666666666666666
63710	109	1	4	0.27	48.2	241.0	1.0
63711	198	0	5	0.4875	196.0	980.0	0.0
63712	242	0	5	0.5975	63.8	319.0	0.3333333333333333
63713	171	0	5	0.42	149.8	749.0	0.6666666666666666
63714	245	0	5	0.605	177.4	887.0	0.3333333333333333
63715	280	0	5	0.6925	245.0	1225.0	0.3333333333333333
63716	229	0	5	0.565	120.2	601.0	0.3333333333333333
63717	69	0	5	0.165	58.2	291.0	0.0
63718	99	0	5	0.24	73.8	369.0	0.3333333333333333
63719	330	0	5	0.8175	212.8	1064.0	0.6666666666666666
63720	132	0	5	0.3225	59.0	295.0	0.3333333333333333
63721	391	0	5	0.97	315.0	1575.0	0.6666666666666666
63722	44	0	5	0.1025	42.0	210.0	0.0
63723	376	0	5	0.9325	207.8	1039.0	0.6666666666666666
63724	244	0	5	0.6025	67.2	336.0	0.6666666666666666
63725	232	0	5	0.5725	130.8	654.0	0.6666666666666666
63726	239	1	4	0.595	177.2	886.0	1.0
63727	258	0	5	0.6375	108.4	542.0	0.3333333333333333
63728	226	0	5	0.5575	179.8	899.0	0.3333333333333333
63729	285	0	5	0.705	267.8	1339.0	0.6666666666666666
63730	57	0	5	0.135	35.4	177.0	0.0
63731	340	0	5	0.8425	273.8	1369.0	0.3333333333333333
63732	371	0	5	0.92	214.4	1072.0	0.6666666666666666
63733	82	0	5	0.1975	80.0	400.0	0.0
63734	79	0	5	0.19	60.2	301.0	0.0
63735	117	0	5	0.285	115.0	575.0	0.0
63736	133	0	5	0.325	43.8	219.0	0.3333333333333333
63737	26	0	5	0.0575	19.8	99.0	0.0
63738	125	0	5	0.305	109.4	547.0	0.3333333333333333
63739	201	1	4	0.5	92.2	461.0	1.0
63740	386	0	5	0.9575	231.6	1158.0	0.6666666666666666
63741	233	0	5	0.575	103.8	519.0	0.0
63742	343	0	5	0.85	277.8	1389.0	0.6666666666666666
63743	164	0	5	0.4025	144.0	720.0	0.3333333333333333
63744	158	0	5	0.3875	121.8	609.0	0.0
63745	170	0	5	0.4175	147.6	738.0	0.3333333333333333
63746	198	0	5	0.4875	107.2	536.0	0.6666666666666666
63747	355	0	5	0.88	237.4	1187.0	0.3333333333333333
63748	215	0	5	0.53	172.6	863.0	0.3333333333333333
63749	46	0	5	0.1075	37.2	186.0	0.0
63750	110	0	5	0.2675	108.0	540.0	0.0
63751	321	1	4	0.8	202.6	1013.0	1.0
63752	41	0	5	0.095	39.0	195.0	0.0
63753	358	1	4	0.8925	137.6	688.0	1.0
63754	116	0	5	0.2825	57.6	288.0	0.3333333333333333
63755	351	0	5	0.87	205.0	1025.0	0.3333333333333333
63756	56	0	5	0.1325	54.0	270.0	0.0
63757	99	0	5	0.24	97.0	485.0	0.0
63758	115	0	5	0.28	84.2	421.0	0.3333333333333333
63759	207	0	5	0.51	116.6	583.0	0.3333333333333333
63760	332	0	5	0.8225	152.6	763.0	0.3333333333333333
63761	185	0	5	0.455	91.2	456.0	0.3333333333333333
63762	263	0	5	0.65	201.4	1007.0	0.6666666666666666
63763	170	0	5	0.4175	126.2	631.0	0.3333333333333333
63764	393	0	5	0.975	170.6	853.0	0.6666666666666666
63765	139	1	4	0.345	77.0	385.0	1.0
63766	132	0	5	0.3225	96.8	484.0	0.3333333333333333
63767	288	1	4	0.7175	243.8	1219.0	1.0
63768	292	0	5	0.7225	177.0	885.0	0.6666666666666666
63769	12	0	5	0.0225	8.8	44.0	0.0
63770	99	0	5	0.24	65.4	327.0	0.6666666666666666
63771	224	0	5	0.5525	184.6	923.0	0.3333333333333333
63772	306	0	5	0.7575	168.6	843.0	0.3333333333333333
63773	260	0	5	0.6425	211.4	1057.0	0.3333333333333333
63774	83	0	5	0.2	81.0	405.0	0.3333333333333333
63775	334	0	5	0.8275	216.8	1084.0	0.6666666666666666
63776	323	0	5	0.8	190.2	951.0	0.3333333333333333
63777	162	0	5	0.3975	54.4	272.0	0.0
63778	314	1	4	0.7825	114.8	574.0	1.0
63779	127	0	5	0.31	97.8	489.0	0.3333333333333333
63780	284	0	5	0.7025	278.6	1393.0	0.0
63781	367	0	5	0.91	124.0	620.0	0.6666666666666666
63782	156	0	5	0.3825	99.6	498.0	0.6666666666666666
63783	216	0	5	0.5325	122.2	611.0	0.3333333333333333
63784	130	0	5	0.3175	128.0	640.0	0.0
63785	136	0	5	0.3325	126.8	634.0	0.0
63786	400	1	4	0.9975	147.6	738.0	1.0
63787	217	0	5	0.535	127.8	639.0	0.6666666666666666
63788	36	0	5	0.0825	13.2	66.0	0.0
63789	400	1	4	0.9975	221.2	1106.0	1.0
63790	223	0	5	0.55	221.0	1105.0	0.0
63791	25	0	5	0.055	23.0	115.0	0.0
63792	360	0	5	0.8925	136.6	683.0	0.3333333333333333
63793	113	0	5	0.275	51.6	258.0	0.3333333333333333
63794	225	0	5	0.555	118.0	590.0	0.3333333333333333
63795	240	0	5	0.5925	178.4	892.0	0.3333333333333333
63796	348	1	4	0.8675	168.0	840.0	1.0
63797	167	0	5	0.41	102.6	513.0	0.0
63798	290	0	5	0.7175	106.4	532.0	0.3333333333333333
63799	184	0	5	0.4525	99.0	495.0	0.6666666666666666
63800	98	0	5	0.2375	84.0	420.0	0.3333333333333333
63801	348	0	5	0.8625	246.2	1231.0	0.6666666666666666
63802	126	0	5	0.3075	76.8	384.0	0.0
63803	71	0	5	0.17	69.0	345.0	0.0
63804	308	0	5	0.7625	132.8	664.0	0.3333333333333333
63805	186	0	5	0.4575	151.0	755.0	0.0
63806	72	0	5	0.1725	44.8	224.0	0.0
63807	274	0	5	0.6775	238.6	1193.0	0.3333333333333333
63808	103	0	5	0.25	61.8	309.0	0.0
63809	260	1	4	0.6475	134.8	674.0	1.0
63810	177	0	5	0.435	65.0	325.0	0.6666666666666666
63811	299	0	5	0.74	117.8	589.0	0.6666666666666666
63812	326	0	5	0.8075	206.0	1030.0	0.6666666666666666
63813	66	0	5	0.1575	28.4	142.0	0.6666666666666666
63814	93	0	5	0.225	91.0	455.0	0.0
63815	78	0	5	0.1875	56.4	282.0	0.3333333333333333
63816	262	0	5	0.6475	212.8	1064.0	0.3333333333333333
63817	56	0	5	0.1325	29.8	149.0	0.3333333333333333
63818	184	0	5	0.4525	101.2	506.0	0.3333333333333333
63819	215	0	5	0.53	124.2	621.0	0.3333333333333333
63820	332	0	5	0.8225	249.6	1248.0	0.6666666666666666
63821	388	0	5	0.9625	218.4	1092.0	0.6666666666666666
63822	247	0	5	0.61	185.0	925.0	0.3333333333333333
63823	271	0	5	0.67	170.6	853.0	0.3333333333333333
63824	264	0	5	0.6525	118.4	592.0	0.3333333333333333
63825	77	0	5	0.185	59.4	297.0	0.3333333333333333
63826	27	0	5	0.06	16.6	83.0	0.3333333333333333
63827	191	1	4	0.475	83.4	417.0	1.0
63828	211	0	5	0.52	119.0	595.0	0.3333333333333333
63829	53	0	5	0.125	43.4	217.0	0.0
63830	335	0	5	0.83	228.6	1143.0	0.3333333333333333
63831	132	0	5	0.3225	81.8	409.0	0.3333333333333333
63832	297	0	5	0.735	136.8	684.0	0.6666666666666666
63833	155	0	5	0.38	118.6	593.0	0.3333333333333333
63834	72	0	5	0.1725	64.0	320.0	0.3333333333333333
63835	124	0	5	0.3025	63.2	316.0	0.3333333333333333
63836	341	0	5	0.845	110.6	553.0	0.6666666666666666
63837	166	0	5	0.4075	47.2	236.0	0.3333333333333333
63838	321	0	5	0.795	158.6	793.0	0.6666666666666666
63839	134	0	5	0.3275	90.8	454.0	0.3333333333333333
63840	53	0	5	0.125	51.0	255.0	0.0
63841	130	0	5	0.3175	70.4	352.0	0.0
63842	28	0	5	0.0625	26.0	130.0	0.0
63843	185	0	5	0.455	147.0	735.0	0.3333333333333333
63844	302	0	5	0.7475	195.0	975.0	0.0
63845	193	0	5	0.475	81.6	408.0	0.3333333333333333
63846	245	1	4	0.61	189.8	949.0	1.0
63847	301	0	5	0.745	212.0	1060.0	0.6666666666666666
63848	252	0	5	0.6225	52.4	262.0	0.6666666666666666
63849	343	0	5	0.85	198.0	990.0	0.6666666666666666
63850	134	1	3	0.3325	110.2	551.0	1.0
63851	158	0	5	0.3875	65.6	328.0	0.3333333333333333
63852	172	0	5	0.4225	134.4	672.0	0.3333333333333333
63853	274	0	5	0.6775	85.6	428.0	0.6666666666666666
63854	382	1	4	0.9525	239.6	1198.0	1.0
63855	130	1	4	0.3225	80.0	400.0	1.0
63856	379	1	4	0.945	131.8	659.0	1.0
63857	232	1	4	0.5775	82.0	410.0	1.0
63858	156	0	5	0.3825	79.6	398.0	0.3333333333333333
63859	15	0	5	0.03	13.0	65.0	0.0
63860	390	0	5	0.9675	160.2	801.0	0.6666666666666666
63861	246	0	5	0.6075	123.8	619.0	0.6666666666666666
63862	210	0	5	0.5175	104.8	524.0	0.3333333333333333
63863	13	0	5	0.025	11.0	55.0	0.0
63864	346	0	5	0.8575	160.4	802.0	0.3333333333333333
63865	396	0	5	0.9825	222.6	1113.0	0.6666666666666666
63866	195	0	5	0.48	82.6	413.0	0.3333333333333333
63867	303	0	5	0.75	92.2	461.0	0.6666666666666666
63868	318	0	5	0.7875	313.6	1568.0	0.3333333333333333
63869	85	0	5	0.205	61.4	307.0	0.3333333333333333
63870	347	0	5	0.86	140.4	702.0	0.3333333333333333
63871	290	0	5	0.7175	129.6	648.0	0.3333333333333333
63872	22	0	5	0.0475	20.0	100.0	0.0
63873	60	0	5	0.1425	55.2	276.0	0.3333333333333333
63874	359	1	4	0.895	143.6	718.0	1.0
63875	265	0	5	0.655	73.4	367.0	0.3333333333333333
63876	88	0	5	0.2125	58.0	290.0	0.3333333333333333
63877	255	1	4	0.635	170.2	851.0	1.0
63878	45	0	5	0.105	43.0	215.0	0.0
63879	215	0	5	0.53	176.4	882.0	0.3333333333333333
63880	228	0	5	0.5625	218.0	1090.0	0.3333333333333333
63881	138	0	5	0.3375	112.6	563.0	0.3333333333333333
63882	172	0	5	0.4225	103.2	516.0	0.3333333333333333
63883	77	0	5	0.185	46.8	234.0	0.3333333333333333
63884	50	0	5	0.1175	48.0	240.0	0.3333333333333333
63885	164	0	5	0.4025	162.0	810.0	0.0
63886	195	0	5	0.48	193.0	965.0	0.3333333333333333
63887	237	0	5	0.585	180.6	903.0	0.0
63888	188	0	5	0.4625	130.8	654.0	0.3333333333333333
63889	237	1	4	0.59	144.2	721.0	1.0
63890	173	0	5	0.425	171.0	855.0	0.3333333333333333
63891	316	0	5	0.7825	252.0	1260.0	0.6666666666666666
63892	39	0	5	0.09	35.4	177.0	0.0
63893	322	0	5	0.7975	180.6	903.0	0.3333333333333333
63894	165	0	5	0.405	163.0	815.0	0.0
63895	156	0	5	0.3825	58.0	290.0	0.3333333333333333
63896	401	0	5	0.995	226.0	1130.0	0.6666666666666666
63897	50	0	5	0.1175	48.0	240.0	0.0
63898	55	0	5	0.13	53.0	265.0	0.0
63899	7	0	5	0.01	5.0	25.0	0.0
63900	39	1	4	0.095	23.8	119.0	1.0
63901	87	0	5	0.21	31.0	155.0	0.6666666666666666
63902	226	0	5	0.5575	137.4	687.0	0.3333333333333333
63903	59	0	5	0.14	57.0	285.0	0.0
63904	250	0	5	0.6175	215.8	1079.0	0.0
63905	157	0	5	0.385	115.8	579.0	0.0
63906	335	1	4	0.835	205.6	1028.0	1.0
63907	353	0	5	0.875	133.4	667.0	0.6666666666666666
63908	11	0	5	0.02	9.0	45.0	0.0
63909	265	0	5	0.655	79.0	395.0	0.6666666666666666
63910	226	0	5	0.5575	194.6	973.0	0.3333333333333333
63911	192	0	5	0.4725	174.4	872.0	0.0
63912	129	0	5	0.315	124.2	621.0	0.3333333333333333
63913	229	0	5	0.565	208.8	1044.0	0.0
63914	213	0	5	0.525	110.2	551.0	0.3333333333333333
63915	4	0	5	0.0025	2.0	10.0	0.0
63916	315	0	5	0.78	238.4	1192.0	0.6666666666666666
63917	401	0	3	0.9975	274.8	1374.0	0.6666666666666666
63918	262	0	5	0.6475	206.8	1034.0	0.3333333333333333
63919	401	0	5	0.995	174.2	871.0	0.6666666666666666
63920	195	0	5	0.48	72.2	361.0	0.0
63921	297	0	5	0.735	217.0	1085.0	0.6666666666666666
63922	126	0	5	0.3075	81.2	406.0	0.0
63923	186	0	5	0.4575	136.0	680.0	0.0
63924	158	0	5	0.3875	70.4	352.0	0.3333333333333333
63925	73	0	5	0.175	71.0	355.0	0.0
63926	212	0	5	0.5225	92.2	461.0	0.3333333333333333
63927	282	0	5	0.6975	213.4	1067.0	0.6666666666666666
63928	298	0	5	0.7375	231.6	1158.0	0.6666666666666666
63929	309	0	5	0.765	198.0	990.0	0.6666666666666666
63930	73	0	5	0.175	64.6	323.0	0.3333333333333333
63931	337	0	5	0.835	277.0	1385.0	0.6666666666666666
63932	242	0	5	0.5975	125.2	626.0	0.3333333333333333
63933	93	0	5	0.225	50.2	251.0	0.3333333333333333
63934	364	0	5	0.9025	223.6	1118.0	0.3333333333333333
63935	356	1	4	0.8875	189.2	946.0	1.0
63936	183	0	5	0.45	95.4	477.0	0.3333333333333333
63937	114	0	5	0.2775	78.4	392.0	0.0
63938	115	0	5	0.28	113.0	565.0	0.0
63939	51	0	5	0.12	49.0	245.0	0.0
63940	329	0	5	0.815	132.6	663.0	0.3333333333333333
63941	245	0	5	0.605	223.2	1116.0	0.3333333333333333
63942	265	0	5	0.655	162.8	814.0	0.3333333333333333
63943	149	0	5	0.365	87.2	436.0	0.3333333333333333
63944	379	0	5	0.94	311.2	1556.0	0.6666666666666666
63945	210	1	4	0.5225	67.0	335.0	1.0
63946	238	0	5	0.5875	156.0	780.0	0.0
63947	35	0	5	0.08	33.0	165.0	0.3333333333333333
63948	245	0	5	0.605	123.8	619.0	0.6666666666666666
63949	104	0	5	0.2525	54.2	271.0	0.3333333333333333
63950	307	0	5	0.76	283.4	1417.0	0.6666666666666666
63951	304	0	5	0.7525	189.6	948.0	0.6666666666666666
63952	176	0	5	0.4325	138.8	694.0	0.3333333333333333
63953	328	0	5	0.8125	165.2	826.0	0.6666666666666666
63954	227	0	5	0.56	92.0	460.0	0.6666666666666666
63955	52	0	5	0.1225	31.4	157.0	0.0
63956	128	0	5	0.3125	102.0	510.0	0.0
63957	217	0	5	0.535	191.4	957.0	0.0
63958	366	1	4	0.9125	236.0	1180.0	1.0
63959	12	0	5	0.0225	8.0	40.0	0.3333333333333333
63960	79	0	5	0.19	57.2	286.0	0.3333333333333333
63961	183	0	5	0.45	153.0	765.0	0.6666666666666666
63962	219	0	5	0.54	109.8	549.0	0.6666666666666666
63963	130	0	5	0.3175	40.8	204.0	0.3333333333333333
63964	250	0	5	0.6175	248.0	1240.0	0.0
63965	45	0	5	0.105	43.0	215.0	0.0
63966	255	0	5	0.63	194.0	970.0	0.6666666666666666
63967	326	0	5	0.8075	159.8	799.0	0.6666666666666666
63968	292	0	5	0.7225	143.4	717.0	0.6666666666666666
63969	171	0	5	0.42	94.6	473.0	0.6666666666666666
63970	249	0	5	0.615	232.6	1163.0	0.3333333333333333
63971	231	0	5	0.57	97.0	485.0	0.3333333333333333
63972	309	0	5	0.765	205.4	1027.0	0.3333333333333333
63973	134	0	5	0.3275	66.0	330.0	0.3333333333333333
63974	138	0	5	0.3375	61.2	306.0	0.3333333333333333
63975	24	0	5	0.0525	14.2	71.0	0.3333333333333333
63976	342	0	5	0.8475	161.6	808.0	0.3333333333333333
63977	179	0	5	0.44	149.4	747.0	0.0
63978	163	0	5	0.4	128.4	642.0	0.3333333333333333
63979	52	0	5	0.1225	45.6	228.0	0.3333333333333333
63980	36	0	5	0.0825	34.0	170.0	0.0
63981	124	0	5	0.3025	122.0	610.0	0.0
63982	178	0	5	0.4375	65.6	328.0	0.3333333333333333
63983	82	1	4	0.2025	56.0	280.0	1.0
63984	233	0	5	0.575	168.8	844.0	0.3333333333333333
63985	166	0	5	0.4075	102.8	514.0	0.0
63986	127	0	5	0.31	86.6	433.0	0.0
63987	288	0	5	0.7125	244.4	1222.0	0.3333333333333333
63988	276	0	5	0.6825	82.0	410.0	0.3333333333333333
63989	8	0	5	0.0125	6.0	30.0	0.0
63990	285	1	4	0.71	183.0	915.0	1.0
63991	4	0	5	0.0025	2.0	10.0	0.0
63992	357	0	5	0.885	141.0	705.0	0.6666666666666666
63993	391	0	5	0.97	257.4	1287.0	0.3333333333333333
63994	40	0	5	0.0925	25.2	126.0	0.3333333333333333
63995	56	0	5	0.1325	54.0	270.0	0.0
63996	132	0	5	0.3225	61.6	308.0	0.6666666666666666
63997	241	0	5	0.595	222.8	1114.0	0.3333333333333333
63998	19	0	5	0.04	8.0	40.0	0.3333333333333333
63999	198	1	4	0.4925	167.4	837.0	1.0
64000	101	0	5	0.245	43.8	219.0	0.0
64001	333	0	5	0.825	215.4	1077.0	0.3333333333333333
64002	236	0	5	0.5825	120.6	603.0	0.6666666666666666
64003	270	1	4	0.6725	106.8	534.0	1.0
64004	47	0	5	0.11	39.4	197.0	0.0
64005	189	0	5	0.465	111.0	555.0	0.3333333333333333
64006	282	1	4	0.7025	123.8	619.0	1.0
64007	79	0	5	0.19	50.2	251.0	0.3333333333333333
64008	204	0	5	0.5025	171.2	856.0	0.0
64009	20	0	5	0.0425	18.0	90.0	0.0
64010	265	0	5	0.655	223.2	1116.0	0.6666666666666666
64011	113	0	5	0.275	85.4	427.0	0.3333333333333333
64012	65	0	5	0.155	43.8	219.0	0.0
64013	10	0	5	0.0175	8.0	40.0	0.0
64014	66	0	5	0.1575	34.6	173.0	0.3333333333333333
64015	116	0	5	0.2825	104.6	523.0	0.3333333333333333
64016	190	0	5	0.4675	109.6	548.0	0.6666666666666666
64017	62	0	5	0.1475	60.0	300.0	0.0
64018	199	0	5	0.49	194.6	973.0	0.3333333333333333
64019	361	0	5	0.895	113.2	566.0	0.6666666666666666
64020	150	0	5	0.3675	111.2	556.0	0.3333333333333333
64021	348	0	5	0.8625	277.0	1385.0	0.6666666666666666
64022	254	0	5	0.6275	160.0	800.0	0.3333333333333333
64023	171	0	5	0.42	99.4	497.0	0.3333333333333333
64024	104	0	5	0.2525	36.4	182.0	0.3333333333333333
64025	370	0	5	0.9175	304.4	1522.0	0.6666666666666666
64026	306	0	5	0.7575	122.6	613.0	0.3333333333333333
64027	233	0	5	0.575	211.8	1059.0	0.3333333333333333
64028	289	0	5	0.715	121.4	607.0	0.3333333333333333
64029	76	0	5	0.1825	37.4	187.0	0.3333333333333333
64030	43	0	5	0.1	13.0	65.0	0.3333333333333333
64031	286	0	5	0.7075	130.2	651.0	0.6666666666666666
64032	342	0	5	0.8475	257.6	1288.0	0.3333333333333333
64033	215	0	5	0.53	130.2	651.0	0.6666666666666666
64034	175	0	5	0.43	134.2	671.0	0.6666666666666666
64035	242	0	5	0.5975	204.6	1023.0	0.3333333333333333
64036	150	0	5	0.3675	62.8	314.0	0.3333333333333333
64037	105	0	5	0.255	81.4	407.0	0.3333333333333333
64038	277	1	4	0.69	139.4	697.0	1.0
64039	349	0	5	0.865	221.4	1107.0	0.6666666666666666
64040	321	0	5	0.795	136.8	684.0	0.3333333333333333
64041	246	0	5	0.6075	224.2	1121.0	0.6666666666666666
64042	236	1	4	0.5875	168.0	840.0	1.0
64043	123	0	5	0.3	113.6	568.0	0.0
64044	325	0	5	0.805	293.4	1467.0	0.3333333333333333
64045	80	0	5	0.1925	78.0	390.0	0.0
64046	151	0	5	0.37	105.8	529.0	0.0
64047	309	0	5	0.765	193.0	965.0	0.3333333333333333
64048	206	0	5	0.5075	92.6	463.0	0.6666666666666666
64049	36	0	5	0.0825	15.6	78.0	0.3333333333333333
64050	200	0	5	0.4925	109.8	549.0	0.6666666666666666
64051	278	1	4	0.6925	219.8	1099.0	1.0
64052	197	0	5	0.485	108.6	543.0	0.6666666666666666
64053	319	0	5	0.79	252.0	1260.0	0.3333333333333333
64054	167	0	5	0.41	118.6	593.0	0.3333333333333333
64055	293	0	5	0.725	227.0	1135.0	0.6666666666666666
64056	297	1	4	0.74	285.0	1425.0	1.0
64057	125	0	5	0.305	27.8	139.0	0.3333333333333333
64058	287	0	5	0.71	152.4	762.0	0.3333333333333333
64059	112	0	5	0.2725	67.2	336.0	0.3333333333333333
64060	43	0	5	0.1	36.8	184.0	0.3333333333333333
64061	85	0	5	0.205	83.0	415.0	0.3333333333333333
64062	283	0	5	0.7	202.2	1011.0	0.6666666666666666
64063	125	0	5	0.305	75.0	375.0	0.3333333333333333
64064	153	0	5	0.375	128.2	641.0	0.3333333333333333
64065	270	0	5	0.6675	206.2	1031.0	0.6666666666666666
64066	162	0	5	0.3975	84.8	424.0	0.0
64067	400	0	5	0.9925	153.2	766.0	0.6666666666666666
64068	329	1	4	0.82	255.0	1275.0	1.0
64069	147	0	5	0.36	110.6	553.0	0.3333333333333333
64070	200	0	5	0.4925	101.8	509.0	0.3333333333333333
64071	347	0	5	0.86	196.8	984.0	0.3333333333333333
64072	34	0	5	0.0775	32.0	160.0	0.0
64073	337	1	4	0.84	144.6	723.0	1.0
64074	89	0	5	0.215	21.4	107.0	0.3333333333333333
64075	138	0	5	0.3375	121.0	605.0	0.3333333333333333
64076	318	0	5	0.7875	147.4	737.0	0.6666666666666666
64077	188	0	5	0.4625	99.2	496.0	0.3333333333333333
64078	325	0	5	0.805	155.4	777.0	0.6666666666666666
64079	315	0	5	0.78	140.8	704.0	0.6666666666666666
64080	261	0	5	0.645	251.6	1258.0	0.3333333333333333
64081	180	0	5	0.4425	114.4	572.0	0.0
64082	122	0	5	0.2975	82.8	414.0	0.3333333333333333
64083	316	0	5	0.7825	299.2	1496.0	0.6666666666666666
64084	54	0	5	0.1275	51.6	258.0	0.0
64085	358	1	4	0.8925	222.0	1110.0	1.0
64086	391	1	3	0.975	251.6	1258.0	1.0
64087	63	0	5	0.15	25.8	129.0	0.3333333333333333
64088	188	0	5	0.4625	102.0	510.0	0.3333333333333333
64089	69	0	5	0.165	67.0	335.0	0.0
64090	257	0	5	0.635	86.2	431.0	0.6666666666666666
64091	356	0	5	0.8825	262.8	1314.0	0.3333333333333333
64092	401	0	4	0.9975	345.6	1728.0	0.6666666666666666
64093	212	0	5	0.5225	149.2	746.0	0.3333333333333333
64094	80	0	5	0.1925	24.2	121.0	0.3333333333333333
64095	80	0	5	0.1925	36.0	180.0	0.3333333333333333
64096	126	0	5	0.3075	114.4	572.0	0.3333333333333333
64097	263	0	5	0.65	225.4	1127.0	0.3333333333333333
64098	2	0	5	0.0	0.0	0.0	0.0
64099	8	0	5	0.0125	6.0	30.0	0.0
64100	325	0	5	0.805	181.4	907.0	0.6666666666666666
64101	264	0	5	0.6525	241.2	1206.0	0.3333333333333333
64102	264	0	5	0.6525	161.6	808.0	0.6666666666666666
64103	20	0	5	0.0425	18.0	90.0	0.0
64104	204	0	5	0.5025	146.4	732.0	0.3333333333333333
64105	80	0	5	0.1925	78.0	390.0	0.0
64106	104	0	5	0.2525	102.0	510.0	0.0
64107	389	0	5	0.965	302.8	1514.0	0.6666666666666666
64108	273	0	5	0.675	249.4	1247.0	0.3333333333333333
64109	248	0	5	0.6125	180.6	903.0	0.3333333333333333
64110	97	0	5	0.235	95.0	475.0	0.0
64111	168	0	5	0.4125	159.2	796.0	0.0
64112	346	0	5	0.8575	184.0	920.0	0.3333333333333333
64113	209	0	5	0.515	54.0	270.0	0.3333333333333333
64114	161	0	5	0.395	105.2	526.0	0.0
64115	162	0	5	0.3975	135.6	678.0	0.3333333333333333
64116	14	0	5	0.0275	12.0	60.0	0.0
64117	65	0	5	0.155	29.0	145.0	0.3333333333333333
64118	171	0	5	0.42	105.2	526.0	0.3333333333333333
64119	286	0	5	0.7075	212.8	1064.0	0.3333333333333333
64120	112	0	5	0.2725	33.2	166.0	0.3333333333333333
64121	57	0	5	0.135	55.0	275.0	0.0
64122	183	0	5	0.45	175.6	878.0	0.6666666666666666
64123	74	0	5	0.1775	72.0	360.0	0.0
64124	211	0	5	0.52	128.2	641.0	0.3333333333333333
64125	269	0	5	0.665	195.8	979.0	0.6666666666666666
64126	375	0	5	0.93	145.8	729.0	0.3333333333333333
64127	240	0	5	0.5925	238.0	1190.0	0.3333333333333333
64128	370	1	4	0.9225	240.8	1204.0	1.0
64129	359	0	5	0.89	177.4	887.0	0.3333333333333333
64130	140	0	5	0.3425	87.6	438.0	0.0
64131	224	0	5	0.5525	102.0	510.0	0.6666666666666666
64132	274	0	5	0.6775	230.0	1150.0	0.3333333333333333
64133	132	0	5	0.3225	122.4	612.0	0.3333333333333333
64134	251	0	5	0.62	179.8	899.0	0.6666666666666666
64135	115	0	5	0.28	68.6	343.0	0.3333333333333333
64136	118	0	5	0.2875	97.2	486.0	0.0
64137	140	0	5	0.3425	99.2	496.0	0.0
64138	310	1	4	0.7725	195.6	978.0	1.0
64139	175	0	5	0.43	61.0	305.0	0.6666666666666666
64140	58	0	5	0.1375	35.2	176.0	0.0
64141	241	0	5	0.595	204.2	1021.0	0.3333333333333333
64142	231	0	5	0.57	75.4	377.0	0.3333333333333333
64143	261	0	5	0.645	174.2	871.0	0.6666666666666666
64144	73	0	5	0.175	24.6	123.0	0.3333333333333333
64145	247	0	5	0.61	220.4	1102.0	0.3333333333333333
64146	363	0	5	0.9	205.6	1028.0	0.6666666666666666
64147	368	0	5	0.9125	103.2	516.0	0.6666666666666666
64148	360	1	4	0.8975	199.0	995.0	1.0
64149	292	0	5	0.7225	126.8	634.0	0.0
64150	213	0	5	0.525	171.0	855.0	0.3333333333333333
64151	162	0	5	0.3975	96.4	482.0	0.3333333333333333
64152	85	0	5	0.205	78.2	391.0	0.3333333333333333
64153	306	0	5	0.7575	130.6	653.0	0.6666666666666666
64154	273	0	5	0.675	246.2	1231.0	0.3333333333333333
64155	243	0	5	0.6	230.8	1154.0	0.3333333333333333
64156	60	0	5	0.1425	58.0	290.0	0.0
64157	331	0	5	0.82	181.8	909.0	0.6666666666666666
64158	163	0	5	0.4	129.2	646.0	0.3333333333333333
64159	152	0	5	0.3725	137.8	689.0	0.3333333333333333
64160	200	0	5	0.4925	119.6	598.0	0.3333333333333333
64161	16	0	5	0.0325	14.0	70.0	0.0
64162	253	0	5	0.625	117.0	585.0	0.3333333333333333
64163	168	0	5	0.4125	115.0	575.0	0.3333333333333333
64164	336	0	5	0.8325	238.4	1192.0	0.3333333333333333
64165	146	0	5	0.3575	125.6	628.0	0.3333333333333333
64166	390	0	5	0.9675	105.0	525.0	0.6666666666666666
64167	367	0	5	0.91	73.4	367.0	0.6666666666666666
64168	117	0	5	0.285	115.0	575.0	0.0
64169	39	0	5	0.09	31.0	155.0	0.3333333333333333
64170	116	1	4	0.2875	56.8	284.0	1.0
64171	394	1	4	0.9825	373.4	1867.0	1.0
64172	291	1	4	0.725	127.0	635.0	1.0
64173	216	0	5	0.5325	133.0	665.0	0.6666666666666666
64174	302	0	5	0.7475	180.8	904.0	0.3333333333333333
64175	324	0	5	0.8025	200.4	1002.0	0.6666666666666666
64176	324	0	5	0.8025	159.4	797.0	0.6666666666666666
64177	279	0	5	0.69	119.2	596.0	0.3333333333333333
64178	276	0	5	0.6825	92.4	462.0	0.6666666666666666
64179	166	0	5	0.4075	139.6	698.0	0.3333333333333333
64180	364	0	5	0.9025	230.8	1154.0	0.6666666666666666
64181	149	0	5	0.365	95.2	476.0	0.3333333333333333
64182	177	0	5	0.435	175.0	875.0	0.0
64183	163	0	5	0.4	41.4	207.0	0.3333333333333333
64184	200	0	5	0.4925	154.0	770.0	0.0
64185	395	1	4	0.985	193.6	968.0	1.0
64186	332	0	5	0.8225	166.0	830.0	0.6666666666666666
64187	136	0	5	0.3325	118.0	590.0	0.3333333333333333
64188	240	0	5	0.5925	143.2	716.0	0.6666666666666666
64189	57	0	5	0.135	55.0	275.0	0.0
64190	329	0	5	0.815	113.4	567.0	0.6666666666666666
64191	127	0	5	0.31	125.0	625.0	0.0
64192	200	0	5	0.4925	128.4	642.0	0.3333333333333333
64193	341	0	5	0.845	144.2	721.0	0.3333333333333333
64194	295	0	5	0.73	165.4	827.0	0.6666666666666666
64195	257	0	5	0.635	82.2	411.0	0.3333333333333333
64196	295	1	4	0.735	99.0	495.0	1.0
64197	229	0	5	0.565	138.4	692.0	0.3333333333333333
64198	395	0	5	0.98	211.8	1059.0	0.6666666666666666
64199	240	0	5	0.5925	87.8	439.0	0.6666666666666666
64200	89	0	5	0.215	87.0	435.0	0.0
64201	222	0	5	0.5475	160.0	800.0	0.3333333333333333
64202	170	0	5	0.4175	115.8	579.0	0.0
64203	98	0	5	0.2375	57.6	288.0	0.0
64204	79	0	5	0.19	77.0	385.0	0.0
64205	277	0	5	0.685	219.2	1096.0	0.6666666666666666
64206	47	0	5	0.11	45.0	225.0	0.0
64207	28	0	5	0.0625	26.0	130.0	0.0
64208	211	0	5	0.52	101.0	505.0	0.3333333333333333
64209	373	0	5	0.925	88.6	443.0	0.6666666666666666
64210	84	0	5	0.2025	22.8	114.0	0.0
64211	290	1	4	0.7225	269.4	1347.0	1.0
64212	394	0	5	0.9775	170.2	851.0	0.6666666666666666
64213	195	0	5	0.48	157.8	789.0	0.0
64214	106	0	5	0.2575	42.0	210.0	0.3333333333333333
64215	296	0	5	0.7325	281.6	1408.0	0.6666666666666666
64216	293	0	5	0.725	126.4	632.0	0.3333333333333333
64217	230	0	5	0.5675	132.8	664.0	0.6666666666666666
64218	150	0	5	0.3675	128.0	640.0	0.3333333333333333
64219	389	0	5	0.965	265.4	1327.0	0.6666666666666666
64220	117	0	5	0.285	77.2	386.0	0.0
64221	96	0	5	0.2325	74.8	374.0	0.3333333333333333
64222	200	0	5	0.4925	58.0	290.0	0.3333333333333333
64223	184	0	5	0.4525	150.8	754.0	0.3333333333333333
64224	96	0	5	0.2325	94.0	470.0	0.0
64225	195	0	5	0.48	145.4	727.0	0.6666666666666666
64226	108	0	5	0.2625	83.2	416.0	0.0
64227	231	0	5	0.57	95.4	477.0	0.3333333333333333
64228	196	0	5	0.4825	105.8	529.0	0.3333333333333333
64229	63	0	5	0.15	61.0	305.0	0.0
64230	400	1	4	0.9975	143.2	716.0	1.0
64231	322	0	5	0.7975	301.6	1508.0	0.3333333333333333
64232	273	1	4	0.68	86.6	433.0	1.0
64233	270	0	5	0.6675	129.6	648.0	0.3333333333333333
64234	292	1	4	0.7275	249.6	1248.0	1.0
64235	166	0	5	0.4075	43.6	218.0	0.3333333333333333
64236	177	0	5	0.435	141.6	708.0	0.3333333333333333
64237	326	0	5	0.8075	181.6	908.0	0.6666666666666666
64238	53	0	5	0.125	51.0	255.0	0.0
64239	11	0	5	0.02	9.0	45.0	0.0
64240	34	0	5	0.0775	27.8	139.0	0.3333333333333333
64241	218	0	5	0.5375	144.0	720.0	0.3333333333333333
64242	18	0	5	0.0375	16.0	80.0	0.0
64243	66	0	5	0.1575	58.2	291.0	0.0
64244	184	0	5	0.4525	123.8	619.0	0.3333333333333333
64245	35	0	5	0.08	33.0	165.0	0.0
64246	27	0	5	0.06	25.0	125.0	0.0
64247	316	0	5	0.7825	121.2	606.0	0.6666666666666666
64248	144	1	4	0.3575	64.4	322.0	1.0
64249	271	1	4	0.675	150.8	754.0	1.0
64250	207	0	5	0.51	104.8	524.0	0.3333333333333333
64251	203	0	5	0.5	128.4	642.0	0.3333333333333333
64252	396	1	4	0.9875	170.8	854.0	1.0
64253	53	0	5	0.125	27.6	138.0	0.6666666666666666
64254	206	0	5	0.5075	159.2	796.0	0.0
64255	198	0	5	0.4875	143.2	716.0	0.6666666666666666
64256	175	0	5	0.43	72.6	363.0	0.3333333333333333
64257	241	0	5	0.595	163.0	815.0	0.3333333333333333
64258	269	0	5	0.665	221.0	1105.0	0.6666666666666666
64259	325	0	5	0.805	166.6	833.0	0.6666666666666666
64260	382	0	5	0.9475	285.6	1428.0	0.6666666666666666
64261	56	0	5	0.1325	54.0	270.0	0.0
64262	159	0	5	0.39	117.0	585.0	0.0
64263	24	0	5	0.0525	22.0	110.0	0.0
64264	261	0	5	0.645	155.4	777.0	0.6666666666666666
64265	95	0	5	0.23	93.0	465.0	0.0
64266	21	0	5	0.045	19.0	95.0	0.0
64267	257	1	4	0.64	99.4	497.0	1.0
64268	169	0	5	0.415	139.0	695.0	0.3333333333333333
64269	111	0	5	0.27	89.4	447.0	0.3333333333333333
64270	53	0	5	0.125	19.0	95.0	0.6666666666666666
64271	260	1	4	0.6475	120.0	600.0	1.0
64272	324	0	5	0.8025	189.4	947.0	0.3333333333333333
64273	302	1	4	0.7525	155.6	778.0	1.0
64274	338	0	5	0.8375	188.4	942.0	0.3333333333333333
64275	322	0	5	0.7975	256.8	1284.0	0.6666666666666666
64276	219	0	5	0.54	92.2	461.0	0.3333333333333333
64277	92	0	5	0.2225	76.4	382.0	0.3333333333333333
64278	195	0	5	0.48	135.8	679.0	0.6666666666666666
64279	359	0	5	0.89	278.4	1392.0	0.0
64280	4	0	5	0.0025	2.0	10.0	0.0
64281	209	0	5	0.515	85.0	425.0	0.0
64282	325	0	5	0.805	140.0	700.0	0.6666666666666666
64283	256	0	5	0.6325	150.0	750.0	0.6666666666666666
64284	312	0	5	0.7725	252.0	1260.0	0.3333333333333333
64285	299	0	5	0.74	73.8	369.0	0.3333333333333333
64286	328	0	5	0.8125	145.2	726.0	0.3333333333333333
64287	154	0	5	0.3775	113.0	565.0	0.6666666666666666
64288	356	0	5	0.8825	149.4	747.0	0.6666666666666666
64289	326	0	5	0.8075	159.0	795.0	0.6666666666666666
64290	89	0	5	0.215	87.0	435.0	0.0
64291	129	0	5	0.315	127.0	635.0	0.0
64292	285	0	5	0.705	211.6	1058.0	0.3333333333333333
64293	34	0	5	0.0775	32.0	160.0	0.0
64294	312	1	4	0.7775	82.4	412.0	1.0
64295	182	0	5	0.4475	145.6	728.0	0.3333333333333333
64296	78	0	5	0.1875	71.0	355.0	0.3333333333333333
64297	395	0	5	0.98	246.2	1231.0	0.6666666666666666
64298	123	0	5	0.3	116.8	584.0	0.0
64299	193	0	5	0.475	112.8	564.0	0.3333333333333333
64300	371	0	5	0.92	215.0	1075.0	0.6666666666666666
64301	268	0	5	0.6625	184.4	922.0	0.3333333333333333
64302	150	0	5	0.3675	121.6	608.0	0.3333333333333333
64303	351	1	4	0.875	220.4	1102.0	1.0
64304	3	0	5	0.0025	0.2	1.0	0.3333333333333333
64305	201	0	5	0.495	181.2	906.0	0.3333333333333333
64306	390	1	4	0.9725	170.0	850.0	1.0
64307	214	0	5	0.5275	132.8	664.0	0.3333333333333333
64308	298	0	5	0.7375	204.2	1021.0	0.6666666666666666
64309	205	0	5	0.505	70.0	350.0	0.6666666666666666
64310	34	0	5	0.0775	29.8	149.0	0.0
64311	301	0	5	0.745	182.2	911.0	0.3333333333333333
64312	163	0	5	0.4	85.0	425.0	0.3333333333333333
64313	303	0	5	0.75	188.4	942.0	0.3333333333333333
64314	280	0	5	0.6925	203.6	1018.0	0.3333333333333333
64315	376	0	5	0.9325	271.6	1358.0	0.6666666666666666
64316	325	0	5	0.805	163.0	815.0	0.6666666666666666
64317	320	0	5	0.7925	210.0	1050.0	0.0
64318	166	0	5	0.4075	159.0	795.0	0.3333333333333333
64319	237	0	5	0.585	156.4	782.0	0.3333333333333333
64320	304	0	5	0.7525	133.4	667.0	0.6666666666666666
64321	284	0	5	0.7025	249.0	1245.0	0.6666666666666666
64322	350	0	5	0.8675	92.4	462.0	0.6666666666666666
64323	65	0	5	0.155	63.0	315.0	0.0
64324	322	0	5	0.7975	138.8	694.0	0.6666666666666666
64325	149	0	5	0.365	62.4	312.0	0.0
64326	72	0	5	0.1725	70.0	350.0	0.0
64327	246	0	5	0.6075	151.0	755.0	0.3333333333333333
64328	299	1	4	0.745	259.4	1297.0	1.0
64329	7	0	5	0.01	5.0	25.0	0.0
64330	271	0	5	0.67	253.0	1265.0	0.3333333333333333
64331	183	0	5	0.45	123.0	615.0	0.3333333333333333
64332	94	0	5	0.2275	74.0	370.0	0.3333333333333333
64333	270	0	5	0.6675	191.2	956.0	0.6666666666666666
64334	327	1	4	0.815	167.0	835.0	1.0
64335	141	0	5	0.345	40.8	204.0	0.3333333333333333
64336	325	1	4	0.81	182.8	914.0	1.0
64337	30	0	5	0.0675	12.4	62.0	0.0
64338	166	0	5	0.4075	100.8	504.0	0.3333333333333333
64339	287	0	5	0.71	219.0	1095.0	0.6666666666666666
64340	91	0	5	0.22	84.4	422.0	0.0
64341	348	1	4	0.8675	220.2	1101.0	1.0
64342	292	1	4	0.7275	236.6	1183.0	1.0
64343	52	0	5	0.1225	33.6	168.0	0.3333333333333333
64344	331	1	4	0.825	124.4	622.0	1.0
64345	157	0	5	0.385	150.0	750.0	0.0
64346	281	0	5	0.695	100.2	501.0	0.6666666666666666
64347	395	0	5	0.98	100.2	501.0	0.6666666666666666
64348	249	0	5	0.615	152.8	764.0	0.3333333333333333
64349	91	0	5	0.22	72.8	364.0	0.0
64350	135	0	5	0.33	88.6	443.0	0.0
64351	37	0	5	0.085	30.2	151.0	0.0
64352	386	1	4	0.9625	108.4	542.0	1.0
64353	97	0	5	0.235	81.8	409.0	0.3333333333333333
64354	333	0	5	0.825	86.8	434.0	0.3333333333333333
64355	284	0	5	0.7025	170.4	852.0	0.3333333333333333
64356	182	0	5	0.4475	125.8	629.0	0.6666666666666666
64357	131	1	4	0.325	50.2	251.0	1.0
64358	278	0	5	0.6875	103.6	518.0	0.6666666666666666
64359	29	0	5	0.065	27.0	135.0	0.0
64360	28	0	5	0.0625	17.6	88.0	0.3333333333333333
64361	280	0	5	0.6925	115.4	577.0	0.6666666666666666
64362	342	0	5	0.8475	198.2	991.0	0.6666666666666666
64363	223	0	5	0.55	124.0	620.0	0.6666666666666666
64364	65	0	5	0.155	63.0	315.0	0.0
64365	236	0	5	0.5825	137.8	689.0	0.3333333333333333
64366	269	0	5	0.665	245.6	1228.0	0.3333333333333333
64367	385	0	5	0.955	343.6	1718.0	0.6666666666666666
64368	262	0	5	0.6475	213.8	1069.0	0.3333333333333333
64369	104	0	5	0.2525	102.0	510.0	0.0
64370	70	0	5	0.1675	68.0	340.0	0.3333333333333333
64371	178	0	5	0.4375	83.6	418.0	0.3333333333333333
64372	115	0	5	0.28	34.6	173.0	0.3333333333333333
64373	279	0	5	0.69	181.8	909.0	0.3333333333333333
64374	314	0	5	0.7775	268.0	1340.0	0.3333333333333333
64375	163	0	5	0.4	113.4	567.0	0.3333333333333333
64376	345	0	5	0.855	157.6	788.0	0.6666666666666666
64377	99	0	5	0.24	97.0	485.0	0.3333333333333333
64378	57	0	5	0.135	43.6	218.0	0.3333333333333333
64379	9	0	5	0.015	7.0	35.0	0.0
64380	71	0	5	0.17	21.0	105.0	0.6666666666666666
64381	106	0	5	0.2575	95.6	478.0	0.0
64382	208	0	5	0.5125	179.4	897.0	0.6666666666666666
64383	16	0	5	0.0325	14.0	70.0	0.0
64384	48	0	5	0.1125	39.6	198.0	0.0
64385	333	0	5	0.825	238.8	1194.0	0.6666666666666666
64386	135	0	5	0.33	133.0	665.0	0.0
64387	220	0	5	0.5425	198.6	993.0	0.3333333333333333
64388	166	0	5	0.4075	112.4	562.0	0.6666666666666666
64389	218	0	5	0.5375	206.8	1034.0	0.3333333333333333
64390	334	0	5	0.8275	191.6	958.0	0.3333333333333333
64391	237	0	5	0.585	174.2	871.0	0.6666666666666666
64392	392	0	5	0.9725	178.8	894.0	0.6666666666666666
64393	325	0	5	0.805	83.2	416.0	0.6666666666666666
64394	344	0	5	0.8525	276.0	1380.0	0.3333333333333333
64395	344	0	5	0.8525	219.0	1095.0	0.6666666666666666
64396	377	0	5	0.935	248.8	1244.0	0.6666666666666666
64397	270	0	5	0.6675	186.6	933.0	0.6666666666666666
64398	240	0	5	0.5925	169.6	848.0	0.3333333333333333
64399	260	0	5	0.6425	122.8	614.0	0.3333333333333333
64400	39	0	5	0.09	37.0	185.0	0.0
64401	184	0	5	0.4525	119.6	598.0	0.3333333333333333
64402	15	0	5	0.03	13.0	65.0	0.0
64403	284	0	5	0.7025	182.0	910.0	0.6666666666666666
64404	199	0	5	0.49	107.4	537.0	0.3333333333333333
64405	214	0	5	0.5275	77.4	387.0	0.6666666666666666
64406	52	0	5	0.1225	41.6	208.0	0.3333333333333333
64407	309	0	5	0.765	174.6	873.0	0.6666666666666666
64408	399	0	5	0.99	218.4	1092.0	0.6666666666666666
64409	245	0	5	0.605	204.8	1024.0	0.6666666666666666
64410	265	0	5	0.655	153.6	768.0	0.3333333333333333
64411	236	0	5	0.5825	187.4	937.0	0.3333333333333333
64412	277	0	5	0.685	123.8	619.0	0.3333333333333333
64413	319	0	5	0.79	234.2	1171.0	0.3333333333333333
64414	14	0	5	0.0275	12.0	60.0	0.0
64415	81	0	5	0.195	45.4	227.0	0.0
64416	201	0	5	0.495	153.4	767.0	0.3333333333333333
64417	226	0	5	0.5575	188.0	940.0	0.6666666666666666
64418	23	0	5	0.05	21.0	105.0	0.0
64419	15	0	5	0.03	13.0	65.0	0.0
64420	195	0	5	0.48	193.0	965.0	0.0
64421	167	0	5	0.41	165.0	825.0	0.0
64422	298	0	5	0.7375	249.0	1245.0	0.3333333333333333
64423	130	0	5	0.3175	115.2	576.0	0.3333333333333333
64424	349	0	5	0.865	185.2	926.0	0.6666666666666666
64425	334	0	5	0.8275	220.8	1104.0	0.6666666666666666
64426	374	0	5	0.9275	144.6	723.0	0.6666666666666666
64427	51	0	5	0.12	43.6	218.0	0.0
64428	277	0	5	0.685	184.2	921.0	0.0
64429	173	0	5	0.425	136.6	683.0	0.3333333333333333
64430	139	0	5	0.34	129.0	645.0	0.3333333333333333
64431	121	0	5	0.295	96.6	483.0	0.3333333333333333
64432	332	0	5	0.8225	139.8	699.0	0.6666666666666666
64433	314	0	5	0.7775	135.2	676.0	0.6666666666666666
64434	340	1	3	0.8475	234.0	1170.0	1.0
64435	187	0	5	0.46	73.4	367.0	0.6666666666666666
64436	75	0	5	0.18	46.6	233.0	0.3333333333333333
64437	48	0	5	0.1125	46.0	230.0	0.0
64438	34	0	5	0.0775	27.2	136.0	0.3333333333333333
64439	70	0	5	0.1675	42.4	212.0	0.6666666666666666
64440	238	0	5	0.5875	236.0	1180.0	0.0
64441	24	0	5	0.0525	21.6	108.0	0.3333333333333333
64442	215	0	5	0.53	54.4	272.0	0.0
64443	313	0	5	0.775	279.2	1396.0	0.0
64444	275	0	5	0.68	100.8	504.0	0.3333333333333333
64445	173	0	5	0.425	113.6	568.0	0.3333333333333333
64446	156	0	5	0.3825	58.0	290.0	0.3333333333333333
64447	64	0	5	0.1525	39.2	196.0	0.3333333333333333
64448	135	0	5	0.33	133.0	665.0	0.0
64449	229	0	5	0.565	220.6	1103.0	0.3333333333333333
64450	186	0	5	0.4575	79.6	398.0	0.3333333333333333
64451	246	0	5	0.6075	184.8	924.0	0.3333333333333333
64452	47	0	5	0.11	37.8	189.0	0.0
64453	175	0	5	0.43	156.2	781.0	0.3333333333333333
64454	88	0	5	0.2125	86.0	430.0	0.0
64455	391	1	4	0.975	219.4	1097.0	1.0
64456	365	0	5	0.905	182.6	913.0	0.3333333333333333
64457	356	0	5	0.8825	87.6	438.0	0.6666666666666666
64458	215	0	5	0.53	187.4	937.0	0.3333333333333333
64459	13	0	5	0.025	11.0	55.0	0.0
64460	177	0	5	0.435	165.4	827.0	0.3333333333333333
64461	148	0	5	0.3625	43.2	216.0	0.3333333333333333
64462	199	0	5	0.49	134.8	674.0	0.3333333333333333
64463	250	0	5	0.6175	130.6	653.0	0.3333333333333333
64464	91	0	5	0.22	69.4	347.0	0.3333333333333333
64465	328	0	5	0.8125	206.8	1034.0	0.6666666666666666
64466	151	0	5	0.37	131.2	656.0	0.3333333333333333
64467	241	0	5	0.595	125.2	626.0	0.3333333333333333
64468	217	0	5	0.535	193.6	968.0	0.0
64469	379	0	5	0.94	222.2	1111.0	0.6666666666666666
64470	129	0	5	0.315	121.2	606.0	0.0
64471	177	0	5	0.435	115.0	575.0	0.0
64472	83	0	5	0.2	81.0	405.0	0.0
64473	317	0	5	0.785	275.4	1377.0	0.3333333333333333
64474	282	0	5	0.6975	156.2	781.0	0.6666666666666666
64475	371	1	4	0.925	196.0	980.0	1.0
64476	255	0	5	0.63	167.4	837.0	0.6666666666666666
64477	197	0	5	0.485	83.6	418.0	0.6666666666666666
64478	300	0	5	0.7425	252.4	1262.0	0.3333333333333333
64479	110	0	5	0.2675	49.8	249.0	0.3333333333333333
64480	106	0	5	0.2575	104.0	520.0	0.0
64481	276	0	5	0.6825	143.8	719.0	0.6666666666666666
64482	306	0	5	0.7575	191.6	958.0	0.6666666666666666
64483	390	0	5	0.9675	261.2	1306.0	0.6666666666666666
64484	309	0	5	0.765	178.6	893.0	0.3333333333333333
64485	306	1	4	0.7625	128.8	644.0	1.0
64486	136	0	5	0.3325	134.0	670.0	0.0
64487	374	0	5	0.9275	168.0	840.0	0.6666666666666666
64488	23	0	5	0.05	21.0	105.0	0.0
64489	337	0	5	0.835	167.6	838.0	0.3333333333333333
64490	290	1	4	0.7225	150.8	754.0	1.0
64491	296	0	5	0.7325	169.0	845.0	0.6666666666666666
64492	114	0	5	0.2775	93.2	466.0	0.3333333333333333
64493	335	0	5	0.83	191.2	956.0	0.6666666666666666
64494	375	0	5	0.93	184.2	921.0	0.6666666666666666
64495	224	1	4	0.5575	138.2	691.0	1.0
64496	331	0	5	0.82	283.2	1416.0	0.3333333333333333
64497	278	0	5	0.6875	164.4	822.0	0.6666666666666666
64498	363	1	4	0.905	234.4	1172.0	1.0
64499	57	0	5	0.135	55.0	275.0	0.0
64500	51	0	5	0.12	46.0	230.0	0.0
64501	265	1	4	0.66	195.8	979.0	1.0
64502	220	0	5	0.5425	153.2	766.0	0.0
64503	208	0	5	0.5125	175.6	878.0	0.3333333333333333
64504	333	1	4	0.83	177.8	889.0	1.0
64505	269	0	5	0.665	86.2	431.0	0.0
64506	132	0	5	0.3225	86.0	430.0	0.3333333333333333
64507	48	0	5	0.1125	40.8	204.0	0.0
64508	266	0	5	0.6575	177.6	888.0	0.0
64509	35	0	5	0.08	33.0	165.0	0.0
64510	188	0	5	0.4625	90.0	450.0	0.0
64511	233	0	5	0.575	187.0	935.0	0.6666666666666666
64512	157	0	5	0.385	46.0	230.0	0.6666666666666666
64513	291	0	5	0.72	245.4	1227.0	0.3333333333333333
64514	54	0	5	0.1275	52.0	260.0	0.0
64515	290	0	5	0.7175	148.2	741.0	0.3333333333333333
64516	345	1	4	0.86	119.0	595.0	1.0
64517	26	0	5	0.0575	24.0	120.0	0.0
64518	299	0	5	0.74	271.0	1355.0	0.3333333333333333
64519	302	0	5	0.7475	231.0	1155.0	0.3333333333333333
64520	252	0	5	0.6225	120.0	600.0	0.3333333333333333
64521	217	0	5	0.535	79.6	398.0	0.3333333333333333
64522	358	1	4	0.8925	301.2	1506.0	1.0
64523	376	0	5	0.9325	107.6	538.0	0.6666666666666666
64524	192	0	5	0.4725	83.6	418.0	0.6666666666666666
64525	46	0	5	0.1075	31.2	156.0	0.3333333333333333
64526	216	0	5	0.5325	170.2	851.0	0.3333333333333333
64527	27	0	5	0.06	22.4	112.0	0.0
64528	367	0	5	0.91	296.2	1481.0	0.3333333333333333
64529	341	0	5	0.845	245.4	1227.0	0.3333333333333333
64530	110	0	5	0.2675	68.2	341.0	0.3333333333333333
64531	332	0	5	0.8225	243.2	1216.0	0.6666666666666666
64532	210	0	5	0.5175	164.0	820.0	0.3333333333333333
64533	274	0	5	0.6775	255.6	1278.0	0.0
64534	218	0	5	0.5375	152.8	764.0	0.3333333333333333
64535	180	0	5	0.4425	121.2	606.0	0.0
64536	318	0	5	0.7875	260.2	1301.0	0.6666666666666666
64537	284	0	5	0.7025	66.8	334.0	0.6666666666666666
64538	301	1	4	0.75	125.8	629.0	1.0
64539	90	0	5	0.2175	77.2	386.0	0.3333333333333333
64540	262	0	5	0.6475	190.4	952.0	0.3333333333333333
64541	316	0	5	0.7825	185.0	925.0	0.6666666666666666
64542	337	1	4	0.84	239.4	1197.0	1.0
64543	196	0	5	0.4825	107.0	535.0	0.3333333333333333
64544	301	0	5	0.745	126.6	633.0	0.3333333333333333
64545	289	0	5	0.715	226.6	1133.0	0.3333333333333333
64546	98	0	5	0.2375	79.6	398.0	0.3333333333333333
64547	313	0	5	0.775	289.8	1449.0	0.6666666666666666
64548	181	0	5	0.445	136.2	681.0	0.3333333333333333
64549	172	0	5	0.4225	84.8	424.0	0.3333333333333333
64550	165	0	5	0.405	70.2	351.0	0.6666666666666666
64551	126	0	5	0.3075	94.6	473.0	0.3333333333333333
64552	162	0	5	0.3975	135.2	676.0	0.3333333333333333
64553	291	0	5	0.72	212.4	1062.0	0.3333333333333333
64554	321	0	5	0.795	190.8	954.0	0.3333333333333333
64555	20	0	5	0.0425	18.0	90.0	0.0
64556	120	0	5	0.2925	52.0	260.0	0.0
64557	157	0	5	0.385	97.4	487.0	0.0
64558	250	0	5	0.6175	144.2	721.0	0.6666666666666666
64559	306	0	5	0.7575	112.8	564.0	0.3333333333333333
64560	161	0	5	0.395	83.8	419.0	0.6666666666666666
64561	139	0	5	0.34	137.0	685.0	0.0
64562	336	0	5	0.8325	176.6	883.0	0.6666666666666666
64563	153	0	5	0.375	107.8	539.0	0.0
64564	105	0	5	0.255	50.2	251.0	0.3333333333333333
64565	182	0	5	0.4475	159.2	796.0	0.3333333333333333
64566	252	1	4	0.6275	188.0	940.0	1.0
64567	113	0	5	0.275	61.8	309.0	0.0
64568	41	0	5	0.095	25.8	129.0	0.0
64569	137	0	5	0.335	123.8	619.0	0.0
64570	85	0	5	0.205	56.6	283.0	0.3333333333333333
64571	359	0	5	0.89	301.6	1508.0	0.3333333333333333
64572	219	0	5	0.54	109.2	546.0	0.3333333333333333
64573	187	0	5	0.46	173.6	868.0	0.3333333333333333
64574	280	1	4	0.6975	125.2	626.0	1.0
64575	55	0	5	0.13	31.4	157.0	0.3333333333333333
64576	90	0	5	0.2175	44.2	221.0	0.6666666666666666
64577	162	0	5	0.3975	71.6	358.0	0.3333333333333333
64578	362	0	5	0.8975	185.6	928.0	0.6666666666666666
64579	107	0	5	0.26	36.0	180.0	0.3333333333333333
64580	336	0	5	0.8325	193.4	967.0	0.6666666666666666
64581	108	0	5	0.2625	106.0	530.0	0.0
64582	45	0	5	0.105	31.0	155.0	0.3333333333333333
64583	135	0	5	0.33	91.4	457.0	0.0
64584	159	0	5	0.39	95.8	479.0	0.3333333333333333
64585	135	0	5	0.33	129.4	647.0	0.0
64586	237	1	4	0.59	156.8	784.0	1.0
64587	176	0	5	0.4325	94.8	474.0	0.3333333333333333
64588	190	0	5	0.4675	164.0	820.0	0.3333333333333333
64589	7	0	5	0.01	5.0	25.0	0.0
64590	44	0	5	0.1025	22.0	110.0	0.3333333333333333
64591	137	0	5	0.335	81.8	409.0	0.3333333333333333
64592	90	0	5	0.2175	88.0	440.0	0.0
64593	149	0	5	0.365	91.6	458.0	0.0
64594	247	0	5	0.61	119.8	599.0	0.6666666666666666
64595	300	0	5	0.7425	165.6	828.0	0.6666666666666666
64596	67	0	5	0.16	65.0	325.0	0.0
64597	328	0	5	0.8125	123.8	619.0	0.3333333333333333
64598	154	0	5	0.3775	115.2	576.0	0.6666666666666666
64599	136	0	5	0.3325	110.4	552.0	0.3333333333333333
64600	287	0	5	0.71	268.8	1344.0	0.3333333333333333
64601	75	0	5	0.18	73.0	365.0	0.0
64602	271	0	5	0.67	122.2	611.0	0.3333333333333333
64603	177	0	5	0.435	153.2	766.0	0.3333333333333333
64604	248	0	5	0.6125	85.2	426.0	0.6666666666666666
64605	126	0	5	0.3075	46.8	234.0	0.0
64606	104	0	5	0.2525	84.0	420.0	0.0
64607	162	0	5	0.3975	140.4	702.0	0.3333333333333333
64608	119	0	5	0.29	116.8	584.0	0.0
64609	97	0	5	0.235	95.0	475.0	0.0
64610	269	0	5	0.665	121.4	607.0	0.6666666666666666
64611	194	1	4	0.4825	47.6	238.0	1.0
64612	151	0	5	0.37	149.0	745.0	0.0
64613	215	0	5	0.53	173.4	867.0	0.0
64614	150	0	5	0.3675	148.0	740.0	0.0
64615	58	0	5	0.1375	35.0	175.0	0.3333333333333333
64616	40	0	5	0.0925	38.0	190.0	0.0
64617	256	0	5	0.6325	161.2	806.0	0.0
64618	385	0	5	0.955	266.4	1332.0	0.6666666666666666
64619	306	0	5	0.7575	189.8	949.0	0.6666666666666666
64620	372	0	5	0.9225	226.0	1130.0	0.6666666666666666
64621	319	0	5	0.79	197.6	988.0	0.6666666666666666
64622	138	0	5	0.3375	130.4	652.0	0.0
64623	374	0	5	0.9275	121.8	609.0	0.6666666666666666
64624	49	0	5	0.115	43.4	217.0	0.3333333333333333
64625	27	0	5	0.06	23.0	115.0	0.0
64626	116	0	5	0.2825	84.6	423.0	0.0
64627	31	0	5	0.07	29.0	145.0	0.0
64628	324	0	5	0.8025	130.4	652.0	0.6666666666666666
64629	283	0	5	0.7	83.4	417.0	0.3333333333333333
64630	335	1	4	0.835	231.0	1155.0	1.0
64631	106	0	5	0.2575	104.0	520.0	0.0
64632	146	0	5	0.3575	99.4	497.0	0.3333333333333333
64633	146	0	5	0.3575	41.2	206.0	0.3333333333333333
64634	202	0	5	0.4975	97.2	486.0	0.3333333333333333
64635	33	0	5	0.075	31.0	155.0	0.0
64636	99	0	5	0.24	97.0	485.0	0.0
64637	319	0	5	0.79	162.0	810.0	0.3333333333333333
64638	392	0	5	0.9725	136.8	684.0	0.6666666666666666
64639	293	1	4	0.73	190.2	951.0	1.0
64640	343	0	5	0.85	123.8	619.0	0.3333333333333333
64641	354	0	5	0.8775	190.2	951.0	0.3333333333333333
64642	381	0	5	0.945	225.8	1129.0	0.6666666666666666
64643	321	1	4	0.8	165.6	828.0	1.0
64644	7	0	5	0.01	5.0	25.0	0.0
64645	201	0	5	0.495	199.0	995.0	0.0
64646	32	0	5	0.0725	29.0	145.0	0.3333333333333333
64647	169	0	5	0.415	111.4	557.0	0.0
64648	305	1	4	0.76	221.4	1107.0	1.0
64649	366	1	4	0.9125	175.6	878.0	1.0
64650	224	0	5	0.5525	163.2	816.0	0.3333333333333333
64651	189	0	5	0.465	128.8	644.0	0.3333333333333333
64652	353	0	5	0.875	121.4	607.0	0.3333333333333333
64653	388	0	5	0.9625	265.0	1325.0	0.6666666666666666
64654	175	0	5	0.43	155.0	775.0	0.3333333333333333
64655	27	0	5	0.06	25.0	125.0	0.0
64656	219	0	5	0.54	166.4	832.0	0.6666666666666666
64657	166	0	5	0.4075	80.0	400.0	0.3333333333333333
64658	100	0	5	0.2425	33.8	169.0	0.6666666666666666
64659	291	0	5	0.72	123.4	617.0	0.3333333333333333
64660	396	0	5	0.9825	237.8	1189.0	0.6666666666666666
64661	231	0	5	0.57	100.2	501.0	0.0
64662	261	0	5	0.645	241.0	1205.0	0.3333333333333333
64663	239	0	5	0.59	122.6	613.0	0.3333333333333333
64664	103	0	5	0.25	38.6	193.0	0.6666666666666666
64665	36	0	5	0.0825	34.0	170.0	0.0
64666	53	0	5	0.125	51.0	255.0	0.0
64667	239	1	4	0.595	58.4	292.0	1.0
64668	163	0	5	0.4	100.6	503.0	0.3333333333333333
64669	193	0	5	0.475	121.4	607.0	0.6666666666666666
64670	85	0	5	0.205	83.0	415.0	0.0
64671	316	0	5	0.7825	155.2	776.0	0.6666666666666666
64672	223	0	5	0.55	166.2	831.0	0.3333333333333333
64673	122	0	5	0.2975	66.4	332.0	0.6666666666666666
64674	102	0	5	0.2475	95.2	476.0	0.3333333333333333
64675	368	0	5	0.9125	203.4	1017.0	0.6666666666666666
64676	389	1	4	0.97	232.0	1160.0	1.0
64677	252	0	5	0.6225	154.6	773.0	0.0
64678	244	0	5	0.6025	150.8	754.0	0.6666666666666666
64679	138	0	5	0.3375	72.4	362.0	0.0
64680	10	0	5	0.0175	8.0	40.0	0.0
64681	200	1	4	0.4975	161.6	808.0	1.0
64682	177	0	5	0.435	136.6	683.0	0.0
64683	194	0	5	0.4775	138.4	692.0	0.0
64684	175	0	5	0.43	135.8	679.0	0.0
64685	55	0	5	0.13	27.2	136.0	0.3333333333333333
64686	212	0	5	0.5225	93.0	465.0	0.6666666666666666
64687	342	0	5	0.8475	173.4	867.0	0.3333333333333333
64688	67	0	5	0.16	60.2	301.0	0.0
64689	184	0	5	0.4525	101.6	508.0	0.0
64690	125	0	5	0.305	123.0	615.0	0.3333333333333333
64691	118	0	5	0.2875	85.6	428.0	0.3333333333333333
64692	260	0	5	0.6425	173.2	866.0	0.0
64693	266	0	5	0.6575	178.0	890.0	0.6666666666666666
64694	108	0	5	0.2625	48.4	242.0	0.3333333333333333
64695	249	0	5	0.615	164.8	824.0	0.6666666666666666
64696	291	0	5	0.72	143.2	716.0	0.6666666666666666
64697	225	0	5	0.555	71.6	358.0	0.3333333333333333
64698	120	0	5	0.2925	64.4	322.0	0.6666666666666666
64699	151	0	5	0.37	48.6	243.0	0.6666666666666666
64700	370	0	5	0.9175	297.6	1488.0	0.3333333333333333
64701	319	0	5	0.79	225.8	1129.0	0.0
64702	229	0	5	0.565	89.4	447.0	0.3333333333333333
64703	358	0	5	0.8875	131.0	655.0	0.6666666666666666
64704	117	0	5	0.285	115.0	575.0	0.0
64705	383	0	5	0.95	100.6	503.0	0.6666666666666666
64706	125	0	5	0.305	112.2	561.0	0.3333333333333333
64707	286	0	5	0.7075	186.4	932.0	0.6666666666666666
64708	316	0	5	0.7825	155.2	776.0	0.6666666666666666
64709	187	0	5	0.46	146.2	731.0	0.6666666666666666
64710	398	0	5	0.9875	201.0	1005.0	0.6666666666666666
64711	169	1	4	0.42	120.8	604.0	1.0
64712	205	0	5	0.505	203.0	1015.0	0.0
64713	179	0	5	0.44	98.4	492.0	0.3333333333333333
64714	148	0	5	0.3625	146.0	730.0	0.0
64715	61	0	5	0.145	59.0	295.0	0.0
64716	69	0	5	0.165	67.0	335.0	0.0
64717	255	0	5	0.63	160.2	801.0	0.3333333333333333
64718	191	0	5	0.47	136.4	682.0	0.3333333333333333
64719	300	0	5	0.7425	71.6	358.0	0.3333333333333333
64720	144	0	5	0.3525	92.2	461.0	0.0
64721	163	0	5	0.4	126.6	633.0	0.3333333333333333
64722	321	0	5	0.795	89.4	447.0	0.6666666666666666
64723	265	0	5	0.655	167.4	837.0	0.6666666666666666
64724	357	0	5	0.885	175.4	877.0	0.6666666666666666
64725	329	0	5	0.815	127.8	639.0	0.3333333333333333
64726	38	0	5	0.0875	36.0	180.0	0.0
64727	346	0	5	0.8575	253.2	1266.0	0.3333333333333333
64728	148	0	5	0.3625	138.6	693.0	0.3333333333333333
64729	398	1	4	0.9925	263.6	1318.0	1.0
64730	192	0	5	0.4725	170.8	854.0	0.3333333333333333
64731	379	0	5	0.94	200.4	1002.0	0.6666666666666666
64732	313	0	5	0.775	195.8	979.0	0.3333333333333333
64733	290	0	5	0.7175	281.6	1408.0	0.3333333333333333
64734	221	0	5	0.545	108.6	543.0	0.0
64735	283	0	5	0.7	207.8	1039.0	0.0
64736	169	0	5	0.415	41.4	207.0	0.6666666666666666
64737	387	0	5	0.96	197.0	985.0	0.6666666666666666
64738	29	0	5	0.065	27.0	135.0	0.0
64739	353	0	5	0.875	167.4	837.0	0.6666666666666666
64740	385	0	5	0.955	213.6	1068.0	0.6666666666666666
64741	238	0	5	0.5875	124.8	624.0	0.3333333333333333
64742	172	0	5	0.4225	166.4	832.0	0.0
64743	76	0	5	0.1825	35.6	178.0	0.3333333333333333
64744	75	0	5	0.18	71.6	358.0	0.3333333333333333
64745	394	0	5	0.9775	303.2	1516.0	0.6666666666666666
64746	369	1	4	0.92	220.2	1101.0	1.0
64747	159	0	5	0.39	156.4	782.0	0.6666666666666666
64748	222	0	5	0.5475	194.4	972.0	0.3333333333333333
64749	103	0	5	0.25	70.4	352.0	0.0
64750	335	0	5	0.83	212.4	1062.0	0.6666666666666666
64751	132	0	5	0.3225	130.0	650.0	0.0
64752	157	0	5	0.385	113.8	569.0	0.6666666666666666
64753	383	0	5	0.95	189.6	948.0	0.6666666666666666
64754	268	0	5	0.6625	241.6	1208.0	0.6666666666666666
64755	116	0	5	0.2825	88.2	441.0	0.3333333333333333
64756	372	0	5	0.9225	168.2	841.0	0.3333333333333333
64757	227	0	5	0.56	183.6	918.0	0.3333333333333333
64758	79	0	5	0.19	77.0	385.0	0.0
64759	243	0	5	0.6	202.0	1010.0	0.3333333333333333
64760	120	0	5	0.2925	108.8	544.0	0.3333333333333333
64761	220	0	5	0.5425	50.8	254.0	0.3333333333333333
64762	384	0	5	0.9525	127.6	638.0	0.6666666666666666
64763	174	0	5	0.4275	144.2	721.0	0.3333333333333333
64764	318	0	5	0.7875	220.0	1100.0	0.6666666666666666
64765	397	0	5	0.985	225.8	1129.0	0.6666666666666666
64766	167	0	5	0.41	60.2	301.0	0.6666666666666666
64767	53	0	5	0.125	51.0	255.0	0.0
64768	64	0	5	0.1525	62.0	310.0	0.0
64769	227	0	5	0.56	220.4	1102.0	0.0
64770	382	0	5	0.9475	237.2	1186.0	0.6666666666666666
64771	239	0	5	0.59	189.2	946.0	0.3333333333333333
64772	90	0	5	0.2175	25.6	128.0	0.6666666666666666
64773	115	0	5	0.28	66.8	334.0	0.3333333333333333
64774	216	0	5	0.5325	112.4	562.0	0.3333333333333333
64775	33	0	5	0.075	31.0	155.0	0.0
64776	45	0	5	0.105	43.0	215.0	0.0
64777	139	0	5	0.34	76.8	384.0	0.3333333333333333
64778	155	0	5	0.38	40.2	201.0	0.3333333333333333
64779	333	1	4	0.83	147.2	736.0	1.0
64780	110	0	5	0.2675	100.8	504.0	0.3333333333333333
64781	385	0	5	0.955	172.0	860.0	0.6666666666666666
64782	30	0	5	0.0675	27.6	138.0	0.3333333333333333
64783	133	0	5	0.325	79.8	399.0	0.6666666666666666
64784	191	0	5	0.47	108.8	544.0	0.3333333333333333
64785	385	0	5	0.955	161.4	807.0	0.6666666666666666
64786	230	0	5	0.5675	96.0	480.0	0.6666666666666666
64787	134	0	5	0.3275	121.8	609.0	0.0
64788	166	0	5	0.4075	152.6	763.0	0.0
64789	92	0	5	0.2225	78.4	392.0	0.0
64790	173	0	5	0.425	125.6	628.0	0.3333333333333333
64791	350	0	5	0.8675	254.4	1272.0	0.6666666666666666
64792	385	0	5	0.955	99.8	499.0	0.6666666666666666
64793	109	0	5	0.265	63.4	317.0	0.3333333333333333
64794	129	1	4	0.32	74.6	373.0	1.0
64795	150	0	5	0.3675	64.8	324.0	0.3333333333333333
64796	138	0	5	0.3375	130.8	654.0	0.0
64797	123	0	5	0.3	119.0	595.0	0.0
64798	88	0	5	0.2125	60.2	301.0	0.0
64799	228	0	5	0.5625	121.4	607.0	0.6666666666666666
64800	325	0	5	0.805	97.4	487.0	0.6666666666666666
64801	96	0	5	0.2325	58.0	290.0	0.6666666666666666
64802	212	0	5	0.5225	178.8	894.0	0.6666666666666666
64803	251	1	4	0.625	115.0	575.0	1.0
64804	89	0	5	0.215	62.6	313.0	0.3333333333333333
64805	243	0	5	0.6	215.0	1075.0	0.3333333333333333
64806	95	0	5	0.23	29.0	145.0	0.3333333333333333
64807	294	0	5	0.7275	122.8	614.0	0.3333333333333333
64808	179	1	4	0.445	146.6	733.0	1.0
64809	237	1	3	0.59	163.6	818.0	1.0
64810	312	0	5	0.7725	249.6	1248.0	0.6666666666666666
64811	278	1	4	0.6925	159.2	796.0	1.0
64812	250	0	5	0.6175	175.8	879.0	0.6666666666666666
64813	23	0	5	0.05	21.0	105.0	0.0
64814	172	0	5	0.4225	130.0	650.0	0.3333333333333333
64815	326	0	5	0.8075	179.6	898.0	0.3333333333333333
64816	334	0	5	0.8275	310.4	1552.0	0.3333333333333333
64817	306	0	5	0.7575	179.4	897.0	0.6666666666666666
64818	65	0	5	0.155	63.0	315.0	0.0
64819	77	0	5	0.185	16.6	83.0	0.3333333333333333
64820	204	0	5	0.5025	131.6	658.0	0.3333333333333333
64821	343	0	5	0.85	299.8	1499.0	0.6666666666666666
64822	255	0	5	0.63	159.2	796.0	0.6666666666666666
64823	259	0	5	0.64	135.8	679.0	0.3333333333333333
64824	63	0	5	0.15	35.4	177.0	0.0
64825	192	0	5	0.4725	110.0	550.0	0.3333333333333333
64826	81	0	5	0.195	61.6	308.0	0.3333333333333333
64827	26	0	5	0.0575	24.0	120.0	0.0
64828	126	0	5	0.3075	60.0	300.0	0.3333333333333333
64829	235	1	4	0.585	99.0	495.0	1.0
64830	153	0	5	0.375	64.8	324.0	0.6666666666666666
64831	268	0	5	0.6625	144.6	723.0	0.3333333333333333
64832	301	0	5	0.745	219.8	1099.0	0.6666666666666666
64833	262	0	5	0.6475	216.0	1080.0	0.0
64834	171	0	5	0.42	67.4	337.0	0.0
64835	293	0	5	0.725	198.4	992.0	0.3333333333333333
64836	148	0	5	0.3625	47.6	238.0	0.3333333333333333
64837	89	0	5	0.215	87.0	435.0	0.0
64838	82	0	5	0.1975	80.0	400.0	0.0
64839	51	0	5	0.12	49.0	245.0	0.0
64840	245	0	5	0.605	214.2	1071.0	0.3333333333333333
64841	116	0	5	0.2825	113.2	566.0	0.3333333333333333
64842	381	0	5	0.945	222.6	1113.0	0.6666666666666666
64843	107	0	5	0.26	72.8	364.0	0.3333333333333333
64844	105	0	5	0.255	92.6	463.0	0.3333333333333333
64845	357	0	5	0.885	200.4	1002.0	0.3333333333333333
64846	109	0	5	0.265	107.0	535.0	0.0
64847	362	0	5	0.8975	138.4	692.0	0.6666666666666666
64848	273	0	5	0.675	174.4	872.0	0.3333333333333333
64849	147	0	5	0.36	142.6	713.0	0.3333333333333333
64850	294	0	5	0.7275	272.2	1361.0	0.0
64851	122	0	5	0.2975	117.6	588.0	0.0
64852	103	0	5	0.25	101.0	505.0	0.0
64853	96	0	5	0.2325	61.2	306.0	0.6666666666666666
64854	331	0	5	0.82	112.2	561.0	0.6666666666666666
64855	131	0	5	0.32	119.6	598.0	0.6666666666666666
64856	268	0	5	0.6625	217.2	1086.0	0.6666666666666666
64857	282	1	4	0.7025	120.0	600.0	1.0
64858	34	0	5	0.0775	32.0	160.0	0.0
64859	78	0	5	0.1875	54.4	272.0	0.3333333333333333
64860	89	0	5	0.215	32.4	162.0	0.6666666666666666
64861	15	0	5	0.03	13.0	65.0	0.0
64862	228	0	5	0.5625	148.4	742.0	0.6666666666666666
64863	157	0	5	0.385	101.2	506.0	0.6666666666666666
64864	176	0	5	0.4325	114.0	570.0	0.6666666666666666
64865	175	0	5	0.43	109.2	546.0	0.3333333333333333
64866	61	0	5	0.145	51.8	259.0	0.0
64867	43	0	5	0.1	41.0	205.0	0.0
64868	304	0	5	0.7525	170.0	850.0	0.6666666666666666
64869	252	1	4	0.6275	166.4	832.0	1.0
64870	277	0	5	0.685	220.6	1103.0	0.6666666666666666
64871	109	0	5	0.265	45.4	227.0	0.3333333333333333
64872	65	0	5	0.155	42.6	213.0	0.0
64873	300	0	5	0.7425	210.2	1051.0	0.3333333333333333
64874	13	0	5	0.025	11.0	55.0	0.0
64875	169	0	5	0.415	86.6	433.0	0.3333333333333333
64876	102	0	5	0.2475	100.0	500.0	0.0
64877	42	0	5	0.0975	26.2	131.0	0.0
64878	124	0	5	0.3025	104.8	524.0	0.3333333333333333
64879	33	0	5	0.075	31.0	155.0	0.0
64880	369	0	5	0.915	123.8	619.0	0.3333333333333333
64881	44	0	5	0.1025	32.4	162.0	0.0
64882	387	0	5	0.96	230.0	1150.0	0.6666666666666666
64883	330	0	5	0.8175	120.8	604.0	0.6666666666666666
64884	102	0	5	0.2475	72.8	364.0	0.0
64885	24	0	5	0.0525	14.8	74.0	0.0
64886	290	0	5	0.7175	139.2	696.0	0.3333333333333333
64887	29	0	5	0.065	27.0	135.0	0.0
64888	71	0	5	0.17	69.0	345.0	0.0
64889	20	0	5	0.0425	18.0	90.0	0.0
64890	292	0	5	0.7225	126.0	630.0	0.6666666666666666
64891	16	0	5	0.0325	14.0	70.0	0.0
64892	20	0	5	0.0425	18.0	90.0	0.0
64893	217	1	4	0.54	149.0	745.0	1.0
64894	143	0	5	0.35	107.4	537.0	0.3333333333333333
64895	129	0	5	0.315	110.6	553.0	0.3333333333333333
64896	295	0	5	0.73	199.2	996.0	0.0
64897	122	0	5	0.2975	102.4	512.0	0.6666666666666666
64898	102	0	5	0.2475	100.0	500.0	0.0
64899	148	0	5	0.3625	114.4	572.0	0.0
64900	378	0	5	0.9375	239.6	1198.0	0.6666666666666666
64901	66	0	5	0.1575	64.0	320.0	0.0
64902	373	0	5	0.925	211.8	1059.0	0.6666666666666666
64903	209	0	5	0.515	82.2	411.0	0.3333333333333333
64904	397	0	5	0.985	223.0	1115.0	0.6666666666666666
64905	263	0	5	0.65	169.2	846.0	0.3333333333333333
64906	89	0	5	0.215	87.0	435.0	0.0
64907	281	0	5	0.695	181.0	905.0	0.3333333333333333
64908	393	0	5	0.975	314.0	1570.0	0.6666666666666666
64909	254	0	5	0.6275	171.4	857.0	0.6666666666666666
64910	353	0	5	0.875	185.4	927.0	0.3333333333333333
64911	180	0	5	0.4425	178.0	890.0	0.0
64912	108	0	5	0.2625	106.0	530.0	0.0
64913	324	0	5	0.8025	204.4	1022.0	0.6666666666666666
64914	308	1	4	0.7675	157.4	787.0	1.0
64915	271	0	5	0.67	78.6	393.0	0.3333333333333333
64916	329	0	5	0.815	254.0	1270.0	0.6666666666666666
64917	320	0	5	0.7925	171.4	857.0	0.6666666666666666
64918	328	0	5	0.8125	220.4	1102.0	0.6666666666666666
64919	187	0	5	0.46	129.2	646.0	0.0
64920	146	0	5	0.3575	144.0	720.0	0.0
64921	284	0	5	0.7025	188.4	942.0	0.3333333333333333
64922	47	0	5	0.11	34.2	171.0	0.0
64923	172	0	5	0.4225	61.2	306.0	0.6666666666666666
64924	55	0	5	0.13	40.2	201.0	0.3333333333333333
64925	211	0	5	0.52	168.2	841.0	0.6666666666666666
64926	58	0	5	0.1375	56.0	280.0	0.0
64927	361	0	5	0.895	210.2	1051.0	0.6666666666666666
64928	38	0	5	0.0875	20.4	102.0	0.6666666666666666
64929	222	0	5	0.5475	167.2	836.0	0.3333333333333333
64930	227	0	5	0.56	105.4	527.0	0.3333333333333333
64931	191	0	5	0.47	131.4	657.0	0.3333333333333333
64932	163	0	5	0.4	150.8	754.0	0.6666666666666666
64933	88	0	5	0.2125	40.4	202.0	0.3333333333333333
64934	244	0	5	0.6025	96.6	483.0	0.3333333333333333
64935	334	1	4	0.8325	111.6	558.0	1.0
64936	49	0	5	0.115	45.8	229.0	0.0
64937	263	0	5	0.65	109.8	549.0	0.6666666666666666
64938	281	0	5	0.695	112.2	561.0	0.3333333333333333
64939	217	0	5	0.535	137.4	687.0	0.3333333333333333
64940	234	0	5	0.5775	93.0	465.0	0.3333333333333333
64941	316	0	5	0.7825	287.4	1437.0	0.3333333333333333
64942	76	0	5	0.1825	61.8	309.0	0.3333333333333333
64943	388	0	5	0.9625	230.4	1152.0	0.3333333333333333
64944	357	0	5	0.885	301.4	1507.0	0.3333333333333333
64945	91	0	5	0.22	89.0	445.0	0.0
64946	200	0	5	0.4925	94.4	472.0	0.3333333333333333
64947	229	0	5	0.565	226.6	1133.0	0.3333333333333333
64948	151	0	5	0.37	149.0	745.0	0.0
64949	266	0	5	0.6575	197.2	986.0	0.3333333333333333
64950	386	1	4	0.9625	138.0	690.0	1.0
64951	223	0	5	0.55	172.4	862.0	0.3333333333333333
64952	68	0	5	0.1625	46.4	232.0	0.3333333333333333
64953	75	0	5	0.18	38.2	191.0	0.3333333333333333
64954	342	1	4	0.8525	268.4	1342.0	1.0
64955	310	1	4	0.7725	231.2	1156.0	1.0
64956	231	0	5	0.57	92.6	463.0	0.3333333333333333
64957	22	0	5	0.0475	20.0	100.0	0.0
64958	325	0	5	0.805	124.2	621.0	0.6666666666666666
64959	399	0	5	0.99	348.8	1744.0	0.6666666666666666
64960	300	0	5	0.7425	120.6	603.0	0.3333333333333333
64961	296	1	4	0.7375	172.0	860.0	1.0
64962	393	0	5	0.975	241.2	1206.0	0.6666666666666666
64963	195	1	4	0.485	153.2	766.0	1.0
64964	233	0	5	0.575	212.6	1063.0	0.3333333333333333
64965	318	0	5	0.7875	149.0	745.0	0.6666666666666666
64966	266	0	5	0.6575	130.0	650.0	0.6666666666666666
64967	271	0	5	0.67	108.0	540.0	0.6666666666666666
64968	223	0	5	0.55	132.4	662.0	0.3333333333333333
64969	275	0	5	0.68	83.6	418.0	0.0
64970	109	0	5	0.265	53.2	266.0	0.6666666666666666
64971	222	0	5	0.5475	192.8	964.0	0.6666666666666666
64972	401	0	4	0.9975	82.4	412.0	0.6666666666666666
64973	91	0	5	0.22	88.2	441.0	0.3333333333333333
64974	135	0	5	0.33	72.4	362.0	0.3333333333333333
64975	366	0	5	0.9075	193.8	969.0	0.3333333333333333
64976	240	0	5	0.5925	197.2	986.0	0.6666666666666666
64977	98	0	5	0.2375	61.0	305.0	0.0
64978	180	0	5	0.4425	153.2	766.0	0.0
64979	147	0	5	0.36	121.4	607.0	0.3333333333333333
64980	16	0	5	0.0325	14.0	70.0	0.0
64981	42	0	5	0.0975	40.0	200.0	0.0
64982	215	0	5	0.53	111.6	558.0	0.6666666666666666
64983	93	0	5	0.225	54.4	272.0	0.6666666666666666
64984	352	0	5	0.8725	118.8	594.0	0.6666666666666666
64985	240	0	5	0.5925	146.8	734.0	0.6666666666666666
64986	38	0	5	0.0875	36.0	180.0	0.0
64987	386	0	5	0.9575	267.6	1338.0	0.3333333333333333
64988	7	0	5	0.01	5.0	25.0	0.0
64989	29	0	5	0.065	27.0	135.0	0.0
64990	362	0	5	0.8975	158.0	790.0	0.6666666666666666
64991	53	0	5	0.125	51.0	255.0	0.0
64992	90	0	5	0.2175	24.8	124.0	0.3333333333333333
64993	399	0	5	0.99	153.8	769.0	0.6666666666666666
64994	254	0	5	0.6275	159.2	796.0	0.0
64995	357	0	5	0.885	223.8	1119.0	0.0
64996	157	0	5	0.385	145.4	727.0	0.0
64997	97	0	5	0.235	89.4	447.0	0.3333333333333333
64998	391	0	5	0.97	219.8	1099.0	0.6666666666666666
64999	62	0	5	0.1475	53.6	268.0	0.0
65000	118	0	5	0.2875	116.0	580.0	0.0
65001	279	0	5	0.69	148.2	741.0	0.6666666666666666
65002	346	0	5	0.8575	232.4	1162.0	0.3333333333333333
65003	127	0	5	0.31	52.0	260.0	0.3333333333333333
65004	86	0	5	0.2075	37.6	188.0	0.3333333333333333
65005	348	0	5	0.8625	251.0	1255.0	0.3333333333333333
65006	161	0	5	0.395	108.6	543.0	0.3333333333333333
65007	183	0	5	0.45	141.0	705.0	0.3333333333333333
65008	329	0	5	0.815	115.0	575.0	0.3333333333333333
65009	238	1	4	0.5925	111.2	556.0	1.0
65010	88	0	5	0.2125	86.0	430.0	0.0
65011	225	1	4	0.56	120.0	600.0	1.0
65012	385	0	5	0.955	99.6	498.0	0.6666666666666666
65013	223	0	5	0.55	219.4	1097.0	0.3333333333333333
65014	161	0	5	0.395	139.4	697.0	0.0
65015	232	0	5	0.5725	101.8	509.0	0.6666666666666666
65016	361	0	5	0.895	225.8	1129.0	0.6666666666666666
65017	280	0	5	0.6925	116.6	583.0	0.3333333333333333
65018	162	0	5	0.3975	111.2	556.0	0.0
65019	362	0	5	0.8975	179.6	898.0	0.6666666666666666
65020	271	0	5	0.67	108.0	540.0	0.0
65021	380	0	5	0.9425	340.4	1702.0	0.3333333333333333
65022	322	0	5	0.7975	256.0	1280.0	0.6666666666666666
65023	167	0	5	0.41	88.2	441.0	0.3333333333333333
65024	344	0	5	0.8525	152.4	762.0	0.3333333333333333
65025	130	0	5	0.3175	117.2	586.0	0.6666666666666666
65026	312	1	4	0.7775	182.6	913.0	1.0
65027	195	0	5	0.48	53.8	269.0	0.3333333333333333
65028	87	0	5	0.21	61.0	305.0	0.3333333333333333
65029	132	0	5	0.3225	96.4	482.0	0.3333333333333333
65030	123	0	5	0.3	85.0	425.0	0.3333333333333333
65031	103	0	5	0.25	101.0	505.0	0.0
65032	281	0	5	0.695	240.2	1201.0	0.6666666666666666
65033	190	0	5	0.4675	92.4	462.0	0.6666666666666666
65034	321	0	5	0.795	243.4	1217.0	0.6666666666666666
65035	323	0	5	0.8	187.4	937.0	0.3333333333333333
65036	372	1	4	0.9275	162.4	812.0	1.0
65037	191	0	5	0.47	158.2	791.0	0.3333333333333333
65038	385	1	4	0.96	261.4	1307.0	1.0
65039	298	0	5	0.7375	98.2	491.0	0.6666666666666666
65040	222	0	5	0.5475	189.6	948.0	0.3333333333333333
65041	378	1	4	0.9425	159.8	799.0	1.0
65042	270	1	4	0.6725	104.4	522.0	1.0
65043	206	0	5	0.5075	142.0	710.0	0.6666666666666666
65044	340	0	5	0.8425	320.2	1601.0	0.3333333333333333
65045	309	0	5	0.765	152.4	762.0	0.6666666666666666
65046	332	0	5	0.8225	155.2	776.0	0.6666666666666666
65047	171	0	5	0.42	169.0	845.0	0.0
65048	204	0	5	0.5025	201.6	1008.0	0.3333333333333333
65049	392	0	5	0.9725	154.8	774.0	0.6666666666666666
65050	241	0	5	0.595	218.0	1090.0	0.0
65051	208	0	5	0.5125	124.8	624.0	0.3333333333333333
65052	199	0	5	0.49	155.6	778.0	0.3333333333333333
65053	262	0	5	0.6475	209.8	1049.0	0.3333333333333333
65054	168	0	5	0.4125	144.4	722.0	0.3333333333333333
65055	223	0	5	0.55	200.2	1001.0	0.3333333333333333
65056	285	0	5	0.705	144.0	720.0	0.6666666666666666
65057	287	1	4	0.715	137.4	687.0	1.0
65058	247	0	5	0.61	56.2	281.0	0.3333333333333333
65059	362	1	4	0.9025	159.6	798.0	1.0
65060	238	0	5	0.5875	154.0	770.0	0.3333333333333333
65061	303	0	5	0.75	119.0	595.0	0.6666666666666666
65062	264	0	5	0.6525	224.0	1120.0	0.3333333333333333
65063	7	0	5	0.01	5.0	25.0	0.0
65064	324	1	4	0.8075	154.0	770.0	1.0
65065	223	0	5	0.55	194.0	970.0	0.3333333333333333
65066	362	0	5	0.8975	243.4	1217.0	0.6666666666666666
65067	343	0	5	0.85	115.6	578.0	0.3333333333333333
65068	248	0	5	0.6125	146.0	730.0	0.3333333333333333
65069	243	0	5	0.6	168.0	840.0	0.6666666666666666
65070	141	0	5	0.345	85.0	425.0	0.3333333333333333
65071	253	0	5	0.625	214.2	1071.0	0.0
65072	247	0	5	0.61	189.6	948.0	0.6666666666666666
65073	391	0	5	0.97	197.6	988.0	0.6666666666666666
65074	180	0	5	0.4425	112.8	564.0	0.6666666666666666
65075	190	0	5	0.4675	184.6	923.0	0.3333333333333333
65076	286	0	5	0.7075	231.8	1159.0	0.6666666666666666
65077	244	0	5	0.6025	207.0	1035.0	0.0
65078	63	0	5	0.15	24.2	121.0	0.0
65079	396	0	5	0.9825	218.2	1091.0	0.6666666666666666
65080	242	0	5	0.5975	193.6	968.0	0.0
65081	170	0	5	0.4175	82.2	411.0	0.3333333333333333
65082	352	1	4	0.8775	174.4	872.0	1.0
65083	314	0	5	0.7775	158.4	792.0	0.6666666666666666
65084	161	0	5	0.395	81.8	409.0	0.3333333333333333
65085	119	0	5	0.29	73.4	367.0	0.3333333333333333
65086	129	0	5	0.315	82.0	410.0	0.3333333333333333
65087	211	0	5	0.52	176.8	884.0	0.3333333333333333
65088	138	0	5	0.3375	111.2	556.0	0.3333333333333333
65089	193	0	5	0.475	141.4	707.0	0.3333333333333333
65090	107	0	5	0.26	90.6	453.0	0.0
65091	113	0	5	0.275	111.0	555.0	0.0
65092	131	0	5	0.32	84.8	424.0	0.3333333333333333
65093	145	0	5	0.355	95.6	478.0	0.3333333333333333
65094	297	0	5	0.735	171.6	858.0	0.3333333333333333
65095	376	0	5	0.9325	176.0	880.0	0.6666666666666666
65096	176	1	4	0.4375	94.2	471.0	1.0
65097	81	0	5	0.195	47.8	239.0	0.3333333333333333
65098	346	0	5	0.8575	275.4	1377.0	0.6666666666666666
65099	300	0	5	0.7425	215.6	1078.0	0.3333333333333333
65100	401	0	5	0.995	248.2	1241.0	0.6666666666666666
65101	344	0	5	0.8525	77.2	386.0	0.3333333333333333
65102	170	0	5	0.4175	124.0	620.0	0.6666666666666666
65103	137	0	5	0.335	135.0	675.0	0.0
65104	262	0	5	0.6475	238.4	1192.0	0.3333333333333333
65105	43	0	5	0.1	22.2	111.0	0.6666666666666666
65106	178	0	5	0.4375	150.2	751.0	0.6666666666666666
65107	271	0	5	0.67	175.8	879.0	0.6666666666666666
65108	118	0	5	0.2875	45.6	228.0	0.3333333333333333
65109	6	0	5	0.0075	4.0	20.0	0.0
65110	71	0	5	0.17	69.0	345.0	0.3333333333333333
65111	213	0	5	0.525	148.6	743.0	0.3333333333333333
65112	227	0	5	0.56	214.2	1071.0	0.0
65113	313	0	5	0.775	252.6	1263.0	0.6666666666666666
65114	298	0	5	0.7375	99.8	499.0	0.6666666666666666
65115	125	0	5	0.305	60.6	303.0	0.3333333333333333
65116	177	0	5	0.435	143.8	719.0	0.3333333333333333
65117	166	0	5	0.4075	132.0	660.0	0.3333333333333333
65118	336	0	5	0.8325	211.6	1058.0	0.6666666666666666
65119	350	0	5	0.8675	162.6	813.0	0.6666666666666666
65120	229	0	5	0.565	140.2	701.0	0.6666666666666666
65121	362	0	5	0.8975	186.4	932.0	0.6666666666666666
65122	192	0	5	0.4725	101.2	506.0	0.6666666666666666
65123	204	0	5	0.5025	42.8	214.0	0.3333333333333333
65124	120	0	5	0.2925	118.0	590.0	0.0
65125	386	1	4	0.9625	129.0	645.0	1.0
65126	153	0	5	0.375	107.2	536.0	0.3333333333333333
65127	249	0	5	0.615	214.4	1072.0	0.6666666666666666
65128	226	0	5	0.5575	126.4	632.0	0.6666666666666666
65129	55	0	5	0.13	49.6	248.0	0.0
65130	167	0	5	0.41	87.2	436.0	0.3333333333333333
65131	313	0	5	0.775	222.2	1111.0	0.6666666666666666
65132	280	0	5	0.6925	127.0	635.0	0.6666666666666666
65133	301	0	5	0.745	235.2	1176.0	0.6666666666666666
65134	263	0	5	0.65	162.6	813.0	0.0
65135	21	0	5	0.045	12.4	62.0	0.3333333333333333
65136	340	1	4	0.8475	228.2	1141.0	1.0
65137	188	0	5	0.4625	174.6	873.0	0.6666666666666666
65138	122	0	5	0.2975	120.0	600.0	0.0
65139	34	0	5	0.0775	30.4	152.0	0.3333333333333333
65140	384	0	5	0.9525	182.2	911.0	0.6666666666666666
65141	191	0	5	0.47	101.8	509.0	0.6666666666666666
65142	363	0	5	0.9	250.6	1253.0	0.6666666666666666
65143	313	0	5	0.775	142.4	712.0	0.3333333333333333
65144	284	0	5	0.7025	105.0	525.0	0.6666666666666666
65145	88	0	5	0.2125	42.8	214.0	0.3333333333333333
65146	174	0	5	0.4275	172.0	860.0	0.0
65147	181	0	5	0.445	75.2	376.0	0.3333333333333333
65148	42	0	5	0.0975	40.0	200.0	0.0
65149	401	0	4	0.9975	113.6	568.0	0.6666666666666666
65150	313	0	5	0.775	186.8	934.0	0.3333333333333333
65151	105	0	5	0.255	89.4	447.0	0.3333333333333333
65152	93	0	5	0.225	91.0	455.0	0.0
65153	312	0	5	0.7725	186.8	934.0	0.6666666666666666
65154	220	0	5	0.5425	161.2	806.0	0.0
65155	235	0	5	0.58	216.4	1082.0	0.3333333333333333
65156	82	0	5	0.1975	71.2	356.0	0.3333333333333333
65157	221	0	5	0.545	178.6	893.0	0.3333333333333333
65158	255	0	5	0.63	191.0	955.0	0.3333333333333333
65159	395	1	4	0.985	189.6	948.0	1.0
65160	160	0	5	0.3925	143.2	716.0	0.3333333333333333
65161	158	0	5	0.3875	95.8	479.0	0.3333333333333333
65162	206	0	5	0.5075	154.4	772.0	0.6666666666666666
65163	238	0	5	0.5875	173.6	868.0	0.3333333333333333
65164	277	0	5	0.685	217.6	1088.0	0.3333333333333333
65165	237	0	5	0.585	102.4	512.0	0.6666666666666666
65166	148	0	5	0.3625	146.0	730.0	0.0
65167	155	0	5	0.38	108.4	542.0	0.6666666666666666
65168	127	0	5	0.31	120.6	603.0	0.3333333333333333
65169	190	0	5	0.4675	183.0	915.0	0.3333333333333333
65170	285	0	5	0.705	153.4	767.0	0.3333333333333333
65171	40	0	5	0.0925	38.0	190.0	0.0
65172	242	0	5	0.5975	130.0	650.0	0.3333333333333333
65173	382	0	5	0.9475	305.0	1525.0	0.6666666666666666
65174	263	1	4	0.655	205.6	1028.0	1.0
65175	47	0	5	0.11	41.8	209.0	0.0
65176	124	0	5	0.3025	122.0	610.0	0.0
65177	89	0	5	0.215	73.8	369.0	0.0
65178	114	0	5	0.2775	112.0	560.0	0.0
65179	162	0	5	0.3975	160.0	800.0	0.0
65180	262	0	5	0.6475	89.2	446.0	0.6666666666666666
65181	177	0	5	0.435	112.6	563.0	0.3333333333333333
65182	380	0	5	0.9425	290.4	1452.0	0.6666666666666666
65183	338	0	5	0.8375	215.6	1078.0	0.6666666666666666
65184	167	0	5	0.41	134.2	671.0	0.0
65185	96	0	5	0.2325	76.8	384.0	0.0
65186	143	0	5	0.35	121.0	605.0	0.0
65187	285	0	5	0.705	121.6	608.0	0.3333333333333333
65188	72	0	5	0.1725	52.0	260.0	0.0
65189	365	0	5	0.905	227.0	1135.0	0.6666666666666666
65190	179	0	5	0.44	154.6	773.0	0.0
65191	133	0	5	0.325	131.0	655.0	0.0
65192	398	0	5	0.9875	268.0	1340.0	0.6666666666666666
65193	88	0	5	0.2125	76.2	381.0	0.3333333333333333
65194	217	0	5	0.535	189.6	948.0	0.6666666666666666
65195	294	0	5	0.7275	177.2	886.0	0.6666666666666666
65196	186	0	5	0.4575	147.4	737.0	0.3333333333333333
65197	216	0	5	0.5325	164.0	820.0	0.6666666666666666
65198	237	0	5	0.585	148.6	743.0	0.3333333333333333
65199	55	0	5	0.13	31.4	157.0	0.0
65200	214	0	5	0.5275	212.0	1060.0	0.0
65201	70	0	5	0.1675	20.0	100.0	0.0
65202	333	0	5	0.825	195.2	976.0	0.3333333333333333
65203	151	0	5	0.37	138.2	691.0	0.3333333333333333
65204	149	0	5	0.365	92.6	463.0	0.3333333333333333
65205	173	0	5	0.425	171.0	855.0	0.0
65206	255	0	5	0.63	140.4	702.0	0.3333333333333333
65207	241	0	5	0.595	161.6	808.0	0.3333333333333333
65208	103	0	5	0.25	78.0	390.0	0.3333333333333333
65209	387	0	5	0.96	263.6	1318.0	0.6666666666666666
65210	76	0	5	0.1825	74.0	370.0	0.0
65211	271	0	5	0.67	179.4	897.0	0.3333333333333333
65212	130	0	5	0.3175	101.6	508.0	0.0
65213	32	0	5	0.0725	30.0	150.0	0.0
65214	72	0	5	0.1725	45.8	229.0	0.3333333333333333
65215	40	0	5	0.0925	38.0	190.0	0.0
65216	202	0	5	0.4975	104.0	520.0	0.3333333333333333
65217	223	0	5	0.55	213.6	1068.0	0.6666666666666666
65218	79	0	5	0.19	70.2	351.0	0.3333333333333333
65219	225	0	5	0.555	154.4	772.0	0.6666666666666666
65220	301	0	5	0.745	154.0	770.0	0.6666666666666666
65221	163	0	5	0.4	161.0	805.0	0.0
65222	245	0	5	0.605	96.2	481.0	0.3333333333333333
65223	327	0	5	0.81	126.0	630.0	0.6666666666666666
65224	101	0	5	0.245	81.0	405.0	0.0
65225	387	0	5	0.96	222.8	1114.0	0.6666666666666666
65226	224	0	5	0.5525	186.6	933.0	0.3333333333333333
65227	170	0	5	0.4175	107.6	538.0	0.0
65228	169	0	5	0.415	160.0	800.0	0.0
65229	76	0	5	0.1825	74.0	370.0	0.0
65230	245	0	5	0.605	81.2	406.0	0.6666666666666666
65231	258	0	5	0.6375	99.2	496.0	0.6666666666666666
65232	10	0	5	0.0175	8.0	40.0	0.0
65233	136	0	5	0.3325	30.0	150.0	0.3333333333333333
65234	24	0	5	0.0525	17.8	89.0	0.0
65235	305	0	5	0.755	154.6	773.0	0.3333333333333333
65236	82	0	5	0.1975	80.0	400.0	0.0
65237	114	0	5	0.2775	102.4	512.0	0.3333333333333333
65238	340	0	5	0.8425	205.8	1029.0	0.6666666666666666
65239	99	0	5	0.24	97.0	485.0	0.0
65240	142	0	5	0.3475	106.4	532.0	0.3333333333333333
65241	305	0	5	0.755	158.6	793.0	0.3333333333333333
65242	257	0	5	0.635	191.2	956.0	0.3333333333333333
65243	300	0	5	0.7425	187.8	939.0	0.6666666666666666
65244	279	0	5	0.69	141.8	709.0	0.6666666666666666
65245	76	0	5	0.1825	33.2	166.0	0.0
65246	207	0	5	0.51	146.0	730.0	0.3333333333333333
65247	114	0	5	0.2775	90.6	453.0	0.0
65248	163	0	5	0.4	161.0	805.0	0.3333333333333333
65249	273	0	5	0.675	105.8	529.0	0.6666666666666666
65250	384	0	5	0.9525	303.4	1517.0	0.6666666666666666
65251	236	0	5	0.5825	96.6	483.0	0.3333333333333333
65252	381	0	5	0.945	121.4	607.0	0.6666666666666666
65253	354	0	5	0.8775	190.2	951.0	0.6666666666666666
65254	245	0	5	0.605	159.0	795.0	0.3333333333333333
65255	308	0	5	0.7625	274.4	1372.0	0.3333333333333333
65256	273	0	5	0.675	185.0	925.0	0.6666666666666666
65257	374	0	5	0.9275	365.8	1829.0	0.3333333333333333
65258	266	0	5	0.6575	233.8	1169.0	0.0
65259	277	0	5	0.685	114.8	574.0	0.3333333333333333
65260	357	1	4	0.89	238.2	1191.0	1.0
65261	282	0	5	0.6975	64.0	320.0	0.6666666666666666
65262	353	0	5	0.875	199.8	999.0	0.3333333333333333
65263	323	0	5	0.8	102.6	513.0	0.6666666666666666
65264	68	0	5	0.1625	62.8	314.0	0.0
65265	215	0	5	0.53	199.8	999.0	0.0
65266	253	0	5	0.625	208.2	1041.0	0.3333333333333333
65267	306	0	5	0.7575	185.2	926.0	0.3333333333333333
65268	86	0	5	0.2075	84.0	420.0	0.0
65269	91	0	5	0.22	71.8	359.0	0.0
65270	71	0	5	0.17	32.4	162.0	0.3333333333333333
65271	166	0	5	0.4075	56.0	280.0	0.6666666666666666
65272	81	0	5	0.195	77.4	387.0	0.0
65273	101	0	5	0.245	50.4	252.0	0.3333333333333333
65274	228	0	5	0.5625	184.2	921.0	0.3333333333333333
65275	177	0	5	0.435	65.4	327.0	0.6666666666666666
65276	180	0	5	0.4425	146.4	732.0	0.3333333333333333
65277	150	0	5	0.3675	103.6	518.0	0.6666666666666666
65278	397	1	4	0.99	198.8	994.0	1.0
65279	195	0	5	0.48	114.0	570.0	0.6666666666666666
65280	233	0	5	0.575	135.2	676.0	0.3333333333333333
65281	234	0	5	0.5775	137.8	689.0	0.0
65282	231	0	5	0.57	98.2	491.0	0.3333333333333333
65283	84	0	5	0.2025	61.6	308.0	0.3333333333333333
65284	172	0	5	0.4225	115.4	577.0	0.3333333333333333
65285	65	0	5	0.155	43.8	219.0	0.3333333333333333
65286	190	0	5	0.4675	137.8	689.0	0.6666666666666666
65287	117	0	5	0.285	115.0	575.0	0.0
65288	45	0	5	0.105	38.8	194.0	0.0
65289	53	0	5	0.125	51.0	255.0	0.0
65290	332	1	4	0.8275	251.2	1256.0	1.0
65291	72	0	5	0.1725	49.2	246.0	0.3333333333333333
65292	106	0	5	0.2575	104.0	520.0	0.0
65293	275	0	5	0.68	113.4	567.0	0.6666666666666666
65294	343	0	5	0.85	317.0	1585.0	0.6666666666666666
65295	349	0	5	0.865	190.0	950.0	0.6666666666666666
65296	142	0	5	0.3475	77.0	385.0	0.6666666666666666
65297	135	0	5	0.33	79.6	398.0	0.3333333333333333
65298	95	0	5	0.23	69.8	349.0	0.3333333333333333
65299	76	0	5	0.1825	19.6	98.0	0.6666666666666666
65300	368	0	5	0.9125	126.2	631.0	0.6666666666666666
65301	136	0	5	0.3325	58.4	292.0	0.0
65302	170	0	5	0.4175	97.2	486.0	0.3333333333333333
65303	358	0	5	0.8875	163.2	816.0	0.6666666666666666
65304	50	0	5	0.1175	48.0	240.0	0.0
65305	38	0	5	0.0875	36.0	180.0	0.0
65306	157	0	5	0.385	63.0	315.0	0.3333333333333333
65307	390	0	5	0.9675	250.4	1252.0	0.6666666666666666
65308	391	1	4	0.975	139.6	698.0	1.0
65309	97	0	5	0.235	95.0	475.0	0.0
65310	68	0	5	0.1625	66.0	330.0	0.0
65311	366	0	5	0.9075	159.2	796.0	0.6666666666666666
65312	218	0	5	0.5375	139.0	695.0	0.6666666666666666
65313	164	0	5	0.4025	121.4	607.0	0.3333333333333333
65314	151	0	5	0.37	120.0	600.0	0.0
65315	349	0	5	0.865	144.8	724.0	0.6666666666666666
65316	188	0	5	0.4625	169.4	847.0	0.6666666666666666
65317	176	0	5	0.4325	74.4	372.0	0.6666666666666666
65318	390	0	5	0.9675	176.8	884.0	0.6666666666666666
65319	382	0	5	0.9475	228.4	1142.0	0.6666666666666666
65320	392	1	4	0.9775	141.6	708.0	1.0
65321	289	0	5	0.715	155.2	776.0	0.6666666666666666
65322	220	0	5	0.5425	178.8	894.0	0.6666666666666666
65323	380	0	5	0.9425	143.6	718.0	0.6666666666666666
65324	196	0	5	0.4825	156.2	781.0	0.0
65325	191	0	5	0.47	182.6	913.0	0.3333333333333333
65326	47	0	5	0.11	45.0	225.0	0.0
65327	95	0	5	0.23	81.0	405.0	0.3333333333333333
65328	246	0	5	0.6075	146.8	734.0	0.6666666666666666
65329	219	0	5	0.54	127.8	639.0	0.3333333333333333
65330	100	0	5	0.2425	98.0	490.0	0.0
65331	193	0	5	0.475	165.4	827.0	0.6666666666666666
65332	342	0	5	0.8475	138.4	692.0	0.6666666666666666
65333	125	0	5	0.305	114.4	572.0	0.0
65334	211	0	5	0.52	111.4	557.0	0.6666666666666666
65335	224	0	5	0.5525	115.8	579.0	0.3333333333333333
65336	133	0	5	0.325	78.8	394.0	0.0
65337	293	0	5	0.725	255.8	1279.0	0.0
65338	284	0	5	0.7025	168.8	844.0	0.3333333333333333
65339	397	0	5	0.985	268.4	1342.0	0.6666666666666666
65340	216	0	5	0.5325	123.4	617.0	0.6666666666666666
65341	230	0	5	0.5675	168.4	842.0	0.3333333333333333
65342	151	0	5	0.37	103.4	517.0	0.6666666666666666
65343	304	0	5	0.7525	273.2	1366.0	0.6666666666666666
65344	170	0	5	0.4175	74.4	372.0	0.6666666666666666
65345	331	0	5	0.82	231.2	1156.0	0.6666666666666666
65346	125	0	5	0.305	105.0	525.0	0.0
65347	373	0	5	0.925	205.8	1029.0	0.6666666666666666
65348	209	0	5	0.515	107.2	536.0	0.6666666666666666
65349	152	0	5	0.3725	52.0	260.0	0.6666666666666666
65350	211	0	5	0.52	179.0	895.0	0.0
65351	106	0	5	0.2575	64.8	324.0	0.3333333333333333
65352	107	0	5	0.26	68.2	341.0	0.3333333333333333
65353	51	0	5	0.12	45.0	225.0	0.3333333333333333
65354	6	0	5	0.0075	4.0	20.0	0.0
65355	155	0	5	0.38	120.6	603.0	0.3333333333333333
65356	250	0	5	0.6175	206.0	1030.0	0.6666666666666666
65357	157	0	5	0.385	39.0	195.0	0.3333333333333333
65358	239	0	5	0.59	147.0	735.0	0.0
65359	170	0	5	0.4175	168.0	840.0	0.0
65360	218	0	5	0.5375	126.2	631.0	0.0
65361	174	0	5	0.4275	60.2	301.0	0.3333333333333333
65362	263	0	5	0.65	191.0	955.0	0.3333333333333333
65363	26	0	5	0.0575	24.0	120.0	0.0
65364	344	0	5	0.8525	88.4	442.0	0.6666666666666666
65365	69	0	5	0.165	67.0	335.0	0.0
65366	295	0	5	0.73	141.8	709.0	0.3333333333333333
65367	48	0	5	0.1125	46.0	230.0	0.0
65368	118	0	5	0.2875	65.6	328.0	0.3333333333333333
65369	198	0	5	0.4875	39.2	196.0	0.0
65370	223	1	4	0.555	61.4	307.0	1.0
65371	69	0	5	0.165	67.0	335.0	0.0
65372	391	0	5	0.97	341.4	1707.0	0.3333333333333333
65373	260	0	5	0.6425	109.6	548.0	0.6666666666666666
65374	137	0	5	0.335	108.4	542.0	0.0
65375	260	0	5	0.6425	148.2	741.0	0.6666666666666666
65376	168	0	5	0.4125	97.6	488.0	0.3333333333333333
65377	92	0	5	0.2225	56.4	282.0	0.0
65378	91	0	5	0.22	89.0	445.0	0.0
65379	267	0	5	0.66	153.0	765.0	0.3333333333333333
65380	282	0	5	0.6975	247.2	1236.0	0.3333333333333333
65381	165	0	5	0.405	63.0	315.0	0.3333333333333333
65382	208	0	5	0.5125	114.2	571.0	0.6666666666666666
65383	372	0	5	0.9225	338.2	1691.0	0.6666666666666666
65384	394	1	4	0.9825	256.2	1281.0	1.0
65385	335	0	5	0.83	72.2	361.0	0.6666666666666666
65386	295	0	5	0.73	158.6	793.0	0.3333333333333333
65387	386	0	5	0.9575	176.0	880.0	0.6666666666666666
65388	383	0	5	0.95	81.0	405.0	0.6666666666666666
65389	64	0	5	0.1525	62.0	310.0	0.0
65390	185	1	4	0.46	99.0	495.0	1.0
65391	127	0	5	0.31	100.8	504.0	0.3333333333333333
65392	101	0	5	0.245	87.0	435.0	0.3333333333333333
65393	194	0	5	0.4775	152.8	764.0	0.0
65394	25	0	5	0.055	23.0	115.0	0.0
65395	312	0	5	0.7725	134.4	672.0	0.3333333333333333
65396	203	1	3	0.505	178.6	893.0	1.0
65397	210	0	5	0.5175	150.8	754.0	0.3333333333333333
65398	367	0	5	0.91	254.4	1272.0	0.3333333333333333
65399	266	0	5	0.6575	239.2	1196.0	0.0
65400	59	0	5	0.14	57.0	285.0	0.0
65401	216	0	5	0.5325	81.2	406.0	0.0
65402	149	0	5	0.365	147.0	735.0	0.0
65403	171	0	5	0.42	60.2	301.0	0.3333333333333333
65404	373	0	5	0.925	206.0	1030.0	0.6666666666666666
65405	369	1	4	0.92	112.2	561.0	1.0
65406	248	0	5	0.6125	163.0	815.0	0.3333333333333333
65407	294	0	5	0.7275	225.2	1126.0	0.6666666666666666
65408	361	0	5	0.895	201.2	1006.0	0.6666666666666666
65409	226	0	5	0.5575	200.0	1000.0	0.3333333333333333
65410	394	0	5	0.9775	274.6	1373.0	0.6666666666666666
65411	305	0	5	0.755	119.8	599.0	0.6666666666666666
65412	399	0	5	0.99	299.4	1497.0	0.6666666666666666
65413	69	0	5	0.165	67.0	335.0	0.0
65414	167	0	5	0.41	165.0	825.0	0.3333333333333333
65415	190	0	5	0.4675	79.2	396.0	0.6666666666666666
65416	131	0	5	0.32	59.4	297.0	0.6666666666666666
65417	269	1	4	0.67	124.6	623.0	1.0
65418	199	1	4	0.495	106.6	533.0	1.0
65419	126	0	5	0.3075	124.0	620.0	0.3333333333333333
65420	204	0	5	0.5025	112.4	562.0	0.6666666666666666
65421	149	0	5	0.365	147.0	735.0	0.3333333333333333
65422	37	0	5	0.085	8.6	43.0	0.3333333333333333
65423	128	0	5	0.3125	126.0	630.0	0.0
65424	154	1	4	0.3825	53.2	266.0	1.0
65425	63	0	5	0.15	46.2	231.0	0.0
65426	256	0	5	0.6325	107.4	537.0	0.3333333333333333
65427	53	0	5	0.125	51.0	255.0	0.0
65428	92	0	5	0.2225	62.0	310.0	0.3333333333333333
65429	325	0	5	0.805	266.4	1332.0	0.3333333333333333
65430	153	0	5	0.375	136.8	684.0	0.3333333333333333
65431	52	0	5	0.1225	29.6	148.0	0.3333333333333333
65432	182	1	4	0.4525	62.8	314.0	1.0
65433	383	0	5	0.95	253.2	1266.0	0.6666666666666666
65434	286	0	5	0.7075	195.4	977.0	0.3333333333333333
65435	321	0	5	0.795	105.0	525.0	0.6666666666666666
65436	233	1	4	0.58	97.4	487.0	1.0
65437	187	0	5	0.46	115.8	579.0	0.6666666666666666
65438	329	0	5	0.815	252.4	1262.0	0.3333333333333333
65439	316	0	5	0.7825	184.8	924.0	0.3333333333333333
65440	105	0	5	0.255	102.4	512.0	0.0
65441	39	0	5	0.09	18.4	92.0	0.0
65442	147	0	5	0.36	138.0	690.0	0.3333333333333333
65443	297	0	5	0.735	123.0	615.0	0.6666666666666666
65444	369	0	5	0.915	295.0	1475.0	0.3333333333333333
65445	55	0	5	0.13	53.0	265.0	0.0
65446	206	0	5	0.5075	147.0	735.0	0.3333333333333333
65447	352	0	5	0.8725	170.8	854.0	0.6666666666666666
65448	8	0	5	0.0125	6.0	30.0	0.0
65449	87	0	5	0.21	85.0	425.0	0.0
65450	315	0	5	0.78	172.0	860.0	0.3333333333333333
65451	374	0	5	0.9275	296.4	1482.0	0.6666666666666666
65452	67	0	5	0.16	65.0	325.0	0.0
65453	106	0	5	0.2575	68.8	344.0	0.3333333333333333
65454	318	0	5	0.7875	131.2	656.0	0.3333333333333333
65455	305	1	4	0.76	177.0	885.0	1.0
65456	178	0	5	0.4375	66.4	332.0	0.6666666666666666
65457	189	0	5	0.465	126.2	631.0	0.3333333333333333
65458	242	1	4	0.6025	134.4	672.0	1.0
65459	263	0	5	0.65	138.2	691.0	0.3333333333333333
65460	91	1	4	0.225	65.4	327.0	1.0
65461	222	0	5	0.5475	168.8	844.0	0.3333333333333333
65462	249	0	5	0.615	145.6	728.0	0.3333333333333333
65463	153	0	5	0.375	150.4	752.0	0.0
65464	42	0	5	0.0975	31.6	158.0	0.3333333333333333
65465	261	0	5	0.645	254.6	1273.0	0.0
65466	214	0	5	0.5275	126.4	632.0	0.6666666666666666
65467	203	0	5	0.5	156.8	784.0	0.3333333333333333
65468	274	0	5	0.6775	128.8	644.0	0.6666666666666666
65469	6	0	5	0.0075	4.0	20.0	0.0
65470	358	1	3	0.8925	218.2	1091.0	1.0
65471	241	0	5	0.595	224.2	1121.0	0.3333333333333333
65472	379	0	5	0.94	192.8	964.0	0.6666666666666666
65473	281	0	5	0.695	193.8	969.0	0.3333333333333333
65474	341	0	5	0.845	263.0	1315.0	0.6666666666666666
65475	54	0	5	0.1275	52.0	260.0	0.0
65476	31	0	5	0.07	29.0	145.0	0.3333333333333333
65477	198	0	5	0.4875	173.2	866.0	0.0
65478	329	0	5	0.815	163.6	818.0	0.6666666666666666
65479	111	0	5	0.27	84.2	421.0	0.3333333333333333
65480	34	0	5	0.0775	32.0	160.0	0.0
65481	110	1	4	0.2725	41.2	206.0	1.0
65482	97	0	5	0.235	95.0	475.0	0.0
65483	65	0	5	0.155	55.6	278.0	0.0
65484	14	0	5	0.0275	12.0	60.0	0.0
65485	112	0	5	0.2725	73.4	367.0	0.3333333333333333
65486	294	1	4	0.7325	133.4	667.0	1.0
65487	319	0	5	0.79	185.8	929.0	0.6666666666666666
65488	130	0	5	0.3175	74.0	370.0	0.3333333333333333
65489	12	0	5	0.0225	7.0	35.0	0.3333333333333333
65490	372	1	4	0.9275	145.2	726.0	1.0
65491	88	0	5	0.2125	86.0	430.0	0.0
65492	94	0	5	0.2275	22.4	112.0	0.3333333333333333
65493	51	0	5	0.12	49.0	245.0	0.0
65494	335	0	5	0.83	182.6	913.0	0.3333333333333333
65495	387	1	4	0.965	213.2	1066.0	1.0
65496	218	1	4	0.5425	50.0	250.0	1.0
65497	168	0	5	0.4125	166.0	830.0	0.0
65498	345	0	5	0.855	198.4	992.0	0.6666666666666666
65499	116	0	5	0.2825	44.4	222.0	0.3333333333333333
65500	222	0	5	0.5475	191.4	957.0	0.3333333333333333
65501	18	0	5	0.0375	16.0	80.0	0.0
65502	286	0	5	0.7075	125.6	628.0	0.6666666666666666
65503	35	0	5	0.08	21.0	105.0	0.6666666666666666
65504	276	0	5	0.6825	197.0	985.0	0.0
65505	259	0	5	0.64	202.6	1013.0	0.0
65506	197	1	4	0.49	94.6	473.0	1.0
65507	224	1	4	0.5575	148.4	742.0	1.0
65508	274	0	5	0.6775	181.2	906.0	0.3333333333333333
65509	249	0	5	0.615	214.6	1073.0	0.6666666666666666
65510	222	0	5	0.5475	202.4	1012.0	0.3333333333333333
65511	72	0	5	0.1725	56.4	282.0	0.3333333333333333
65512	187	0	5	0.46	98.0	490.0	0.3333333333333333
65513	95	0	5	0.23	19.0	95.0	0.0
65514	154	0	5	0.3775	124.2	621.0	0.0
65515	16	0	5	0.0325	14.0	70.0	0.0
65516	251	0	5	0.62	81.8	409.0	0.6666666666666666
65517	321	0	5	0.795	160.4	802.0	0.6666666666666666
65518	281	0	5	0.695	91.0	455.0	0.6666666666666666
65519	290	0	5	0.7175	137.4	687.0	0.3333333333333333
65520	28	0	5	0.0625	26.0	130.0	0.0
65521	79	0	5	0.19	53.6	268.0	0.3333333333333333
65522	124	0	5	0.3025	107.2	536.0	0.0
65523	310	0	5	0.7675	182.6	913.0	0.3333333333333333
65524	31	0	5	0.07	29.0	145.0	0.0
65525	328	0	5	0.8125	195.2	976.0	0.3333333333333333
65526	177	0	5	0.435	128.8	644.0	0.6666666666666666
65527	290	0	5	0.7175	248.0	1240.0	0.0
65528	325	0	5	0.805	188.6	943.0	0.3333333333333333
65529	239	0	5	0.59	216.0	1080.0	0.3333333333333333
65530	374	1	4	0.9325	275.6	1378.0	1.0
65531	112	0	5	0.2725	47.6	238.0	0.6666666666666666
65532	303	0	5	0.75	169.0	845.0	0.6666666666666666
65533	232	1	4	0.5775	168.4	842.0	1.0
65534	194	0	5	0.4775	168.0	840.0	0.6666666666666666
65535	392	1	4	0.9775	185.2	926.0	1.0
65536	294	0	5	0.7275	141.2	706.0	0.6666666666666666
65537	370	0	5	0.9175	166.4	832.0	0.6666666666666666
65538	112	0	5	0.2725	56.6	283.0	0.3333333333333333
65539	228	0	5	0.5625	205.6	1028.0	0.0
65540	216	0	5	0.5325	75.2	376.0	0.3333333333333333
65541	184	0	5	0.4525	88.4	442.0	0.3333333333333333
65542	301	0	5	0.745	195.6	978.0	0.6666666666666666
65543	209	1	4	0.52	99.8	499.0	1.0
65544	105	0	5	0.255	58.0	290.0	0.3333333333333333
65545	234	0	5	0.5775	105.8	529.0	0.6666666666666666
65546	128	0	5	0.3125	34.8	174.0	0.3333333333333333
65547	324	0	5	0.8025	185.4	927.0	0.3333333333333333
65548	330	0	5	0.8175	250.8	1254.0	0.6666666666666666
65549	10	0	5	0.0175	8.0	40.0	0.0
65550	39	0	5	0.09	37.0	185.0	0.0
65551	223	0	5	0.55	186.8	934.0	0.3333333333333333
65552	366	0	5	0.9075	244.0	1220.0	0.6666666666666666
65553	283	0	5	0.7	158.0	790.0	0.6666666666666666
65554	199	0	5	0.49	181.6	908.0	0.3333333333333333
65555	266	0	5	0.6575	259.0	1295.0	0.3333333333333333
65556	102	0	5	0.2475	52.0	260.0	0.3333333333333333
65557	272	0	5	0.6725	178.8	894.0	0.3333333333333333
65558	385	0	5	0.955	309.4	1547.0	0.3333333333333333
65559	181	0	5	0.445	179.0	895.0	0.0
65560	258	0	5	0.6375	198.4	992.0	0.3333333333333333
65561	193	0	5	0.475	155.8	779.0	0.3333333333333333
65562	231	0	5	0.57	206.2	1031.0	0.3333333333333333
65563	234	0	5	0.5775	179.8	899.0	0.3333333333333333
65564	221	0	5	0.545	115.2	576.0	0.3333333333333333
65565	279	0	5	0.69	251.6	1258.0	0.6666666666666666
65566	300	0	5	0.7425	206.8	1034.0	0.3333333333333333
65567	304	0	5	0.7525	217.8	1089.0	0.3333333333333333
65568	140	0	5	0.3425	66.0	330.0	0.3333333333333333
65569	252	0	5	0.6225	148.6	743.0	0.3333333333333333
65570	314	0	5	0.7775	133.2	666.0	0.3333333333333333
65571	397	0	5	0.985	211.0	1055.0	0.6666666666666666
65572	113	1	4	0.28	22.8	114.0	1.0
65573	279	0	5	0.69	216.2	1081.0	0.3333333333333333
65574	215	0	5	0.53	158.6	793.0	0.3333333333333333
65575	83	0	5	0.2	81.0	405.0	0.0
65576	102	0	5	0.2475	95.8	479.0	0.3333333333333333
65577	218	0	5	0.5375	170.2	851.0	0.3333333333333333
65578	79	0	5	0.19	68.2	341.0	0.0
65579	125	0	5	0.305	119.4	597.0	0.0
65580	279	0	5	0.69	135.4	677.0	0.3333333333333333
65581	213	0	5	0.525	137.4	687.0	0.3333333333333333
65582	378	0	5	0.9375	252.6	1263.0	0.6666666666666666
65583	37	0	5	0.085	27.4	137.0	0.0
65584	145	0	5	0.355	36.6	183.0	0.3333333333333333
65585	99	0	5	0.24	97.0	485.0	0.0
65586	318	0	5	0.7875	245.4	1227.0	0.6666666666666666
65587	305	0	5	0.755	121.8	609.0	0.6666666666666666
65588	38	0	5	0.0875	27.6	138.0	0.3333333333333333
65589	288	0	5	0.7125	191.2	956.0	0.3333333333333333
65590	196	0	5	0.4825	157.4	787.0	0.6666666666666666
65591	134	0	5	0.3275	117.0	585.0	0.3333333333333333
65592	221	0	5	0.545	162.4	812.0	0.3333333333333333
65593	136	0	5	0.3325	110.6	553.0	0.3333333333333333
65594	216	0	5	0.5325	186.0	930.0	0.3333333333333333
65595	75	0	5	0.18	53.8	269.0	0.3333333333333333
65596	319	0	5	0.79	136.2	681.0	0.3333333333333333
65597	242	0	5	0.5975	135.8	679.0	0.6666666666666666
65598	183	0	5	0.45	173.0	865.0	0.3333333333333333
65599	305	0	5	0.755	94.4	472.0	0.6666666666666666
65600	315	1	4	0.785	253.8	1269.0	1.0
65601	268	0	5	0.6625	252.4	1262.0	0.3333333333333333
65602	241	0	5	0.595	140.4	702.0	0.6666666666666666
65603	190	0	5	0.4675	188.0	940.0	0.0
65604	304	1	4	0.7575	108.2	541.0	1.0
65605	97	0	5	0.235	29.4	147.0	0.3333333333333333
65606	40	0	5	0.0925	27.2	136.0	0.3333333333333333
65607	170	1	3	0.4225	140.6	703.0	1.0
65608	117	1	4	0.29	60.4	302.0	1.0
65609	238	0	5	0.5875	197.2	986.0	0.0
65610	363	1	4	0.905	104.6	523.0	1.0
65611	27	0	5	0.06	25.0	125.0	0.0
65612	327	0	5	0.81	265.2	1326.0	0.6666666666666666
65613	163	1	4	0.405	65.4	327.0	1.0
65614	135	0	5	0.33	110.2	551.0	0.6666666666666666
65615	209	0	5	0.515	161.4	807.0	0.3333333333333333
65616	101	0	5	0.245	49.0	245.0	0.6666666666666666
65617	164	0	5	0.4025	151.6	758.0	0.3333333333333333
65618	235	0	5	0.58	188.2	941.0	0.3333333333333333
65619	52	0	5	0.1225	32.4	162.0	0.0
65620	319	0	5	0.79	151.2	756.0	0.6666666666666666
65621	333	1	4	0.83	187.2	936.0	1.0
65622	143	0	5	0.35	141.0	705.0	0.0
65623	348	0	5	0.8625	190.6	953.0	0.3333333333333333
65624	371	0	5	0.92	284.8	1424.0	0.6666666666666666
65625	142	0	5	0.3475	132.8	664.0	0.3333333333333333
65626	370	0	5	0.9175	305.2	1526.0	0.3333333333333333
65627	98	0	5	0.2375	84.0	420.0	0.3333333333333333
65628	261	0	5	0.645	222.0	1110.0	0.3333333333333333
65629	115	0	5	0.28	113.0	565.0	0.0
65630	120	0	5	0.2925	83.4	417.0	0.0
65631	313	0	5	0.775	110.0	550.0	0.6666666666666666
65632	93	0	5	0.225	68.6	343.0	0.0
65633	65	0	5	0.155	63.0	315.0	0.0
65634	342	0	5	0.8475	108.6	543.0	0.6666666666666666
65635	319	0	5	0.79	171.2	856.0	0.6666666666666666
65636	159	1	4	0.395	79.8	399.0	1.0
65637	174	0	5	0.4275	64.4	322.0	0.6666666666666666
65638	335	0	5	0.83	160.2	801.0	0.6666666666666666
65639	285	0	5	0.705	144.6	723.0	0.0
65640	268	0	5	0.6625	106.4	532.0	0.0
65641	223	0	5	0.55	137.4	687.0	0.3333333333333333
65642	82	0	5	0.1975	80.0	400.0	0.0
65643	380	0	5	0.9425	259.4	1297.0	0.6666666666666666
65644	226	0	5	0.5575	216.4	1082.0	0.3333333333333333
65645	123	0	5	0.3	121.0	605.0	0.0
65646	54	0	5	0.1275	52.0	260.0	0.0
65647	322	0	5	0.7975	171.2	856.0	0.3333333333333333
65648	99	0	5	0.24	63.4	317.0	0.0
65649	389	0	5	0.965	109.4	547.0	0.6666666666666666
65650	156	0	5	0.3825	154.0	770.0	0.0
65651	107	0	5	0.26	88.2	441.0	0.3333333333333333
65652	139	0	5	0.34	92.2	461.0	0.3333333333333333
65653	146	0	5	0.3575	144.0	720.0	0.0
65654	218	0	5	0.5375	100.8	504.0	0.3333333333333333
65655	283	0	5	0.7	273.8	1369.0	0.3333333333333333
65656	97	0	5	0.235	63.0	315.0	0.3333333333333333
65657	168	0	5	0.4125	145.6	728.0	0.0
65658	298	0	5	0.7375	229.8	1149.0	0.6666666666666666
65659	163	0	5	0.4	93.2	466.0	0.3333333333333333
65660	61	0	5	0.145	59.0	295.0	0.0
65661	399	1	4	0.995	151.0	755.0	1.0
65662	123	0	5	0.3	99.8	499.0	0.3333333333333333
65663	122	0	5	0.2975	47.2	236.0	0.3333333333333333
65664	371	0	5	0.92	97.0	485.0	0.6666666666666666
65665	67	0	5	0.16	65.0	325.0	0.0
65666	245	0	5	0.605	189.4	947.0	0.3333333333333333
65667	287	1	4	0.715	62.2	311.0	1.0
65668	259	0	5	0.64	124.6	623.0	0.6666666666666666
65669	383	1	3	0.955	304.2	1521.0	1.0
65670	336	1	4	0.8375	207.2	1036.0	1.0
65671	285	0	5	0.705	279.4	1397.0	0.0
65672	388	0	5	0.9625	212.6	1063.0	0.3333333333333333
65673	253	0	5	0.625	133.2	666.0	0.3333333333333333
65674	252	0	5	0.6225	60.8	304.0	0.3333333333333333
65675	264	0	5	0.6525	196.0	980.0	0.6666666666666666
65676	109	0	5	0.265	76.2	381.0	0.3333333333333333
65677	270	0	5	0.6675	115.6	578.0	0.3333333333333333
65678	74	0	5	0.1775	58.8	294.0	0.0
65679	316	0	5	0.7825	207.4	1037.0	0.6666666666666666
65680	99	0	5	0.24	63.4	317.0	0.0
65681	84	0	5	0.2025	82.0	410.0	0.0
65682	351	1	4	0.875	272.2	1361.0	1.0
65683	134	0	5	0.3275	75.6	378.0	0.3333333333333333
65684	244	0	5	0.6025	172.0	860.0	0.3333333333333333
65685	134	0	5	0.3275	38.4	192.0	0.6666666666666666
65686	217	0	5	0.535	93.8	469.0	0.6666666666666666
65687	331	0	5	0.82	281.8	1409.0	0.3333333333333333
65688	314	1	4	0.7825	112.8	564.0	1.0
65689	211	1	4	0.525	121.8	609.0	1.0
65690	250	0	5	0.6175	122.6	613.0	0.6666666666666666
65691	161	0	5	0.395	159.0	795.0	0.0
65692	253	0	5	0.625	125.4	627.0	0.3333333333333333
65693	134	0	5	0.3275	66.6	333.0	0.3333333333333333
65694	104	0	5	0.2525	102.0	510.0	0.0
65695	275	0	5	0.68	105.8	529.0	0.6666666666666666
65696	239	0	5	0.59	204.0	1020.0	0.3333333333333333
65697	140	0	5	0.3425	118.0	590.0	0.3333333333333333
65698	175	0	5	0.43	105.2	526.0	0.3333333333333333
65699	349	0	5	0.865	96.2	481.0	0.6666666666666666
65700	170	0	5	0.4175	39.4	197.0	0.3333333333333333
65701	197	0	5	0.485	138.6	693.0	0.3333333333333333
65702	286	0	5	0.7075	227.6	1138.0	0.3333333333333333
65703	79	0	5	0.19	15.6	78.0	0.0
65704	85	0	5	0.205	83.0	415.0	0.0
65705	96	0	5	0.2325	94.0	470.0	0.0
65706	55	0	5	0.13	53.0	265.0	0.0
65707	34	0	5	0.0775	32.0	160.0	0.0
65708	111	0	5	0.27	75.8	379.0	0.6666666666666666
65709	277	1	4	0.69	125.0	625.0	1.0
65710	298	0	5	0.7375	291.6	1458.0	0.3333333333333333
65711	325	0	5	0.805	213.0	1065.0	0.3333333333333333
65712	25	0	5	0.055	23.0	115.0	0.0
65713	118	0	5	0.2875	50.0	250.0	0.3333333333333333
65714	244	0	5	0.6025	90.0	450.0	0.3333333333333333
65715	12	0	5	0.0225	10.0	50.0	0.0
65716	276	0	5	0.6825	70.8	354.0	0.6666666666666666
65717	308	0	5	0.7625	260.2	1301.0	0.6666666666666666
65718	331	0	5	0.82	131.4	657.0	0.6666666666666666
65719	348	0	5	0.8625	281.6	1408.0	0.6666666666666666
65720	299	1	4	0.745	250.6	1253.0	1.0
65721	157	0	5	0.385	49.8	249.0	0.6666666666666666
65722	19	0	5	0.04	17.0	85.0	0.0
65723	57	0	5	0.135	55.0	275.0	0.0
65724	315	0	5	0.78	103.4	517.0	0.3333333333333333
65725	254	0	5	0.6275	159.4	797.0	0.3333333333333333
65726	387	0	5	0.96	252.0	1260.0	0.6666666666666666
65727	172	0	5	0.4225	129.2	646.0	0.3333333333333333
65728	33	0	5	0.075	31.0	155.0	0.0
65729	163	0	5	0.4	76.8	384.0	0.6666666666666666
65730	158	0	5	0.3875	130.8	654.0	0.0
65731	243	0	5	0.6	106.6	533.0	0.6666666666666666
65732	257	1	4	0.64	117.4	587.0	1.0
65733	121	0	5	0.295	119.0	595.0	0.0
65734	57	0	5	0.135	55.0	275.0	0.0
65735	315	0	5	0.78	108.8	544.0	0.3333333333333333
65736	208	0	5	0.5125	196.2	981.0	0.3333333333333333
65737	162	0	5	0.3975	40.8	204.0	0.3333333333333333
65738	386	0	5	0.9575	114.0	570.0	0.6666666666666666
65739	214	0	5	0.5275	176.0	880.0	0.0
65740	158	0	5	0.3875	130.2	651.0	0.0
65741	83	0	5	0.2	65.4	327.0	0.3333333333333333
65742	218	0	5	0.5375	198.0	990.0	0.6666666666666666
65743	148	0	5	0.3625	146.0	730.0	0.0
65744	253	0	5	0.625	236.2	1181.0	0.0
65745	277	1	4	0.69	208.6	1043.0	1.0
65746	210	0	5	0.5175	97.0	485.0	0.6666666666666666
65747	305	0	5	0.755	122.4	612.0	0.6666666666666666
65748	345	0	5	0.855	276.0	1380.0	0.3333333333333333
65749	361	0	5	0.895	173.8	869.0	0.6666666666666666
65750	243	0	5	0.6	162.6	813.0	0.6666666666666666
65751	130	0	5	0.3175	97.8	489.0	0.3333333333333333
65752	196	0	5	0.4825	119.2	596.0	0.6666666666666666
65753	304	0	5	0.7525	104.0	520.0	0.6666666666666666
65754	62	0	5	0.1475	25.6	128.0	0.6666666666666666
65755	166	0	5	0.4075	138.4	692.0	0.6666666666666666
65756	22	0	5	0.0475	18.0	90.0	0.3333333333333333
65757	6	0	5	0.0075	4.0	20.0	0.0
65758	222	0	5	0.5475	83.2	416.0	0.3333333333333333
65759	34	0	5	0.0775	32.0	160.0	0.0
65760	122	0	5	0.2975	60.0	300.0	0.3333333333333333
65761	114	0	5	0.2775	102.4	512.0	0.0
65762	54	0	5	0.1275	52.0	260.0	0.0
65763	144	0	5	0.3525	114.0	570.0	0.3333333333333333
65764	77	0	5	0.185	49.0	245.0	0.3333333333333333
65765	83	0	5	0.2	61.0	305.0	0.3333333333333333
65766	368	1	4	0.9175	208.6	1043.0	1.0
65767	108	0	5	0.2625	84.8	424.0	0.0
65768	253	1	4	0.63	241.2	1206.0	1.0
65769	259	0	5	0.64	163.0	815.0	0.3333333333333333
65770	203	0	5	0.5	157.2	786.0	0.0
65771	268	0	5	0.6625	240.8	1204.0	0.3333333333333333
65772	369	0	5	0.915	148.2	741.0	0.6666666666666666
65773	369	1	4	0.92	144.4	722.0	1.0
65774	327	0	5	0.81	213.0	1065.0	0.3333333333333333
65775	292	0	5	0.7225	213.8	1069.0	0.6666666666666666
65776	269	0	5	0.665	162.6	813.0	0.0
65777	318	0	5	0.7875	147.2	736.0	0.6666666666666666
65778	196	0	5	0.4825	162.8	814.0	0.3333333333333333
65779	251	0	5	0.62	175.8	879.0	0.3333333333333333
65780	259	0	5	0.64	189.8	949.0	0.6666666666666666
65781	392	1	4	0.9775	101.6	508.0	1.0
65782	68	0	5	0.1625	66.0	330.0	0.0
65783	121	0	5	0.295	106.4	532.0	0.3333333333333333
65784	314	0	5	0.7775	257.2	1286.0	0.3333333333333333
65785	387	0	5	0.96	256.0	1280.0	0.6666666666666666
65786	222	0	5	0.5475	128.4	642.0	0.6666666666666666
65787	18	0	5	0.0375	16.0	80.0	0.0
65788	43	0	5	0.1	28.2	141.0	0.3333333333333333
65789	106	0	5	0.2575	104.0	520.0	0.0
65790	313	0	5	0.775	104.8	524.0	0.6666666666666666
65791	52	0	5	0.1225	44.4	222.0	0.3333333333333333
65792	363	1	4	0.905	154.8	774.0	1.0
65793	389	1	4	0.97	244.2	1221.0	1.0
65794	181	0	5	0.445	161.8	809.0	0.3333333333333333
65795	236	0	5	0.5825	193.2	966.0	0.0
65796	254	0	5	0.6275	124.0	620.0	0.6666666666666666
65797	89	0	5	0.215	74.4	372.0	0.0
65798	211	0	5	0.52	192.8	964.0	0.0
65799	266	1	4	0.6625	229.4	1147.0	1.0
65800	150	0	5	0.3675	142.0	710.0	0.3333333333333333
65801	106	0	5	0.2575	44.8	224.0	0.3333333333333333
65802	337	0	5	0.835	270.6	1353.0	0.3333333333333333
65803	164	0	5	0.4025	134.8	674.0	0.3333333333333333
65804	126	0	5	0.3075	47.6	238.0	0.6666666666666666
65805	142	0	5	0.3475	140.0	700.0	0.0
65806	390	0	5	0.9675	130.4	652.0	0.6666666666666666
65807	123	0	5	0.3	56.6	283.0	0.6666666666666666
65808	191	0	5	0.47	117.0	585.0	0.3333333333333333
65809	170	0	5	0.4175	71.4	357.0	0.0
65810	20	0	5	0.0425	18.0	90.0	0.0
65811	281	0	5	0.695	168.6	843.0	0.6666666666666666
65812	84	0	5	0.2025	73.0	365.0	0.3333333333333333
65813	158	0	5	0.3875	156.0	780.0	0.0
65814	272	0	5	0.6725	184.6	923.0	0.3333333333333333
65815	199	0	5	0.49	147.0	735.0	0.6666666666666666
65816	243	0	5	0.6	184.6	923.0	0.6666666666666666
65817	86	0	5	0.2075	72.8	364.0	0.3333333333333333
65818	297	0	5	0.735	106.2	531.0	0.3333333333333333
65819	59	0	5	0.14	56.2	281.0	0.6666666666666666
65820	375	0	5	0.93	229.2	1146.0	0.6666666666666666
65821	390	0	5	0.9675	218.2	1091.0	0.6666666666666666
65822	54	0	5	0.1275	49.6	248.0	0.3333333333333333
65823	188	0	5	0.4625	46.0	230.0	0.0
65824	177	0	5	0.435	158.8	794.0	0.3333333333333333
65825	173	0	5	0.425	164.6	823.0	0.3333333333333333
65826	200	0	5	0.4925	177.0	885.0	0.0
65827	264	0	5	0.6525	229.6	1148.0	0.3333333333333333
65828	154	0	5	0.3775	57.6	288.0	0.3333333333333333
65829	237	0	5	0.585	112.6	563.0	0.3333333333333333
65830	52	0	5	0.1225	36.4	182.0	0.3333333333333333
65831	118	0	5	0.2875	85.6	428.0	0.3333333333333333
65832	142	0	5	0.3475	140.0	700.0	0.0
65833	387	0	5	0.96	314.0	1570.0	0.3333333333333333
65834	268	1	4	0.6675	114.2	571.0	1.0
65835	124	0	5	0.3025	30.8	154.0	0.3333333333333333
65836	19	0	5	0.04	17.0	85.0	0.3333333333333333
65837	264	0	5	0.6525	195.4	977.0	0.3333333333333333
65838	254	0	5	0.6275	250.0	1250.0	0.3333333333333333
65839	12	0	5	0.0225	10.0	50.0	0.0
65840	203	0	5	0.5	112.2	561.0	0.6666666666666666
65841	223	0	5	0.55	133.0	665.0	0.3333333333333333
65842	302	1	4	0.7525	67.6	338.0	1.0
65843	139	0	5	0.34	137.0	685.0	0.0
65844	398	0	5	0.9875	287.0	1435.0	0.6666666666666666
65845	235	0	5	0.58	233.0	1165.0	0.3333333333333333
65846	290	0	5	0.7175	161.6	808.0	0.6666666666666666
65847	321	0	5	0.795	220.8	1104.0	0.6666666666666666
65848	202	0	5	0.4975	165.8	829.0	0.0
65849	324	1	4	0.8075	148.8	744.0	1.0
65850	239	0	5	0.59	176.2	881.0	0.3333333333333333
65851	187	0	5	0.46	185.0	925.0	0.3333333333333333
65852	268	0	5	0.6625	178.4	892.0	0.3333333333333333
65853	390	0	5	0.9675	314.0	1570.0	0.6666666666666666
65854	153	0	5	0.375	102.0	510.0	0.6666666666666666
65855	341	0	5	0.845	70.2	351.0	0.6666666666666666
65856	328	1	4	0.8175	179.2	896.0	1.0
65857	123	0	5	0.3	57.0	285.0	0.3333333333333333
65858	169	0	5	0.415	167.0	835.0	0.0
65859	329	0	5	0.815	224.4	1122.0	0.6666666666666666
65860	150	0	5	0.3675	145.6	728.0	0.0
65861	214	0	5	0.5275	133.6	668.0	0.3333333333333333
65862	104	0	5	0.2525	85.2	426.0	0.3333333333333333
65863	272	0	5	0.6725	257.4	1287.0	0.0
65864	321	0	5	0.795	261.0	1305.0	0.6666666666666666
65865	251	0	5	0.62	162.2	811.0	0.6666666666666666
65866	368	1	4	0.9175	110.6	553.0	1.0
65867	16	0	5	0.0325	12.6	63.0	0.3333333333333333
65868	141	0	5	0.345	103.4	517.0	0.0
65869	268	0	5	0.6625	171.6	858.0	0.3333333333333333
65870	349	0	5	0.865	311.6	1558.0	0.6666666666666666
65871	175	0	5	0.43	163.8	819.0	0.3333333333333333
65872	180	1	4	0.4475	45.6	228.0	1.0
65873	23	0	5	0.05	21.0	105.0	0.0
65874	388	0	5	0.9625	248.8	1244.0	0.6666666666666666
65875	118	0	5	0.2875	115.0	575.0	0.0
65876	191	0	5	0.47	132.0	660.0	0.3333333333333333
65877	185	0	5	0.455	73.4	367.0	0.6666666666666666
65878	212	0	5	0.5225	192.0	960.0	0.6666666666666666
65879	369	0	5	0.915	122.2	611.0	0.6666666666666666
65880	377	0	5	0.935	115.8	579.0	0.6666666666666666
65881	181	0	5	0.445	82.2	411.0	0.3333333333333333
65882	342	0	5	0.8475	288.4	1442.0	0.3333333333333333
65883	274	0	5	0.6775	255.4	1277.0	0.6666666666666666
65884	151	0	5	0.37	123.6	618.0	0.3333333333333333
65885	243	0	5	0.6	102.2	511.0	0.3333333333333333
65886	97	0	5	0.235	78.0	390.0	0.0
65887	177	0	5	0.435	80.0	400.0	0.3333333333333333
65888	373	0	5	0.925	203.2	1016.0	0.6666666666666666
65889	206	0	5	0.5075	204.0	1020.0	0.0
65890	307	0	5	0.76	180.4	902.0	0.3333333333333333
65891	231	0	5	0.57	176.0	880.0	0.6666666666666666
65892	30	0	5	0.0675	28.0	140.0	0.0
65893	161	0	5	0.395	133.4	667.0	0.3333333333333333
65894	371	0	5	0.92	193.8	969.0	0.6666666666666666
65895	60	0	5	0.1425	58.0	290.0	0.0
65896	223	0	5	0.55	209.0	1045.0	0.6666666666666666
65897	165	0	5	0.405	94.0	470.0	0.3333333333333333
65898	327	1	4	0.815	203.6	1018.0	1.0
65899	258	0	5	0.6375	97.6	488.0	0.6666666666666666
65900	333	0	5	0.825	261.8	1309.0	0.3333333333333333
65901	362	1	4	0.9025	323.4	1617.0	1.0
65902	352	0	5	0.8725	285.0	1425.0	0.6666666666666666
65903	382	0	5	0.9475	188.0	940.0	0.6666666666666666
65904	378	0	5	0.9375	174.4	872.0	0.6666666666666666
65905	126	0	5	0.3075	124.0	620.0	0.0
65906	106	0	5	0.2575	59.4	297.0	0.6666666666666666
65907	210	0	5	0.5175	158.0	790.0	0.3333333333333333
65908	174	0	5	0.4275	144.4	722.0	0.3333333333333333
65909	162	0	5	0.3975	82.4	412.0	0.3333333333333333
65910	122	0	5	0.2975	82.8	414.0	0.3333333333333333
65911	187	0	5	0.46	179.2	896.0	0.0
65912	127	0	5	0.31	85.8	429.0	0.3333333333333333
65913	193	0	5	0.475	175.4	877.0	0.3333333333333333
65914	36	0	5	0.0825	34.0	170.0	0.0
65915	227	0	5	0.56	171.2	856.0	0.6666666666666666
65916	96	0	5	0.2325	59.2	296.0	0.3333333333333333
65917	335	0	5	0.83	264.6	1323.0	0.6666666666666666
65918	257	0	5	0.635	159.6	798.0	0.3333333333333333
65919	255	1	4	0.635	158.4	792.0	1.0
65920	59	0	5	0.14	57.0	285.0	0.0
65921	120	0	5	0.2925	81.4	407.0	0.3333333333333333
65922	100	0	5	0.2425	60.6	303.0	0.3333333333333333
65923	106	0	5	0.2575	104.0	520.0	0.0
65924	189	0	5	0.465	160.6	803.0	0.0
65925	84	0	5	0.2025	77.6	388.0	0.0
65926	165	0	5	0.405	44.6	223.0	0.3333333333333333
65927	132	0	5	0.3225	70.0	350.0	0.3333333333333333
65928	100	0	5	0.2425	98.0	490.0	0.0
65929	396	0	5	0.9825	143.6	718.0	0.6666666666666666
65930	327	0	5	0.81	225.0	1125.0	0.3333333333333333
65931	237	0	5	0.585	226.2	1131.0	0.3333333333333333
65932	142	0	5	0.3475	140.0	700.0	0.3333333333333333
65933	186	0	5	0.4575	115.4	577.0	0.6666666666666666
65934	7	0	5	0.01	5.0	25.0	0.0
65935	9	0	5	0.015	7.0	35.0	0.0
65936	143	0	5	0.35	120.4	602.0	0.0
65937	282	0	5	0.6975	160.6	803.0	0.0
65938	294	0	5	0.7275	92.0	460.0	0.3333333333333333
65939	255	0	5	0.63	171.0	855.0	0.6666666666666666
65940	25	0	5	0.055	23.0	115.0	0.0
65941	390	0	5	0.9675	336.6	1683.0	0.3333333333333333
65942	286	0	5	0.7075	165.2	826.0	0.3333333333333333
65943	172	0	5	0.4225	170.0	850.0	0.0
65944	250	0	5	0.6175	83.2	416.0	0.3333333333333333
65945	247	0	5	0.61	233.8	1169.0	0.3333333333333333
65946	204	0	5	0.5025	189.2	946.0	0.3333333333333333
65947	104	0	5	0.2525	102.0	510.0	0.0
65948	295	0	5	0.73	85.0	425.0	0.3333333333333333
65949	11	0	5	0.02	9.0	45.0	0.0
65950	278	0	5	0.6875	209.2	1046.0	0.3333333333333333
65951	256	0	5	0.6325	170.8	854.0	0.3333333333333333
65952	213	0	5	0.525	134.8	674.0	0.6666666666666666
65953	16	0	5	0.0325	14.0	70.0	0.0
65954	288	0	5	0.7125	212.0	1060.0	0.3333333333333333
65955	386	0	5	0.9575	150.4	752.0	0.6666666666666666
65956	120	0	5	0.2925	42.4	212.0	0.6666666666666666
65957	56	0	5	0.1325	54.0	270.0	0.0
65958	263	0	5	0.65	53.0	265.0	0.3333333333333333
65959	340	0	5	0.8425	241.2	1206.0	0.3333333333333333
65960	167	0	5	0.41	165.0	825.0	0.0
65961	395	0	5	0.98	125.2	626.0	0.3333333333333333
65962	272	0	5	0.6725	269.8	1349.0	0.3333333333333333
65963	286	0	5	0.7075	278.0	1390.0	0.3333333333333333
65964	172	0	5	0.4225	47.8	239.0	0.0
65965	106	0	5	0.2575	79.6	398.0	0.3333333333333333
65966	351	1	4	0.875	196.6	983.0	1.0
65967	291	0	5	0.72	275.8	1379.0	0.0
65968	312	0	5	0.7725	170.2	851.0	0.6666666666666666
65969	394	0	5	0.9775	240.4	1202.0	0.6666666666666666
65970	235	0	5	0.58	177.2	886.0	0.3333333333333333
65971	156	1	4	0.3875	109.6	548.0	1.0
65972	318	1	4	0.7925	158.2	791.0	1.0
65973	43	0	5	0.1	41.0	205.0	0.0
65974	377	0	5	0.935	77.8	389.0	0.6666666666666666
65975	347	0	5	0.86	259.8	1299.0	0.3333333333333333
65976	34	0	5	0.0775	25.6	128.0	0.3333333333333333
65977	379	1	4	0.945	139.8	699.0	1.0
65978	130	0	5	0.3175	128.0	640.0	0.0
65979	348	0	5	0.8625	209.8	1049.0	0.6666666666666666
65980	293	0	5	0.725	137.6	688.0	0.6666666666666666
65981	29	0	5	0.065	27.0	135.0	0.0
65982	387	0	5	0.96	170.8	854.0	0.3333333333333333
65983	303	0	5	0.75	85.0	425.0	0.6666666666666666
65984	218	0	5	0.5375	202.4	1012.0	0.3333333333333333
65985	230	0	5	0.5675	192.8	964.0	0.0
65986	362	0	5	0.8975	182.4	912.0	0.3333333333333333
65987	68	0	5	0.1625	66.0	330.0	0.0
65988	16	0	5	0.0325	14.0	70.0	0.0
65989	159	0	5	0.39	81.8	409.0	0.6666666666666666
65990	298	0	5	0.7375	158.4	792.0	0.3333333333333333
65991	182	0	5	0.4475	70.0	350.0	0.6666666666666666
65992	174	0	5	0.4275	67.6	338.0	0.6666666666666666
65993	240	0	5	0.5925	90.6	453.0	0.3333333333333333
65994	11	0	5	0.02	9.0	45.0	0.0
65995	203	1	4	0.505	105.4	527.0	1.0
65996	298	0	5	0.7375	143.4	717.0	0.6666666666666666
65997	222	0	5	0.5475	77.2	386.0	0.3333333333333333
65998	41	0	5	0.095	27.2	136.0	0.3333333333333333
65999	280	1	4	0.6975	104.4	522.0	1.0
66000	234	0	5	0.5775	111.8	559.0	0.6666666666666666
66001	258	0	5	0.6375	152.6	763.0	0.3333333333333333
66002	36	0	5	0.0825	34.0	170.0	0.0
66003	110	0	5	0.2675	43.4	217.0	0.3333333333333333
66004	203	0	5	0.5	159.0	795.0	0.3333333333333333
66005	132	0	5	0.3225	111.2	556.0	0.3333333333333333
66006	215	0	5	0.53	159.6	798.0	0.3333333333333333
66007	230	0	5	0.5675	113.2	566.0	0.3333333333333333
66008	183	0	5	0.45	137.6	688.0	0.6666666666666666
66009	321	0	5	0.795	73.4	367.0	0.6666666666666666
66010	205	0	5	0.505	174.2	871.0	0.3333333333333333
66011	193	0	5	0.475	137.0	685.0	0.0
66012	241	0	5	0.595	128.2	641.0	0.6666666666666666
66013	61	0	5	0.145	47.6	238.0	0.0
66014	145	0	5	0.355	113.2	566.0	0.6666666666666666
66015	102	0	5	0.2475	93.2	466.0	0.3333333333333333
66016	36	0	5	0.0825	31.2	156.0	0.3333333333333333
66017	116	0	5	0.2825	87.2	436.0	0.3333333333333333
66018	291	1	3	0.725	230.0	1150.0	1.0
66019	102	0	5	0.2475	100.0	500.0	0.0
66020	363	0	5	0.9	94.8	474.0	0.3333333333333333
66021	13	0	5	0.025	11.0	55.0	0.0
66022	277	0	5	0.685	173.0	865.0	0.3333333333333333
66023	221	0	5	0.545	71.6	358.0	0.3333333333333333
66024	58	0	5	0.1375	54.8	274.0	0.0
66025	75	0	5	0.18	23.4	117.0	0.3333333333333333
66026	171	0	5	0.42	133.4	667.0	0.3333333333333333
66027	400	0	5	0.9925	257.4	1287.0	0.6666666666666666
66028	358	0	5	0.8875	203.2	1016.0	0.6666666666666666
66029	175	0	5	0.43	131.0	655.0	0.3333333333333333
66030	162	0	5	0.3975	136.4	682.0	0.3333333333333333
66031	264	0	5	0.6525	178.8	894.0	0.6666666666666666
66032	349	1	4	0.87	241.6	1208.0	1.0
66033	82	0	5	0.1975	51.2	256.0	0.0
66034	137	0	5	0.335	87.8	439.0	0.3333333333333333
66035	144	0	5	0.3525	76.6	383.0	0.3333333333333333
66036	217	0	5	0.535	92.6	463.0	0.6666666666666666
66037	71	0	5	0.17	60.0	300.0	0.0
66038	357	0	5	0.885	219.4	1097.0	0.6666666666666666
66039	213	0	5	0.525	70.2	351.0	0.6666666666666666
66040	262	0	5	0.6475	223.4	1117.0	0.3333333333333333
66041	367	0	5	0.91	222.6	1113.0	0.6666666666666666
66042	244	0	5	0.6025	146.4	732.0	0.3333333333333333
66043	34	0	5	0.0775	32.0	160.0	0.0
66044	373	0	5	0.925	127.8	639.0	0.3333333333333333
66045	100	0	5	0.2425	80.0	400.0	0.3333333333333333
66046	44	0	5	0.1025	40.4	202.0	0.0
66047	287	0	5	0.71	198.8	994.0	0.0
66048	85	0	5	0.205	77.8	389.0	0.0
66049	289	0	5	0.715	163.2	816.0	0.3333333333333333
66050	108	0	5	0.2625	102.4	512.0	0.3333333333333333
66051	101	0	5	0.245	99.0	495.0	0.0
66052	240	0	5	0.5925	73.8	369.0	0.3333333333333333
66053	271	1	4	0.675	206.2	1031.0	1.0
66054	135	0	5	0.33	81.0	405.0	0.3333333333333333
66055	81	0	5	0.195	64.4	322.0	0.0
66056	369	0	5	0.915	318.4	1592.0	0.6666666666666666
66057	125	0	5	0.305	120.0	600.0	0.0
66058	122	0	5	0.2975	108.0	540.0	0.3333333333333333
66059	56	0	5	0.1325	45.8	229.0	0.3333333333333333
66060	266	0	5	0.6575	233.6	1168.0	0.3333333333333333
66061	178	0	5	0.4375	163.6	818.0	0.3333333333333333
66062	240	0	5	0.5925	140.6	703.0	0.6666666666666666
66063	347	0	5	0.86	304.2	1521.0	0.6666666666666666
66064	160	0	5	0.3925	81.6	408.0	0.3333333333333333
66065	56	0	5	0.1325	54.0	270.0	0.0
66066	303	0	5	0.75	181.0	905.0	0.6666666666666666
66067	229	0	5	0.565	132.6	663.0	0.6666666666666666
66068	26	0	5	0.0575	24.0	120.0	0.0
66069	97	0	5	0.235	95.0	475.0	0.0
66070	184	0	5	0.4525	116.6	583.0	0.0
66071	174	0	5	0.4275	106.0	530.0	0.6666666666666666
66072	169	0	5	0.415	119.6	598.0	0.3333333333333333
66073	22	0	5	0.0475	14.4	72.0	0.3333333333333333
66074	208	0	5	0.5125	92.4	462.0	0.6666666666666666
66075	300	1	4	0.7475	194.2	971.0	1.0
66076	285	0	5	0.705	161.0	805.0	0.6666666666666666
66077	370	0	5	0.9175	241.0	1205.0	0.6666666666666666
66078	117	0	5	0.285	115.0	575.0	0.0
66079	147	0	5	0.36	67.6	338.0	0.3333333333333333
66080	274	1	4	0.6825	225.0	1125.0	1.0
66081	131	0	5	0.32	129.0	645.0	0.0
66082	38	0	5	0.0875	36.0	180.0	0.0
66083	226	0	5	0.5575	155.0	775.0	0.3333333333333333
66084	193	0	5	0.475	96.8	484.0	0.3333333333333333
66085	148	0	5	0.3625	94.0	470.0	0.0
66086	233	0	5	0.575	140.2	701.0	0.6666666666666666
66087	360	0	5	0.8925	88.0	440.0	0.6666666666666666
66088	343	0	5	0.85	141.8	709.0	0.3333333333333333
66089	114	0	5	0.2775	75.4	377.0	0.3333333333333333
66090	43	0	5	0.1	27.2	136.0	0.3333333333333333
66091	228	0	5	0.5625	207.6	1038.0	0.0
66092	123	0	5	0.3	76.2	381.0	0.3333333333333333
66093	184	0	5	0.4525	114.0	570.0	0.0
66094	161	0	5	0.395	151.8	759.0	0.0
66095	43	0	5	0.1	34.0	170.0	0.0
66096	122	0	5	0.2975	73.2	366.0	0.0
66097	239	0	5	0.59	167.0	835.0	0.6666666666666666
66098	314	0	5	0.7775	193.2	966.0	0.3333333333333333
66099	121	0	5	0.295	86.2	431.0	0.3333333333333333
66100	290	1	4	0.7225	238.4	1192.0	1.0
66101	102	0	5	0.2475	98.8	494.0	0.3333333333333333
66102	233	0	5	0.575	114.4	572.0	0.3333333333333333
66103	231	0	5	0.57	156.2	781.0	0.3333333333333333
66104	122	0	5	0.2975	91.2	456.0	0.0
66105	150	0	5	0.3675	96.2	481.0	0.3333333333333333
66106	332	0	5	0.8225	135.6	678.0	0.6666666666666666
66107	366	0	5	0.9075	168.4	842.0	0.3333333333333333
66108	138	0	5	0.3375	119.2	596.0	0.3333333333333333
66109	16	0	5	0.0325	12.4	62.0	0.3333333333333333
66110	256	0	5	0.6325	253.0	1265.0	0.0
66111	303	0	5	0.75	155.8	779.0	0.6666666666666666
66112	27	0	5	0.06	25.0	125.0	0.0
66113	314	1	4	0.7825	272.0	1360.0	1.0
66114	305	0	5	0.755	125.0	625.0	0.3333333333333333
66115	240	0	5	0.5925	148.0	740.0	0.3333333333333333
66116	235	0	5	0.58	141.2	706.0	0.6666666666666666
66117	264	0	5	0.6525	241.4	1207.0	0.6666666666666666
66118	257	0	5	0.635	238.4	1192.0	0.3333333333333333
66119	53	0	5	0.125	30.8	154.0	0.3333333333333333
66120	381	0	5	0.945	233.2	1166.0	0.6666666666666666
66121	152	0	5	0.3725	112.2	561.0	0.3333333333333333
66122	334	0	5	0.8275	267.8	1339.0	0.3333333333333333
66123	195	0	5	0.48	93.6	468.0	0.6666666666666666
66124	248	0	5	0.6125	150.0	750.0	0.3333333333333333
66125	337	0	5	0.835	239.8	1199.0	0.6666666666666666
66126	304	0	5	0.7525	174.6	873.0	0.6666666666666666
66127	401	0	4	0.9975	161.6	808.0	0.6666666666666666
66128	238	0	5	0.5875	165.4	827.0	0.3333333333333333
66129	350	1	4	0.8725	178.6	893.0	1.0
66130	162	0	5	0.3975	145.6	728.0	0.3333333333333333
66131	151	0	5	0.37	122.0	610.0	0.3333333333333333
66132	103	0	5	0.25	63.2	316.0	0.3333333333333333
66133	94	0	5	0.2275	92.0	460.0	0.0
66134	151	0	5	0.37	108.6	543.0	0.0
66135	61	0	5	0.145	58.6	293.0	0.3333333333333333
66136	230	0	5	0.5675	98.4	492.0	0.6666666666666666
66137	275	0	5	0.68	220.2	1101.0	0.3333333333333333
66138	304	1	4	0.7575	149.0	745.0	1.0
66139	114	0	5	0.2775	100.0	500.0	0.3333333333333333
66140	354	0	5	0.8775	195.4	977.0	0.6666666666666666
66141	291	0	5	0.72	153.4	767.0	0.3333333333333333
66142	98	0	5	0.2375	88.4	442.0	0.0
66143	133	0	5	0.325	105.0	525.0	0.6666666666666666
66144	329	0	5	0.815	145.4	727.0	0.6666666666666666
66145	198	0	5	0.4875	105.2	526.0	0.3333333333333333
66146	67	0	5	0.16	54.0	270.0	0.0
66147	231	0	5	0.57	141.0	705.0	0.3333333333333333
66148	362	0	5	0.8975	320.6	1603.0	0.6666666666666666
66149	298	0	5	0.7375	78.0	390.0	0.3333333333333333
66150	339	0	5	0.84	145.8	729.0	0.6666666666666666
66151	95	0	5	0.23	86.4	432.0	0.3333333333333333
66152	159	0	5	0.39	90.4	452.0	0.3333333333333333
66153	378	0	5	0.9375	236.0	1180.0	0.6666666666666666
66154	218	0	5	0.5375	135.4	677.0	0.3333333333333333
66155	251	0	5	0.62	134.4	672.0	0.3333333333333333
66156	23	0	5	0.05	21.0	105.0	0.0
66157	366	0	5	0.9075	159.2	796.0	0.6666666666666666
66158	26	0	5	0.0575	12.6	63.0	0.3333333333333333
66159	211	0	5	0.52	115.6	578.0	0.3333333333333333
66160	394	1	4	0.9825	235.0	1175.0	1.0
66161	227	0	5	0.56	171.0	855.0	0.0
66162	135	0	5	0.33	132.2	661.0	0.3333333333333333
66163	37	0	5	0.085	15.8	79.0	0.3333333333333333
66164	93	0	5	0.225	77.8	389.0	0.3333333333333333
66165	200	1	4	0.4975	131.2	656.0	1.0
66166	229	0	5	0.565	151.0	755.0	0.6666666666666666
66167	187	0	5	0.46	89.0	445.0	0.3333333333333333
66168	272	0	5	0.6725	244.6	1223.0	0.6666666666666666
66169	321	0	5	0.795	181.6	908.0	0.3333333333333333
66170	163	0	5	0.4	89.4	447.0	0.0
66171	261	0	5	0.645	133.6	668.0	0.3333333333333333
66172	135	0	5	0.33	74.0	370.0	0.3333333333333333
66173	55	0	5	0.13	40.4	202.0	0.3333333333333333
66174	390	0	5	0.9675	146.2	731.0	0.6666666666666666
66175	62	0	5	0.1475	53.0	265.0	0.3333333333333333
66176	288	0	5	0.7125	154.6	773.0	0.3333333333333333
66177	240	0	5	0.5925	238.0	1190.0	0.0
66178	130	0	5	0.3175	107.2	536.0	0.0
66179	31	0	5	0.07	29.0	145.0	0.0
66180	262	0	5	0.6475	126.2	631.0	0.6666666666666666
66181	391	0	5	0.97	210.8	1054.0	0.6666666666666666
66182	155	0	5	0.38	100.2	501.0	0.6666666666666666
66183	274	0	5	0.6775	216.0	1080.0	0.3333333333333333
66184	254	0	5	0.6275	208.0	1040.0	0.3333333333333333
66185	2	0	5	0.0	0.0	0.0	0.0
66186	317	1	4	0.79	157.2	786.0	1.0
66187	278	1	4	0.6925	230.6	1153.0	1.0
66188	92	0	5	0.2225	30.0	150.0	0.0
66189	30	0	5	0.0675	28.0	140.0	0.0
66190	127	0	5	0.31	88.4	442.0	0.3333333333333333
66191	347	0	5	0.86	199.8	999.0	0.3333333333333333
66192	262	0	5	0.6475	88.0	440.0	0.3333333333333333
66193	54	0	5	0.1275	34.8	174.0	0.3333333333333333
66194	45	0	5	0.105	40.6	203.0	0.0
66195	214	0	5	0.5275	101.6	508.0	0.3333333333333333
66196	228	0	5	0.5625	145.2	726.0	0.3333333333333333
66197	161	0	5	0.395	55.0	275.0	0.3333333333333333
66198	273	0	5	0.675	139.6	698.0	0.3333333333333333
66199	266	0	5	0.6575	225.6	1128.0	0.0
66200	62	0	5	0.1475	57.6	288.0	0.0
66201	297	1	4	0.74	242.6	1213.0	1.0
66202	75	0	5	0.18	66.6	333.0	0.3333333333333333
66203	184	0	5	0.4525	141.2	706.0	0.3333333333333333
66204	265	0	5	0.655	137.2	686.0	0.6666666666666666
66205	383	0	5	0.95	163.2	816.0	0.3333333333333333
66206	393	1	4	0.98	254.2	1271.0	1.0
66207	184	0	5	0.4525	71.4	357.0	0.3333333333333333
66208	113	0	5	0.275	111.0	555.0	0.0
66209	152	0	5	0.3725	93.0	465.0	0.0
66210	126	0	5	0.3075	26.4	132.0	0.0
66211	86	0	5	0.2075	58.4	292.0	0.0
66212	391	0	5	0.97	178.6	893.0	0.6666666666666666
66213	250	0	5	0.6175	216.8	1084.0	0.0
66214	9	0	5	0.015	7.0	35.0	0.0
66215	44	0	5	0.1025	42.0	210.0	0.0
66216	369	0	5	0.915	241.0	1205.0	0.3333333333333333
66217	165	0	5	0.405	118.6	593.0	0.0
66218	265	0	5	0.655	163.8	819.0	0.6666666666666666
66219	259	0	5	0.64	66.6	333.0	0.6666666666666666
66220	84	0	5	0.2025	82.0	410.0	0.0
66221	127	1	4	0.315	59.8	299.0	1.0
66222	401	0	5	0.995	187.4	937.0	0.6666666666666666
66223	231	0	5	0.57	157.4	787.0	0.3333333333333333
66224	374	0	5	0.9275	172.8	864.0	0.6666666666666666
66225	263	0	5	0.65	167.2	836.0	0.6666666666666666
66226	25	0	5	0.055	23.0	115.0	0.0
66227	253	0	5	0.625	125.8	629.0	0.3333333333333333
66228	33	0	5	0.075	31.0	155.0	0.0
66229	170	0	5	0.4175	108.0	540.0	0.0
66230	73	0	5	0.175	71.0	355.0	0.0
66231	274	1	4	0.6825	172.4	862.0	1.0
66232	25	0	5	0.055	19.4	97.0	0.3333333333333333
66233	261	0	5	0.645	101.0	505.0	0.6666666666666666
66234	392	0	5	0.9725	214.2	1071.0	0.6666666666666666
66235	98	0	5	0.2375	56.6	283.0	0.0
66236	94	0	5	0.2275	92.0	460.0	0.0
66237	337	1	4	0.84	108.2	541.0	1.0
66238	158	0	5	0.3875	97.0	485.0	0.6666666666666666
66239	189	0	5	0.465	167.8	839.0	0.0
66240	44	0	5	0.1025	42.0	210.0	0.0
66241	129	0	5	0.315	53.6	268.0	0.6666666666666666
66242	312	0	5	0.7725	168.4	842.0	0.3333333333333333
66243	399	0	5	0.99	225.4	1127.0	0.6666666666666666
66244	77	1	4	0.19	48.6	243.0	1.0
66245	345	0	5	0.855	248.0	1240.0	0.6666666666666666
66246	360	0	5	0.8925	196.0	980.0	0.3333333333333333
66247	234	0	5	0.5775	171.8	859.0	0.6666666666666666
66248	209	0	5	0.515	145.6	728.0	0.6666666666666666
66249	344	0	5	0.8525	110.6	553.0	0.6666666666666666
66250	365	0	5	0.905	156.2	781.0	0.6666666666666666
66251	266	0	5	0.6575	207.6	1038.0	0.3333333333333333
66252	274	1	4	0.6825	97.2	486.0	1.0
66253	53	0	5	0.125	51.0	255.0	0.0
66254	334	0	5	0.8275	236.6	1183.0	0.3333333333333333
66255	257	1	4	0.64	178.6	893.0	1.0
66256	286	0	5	0.7075	244.8	1224.0	0.6666666666666666
66257	303	0	5	0.75	221.8	1109.0	0.3333333333333333
66258	221	0	5	0.545	192.2	961.0	0.0
66259	59	0	5	0.14	46.4	232.0	0.0
66260	228	0	5	0.5625	155.4	777.0	0.0
66261	156	0	5	0.3825	100.0	500.0	0.3333333333333333
66262	146	0	5	0.3575	89.8	449.0	0.3333333333333333
66263	244	1	4	0.6075	205.6	1028.0	1.0
66264	347	0	5	0.86	247.8	1239.0	0.3333333333333333
66265	380	0	5	0.9425	257.0	1285.0	0.6666666666666666
66266	145	0	5	0.355	135.0	675.0	0.3333333333333333
66267	298	0	5	0.7375	205.0	1025.0	0.6666666666666666
66268	335	0	5	0.83	135.8	679.0	0.6666666666666666
66269	191	0	5	0.47	155.4	777.0	0.3333333333333333
66270	363	0	5	0.9	268.6	1343.0	0.6666666666666666
66271	292	1	4	0.7275	153.6	768.0	1.0
66272	216	0	5	0.5325	148.4	742.0	0.6666666666666666
66273	41	0	5	0.095	30.6	153.0	0.0
66274	376	0	5	0.9325	194.8	974.0	0.6666666666666666
66275	393	0	5	0.975	279.4	1397.0	0.6666666666666666
66276	183	0	5	0.45	177.8	889.0	0.0
66277	64	0	5	0.1525	39.4	197.0	0.6666666666666666
66278	105	0	5	0.255	65.2	326.0	0.0
66279	113	0	5	0.275	34.2	171.0	0.3333333333333333
66280	291	1	4	0.725	145.6	728.0	1.0
66281	29	0	5	0.065	27.0	135.0	0.0
66282	364	0	5	0.9025	117.2	586.0	0.3333333333333333
66283	200	0	5	0.4925	105.0	525.0	0.0
66284	145	0	5	0.355	121.8	609.0	0.3333333333333333
66285	259	0	5	0.64	138.6	693.0	0.3333333333333333
66286	391	0	5	0.97	290.0	1450.0	0.6666666666666666
66287	56	0	5	0.1325	54.0	270.0	0.0
66288	104	0	5	0.2525	89.8	449.0	0.0
66289	208	0	5	0.5125	180.2	901.0	0.0
66290	75	0	5	0.18	61.4	307.0	0.0
66291	130	0	5	0.3175	104.4	522.0	0.3333333333333333
66292	48	0	5	0.1125	30.4	152.0	0.0
66293	59	0	5	0.14	42.6	213.0	0.3333333333333333
66294	32	0	5	0.0725	30.0	150.0	0.0
66295	175	0	5	0.43	76.4	382.0	0.3333333333333333
66296	169	0	5	0.415	167.0	835.0	0.3333333333333333
66297	59	0	5	0.14	34.6	173.0	0.3333333333333333
66298	352	0	5	0.8725	130.0	650.0	0.3333333333333333
66299	47	0	5	0.11	45.0	225.0	0.0
66300	252	0	5	0.6225	181.6	908.0	0.6666666666666666
66301	57	0	5	0.135	35.4	177.0	0.3333333333333333
66302	237	0	5	0.585	172.6	863.0	0.3333333333333333
66303	46	0	5	0.1075	27.6	138.0	0.0
66304	93	0	5	0.225	91.0	455.0	0.0
66305	108	0	5	0.2625	106.0	530.0	0.0
66306	272	0	5	0.6725	230.8	1154.0	0.3333333333333333
66307	336	0	5	0.8325	223.4	1117.0	0.3333333333333333
66308	162	0	5	0.3975	146.0	730.0	0.3333333333333333
66309	127	0	5	0.31	65.6	328.0	0.3333333333333333
66310	299	0	5	0.74	256.8	1284.0	0.3333333333333333
66311	398	0	5	0.9875	140.0	700.0	0.6666666666666666
66312	35	0	5	0.08	32.2	161.0	0.0
66313	202	1	4	0.5025	62.0	310.0	1.0
66314	241	0	5	0.595	151.4	757.0	0.6666666666666666
66315	338	0	5	0.8375	194.0	970.0	0.6666666666666666
66316	6	0	5	0.0075	4.0	20.0	0.0
66317	280	1	4	0.6975	145.4	727.0	1.0
66318	163	0	5	0.4	132.8	664.0	0.0
66319	287	0	5	0.71	123.8	619.0	0.6666666666666666
66320	202	0	5	0.4975	196.8	984.0	0.3333333333333333
66321	81	0	5	0.195	79.0	395.0	0.0
66322	148	0	5	0.3625	107.6	538.0	0.3333333333333333
66323	220	0	5	0.5425	169.2	846.0	0.0
66324	221	0	5	0.545	105.0	525.0	0.6666666666666666
66325	296	0	5	0.7325	146.6	733.0	0.6666666666666666
66326	49	0	5	0.115	47.0	235.0	0.0
66327	144	0	5	0.3525	91.4	457.0	0.6666666666666666
66328	277	0	5	0.685	247.8	1239.0	0.0
66329	308	0	5	0.7625	185.6	928.0	0.3333333333333333
66330	384	0	5	0.9525	350.0	1750.0	0.6666666666666666
66331	105	0	5	0.255	75.4	377.0	0.6666666666666666
66332	329	0	5	0.815	197.6	988.0	0.6666666666666666
66333	283	0	5	0.7	98.0	490.0	0.6666666666666666
66334	288	0	5	0.7125	214.2	1071.0	0.0
66335	240	0	5	0.5925	157.6	788.0	0.0
66336	308	0	5	0.7625	251.0	1255.0	0.6666666666666666
66337	286	0	5	0.7075	255.4	1277.0	0.3333333333333333
66338	371	0	5	0.92	197.4	987.0	0.3333333333333333
66339	239	0	5	0.59	181.6	908.0	0.3333333333333333
66340	362	0	5	0.8975	222.0	1110.0	0.3333333333333333
66341	314	0	5	0.7775	131.6	658.0	0.3333333333333333
66342	239	0	5	0.59	159.4	797.0	0.6666666666666666
66343	153	0	5	0.375	151.0	755.0	0.0
66344	124	0	5	0.3025	49.4	247.0	0.3333333333333333
66345	316	0	5	0.7825	144.8	724.0	0.3333333333333333
66346	205	0	5	0.505	137.0	685.0	0.3333333333333333
66347	106	0	5	0.2575	68.8	344.0	0.3333333333333333
66348	66	0	5	0.1575	27.4	137.0	0.3333333333333333
66349	306	0	5	0.7575	222.4	1112.0	0.3333333333333333
66350	144	0	5	0.3525	58.8	294.0	0.3333333333333333
66351	315	0	5	0.78	165.8	829.0	0.0
66352	237	0	5	0.585	197.0	985.0	0.3333333333333333
66353	314	1	4	0.7825	153.0	765.0	1.0
66354	251	0	5	0.62	159.8	799.0	0.3333333333333333
66355	217	0	5	0.535	81.4	407.0	0.3333333333333333
66356	275	0	5	0.68	59.8	299.0	0.6666666666666666
66357	79	0	5	0.19	53.8	269.0	0.6666666666666666
66358	320	0	5	0.7925	122.6	613.0	0.6666666666666666
66359	81	0	5	0.195	23.8	119.0	0.0
66360	59	0	5	0.14	57.0	285.0	0.0
66361	401	0	4	0.9975	248.8	1244.0	0.6666666666666666
66362	137	0	5	0.335	83.4	417.0	0.3333333333333333
66363	152	0	5	0.3725	74.0	370.0	0.3333333333333333
66364	201	0	5	0.495	40.0	200.0	0.3333333333333333
66365	171	0	5	0.42	162.2	811.0	0.3333333333333333
66366	229	0	5	0.565	126.2	631.0	0.6666666666666666
66367	70	0	5	0.1675	14.4	72.0	0.3333333333333333
66368	63	0	5	0.15	52.2	261.0	0.0
66369	4	0	5	0.0025	2.0	10.0	0.0
66370	355	0	5	0.88	229.8	1149.0	0.3333333333333333
66371	200	1	4	0.4975	58.4	292.0	1.0
66372	335	0	5	0.83	173.0	865.0	0.3333333333333333
66373	373	0	5	0.925	272.2	1361.0	0.3333333333333333
66374	263	0	5	0.65	91.4	457.0	0.6666666666666666
66375	43	0	5	0.1	34.4	172.0	0.0
66376	206	0	5	0.5075	204.0	1020.0	0.0
66377	26	0	5	0.0575	24.0	120.0	0.0
66378	84	0	5	0.2025	36.2	181.0	0.3333333333333333
66379	186	0	5	0.4575	66.2	331.0	0.3333333333333333
66380	232	0	5	0.5725	229.2	1146.0	0.0
66381	380	0	5	0.9425	248.4	1242.0	0.6666666666666666
66382	293	0	5	0.725	224.6	1123.0	0.0
66383	101	0	5	0.245	99.0	495.0	0.0
66384	74	0	5	0.1775	72.0	360.0	0.0
66385	111	0	5	0.27	43.4	217.0	0.0
66386	154	1	4	0.3825	60.6	303.0	1.0
66387	113	0	5	0.275	111.0	555.0	0.0
66388	241	0	5	0.595	140.4	702.0	0.3333333333333333
66389	365	0	5	0.905	278.4	1392.0	0.6666666666666666
66390	117	0	5	0.285	115.0	575.0	0.0
66391	118	0	5	0.2875	102.4	512.0	0.0
66392	330	0	5	0.8175	109.0	545.0	0.6666666666666666
66393	315	0	5	0.78	176.4	882.0	0.3333333333333333
66394	91	0	5	0.22	89.0	445.0	0.0
66395	223	0	5	0.55	138.8	694.0	0.3333333333333333
66396	208	0	5	0.5125	145.4	727.0	0.0
66397	136	1	3	0.3375	90.8	454.0	1.0
66398	227	1	4	0.565	103.8	519.0	1.0
66399	120	0	5	0.2925	89.2	446.0	0.0
66400	44	0	5	0.1025	10.0	50.0	0.3333333333333333
66401	239	0	5	0.59	116.4	582.0	0.0
66402	310	0	5	0.7675	273.8	1369.0	0.3333333333333333
66403	297	0	5	0.735	233.8	1169.0	0.3333333333333333
66404	294	0	5	0.7275	195.0	975.0	0.6666666666666666
66405	375	0	5	0.93	238.8	1194.0	0.6666666666666666
66406	195	0	5	0.48	109.6	548.0	0.3333333333333333
66407	349	0	5	0.865	182.2	911.0	0.3333333333333333
66408	142	0	5	0.3475	91.8	459.0	0.3333333333333333
66409	235	1	4	0.585	69.8	349.0	1.0
66410	273	0	5	0.675	196.4	982.0	0.6666666666666666
66411	119	0	5	0.29	85.8	429.0	0.3333333333333333
66412	291	0	5	0.72	171.8	859.0	0.6666666666666666
66413	213	0	5	0.525	115.0	575.0	0.3333333333333333
66414	207	0	5	0.51	205.0	1025.0	0.0
66415	43	0	5	0.1	41.0	205.0	0.0
66416	64	0	5	0.1525	15.6	78.0	0.3333333333333333
66417	151	0	5	0.37	67.4	337.0	0.0
66418	200	0	5	0.4925	91.6	458.0	0.6666666666666666
66419	154	0	5	0.3775	63.2	316.0	0.3333333333333333
66420	201	0	5	0.495	86.4	432.0	0.6666666666666666
66421	251	0	5	0.62	174.4	872.0	0.6666666666666666
66422	9	0	5	0.015	7.0	35.0	0.0
66423	39	0	5	0.09	37.0	185.0	0.0
66424	225	0	5	0.555	198.2	991.0	0.3333333333333333
66425	247	0	5	0.61	160.4	802.0	0.3333333333333333
66426	209	0	5	0.515	119.6	598.0	0.3333333333333333
66427	169	0	5	0.415	137.6	688.0	0.0
66428	108	0	5	0.2625	106.0	530.0	0.0
66429	341	0	5	0.845	191.4	957.0	0.3333333333333333
66430	34	0	5	0.0775	30.4	152.0	0.0
66431	235	0	5	0.58	121.8	609.0	0.3333333333333333
66432	164	0	5	0.4025	50.0	250.0	0.6666666666666666
66433	92	0	5	0.2225	75.6	378.0	0.0
66434	10	0	5	0.0175	6.2	31.0	0.0
66435	334	0	5	0.8275	263.8	1319.0	0.6666666666666666
66436	349	1	4	0.87	127.0	635.0	1.0
66437	396	0	5	0.9825	313.2	1566.0	0.6666666666666666
66438	90	0	5	0.2175	46.6	233.0	0.3333333333333333
66439	354	0	5	0.8775	238.8	1194.0	0.6666666666666666
66440	235	0	5	0.58	179.2	896.0	0.3333333333333333
66441	205	0	5	0.505	106.2	531.0	0.6666666666666666
66442	274	0	5	0.6775	81.2	406.0	0.6666666666666666
66443	276	1	4	0.6875	121.6	608.0	1.0
66444	255	0	5	0.63	52.2	261.0	0.0
66445	103	0	5	0.25	36.2	181.0	0.3333333333333333
66446	156	0	5	0.3825	120.0	600.0	0.6666666666666666
66447	123	0	5	0.3	83.6	418.0	0.3333333333333333
66448	289	1	4	0.72	148.2	741.0	1.0
66449	12	0	5	0.0225	10.0	50.0	0.0
66450	310	0	5	0.7675	265.0	1325.0	0.6666666666666666
66451	353	1	4	0.88	173.0	865.0	1.0
66452	294	0	5	0.7275	204.4	1022.0	0.6666666666666666
66453	235	0	5	0.58	124.4	622.0	0.3333333333333333
66454	71	0	5	0.17	56.2	281.0	0.3333333333333333
66455	253	0	5	0.625	248.6	1243.0	0.6666666666666666
66456	39	0	5	0.09	37.0	185.0	0.0
66457	294	0	5	0.7275	212.0	1060.0	0.3333333333333333
66458	164	0	5	0.4025	37.2	186.0	0.0
66459	60	0	5	0.1425	17.2	86.0	0.3333333333333333
66460	128	0	5	0.3125	55.0	275.0	0.3333333333333333
66461	200	0	5	0.4925	198.0	990.0	0.0
66462	106	0	5	0.2575	67.2	336.0	0.6666666666666666
66463	248	0	5	0.6125	234.0	1170.0	0.3333333333333333
66464	141	0	5	0.345	90.4	452.0	0.0
66465	197	0	5	0.485	123.8	619.0	0.3333333333333333
66466	191	0	5	0.47	118.4	592.0	0.6666666666666666
66467	333	0	5	0.825	161.8	809.0	0.3333333333333333
66468	158	0	5	0.3875	92.4	462.0	0.3333333333333333
66469	151	0	5	0.37	119.6	598.0	0.3333333333333333
66470	67	0	5	0.16	50.0	250.0	0.0
66471	282	0	5	0.6975	149.2	746.0	0.6666666666666666
66472	380	0	5	0.9425	109.2	546.0	0.3333333333333333
66473	10	0	5	0.0175	8.0	40.0	0.0
66474	214	0	5	0.5275	115.6	578.0	0.3333333333333333
66475	143	0	5	0.35	114.2	571.0	0.3333333333333333
66476	176	0	5	0.4325	69.2	346.0	0.6666666666666666
66477	386	0	5	0.9575	103.6	518.0	0.6666666666666666
66478	246	0	5	0.6075	200.2	1001.0	0.0
66479	323	0	5	0.8	225.6	1128.0	0.6666666666666666
66480	354	0	5	0.8775	228.8	1144.0	0.3333333333333333
66481	114	0	5	0.2775	94.6	473.0	0.3333333333333333
66482	231	0	5	0.57	184.0	920.0	0.3333333333333333
66483	151	0	5	0.37	101.0	505.0	0.0
66484	183	0	5	0.45	135.8	679.0	0.3333333333333333
66485	197	0	5	0.485	150.0	750.0	0.3333333333333333
66486	163	0	5	0.4	92.6	463.0	0.3333333333333333
66487	10	0	5	0.0175	8.0	40.0	0.0
66488	84	0	5	0.2025	34.0	170.0	0.3333333333333333
66489	82	0	5	0.1975	80.0	400.0	0.0
66490	28	0	5	0.0625	11.6	58.0	0.3333333333333333
66491	26	0	5	0.0575	24.0	120.0	0.0
66492	322	0	5	0.7975	143.6	718.0	0.6666666666666666
66493	209	0	5	0.515	200.0	1000.0	0.3333333333333333
66494	130	0	5	0.3175	112.2	561.0	0.3333333333333333
66495	189	1	4	0.47	142.6	713.0	1.0
66496	35	0	5	0.08	33.0	165.0	0.0
66497	208	0	5	0.5125	152.8	764.0	0.3333333333333333
66498	182	0	5	0.4475	171.8	859.0	0.0
66499	321	0	5	0.795	276.0	1380.0	0.6666666666666666
66500	247	0	5	0.61	159.0	795.0	0.6666666666666666
66501	170	1	4	0.4225	102.6	513.0	1.0
66502	354	1	4	0.8825	150.0	750.0	1.0
66503	200	0	5	0.4925	122.8	614.0	0.6666666666666666
66504	13	0	5	0.025	11.0	55.0	0.0
66505	395	0	5	0.98	204.0	1020.0	0.6666666666666666
66506	291	0	5	0.72	227.0	1135.0	0.3333333333333333
66507	227	0	5	0.56	202.4	1012.0	0.3333333333333333
66508	395	0	5	0.98	122.4	612.0	0.6666666666666666
66509	393	0	5	0.975	206.0	1030.0	0.6666666666666666
66510	381	0	5	0.945	258.6	1293.0	0.6666666666666666
66511	165	0	5	0.405	98.4	492.0	0.3333333333333333
66512	164	0	5	0.4025	78.0	390.0	0.3333333333333333
66513	241	0	5	0.595	175.0	875.0	0.3333333333333333
66514	32	0	5	0.0725	30.0	150.0	0.0
66515	135	0	5	0.33	43.0	215.0	0.3333333333333333
66516	340	1	4	0.8475	104.8	524.0	1.0
66517	127	0	5	0.31	71.4	357.0	0.0
66518	353	0	5	0.875	121.8	609.0	0.6666666666666666
66519	281	0	5	0.695	116.8	584.0	0.3333333333333333
66520	226	0	5	0.5575	165.2	826.0	0.6666666666666666
66521	20	0	5	0.0425	18.0	90.0	0.0
66522	126	0	5	0.3075	85.4	427.0	0.6666666666666666
66523	204	0	5	0.5025	84.4	422.0	0.0
66524	23	0	5	0.05	21.0	105.0	0.0
66525	317	0	5	0.785	204.4	1022.0	0.3333333333333333
66526	148	0	5	0.3625	73.2	366.0	0.3333333333333333
66527	376	0	5	0.9325	237.6	1188.0	0.6666666666666666
66528	13	0	5	0.025	11.0	55.0	0.0
66529	230	0	5	0.5675	200.8	1004.0	0.3333333333333333
66530	190	0	5	0.4675	159.2	796.0	0.3333333333333333
66531	381	0	5	0.945	280.8	1404.0	0.6666666666666666
66532	58	0	5	0.1375	56.0	280.0	0.0
66533	384	1	4	0.9575	204.6	1023.0	1.0
66534	46	0	5	0.1075	44.0	220.0	0.0
66535	225	0	5	0.555	183.0	915.0	0.6666666666666666
66536	388	0	5	0.9625	133.2	666.0	0.6666666666666666
66537	247	0	5	0.61	187.8	939.0	0.3333333333333333
66538	65	0	5	0.155	60.2	301.0	0.3333333333333333
66539	212	0	5	0.5225	165.4	827.0	0.6666666666666666
66540	344	0	5	0.8525	129.4	647.0	0.6666666666666666
66541	51	0	5	0.12	49.0	245.0	0.0
66542	60	0	5	0.1425	34.8	174.0	0.3333333333333333
66543	20	0	5	0.0425	18.0	90.0	0.0
66544	368	0	5	0.9125	149.2	746.0	0.3333333333333333
66545	129	0	5	0.315	74.2	371.0	0.3333333333333333
66546	125	0	5	0.305	80.6	403.0	0.0
66547	252	0	5	0.6225	83.4	417.0	0.3333333333333333
66548	367	1	4	0.915	79.0	395.0	1.0
66549	373	0	5	0.925	152.4	762.0	0.6666666666666666
66550	248	0	5	0.6125	134.6	673.0	0.3333333333333333
66551	389	1	4	0.97	144.0	720.0	1.0
66552	366	0	5	0.9075	199.8	999.0	0.6666666666666666
66553	187	0	5	0.46	131.6	658.0	0.3333333333333333
66554	2	0	5	0.0	0.0	0.0	0.0
66555	360	1	4	0.8975	112.8	564.0	1.0
66556	174	0	5	0.4275	88.2	441.0	0.3333333333333333
66557	375	1	4	0.935	254.2	1271.0	1.0
66558	330	0	5	0.8175	167.6	838.0	0.3333333333333333
66559	301	0	5	0.745	179.2	896.0	0.0
66560	46	0	5	0.1075	40.0	200.0	0.3333333333333333
66561	292	0	5	0.7225	139.6	698.0	0.6666666666666666
66562	260	0	5	0.6425	83.6	418.0	0.3333333333333333
66563	358	0	5	0.8875	225.2	1126.0	0.3333333333333333
66564	98	0	5	0.2375	46.2	231.0	0.0
66565	234	1	3	0.5825	152.0	760.0	1.0
66566	228	0	5	0.5625	149.0	745.0	0.3333333333333333
66567	254	1	4	0.6325	65.2	326.0	1.0
66568	274	0	5	0.6775	97.0	485.0	0.6666666666666666
66569	109	0	5	0.265	61.8	309.0	0.3333333333333333
66570	86	0	5	0.2075	84.0	420.0	0.0
66571	378	0	5	0.9375	361.4	1807.0	0.6666666666666666
66572	187	0	5	0.46	162.4	812.0	0.0
66573	193	0	5	0.475	91.4	457.0	0.0
66574	373	1	4	0.93	296.4	1482.0	1.0
66575	71	0	5	0.17	69.0	345.0	0.0
66576	222	0	5	0.5475	161.2	806.0	0.3333333333333333
66577	26	0	5	0.0575	24.0	120.0	0.0
66578	156	0	5	0.3825	47.6	238.0	0.0
66579	162	1	4	0.4025	49.2	246.0	1.0
66580	346	0	5	0.8575	206.8	1034.0	0.6666666666666666
66581	355	0	5	0.88	262.8	1314.0	0.6666666666666666
66582	322	0	5	0.7975	93.8	469.0	0.6666666666666666
66583	83	0	5	0.2	81.0	405.0	0.3333333333333333
66584	303	0	5	0.75	164.6	823.0	0.3333333333333333
66585	44	0	5	0.1025	42.0	210.0	0.0
66586	70	0	5	0.1675	56.0	280.0	0.3333333333333333
66587	216	0	5	0.5325	214.0	1070.0	0.0
66588	62	0	5	0.1475	55.2	276.0	0.0
66589	330	0	5	0.8175	157.6	788.0	0.6666666666666666
66590	130	0	5	0.3175	125.6	628.0	0.0
66591	116	0	5	0.2825	112.2	561.0	0.0
66592	8	0	5	0.0125	6.0	30.0	0.0
66593	365	0	5	0.905	186.4	932.0	0.6666666666666666
66594	332	0	5	0.8225	284.6	1423.0	0.6666666666666666
66595	310	0	5	0.7675	208.0	1040.0	0.3333333333333333
66596	253	0	5	0.625	210.0	1050.0	0.3333333333333333
66597	258	0	5	0.6375	75.2	376.0	0.3333333333333333
66598	137	0	5	0.335	127.8	639.0	0.3333333333333333
66599	393	0	5	0.975	189.0	945.0	0.6666666666666666
66600	179	0	5	0.44	145.4	727.0	0.3333333333333333
66601	399	0	5	0.99	191.4	957.0	0.6666666666666666
66602	309	0	5	0.765	107.4	537.0	0.6666666666666666
66603	166	0	5	0.4075	164.0	820.0	0.0
66604	336	0	5	0.8325	122.8	614.0	0.3333333333333333
66605	366	0	5	0.9075	163.0	815.0	0.6666666666666666
66606	174	0	5	0.4275	82.2	411.0	0.6666666666666666
66607	83	0	5	0.2	79.6	398.0	0.0
66608	179	0	5	0.44	132.6	663.0	0.3333333333333333
66609	152	0	5	0.3725	117.0	585.0	0.3333333333333333
66610	119	0	5	0.29	86.0	430.0	0.6666666666666666
66611	84	0	5	0.2025	58.2	291.0	0.3333333333333333
66612	398	0	5	0.9875	128.6	643.0	0.6666666666666666
66613	326	0	5	0.8075	214.4	1072.0	0.6666666666666666
66614	342	0	5	0.8475	96.8	484.0	0.6666666666666666
66615	264	1	4	0.6575	192.6	963.0	1.0
66616	352	0	5	0.8725	263.0	1315.0	0.3333333333333333
66617	31	0	5	0.07	29.0	145.0	0.0
66618	61	0	5	0.145	41.6	208.0	0.0
66619	175	0	5	0.43	112.8	564.0	0.0
66620	303	1	4	0.755	176.6	883.0	1.0
66621	288	0	5	0.7125	90.6	453.0	0.3333333333333333
66622	10	0	5	0.0175	8.0	40.0	0.0
66623	59	0	5	0.14	28.2	141.0	0.3333333333333333
66624	254	0	5	0.6275	149.6	748.0	0.3333333333333333
66625	173	0	5	0.425	88.8	444.0	0.3333333333333333
66626	344	0	5	0.8525	178.0	890.0	0.6666666666666666
66627	140	0	5	0.3425	138.0	690.0	0.0
66628	309	0	5	0.765	166.2	831.0	0.3333333333333333
66629	283	0	5	0.7	230.2	1151.0	0.3333333333333333
66630	325	0	5	0.805	155.0	775.0	0.6666666666666666
66631	250	0	5	0.6175	117.0	585.0	0.3333333333333333
66632	224	0	5	0.5525	109.8	549.0	0.6666666666666666
66633	143	0	5	0.35	135.6	678.0	0.3333333333333333
66634	323	0	5	0.8	182.6	913.0	0.6666666666666666
66635	25	0	5	0.055	23.0	115.0	0.0
66636	34	0	5	0.0775	32.0	160.0	0.0
66637	350	0	5	0.8675	207.2	1036.0	0.6666666666666666
66638	293	0	5	0.725	61.4	307.0	0.6666666666666666
66639	19	0	5	0.04	17.0	85.0	0.0
66640	158	0	5	0.3875	128.0	640.0	0.3333333333333333
66641	160	0	5	0.3925	126.8	634.0	0.3333333333333333
66642	261	0	5	0.645	170.2	851.0	0.3333333333333333
66643	218	0	5	0.5375	132.4	662.0	0.3333333333333333
66644	48	0	5	0.1125	46.0	230.0	0.0
66645	84	0	5	0.2025	82.0	410.0	0.0
66646	181	0	5	0.445	108.8	544.0	0.3333333333333333
66647	122	0	5	0.2975	72.0	360.0	0.3333333333333333
66648	187	0	5	0.46	115.8	579.0	0.3333333333333333
66649	257	0	5	0.635	160.0	800.0	0.6666666666666666
66650	392	0	5	0.9725	222.6	1113.0	0.6666666666666666
66651	26	0	5	0.0575	19.6	98.0	0.3333333333333333
66652	199	0	5	0.49	126.8	634.0	0.3333333333333333
66653	289	0	5	0.715	221.2	1106.0	0.3333333333333333
66654	235	0	5	0.58	86.4	432.0	0.6666666666666666
66655	296	0	5	0.7325	90.8	454.0	0.6666666666666666
66656	341	0	5	0.845	186.0	930.0	0.6666666666666666
66657	279	0	5	0.69	107.4	537.0	0.3333333333333333
66658	258	0	5	0.6375	236.0	1180.0	0.0
66659	55	0	5	0.13	27.0	135.0	0.3333333333333333
66660	388	0	5	0.9625	145.2	726.0	0.3333333333333333
66661	235	0	5	0.58	204.4	1022.0	0.3333333333333333
66662	302	0	5	0.7475	157.0	785.0	0.3333333333333333
66663	161	0	5	0.395	159.0	795.0	0.0
66664	66	0	5	0.1575	28.6	143.0	0.3333333333333333
66665	39	0	5	0.09	33.8	169.0	0.3333333333333333
66666	2	0	5	0.0	0.0	0.0	0.0
66667	63	0	5	0.15	53.6	268.0	0.6666666666666666
66668	351	0	5	0.87	194.2	971.0	0.3333333333333333
66669	81	0	5	0.195	38.2	191.0	0.3333333333333333
66670	152	0	5	0.3725	111.0	555.0	0.3333333333333333
66671	47	0	5	0.11	33.4	167.0	0.3333333333333333
66672	26	0	5	0.0575	24.0	120.0	0.0
66673	140	0	5	0.3425	138.0	690.0	0.0
66674	199	1	4	0.495	198.2	991.0	1.0
66675	275	1	4	0.685	196.6	983.0	1.0
66676	18	0	5	0.0375	16.0	80.0	0.0
66677	136	0	5	0.3325	104.2	521.0	0.0
66678	198	0	5	0.4875	196.0	980.0	0.0
66679	326	1	4	0.8125	94.0	470.0	1.0
66680	236	0	5	0.5825	122.4	612.0	0.3333333333333333
66681	312	0	5	0.7725	194.2	971.0	0.6666666666666666
66682	98	1	4	0.2425	61.0	305.0	1.0
66683	372	0	5	0.9225	196.2	981.0	0.6666666666666666
66684	159	0	5	0.39	101.2	506.0	0.3333333333333333
66685	55	0	5	0.13	29.0	145.0	0.3333333333333333
66686	247	1	4	0.615	163.2	816.0	1.0
66687	256	1	4	0.6375	140.4	702.0	1.0
66688	260	0	5	0.6425	131.8	659.0	0.6666666666666666
66689	104	0	5	0.2525	76.2	381.0	0.0
66690	355	0	5	0.88	139.8	699.0	0.6666666666666666
66691	334	0	5	0.8275	127.4	637.0	0.3333333333333333
66692	340	0	5	0.8425	244.8	1224.0	0.3333333333333333
66693	243	0	5	0.6	85.8	429.0	0.3333333333333333
66694	205	1	4	0.51	50.6	253.0	1.0
66695	181	0	5	0.445	147.2	736.0	0.3333333333333333
66696	273	1	4	0.68	105.8	529.0	1.0
66697	143	0	5	0.35	94.8	474.0	0.3333333333333333
66698	213	0	5	0.525	197.4	987.0	0.6666666666666666
66699	162	0	5	0.3975	104.8	524.0	0.3333333333333333
66700	97	0	5	0.235	56.2	281.0	0.6666666666666666
66701	352	1	4	0.8775	207.6	1038.0	1.0
66702	212	0	5	0.5225	126.6	633.0	0.6666666666666666
66703	111	0	5	0.27	41.8	209.0	0.3333333333333333
66704	192	0	5	0.4725	190.0	950.0	0.0
66705	356	1	4	0.8875	139.2	696.0	1.0
66706	165	0	5	0.405	85.6	428.0	0.3333333333333333
66707	189	0	5	0.465	114.2	571.0	0.3333333333333333
66708	60	0	5	0.1425	58.0	290.0	0.0
66709	203	1	4	0.505	108.6	543.0	1.0
66710	351	0	5	0.87	240.2	1201.0	0.3333333333333333
66711	297	0	5	0.735	278.4	1392.0	0.0
66712	330	1	4	0.8225	213.2	1066.0	1.0
66713	250	0	5	0.6175	184.4	922.0	0.6666666666666666
66714	320	0	5	0.7925	207.2	1036.0	0.6666666666666666
66715	237	0	5	0.585	53.6	268.0	0.6666666666666666
66716	200	0	5	0.4925	186.6	933.0	0.3333333333333333
66717	193	0	5	0.475	183.4	917.0	0.3333333333333333
66718	313	0	5	0.775	109.4	547.0	0.6666666666666666
66719	43	0	5	0.1	38.6	193.0	0.3333333333333333
66720	341	0	5	0.845	169.2	846.0	0.6666666666666666
66721	278	0	5	0.6875	190.6	953.0	0.3333333333333333
66722	77	0	5	0.185	75.0	375.0	0.0
66723	31	0	5	0.07	29.0	145.0	0.0
66724	174	0	5	0.4275	91.2	456.0	0.3333333333333333
66725	50	0	5	0.1175	31.2	156.0	0.0
66726	228	0	5	0.5625	98.0	490.0	0.0
66727	311	0	5	0.77	267.2	1336.0	0.0
66728	72	0	5	0.1725	70.0	350.0	0.0
66729	275	0	5	0.68	133.2	666.0	0.3333333333333333
66730	280	0	5	0.6925	236.8	1184.0	0.6666666666666666
66731	390	0	5	0.9675	164.2	821.0	0.6666666666666666
66732	173	0	5	0.425	128.8	644.0	0.0
66733	340	0	5	0.8425	130.0	650.0	0.3333333333333333
66734	257	0	5	0.635	249.4	1247.0	0.3333333333333333
66735	4	0	5	0.0025	2.0	10.0	0.0
66736	392	0	5	0.9725	171.0	855.0	0.6666666666666666
66737	298	0	5	0.7375	271.8	1359.0	0.3333333333333333
66738	236	0	5	0.5825	217.4	1087.0	0.6666666666666666
66739	15	0	5	0.03	13.0	65.0	0.0
66740	196	1	4	0.4875	143.8	719.0	1.0
66741	222	0	5	0.5475	194.0	970.0	0.3333333333333333
66742	239	0	5	0.59	189.6	948.0	0.3333333333333333
66743	382	0	5	0.9475	193.6	968.0	0.3333333333333333
66744	175	0	5	0.43	151.6	758.0	0.3333333333333333
66745	244	0	5	0.6025	228.8	1144.0	0.0
66746	230	0	5	0.5675	172.8	864.0	0.3333333333333333
66747	49	0	5	0.115	28.4	142.0	0.3333333333333333
66748	313	0	5	0.775	276.2	1381.0	0.3333333333333333
66749	68	0	5	0.1625	43.2	216.0	0.0
66750	37	0	5	0.085	35.0	175.0	0.0
66751	4	0	5	0.0025	2.0	10.0	0.0
66752	309	1	4	0.77	105.8	529.0	1.0
66753	204	0	5	0.5025	112.0	560.0	0.0
66754	61	0	5	0.145	59.0	295.0	0.0
66755	155	0	5	0.38	98.6	493.0	0.0
66756	31	0	5	0.07	29.0	145.0	0.0
66757	200	0	5	0.4925	146.8	734.0	0.0
66758	106	0	5	0.2575	82.4	412.0	0.3333333333333333
66759	274	0	5	0.6775	110.8	554.0	0.6666666666666666
66760	364	0	5	0.9025	126.2	631.0	0.6666666666666666
66761	345	0	5	0.855	136.2	681.0	0.6666666666666666
66762	100	0	5	0.2425	64.8	324.0	0.6666666666666666
66763	6	0	5	0.0075	4.0	20.0	0.0
66764	182	0	5	0.4475	145.8	729.0	0.0
66765	370	0	5	0.9175	79.0	395.0	0.6666666666666666
66766	287	0	5	0.71	173.0	865.0	0.3333333333333333
66767	111	0	5	0.27	47.4	237.0	0.6666666666666666
66768	210	0	5	0.5175	182.4	912.0	0.6666666666666666
66769	67	0	5	0.16	54.6	273.0	0.0
66770	226	0	5	0.5575	187.6	938.0	0.0
66771	225	1	4	0.56	94.2	471.0	1.0
66772	194	0	5	0.4775	105.8	529.0	0.3333333333333333
66773	110	0	5	0.2675	80.0	400.0	0.3333333333333333
66774	115	0	5	0.28	113.0	565.0	0.0
66775	78	0	5	0.1875	76.0	380.0	0.3333333333333333
66776	248	0	5	0.6125	119.2	596.0	0.6666666666666666
66777	125	0	5	0.305	109.4	547.0	0.3333333333333333
66778	310	0	5	0.7675	285.8	1429.0	0.3333333333333333
66779	105	0	5	0.255	66.0	330.0	0.3333333333333333
66780	79	0	5	0.19	71.4	357.0	0.3333333333333333
66781	109	0	5	0.265	101.4	507.0	0.3333333333333333
66782	190	0	5	0.4675	176.4	882.0	0.3333333333333333
66783	322	0	5	0.7975	228.8	1144.0	0.6666666666666666
66784	198	0	5	0.4875	146.0	730.0	0.0
66785	60	0	5	0.1425	37.6	188.0	0.0
66786	155	0	5	0.38	133.8	669.0	0.3333333333333333
66787	187	0	5	0.46	68.4	342.0	0.6666666666666666
66788	258	0	5	0.6375	206.0	1030.0	0.3333333333333333
66789	205	0	5	0.505	142.2	711.0	0.3333333333333333
66790	236	0	5	0.5825	95.6	478.0	0.3333333333333333
66791	310	0	5	0.7675	135.2	676.0	0.6666666666666666
66792	106	0	5	0.2575	44.0	220.0	0.3333333333333333
66793	261	0	5	0.645	151.8	759.0	0.3333333333333333
66794	180	0	5	0.4425	111.2	556.0	0.3333333333333333
66795	189	0	5	0.465	175.6	878.0	0.0
66796	243	0	5	0.6	225.0	1125.0	0.3333333333333333
66797	313	0	5	0.775	102.4	512.0	0.3333333333333333
66798	356	1	4	0.8875	189.2	946.0	1.0
66799	185	0	5	0.455	183.0	915.0	0.0
66800	12	0	5	0.0225	10.0	50.0	0.0
66801	258	0	5	0.6375	125.6	628.0	0.3333333333333333
66802	172	0	5	0.4225	97.6	488.0	0.3333333333333333
66803	190	0	5	0.4675	172.0	860.0	0.3333333333333333
66804	48	0	5	0.1125	46.0	230.0	0.0
66805	356	0	5	0.8825	155.0	775.0	0.6666666666666666
66806	258	0	5	0.6375	80.6	403.0	0.3333333333333333
66807	231	0	5	0.57	143.6	718.0	0.6666666666666666
66808	187	1	4	0.465	75.8	379.0	1.0
66809	79	0	5	0.19	71.8	359.0	0.0
66810	364	1	4	0.9075	260.8	1304.0	1.0
66811	131	0	5	0.32	129.0	645.0	0.0
66812	179	0	5	0.44	161.0	805.0	0.6666666666666666
66813	50	0	5	0.1175	48.0	240.0	0.0
66814	160	0	5	0.3925	61.2	306.0	0.0
66815	164	0	5	0.4025	84.4	422.0	0.3333333333333333
66816	171	0	5	0.42	169.0	845.0	0.0
66817	108	0	5	0.2625	106.0	530.0	0.0
66818	31	0	5	0.07	29.0	145.0	0.0
66819	163	0	5	0.4	100.4	502.0	0.3333333333333333
66820	40	0	5	0.0925	38.0	190.0	0.0
66821	322	0	5	0.7975	144.2	721.0	0.3333333333333333
66822	140	0	5	0.3425	106.8	534.0	0.6666666666666666
66823	256	0	5	0.6325	226.6	1133.0	0.6666666666666666
66824	368	0	5	0.9125	296.4	1482.0	0.3333333333333333
66825	151	0	5	0.37	140.6	703.0	0.0
66826	312	0	5	0.7725	150.0	750.0	0.3333333333333333
66827	362	0	5	0.8975	230.2	1151.0	0.6666666666666666
66828	215	0	5	0.53	185.4	927.0	0.3333333333333333
66829	382	1	4	0.9525	212.6	1063.0	1.0
66830	135	0	5	0.33	71.2	356.0	0.6666666666666666
66831	216	0	5	0.5325	128.0	640.0	0.6666666666666666
66832	302	0	5	0.7475	131.4	657.0	0.6666666666666666
66833	241	0	5	0.595	101.2	506.0	0.6666666666666666
66834	248	0	5	0.6125	149.6	748.0	0.3333333333333333
66835	197	1	4	0.49	159.6	798.0	1.0
66836	229	0	5	0.565	176.0	880.0	0.0
66837	267	0	5	0.66	218.0	1090.0	0.6666666666666666
66838	126	0	5	0.3075	124.0	620.0	0.0
66839	18	0	5	0.0375	16.0	80.0	0.0
66840	178	0	5	0.4375	86.0	430.0	0.3333333333333333
66841	80	0	5	0.1925	78.0	390.0	0.0
66842	381	0	5	0.945	162.6	813.0	0.6666666666666666
66843	77	0	5	0.185	46.2	231.0	0.0
66844	73	0	5	0.175	71.0	355.0	0.0
66845	35	0	5	0.08	33.0	165.0	0.0
66846	211	0	5	0.52	162.6	813.0	0.3333333333333333
66847	354	0	5	0.8775	118.0	590.0	0.6666666666666666
66848	213	0	5	0.525	211.0	1055.0	0.0
66849	160	0	5	0.3925	108.8	544.0	0.6666666666666666
66850	352	0	5	0.8725	265.8	1329.0	0.3333333333333333
66851	313	1	4	0.78	120.4	602.0	1.0
66852	373	0	5	0.925	204.2	1021.0	0.6666666666666666
66853	285	0	5	0.705	163.8	819.0	0.0
66854	399	0	5	0.99	283.4	1417.0	0.6666666666666666
66855	140	0	5	0.3425	112.2	561.0	0.3333333333333333
66856	330	0	5	0.8175	238.6	1193.0	0.3333333333333333
66857	371	0	5	0.92	112.2	561.0	0.6666666666666666
66858	223	0	5	0.55	99.8	499.0	0.3333333333333333
66859	319	0	5	0.79	117.8	589.0	0.3333333333333333
66860	180	0	5	0.4425	148.2	741.0	0.0
66861	164	0	5	0.4025	126.2	631.0	0.3333333333333333
66862	325	0	5	0.805	202.4	1012.0	0.6666666666666666
66863	174	0	5	0.4275	122.2	611.0	0.6666666666666666
66864	108	0	5	0.2625	40.2	201.0	0.3333333333333333
66865	108	0	5	0.2625	59.6	298.0	0.3333333333333333
66866	164	0	5	0.4025	101.2	506.0	0.6666666666666666
66867	398	0	5	0.9875	274.6	1373.0	0.6666666666666666
66868	207	0	5	0.51	205.0	1025.0	0.0
66869	377	0	5	0.935	221.0	1105.0	0.6666666666666666
66870	122	0	5	0.2975	102.0	510.0	0.3333333333333333
66871	73	0	5	0.175	34.4	172.0	0.3333333333333333
66872	76	0	5	0.1825	32.0	160.0	0.0
66873	204	0	5	0.5025	145.8	729.0	0.3333333333333333
66874	34	0	5	0.0775	17.0	85.0	0.0
66875	83	0	5	0.2	80.6	403.0	0.0
66876	92	0	5	0.2225	90.0	450.0	0.0
66877	207	0	5	0.51	118.6	593.0	0.6666666666666666
66878	200	0	5	0.4925	179.0	895.0	0.0
66879	47	0	5	0.11	25.8	129.0	0.3333333333333333
66880	162	0	5	0.3975	98.0	490.0	0.3333333333333333
66881	58	0	5	0.1375	46.6	233.0	0.3333333333333333
66882	278	0	5	0.6875	237.6	1188.0	0.3333333333333333
66883	243	0	5	0.6	175.4	877.0	0.3333333333333333
66884	253	1	4	0.63	118.8	594.0	1.0
66885	125	0	5	0.305	46.2	231.0	0.0
66886	396	0	5	0.9825	176.4	882.0	0.6666666666666666
66887	381	0	5	0.945	199.0	995.0	0.6666666666666666
66888	261	0	5	0.645	246.6	1233.0	0.0
66889	280	0	5	0.6925	253.2	1266.0	0.6666666666666666
66890	389	0	5	0.965	137.4	687.0	0.6666666666666666
66891	292	0	5	0.7225	191.8	959.0	0.6666666666666666
66892	37	0	5	0.085	35.0	175.0	0.0
66893	247	0	5	0.61	208.0	1040.0	0.0
66894	264	0	5	0.6525	165.8	829.0	0.6666666666666666
66895	30	0	5	0.0675	28.0	140.0	0.0
66896	193	0	5	0.475	183.0	915.0	0.0
66897	288	1	4	0.7175	234.0	1170.0	1.0
66898	335	1	4	0.835	201.4	1007.0	1.0
66899	101	0	5	0.245	67.6	338.0	0.3333333333333333
66900	110	0	5	0.2675	79.2	396.0	0.3333333333333333
66901	204	1	4	0.5075	77.0	385.0	1.0
66902	248	0	5	0.6125	237.4	1187.0	0.3333333333333333
66903	276	0	5	0.6825	160.0	800.0	0.6666666666666666
66904	345	0	5	0.855	157.4	787.0	0.6666666666666666
66905	152	1	4	0.3775	95.4	477.0	1.0
66906	259	0	5	0.64	221.2	1106.0	0.6666666666666666
66907	215	0	5	0.53	189.8	949.0	0.3333333333333333
66908	231	0	5	0.57	221.4	1107.0	0.3333333333333333
66909	376	0	5	0.9325	160.6	803.0	0.6666666666666666
66910	131	0	5	0.32	88.2	441.0	0.3333333333333333
66911	119	0	5	0.29	81.0	405.0	0.0
66912	189	0	5	0.465	155.8	779.0	0.3333333333333333
66913	360	1	4	0.8975	289.0	1445.0	1.0
66914	100	0	5	0.2425	98.0	490.0	0.0
66915	369	0	5	0.915	283.4	1417.0	0.3333333333333333
66916	263	1	4	0.655	247.4	1237.0	1.0
66917	363	1	4	0.905	96.2	481.0	1.0
66918	384	0	5	0.9525	180.2	901.0	0.6666666666666666
66919	66	0	5	0.1575	64.0	320.0	0.0
66920	338	0	5	0.8375	142.8	714.0	0.6666666666666666
66921	290	0	5	0.7175	131.0	655.0	0.6666666666666666
66922	318	0	5	0.7875	257.8	1289.0	0.3333333333333333
66923	318	0	5	0.7875	160.0	800.0	0.3333333333333333
66924	9	0	5	0.015	7.0	35.0	0.0
66925	165	0	5	0.405	72.8	364.0	0.6666666666666666
66926	13	0	5	0.025	11.0	55.0	0.0
66927	124	0	5	0.3025	122.0	610.0	0.0
66928	192	0	5	0.4725	54.8	274.0	0.3333333333333333
66929	248	0	5	0.6125	60.4	302.0	0.3333333333333333
66930	293	0	5	0.725	176.2	881.0	0.3333333333333333
66931	269	0	5	0.665	219.0	1095.0	0.3333333333333333
66932	111	0	5	0.27	109.0	545.0	0.0
66933	375	1	4	0.935	281.8	1409.0	1.0
66934	114	0	5	0.2775	100.6	503.0	0.3333333333333333
66935	340	0	5	0.8425	68.0	340.0	0.6666666666666666
66936	150	0	5	0.3675	45.6	228.0	0.6666666666666666
66937	371	0	5	0.92	310.2	1551.0	0.6666666666666666
66938	152	0	5	0.3725	135.6	678.0	0.3333333333333333
66939	289	0	5	0.715	130.4	652.0	0.3333333333333333
66940	270	0	5	0.6675	194.4	972.0	0.6666666666666666
66941	308	0	5	0.7625	207.6	1038.0	0.6666666666666666
66942	357	0	5	0.885	152.6	763.0	0.6666666666666666
66943	351	1	4	0.875	98.2	491.0	1.0
66944	399	0	5	0.99	170.0	850.0	0.6666666666666666
66945	262	0	5	0.6475	130.8	654.0	0.6666666666666666
66946	195	0	5	0.48	67.8	339.0	0.3333333333333333
66947	88	0	5	0.2125	36.8	184.0	0.3333333333333333
66948	386	0	5	0.9575	136.2	681.0	0.6666666666666666
66949	31	0	5	0.07	21.2	106.0	0.0
66950	129	0	5	0.315	52.8	264.0	0.6666666666666666
66951	130	1	4	0.3225	95.6	478.0	1.0
66952	245	0	5	0.605	124.8	624.0	0.6666666666666666
66953	380	0	5	0.9425	139.2	696.0	0.3333333333333333
66954	8	0	5	0.0125	6.0	30.0	0.0
66955	229	0	5	0.565	140.6	703.0	0.3333333333333333
66956	350	1	4	0.8725	153.6	768.0	1.0
66957	284	0	5	0.7025	106.0	530.0	0.3333333333333333
66958	19	0	5	0.04	17.0	85.0	0.0
66959	247	0	5	0.61	177.8	889.0	0.6666666666666666
66960	29	0	5	0.065	13.4	67.0	0.0
66961	72	0	5	0.1725	70.0	350.0	0.0
66962	31	0	5	0.07	29.0	145.0	0.0
66963	19	0	5	0.04	12.2	61.0	0.0
66964	22	0	5	0.0475	20.0	100.0	0.0
66965	130	0	5	0.3175	128.0	640.0	0.0
66966	303	0	5	0.75	301.0	1505.0	0.3333333333333333
66967	347	0	5	0.86	163.8	819.0	0.6666666666666666
66968	37	0	5	0.085	35.0	175.0	0.0
66969	358	0	5	0.8875	192.8	964.0	0.3333333333333333
66970	257	1	4	0.64	97.8	489.0	1.0
66971	363	0	5	0.9	352.8	1764.0	0.3333333333333333
66972	205	0	5	0.505	201.2	1006.0	0.0
66973	57	0	5	0.135	53.4	267.0	0.3333333333333333
66974	287	0	5	0.71	87.0	435.0	0.3333333333333333
66975	280	1	4	0.6975	144.8	724.0	1.0
66976	189	0	5	0.465	99.8	499.0	0.3333333333333333
66977	291	0	5	0.72	161.8	809.0	0.6666666666666666
66978	144	1	4	0.3575	102.8	514.0	1.0
66979	34	0	5	0.0775	27.6	138.0	0.3333333333333333
66980	368	1	4	0.9175	172.0	860.0	1.0
66981	251	0	5	0.62	185.8	929.0	0.0
66982	117	0	5	0.285	71.0	355.0	0.3333333333333333
66983	159	0	5	0.39	115.0	575.0	0.0
66984	183	0	5	0.45	149.8	749.0	0.6666666666666666
66985	215	1	4	0.535	122.6	613.0	1.0
66986	162	0	5	0.3975	64.4	322.0	0.0
66987	111	0	5	0.27	70.4	352.0	0.3333333333333333
66988	62	0	5	0.1475	48.4	242.0	0.0
66989	63	0	5	0.15	54.4	272.0	0.6666666666666666
66990	377	0	5	0.935	323.0	1615.0	0.6666666666666666
66991	22	0	5	0.0475	20.0	100.0	0.0
66992	142	0	5	0.3475	70.8	354.0	0.3333333333333333
66993	260	0	5	0.6425	118.8	594.0	0.3333333333333333
66994	257	0	5	0.635	97.4	487.0	0.6666666666666666
66995	17	0	5	0.035	10.6	53.0	0.3333333333333333
66996	230	0	5	0.5675	187.6	938.0	0.3333333333333333
66997	117	0	5	0.285	102.2	511.0	0.3333333333333333
66998	75	0	5	0.18	73.0	365.0	0.0
66999	389	0	5	0.965	291.0	1455.0	0.6666666666666666
67000	142	0	5	0.3475	122.6	613.0	0.3333333333333333
67001	149	0	5	0.365	62.4	312.0	0.3333333333333333
67002	138	0	5	0.3375	83.0	415.0	0.6666666666666666
67003	349	1	4	0.87	75.4	377.0	1.0
67004	228	0	5	0.5625	114.0	570.0	0.6666666666666666
67005	122	0	5	0.2975	86.4	432.0	0.0
67006	171	1	4	0.425	126.4	632.0	1.0
67007	30	0	5	0.0675	22.4	112.0	0.3333333333333333
67008	228	0	5	0.5625	192.4	962.0	0.6666666666666666
67009	262	0	5	0.6475	166.4	832.0	0.3333333333333333
67010	374	1	4	0.9325	102.8	514.0	1.0
67011	269	0	5	0.665	219.0	1095.0	0.3333333333333333
67012	29	0	5	0.065	27.0	135.0	0.0
67013	329	0	5	0.815	162.2	811.0	0.6666666666666666
67014	298	0	5	0.7375	203.0	1015.0	0.3333333333333333
67015	349	0	5	0.865	178.4	892.0	0.3333333333333333
67016	108	0	5	0.2625	53.2	266.0	0.6666666666666666
67017	323	0	5	0.8	221.8	1109.0	0.6666666666666666
67018	325	0	5	0.805	162.2	811.0	0.3333333333333333
67019	42	0	5	0.0975	40.0	200.0	0.0
67020	24	0	5	0.0525	22.0	110.0	0.0
67021	287	0	5	0.71	157.4	787.0	0.3333333333333333
67022	162	0	5	0.3975	91.6	458.0	0.3333333333333333
67023	309	1	4	0.77	184.4	922.0	1.0
67024	325	0	5	0.805	84.6	423.0	0.6666666666666666
67025	225	0	5	0.555	144.4	722.0	0.3333333333333333
67026	308	1	4	0.7675	200.4	1002.0	1.0
67027	100	0	5	0.2425	69.8	349.0	0.3333333333333333
67028	82	0	5	0.1975	80.0	400.0	0.3333333333333333
67029	138	0	5	0.3375	116.2	581.0	0.0
67030	400	0	5	0.9925	306.2	1531.0	0.6666666666666666
67031	341	0	5	0.845	297.4	1487.0	0.6666666666666666
67032	16	0	5	0.0325	14.0	70.0	0.0
67033	294	0	5	0.7275	152.8	764.0	0.3333333333333333
67034	250	0	5	0.6175	193.2	966.0	0.6666666666666666
67035	81	0	5	0.195	79.0	395.0	0.0
67036	391	0	5	0.97	172.4	862.0	0.6666666666666666
67037	319	0	5	0.79	158.0	790.0	0.6666666666666666
67038	382	0	5	0.9475	277.6	1388.0	0.6666666666666666
67039	68	0	5	0.1625	55.0	275.0	0.6666666666666666
67040	276	0	5	0.6825	86.8	434.0	0.6666666666666666
67041	52	0	5	0.1225	50.0	250.0	0.0
67042	34	0	5	0.0775	32.0	160.0	0.0
67043	243	0	5	0.6	182.8	914.0	0.6666666666666666
67044	152	0	5	0.3725	144.6	723.0	0.3333333333333333
67045	221	0	5	0.545	128.8	644.0	0.3333333333333333
67046	233	0	5	0.575	107.8	539.0	0.3333333333333333
67047	267	0	5	0.66	148.2	741.0	0.3333333333333333
67048	170	1	4	0.4225	133.8	669.0	1.0
67049	357	0	5	0.885	234.0	1170.0	0.6666666666666666
67050	165	0	5	0.405	91.8	459.0	0.3333333333333333
67051	354	1	4	0.8825	110.8	554.0	1.0
67052	307	0	5	0.76	242.4	1212.0	0.0
67053	330	0	5	0.8175	290.8	1454.0	0.3333333333333333
67054	56	0	5	0.1325	54.0	270.0	0.0
67055	183	0	5	0.45	116.8	584.0	0.0
67056	141	0	5	0.345	112.2	561.0	0.3333333333333333
67057	133	0	5	0.325	53.4	267.0	0.3333333333333333
67058	17	0	5	0.035	10.6	53.0	0.3333333333333333
67059	49	0	5	0.115	47.0	235.0	0.0
67060	338	0	5	0.8375	259.2	1296.0	0.3333333333333333
67061	391	1	4	0.975	136.8	684.0	1.0
67062	127	0	5	0.31	125.0	625.0	0.0
67063	182	0	5	0.4475	96.2	481.0	0.3333333333333333
67064	310	0	5	0.7675	162.0	810.0	0.3333333333333333
67065	328	0	5	0.8125	172.4	862.0	0.3333333333333333
67066	18	0	5	0.0375	16.0	80.0	0.0
67067	103	0	5	0.25	77.0	385.0	0.0
67068	40	0	5	0.0925	9.2	46.0	0.3333333333333333
67069	67	0	5	0.16	36.8	184.0	0.0
67070	228	0	5	0.5625	119.2	596.0	0.3333333333333333
67071	327	0	5	0.81	215.8	1079.0	0.6666666666666666
67072	97	0	5	0.235	79.8	399.0	0.0
67073	401	0	3	0.9975	352.2	1761.0	0.6666666666666666
67074	390	0	5	0.9675	178.0	890.0	0.6666666666666666
67075	182	0	5	0.4475	137.2	686.0	0.6666666666666666
67076	373	1	4	0.93	85.8	429.0	1.0
67077	69	0	5	0.165	67.0	335.0	0.0
67078	270	0	5	0.6675	134.0	670.0	0.6666666666666666
67079	378	0	5	0.9375	162.4	812.0	0.6666666666666666
67080	139	0	5	0.34	58.4	292.0	0.3333333333333333
67081	244	0	5	0.6025	178.0	890.0	0.6666666666666666
67082	323	1	4	0.805	231.2	1156.0	1.0
67083	216	0	5	0.5325	157.2	786.0	0.3333333333333333
67084	127	0	5	0.31	105.4	527.0	0.3333333333333333
67085	266	0	5	0.6575	143.6	718.0	0.6666666666666666
67086	127	0	5	0.31	81.6	408.0	0.3333333333333333
67087	354	0	5	0.8775	304.4	1522.0	0.6666666666666666
67088	315	0	5	0.78	235.0	1175.0	0.3333333333333333
67089	53	0	5	0.125	51.0	255.0	0.0
67090	247	1	4	0.615	185.0	925.0	1.0
67091	281	0	5	0.695	203.8	1019.0	0.3333333333333333
67092	210	0	5	0.5175	115.4	577.0	0.3333333333333333
67093	191	0	5	0.47	110.6	553.0	0.0
67094	69	0	5	0.165	67.0	335.0	0.0
67095	206	0	5	0.5075	124.4	622.0	0.3333333333333333
67096	152	0	5	0.3725	134.4	672.0	0.3333333333333333
67097	138	0	5	0.3375	38.0	190.0	0.3333333333333333
67098	281	0	5	0.695	165.4	827.0	0.6666666666666666
67099	156	0	5	0.3825	58.0	290.0	0.3333333333333333
67100	237	0	5	0.585	151.2	756.0	0.3333333333333333
67101	135	0	5	0.33	105.8	529.0	0.3333333333333333
67102	195	0	5	0.48	71.6	358.0	0.3333333333333333
67103	262	0	5	0.6475	166.2	831.0	0.3333333333333333
67104	216	0	5	0.5325	45.2	226.0	0.3333333333333333
67105	283	0	5	0.7	102.0	510.0	0.3333333333333333
67106	325	1	4	0.81	198.2	991.0	1.0
67107	255	0	5	0.63	172.6	863.0	0.3333333333333333
67108	345	1	4	0.86	125.4	627.0	1.0
67109	52	0	5	0.1225	50.0	250.0	0.0
67110	245	0	5	0.605	126.6	633.0	0.3333333333333333
67111	315	0	5	0.78	142.6	713.0	0.6666666666666666
67112	3	0	5	0.0025	0.2	1.0	0.3333333333333333
67113	235	1	4	0.585	198.6	993.0	1.0
67114	365	1	4	0.91	104.8	524.0	1.0
67115	223	0	5	0.55	92.0	460.0	0.3333333333333333
67116	226	0	5	0.5575	209.0	1045.0	0.3333333333333333
67117	318	0	5	0.7875	201.2	1006.0	0.0
67118	166	0	5	0.4075	126.8	634.0	0.3333333333333333
67119	350	0	5	0.8675	100.6	503.0	0.6666666666666666
67120	382	0	5	0.9475	159.6	798.0	0.6666666666666666
67121	308	0	5	0.7625	172.0	860.0	0.0
67122	226	0	5	0.5575	139.4	697.0	0.6666666666666666
67123	288	0	5	0.7125	182.6	913.0	0.6666666666666666
67124	248	0	5	0.6125	149.0	745.0	0.3333333333333333
67125	140	0	5	0.3425	127.4	637.0	0.0
67126	186	0	5	0.4575	87.4	437.0	0.6666666666666666
67127	203	0	5	0.5	201.0	1005.0	0.0
67128	138	0	5	0.3375	83.2	416.0	0.3333333333333333
67129	279	0	5	0.69	177.4	887.0	0.6666666666666666
67130	157	0	5	0.385	135.8	679.0	0.0
67131	129	0	5	0.315	63.8	319.0	0.0
67132	130	1	4	0.3225	54.0	270.0	1.0
67133	177	0	5	0.435	97.4	487.0	0.6666666666666666
67134	102	0	5	0.2475	100.0	500.0	0.0
67135	335	0	5	0.83	85.8	429.0	0.3333333333333333
67136	27	0	5	0.06	25.0	125.0	0.0
67137	340	1	4	0.8475	183.6	918.0	1.0
67138	320	0	5	0.7925	267.4	1337.0	0.3333333333333333
67139	310	1	4	0.7725	236.0	1180.0	1.0
67140	278	0	5	0.6875	117.6	588.0	0.6666666666666666
67141	240	0	5	0.5925	98.0	490.0	0.6666666666666666
67142	146	0	5	0.3575	116.4	582.0	0.3333333333333333
67143	156	0	5	0.3825	103.2	516.0	0.0
67144	170	0	5	0.4175	94.4	472.0	0.6666666666666666
67145	92	0	5	0.2225	90.0	450.0	0.0
67146	337	0	5	0.835	301.8	1509.0	0.3333333333333333
67147	216	0	5	0.5325	157.6	788.0	0.3333333333333333
67148	222	0	5	0.5475	97.0	485.0	0.3333333333333333
67149	347	0	5	0.86	279.6	1398.0	0.6666666666666666
67150	97	0	5	0.235	62.6	313.0	0.3333333333333333
67151	192	0	5	0.4725	120.2	601.0	0.0
67152	318	0	5	0.7875	188.8	944.0	0.6666666666666666
67153	91	0	5	0.22	55.4	277.0	0.3333333333333333
67154	155	0	5	0.38	136.4	682.0	0.0
67155	65	0	5	0.155	52.2	261.0	0.0
67156	88	0	5	0.2125	86.0	430.0	0.0
67157	34	0	5	0.0775	32.0	160.0	0.0
67158	176	0	5	0.4325	140.8	704.0	0.3333333333333333
67159	175	0	5	0.43	163.8	819.0	0.3333333333333333
67160	175	0	5	0.43	75.8	379.0	0.6666666666666666
67161	231	0	5	0.57	216.4	1082.0	0.0
67162	270	1	4	0.6725	172.2	861.0	1.0
67163	252	1	4	0.6275	136.4	682.0	1.0
67164	153	0	5	0.375	151.0	755.0	0.0
67165	247	0	5	0.61	176.2	881.0	0.0
67166	254	0	5	0.6275	118.2	591.0	0.6666666666666666
67167	333	1	4	0.83	209.0	1045.0	1.0
67168	203	0	5	0.5	155.8	779.0	0.0
67169	91	0	5	0.22	89.0	445.0	0.0
67170	317	0	5	0.785	127.8	639.0	0.6666666666666666
67171	313	0	5	0.775	114.6	573.0	0.6666666666666666
67172	45	0	5	0.105	43.0	215.0	0.0
67173	133	0	5	0.325	28.4	142.0	0.6666666666666666
67174	213	0	5	0.525	128.2	641.0	0.0
67175	339	0	5	0.84	247.6	1238.0	0.3333333333333333
67176	75	0	5	0.18	73.0	365.0	0.0
67177	39	0	5	0.09	23.8	119.0	0.3333333333333333
67178	345	0	5	0.855	218.2	1091.0	0.6666666666666666
67179	158	1	4	0.3925	121.0	605.0	1.0
67180	170	0	5	0.4175	102.0	510.0	0.3333333333333333
67181	71	0	5	0.17	56.2	281.0	0.0
67182	305	0	5	0.755	196.6	983.0	0.0
67183	100	0	5	0.2425	67.4	337.0	0.3333333333333333
67184	175	0	5	0.43	120.8	604.0	0.6666666666666666
67185	55	0	5	0.13	53.0	265.0	0.0
67186	401	0	5	0.995	108.6	543.0	0.6666666666666666
67187	78	0	5	0.1875	63.6	318.0	0.0
67188	266	0	5	0.6575	155.2	776.0	0.3333333333333333
67189	278	0	5	0.6875	138.4	692.0	0.0
67190	146	0	5	0.3575	80.8	404.0	0.3333333333333333
67191	395	0	5	0.98	214.0	1070.0	0.6666666666666666
67192	208	0	5	0.5125	197.8	989.0	0.3333333333333333
67193	279	1	4	0.695	59.8	299.0	1.0
67194	237	0	5	0.585	71.0	355.0	0.6666666666666666
67195	228	0	5	0.5625	138.4	692.0	0.3333333333333333
67196	254	0	5	0.6275	131.2	656.0	0.3333333333333333
67197	64	0	5	0.1525	24.4	122.0	0.6666666666666666
67198	167	0	5	0.41	83.0	415.0	0.3333333333333333
67199	242	0	5	0.5975	84.0	420.0	0.3333333333333333
67200	378	0	5	0.9375	201.4	1007.0	0.6666666666666666
67201	277	0	5	0.685	141.8	709.0	0.6666666666666666
67202	399	0	5	0.99	281.0	1405.0	0.3333333333333333
67203	244	0	5	0.6025	193.2	966.0	0.3333333333333333
67204	121	0	5	0.295	81.4	407.0	0.3333333333333333
67205	244	1	4	0.6075	87.6	438.0	1.0
67206	281	1	4	0.7	182.6	913.0	1.0
67207	49	0	5	0.115	40.8	204.0	0.3333333333333333
67208	127	0	5	0.31	106.0	530.0	0.6666666666666666
67209	342	1	4	0.8525	219.4	1097.0	1.0
67210	267	0	5	0.66	220.2	1101.0	0.3333333333333333
67211	366	0	5	0.9075	280.8	1404.0	0.6666666666666666
67212	218	0	5	0.5375	97.2	486.0	0.3333333333333333
67213	385	0	5	0.955	163.6	818.0	0.6666666666666666
67214	372	0	5	0.9225	271.4	1357.0	0.6666666666666666
67215	322	0	5	0.7975	262.8	1314.0	0.6666666666666666
67216	247	0	5	0.61	115.0	575.0	0.3333333333333333
67217	84	0	5	0.2025	44.2	221.0	0.3333333333333333
67218	290	0	5	0.7175	120.0	600.0	0.3333333333333333
67219	399	1	4	0.995	276.2	1381.0	1.0
67220	132	0	5	0.3225	116.8	584.0	0.3333333333333333
67221	146	1	4	0.3625	95.4	477.0	1.0
67222	293	0	5	0.725	123.2	616.0	0.6666666666666666
67223	286	1	4	0.7125	66.6	333.0	1.0
67224	244	0	5	0.6025	80.8	404.0	0.6666666666666666
67225	378	0	5	0.9375	197.2	986.0	0.6666666666666666
67226	351	1	4	0.875	100.6	503.0	1.0
67227	219	0	5	0.54	79.4	397.0	0.3333333333333333
67228	19	0	5	0.04	17.0	85.0	0.0
67229	143	0	5	0.35	79.4	397.0	0.3333333333333333
67230	232	0	5	0.5725	66.0	330.0	0.6666666666666666
67231	304	0	5	0.7525	242.6	1213.0	0.3333333333333333
67232	209	0	5	0.515	107.0	535.0	0.3333333333333333
67233	320	0	5	0.7925	113.2	566.0	0.3333333333333333
67234	207	0	5	0.51	87.4	437.0	0.3333333333333333
67235	312	0	5	0.7725	198.4	992.0	0.6666666666666666
67236	240	0	5	0.5925	210.0	1050.0	0.3333333333333333
67237	160	0	5	0.3925	119.0	595.0	0.0
67238	393	0	5	0.975	166.0	830.0	0.6666666666666666
67239	22	0	5	0.0475	20.0	100.0	0.0
67240	367	0	5	0.91	155.6	778.0	0.6666666666666666
67241	95	0	5	0.23	67.2	336.0	0.0
67242	164	0	5	0.4025	122.0	610.0	0.3333333333333333
67243	92	0	5	0.2225	41.4	207.0	0.0
67244	363	1	4	0.905	329.6	1648.0	1.0
67245	233	0	5	0.575	199.8	999.0	0.3333333333333333
67246	266	0	5	0.6575	60.0	300.0	0.6666666666666666
67247	318	0	5	0.7875	128.0	640.0	0.6666666666666666
67248	233	0	5	0.575	126.6	633.0	0.6666666666666666
67249	274	0	5	0.6775	164.0	820.0	0.6666666666666666
67250	242	0	5	0.5975	157.2	786.0	0.3333333333333333
67251	146	0	5	0.3575	57.6	288.0	0.3333333333333333
67252	263	0	5	0.65	98.6	493.0	0.6666666666666666
67253	293	0	5	0.725	145.6	728.0	0.6666666666666666
67254	206	1	4	0.5125	180.2	901.0	1.0
67255	277	0	5	0.685	77.0	385.0	0.6666666666666666
67256	335	0	5	0.83	317.0	1585.0	0.6666666666666666
67257	52	0	5	0.1225	50.0	250.0	0.0
67258	125	0	5	0.305	89.4	447.0	0.3333333333333333
67259	102	0	5	0.2475	100.0	500.0	0.0
67260	45	0	5	0.105	43.0	215.0	0.0
67261	227	0	5	0.56	97.8	489.0	0.3333333333333333
67262	278	0	5	0.6875	146.4	732.0	0.6666666666666666
67263	97	0	5	0.235	95.0	475.0	0.0
67264	307	1	4	0.765	108.6	543.0	1.0
67265	235	0	5	0.58	143.2	716.0	0.6666666666666666
67266	208	0	5	0.5125	90.2	451.0	0.3333333333333333
67267	180	0	5	0.4425	150.4	752.0	0.0
67268	63	0	5	0.15	61.0	305.0	0.0
67269	143	0	5	0.35	117.2	586.0	0.0
67270	123	0	5	0.3	78.8	394.0	0.3333333333333333
67271	225	0	5	0.555	222.6	1113.0	0.3333333333333333
67272	344	0	5	0.8525	238.4	1192.0	0.0
67273	57	0	5	0.135	40.6	203.0	0.0
67274	46	0	5	0.1075	44.0	220.0	0.0
67275	50	0	5	0.1175	48.0	240.0	0.0
67276	101	0	5	0.245	89.0	445.0	0.0
67277	72	0	5	0.1725	44.8	224.0	0.3333333333333333
67278	168	0	5	0.4125	137.8	689.0	0.3333333333333333
67279	34	0	5	0.0775	32.0	160.0	0.0
67280	111	0	5	0.27	86.2	431.0	0.3333333333333333
67281	117	0	5	0.285	67.8	339.0	0.3333333333333333
67282	171	0	5	0.42	147.4	737.0	0.3333333333333333
67283	339	0	5	0.84	195.6	978.0	0.6666666666666666
67284	361	0	5	0.895	99.8	499.0	0.0
67285	276	0	5	0.6825	274.0	1370.0	0.0
67286	260	0	5	0.6425	146.2	731.0	0.6666666666666666
67287	27	0	5	0.06	25.0	125.0	0.0
67288	197	0	5	0.485	144.2	721.0	0.0
67289	301	1	4	0.75	184.6	923.0	1.0
67290	112	0	5	0.2725	82.0	410.0	0.3333333333333333
67291	177	0	5	0.435	117.2	586.0	0.3333333333333333
67292	159	0	5	0.39	123.0	615.0	0.3333333333333333
67293	110	0	5	0.2675	72.0	360.0	0.3333333333333333
67294	230	0	5	0.5675	196.2	981.0	0.6666666666666666
67295	63	0	5	0.15	61.0	305.0	0.0
67296	177	0	5	0.435	175.0	875.0	0.0
67297	283	0	5	0.7	275.4	1377.0	0.3333333333333333
67298	125	0	5	0.305	97.6	488.0	0.3333333333333333
67299	195	1	4	0.485	162.8	814.0	1.0
67300	390	1	4	0.9725	140.6	703.0	1.0
67301	10	0	5	0.0175	6.8	34.0	0.0
67302	272	0	5	0.6725	94.8	474.0	0.3333333333333333
67303	162	0	5	0.3975	108.6	543.0	0.3333333333333333
67304	111	0	5	0.27	91.6	458.0	0.3333333333333333
67305	194	0	5	0.4775	125.4	627.0	0.3333333333333333
67306	350	0	5	0.8675	252.0	1260.0	0.3333333333333333
67307	233	0	5	0.575	159.2	796.0	0.3333333333333333
67308	219	0	5	0.54	145.8	729.0	0.3333333333333333
67309	281	0	5	0.695	178.8	894.0	0.3333333333333333
67310	344	0	5	0.8525	232.8	1164.0	0.6666666666666666
67311	121	0	5	0.295	99.8	499.0	0.3333333333333333
67312	267	1	4	0.665	163.4	817.0	1.0
67313	201	0	5	0.495	180.8	904.0	0.3333333333333333
67314	343	1	4	0.855	242.2	1211.0	1.0
67315	335	0	5	0.83	173.8	869.0	0.3333333333333333
67316	155	0	5	0.38	54.6	273.0	0.3333333333333333
67317	278	0	5	0.6875	212.4	1062.0	0.6666666666666666
67318	232	0	5	0.5725	152.8	764.0	0.0
67319	228	0	5	0.5625	96.8	484.0	0.6666666666666666
67320	23	0	5	0.05	21.0	105.0	0.0
67321	177	0	5	0.435	169.4	847.0	0.3333333333333333
67322	296	0	5	0.7325	78.6	393.0	0.3333333333333333
67323	317	0	5	0.785	254.6	1273.0	0.3333333333333333
67324	390	1	4	0.9725	141.0	705.0	1.0
67325	290	0	5	0.7175	97.6	488.0	0.3333333333333333
67326	165	0	5	0.405	95.4	477.0	0.3333333333333333
67327	265	0	5	0.655	141.2	706.0	0.6666666666666666
67328	360	0	5	0.8925	209.6	1048.0	0.6666666666666666
67329	185	0	5	0.455	183.0	915.0	0.0
67330	375	0	5	0.93	280.4	1402.0	0.6666666666666666
67331	401	0	5	0.995	333.8	1669.0	0.6666666666666666
67332	378	1	4	0.9425	353.0	1765.0	1.0
67333	104	0	5	0.2525	91.2	456.0	0.3333333333333333
67334	242	0	5	0.5975	98.4	492.0	0.6666666666666666
67335	145	0	5	0.355	143.0	715.0	0.0
67336	58	0	5	0.1375	56.0	280.0	0.0
67337	350	0	5	0.8675	260.4	1302.0	0.6666666666666666
67338	36	0	5	0.0825	34.0	170.0	0.0
67339	180	0	5	0.4425	161.6	808.0	0.3333333333333333
67340	168	0	5	0.4125	92.2	461.0	0.3333333333333333
67341	43	0	5	0.1	17.0	85.0	0.3333333333333333
67342	15	0	5	0.03	13.0	65.0	0.0
67343	17	0	5	0.035	15.0	75.0	0.0
67344	313	0	5	0.775	191.0	955.0	0.6666666666666666
67345	30	0	5	0.0675	24.4	122.0	0.3333333333333333
67346	49	0	5	0.115	45.2	226.0	0.0
67347	62	0	5	0.1475	50.0	250.0	0.3333333333333333
67348	309	0	5	0.765	99.0	495.0	0.3333333333333333
67349	30	1	4	0.0725	18.8	94.0	1.0
67350	371	1	4	0.925	226.4	1132.0	1.0
67351	326	0	5	0.8075	251.6	1258.0	0.6666666666666666
67352	176	0	5	0.4325	111.8	559.0	0.6666666666666666
67353	203	0	5	0.5	135.6	678.0	0.6666666666666666
67354	187	0	5	0.46	163.8	819.0	0.3333333333333333
67355	401	0	4	0.9975	203.4	1017.0	0.6666666666666666
67356	228	0	5	0.5625	134.4	672.0	0.6666666666666666
67357	370	0	5	0.9175	195.0	975.0	0.3333333333333333
67358	307	1	4	0.765	136.0	680.0	1.0
67359	102	0	5	0.2475	74.2	371.0	0.3333333333333333
67360	370	0	5	0.9175	282.0	1410.0	0.6666666666666666
67361	14	0	5	0.0275	12.0	60.0	0.0
67362	38	0	5	0.0875	36.0	180.0	0.0
67363	16	0	5	0.0325	14.0	70.0	0.0
67364	285	0	5	0.705	70.2	351.0	0.6666666666666666
67365	63	0	5	0.15	25.0	125.0	0.6666666666666666
67366	325	0	5	0.805	145.8	729.0	0.0
67367	30	0	5	0.0675	22.6	113.0	0.3333333333333333
67368	93	0	5	0.225	31.0	155.0	0.0
67369	150	0	5	0.3675	136.0	680.0	0.3333333333333333
67370	51	0	5	0.12	49.0	245.0	0.0
67371	355	0	5	0.88	307.6	1538.0	0.3333333333333333
67372	262	0	5	0.6475	192.6	963.0	0.3333333333333333
67373	327	0	5	0.81	265.6	1328.0	0.6666666666666666
67374	130	0	5	0.3175	62.6	313.0	0.6666666666666666
67375	171	0	5	0.42	114.4	572.0	0.3333333333333333
67376	390	0	5	0.9675	295.0	1475.0	0.6666666666666666
67377	254	0	5	0.6275	197.2	986.0	0.6666666666666666
67378	259	0	5	0.64	234.8	1174.0	0.3333333333333333
67379	109	0	5	0.265	107.0	535.0	0.0
67380	365	0	5	0.905	276.6	1383.0	0.6666666666666666
67381	56	0	5	0.1325	22.8	114.0	0.0
67382	368	0	5	0.9125	225.2	1126.0	0.6666666666666666
67383	315	0	5	0.78	253.0	1265.0	0.6666666666666666
67384	176	0	5	0.4325	171.0	855.0	0.3333333333333333
67385	168	0	5	0.4125	124.2	621.0	0.3333333333333333
67386	295	0	5	0.73	162.4	812.0	0.6666666666666666
67387	80	0	5	0.1925	68.4	342.0	0.3333333333333333
67388	232	0	5	0.5725	121.8	609.0	0.3333333333333333
67389	330	1	4	0.8225	220.4	1102.0	1.0
67390	213	0	5	0.525	136.6	683.0	0.3333333333333333
67391	34	0	5	0.0775	32.0	160.0	0.0
67392	116	0	5	0.2825	48.0	240.0	0.3333333333333333
67393	49	0	5	0.115	30.8	154.0	0.0
67394	88	0	5	0.2125	86.0	430.0	0.0
67395	198	0	5	0.4875	188.8	944.0	0.3333333333333333
67396	10	0	5	0.0175	8.0	40.0	0.0
67397	85	0	5	0.205	83.0	415.0	0.0
67398	291	0	5	0.72	142.0	710.0	0.6666666666666666
67399	347	0	5	0.86	90.2	451.0	0.6666666666666666
67400	351	0	5	0.87	258.0	1290.0	0.6666666666666666
67401	273	0	5	0.675	197.0	985.0	0.3333333333333333
67402	370	1	4	0.9225	173.2	866.0	1.0
67403	45	0	5	0.105	38.2	191.0	0.3333333333333333
67404	194	0	5	0.4775	167.6	838.0	0.3333333333333333
67405	266	1	4	0.6625	89.0	445.0	1.0
67406	76	0	5	0.1825	74.0	370.0	0.0
67407	94	0	5	0.2275	92.0	460.0	0.0
67408	155	0	5	0.38	147.0	735.0	0.3333333333333333
67409	270	0	5	0.6675	142.4	712.0	0.6666666666666666
67410	313	0	5	0.775	257.0	1285.0	0.3333333333333333
67411	248	0	5	0.6125	197.6	988.0	0.0
67412	53	0	5	0.125	48.8	244.0	0.0
67413	304	0	5	0.7525	80.4	402.0	0.3333333333333333
67414	306	0	5	0.7575	139.0	695.0	0.6666666666666666
67415	133	0	5	0.325	82.6	413.0	0.6666666666666666
67416	371	1	4	0.925	249.2	1246.0	1.0
67417	131	0	5	0.32	65.8	329.0	0.6666666666666666
67418	312	1	4	0.7775	264.2	1321.0	1.0
67419	371	0	5	0.92	165.2	826.0	0.6666666666666666
67420	380	1	4	0.9475	104.0	520.0	1.0
67421	372	0	5	0.9225	277.0	1385.0	0.6666666666666666
67422	293	0	5	0.725	137.2	686.0	0.3333333333333333
67423	319	0	5	0.79	252.4	1262.0	0.6666666666666666
67424	278	0	5	0.6875	204.4	1022.0	0.6666666666666666
67425	226	0	5	0.5575	64.4	322.0	0.6666666666666666
67426	91	0	5	0.22	71.4	357.0	0.3333333333333333
67427	58	0	5	0.1375	56.0	280.0	0.0
67428	303	0	5	0.75	93.2	466.0	0.6666666666666666
67429	79	0	5	0.19	77.0	385.0	0.0
67430	344	0	5	0.8525	170.6	853.0	0.6666666666666666
67431	393	0	5	0.975	113.4	567.0	0.3333333333333333
67432	310	0	5	0.7675	228.2	1141.0	0.3333333333333333
67433	22	0	5	0.0475	16.4	82.0	0.0
67434	359	0	5	0.89	180.6	903.0	0.6666666666666666
67435	18	0	5	0.0375	16.0	80.0	0.0
67436	198	0	5	0.4875	141.4	707.0	0.3333333333333333
67437	301	0	5	0.745	296.8	1484.0	0.3333333333333333
67438	116	0	5	0.2825	59.6	298.0	0.3333333333333333
67439	217	0	5	0.535	147.8	739.0	0.6666666666666666
67440	53	0	5	0.125	51.0	255.0	0.0
67441	129	0	5	0.315	95.0	475.0	0.3333333333333333
67442	178	0	5	0.4375	113.0	565.0	0.3333333333333333
67443	109	0	5	0.265	45.4	227.0	0.3333333333333333
67444	69	0	5	0.165	67.0	335.0	0.0
67445	191	0	5	0.47	166.2	831.0	0.3333333333333333
67446	143	0	5	0.35	74.6	373.0	0.3333333333333333
67447	98	0	5	0.2375	90.2	451.0	0.3333333333333333
67448	323	0	5	0.8	276.0	1380.0	0.6666666666666666
67449	376	0	5	0.9325	295.2	1476.0	0.6666666666666666
67450	92	0	5	0.2225	80.8	404.0	0.3333333333333333
67451	86	0	5	0.2075	51.6	258.0	0.3333333333333333
67452	192	0	5	0.4725	132.6	663.0	0.3333333333333333
67453	123	0	5	0.3	121.0	605.0	0.0
67454	101	0	5	0.245	99.0	495.0	0.0
67455	68	0	5	0.1625	66.0	330.0	0.0
67456	227	0	5	0.56	62.6	313.0	0.3333333333333333
67457	306	0	5	0.7575	117.6	588.0	0.6666666666666666
67458	167	0	5	0.41	100.0	500.0	0.3333333333333333
67459	13	0	5	0.025	11.0	55.0	0.0
67460	95	1	4	0.235	71.0	355.0	1.0
67461	253	0	5	0.625	115.8	579.0	0.6666666666666666
67462	25	0	5	0.055	23.0	115.0	0.0
67463	130	1	4	0.3225	77.4	387.0	1.0
67464	193	0	5	0.475	103.8	519.0	0.6666666666666666
67465	391	0	5	0.97	201.4	1007.0	0.6666666666666666
67466	226	0	5	0.5575	179.8	899.0	0.0
67467	274	0	5	0.6775	138.4	692.0	0.6666666666666666
67468	228	0	5	0.5625	161.4	807.0	0.3333333333333333
67469	298	0	5	0.7375	221.8	1109.0	0.3333333333333333
67470	268	0	5	0.6625	161.8	809.0	0.3333333333333333
67471	26	0	5	0.0575	24.0	120.0	0.0
67472	338	0	5	0.8375	175.0	875.0	0.3333333333333333
67473	217	0	5	0.535	164.8	824.0	0.3333333333333333
67474	396	0	5	0.9825	151.2	756.0	0.6666666666666666
67475	202	0	5	0.4975	122.8	614.0	0.3333333333333333
67476	255	0	5	0.63	170.8	854.0	0.3333333333333333
67477	272	0	5	0.6725	208.6	1043.0	0.0
67478	106	0	5	0.2575	86.8	434.0	0.3333333333333333
67479	40	0	5	0.0925	37.4	187.0	0.3333333333333333
67480	282	0	5	0.6975	117.6	588.0	0.6666666666666666
67481	375	0	5	0.93	280.8	1404.0	0.6666666666666666
67482	11	0	5	0.02	9.0	45.0	0.0
67483	172	0	5	0.4225	78.8	394.0	0.6666666666666666
67484	99	0	5	0.24	62.4	312.0	0.3333333333333333
67485	252	0	5	0.6225	121.4	607.0	0.6666666666666666
67486	220	0	5	0.5425	162.0	810.0	0.3333333333333333
67487	118	0	5	0.2875	99.6	498.0	0.3333333333333333
67488	156	0	5	0.3825	124.8	624.0	0.3333333333333333
67489	172	0	5	0.4225	95.2	476.0	0.6666666666666666
67490	283	0	5	0.7	126.6	633.0	0.3333333333333333
67491	148	0	5	0.3625	81.8	409.0	0.6666666666666666
67492	22	0	5	0.0475	20.0	100.0	0.0
67493	229	0	5	0.565	133.4	667.0	0.3333333333333333
67494	236	0	5	0.5825	211.6	1058.0	0.3333333333333333
67495	71	0	5	0.17	32.4	162.0	0.3333333333333333
67496	356	1	4	0.8875	140.8	704.0	1.0
67497	38	0	5	0.0875	36.0	180.0	0.0
67498	392	1	3	0.9775	213.6	1068.0	1.0
67499	351	1	4	0.875	165.0	825.0	1.0
67500	146	0	5	0.3575	144.0	720.0	0.0
67501	401	0	5	0.995	219.4	1097.0	0.6666666666666666
67502	137	0	5	0.335	106.2	531.0	0.3333333333333333
67503	294	0	5	0.7275	205.8	1029.0	0.6666666666666666
67504	353	0	5	0.875	276.6	1383.0	0.3333333333333333
67505	277	0	5	0.685	174.2	871.0	0.3333333333333333
67506	267	0	5	0.66	160.6	803.0	0.3333333333333333
67507	192	0	5	0.4725	156.2	781.0	0.3333333333333333
67508	122	0	5	0.2975	111.6	558.0	0.6666666666666666
67509	254	0	5	0.6275	130.8	654.0	0.6666666666666666
67510	114	0	5	0.2775	93.6	468.0	0.0
67511	114	0	5	0.2775	70.6	353.0	0.0
67512	138	0	5	0.3375	136.0	680.0	0.0
67513	257	0	5	0.635	138.2	691.0	0.6666666666666666
67514	387	1	4	0.965	135.8	679.0	1.0
67515	253	0	5	0.625	125.4	627.0	0.6666666666666666
67516	178	1	4	0.4425	107.6	538.0	1.0
67517	283	1	4	0.705	126.4	632.0	1.0
67518	154	0	5	0.3775	97.6	488.0	0.3333333333333333
67519	244	1	4	0.6075	182.8	914.0	1.0
67520	76	0	5	0.1825	71.6	358.0	0.3333333333333333
67521	340	0	5	0.8425	231.8	1159.0	0.3333333333333333
67522	237	0	5	0.585	224.6	1123.0	0.0
67523	264	0	5	0.6525	216.2	1081.0	0.0
67524	173	0	5	0.425	138.6	693.0	0.6666666666666666
67525	45	0	5	0.105	43.0	215.0	0.0
67526	255	0	5	0.63	183.2	916.0	0.3333333333333333
67527	143	0	5	0.35	80.2	401.0	0.3333333333333333
67528	362	0	5	0.8975	143.6	718.0	0.3333333333333333
67529	270	0	5	0.6675	113.0	565.0	0.3333333333333333
67530	25	0	5	0.055	19.0	95.0	0.0
67531	296	1	4	0.7375	118.4	592.0	1.0
67532	60	0	5	0.1425	56.8	284.0	0.3333333333333333
67533	179	0	5	0.44	152.8	764.0	0.3333333333333333
67534	65	0	5	0.155	53.8	269.0	0.0
67535	237	0	5	0.585	150.0	750.0	0.6666666666666666
67536	370	0	5	0.9175	315.4	1577.0	0.6666666666666666
67537	366	0	5	0.9075	124.6	623.0	0.6666666666666666
67538	379	0	5	0.94	206.2	1031.0	0.6666666666666666
67539	396	0	5	0.9825	120.0	600.0	0.6666666666666666
67540	263	0	5	0.65	143.4	717.0	0.3333333333333333
67541	248	0	5	0.6125	129.4	647.0	0.6666666666666666
67542	242	0	5	0.5975	154.0	770.0	0.3333333333333333
67543	196	0	5	0.4825	141.2	706.0	0.0
67544	342	0	5	0.8475	154.4	772.0	0.6666666666666666
67545	244	0	5	0.6025	155.8	779.0	0.3333333333333333
67546	367	1	4	0.915	106.4	532.0	1.0
67547	226	0	5	0.5575	224.0	1120.0	0.3333333333333333
67548	117	0	5	0.285	95.8	479.0	0.0
67549	275	0	5	0.68	245.4	1227.0	0.6666666666666666
67550	295	0	5	0.73	153.2	766.0	0.3333333333333333
67551	137	0	5	0.335	124.2	621.0	0.0
67552	336	0	5	0.8325	206.8	1034.0	0.6666666666666666
67553	66	0	5	0.1575	56.2	281.0	0.3333333333333333
67554	73	0	5	0.175	71.0	355.0	0.0
67555	218	0	5	0.5375	137.4	687.0	0.0
67556	186	1	4	0.4625	54.8	274.0	1.0
67557	105	0	5	0.255	62.0	310.0	0.3333333333333333
67558	47	0	5	0.11	30.6	153.0	0.0
67559	246	0	5	0.6075	141.8	709.0	0.3333333333333333
67560	319	0	5	0.79	162.2	811.0	0.6666666666666666
67561	184	0	5	0.4525	78.8	394.0	0.3333333333333333
67562	348	0	5	0.8625	95.6	478.0	0.6666666666666666
67563	226	0	5	0.5575	64.8	324.0	0.3333333333333333
67564	391	0	5	0.97	220.8	1104.0	0.6666666666666666
67565	150	0	5	0.3675	133.0	665.0	0.0
67566	39	0	5	0.09	12.2	61.0	0.3333333333333333
67567	348	0	5	0.8625	266.8	1334.0	0.6666666666666666
67568	159	0	5	0.39	90.4	452.0	0.6666666666666666
67569	376	0	5	0.9325	251.2	1256.0	0.3333333333333333
67570	381	1	4	0.95	211.4	1057.0	1.0
67571	197	0	5	0.485	195.0	975.0	0.0
67572	97	0	5	0.235	95.0	475.0	0.0
67573	360	0	5	0.8925	278.4	1392.0	0.6666666666666666
67574	316	0	5	0.7825	257.0	1285.0	0.6666666666666666
67575	328	0	5	0.8125	146.4	732.0	0.6666666666666666
67576	114	0	5	0.2775	102.4	512.0	0.0
67577	38	0	5	0.0875	11.2	56.0	0.3333333333333333
67578	157	0	5	0.385	155.0	775.0	0.0
67579	162	0	5	0.3975	150.8	754.0	0.0
67580	209	0	5	0.515	103.4	517.0	0.0
67581	163	0	5	0.4	118.0	590.0	0.3333333333333333
67582	213	0	5	0.525	95.4	477.0	0.6666666666666666
67583	212	0	5	0.5225	128.6	643.0	0.3333333333333333
67584	216	0	5	0.5325	150.4	752.0	0.3333333333333333
67585	137	0	5	0.335	89.4	447.0	0.3333333333333333
67586	334	1	4	0.8325	211.6	1058.0	1.0
67587	116	0	5	0.2825	114.0	570.0	0.0
67588	222	0	5	0.5475	197.2	986.0	0.3333333333333333
67589	128	0	5	0.3125	58.4	292.0	0.0
67590	127	0	5	0.31	87.2	436.0	0.3333333333333333
67591	369	0	5	0.915	199.0	995.0	0.6666666666666666
67592	344	0	5	0.8525	176.0	880.0	0.6666666666666666
67593	239	0	5	0.59	216.6	1083.0	0.6666666666666666
67594	245	0	5	0.605	212.0	1060.0	0.0
67595	128	0	5	0.3125	104.4	522.0	0.3333333333333333
67596	272	0	5	0.6725	158.6	793.0	0.3333333333333333
67597	249	0	5	0.615	163.8	819.0	0.6666666666666666
67598	401	0	4	0.9975	128.6	643.0	0.6666666666666666
67599	372	0	5	0.9225	115.6	578.0	0.3333333333333333
67600	55	0	5	0.13	33.4	167.0	0.0
67601	83	0	5	0.2	41.0	205.0	0.0
67602	375	1	4	0.935	265.2	1326.0	1.0
67603	159	0	5	0.39	98.8	494.0	0.3333333333333333
67604	94	0	5	0.2275	83.2	416.0	0.3333333333333333
67605	289	0	5	0.715	142.6	713.0	0.3333333333333333
67606	293	0	5	0.725	186.6	933.0	0.3333333333333333
67607	393	0	5	0.975	126.0	630.0	0.6666666666666666
67608	121	0	5	0.295	83.4	417.0	0.0
67609	293	0	5	0.725	180.0	900.0	0.6666666666666666
67610	385	0	5	0.955	210.0	1050.0	0.6666666666666666
67611	194	0	5	0.4775	171.6	858.0	0.3333333333333333
67612	14	0	5	0.0275	12.0	60.0	0.0
67613	232	1	4	0.5775	85.6	428.0	1.0
67614	367	1	3	0.915	238.4	1192.0	1.0
67615	338	0	5	0.8375	206.0	1030.0	0.6666666666666666
67616	274	0	5	0.6775	158.8	794.0	0.3333333333333333
67617	80	0	5	0.1925	69.4	347.0	0.0
67618	279	0	5	0.69	163.0	815.0	0.3333333333333333
67619	395	0	5	0.98	236.2	1181.0	0.6666666666666666
67620	90	0	5	0.2175	88.0	440.0	0.0
67621	360	0	5	0.8925	199.0	995.0	0.6666666666666666
67622	360	1	3	0.8975	253.8	1269.0	1.0
67623	379	0	5	0.94	184.2	921.0	0.3333333333333333
67624	33	0	5	0.075	31.0	155.0	0.0
67625	158	0	5	0.3875	72.0	360.0	0.3333333333333333
67626	292	0	5	0.7225	208.0	1040.0	0.3333333333333333
67627	281	1	4	0.7	247.6	1238.0	1.0
67628	342	0	5	0.8475	268.6	1343.0	0.6666666666666666
67629	316	0	5	0.7825	245.4	1227.0	0.3333333333333333
67630	167	0	5	0.41	96.2	481.0	0.3333333333333333
67631	366	0	5	0.9075	122.8	614.0	0.6666666666666666
67632	310	0	5	0.7675	246.6	1233.0	0.3333333333333333
67633	60	0	5	0.1425	58.0	290.0	0.0
67634	362	0	5	0.8975	207.8	1039.0	0.6666666666666666
67635	102	0	5	0.2475	86.0	430.0	0.0
67636	343	0	5	0.85	183.6	918.0	0.6666666666666666
67637	71	0	5	0.17	69.0	345.0	0.0
67638	372	0	5	0.9225	189.2	946.0	0.6666666666666666
67639	370	1	4	0.9225	237.8	1189.0	1.0
67640	22	0	5	0.0475	20.0	100.0	0.0
67641	50	0	5	0.1175	48.0	240.0	0.0
67642	41	0	5	0.095	38.8	194.0	0.0
67643	76	0	5	0.1825	74.0	370.0	0.3333333333333333
67644	308	0	5	0.7625	154.4	772.0	0.6666666666666666
67645	92	0	5	0.2225	76.2	381.0	0.3333333333333333
67646	208	0	5	0.5125	184.0	920.0	0.6666666666666666
67647	281	1	4	0.7	238.6	1193.0	1.0
67648	295	1	4	0.735	139.6	698.0	1.0
67649	137	0	5	0.335	49.4	247.0	0.3333333333333333
67650	197	0	5	0.485	153.6	768.0	0.3333333333333333
67651	99	0	5	0.24	89.6	448.0	0.3333333333333333
67652	141	0	5	0.345	119.2	596.0	0.0
67653	162	0	5	0.3975	114.0	570.0	0.3333333333333333
67654	298	0	5	0.7375	222.2	1111.0	0.3333333333333333
67655	284	1	4	0.7075	179.4	897.0	1.0
67656	82	0	5	0.1975	80.0	400.0	0.0
67657	283	0	5	0.7	112.6	563.0	0.3333333333333333
67658	115	0	5	0.28	79.8	399.0	0.3333333333333333
67659	46	0	5	0.1075	39.2	196.0	0.3333333333333333
67660	224	0	5	0.5525	89.8	449.0	0.3333333333333333
67661	287	0	5	0.71	174.2	871.0	0.6666666666666666
67662	376	0	5	0.9325	245.0	1225.0	0.3333333333333333
67663	356	0	5	0.8825	174.0	870.0	0.6666666666666666
67664	364	1	4	0.9075	202.2	1011.0	1.0
67665	359	1	4	0.895	96.2	481.0	1.0
67666	228	1	4	0.5675	181.6	908.0	1.0
67667	333	0	5	0.825	197.8	989.0	0.6666666666666666
67668	245	0	5	0.605	214.4	1072.0	0.3333333333333333
67669	318	0	5	0.7875	114.0	570.0	0.3333333333333333
67670	252	0	5	0.6225	250.0	1250.0	0.0
67671	163	0	5	0.4	111.8	559.0	0.6666666666666666
67672	376	0	5	0.9325	207.4	1037.0	0.6666666666666666
67673	320	0	5	0.7925	81.8	409.0	0.6666666666666666
67674	226	0	5	0.5575	204.4	1022.0	0.6666666666666666
67675	339	0	5	0.84	143.2	716.0	0.6666666666666666
67676	371	0	5	0.92	148.8	744.0	0.6666666666666666
67677	178	0	5	0.4375	143.4	717.0	0.3333333333333333
67678	247	1	4	0.615	233.8	1169.0	1.0
67679	58	0	5	0.1375	31.2	156.0	0.3333333333333333
67680	285	0	5	0.705	217.2	1086.0	0.6666666666666666
67681	299	0	5	0.74	154.2	771.0	0.6666666666666666
67682	340	0	5	0.8425	265.8	1329.0	0.6666666666666666
67683	167	0	5	0.41	165.0	825.0	0.0
67684	265	0	5	0.655	257.4	1287.0	0.0
67685	204	0	5	0.5025	76.4	382.0	0.3333333333333333
67686	54	0	5	0.1275	49.6	248.0	0.0
67687	170	0	5	0.4175	149.2	746.0	0.0
67688	231	0	5	0.57	75.0	375.0	0.3333333333333333
67689	191	0	5	0.47	116.2	581.0	0.3333333333333333
67690	75	0	5	0.18	73.0	365.0	0.0
67691	376	0	5	0.9325	169.6	848.0	0.6666666666666666
67692	386	0	5	0.9575	171.4	857.0	0.3333333333333333
67693	160	0	5	0.3925	108.4	542.0	0.0
67694	198	0	5	0.4875	196.0	980.0	0.0
67695	268	0	5	0.6625	201.2	1006.0	0.3333333333333333
67696	135	0	5	0.33	68.8	344.0	0.3333333333333333
67697	296	0	5	0.7325	196.2	981.0	0.3333333333333333
67698	52	0	5	0.1225	38.6	193.0	0.3333333333333333
67699	240	0	5	0.5925	165.2	826.0	0.3333333333333333
67700	338	0	5	0.8375	170.0	850.0	0.3333333333333333
67701	291	0	5	0.72	142.6	713.0	0.6666666666666666
67702	93	0	5	0.225	71.0	355.0	0.0
67703	231	0	5	0.57	178.6	893.0	0.3333333333333333
67704	326	0	5	0.8075	121.4	607.0	0.6666666666666666
67705	214	0	5	0.5275	153.8	769.0	0.3333333333333333
67706	65	0	5	0.155	63.0	315.0	0.0
67707	120	0	5	0.2925	97.8	489.0	0.3333333333333333
67708	55	0	5	0.13	32.0	160.0	0.0
67709	127	0	5	0.31	119.6	598.0	0.0
67710	329	0	5	0.815	137.4	687.0	0.6666666666666666
67711	97	0	5	0.235	57.4	287.0	0.3333333333333333
67712	125	1	4	0.31	111.4	557.0	1.0
67713	102	0	5	0.2475	83.2	416.0	0.0
67714	253	0	5	0.625	138.2	691.0	0.3333333333333333
67715	288	1	4	0.7175	88.4	442.0	1.0
67716	400	0	5	0.9925	198.6	993.0	0.6666666666666666
67717	246	0	5	0.6075	120.0	600.0	0.6666666666666666
67718	141	0	5	0.345	129.4	647.0	0.0
67719	135	0	5	0.33	34.8	174.0	0.3333333333333333
67720	374	0	5	0.9275	297.2	1486.0	0.3333333333333333
67721	10	0	5	0.0175	8.0	40.0	0.0
67722	282	0	5	0.6975	117.6	588.0	0.6666666666666666
67723	260	0	5	0.6425	115.8	579.0	0.6666666666666666
67724	174	1	4	0.4325	136.0	680.0	1.0
67725	188	0	5	0.4625	137.4	687.0	0.3333333333333333
67726	387	0	5	0.96	132.6	663.0	0.6666666666666666
67727	250	0	5	0.6175	173.0	865.0	0.3333333333333333
67728	357	1	4	0.89	107.4	537.0	1.0
67729	249	0	5	0.615	120.4	602.0	0.6666666666666666
67730	244	0	5	0.6025	190.8	954.0	0.0
67731	236	0	5	0.5825	187.0	935.0	0.3333333333333333
67732	114	0	5	0.2775	74.8	374.0	0.0
67733	45	0	5	0.105	43.0	215.0	0.0
67734	28	0	5	0.0625	26.0	130.0	0.0
67735	26	0	5	0.0575	24.0	120.0	0.3333333333333333
67736	84	0	5	0.2025	65.8	329.0	0.3333333333333333
67737	298	0	5	0.7375	198.4	992.0	0.3333333333333333
67738	387	0	5	0.96	262.2	1311.0	0.6666666666666666
67739	243	0	5	0.6	222.2	1111.0	0.6666666666666666
67740	335	0	5	0.83	174.6	873.0	0.6666666666666666
67741	337	0	5	0.835	257.0	1285.0	0.6666666666666666
67742	214	0	5	0.5275	207.2	1036.0	0.3333333333333333
67743	333	0	5	0.825	153.6	768.0	0.6666666666666666
67744	234	1	4	0.5825	220.4	1102.0	1.0
67745	261	0	5	0.645	204.4	1022.0	0.6666666666666666
67746	68	0	5	0.1625	66.0	330.0	0.0
67747	20	0	5	0.0425	18.0	90.0	0.0
67748	328	0	5	0.8125	182.4	912.0	0.6666666666666666
67749	274	0	5	0.6775	70.4	352.0	0.6666666666666666
67750	269	0	5	0.665	166.4	832.0	0.3333333333333333
67751	62	0	5	0.1475	60.0	300.0	0.0
67752	283	0	5	0.7	132.8	664.0	0.6666666666666666
67753	249	0	5	0.615	154.2	771.0	0.0
67754	94	0	5	0.2275	64.0	320.0	0.6666666666666666
67755	136	0	5	0.3325	105.2	526.0	0.0
67756	115	1	4	0.285	77.0	385.0	1.0
67757	283	0	5	0.7	197.0	985.0	0.3333333333333333
67758	390	0	5	0.9675	240.0	1200.0	0.6666666666666666
67759	320	0	5	0.7925	223.0	1115.0	0.3333333333333333
67760	97	0	5	0.235	94.6	473.0	0.6666666666666666
67761	376	0	5	0.9325	220.8	1104.0	0.6666666666666666
67762	153	0	5	0.375	101.2	506.0	0.3333333333333333
67763	143	0	5	0.35	117.8	589.0	0.6666666666666666
67764	310	0	5	0.7675	173.8	869.0	0.3333333333333333
67765	97	0	5	0.235	44.6	223.0	0.3333333333333333
67766	311	0	5	0.77	257.8	1289.0	0.0
67767	24	0	5	0.0525	22.0	110.0	0.0
67768	50	0	5	0.1175	36.0	180.0	0.3333333333333333
67769	394	1	4	0.9825	262.4	1312.0	1.0
67770	243	0	5	0.6	176.4	882.0	0.3333333333333333
67771	275	0	5	0.68	103.4	517.0	0.0
67772	152	0	5	0.3725	112.0	560.0	0.3333333333333333
67773	67	0	5	0.16	60.2	301.0	0.0
67774	266	0	5	0.6575	123.6	618.0	0.6666666666666666
67775	192	0	5	0.4725	84.8	424.0	0.6666666666666666
67776	273	0	5	0.675	129.4	647.0	0.6666666666666666
67777	52	0	5	0.1225	50.0	250.0	0.0
67778	28	0	5	0.0625	21.6	108.0	0.3333333333333333
67779	30	0	5	0.0675	21.2	106.0	0.0
67780	110	0	5	0.2675	108.0	540.0	0.0
67781	312	0	5	0.7725	97.2	486.0	0.6666666666666666
67782	264	0	5	0.6525	158.4	792.0	0.3333333333333333
67783	135	0	5	0.33	133.0	665.0	0.0
67784	363	0	5	0.9	95.4	477.0	0.6666666666666666
67785	92	0	5	0.2225	20.4	102.0	0.3333333333333333
67786	57	0	5	0.135	52.2	261.0	0.3333333333333333
67787	54	0	5	0.1275	41.6	208.0	0.3333333333333333
67788	112	0	5	0.2725	103.2	516.0	0.0
67789	69	0	5	0.165	67.0	335.0	0.0
67790	328	0	5	0.8125	174.8	874.0	0.3333333333333333
67791	145	0	5	0.355	113.8	569.0	0.3333333333333333
67792	125	0	5	0.305	123.0	615.0	0.0
67793	373	0	5	0.925	116.2	581.0	0.6666666666666666
67794	101	0	5	0.245	62.4	312.0	0.6666666666666666
67795	221	0	5	0.545	118.6	593.0	0.6666666666666666
67796	264	0	5	0.6525	169.6	848.0	0.3333333333333333
67797	327	1	4	0.815	210.2	1051.0	1.0
67798	233	0	5	0.575	115.0	575.0	0.6666666666666666
67799	233	0	5	0.575	147.0	735.0	0.0
67800	348	0	5	0.8625	138.0	690.0	0.6666666666666666
67801	230	0	5	0.5675	213.4	1067.0	0.3333333333333333
67802	129	0	5	0.315	60.6	303.0	0.6666666666666666
67803	171	0	5	0.42	132.8	664.0	0.6666666666666666
67804	358	0	5	0.8875	196.4	982.0	0.3333333333333333
67805	397	0	5	0.985	213.4	1067.0	0.6666666666666666
67806	159	0	5	0.39	69.0	345.0	0.3333333333333333
67807	83	0	5	0.2	52.4	262.0	0.3333333333333333
67808	333	0	5	0.825	199.6	998.0	0.3333333333333333
67809	198	0	5	0.4875	103.2	516.0	0.3333333333333333
67810	280	0	5	0.6925	219.4	1097.0	0.3333333333333333
67811	348	0	5	0.8625	168.8	844.0	0.3333333333333333
67812	58	0	5	0.1375	56.0	280.0	0.0
67813	274	0	5	0.6775	195.6	978.0	0.6666666666666666
67814	56	0	5	0.1325	54.0	270.0	0.0
67815	198	0	5	0.4875	180.4	902.0	0.6666666666666666
67816	283	0	5	0.7	129.8	649.0	0.3333333333333333
67817	125	0	5	0.305	86.4	432.0	0.3333333333333333
67818	35	0	5	0.08	29.4	147.0	0.3333333333333333
67819	360	0	5	0.8925	197.2	986.0	0.6666666666666666
67820	104	0	5	0.2525	102.0	510.0	0.0
67821	341	0	5	0.845	159.6	798.0	0.6666666666666666
67822	381	0	5	0.945	271.4	1357.0	0.6666666666666666
67823	381	0	5	0.945	238.6	1193.0	0.6666666666666666
67824	289	0	5	0.715	233.0	1165.0	0.3333333333333333
67825	378	0	5	0.9375	168.8	844.0	0.6666666666666666
67826	208	0	5	0.5125	67.6	338.0	0.3333333333333333
67827	286	1	4	0.7125	213.2	1066.0	1.0
67828	152	0	5	0.3725	133.2	666.0	0.3333333333333333
67829	165	0	5	0.405	40.4	202.0	0.3333333333333333
67830	356	0	5	0.8825	200.2	1001.0	0.3333333333333333
67831	351	0	5	0.87	143.2	716.0	0.0
67832	184	0	5	0.4525	96.2	481.0	0.6666666666666666
67833	365	0	5	0.905	191.6	958.0	0.6666666666666666
67834	65	0	5	0.155	46.2	231.0	0.3333333333333333
67835	124	0	5	0.3025	35.6	178.0	0.3333333333333333
67836	218	0	5	0.5375	195.6	978.0	0.3333333333333333
67837	290	0	5	0.7175	189.0	945.0	0.0
67838	135	0	5	0.33	133.0	665.0	0.0
67839	158	0	5	0.3875	93.0	465.0	0.0
67840	193	0	5	0.475	142.2	711.0	0.3333333333333333
67841	171	0	5	0.42	142.2	711.0	0.6666666666666666
67842	385	0	5	0.955	132.0	660.0	0.6666666666666666
67843	328	0	5	0.8125	136.0	680.0	0.6666666666666666
67844	84	0	5	0.2025	82.0	410.0	0.0
67845	46	0	5	0.1075	29.6	148.0	0.0
67846	248	0	5	0.6125	246.0	1230.0	0.3333333333333333
67847	89	0	5	0.215	57.6	288.0	0.0
67848	147	0	5	0.36	145.0	725.0	0.0
67849	295	0	5	0.73	201.6	1008.0	0.3333333333333333
67850	322	1	3	0.8025	254.4	1272.0	1.0
67851	101	0	5	0.245	80.6	403.0	0.3333333333333333
67852	89	0	5	0.215	71.8	359.0	0.3333333333333333
67853	383	0	5	0.95	151.0	755.0	0.6666666666666666
67854	372	1	4	0.9275	245.4	1227.0	1.0
67855	93	0	5	0.225	65.0	325.0	0.3333333333333333
67856	313	1	4	0.78	197.8	989.0	1.0
67857	12	0	5	0.0225	10.0	50.0	0.0
67858	326	0	5	0.8075	201.4	1007.0	0.6666666666666666
67859	144	0	5	0.3525	142.0	710.0	0.0
67860	236	0	5	0.5825	59.8	299.0	0.3333333333333333
67861	236	0	5	0.5825	189.0	945.0	0.3333333333333333
67862	337	0	5	0.835	180.2	901.0	0.3333333333333333
67863	158	0	5	0.3875	90.0	450.0	0.0
67864	362	0	5	0.8975	252.8	1264.0	0.6666666666666666
67865	186	0	5	0.4575	152.6	763.0	0.6666666666666666
67866	382	0	5	0.9475	351.4	1757.0	0.6666666666666666
67867	223	0	5	0.55	151.8	759.0	0.3333333333333333
67868	356	1	4	0.8875	325.8	1629.0	1.0
67869	103	0	5	0.25	53.0	265.0	0.3333333333333333
67870	11	0	5	0.02	9.0	45.0	0.0
67871	383	0	5	0.95	93.0	465.0	0.6666666666666666
67872	41	0	5	0.095	27.8	139.0	0.0
67873	31	0	5	0.07	24.2	121.0	0.3333333333333333
67874	225	0	5	0.555	157.6	788.0	0.3333333333333333
67875	30	0	5	0.0675	16.0	80.0	0.0
67876	81	0	5	0.195	79.0	395.0	0.0
67877	177	0	5	0.435	83.0	415.0	0.3333333333333333
67878	63	0	5	0.15	54.6	273.0	0.0
67879	301	0	5	0.745	287.8	1439.0	0.0
67880	236	0	5	0.5825	127.8	639.0	0.3333333333333333
67881	65	0	5	0.155	30.6	153.0	0.0
67882	81	0	5	0.195	79.0	395.0	0.0
67883	89	0	5	0.215	87.0	435.0	0.0
67884	112	0	5	0.2725	92.6	463.0	0.6666666666666666
67885	215	0	5	0.53	68.4	342.0	0.3333333333333333
67886	221	0	5	0.545	192.2	961.0	0.6666666666666666
67887	219	1	4	0.545	140.6	703.0	1.0
67888	295	0	5	0.73	120.2	601.0	0.0
67889	394	0	5	0.9775	253.4	1267.0	0.3333333333333333
67890	91	0	5	0.22	58.6	293.0	0.3333333333333333
67891	185	0	5	0.455	111.6	558.0	0.6666666666666666
67892	37	0	5	0.085	24.8	124.0	0.3333333333333333
67893	284	0	5	0.7025	201.8	1009.0	0.0
67894	232	0	5	0.5725	167.4	837.0	0.3333333333333333
67895	49	0	5	0.115	47.0	235.0	0.0
67896	206	0	5	0.5075	108.2	541.0	0.6666666666666666
67897	89	0	5	0.215	49.2	246.0	0.3333333333333333
67898	205	0	5	0.505	104.6	523.0	0.3333333333333333
67899	38	0	5	0.0875	36.0	180.0	0.0
67900	237	0	5	0.585	79.6	398.0	0.3333333333333333
67901	346	0	5	0.8575	288.0	1440.0	0.6666666666666666
67902	77	0	5	0.185	75.0	375.0	0.0
67903	279	1	4	0.695	249.4	1247.0	1.0
67904	272	0	5	0.6725	234.2	1171.0	0.0
67905	393	1	4	0.98	119.6	598.0	1.0
67906	92	0	5	0.2225	80.4	402.0	0.3333333333333333
67907	252	0	5	0.6225	91.8	459.0	0.6666666666666666
67908	285	0	5	0.705	171.4	857.0	0.6666666666666666
67909	391	0	5	0.97	206.2	1031.0	0.6666666666666666
67910	380	0	5	0.9425	155.2	776.0	0.6666666666666666
67911	267	0	5	0.66	238.2	1191.0	0.3333333333333333
67912	137	0	5	0.335	125.4	627.0	0.3333333333333333
67913	116	0	5	0.2825	72.4	362.0	0.3333333333333333
67914	268	0	5	0.6625	219.6	1098.0	0.3333333333333333
67915	125	1	4	0.31	89.4	447.0	1.0
67916	127	0	5	0.31	121.0	605.0	0.0
67917	322	0	5	0.7975	72.4	362.0	0.3333333333333333
67918	249	0	5	0.615	124.0	620.0	0.3333333333333333
67919	357	0	5	0.885	135.8	679.0	0.3333333333333333
67920	37	0	5	0.085	17.2	86.0	0.6666666666666666
67921	316	0	5	0.7825	114.0	570.0	0.6666666666666666
67922	354	1	4	0.8825	106.0	530.0	1.0
67923	2	0	5	0.0	0.0	0.0	0.0
67924	211	0	5	0.52	94.2	471.0	0.3333333333333333
67925	381	0	5	0.945	97.4	487.0	0.6666666666666666
67926	135	1	4	0.335	91.8	459.0	1.0
67927	212	1	4	0.5275	122.6	613.0	1.0
67928	237	0	5	0.585	202.0	1010.0	0.3333333333333333
67929	250	0	5	0.6175	217.2	1086.0	0.6666666666666666
67930	90	0	5	0.2175	88.0	440.0	0.0
67931	219	0	5	0.54	152.6	763.0	0.6666666666666666
67932	198	0	5	0.4875	188.0	940.0	0.3333333333333333
67933	200	0	5	0.4925	170.8	854.0	0.3333333333333333
67934	278	0	5	0.6875	230.4	1152.0	0.3333333333333333
67935	221	0	5	0.545	200.2	1001.0	0.3333333333333333
67936	333	0	5	0.825	135.8	679.0	0.6666666666666666
67937	369	0	5	0.915	202.8	1014.0	0.6666666666666666
67938	80	0	5	0.1925	59.6	298.0	0.0
67939	375	1	4	0.935	107.0	535.0	1.0
67940	88	0	5	0.2125	62.8	314.0	0.3333333333333333
67941	184	0	5	0.4525	89.0	445.0	0.3333333333333333
67942	208	0	5	0.5125	59.6	298.0	0.6666666666666666
67943	124	0	5	0.3025	33.2	166.0	0.0
67944	47	0	5	0.11	45.0	225.0	0.3333333333333333
67945	116	0	5	0.2825	79.2	396.0	0.3333333333333333
67946	26	0	5	0.0575	19.2	96.0	0.3333333333333333
67947	19	0	5	0.04	17.0	85.0	0.0
67948	73	0	5	0.175	21.4	107.0	0.3333333333333333
67949	37	0	5	0.085	35.0	175.0	0.0
67950	255	0	5	0.63	64.2	321.0	0.3333333333333333
67951	174	0	5	0.4275	130.0	650.0	0.0
67952	157	1	4	0.39	80.6	403.0	1.0
67953	59	0	5	0.14	31.8	159.0	0.3333333333333333
67954	401	0	5	0.995	186.2	931.0	0.6666666666666666
67955	120	0	5	0.2925	86.0	430.0	0.3333333333333333
67956	46	0	5	0.1075	44.0	220.0	0.0
67957	151	0	5	0.37	149.0	745.0	0.0
67958	389	1	4	0.97	232.6	1163.0	1.0
67959	245	0	5	0.605	243.0	1215.0	0.0
67960	170	0	5	0.4175	124.2	621.0	0.0
67961	170	0	5	0.4175	168.0	840.0	0.0
67962	242	0	5	0.5975	166.0	830.0	0.3333333333333333
67963	266	0	5	0.6575	161.8	809.0	0.3333333333333333
67964	74	0	5	0.1775	66.4	332.0	0.3333333333333333
67965	362	1	3	0.9025	269.2	1346.0	1.0
67966	290	1	4	0.7225	143.4	717.0	1.0
67967	75	0	5	0.18	45.0	225.0	0.0
67968	240	1	4	0.5975	121.6	608.0	1.0
67969	207	1	4	0.515	105.6	528.0	1.0
67970	140	0	5	0.3425	102.8	514.0	0.0
67971	213	1	4	0.53	111.8	559.0	1.0
67972	288	0	5	0.7125	178.8	894.0	0.6666666666666666
67973	188	0	5	0.4625	159.2	796.0	0.0
67974	235	0	5	0.58	114.2	571.0	0.6666666666666666
67975	348	0	5	0.8625	225.6	1128.0	0.6666666666666666
67976	376	0	5	0.9325	153.8	769.0	0.3333333333333333
67977	364	1	4	0.9075	111.6	558.0	1.0
67978	166	0	5	0.4075	138.4	692.0	0.3333333333333333
67979	258	0	5	0.6375	222.2	1111.0	0.6666666666666666
67980	121	0	5	0.295	111.2	556.0	0.0
67981	7	0	5	0.01	5.0	25.0	0.0
67982	224	0	5	0.5525	135.6	678.0	0.6666666666666666
67983	279	0	5	0.69	109.0	545.0	0.3333333333333333
67984	341	0	5	0.845	141.2	706.0	0.3333333333333333
67985	192	0	5	0.4725	153.4	767.0	0.3333333333333333
67986	395	0	5	0.98	136.8	684.0	0.6666666666666666
67987	328	1	4	0.8175	142.4	712.0	1.0
67988	208	0	5	0.5125	120.0	600.0	0.3333333333333333
67989	147	0	5	0.36	113.8	569.0	0.3333333333333333
67990	104	0	5	0.2525	77.6	388.0	0.0
67991	128	0	5	0.3125	84.0	420.0	0.3333333333333333
67992	332	0	5	0.8225	84.4	422.0	0.6666666666666666
67993	150	0	5	0.3675	90.8	454.0	0.3333333333333333
67994	325	1	4	0.81	270.0	1350.0	1.0
67995	226	0	5	0.5575	156.0	780.0	0.3333333333333333
67996	339	0	5	0.84	170.2	851.0	0.0
67997	143	0	5	0.35	141.0	705.0	0.0
67998	280	0	5	0.6925	150.8	754.0	0.3333333333333333
67999	91	0	5	0.22	75.8	379.0	0.3333333333333333
68000	53	0	5	0.125	51.0	255.0	0.0
68001	115	0	5	0.28	75.4	377.0	0.0
68002	313	0	5	0.775	180.6	903.0	0.3333333333333333
68003	271	0	5	0.67	182.4	912.0	0.3333333333333333
68004	234	0	5	0.5775	206.8	1034.0	0.3333333333333333
68005	254	0	5	0.6275	112.8	564.0	0.6666666666666666
68006	322	0	5	0.7975	266.6	1333.0	0.3333333333333333
68007	158	0	5	0.3875	142.4	712.0	0.6666666666666666
68008	181	0	5	0.445	114.2	571.0	0.3333333333333333
68009	243	0	5	0.6	198.8	994.0	0.3333333333333333
68010	259	0	5	0.64	173.2	866.0	0.3333333333333333
68011	270	0	5	0.6675	179.4	897.0	0.6666666666666666
68012	298	0	5	0.7375	116.4	582.0	0.6666666666666666
68013	196	0	5	0.4825	100.6	503.0	0.6666666666666666
68014	292	1	4	0.7275	138.0	690.0	1.0
68015	103	0	5	0.25	36.2	181.0	0.6666666666666666
68016	309	0	5	0.765	118.2	591.0	0.6666666666666666
68017	33	0	5	0.075	31.0	155.0	0.0
68018	362	1	4	0.9025	150.6	753.0	1.0
68019	4	0	5	0.0025	2.0	10.0	0.0
68020	253	0	5	0.625	156.2	781.0	0.3333333333333333
68021	8	0	5	0.0125	6.0	30.0	0.0
68022	294	0	5	0.7275	218.0	1090.0	0.6666666666666666
68023	71	0	5	0.17	69.0	345.0	0.0
68024	267	1	4	0.665	193.4	967.0	1.0
68025	165	0	5	0.405	139.8	699.0	0.3333333333333333
68026	155	0	5	0.38	60.4	302.0	0.6666666666666666
68027	203	0	5	0.5	96.6	483.0	0.3333333333333333
68028	364	0	5	0.9025	130.8	654.0	0.6666666666666666
68029	385	0	5	0.955	131.0	655.0	0.6666666666666666
68030	120	1	4	0.2975	117.8	589.0	1.0
68031	51	0	5	0.12	43.4	217.0	0.3333333333333333
68032	387	0	5	0.96	96.2	481.0	0.6666666666666666
68033	37	0	5	0.085	35.0	175.0	0.0
68034	164	0	5	0.4025	154.4	772.0	0.0
68035	395	1	4	0.985	233.0	1165.0	1.0
68036	67	0	5	0.16	38.6	193.0	0.3333333333333333
68037	219	0	5	0.54	202.0	1010.0	0.0
68038	141	0	5	0.345	97.6	488.0	0.3333333333333333
68039	156	0	5	0.3825	152.4	762.0	0.6666666666666666
68040	217	0	5	0.535	65.4	327.0	0.0
68041	234	0	5	0.5775	186.4	932.0	0.3333333333333333
68042	284	0	5	0.7025	141.2	706.0	0.3333333333333333
68043	347	0	5	0.86	75.4	377.0	0.6666666666666666
68044	252	0	5	0.6225	107.6	538.0	0.3333333333333333
68045	213	0	5	0.525	92.8	464.0	0.3333333333333333
68046	166	1	4	0.4125	66.2	331.0	1.0
68047	155	0	5	0.38	148.8	744.0	0.3333333333333333
68048	311	0	5	0.77	187.8	939.0	0.6666666666666666
68049	74	0	5	0.1775	56.8	284.0	0.0
68050	382	0	5	0.9475	269.2	1346.0	0.6666666666666666
68051	21	0	5	0.045	18.6	93.0	0.0
68052	318	0	5	0.7875	248.2	1241.0	0.3333333333333333
68053	184	0	5	0.4525	87.6	438.0	0.3333333333333333
68054	355	0	5	0.88	201.0	1005.0	0.3333333333333333
68055	152	0	5	0.3725	86.0	430.0	0.3333333333333333
68056	336	0	5	0.8325	300.0	1500.0	0.3333333333333333
68057	218	0	5	0.5375	174.0	870.0	0.6666666666666666
68058	178	0	5	0.4375	80.6	403.0	0.6666666666666666
68059	271	0	5	0.67	230.4	1152.0	0.6666666666666666
68060	287	0	5	0.71	148.2	741.0	0.6666666666666666
68061	301	0	5	0.745	60.0	300.0	0.6666666666666666
68062	138	0	5	0.3375	47.4	237.0	0.6666666666666666
68063	161	1	4	0.4	89.6	448.0	1.0
68064	193	0	5	0.475	182.0	910.0	0.3333333333333333
68065	190	0	5	0.4675	159.2	796.0	0.3333333333333333
68066	217	0	5	0.535	119.0	595.0	0.6666666666666666
68067	377	0	5	0.935	214.4	1072.0	0.3333333333333333
68068	251	0	5	0.62	162.6	813.0	0.3333333333333333
68069	73	0	5	0.175	71.0	355.0	0.0
68070	119	0	5	0.29	107.8	539.0	0.3333333333333333
68071	385	0	5	0.955	151.8	759.0	0.6666666666666666
68072	241	0	5	0.595	204.6	1023.0	0.3333333333333333
68073	190	0	5	0.4675	165.2	826.0	0.0
68074	345	0	5	0.855	158.8	794.0	0.3333333333333333
68075	254	0	5	0.6275	107.4	537.0	0.6666666666666666
68076	98	0	5	0.2375	96.0	480.0	0.0
68077	120	0	5	0.2925	98.0	490.0	0.3333333333333333
68078	284	0	5	0.7025	95.0	475.0	0.3333333333333333
68079	188	0	5	0.4625	127.6	638.0	0.3333333333333333
68080	193	0	5	0.475	115.8	579.0	0.3333333333333333
68081	146	1	4	0.3625	70.2	351.0	1.0
68082	383	0	5	0.95	225.2	1126.0	0.3333333333333333
68083	163	0	5	0.4	111.8	559.0	0.3333333333333333
68084	229	0	5	0.565	213.6	1068.0	0.3333333333333333
68085	239	0	5	0.59	182.8	914.0	0.3333333333333333
68086	279	0	5	0.69	63.4	317.0	0.6666666666666666
68087	381	0	5	0.945	233.4	1167.0	0.6666666666666666
68088	335	0	5	0.83	219.2	1096.0	0.6666666666666666
68089	114	0	5	0.2775	76.0	380.0	0.3333333333333333
68090	162	0	5	0.3975	160.0	800.0	0.0
68091	126	0	5	0.3075	82.8	414.0	0.3333333333333333
68092	338	0	5	0.8375	239.4	1197.0	0.3333333333333333
68093	10	0	5	0.0175	8.0	40.0	0.0
68094	293	1	4	0.73	151.8	759.0	1.0
68095	21	0	5	0.045	19.0	95.0	0.0
68096	314	0	5	0.7775	244.4	1222.0	0.6666666666666666
68097	262	0	5	0.6475	149.8	749.0	0.3333333333333333
68098	198	0	5	0.4875	156.2	781.0	0.6666666666666666
68099	254	0	5	0.6275	189.0	945.0	0.6666666666666666
68100	245	0	5	0.605	105.6	528.0	0.3333333333333333
68101	201	0	5	0.495	193.8	969.0	0.0
68102	384	0	5	0.9525	135.6	678.0	0.6666666666666666
68103	176	0	5	0.4325	114.8	574.0	0.0
68104	385	0	5	0.955	79.8	399.0	0.6666666666666666
68105	349	0	5	0.865	182.2	911.0	0.6666666666666666
68106	307	0	5	0.76	102.4	512.0	0.6666666666666666
68107	346	0	5	0.8575	209.8	1049.0	0.3333333333333333
68108	374	0	5	0.9275	304.8	1524.0	0.6666666666666666
68109	65	0	5	0.155	61.4	307.0	0.3333333333333333
68110	275	0	5	0.68	112.2	561.0	0.6666666666666666
68111	246	0	5	0.6075	244.0	1220.0	0.0
68112	94	0	5	0.2275	92.0	460.0	0.0
68113	123	0	5	0.3	121.0	605.0	0.0
68114	41	0	5	0.095	39.0	195.0	0.0
68115	85	0	5	0.205	71.0	355.0	0.0
68116	343	0	5	0.85	182.8	914.0	0.6666666666666666
68117	95	0	5	0.23	93.0	465.0	0.0
68118	158	0	5	0.3875	63.8	319.0	0.3333333333333333
68119	317	0	5	0.785	271.8	1359.0	0.0
68120	353	0	5	0.875	219.4	1097.0	0.3333333333333333
68121	274	0	5	0.6775	154.2	771.0	0.3333333333333333
68122	28	0	5	0.0625	22.0	110.0	0.0
68123	97	0	5	0.235	95.0	475.0	0.0
68124	383	0	5	0.95	191.6	958.0	0.6666666666666666
68125	274	0	5	0.6775	112.8	564.0	0.6666666666666666
68126	328	0	5	0.8125	96.6	483.0	0.6666666666666666
68127	388	0	5	0.9625	210.4	1052.0	0.6666666666666666
68128	275	0	5	0.68	117.2	586.0	0.6666666666666666
68129	211	0	5	0.52	173.6	868.0	0.0
68130	323	0	5	0.8	169.2	846.0	0.3333333333333333
68131	299	0	5	0.74	181.8	909.0	0.6666666666666666
68132	67	0	5	0.16	65.0	325.0	0.0
68133	366	0	5	0.9075	233.8	1169.0	0.3333333333333333
68134	212	0	5	0.5225	188.0	940.0	0.3333333333333333
68135	20	0	5	0.0425	7.4	37.0	0.3333333333333333
68136	60	0	5	0.1425	58.0	290.0	0.0
68137	226	0	5	0.5575	121.6	608.0	0.3333333333333333
68138	43	0	5	0.1	41.0	205.0	0.0
68139	205	0	5	0.505	189.8	949.0	0.3333333333333333
68140	24	0	5	0.0525	22.0	110.0	0.0
68141	106	0	5	0.2575	94.4	472.0	0.3333333333333333
68142	399	0	5	0.99	319.2	1596.0	0.6666666666666666
68143	332	0	5	0.8225	172.2	861.0	0.6666666666666666
68144	120	0	5	0.2925	82.0	410.0	0.3333333333333333
68145	216	0	5	0.5325	204.4	1022.0	0.0
68146	397	0	5	0.985	203.0	1015.0	0.6666666666666666
68147	15	0	5	0.03	13.0	65.0	0.0
68148	383	1	4	0.955	168.8	844.0	1.0
68149	363	0	5	0.9	291.8	1459.0	0.6666666666666666
68150	129	0	5	0.315	92.6	463.0	0.0
68151	17	0	5	0.035	15.0	75.0	0.0
68152	247	0	5	0.61	102.2	511.0	0.6666666666666666
68153	101	0	5	0.245	99.0	495.0	0.0
68154	142	0	5	0.3475	116.0	580.0	0.0
68155	63	0	5	0.15	40.0	200.0	0.3333333333333333
68156	86	0	5	0.2075	84.0	420.0	0.0
68157	374	0	5	0.9275	100.2	501.0	0.6666666666666666
68158	40	0	5	0.0925	32.0	160.0	0.0
68159	167	0	5	0.41	61.8	309.0	0.0
68160	95	0	5	0.23	78.6	393.0	0.0
68161	375	1	4	0.935	264.4	1322.0	1.0
68162	398	0	5	0.9875	157.8	789.0	0.6666666666666666
68163	34	0	5	0.0775	32.0	160.0	0.0
68164	322	0	5	0.7975	303.8	1519.0	0.3333333333333333
68165	54	0	5	0.1275	47.8	239.0	0.0
68166	150	0	5	0.3675	139.4	697.0	0.3333333333333333
68167	300	0	5	0.7425	122.8	614.0	0.6666666666666666
68168	390	1	4	0.9725	222.2	1111.0	1.0
68169	236	1	4	0.5875	159.4	797.0	1.0
68170	185	0	5	0.455	155.4	777.0	0.0
68171	237	0	5	0.585	101.8	509.0	0.0
68172	356	0	5	0.8825	161.4	807.0	0.6666666666666666
68173	117	0	5	0.285	100.2	501.0	0.3333333333333333
68174	174	0	5	0.4275	165.8	829.0	0.0
68175	151	0	5	0.37	91.4	457.0	0.3333333333333333
68176	92	0	5	0.2225	59.4	297.0	0.3333333333333333
68177	340	0	5	0.8425	162.6	813.0	0.3333333333333333
68178	5	0	5	0.005	3.0	15.0	0.0
68179	286	0	5	0.7075	248.2	1241.0	0.6666666666666666
68180	128	0	5	0.3125	126.0	630.0	0.0
68181	62	0	5	0.1475	58.6	293.0	0.0
68182	346	0	5	0.8575	191.2	956.0	0.3333333333333333
68183	287	0	5	0.71	229.6	1148.0	0.3333333333333333
68184	36	0	5	0.0825	34.0	170.0	0.0
68185	371	0	5	0.92	221.2	1106.0	0.6666666666666666
68186	180	0	5	0.4425	124.6	623.0	0.3333333333333333
68187	52	0	5	0.1225	25.2	126.0	0.3333333333333333
68188	363	0	5	0.9	152.0	760.0	0.6666666666666666
68189	246	0	5	0.6075	192.6	963.0	0.6666666666666666
68190	105	0	5	0.255	97.4	487.0	0.0
68191	189	0	5	0.465	41.4	207.0	0.3333333333333333
68192	94	0	5	0.2275	92.0	460.0	0.0
68193	171	0	5	0.42	147.4	737.0	0.3333333333333333
68194	242	0	5	0.5975	195.6	978.0	0.3333333333333333
68195	195	0	5	0.48	75.0	375.0	0.6666666666666666
68196	193	0	5	0.475	68.2	341.0	0.6666666666666666
68197	325	1	4	0.81	226.4	1132.0	1.0
68198	289	0	5	0.715	235.0	1175.0	0.3333333333333333
68199	52	0	5	0.1225	45.4	227.0	0.0
68200	7	0	5	0.01	5.0	25.0	0.0
68201	68	0	5	0.1625	66.0	330.0	0.0
68202	242	0	5	0.5975	91.4	457.0	0.6666666666666666
68203	187	0	5	0.46	159.0	795.0	0.3333333333333333
68204	292	0	5	0.7225	166.8	834.0	0.3333333333333333
68205	378	0	5	0.9375	269.2	1346.0	0.3333333333333333
68206	156	0	5	0.3825	56.0	280.0	0.0
68207	278	0	5	0.6875	120.4	602.0	0.6666666666666666
68208	379	0	5	0.94	206.6	1033.0	0.3333333333333333
68209	206	0	5	0.5075	152.2	761.0	0.3333333333333333
68210	249	0	5	0.615	150.2	751.0	0.6666666666666666
68211	58	0	5	0.1375	56.0	280.0	0.0
68212	27	0	5	0.06	25.0	125.0	0.0
68213	310	0	5	0.7675	101.6	508.0	0.3333333333333333
68214	127	0	5	0.31	125.0	625.0	0.0
68215	127	0	5	0.31	107.4	537.0	0.0
68216	47	0	5	0.11	45.0	225.0	0.0
68217	75	0	5	0.18	73.0	365.0	0.0
68218	59	0	5	0.14	56.2	281.0	0.3333333333333333
68219	71	0	5	0.17	69.0	345.0	0.0
68220	221	0	5	0.545	74.8	374.0	0.6666666666666666
68221	318	0	5	0.7875	212.0	1060.0	0.3333333333333333
68222	350	1	4	0.8725	156.2	781.0	1.0
68223	241	0	5	0.595	119.0	595.0	0.3333333333333333
68224	213	0	5	0.525	104.2	521.0	0.6666666666666666
68225	240	0	5	0.5925	137.2	686.0	0.6666666666666666
68226	93	0	5	0.225	77.8	389.0	0.0
68227	243	0	5	0.6	126.2	631.0	0.6666666666666666
68228	344	1	4	0.8575	195.2	976.0	1.0
68229	34	0	5	0.0775	22.8	114.0	0.0
68230	89	0	5	0.215	84.8	424.0	0.0
68231	335	1	4	0.835	218.2	1091.0	1.0
68232	272	0	5	0.6725	92.6	463.0	0.3333333333333333
68233	387	1	4	0.965	246.4	1232.0	1.0
68234	41	0	5	0.095	39.0	195.0	0.3333333333333333
68235	255	0	5	0.63	50.6	253.0	0.3333333333333333
68236	379	0	5	0.94	105.0	525.0	0.6666666666666666
68237	170	0	5	0.4175	98.8	494.0	0.6666666666666666
68238	354	0	5	0.8775	213.6	1068.0	0.6666666666666666
68239	189	0	5	0.465	187.0	935.0	0.0
68240	181	0	5	0.445	127.8	639.0	0.6666666666666666
68241	44	0	5	0.1025	42.0	210.0	0.0
68242	209	0	5	0.515	185.8	929.0	0.3333333333333333
68243	161	0	5	0.395	107.8	539.0	0.0
68244	52	0	5	0.1225	23.6	118.0	0.3333333333333333
68245	389	0	5	0.965	279.4	1397.0	0.6666666666666666
68246	353	1	4	0.88	170.8	854.0	1.0
68247	84	0	5	0.2025	24.4	122.0	0.6666666666666666
68248	338	0	5	0.8375	232.2	1161.0	0.6666666666666666
68249	116	0	5	0.2825	114.0	570.0	0.0
68250	205	0	5	0.505	144.0	720.0	0.3333333333333333
68251	47	0	5	0.11	37.0	185.0	0.0
68252	329	0	5	0.815	303.0	1515.0	0.3333333333333333
68253	128	0	5	0.3125	42.8	214.0	0.3333333333333333
68254	75	0	5	0.18	33.0	165.0	0.6666666666666666
68255	48	0	5	0.1125	43.2	216.0	0.3333333333333333
68256	165	0	5	0.405	110.0	550.0	0.6666666666666666
68257	105	0	5	0.255	103.0	515.0	0.0
68258	348	0	5	0.8625	302.8	1514.0	0.6666666666666666
68259	225	0	5	0.555	115.0	575.0	0.3333333333333333
68260	352	0	5	0.8725	176.6	883.0	0.6666666666666666
68261	63	0	5	0.15	60.2	301.0	0.0
68262	223	0	5	0.55	122.4	612.0	0.3333333333333333
68263	231	0	5	0.57	129.0	645.0	0.0
68264	400	1	4	0.9975	377.8	1889.0	1.0
68265	287	0	5	0.71	143.4	717.0	0.6666666666666666
68266	375	0	5	0.93	96.2	481.0	0.6666666666666666
68267	320	1	4	0.7975	119.2	596.0	1.0
68268	236	1	4	0.5875	57.6	288.0	1.0
68269	180	0	5	0.4425	128.2	641.0	0.3333333333333333
68270	147	0	5	0.36	126.4	632.0	0.3333333333333333
68271	281	0	5	0.695	172.2	861.0	0.3333333333333333
68272	313	0	5	0.775	123.2	616.0	0.6666666666666666
68273	132	0	5	0.3225	59.8	299.0	0.6666666666666666
68274	227	0	5	0.56	139.0	695.0	0.3333333333333333
68275	355	0	5	0.88	136.2	681.0	0.6666666666666666
68276	108	0	5	0.2625	50.0	250.0	0.3333333333333333
68277	224	0	5	0.5525	93.2	466.0	0.3333333333333333
68278	177	0	5	0.435	69.4	347.0	0.6666666666666666
68279	143	0	5	0.35	132.6	663.0	0.3333333333333333
68280	183	0	5	0.45	175.6	878.0	0.0
68281	203	1	4	0.505	75.0	375.0	1.0
68282	147	0	5	0.36	78.6	393.0	0.3333333333333333
68283	358	1	4	0.8925	187.6	938.0	1.0
68284	178	1	4	0.4425	50.2	251.0	1.0
68285	327	0	5	0.81	161.8	809.0	0.6666666666666666
68286	281	0	5	0.695	218.6	1093.0	0.6666666666666666
68287	186	0	5	0.4575	128.4	642.0	0.6666666666666666
68288	134	0	5	0.3275	132.0	660.0	0.0
68289	40	0	5	0.0925	38.0	190.0	0.0
68290	249	0	5	0.615	184.2	921.0	0.0
68291	128	0	5	0.3125	28.0	140.0	0.3333333333333333
68292	383	1	4	0.955	257.6	1288.0	1.0
68293	376	1	4	0.9375	231.2	1156.0	1.0
68294	12	0	5	0.0225	10.0	50.0	0.0
68295	228	0	5	0.5625	166.6	833.0	0.6666666666666666
68296	390	1	4	0.9725	158.6	793.0	1.0
68297	277	0	5	0.685	100.2	501.0	0.0
68298	212	0	5	0.5225	210.0	1050.0	0.3333333333333333
68299	398	0	5	0.9875	273.8	1369.0	0.6666666666666666
68300	131	0	5	0.32	110.2	551.0	0.3333333333333333
68301	224	0	5	0.5525	222.0	1110.0	0.0
68302	236	0	5	0.5825	159.4	797.0	0.0
68303	317	0	5	0.785	175.4	877.0	0.6666666666666666
68304	284	0	5	0.7025	128.6	643.0	0.6666666666666666
68305	314	0	5	0.7775	258.8	1294.0	0.3333333333333333
68306	296	0	5	0.7325	159.0	795.0	0.3333333333333333
68307	287	0	5	0.71	138.2	691.0	0.6666666666666666
68308	132	0	5	0.3225	97.6	488.0	0.3333333333333333
68309	353	1	4	0.88	229.4	1147.0	1.0
68310	236	0	5	0.5825	159.0	795.0	0.3333333333333333
68311	130	0	5	0.3175	101.2	506.0	0.0
68312	262	0	5	0.6475	238.6	1193.0	0.6666666666666666
68313	245	0	5	0.605	192.4	962.0	0.3333333333333333
68314	219	0	5	0.54	116.6	583.0	0.3333333333333333
68315	324	0	5	0.8025	105.8	529.0	0.6666666666666666
68316	178	0	5	0.4375	124.8	624.0	0.3333333333333333
68317	75	0	5	0.18	73.0	365.0	0.0
68318	302	0	5	0.7475	181.6	908.0	0.6666666666666666
68319	306	0	5	0.7575	97.0	485.0	0.3333333333333333
68320	269	0	5	0.665	183.0	915.0	0.3333333333333333
68321	145	0	5	0.355	90.2	451.0	0.3333333333333333
68322	202	0	5	0.4975	147.6	738.0	0.3333333333333333
68323	377	0	5	0.935	257.8	1289.0	0.6666666666666666
68324	124	0	5	0.3025	114.0	570.0	0.3333333333333333
68325	156	0	5	0.3825	137.2	686.0	0.3333333333333333
68326	189	0	5	0.465	148.0	740.0	0.3333333333333333
68327	96	0	5	0.2325	88.0	440.0	0.0
68328	33	0	5	0.075	29.0	145.0	0.3333333333333333
68329	239	0	5	0.59	74.6	373.0	0.6666666666666666
68330	228	1	4	0.5675	157.6	788.0	1.0
68331	226	0	5	0.5575	156.8	784.0	0.0
68332	132	0	5	0.3225	63.6	318.0	0.3333333333333333
68333	255	0	5	0.63	121.0	605.0	0.6666666666666666
68334	130	1	4	0.3225	85.8	429.0	1.0
68335	367	0	5	0.91	147.8	739.0	0.6666666666666666
68336	310	0	5	0.7675	125.2	626.0	0.3333333333333333
68337	153	0	5	0.375	151.0	755.0	0.0
68338	298	0	5	0.7375	180.0	900.0	0.3333333333333333
68339	346	0	5	0.8575	186.6	933.0	0.6666666666666666
68340	270	0	5	0.6675	177.8	889.0	0.6666666666666666
68341	83	0	5	0.2	53.8	269.0	0.0
68342	330	0	5	0.8175	121.6	608.0	0.6666666666666666
68343	234	0	5	0.5775	232.0	1160.0	0.0
68344	385	0	5	0.955	181.0	905.0	0.6666666666666666
68345	103	0	5	0.25	101.0	505.0	0.0
68346	295	0	5	0.73	229.0	1145.0	0.3333333333333333
68347	275	0	5	0.68	108.6	543.0	0.6666666666666666
68348	31	0	5	0.07	29.0	145.0	0.0
68349	224	0	5	0.5525	180.8	904.0	0.6666666666666666
68350	150	0	5	0.3675	61.0	305.0	0.3333333333333333
68351	31	0	5	0.07	9.0	45.0	0.3333333333333333
68352	367	1	4	0.915	201.6	1008.0	1.0
68353	367	1	4	0.915	205.6	1028.0	1.0
68354	108	0	5	0.2625	90.8	454.0	0.3333333333333333
68355	146	0	5	0.3575	46.4	232.0	0.3333333333333333
68356	111	0	5	0.27	57.8	289.0	0.3333333333333333
68357	393	0	5	0.975	250.0	1250.0	0.6666666666666666
68358	344	0	5	0.8525	246.8	1234.0	0.6666666666666666
68359	230	0	5	0.5675	110.6	553.0	0.3333333333333333
68360	56	0	5	0.1325	47.4	237.0	0.6666666666666666
68361	279	0	5	0.69	252.8	1264.0	0.3333333333333333
68362	86	0	5	0.2075	62.8	314.0	0.3333333333333333
68363	173	0	5	0.425	141.4	707.0	0.0
68364	352	0	5	0.8725	255.4	1277.0	0.6666666666666666
68365	43	0	5	0.1	41.0	205.0	0.0
68366	87	0	5	0.21	80.8	404.0	0.0
68367	232	0	5	0.5725	160.2	801.0	0.3333333333333333
68368	344	0	5	0.8525	270.6	1353.0	0.6666666666666666
68369	242	0	5	0.5975	110.4	552.0	0.3333333333333333
68370	117	0	5	0.285	93.2	466.0	0.0
68371	331	0	5	0.82	122.6	613.0	0.6666666666666666
68372	133	0	5	0.325	55.4	277.0	0.0
68373	77	0	5	0.185	74.2	371.0	0.3333333333333333
68374	246	0	5	0.6075	132.0	660.0	0.3333333333333333
68375	99	0	5	0.24	76.2	381.0	0.0
68376	318	0	5	0.7875	255.2	1276.0	0.6666666666666666
68377	173	0	5	0.425	114.6	573.0	0.3333333333333333
68378	325	0	5	0.805	286.8	1434.0	0.3333333333333333
68379	147	0	5	0.36	68.8	344.0	0.0
68380	207	0	5	0.51	140.2	701.0	0.3333333333333333
68381	170	0	5	0.4175	168.0	840.0	0.0
68382	237	0	5	0.585	193.2	966.0	0.6666666666666666
68383	341	0	5	0.845	223.0	1115.0	0.6666666666666666
68384	377	0	5	0.935	246.4	1232.0	0.6666666666666666
68385	57	0	5	0.135	51.0	255.0	0.3333333333333333
68386	57	0	5	0.135	13.4	67.0	0.0
68387	130	0	5	0.3175	88.8	444.0	0.3333333333333333
68388	246	0	5	0.6075	138.8	694.0	0.3333333333333333
68389	356	1	4	0.8875	244.4	1222.0	1.0
68390	217	0	5	0.535	135.2	676.0	0.6666666666666666
68391	146	0	5	0.3575	59.4	297.0	0.6666666666666666
68392	319	0	5	0.79	203.4	1017.0	0.3333333333333333
68393	9	0	5	0.015	7.0	35.0	0.0
68394	167	0	5	0.41	140.6	703.0	0.6666666666666666
68395	294	0	5	0.7275	151.6	758.0	0.6666666666666666
68396	263	0	5	0.65	210.2	1051.0	0.3333333333333333
68397	233	0	5	0.575	162.6	813.0	0.0
68398	155	0	5	0.38	125.8	629.0	0.3333333333333333
68399	383	0	5	0.95	267.0	1335.0	0.6666666666666666
68400	251	0	5	0.62	206.2	1031.0	0.3333333333333333
68401	124	0	5	0.3025	82.4	412.0	0.3333333333333333
68402	108	0	5	0.2625	86.8	434.0	0.3333333333333333
68403	337	0	5	0.835	270.8	1354.0	0.3333333333333333
68404	175	0	5	0.43	135.8	679.0	0.3333333333333333
68405	167	0	5	0.41	85.0	425.0	0.3333333333333333
68406	262	0	5	0.6475	189.2	946.0	0.3333333333333333
68407	316	0	5	0.7825	192.8	964.0	0.6666666666666666
68408	313	0	5	0.775	88.4	442.0	0.6666666666666666
68409	138	0	5	0.3375	100.6	503.0	0.3333333333333333
68410	177	0	5	0.435	92.8	464.0	0.3333333333333333
68411	138	0	5	0.3375	136.0	680.0	0.0
68412	118	0	5	0.2875	101.6	508.0	0.3333333333333333
68413	391	0	5	0.97	168.8	844.0	0.6666666666666666
68414	145	0	5	0.355	110.6	553.0	0.3333333333333333
68415	348	0	5	0.8625	265.2	1326.0	0.6666666666666666
68416	333	0	5	0.825	257.2	1286.0	0.6666666666666666
68417	83	0	5	0.2	39.4	197.0	0.0
68418	306	0	5	0.7575	172.8	864.0	0.6666666666666666
68419	233	1	4	0.58	122.6	613.0	1.0
68420	80	0	5	0.1925	56.4	282.0	0.0
68421	3	0	5	0.0025	0.4	2.0	0.3333333333333333
68422	356	1	3	0.8875	273.8	1369.0	1.0
68423	400	0	5	0.9925	104.0	520.0	0.6666666666666666
68424	267	0	5	0.66	107.4	537.0	0.3333333333333333
68425	64	0	5	0.1525	47.0	235.0	0.6666666666666666
68426	349	1	4	0.87	153.8	769.0	1.0
68427	238	0	5	0.5875	144.8	724.0	0.3333333333333333
68428	117	0	5	0.285	111.4	557.0	0.3333333333333333
68429	209	0	5	0.515	159.6	798.0	0.3333333333333333
68430	245	0	5	0.605	172.8	864.0	0.3333333333333333
68431	379	0	5	0.94	251.8	1259.0	0.6666666666666666
68432	272	0	5	0.6725	153.2	766.0	0.3333333333333333
68433	129	0	5	0.315	100.6	503.0	0.3333333333333333
68434	123	0	5	0.3	99.0	495.0	0.6666666666666666
68435	319	1	3	0.795	208.8	1044.0	1.0
68436	60	0	5	0.1425	58.0	290.0	0.0
68437	144	0	5	0.3525	84.4	422.0	0.6666666666666666
68438	58	0	5	0.1375	47.0	235.0	0.0
68439	383	1	3	0.955	212.0	1060.0	1.0
68440	344	0	5	0.8525	214.6	1073.0	0.3333333333333333
68441	349	0	5	0.865	311.4	1557.0	0.3333333333333333
68442	24	0	5	0.0525	22.0	110.0	0.0
68443	206	1	4	0.5125	140.8	704.0	1.0
68444	227	0	5	0.56	124.4	622.0	0.0
68445	347	0	5	0.86	194.2	971.0	0.3333333333333333
68446	253	1	4	0.63	166.0	830.0	1.0
68447	114	0	5	0.2775	69.6	348.0	0.6666666666666666
68448	149	0	5	0.365	59.4	297.0	0.6666666666666666
68449	75	0	5	0.18	59.0	295.0	0.0
68450	166	0	5	0.4075	91.8	459.0	0.3333333333333333
68451	247	0	5	0.61	161.4	807.0	0.3333333333333333
68452	168	0	5	0.4125	151.6	758.0	0.0
68453	320	0	5	0.7925	132.4	662.0	0.6666666666666666
68454	317	0	5	0.785	255.0	1275.0	0.3333333333333333
68455	254	0	5	0.6275	58.4	292.0	0.3333333333333333
68456	317	0	5	0.785	190.2	951.0	0.0
68457	174	0	5	0.4275	172.0	860.0	0.0
68458	388	1	4	0.9675	141.6	708.0	1.0
68459	26	0	5	0.0575	24.0	120.0	0.0
68460	145	0	5	0.355	60.6	303.0	0.3333333333333333
68461	62	0	5	0.1475	45.2	226.0	0.3333333333333333
68462	234	0	5	0.5775	133.6	668.0	0.6666666666666666
68463	130	0	5	0.3175	113.2	566.0	0.0
68464	83	0	5	0.2	36.6	183.0	0.0
68465	192	0	5	0.4725	94.4	472.0	0.3333333333333333
68466	317	0	5	0.785	177.6	888.0	0.6666666666666666
68467	300	1	4	0.7475	153.4	767.0	1.0
68468	279	0	5	0.69	182.6	913.0	0.6666666666666666
68469	307	1	4	0.765	187.2	936.0	1.0
68470	319	0	5	0.79	153.6	768.0	0.6666666666666666
68471	174	0	5	0.4275	103.2	516.0	0.3333333333333333
68472	328	0	5	0.8125	182.4	912.0	0.3333333333333333
68473	175	0	5	0.43	148.8	744.0	0.3333333333333333
68474	59	0	5	0.14	21.0	105.0	0.3333333333333333
68475	145	0	5	0.355	104.2	521.0	0.3333333333333333
68476	273	0	5	0.675	67.6	338.0	0.6666666666666666
68477	284	0	5	0.7025	198.2	991.0	0.3333333333333333
68478	275	0	5	0.68	192.8	964.0	0.0
68479	211	0	5	0.52	192.2	961.0	0.6666666666666666
68480	377	0	5	0.935	234.0	1170.0	0.3333333333333333
68481	50	0	5	0.1175	11.2	56.0	0.3333333333333333
68482	147	0	5	0.36	136.6	683.0	0.0
68483	328	0	5	0.8125	256.8	1284.0	0.3333333333333333
68484	318	0	5	0.7875	204.4	1022.0	0.3333333333333333
68485	201	0	5	0.495	194.0	970.0	0.3333333333333333
68486	267	0	5	0.66	223.8	1119.0	0.3333333333333333
68487	91	0	5	0.22	87.0	435.0	0.3333333333333333
68488	3	0	5	0.0025	0.2	1.0	0.3333333333333333
68489	253	0	5	0.625	136.2	681.0	0.6666666666666666
68490	298	0	5	0.7375	258.4	1292.0	0.3333333333333333
68491	170	0	5	0.4175	168.0	840.0	0.0
68492	327	0	5	0.81	203.8	1019.0	0.6666666666666666
68493	40	0	5	0.0925	32.0	160.0	0.0
68494	197	0	5	0.485	132.0	660.0	0.3333333333333333
68495	278	0	5	0.6875	197.2	986.0	0.6666666666666666
68496	272	0	5	0.6725	102.4	512.0	0.6666666666666666
68497	305	0	5	0.755	147.4	737.0	0.6666666666666666
68498	283	0	5	0.7	207.8	1039.0	0.3333333333333333
68499	338	1	4	0.8425	198.4	992.0	1.0
68500	101	0	5	0.245	69.4	347.0	0.3333333333333333
68501	350	1	4	0.8725	80.4	402.0	1.0
68502	200	0	5	0.4925	61.0	305.0	0.6666666666666666
68503	131	0	5	0.32	65.6	328.0	0.0
68504	175	0	5	0.43	173.0	865.0	0.0
68505	32	0	5	0.0725	30.0	150.0	0.0
68506	254	0	5	0.6275	232.8	1164.0	0.3333333333333333
68507	284	0	5	0.7025	243.8	1219.0	0.6666666666666666
68508	89	0	5	0.215	83.4	417.0	0.3333333333333333
68509	183	0	5	0.45	80.8	404.0	0.0
68510	319	0	5	0.79	196.2	981.0	0.6666666666666666
68511	4	0	5	0.0025	2.0	10.0	0.0
68512	321	0	5	0.795	181.0	905.0	0.3333333333333333
68513	308	0	5	0.7625	273.8	1369.0	0.0
68514	120	0	5	0.2925	70.8	354.0	0.6666666666666666
68515	319	0	5	0.79	151.2	756.0	0.6666666666666666
68516	100	0	5	0.2425	65.8	329.0	0.0
68517	377	0	5	0.935	266.4	1332.0	0.6666666666666666
68518	84	0	5	0.2025	75.2	376.0	0.3333333333333333
68519	273	1	4	0.68	204.0	1020.0	1.0
68520	207	0	5	0.51	130.4	652.0	0.3333333333333333
68521	281	0	5	0.695	117.6	588.0	0.3333333333333333
68522	274	0	5	0.6775	151.2	756.0	0.3333333333333333
68523	362	0	5	0.8975	214.8	1074.0	0.6666666666666666
68524	213	0	5	0.525	65.4	327.0	0.6666666666666666
68525	27	0	5	0.06	25.0	125.0	0.3333333333333333
68526	305	0	5	0.755	241.0	1205.0	0.3333333333333333
68527	176	0	5	0.4325	138.2	691.0	0.3333333333333333
68528	185	0	5	0.455	126.6	633.0	0.6666666666666666
68529	117	0	5	0.285	109.4	547.0	0.3333333333333333
68530	206	0	5	0.5075	204.0	1020.0	0.3333333333333333
68531	252	0	5	0.6225	192.0	960.0	0.0
68532	336	0	5	0.8325	236.6	1183.0	0.6666666666666666
68533	378	0	5	0.9375	216.8	1084.0	0.6666666666666666
68534	218	0	5	0.5375	206.4	1032.0	0.3333333333333333
68535	303	0	5	0.75	173.6	868.0	0.6666666666666666
68536	45	0	5	0.105	39.4	197.0	0.0
68537	385	0	5	0.955	194.8	974.0	0.6666666666666666
68538	321	0	5	0.795	282.8	1414.0	0.6666666666666666
68539	25	0	5	0.055	23.0	115.0	0.0
68540	222	0	5	0.5475	143.0	715.0	0.0
68541	234	0	5	0.5775	157.6	788.0	0.3333333333333333
68542	138	0	5	0.3375	107.2	536.0	0.0
68543	277	0	5	0.685	99.0	495.0	0.6666666666666666
68544	4	0	5	0.0025	2.0	10.0	0.0
68545	274	0	5	0.6775	100.2	501.0	0.3333333333333333
68546	171	0	5	0.42	107.0	535.0	0.6666666666666666
68547	118	0	5	0.2875	113.2	566.0	0.3333333333333333
68548	155	0	5	0.38	113.4	567.0	0.3333333333333333
68549	340	0	5	0.8425	154.4	772.0	0.6666666666666666
68550	230	0	5	0.5675	206.8	1034.0	0.3333333333333333
68551	112	0	5	0.2725	32.4	162.0	0.3333333333333333
68552	168	0	5	0.4125	65.2	326.0	0.3333333333333333
68553	374	0	5	0.9275	173.6	868.0	0.6666666666666666
68554	3	0	5	0.0025	0.2	1.0	0.3333333333333333
68555	63	0	5	0.15	52.6	263.0	0.0
68556	276	0	5	0.6825	152.4	762.0	0.0
68557	383	0	5	0.95	233.0	1165.0	0.6666666666666666
68558	302	0	5	0.7475	232.0	1160.0	0.6666666666666666
68559	189	0	5	0.465	158.8	794.0	0.0
68560	199	0	5	0.49	163.4	817.0	0.3333333333333333
68561	122	0	5	0.2975	75.2	376.0	0.3333333333333333
68562	171	0	5	0.42	129.0	645.0	0.3333333333333333
68563	140	1	4	0.3475	111.6	558.0	1.0
68564	368	0	5	0.9125	174.4	872.0	0.6666666666666666
68565	378	0	5	0.9375	170.6	853.0	0.6666666666666666
68566	210	0	5	0.5175	131.8	659.0	0.0
68567	313	0	5	0.775	189.6	948.0	0.6666666666666666
68568	108	0	5	0.2625	34.0	170.0	0.0
68569	62	0	5	0.1475	27.0	135.0	0.3333333333333333
68570	114	0	5	0.2775	62.4	312.0	0.3333333333333333
68571	104	0	5	0.2525	67.6	338.0	0.3333333333333333
68572	279	0	5	0.69	145.8	729.0	0.6666666666666666
68573	40	0	5	0.0925	38.0	190.0	0.0
68574	322	1	4	0.8025	218.8	1094.0	1.0
68575	317	0	5	0.785	173.0	865.0	0.6666666666666666
68576	93	0	5	0.225	76.8	384.0	0.3333333333333333
68577	94	0	5	0.2275	92.0	460.0	0.0
68578	244	1	4	0.6075	133.6	668.0	1.0
68579	229	0	5	0.565	100.4	502.0	0.3333333333333333
68580	189	0	5	0.465	45.4	227.0	0.6666666666666666
68581	364	0	5	0.9025	186.0	930.0	0.6666666666666666
68582	82	0	5	0.1975	68.6	343.0	0.0
68583	304	0	5	0.7525	199.8	999.0	0.6666666666666666
68584	372	1	4	0.9275	202.6	1013.0	1.0
68585	205	0	5	0.505	122.6	613.0	0.3333333333333333
68586	107	0	5	0.26	29.0	145.0	0.6666666666666666
68587	173	0	5	0.425	125.4	627.0	0.6666666666666666
68588	53	0	5	0.125	40.2	201.0	0.0
68589	181	0	5	0.445	161.2	806.0	0.0
68590	13	0	5	0.025	11.0	55.0	0.0
68591	195	0	5	0.48	162.6	813.0	0.0
68592	245	0	5	0.605	243.0	1215.0	0.0
68593	241	0	5	0.595	124.6	623.0	0.6666666666666666
68594	62	0	5	0.1475	49.6	248.0	0.3333333333333333
68595	343	0	5	0.85	241.4	1207.0	0.6666666666666666
68596	54	0	5	0.1275	52.0	260.0	0.0
68597	38	0	5	0.0875	36.0	180.0	0.0
68598	381	0	5	0.945	287.4	1437.0	0.6666666666666666
68599	276	0	5	0.6825	90.4	452.0	0.3333333333333333
68600	95	0	5	0.23	38.6	193.0	0.3333333333333333
68601	137	0	5	0.335	132.6	663.0	0.3333333333333333
68602	318	0	5	0.7875	200.8	1004.0	0.6666666666666666
68603	280	0	5	0.6925	172.4	862.0	0.3333333333333333
68604	129	0	5	0.315	61.0	305.0	0.0
68605	39	0	5	0.09	37.0	185.0	0.0
68606	267	0	5	0.66	75.4	377.0	0.3333333333333333
68607	289	0	5	0.715	154.2	771.0	0.6666666666666666
68608	285	0	5	0.705	175.6	878.0	0.6666666666666666
68609	291	0	5	0.72	274.2	1371.0	0.3333333333333333
68610	189	0	5	0.465	114.4	572.0	0.3333333333333333
68611	224	0	5	0.5525	192.8	964.0	0.6666666666666666
68612	373	0	5	0.925	174.2	871.0	0.3333333333333333
68613	236	0	5	0.5825	209.4	1047.0	0.3333333333333333
68614	157	0	5	0.385	128.2	641.0	0.3333333333333333
68615	56	0	5	0.1325	54.0	270.0	0.0
68616	152	0	5	0.3725	99.6	498.0	0.3333333333333333
68617	286	0	5	0.7075	137.2	686.0	0.3333333333333333
68618	42	0	5	0.0975	32.8	164.0	0.3333333333333333
68619	357	0	5	0.885	242.2	1211.0	0.6666666666666666
68620	100	0	5	0.2425	79.6	398.0	0.0
68621	147	0	5	0.36	145.0	725.0	0.0
68622	262	0	5	0.6475	260.0	1300.0	0.0
68623	249	0	5	0.615	118.6	593.0	0.3333333333333333
68624	370	1	4	0.9225	75.6	378.0	1.0
68625	394	0	5	0.9775	273.4	1367.0	0.6666666666666666
68626	158	0	5	0.3875	146.4	732.0	0.3333333333333333
68627	168	0	5	0.4125	138.4	692.0	0.3333333333333333
68628	240	0	5	0.5925	210.8	1054.0	0.3333333333333333
68629	68	0	5	0.1625	39.6	198.0	0.3333333333333333
68630	374	1	4	0.9325	225.2	1126.0	1.0
68631	127	0	5	0.31	115.4	577.0	0.0
68632	222	0	5	0.5475	210.4	1052.0	0.3333333333333333
68633	268	0	5	0.6625	209.8	1049.0	0.6666666666666666
68634	308	0	5	0.7625	143.6	718.0	0.3333333333333333
68635	322	0	5	0.7975	167.8	839.0	0.3333333333333333
68636	391	0	5	0.97	335.6	1678.0	0.6666666666666666
68637	240	0	5	0.5925	234.4	1172.0	0.0
68638	352	0	5	0.8725	161.2	806.0	0.6666666666666666
68639	142	0	5	0.3475	140.0	700.0	0.0
68640	290	0	5	0.7175	191.2	956.0	0.6666666666666666
68641	96	0	5	0.2325	54.4	272.0	0.3333333333333333
68642	300	0	5	0.7425	143.4	717.0	0.3333333333333333
68643	25	0	5	0.055	23.0	115.0	0.0
68644	360	0	5	0.8925	297.2	1486.0	0.6666666666666666
68645	258	1	4	0.6425	237.2	1186.0	1.0
68646	300	0	5	0.7425	117.2	586.0	0.3333333333333333
68647	68	0	5	0.1625	58.0	290.0	0.0
68648	240	1	4	0.5975	144.0	720.0	1.0
68649	335	0	5	0.83	142.8	714.0	0.3333333333333333
68650	99	0	5	0.24	86.8	434.0	0.3333333333333333
68651	262	0	5	0.6475	95.2	476.0	0.3333333333333333
68652	274	0	5	0.6775	181.2	906.0	0.3333333333333333
68653	262	0	5	0.6475	116.0	580.0	0.6666666666666666
68654	134	0	5	0.3275	125.4	627.0	0.3333333333333333
68655	367	0	5	0.91	159.4	797.0	0.6666666666666666
68656	375	1	4	0.935	183.0	915.0	1.0
68657	203	0	5	0.5	67.8	339.0	0.3333333333333333
68658	225	0	5	0.555	131.0	655.0	0.3333333333333333
68659	82	0	5	0.1975	80.0	400.0	0.0
68660	401	0	3	0.9975	276.0	1380.0	0.6666666666666666
68661	391	0	5	0.97	193.8	969.0	0.6666666666666666
68662	168	0	5	0.4125	108.0	540.0	0.3333333333333333
68663	82	0	5	0.1975	42.4	212.0	0.0
68664	186	0	5	0.4575	128.0	640.0	0.6666666666666666
68665	183	0	5	0.45	122.6	613.0	0.6666666666666666
68666	195	1	4	0.485	59.8	299.0	1.0
68667	259	0	5	0.64	150.2	751.0	0.6666666666666666
68668	92	0	5	0.2225	90.0	450.0	0.0
68669	306	0	5	0.7575	163.6	818.0	0.6666666666666666
68670	72	0	5	0.1725	70.0	350.0	0.0
68671	362	0	5	0.8975	246.0	1230.0	0.6666666666666666
68672	335	0	5	0.83	276.8	1384.0	0.3333333333333333
68673	226	0	5	0.5575	198.0	990.0	0.6666666666666666
68674	52	0	5	0.1225	50.0	250.0	0.0
68675	217	0	5	0.535	143.8	719.0	0.0
68676	265	0	5	0.655	172.6	863.0	0.3333333333333333
68677	345	0	5	0.855	179.8	899.0	0.3333333333333333
68678	274	0	5	0.6775	162.6	813.0	0.3333333333333333
68679	261	0	5	0.645	71.4	357.0	0.6666666666666666
68680	307	0	5	0.76	82.4	412.0	0.6666666666666666
68681	268	0	5	0.6625	149.0	745.0	0.3333333333333333
68682	34	0	5	0.0775	20.0	100.0	0.3333333333333333
68683	147	0	5	0.36	145.0	725.0	0.0
68684	125	0	5	0.305	114.2	571.0	0.0
68685	290	0	5	0.7175	234.0	1170.0	0.0
68686	26	0	5	0.0575	20.0	100.0	0.3333333333333333
68687	192	0	5	0.4725	179.6	898.0	0.3333333333333333
68688	66	0	5	0.1575	32.8	164.0	0.0
68689	109	0	5	0.265	107.0	535.0	0.0
68690	165	0	5	0.405	52.6	263.0	0.0
68691	30	0	5	0.0675	28.0	140.0	0.0
68692	324	1	4	0.8075	89.6	448.0	1.0
68693	313	0	5	0.775	169.2	846.0	0.6666666666666666
68694	389	0	5	0.965	308.2	1541.0	0.6666666666666666
68695	332	0	5	0.8225	206.6	1033.0	0.3333333333333333
68696	2	0	5	0.0	0.0	0.0	0.0
68697	265	0	5	0.655	188.6	943.0	0.3333333333333333
68698	340	0	5	0.8425	223.4	1117.0	0.6666666666666666
68699	155	0	5	0.38	96.0	480.0	0.0
68700	299	0	5	0.74	218.0	1090.0	0.6666666666666666
68701	287	0	5	0.71	105.8	529.0	0.3333333333333333
68702	133	0	5	0.325	93.2	466.0	0.3333333333333333
68703	99	0	5	0.24	97.0	485.0	0.0
68704	198	0	5	0.4875	83.2	416.0	0.0
68705	258	0	5	0.6375	96.6	483.0	0.3333333333333333
68706	274	0	5	0.6775	188.0	940.0	0.6666666666666666
68707	249	0	5	0.615	180.2	901.0	0.6666666666666666
68708	263	0	5	0.65	175.4	877.0	0.3333333333333333
68709	57	0	5	0.135	55.0	275.0	0.0
68710	275	0	5	0.68	132.0	660.0	0.3333333333333333
68711	153	0	5	0.375	122.6	613.0	0.0
68712	393	0	5	0.975	146.0	730.0	0.6666666666666666
68713	325	0	5	0.805	233.4	1167.0	0.6666666666666666
68714	6	0	5	0.0075	4.0	20.0	0.0
68715	71	0	5	0.17	43.8	219.0	0.3333333333333333
68716	336	0	5	0.8325	243.6	1218.0	0.6666666666666666
68717	163	0	5	0.4	116.2	581.0	0.3333333333333333
68718	180	0	5	0.4425	134.4	672.0	0.0
68719	343	0	5	0.85	212.0	1060.0	0.6666666666666666
68720	126	0	5	0.3075	37.6	188.0	0.3333333333333333
68721	126	1	4	0.3125	61.0	305.0	1.0
68722	240	0	5	0.5925	94.0	470.0	0.6666666666666666
68723	348	1	4	0.8675	112.6	563.0	1.0
68724	221	0	5	0.545	97.2	486.0	0.3333333333333333
68725	353	0	5	0.875	274.6	1373.0	0.3333333333333333
68726	336	0	5	0.8325	141.2	706.0	0.6666666666666666
68727	306	0	5	0.7575	267.6	1338.0	0.6666666666666666
68728	100	0	5	0.2425	72.4	362.0	0.3333333333333333
68729	395	0	5	0.98	224.2	1121.0	0.6666666666666666
68730	226	0	5	0.5575	185.6	928.0	0.3333333333333333
68731	143	0	5	0.35	138.6	693.0	0.0
68732	258	0	5	0.6375	250.4	1252.0	0.3333333333333333
68733	212	0	5	0.5225	72.8	364.0	0.3333333333333333
68734	337	0	5	0.835	172.6	863.0	0.3333333333333333
68735	359	0	5	0.89	193.0	965.0	0.3333333333333333
68736	189	0	5	0.465	163.6	818.0	0.3333333333333333
68737	289	1	4	0.72	185.8	929.0	1.0
68738	275	0	5	0.68	222.2	1111.0	0.3333333333333333
68739	271	0	5	0.67	156.6	783.0	0.6666666666666666
68740	266	0	5	0.6575	170.8	854.0	0.3333333333333333
68741	141	0	5	0.345	113.0	565.0	0.3333333333333333
68742	146	0	5	0.3575	120.4	602.0	0.0
68743	265	0	5	0.655	115.0	575.0	0.3333333333333333
68744	52	0	5	0.1225	50.0	250.0	0.0
68745	32	0	5	0.0725	30.0	150.0	0.0
68746	257	1	4	0.64	107.6	538.0	1.0
68747	194	0	5	0.4775	96.4	482.0	0.3333333333333333
68748	354	0	5	0.8775	238.0	1190.0	0.6666666666666666
68749	245	0	5	0.605	239.2	1196.0	0.3333333333333333
68750	397	0	5	0.985	178.0	890.0	0.6666666666666666
68751	142	0	5	0.3475	102.8	514.0	0.3333333333333333
68752	70	0	5	0.1675	55.4	277.0	0.3333333333333333
68753	218	0	5	0.5375	118.4	592.0	0.6666666666666666
68754	75	0	5	0.18	73.0	365.0	0.0
68755	61	0	5	0.145	55.0	275.0	0.3333333333333333
68756	90	0	5	0.2175	85.0	425.0	0.3333333333333333
68757	96	0	5	0.2325	55.2	276.0	0.3333333333333333
68758	67	0	5	0.16	65.0	325.0	0.3333333333333333
68759	275	0	5	0.68	122.8	614.0	0.3333333333333333
68760	183	0	5	0.45	97.8	489.0	0.0
68761	329	0	5	0.815	87.8	439.0	0.3333333333333333
68762	28	0	5	0.0625	21.2	106.0	0.3333333333333333
68763	32	0	5	0.0725	30.0	150.0	0.0
68764	276	0	5	0.6825	83.6	418.0	0.6666666666666666
68765	38	0	5	0.0875	12.0	60.0	0.3333333333333333
68766	122	0	5	0.2975	101.6	508.0	0.3333333333333333
68767	257	0	5	0.635	179.8	899.0	0.0
68768	191	0	5	0.47	162.0	810.0	0.3333333333333333
68769	320	0	5	0.7925	168.6	843.0	0.3333333333333333
68770	390	1	4	0.9725	130.8	654.0	1.0
68771	356	0	5	0.8825	283.2	1416.0	0.6666666666666666
68772	199	0	5	0.49	179.6	898.0	0.3333333333333333
68773	206	0	5	0.5075	66.8	334.0	0.6666666666666666
68774	177	0	5	0.435	147.2	736.0	0.6666666666666666
68775	173	0	5	0.425	103.0	515.0	0.6666666666666666
68776	346	0	5	0.8575	183.2	916.0	0.6666666666666666
68777	176	0	5	0.4325	140.4	702.0	0.3333333333333333
68778	350	0	5	0.8675	301.0	1505.0	0.3333333333333333
68779	176	0	5	0.4325	64.0	320.0	0.6666666666666666
68780	123	0	5	0.3	103.4	517.0	0.3333333333333333
68781	245	0	5	0.605	150.4	752.0	0.3333333333333333
68782	175	0	5	0.43	145.8	729.0	0.3333333333333333
68783	241	0	5	0.595	153.6	768.0	0.6666666666666666
68784	397	1	4	0.99	246.6	1233.0	1.0
68785	127	0	5	0.31	62.0	310.0	0.3333333333333333
68786	171	1	4	0.425	114.2	571.0	1.0
68787	347	0	5	0.86	211.4	1057.0	0.3333333333333333
68788	54	0	5	0.1275	52.0	260.0	0.0
68789	50	0	5	0.1175	48.0	240.0	0.0
68790	287	0	5	0.71	166.8	834.0	0.3333333333333333
68791	35	0	5	0.08	21.0	105.0	0.3333333333333333
68792	27	0	5	0.06	25.0	125.0	0.0
68793	285	0	5	0.705	160.8	804.0	0.6666666666666666
68794	168	0	5	0.4125	132.4	662.0	0.0
68795	292	0	5	0.7225	125.2	626.0	0.6666666666666666
68796	160	0	5	0.3925	114.8	574.0	0.3333333333333333
68797	46	0	5	0.1075	44.0	220.0	0.0
68798	248	0	5	0.6125	166.2	831.0	0.3333333333333333
68799	373	1	4	0.93	326.8	1634.0	1.0
68800	103	0	5	0.25	95.6	478.0	0.3333333333333333
68801	282	0	5	0.6975	216.6	1083.0	0.6666666666666666
68802	276	0	5	0.6825	119.6	598.0	0.6666666666666666
68803	292	0	5	0.7225	122.8	614.0	0.6666666666666666
68804	364	0	5	0.9025	272.6	1363.0	0.6666666666666666
68805	122	0	5	0.2975	120.0	600.0	0.0
68806	274	0	5	0.6775	149.0	745.0	0.6666666666666666
68807	278	0	5	0.6875	198.4	992.0	0.6666666666666666
68808	236	0	5	0.5825	172.8	864.0	0.3333333333333333
68809	289	0	5	0.715	167.0	835.0	0.3333333333333333
68810	16	0	5	0.0325	14.0	70.0	0.0
68811	313	0	5	0.775	158.2	791.0	0.3333333333333333
68812	255	0	5	0.63	90.4	452.0	0.6666666666666666
68813	125	0	5	0.305	109.2	546.0	0.3333333333333333
68814	47	0	5	0.11	45.0	225.0	0.0
68815	16	0	5	0.0325	12.0	60.0	0.3333333333333333
68816	320	1	4	0.7975	105.0	525.0	1.0
68817	296	0	5	0.7325	155.4	777.0	0.3333333333333333
68818	196	0	5	0.4825	71.6	358.0	0.0
68819	141	0	5	0.345	81.0	405.0	0.3333333333333333
68820	334	0	5	0.8275	206.8	1034.0	0.6666666666666666
68821	253	0	5	0.625	81.4	407.0	0.3333333333333333
68822	253	0	5	0.625	108.6	543.0	0.3333333333333333
68823	285	0	5	0.705	118.4	592.0	0.3333333333333333
68824	246	0	5	0.6075	174.8	874.0	0.3333333333333333
68825	37	0	5	0.085	35.0	175.0	0.0
68826	214	0	5	0.5275	197.8	989.0	0.3333333333333333
68827	394	0	5	0.9775	290.6	1453.0	0.3333333333333333
68828	61	0	5	0.145	59.0	295.0	0.0
68829	249	0	5	0.615	130.0	650.0	0.6666666666666666
68830	4	0	5	0.0025	2.0	10.0	0.0
68831	47	0	5	0.11	36.6	183.0	0.0
68832	313	0	5	0.775	159.6	798.0	0.6666666666666666
68833	9	0	5	0.015	7.0	35.0	0.0
68834	376	0	5	0.9325	205.4	1027.0	0.3333333333333333
68835	36	0	5	0.0825	34.0	170.0	0.0
68836	301	1	4	0.75	117.8	589.0	1.0
68837	279	0	5	0.69	243.4	1217.0	0.3333333333333333
68838	248	0	5	0.6125	149.4	747.0	0.6666666666666666
68839	374	0	5	0.9275	143.6	718.0	0.6666666666666666
68840	97	0	5	0.235	71.0	355.0	0.3333333333333333
68841	138	0	5	0.3375	110.0	550.0	0.3333333333333333
68842	60	0	5	0.1425	49.6	248.0	0.3333333333333333
68843	127	0	5	0.31	102.8	514.0	0.3333333333333333
68844	279	1	3	0.695	216.4	1082.0	1.0
68845	203	0	5	0.5	197.4	987.0	0.0
68846	212	1	4	0.5275	52.8	264.0	1.0
68847	119	0	5	0.29	117.0	585.0	0.0
68848	245	0	5	0.605	147.8	739.0	0.3333333333333333
68849	296	0	5	0.7325	228.8	1144.0	0.0
68850	372	0	5	0.9225	132.4	662.0	0.6666666666666666
68851	265	0	5	0.655	123.8	619.0	0.3333333333333333
68852	174	0	5	0.4275	146.8	734.0	0.3333333333333333
68853	164	0	5	0.4025	55.6	278.0	0.3333333333333333
68854	28	0	5	0.0625	15.2	76.0	0.3333333333333333
68855	306	0	5	0.7575	217.6	1088.0	0.3333333333333333
68856	370	0	5	0.9175	200.4	1002.0	0.6666666666666666
68857	275	0	5	0.68	133.2	666.0	0.3333333333333333
68858	358	0	5	0.8875	175.6	878.0	0.6666666666666666
68859	374	0	5	0.9275	263.2	1316.0	0.6666666666666666
68860	116	0	5	0.2825	77.2	386.0	0.6666666666666666
68861	191	0	5	0.47	73.0	365.0	0.3333333333333333
68862	377	0	5	0.935	185.6	928.0	0.6666666666666666
68863	254	0	5	0.6275	198.0	990.0	0.0
68864	289	0	5	0.715	225.8	1129.0	0.3333333333333333
68865	48	0	5	0.1125	35.6	178.0	0.3333333333333333
68866	253	0	5	0.625	169.4	847.0	0.3333333333333333
68867	64	0	5	0.1525	51.2	256.0	0.3333333333333333
68868	179	0	5	0.44	145.0	725.0	0.3333333333333333
68869	146	0	5	0.3575	105.6	528.0	0.3333333333333333
68870	211	1	4	0.525	193.2	966.0	1.0
68871	362	0	5	0.8975	235.0	1175.0	0.3333333333333333
68872	44	0	5	0.1025	35.2	176.0	0.0
68873	61	0	5	0.145	59.0	295.0	0.0
68874	188	0	5	0.4625	153.2	766.0	0.3333333333333333
68875	106	0	5	0.2575	21.0	105.0	0.3333333333333333
68876	51	0	5	0.12	35.4	177.0	0.3333333333333333
68877	258	0	5	0.6375	175.4	877.0	0.6666666666666666
68878	22	0	5	0.0475	20.0	100.0	0.0
68879	219	0	5	0.54	55.4	277.0	0.6666666666666666
68880	195	0	5	0.48	96.6	483.0	0.3333333333333333
68881	97	0	5	0.235	92.8	464.0	0.3333333333333333
68882	137	0	5	0.335	65.4	327.0	0.3333333333333333
68883	389	0	5	0.965	151.2	756.0	0.6666666666666666
68884	176	0	5	0.4325	129.6	648.0	0.0
68885	253	0	5	0.625	235.4	1177.0	0.6666666666666666
68886	311	0	5	0.77	224.4	1122.0	0.6666666666666666
68887	291	1	4	0.725	194.0	970.0	1.0
68888	354	0	5	0.8775	76.8	384.0	0.6666666666666666
68889	59	0	5	0.14	57.0	285.0	0.0
68890	87	0	5	0.21	75.4	377.0	0.0
68891	189	0	5	0.465	122.6	613.0	0.6666666666666666
68892	172	0	5	0.4225	107.2	536.0	0.3333333333333333
68893	187	1	4	0.465	153.8	769.0	1.0
68894	119	0	5	0.29	72.6	363.0	0.3333333333333333
68895	111	0	5	0.27	83.0	415.0	0.0
68896	243	0	5	0.6	136.6	683.0	0.3333333333333333
68897	234	0	5	0.5775	169.0	845.0	0.3333333333333333
68898	10	0	5	0.0175	8.0	40.0	0.0
68899	277	0	5	0.685	223.0	1115.0	0.3333333333333333
68900	88	0	5	0.2125	86.0	430.0	0.0
68901	307	0	5	0.76	188.6	943.0	0.3333333333333333
68902	202	0	5	0.4975	200.0	1000.0	0.0
68903	107	0	5	0.26	78.2	391.0	0.3333333333333333
68904	275	0	5	0.68	85.8	429.0	0.6666666666666666
68905	288	0	5	0.7125	80.8	404.0	0.6666666666666666
68906	80	0	5	0.1925	50.8	254.0	0.3333333333333333
68907	213	0	5	0.525	191.0	955.0	0.3333333333333333
68908	79	0	5	0.19	17.0	85.0	0.3333333333333333
68909	223	0	5	0.55	156.0	780.0	0.3333333333333333
68910	146	0	5	0.3575	44.8	224.0	0.0
68911	76	0	5	0.1825	51.2	256.0	0.3333333333333333
68912	89	0	5	0.215	49.2	246.0	0.6666666666666666
68913	36	0	5	0.0825	20.8	104.0	0.3333333333333333
68914	333	0	5	0.825	161.4	807.0	0.3333333333333333
68915	27	0	5	0.06	25.0	125.0	0.0
68916	90	0	5	0.2175	44.2	221.0	0.6666666666666666
68917	3	0	5	0.0025	0.4	2.0	0.3333333333333333
68918	269	0	5	0.665	70.8	354.0	0.3333333333333333
68919	204	1	4	0.5075	143.4	717.0	1.0
68920	363	1	4	0.905	203.0	1015.0	1.0
68921	75	0	5	0.18	50.2	251.0	0.3333333333333333
68922	58	0	5	0.1375	56.0	280.0	0.0
68923	283	1	4	0.705	193.8	969.0	1.0
68924	243	0	5	0.6	187.8	939.0	0.3333333333333333
68925	345	0	5	0.855	243.2	1216.0	0.6666666666666666
68926	129	0	5	0.315	92.8	464.0	0.3333333333333333
68927	162	0	5	0.3975	112.8	564.0	0.3333333333333333
68928	130	0	5	0.3175	100.4	502.0	0.0
68929	253	0	5	0.625	179.4	897.0	0.3333333333333333
68930	349	0	5	0.865	256.6	1283.0	0.3333333333333333
68931	52	0	5	0.1225	37.6	188.0	0.3333333333333333
68932	78	0	5	0.1875	64.0	320.0	0.3333333333333333
68933	75	0	5	0.18	73.0	365.0	0.0
68934	228	0	5	0.5625	175.0	875.0	0.3333333333333333
68935	75	0	5	0.18	73.0	365.0	0.0
68936	331	0	5	0.82	154.6	773.0	0.6666666666666666
68937	36	0	5	0.0825	34.0	170.0	0.0
68938	261	0	5	0.645	99.6	498.0	0.6666666666666666
68939	189	0	5	0.465	46.8	234.0	0.3333333333333333
68940	127	0	5	0.31	75.2	376.0	0.3333333333333333
68941	78	0	5	0.1875	76.0	380.0	0.0
68942	139	0	5	0.34	116.0	580.0	0.0
68943	114	0	5	0.2775	97.0	485.0	0.3333333333333333
68944	260	0	5	0.6425	86.6	433.0	0.3333333333333333
68945	340	0	5	0.8425	267.0	1335.0	0.6666666666666666
68946	264	0	5	0.6525	185.6	928.0	0.6666666666666666
68947	135	0	5	0.33	121.0	605.0	0.0
68948	109	0	5	0.265	55.4	277.0	0.3333333333333333
68949	213	0	5	0.525	170.0	850.0	0.0
68950	63	0	5	0.15	61.0	305.0	0.0
68951	41	0	5	0.095	39.0	195.0	0.0
68952	396	0	5	0.9825	157.4	787.0	0.6666666666666666
68953	312	0	5	0.7725	203.8	1019.0	0.6666666666666666
68954	40	0	5	0.0925	38.0	190.0	0.0
68955	191	0	5	0.47	147.0	735.0	0.6666666666666666
68956	326	0	5	0.8075	165.2	826.0	0.6666666666666666
68957	40	0	5	0.0925	38.0	190.0	0.0
68958	119	0	5	0.29	86.4	432.0	0.0
68959	243	0	5	0.6	102.2	511.0	0.3333333333333333
68960	109	0	5	0.265	91.0	455.0	0.3333333333333333
68961	229	0	5	0.565	90.2	451.0	0.0
68962	238	0	5	0.5875	133.0	665.0	0.3333333333333333
68963	171	0	5	0.42	155.8	779.0	0.3333333333333333
68964	363	0	5	0.9	247.4	1237.0	0.6666666666666666
68965	183	0	5	0.45	146.8	734.0	0.6666666666666666
68966	135	0	5	0.33	95.4	477.0	0.3333333333333333
68967	331	0	5	0.82	286.8	1434.0	0.6666666666666666
68968	333	0	5	0.825	275.8	1379.0	0.6666666666666666
68969	213	0	5	0.525	148.6	743.0	0.3333333333333333
68970	68	0	5	0.1625	45.2	226.0	0.3333333333333333
68971	81	0	5	0.195	79.0	395.0	0.0
68972	271	0	5	0.67	187.0	935.0	0.3333333333333333
68973	209	0	5	0.515	119.8	599.0	0.3333333333333333
68974	268	1	4	0.6675	162.8	814.0	1.0
68975	152	0	5	0.3725	135.6	678.0	0.3333333333333333
68976	219	0	5	0.54	122.4	612.0	0.3333333333333333
68977	201	0	5	0.495	131.6	658.0	0.3333333333333333
68978	189	0	5	0.465	176.6	883.0	0.3333333333333333
68979	325	0	5	0.805	266.4	1332.0	0.6666666666666666
68980	224	0	5	0.5525	178.8	894.0	0.0
68981	145	0	5	0.355	78.6	393.0	0.3333333333333333
68982	298	0	5	0.7375	211.6	1058.0	0.6666666666666666
68983	253	0	5	0.625	110.8	554.0	0.6666666666666666
68984	287	0	5	0.71	166.2	831.0	0.6666666666666666
68985	172	0	5	0.4225	130.8	654.0	0.3333333333333333
68986	250	1	3	0.6225	227.6	1138.0	1.0
68987	236	0	5	0.5825	178.0	890.0	0.3333333333333333
68988	373	1	4	0.93	193.0	965.0	1.0
68989	80	0	5	0.1925	41.0	205.0	0.0
68990	289	0	5	0.715	206.0	1030.0	0.3333333333333333
68991	309	1	4	0.77	85.0	425.0	1.0
68992	191	0	5	0.47	57.8	289.0	0.3333333333333333
68993	250	0	5	0.6175	183.6	918.0	0.3333333333333333
68994	155	0	5	0.38	97.2	486.0	0.6666666666666666
68995	233	1	4	0.58	189.8	949.0	1.0
68996	231	0	5	0.57	135.6	678.0	0.3333333333333333
68997	223	0	5	0.55	139.2	696.0	0.3333333333333333
68998	192	0	5	0.4725	167.2	836.0	0.3333333333333333
68999	99	0	5	0.24	37.8	189.0	0.3333333333333333
69000	138	0	5	0.3375	114.2	571.0	0.0
69001	33	0	5	0.075	31.0	155.0	0.0
69002	2	0	5	0.0	0.0	0.0	0.0
69003	21	0	5	0.045	19.0	95.0	0.0
69004	20	0	5	0.0425	18.0	90.0	0.0
69005	215	1	4	0.535	60.8	304.0	1.0
69006	104	0	5	0.2525	102.0	510.0	0.0
69007	181	0	5	0.445	145.4	727.0	0.3333333333333333
69008	355	1	4	0.885	148.6	743.0	1.0
69009	160	0	5	0.3925	97.8	489.0	0.3333333333333333
69010	233	0	5	0.575	144.0	720.0	0.3333333333333333
69011	236	0	5	0.5825	153.2	766.0	0.6666666666666666
69012	305	0	5	0.755	198.2	991.0	0.3333333333333333
69013	126	0	5	0.3075	44.2	221.0	0.3333333333333333
69014	72	0	5	0.1725	56.6	283.0	0.3333333333333333
69015	134	0	5	0.3275	116.4	582.0	0.3333333333333333
69016	45	0	5	0.105	36.2	181.0	0.0
69017	28	0	5	0.0625	22.2	111.0	0.0
69018	316	1	4	0.7875	139.2	696.0	1.0
69019	229	0	5	0.565	132.2	661.0	0.3333333333333333
69020	205	1	4	0.51	165.8	829.0	1.0
69021	34	0	5	0.0775	21.6	108.0	0.3333333333333333
69022	350	0	5	0.8675	239.4	1197.0	0.0
69023	312	0	5	0.7725	158.2	791.0	0.6666666666666666
69024	271	0	5	0.67	141.8	709.0	0.3333333333333333
69025	309	0	5	0.765	233.4	1167.0	0.3333333333333333
69026	270	0	5	0.6675	242.2	1211.0	0.3333333333333333
69027	117	0	5	0.285	78.4	392.0	0.6666666666666666
69028	144	0	5	0.3525	99.2	496.0	0.6666666666666666
69029	98	0	5	0.2375	75.0	375.0	0.3333333333333333
69030	6	0	5	0.0075	4.0	20.0	0.0
69031	141	0	5	0.345	81.6	408.0	0.6666666666666666
69032	314	0	5	0.7775	211.2	1056.0	0.6666666666666666
69033	38	0	5	0.0875	36.0	180.0	0.3333333333333333
69034	388	0	5	0.9625	222.0	1110.0	0.6666666666666666
69035	149	0	5	0.365	139.2	696.0	0.3333333333333333
69036	340	0	5	0.8425	189.2	946.0	0.6666666666666666
69037	73	0	5	0.175	71.0	355.0	0.0
69038	42	0	5	0.0975	32.2	161.0	0.0
69039	152	0	5	0.3725	137.6	688.0	0.0
69040	250	0	5	0.6175	56.0	280.0	0.3333333333333333
69041	3	0	5	0.0025	0.4	2.0	0.3333333333333333
69042	230	0	5	0.5675	72.6	363.0	0.6666666666666666
69043	227	0	5	0.56	133.8	669.0	0.3333333333333333
69044	136	0	5	0.3325	33.2	166.0	0.6666666666666666
69045	321	0	5	0.795	211.4	1057.0	0.3333333333333333
69046	344	0	5	0.8525	110.8	554.0	0.6666666666666666
69047	19	0	5	0.04	17.0	85.0	0.0
69048	325	1	4	0.81	161.0	805.0	1.0
69049	373	0	5	0.925	214.2	1071.0	0.6666666666666666
69050	260	1	4	0.6475	160.8	804.0	1.0
69051	219	1	4	0.545	205.4	1027.0	1.0
69052	150	0	5	0.3675	70.0	350.0	0.3333333333333333
69053	235	0	5	0.58	166.6	833.0	0.3333333333333333
69054	362	0	5	0.8975	92.4	462.0	0.6666666666666666
69055	385	0	5	0.955	200.2	1001.0	0.6666666666666666
69056	346	1	4	0.8625	72.4	362.0	1.0
69057	220	0	5	0.5425	149.2	746.0	0.3333333333333333
69058	211	0	5	0.52	156.8	784.0	0.3333333333333333
69059	273	0	5	0.675	218.2	1091.0	0.0
69060	177	1	4	0.44	166.0	830.0	1.0
69061	307	0	5	0.76	171.8	859.0	0.6666666666666666
69062	36	0	5	0.0825	34.0	170.0	0.0
69063	50	0	5	0.1175	48.0	240.0	0.0
69064	119	0	5	0.29	84.0	420.0	0.3333333333333333
69065	204	0	5	0.5025	115.6	578.0	0.3333333333333333
69066	337	0	5	0.835	283.8	1419.0	0.6666666666666666
69067	39	0	5	0.09	12.2	61.0	0.3333333333333333
69068	23	0	5	0.05	21.0	105.0	0.0
69069	359	1	4	0.895	151.8	759.0	1.0
69070	37	0	5	0.085	35.0	175.0	0.0
69071	179	0	5	0.44	118.2	591.0	0.3333333333333333
69072	10	0	5	0.0175	8.0	40.0	0.0
69073	322	0	5	0.7975	214.8	1074.0	0.0
69074	189	0	5	0.465	39.8	199.0	0.6666666666666666
69075	203	0	5	0.5	169.8	849.0	0.0
69076	146	0	5	0.3575	106.8	534.0	0.3333333333333333
69077	228	0	5	0.5625	201.4	1007.0	0.6666666666666666
69078	202	0	5	0.4975	88.0	440.0	0.6666666666666666
69079	215	0	5	0.53	167.6	838.0	0.0
69080	192	0	5	0.4725	130.0	650.0	0.3333333333333333
69081	114	0	5	0.2775	112.0	560.0	0.0
69082	203	0	5	0.5	140.0	700.0	0.3333333333333333
69083	49	0	5	0.115	45.0	225.0	0.3333333333333333
69084	190	0	5	0.4675	170.8	854.0	0.3333333333333333
69085	397	1	4	0.99	280.0	1400.0	1.0
69086	173	0	5	0.425	73.6	368.0	0.6666666666666666
69087	102	0	5	0.2475	100.0	500.0	0.0
69088	280	0	5	0.6925	153.2	766.0	0.6666666666666666
69089	328	1	4	0.8175	124.0	620.0	1.0
69090	323	0	5	0.8	188.2	941.0	0.6666666666666666
69091	193	0	5	0.475	119.0	595.0	0.6666666666666666
69092	221	0	5	0.545	175.6	878.0	0.3333333333333333
69093	243	0	5	0.6	199.6	998.0	0.3333333333333333
69094	303	1	4	0.755	245.6	1228.0	1.0
69095	384	0	5	0.9525	261.0	1305.0	0.6666666666666666
69096	93	0	5	0.225	91.0	455.0	0.0
69097	323	0	5	0.8	100.8	504.0	0.6666666666666666
69098	318	0	5	0.7875	181.0	905.0	0.6666666666666666
69099	126	0	5	0.3075	82.4	412.0	0.3333333333333333
69100	157	0	5	0.385	39.0	195.0	0.6666666666666666
69101	96	0	5	0.2325	46.6	233.0	0.3333333333333333
69102	198	0	5	0.4875	130.0	650.0	0.3333333333333333
69103	137	0	5	0.335	135.0	675.0	0.0
69104	103	0	5	0.25	63.8	319.0	0.0
69105	377	0	5	0.935	197.0	985.0	0.6666666666666666
69106	205	0	5	0.505	203.0	1015.0	0.3333333333333333
69107	182	0	5	0.4475	160.6	803.0	0.3333333333333333
69108	357	0	5	0.885	143.0	715.0	0.3333333333333333
69109	90	0	5	0.2175	86.0	430.0	0.0
69110	277	0	5	0.685	275.0	1375.0	0.0
69111	185	0	5	0.455	164.0	820.0	0.3333333333333333
69112	160	0	5	0.3925	113.0	565.0	0.6666666666666666
69113	29	0	5	0.065	27.0	135.0	0.0
69114	224	0	5	0.5525	86.4	432.0	0.3333333333333333
69115	326	0	5	0.8075	204.4	1022.0	0.6666666666666666
69116	302	1	4	0.7525	152.8	764.0	1.0
69117	32	0	5	0.0725	30.0	150.0	0.0
69118	63	0	5	0.15	33.0	165.0	0.3333333333333333
69119	338	0	5	0.8375	205.4	1027.0	0.3333333333333333
69120	300	0	5	0.7425	122.0	610.0	0.3333333333333333
69121	119	0	5	0.29	111.4	557.0	0.0
69122	302	0	5	0.7475	72.0	360.0	0.3333333333333333
69123	224	0	5	0.5525	79.0	395.0	0.3333333333333333
69124	201	0	5	0.495	116.2	581.0	0.0
69125	63	0	5	0.15	45.0	225.0	0.0
69126	25	0	5	0.055	23.0	115.0	0.0
69127	366	1	4	0.9125	89.2	446.0	1.0
69128	153	0	5	0.375	79.8	399.0	0.3333333333333333
69129	191	0	5	0.47	140.6	703.0	0.0
69130	219	0	5	0.54	141.4	707.0	0.3333333333333333
69131	301	0	5	0.745	294.2	1471.0	0.3333333333333333
69132	153	0	5	0.375	107.4	537.0	0.0
69133	136	0	5	0.3325	110.0	550.0	0.3333333333333333
69134	40	0	5	0.0925	30.8	154.0	0.0
69135	214	0	5	0.5275	120.4	602.0	0.3333333333333333
69136	316	1	4	0.7875	82.2	411.0	1.0
69137	235	0	5	0.58	191.0	955.0	0.3333333333333333
69138	242	0	5	0.5975	208.4	1042.0	0.3333333333333333
69139	31	0	5	0.07	24.2	121.0	0.0
69140	396	1	4	0.9875	186.6	933.0	1.0
69141	192	0	5	0.4725	188.8	944.0	0.3333333333333333
69142	399	0	5	0.99	186.6	933.0	0.6666666666666666
69143	115	0	5	0.28	80.2	401.0	0.3333333333333333
69144	208	0	5	0.5125	92.6	463.0	0.6666666666666666
69145	167	0	5	0.41	147.8	739.0	0.3333333333333333
69146	272	0	5	0.6725	209.2	1046.0	0.6666666666666666
69147	69	0	5	0.165	27.2	136.0	0.0
69148	184	0	5	0.4525	116.0	580.0	0.6666666666666666
69149	199	0	5	0.49	169.4	847.0	0.0
69150	134	0	5	0.3275	132.0	660.0	0.0
69151	246	1	4	0.6125	105.2	526.0	1.0
69152	309	0	5	0.765	132.8	664.0	0.3333333333333333
69153	332	0	5	0.8225	78.0	390.0	0.6666666666666666
69154	152	0	5	0.3725	130.2	651.0	0.3333333333333333
69155	178	1	4	0.4425	42.0	210.0	1.0
69156	280	0	5	0.6925	211.8	1059.0	0.6666666666666666
69157	24	0	5	0.0525	22.0	110.0	0.0
69158	368	0	5	0.9125	289.6	1448.0	0.6666666666666666
69159	340	0	5	0.8425	139.2	696.0	0.6666666666666666
69160	227	0	5	0.56	152.6	763.0	0.3333333333333333
69161	113	0	5	0.275	67.8	339.0	0.3333333333333333
69162	227	0	5	0.56	194.4	972.0	0.3333333333333333
69163	29	0	5	0.065	25.2	126.0	0.3333333333333333
69164	342	1	4	0.8525	84.4	422.0	1.0
69165	391	0	5	0.97	159.0	795.0	0.6666666666666666
69166	159	0	5	0.39	36.8	184.0	0.3333333333333333
69167	171	0	5	0.42	118.6	593.0	0.3333333333333333
69168	216	0	5	0.5325	99.6	498.0	0.0
69169	192	0	5	0.4725	190.0	950.0	0.0
69170	44	0	5	0.1025	42.0	210.0	0.0
69171	48	0	5	0.1125	46.0	230.0	0.0
69172	234	0	5	0.5775	144.2	721.0	0.6666666666666666
69173	45	0	5	0.105	38.2	191.0	0.0
69174	325	0	5	0.805	96.2	481.0	0.6666666666666666
69175	54	0	5	0.1275	52.0	260.0	0.0
69176	371	0	5	0.92	218.4	1092.0	0.6666666666666666
69177	185	0	5	0.455	183.0	915.0	0.0
69178	331	1	4	0.825	200.0	1000.0	1.0
69179	94	0	5	0.2275	59.2	296.0	0.3333333333333333
69180	205	0	5	0.505	135.0	675.0	0.3333333333333333
69181	389	0	5	0.965	259.6	1298.0	0.6666666666666666
69182	57	0	5	0.135	54.6	273.0	0.0
69183	267	0	5	0.66	114.6	573.0	0.3333333333333333
69184	83	0	5	0.2	81.0	405.0	0.0
69185	228	1	4	0.5675	131.6	658.0	1.0
69186	225	0	5	0.555	70.0	350.0	0.0
69187	205	0	5	0.505	91.4	457.0	0.3333333333333333
69188	269	1	4	0.67	152.2	761.0	1.0
69189	340	0	5	0.8425	209.6	1048.0	0.3333333333333333
69190	86	0	5	0.2075	84.0	420.0	0.0
69191	181	0	5	0.445	137.8	689.0	0.0
69192	361	0	5	0.895	137.4	687.0	0.6666666666666666
69193	282	0	5	0.6975	120.4	602.0	0.6666666666666666
69194	172	0	5	0.4225	148.4	742.0	0.3333333333333333
69195	250	0	5	0.6175	68.0	340.0	0.6666666666666666
69196	370	0	5	0.9175	320.8	1604.0	0.6666666666666666
69197	224	0	5	0.5525	138.0	690.0	0.0
69198	12	0	5	0.0225	10.0	50.0	0.0
69199	109	0	5	0.265	57.2	286.0	0.3333333333333333
69200	187	0	5	0.46	115.8	579.0	0.6666666666666666
69201	285	1	4	0.71	178.6	893.0	1.0
69202	212	1	4	0.5275	120.6	603.0	1.0
69203	2	0	5	0.0	0.0	0.0	0.0
69204	379	0	5	0.94	187.4	937.0	0.6666666666666666
69205	234	0	5	0.5775	80.4	402.0	0.3333333333333333
69206	34	0	5	0.0775	32.0	160.0	0.0
69207	55	0	5	0.13	53.0	265.0	0.0
69208	205	0	5	0.505	123.8	619.0	0.3333333333333333
69209	187	0	5	0.46	120.8	604.0	0.0
69210	228	0	5	0.5625	126.2	631.0	0.6666666666666666
69211	176	0	5	0.4325	38.8	194.0	0.3333333333333333
69212	291	0	5	0.72	146.4	732.0	0.6666666666666666
69213	281	0	5	0.695	261.0	1305.0	0.3333333333333333
69214	46	0	5	0.1075	44.0	220.0	0.0
69215	208	0	5	0.5125	118.8	594.0	0.6666666666666666
69216	86	0	5	0.2075	34.8	174.0	0.0
69217	326	0	5	0.8075	127.2	636.0	0.6666666666666666
69218	208	0	5	0.5125	172.8	864.0	0.6666666666666666
69219	307	0	5	0.76	245.4	1227.0	0.3333333333333333
69220	123	1	4	0.305	99.0	495.0	1.0
69221	315	1	4	0.785	103.6	518.0	1.0
69222	40	0	5	0.0925	38.0	190.0	0.0
69223	255	0	5	0.63	160.6	803.0	0.3333333333333333
69224	320	1	4	0.7975	144.6	723.0	1.0
69225	228	0	5	0.5625	220.4	1102.0	0.3333333333333333
69226	384	0	5	0.9525	256.6	1283.0	0.6666666666666666
69227	126	0	5	0.3075	75.6	378.0	0.3333333333333333
69228	193	0	5	0.475	124.6	623.0	0.3333333333333333
69229	393	0	5	0.975	339.4	1697.0	0.6666666666666666
69230	166	0	5	0.4075	119.4	597.0	0.6666666666666666
69231	28	0	5	0.0625	26.0	130.0	0.0
69232	263	0	5	0.65	105.6	528.0	0.3333333333333333
69233	28	0	5	0.0625	26.0	130.0	0.0
69234	127	0	5	0.31	58.4	292.0	0.0
69235	362	0	5	0.8975	199.2	996.0	0.6666666666666666
69236	81	0	5	0.195	57.8	289.0	0.0
69237	108	0	5	0.2625	100.6	503.0	0.3333333333333333
69238	357	0	5	0.885	91.0	455.0	0.6666666666666666
69239	279	0	5	0.69	134.2	671.0	0.3333333333333333
69240	252	0	5	0.6225	85.2	426.0	0.6666666666666666
69241	310	0	5	0.7675	237.4	1187.0	0.6666666666666666
69242	203	0	5	0.5	85.0	425.0	0.6666666666666666
69243	195	1	4	0.485	71.8	359.0	1.0
69244	311	0	5	0.77	144.2	721.0	0.3333333333333333
69245	114	0	5	0.2775	112.0	560.0	0.0
69246	288	1	4	0.7175	137.6	688.0	1.0
69247	345	1	4	0.86	276.0	1380.0	1.0
69248	280	0	5	0.6925	109.0	545.0	0.3333333333333333
69249	111	0	5	0.27	53.2	266.0	0.0
69250	178	0	5	0.4375	176.0	880.0	0.0
69251	165	0	5	0.405	136.0	680.0	0.3333333333333333
69252	395	0	5	0.98	255.2	1276.0	0.6666666666666666
69253	184	0	5	0.4525	114.0	570.0	0.3333333333333333
69254	289	0	5	0.715	157.4	787.0	0.6666666666666666
69255	63	0	5	0.15	61.0	305.0	0.0
69256	322	1	4	0.8025	207.8	1039.0	1.0
69257	6	0	5	0.0075	4.0	20.0	0.0
69258	194	0	5	0.4775	182.4	912.0	0.0
69259	259	0	5	0.64	166.0	830.0	0.3333333333333333
69260	208	0	5	0.5125	78.6	393.0	0.6666666666666666
69261	174	0	5	0.4275	166.8	834.0	0.3333333333333333
69262	319	0	5	0.79	87.4	437.0	0.6666666666666666
69263	368	0	5	0.9125	183.2	916.0	0.6666666666666666
69264	80	0	5	0.1925	78.0	390.0	0.0
69265	33	0	5	0.075	31.0	155.0	0.0
69266	136	0	5	0.3325	119.6	598.0	0.3333333333333333
69267	383	1	4	0.955	152.2	761.0	1.0
69268	236	0	5	0.5825	100.8	504.0	0.3333333333333333
69269	270	0	5	0.6675	184.4	922.0	0.3333333333333333
69270	7	0	5	0.01	5.0	25.0	0.0
69271	137	0	5	0.335	131.8	659.0	0.3333333333333333
69272	137	0	5	0.335	89.0	445.0	0.6666666666666666
69273	334	0	5	0.8275	120.8	604.0	0.3333333333333333
69274	6	0	5	0.0075	4.0	20.0	0.0
69275	325	0	5	0.805	115.6	578.0	0.6666666666666666
69276	75	0	5	0.18	73.0	365.0	0.0
69277	310	1	4	0.7725	78.0	390.0	1.0
69278	154	0	5	0.3775	86.6	433.0	0.3333333333333333
69279	89	0	5	0.215	52.6	263.0	0.3333333333333333
69280	336	0	5	0.8325	227.2	1136.0	0.0
69281	286	0	5	0.7075	71.2	356.0	0.3333333333333333
69282	135	0	5	0.33	75.8	379.0	0.3333333333333333
69283	246	0	5	0.6075	179.0	895.0	0.6666666666666666
69284	277	0	5	0.685	115.0	575.0	0.0
69285	31	0	5	0.07	29.0	145.0	0.0
69286	227	0	5	0.56	149.6	748.0	0.6666666666666666
69287	209	0	5	0.515	174.2	871.0	0.0
69288	292	0	5	0.7225	196.4	982.0	0.3333333333333333
69289	379	0	5	0.94	163.4	817.0	0.6666666666666666
69290	298	0	5	0.7375	161.4	807.0	0.3333333333333333
69291	31	0	5	0.07	29.0	145.0	0.0
69292	304	0	5	0.7525	178.4	892.0	0.6666666666666666
69293	380	0	5	0.9425	268.6	1343.0	0.6666666666666666
69294	155	0	5	0.38	75.6	378.0	0.3333333333333333
69295	237	0	5	0.585	102.4	512.0	0.3333333333333333
69296	164	0	5	0.4025	96.4	482.0	0.6666666666666666
69297	195	1	4	0.485	135.8	679.0	1.0
69298	347	0	5	0.86	102.8	514.0	0.6666666666666666
69299	147	0	5	0.36	71.2	356.0	0.0
69300	106	0	5	0.2575	78.8	394.0	0.3333333333333333
69301	345	0	5	0.855	249.4	1247.0	0.6666666666666666
69302	154	0	5	0.3775	152.0	760.0	0.0
69303	285	0	5	0.705	224.0	1120.0	0.3333333333333333
69304	348	0	5	0.8625	92.6	463.0	0.6666666666666666
69305	198	0	5	0.4875	74.4	372.0	0.3333333333333333
69306	168	0	5	0.4125	114.8	574.0	0.6666666666666666
69307	109	0	5	0.265	88.6	443.0	0.0
69308	282	1	4	0.7025	135.0	675.0	1.0
69309	309	0	5	0.765	216.6	1083.0	0.6666666666666666
69310	343	1	4	0.855	128.6	643.0	1.0
69311	359	0	5	0.89	152.8	764.0	0.6666666666666666
69312	328	0	5	0.8125	208.0	1040.0	0.3333333333333333
69313	215	0	5	0.53	140.6	703.0	0.0
69314	270	0	5	0.6675	135.0	675.0	0.3333333333333333
69315	21	0	5	0.045	19.0	95.0	0.0
69316	141	0	5	0.345	49.4	247.0	0.3333333333333333
69317	285	0	5	0.705	266.2	1331.0	0.3333333333333333
69318	327	1	4	0.815	201.4	1007.0	1.0
69319	371	0	5	0.92	291.8	1459.0	0.6666666666666666
69320	90	0	5	0.2175	48.8	244.0	0.6666666666666666
69321	122	0	5	0.2975	120.0	600.0	0.0
69322	3	0	5	0.0025	0.4	2.0	0.3333333333333333
69323	275	0	5	0.68	132.6	663.0	0.3333333333333333
69324	334	0	5	0.8275	158.0	790.0	0.3333333333333333
69325	278	0	5	0.6875	160.8	804.0	0.3333333333333333
69326	14	0	5	0.0275	12.0	60.0	0.0
69327	186	0	5	0.4575	91.2	456.0	0.3333333333333333
69328	298	1	4	0.7425	214.8	1074.0	1.0
69329	42	0	5	0.0975	39.0	195.0	0.0
69330	161	0	5	0.395	111.0	555.0	0.3333333333333333
69331	226	0	5	0.5575	99.6	498.0	0.6666666666666666
69332	365	0	5	0.905	167.8	839.0	0.6666666666666666
69333	210	1	4	0.5225	131.4	657.0	1.0
69334	220	0	5	0.5425	114.8	574.0	0.3333333333333333
69335	246	0	5	0.6075	137.0	685.0	0.3333333333333333
69336	79	0	5	0.19	77.0	385.0	0.0
69337	131	0	5	0.32	125.8	629.0	0.3333333333333333
69338	359	1	4	0.895	255.2	1276.0	1.0
69339	48	0	5	0.1125	46.0	230.0	0.0
69340	295	1	4	0.735	61.4	307.0	1.0
69341	174	0	5	0.4275	122.4	612.0	0.3333333333333333
69342	28	0	5	0.0625	23.4	117.0	0.3333333333333333
69343	351	0	5	0.87	193.4	967.0	0.6666666666666666
69344	18	0	5	0.0375	16.0	80.0	0.0
69345	74	0	5	0.1775	68.8	344.0	0.3333333333333333
69346	48	0	5	0.1125	46.0	230.0	0.0
69347	348	0	5	0.8625	211.4	1057.0	0.6666666666666666
69348	322	1	3	0.8025	230.8	1154.0	1.0
69349	243	0	5	0.6	109.6	548.0	0.6666666666666666
69350	221	0	5	0.545	107.8	539.0	0.3333333333333333
69351	218	0	5	0.5375	47.2	236.0	0.3333333333333333
69352	298	0	5	0.7375	195.8	979.0	0.6666666666666666
69353	351	0	5	0.87	143.2	716.0	0.6666666666666666
69354	132	0	5	0.3225	73.2	366.0	0.3333333333333333
69355	196	0	5	0.4825	143.6	718.0	0.3333333333333333
69356	77	0	5	0.185	68.2	341.0	0.0
69357	223	0	5	0.55	125.2	626.0	0.3333333333333333
69358	126	0	5	0.3075	113.2	566.0	0.0
69359	306	0	5	0.7575	228.4	1142.0	0.3333333333333333
69360	168	0	5	0.4125	105.6	528.0	0.3333333333333333
69361	202	0	5	0.4975	109.0	545.0	0.0
69362	213	0	5	0.525	146.6	733.0	0.6666666666666666
69363	351	0	5	0.87	196.2	981.0	0.6666666666666666
69364	388	1	4	0.9675	154.2	771.0	1.0
69365	56	0	5	0.1325	41.2	206.0	0.3333333333333333
69366	322	0	5	0.7975	161.0	805.0	0.3333333333333333
69367	249	0	5	0.615	227.8	1139.0	0.3333333333333333
69368	242	0	5	0.5975	171.6	858.0	0.3333333333333333
69369	252	0	5	0.6225	144.6	723.0	0.6666666666666666
69370	136	0	5	0.3325	30.8	154.0	0.3333333333333333
69371	168	0	5	0.4125	131.2	656.0	0.3333333333333333
69372	161	1	4	0.4	99.8	499.0	1.0
69373	239	0	5	0.59	127.0	635.0	0.3333333333333333
69374	372	0	5	0.9225	253.6	1268.0	0.6666666666666666
69375	214	0	5	0.5275	113.4	567.0	0.3333333333333333
69376	212	0	5	0.5225	150.6	753.0	0.6666666666666666
69377	238	1	4	0.5925	56.4	282.0	1.0
69378	210	0	5	0.5175	82.2	411.0	0.6666666666666666
69379	162	0	5	0.3975	160.0	800.0	0.0
69380	112	0	5	0.2725	71.2	356.0	0.0
69381	115	0	5	0.28	35.4	177.0	0.3333333333333333
69382	260	0	5	0.6425	197.2	986.0	0.3333333333333333
69383	380	1	4	0.9475	142.6	713.0	1.0
69384	89	0	5	0.215	87.0	435.0	0.0
69385	256	0	5	0.6325	200.0	1000.0	0.6666666666666666
69386	323	0	5	0.8	170.0	850.0	0.6666666666666666
69387	324	0	5	0.8025	117.0	585.0	0.3333333333333333
69388	111	0	5	0.27	69.8	349.0	0.6666666666666666
69389	258	0	5	0.6375	109.6	548.0	0.6666666666666666
69390	208	0	5	0.5125	130.8	654.0	0.3333333333333333
69391	159	0	5	0.39	89.2	446.0	0.3333333333333333
69392	244	0	5	0.6025	113.8	569.0	0.6666666666666666
69393	330	0	5	0.8175	108.8	544.0	0.6666666666666666
69394	59	0	5	0.14	57.0	285.0	0.0
69395	326	0	5	0.8075	324.0	1620.0	0.0
69396	213	0	5	0.525	111.0	555.0	0.6666666666666666
69397	364	0	5	0.9025	345.0	1725.0	0.6666666666666666
69398	239	0	5	0.59	154.0	770.0	0.6666666666666666
69399	226	0	5	0.5575	164.0	820.0	0.6666666666666666
69400	95	0	5	0.23	93.0	465.0	0.0
69401	344	0	5	0.8525	217.8	1089.0	0.6666666666666666
69402	139	1	4	0.345	47.8	239.0	1.0
69403	308	1	4	0.7675	105.6	528.0	1.0
69404	57	0	5	0.135	55.0	275.0	0.0
69405	284	0	5	0.7025	181.2	906.0	0.3333333333333333
69406	19	0	5	0.04	17.0	85.0	0.0
69407	193	0	5	0.475	88.4	442.0	0.6666666666666666
69408	177	0	5	0.435	99.6	498.0	0.3333333333333333
69409	155	0	5	0.38	153.0	765.0	0.0
69410	167	0	5	0.41	94.8	474.0	0.6666666666666666
69411	122	0	5	0.2975	88.8	444.0	0.3333333333333333
69412	95	0	5	0.23	85.0	425.0	0.3333333333333333
69413	204	0	5	0.5025	117.4	587.0	0.6666666666666666
69414	117	0	5	0.285	42.2	211.0	0.3333333333333333
69415	171	0	5	0.42	87.2	436.0	0.3333333333333333
69416	103	0	5	0.25	48.6	243.0	0.3333333333333333
69417	246	1	4	0.6125	164.6	823.0	1.0
69418	303	0	5	0.75	128.2	641.0	0.3333333333333333
69419	77	0	5	0.185	67.0	335.0	0.3333333333333333
69420	222	1	4	0.5525	88.4	442.0	1.0
69421	252	0	5	0.6225	180.0	900.0	0.0
69422	99	0	5	0.24	64.2	321.0	0.6666666666666666
69423	100	0	5	0.2425	83.6	418.0	0.3333333333333333
69424	296	0	5	0.7325	166.8	834.0	0.6666666666666666
69425	147	0	5	0.36	106.6	533.0	0.3333333333333333
69426	73	0	5	0.175	71.0	355.0	0.0
69427	397	0	5	0.985	273.4	1367.0	0.6666666666666666
69428	339	0	5	0.84	223.0	1115.0	0.3333333333333333
69429	13	0	5	0.025	11.0	55.0	0.0
69430	116	0	5	0.2825	102.4	512.0	0.3333333333333333
69431	28	0	5	0.0625	20.0	100.0	0.3333333333333333
69432	194	0	5	0.4775	102.6	513.0	0.3333333333333333
69433	144	0	5	0.3525	122.4	612.0	0.3333333333333333
69434	363	0	5	0.9	168.2	841.0	0.6666666666666666
69435	247	0	5	0.61	101.0	505.0	0.6666666666666666
69436	149	1	4	0.37	41.4	207.0	1.0
69437	387	0	5	0.96	213.4	1067.0	0.6666666666666666
69438	152	0	5	0.3725	99.0	495.0	0.3333333333333333
69439	109	0	5	0.265	104.2	521.0	0.0
69440	187	0	5	0.46	137.8	689.0	0.6666666666666666
69441	185	0	5	0.455	183.0	915.0	0.0
69442	164	0	5	0.4025	126.4	632.0	0.3333333333333333
69443	94	0	5	0.2275	92.0	460.0	0.0
69444	159	0	5	0.39	117.4	587.0	0.3333333333333333
69445	293	0	5	0.725	93.2	466.0	0.6666666666666666
69446	41	0	5	0.095	27.0	135.0	0.0
69447	176	0	5	0.4325	101.8	509.0	0.3333333333333333
69448	140	0	5	0.3425	108.6	543.0	0.3333333333333333
69449	374	0	5	0.9275	207.2	1036.0	0.6666666666666666
69450	301	1	4	0.75	256.0	1280.0	1.0
69451	81	0	5	0.195	39.4	197.0	0.0
69452	142	0	5	0.3475	60.8	304.0	0.0
69453	153	0	5	0.375	130.6	653.0	0.3333333333333333
69454	261	0	5	0.645	124.6	623.0	0.6666666666666666
69455	265	0	5	0.655	139.0	695.0	0.3333333333333333
69456	168	0	5	0.4125	145.4	727.0	0.0
69457	89	0	5	0.215	57.0	285.0	0.3333333333333333
69458	135	1	4	0.335	123.0	615.0	1.0
69459	134	0	5	0.3275	97.8	489.0	0.0
69460	162	0	5	0.3975	87.6	438.0	0.3333333333333333
69461	33	0	5	0.075	29.8	149.0	0.0
69462	373	0	5	0.925	180.6	903.0	0.6666666666666666
69463	293	0	5	0.725	97.4	487.0	0.6666666666666666
69464	119	0	5	0.29	62.6	313.0	0.6666666666666666
69465	182	0	5	0.4475	100.8	504.0	0.3333333333333333
69466	138	0	5	0.3375	114.8	574.0	0.3333333333333333
69467	397	0	5	0.985	190.4	952.0	0.6666666666666666
69468	397	0	5	0.985	292.4	1462.0	0.6666666666666666
69469	181	1	4	0.45	72.2	361.0	1.0
69470	308	0	5	0.7625	232.8	1164.0	0.3333333333333333
69471	165	0	5	0.405	163.0	815.0	0.0
69472	338	1	4	0.8425	146.2	731.0	1.0
69473	387	0	5	0.96	308.6	1543.0	0.6666666666666666
69474	284	1	3	0.7075	212.6	1063.0	1.0
69475	55	0	5	0.13	24.8	124.0	0.3333333333333333
69476	172	0	5	0.4225	86.6	433.0	0.3333333333333333
69477	109	0	5	0.265	102.6	513.0	0.3333333333333333
69478	219	0	5	0.54	96.2	481.0	0.6666666666666666
69479	339	0	5	0.84	131.2	656.0	0.6666666666666666
69480	118	1	4	0.2925	113.2	566.0	1.0
69481	318	0	5	0.7875	278.4	1392.0	0.3333333333333333
69482	269	0	5	0.665	222.6	1113.0	0.6666666666666666
69483	199	0	5	0.49	51.4	257.0	0.3333333333333333
69484	361	1	4	0.9	199.6	998.0	1.0
69485	139	0	5	0.34	61.8	309.0	0.3333333333333333
69486	383	0	5	0.95	116.2	581.0	0.6666666666666666
69487	319	0	5	0.79	135.0	675.0	0.6666666666666666
69488	334	0	5	0.8275	196.0	980.0	0.6666666666666666
69489	280	0	5	0.6925	192.4	962.0	0.3333333333333333
69490	314	0	5	0.7775	209.0	1045.0	0.6666666666666666
69491	320	1	4	0.7975	135.6	678.0	1.0
69492	114	0	5	0.2775	63.0	315.0	0.3333333333333333
69493	203	0	5	0.5	130.0	650.0	0.6666666666666666
69494	101	0	5	0.245	66.6	333.0	0.3333333333333333
69495	288	0	5	0.7125	104.8	524.0	0.6666666666666666
69496	281	0	5	0.695	139.8	699.0	0.6666666666666666
69497	312	0	5	0.7725	187.6	938.0	0.3333333333333333
69498	135	0	5	0.33	80.6	403.0	0.3333333333333333
69499	156	0	5	0.3825	154.0	770.0	0.0
69500	181	0	5	0.445	179.0	895.0	0.0
69501	54	0	5	0.1275	52.0	260.0	0.0
69502	39	0	5	0.09	37.0	185.0	0.0
69503	20	0	5	0.0425	18.0	90.0	0.0
69504	131	0	5	0.32	99.4	497.0	0.6666666666666666
69505	112	0	5	0.2725	42.0	210.0	0.3333333333333333
69506	148	0	5	0.3625	122.4	612.0	0.3333333333333333
69507	103	0	5	0.25	101.0	505.0	0.0
69508	302	0	5	0.7475	217.8	1089.0	0.0
69509	148	0	5	0.3625	133.2	666.0	0.6666666666666666
69510	306	0	5	0.7575	210.0	1050.0	0.3333333333333333
69511	112	0	5	0.2725	110.0	550.0	0.0
69512	144	0	5	0.3525	77.2	386.0	0.0
69513	107	0	5	0.26	90.0	450.0	0.3333333333333333
69514	110	0	5	0.2675	108.0	540.0	0.0
69515	131	0	5	0.32	107.0	535.0	0.0
69516	354	0	5	0.8775	260.2	1301.0	0.3333333333333333
69517	258	1	4	0.6425	118.0	590.0	1.0
69518	244	0	5	0.6025	78.8	394.0	0.6666666666666666
69519	260	1	4	0.6475	147.0	735.0	1.0
69520	241	0	5	0.595	164.8	824.0	0.3333333333333333
69521	80	0	5	0.1925	78.0	390.0	0.0
69522	351	0	5	0.87	215.8	1079.0	0.6666666666666666
69523	337	0	5	0.835	211.6	1058.0	0.6666666666666666
69524	122	0	5	0.2975	100.0	500.0	0.0
69525	104	0	5	0.2525	28.4	142.0	0.3333333333333333
69526	152	0	5	0.3725	125.8	629.0	0.3333333333333333
69527	217	0	5	0.535	91.4	457.0	0.3333333333333333
69528	151	0	5	0.37	147.4	737.0	0.0
69529	352	0	5	0.8725	235.6	1178.0	0.6666666666666666
69530	233	0	5	0.575	172.4	862.0	0.6666666666666666
69531	343	1	4	0.855	240.0	1200.0	1.0
69532	11	0	5	0.02	9.0	45.0	0.0
69533	330	0	5	0.8175	181.6	908.0	0.3333333333333333
69534	282	0	5	0.6975	151.2	756.0	0.6666666666666666
69535	177	0	5	0.435	175.0	875.0	0.0
69536	111	0	5	0.27	97.4	487.0	0.3333333333333333
69537	148	0	5	0.3625	137.0	685.0	0.0
69538	130	0	5	0.3175	128.0	640.0	0.0
69539	281	0	5	0.695	106.4	532.0	0.6666666666666666
69540	242	0	5	0.5975	103.8	519.0	0.3333333333333333
69541	66	0	5	0.1575	64.0	320.0	0.0
69542	78	0	5	0.1875	58.0	290.0	0.0
69543	311	0	5	0.77	130.6	653.0	0.6666666666666666
69544	93	0	5	0.225	57.0	285.0	0.3333333333333333
69545	93	0	5	0.225	90.2	451.0	0.3333333333333333
69546	284	0	5	0.7025	172.4	862.0	0.3333333333333333
69547	250	0	5	0.6175	101.0	505.0	0.3333333333333333
69548	386	0	5	0.9575	264.8	1324.0	0.6666666666666666
69549	192	0	5	0.4725	157.2	786.0	0.6666666666666666
69550	200	0	5	0.4925	167.8	839.0	0.3333333333333333
69551	162	0	5	0.3975	159.4	797.0	0.0
69552	326	0	5	0.8075	250.0	1250.0	0.3333333333333333
69553	74	0	5	0.1775	38.4	192.0	0.3333333333333333
69554	73	0	5	0.175	57.2	286.0	0.3333333333333333
69555	299	1	4	0.745	88.8	444.0	1.0
69556	108	0	5	0.2625	63.2	316.0	0.3333333333333333
69557	244	0	5	0.6025	145.0	725.0	0.3333333333333333
69558	150	1	4	0.3725	33.2	166.0	1.0
69559	392	1	4	0.9775	126.4	632.0	1.0
69560	391	1	4	0.975	178.6	893.0	1.0
69561	260	0	5	0.6425	212.0	1060.0	0.3333333333333333
69562	260	0	5	0.6425	189.0	945.0	0.6666666666666666
69563	229	0	5	0.565	183.8	919.0	0.3333333333333333
69564	302	0	5	0.7475	150.8	754.0	0.6666666666666666
69565	280	0	5	0.6925	248.0	1240.0	0.3333333333333333
69566	295	0	5	0.73	243.8	1219.0	0.0
69567	111	0	5	0.27	83.4	417.0	0.3333333333333333
69568	208	0	5	0.5125	121.4	607.0	0.0
69569	72	0	5	0.1725	57.2	286.0	0.0
69570	298	0	5	0.7375	93.2	466.0	0.6666666666666666
69571	97	0	5	0.235	80.2	401.0	0.0
69572	92	0	5	0.2225	82.4	412.0	0.3333333333333333
69573	100	0	5	0.2425	98.0	490.0	0.0
69574	250	0	5	0.6175	178.4	892.0	0.3333333333333333
69575	148	0	5	0.3625	125.0	625.0	0.3333333333333333
69576	241	1	4	0.6	130.0	650.0	1.0
69577	220	0	5	0.5425	115.4	577.0	0.6666666666666666
69578	255	0	5	0.63	183.8	919.0	0.3333333333333333
69579	109	0	5	0.265	57.8	289.0	0.3333333333333333
69580	51	0	5	0.12	49.0	245.0	0.0
69581	381	0	5	0.945	163.6	818.0	0.6666666666666666
69582	196	0	5	0.4825	118.8	594.0	0.3333333333333333
69583	184	0	5	0.4525	102.4	512.0	0.6666666666666666
69584	201	0	5	0.495	49.4	247.0	0.3333333333333333
69585	270	0	5	0.6675	200.8	1004.0	0.3333333333333333
69586	265	0	5	0.655	180.6	903.0	0.3333333333333333
69587	80	0	5	0.1925	39.6	198.0	0.0
69588	401	0	3	0.9975	352.8	1764.0	0.6666666666666666
69589	83	0	5	0.2	41.4	207.0	0.3333333333333333
69590	54	0	5	0.1275	22.0	110.0	0.3333333333333333
69591	299	0	5	0.74	216.0	1080.0	0.6666666666666666
69592	221	0	5	0.545	143.4	717.0	0.3333333333333333
69593	235	0	5	0.58	86.4	432.0	0.3333333333333333
69594	272	0	5	0.6725	190.8	954.0	0.3333333333333333
69595	395	0	5	0.98	193.8	969.0	0.6666666666666666
69596	376	1	4	0.9375	160.6	803.0	1.0
69597	172	0	5	0.4225	152.0	760.0	0.0
69598	146	0	5	0.3575	78.2	391.0	0.6666666666666666
69599	79	0	5	0.19	77.0	385.0	0.0
69600	201	0	5	0.495	167.0	835.0	0.0
69601	33	0	5	0.075	31.0	155.0	0.0
69602	99	0	5	0.24	70.4	352.0	0.3333333333333333
69603	296	0	5	0.7325	259.2	1296.0	0.0
69604	187	0	5	0.46	115.0	575.0	0.3333333333333333
69605	128	0	5	0.3125	100.8	504.0	0.0
69606	268	0	5	0.6625	99.8	499.0	0.3333333333333333
69607	366	0	5	0.9075	130.0	650.0	0.6666666666666666
69608	185	0	5	0.455	57.0	285.0	0.6666666666666666
69609	328	1	4	0.8175	137.0	685.0	1.0
69610	323	0	5	0.8	108.2	541.0	0.6666666666666666
69611	82	0	5	0.1975	22.4	112.0	0.3333333333333333
69612	107	0	5	0.26	105.0	525.0	0.3333333333333333
69613	378	0	5	0.9375	293.0	1465.0	0.6666666666666666
69614	357	0	5	0.885	208.2	1041.0	0.6666666666666666
69615	312	0	5	0.7725	198.2	991.0	0.3333333333333333
69616	173	0	5	0.425	160.8	804.0	0.3333333333333333
69617	307	0	5	0.76	243.4	1217.0	0.3333333333333333
69618	68	0	5	0.1625	52.4	262.0	0.3333333333333333
69619	215	0	5	0.53	204.8	1024.0	0.6666666666666666
69620	387	1	4	0.965	203.0	1015.0	1.0
69621	248	0	5	0.6125	209.0	1045.0	0.0
69622	285	0	5	0.705	233.6	1168.0	0.3333333333333333
69623	62	0	5	0.1475	59.2	296.0	0.3333333333333333
69624	204	0	5	0.5025	188.2	941.0	0.0
69625	348	0	5	0.8625	263.6	1318.0	0.6666666666666666
69626	257	1	4	0.64	246.6	1233.0	1.0
69627	149	0	5	0.365	95.4	477.0	0.6666666666666666
69628	23	0	5	0.05	19.2	96.0	0.3333333333333333
69629	161	0	5	0.395	145.4	727.0	0.0
69630	355	0	5	0.88	231.4	1157.0	0.6666666666666666
69631	27	0	5	0.06	25.0	125.0	0.0
69632	253	0	5	0.625	208.6	1043.0	0.3333333333333333
69633	48	0	5	0.1125	46.0	230.0	0.0
69634	270	0	5	0.6675	161.6	808.0	0.3333333333333333
69635	274	0	5	0.6775	257.6	1288.0	0.3333333333333333
69636	202	0	5	0.4975	84.8	424.0	0.6666666666666666
69637	251	0	5	0.62	106.6	533.0	0.6666666666666666
69638	340	0	5	0.8425	138.4	692.0	0.3333333333333333
69639	23	0	5	0.05	16.2	81.0	0.0
69640	350	0	5	0.8675	250.4	1252.0	0.3333333333333333
69641	389	0	5	0.965	119.8	599.0	0.6666666666666666
69642	85	0	5	0.205	83.0	415.0	0.0
69643	14	0	5	0.0275	12.0	60.0	0.0
69644	34	0	5	0.0775	32.0	160.0	0.0
69645	386	0	5	0.9575	219.6	1098.0	0.3333333333333333
69646	100	0	5	0.2425	81.6	408.0	0.3333333333333333
69647	272	0	5	0.6725	158.4	792.0	0.0
69648	17	0	5	0.035	12.6	63.0	0.0
69649	73	0	5	0.175	48.8	244.0	0.3333333333333333
69650	148	0	5	0.3625	69.8	349.0	0.0
69651	249	1	4	0.62	138.2	691.0	1.0
69652	53	1	4	0.13	46.4	232.0	1.0
69653	317	0	5	0.785	175.2	876.0	0.6666666666666666
69654	62	0	5	0.1475	60.0	300.0	0.0
69655	53	0	5	0.125	51.0	255.0	0.0
69656	312	0	5	0.7725	188.4	942.0	0.3333333333333333
69657	16	0	5	0.0325	6.8	34.0	0.3333333333333333
69658	171	0	5	0.42	135.4	677.0	0.6666666666666666
69659	126	0	5	0.3075	91.2	456.0	0.3333333333333333
69660	151	0	5	0.37	149.0	745.0	0.0
69661	111	0	5	0.27	41.8	209.0	0.0
69662	27	0	5	0.06	25.0	125.0	0.0
69663	80	0	5	0.1925	47.6	238.0	0.0
69664	330	0	5	0.8175	264.2	1321.0	0.3333333333333333
69665	170	0	5	0.4175	85.6	428.0	0.0
69666	226	0	5	0.5575	44.8	224.0	0.3333333333333333
69667	110	1	4	0.2725	78.0	390.0	1.0
69668	114	0	5	0.2775	100.0	500.0	0.0
69669	243	1	4	0.605	140.6	703.0	1.0
69670	176	0	5	0.4325	68.0	340.0	0.6666666666666666
69671	16	0	5	0.0325	14.0	70.0	0.0
69672	189	0	5	0.465	124.8	624.0	0.6666666666666666
69673	176	0	5	0.4325	174.0	870.0	0.0
69674	228	1	4	0.5675	206.4	1032.0	1.0
69675	218	0	5	0.5375	216.0	1080.0	0.0
69676	213	0	5	0.525	107.2	536.0	0.3333333333333333
69677	306	0	5	0.7575	95.8	479.0	0.6666666666666666
69678	143	0	5	0.35	92.2	461.0	0.0
69679	110	0	5	0.2675	108.0	540.0	0.0
69680	274	0	5	0.6775	160.2	801.0	0.3333333333333333
69681	101	0	5	0.245	59.4	297.0	0.3333333333333333
69682	232	1	4	0.5775	154.8	774.0	1.0
69683	379	0	5	0.94	211.4	1057.0	0.6666666666666666
69684	167	0	5	0.41	140.6	703.0	0.3333333333333333
69685	58	0	5	0.1375	38.4	192.0	0.0
69686	124	0	5	0.3025	41.2	206.0	0.3333333333333333
69687	315	0	5	0.78	167.4	837.0	0.3333333333333333
69688	122	0	5	0.2975	120.0	600.0	0.0
69689	383	0	5	0.95	123.2	616.0	0.6666666666666666
69690	149	0	5	0.365	101.0	505.0	0.3333333333333333
69691	127	0	5	0.31	89.0	445.0	0.3333333333333333
69692	77	0	5	0.185	75.0	375.0	0.0
69693	175	0	5	0.43	161.8	809.0	0.3333333333333333
69694	218	0	5	0.5375	76.8	384.0	0.3333333333333333
69695	202	0	5	0.4975	81.2	406.0	0.3333333333333333
69696	318	0	5	0.7875	152.8	764.0	0.6666666666666666
69697	293	0	5	0.725	285.8	1429.0	0.3333333333333333
69698	61	0	5	0.145	59.0	295.0	0.0
69699	315	0	5	0.78	263.8	1319.0	0.6666666666666666
69700	209	0	5	0.515	133.8	669.0	0.6666666666666666
69701	335	0	5	0.83	130.8	654.0	0.3333333333333333
69702	306	0	5	0.7575	119.2	596.0	0.3333333333333333
69703	395	0	5	0.98	110.2	551.0	0.6666666666666666
69704	87	0	5	0.21	85.0	425.0	0.0
69705	207	1	4	0.515	167.4	837.0	1.0
69706	267	0	5	0.66	123.4	617.0	0.3333333333333333
69707	229	0	5	0.565	66.2	331.0	0.3333333333333333
69708	260	1	4	0.6475	157.2	786.0	1.0
69709	178	0	5	0.4375	133.2	666.0	0.3333333333333333
69710	115	0	5	0.28	113.0	565.0	0.0
69711	222	0	5	0.5475	131.0	655.0	0.3333333333333333
69712	306	0	5	0.7575	160.0	800.0	0.6666666666666666
69713	144	0	5	0.3525	133.6	668.0	0.3333333333333333
69714	313	0	5	0.775	206.6	1033.0	0.0
69715	236	0	5	0.5825	210.0	1050.0	0.0
69716	282	0	5	0.6975	166.4	832.0	0.6666666666666666
69717	102	0	5	0.2475	96.6	483.0	0.0
69718	162	1	4	0.4025	121.0	605.0	1.0
69719	277	0	5	0.685	230.0	1150.0	0.6666666666666666
69720	233	0	5	0.575	191.4	957.0	0.0
69721	317	1	4	0.79	212.4	1062.0	1.0
69722	92	0	5	0.2225	62.8	314.0	0.3333333333333333
69723	64	0	5	0.1525	27.6	138.0	0.3333333333333333
69724	99	0	5	0.24	88.2	441.0	0.0
69725	73	0	5	0.175	60.4	302.0	0.3333333333333333
69726	367	1	4	0.915	186.6	933.0	1.0
69727	182	0	5	0.4475	67.0	335.0	0.6666666666666666
69728	128	0	5	0.3125	67.6	338.0	0.6666666666666666
69729	302	0	5	0.7475	105.6	528.0	0.6666666666666666
69730	136	0	5	0.3325	80.4	402.0	0.0
69731	6	0	5	0.0075	4.0	20.0	0.0
69732	298	0	5	0.7375	282.0	1410.0	0.0
69733	139	0	5	0.34	133.8	669.0	0.3333333333333333
69734	109	0	5	0.265	62.2	311.0	0.3333333333333333
69735	288	0	5	0.7125	180.4	902.0	0.3333333333333333
69736	54	0	5	0.1275	44.0	220.0	0.3333333333333333
69737	264	0	5	0.6525	160.0	800.0	0.6666666666666666
69738	223	1	4	0.555	175.8	879.0	1.0
69739	237	0	5	0.585	68.6	343.0	0.0
69740	208	0	5	0.5125	154.8	774.0	0.3333333333333333
69741	6	0	5	0.0075	4.0	20.0	0.0
69742	322	0	5	0.7975	211.8	1059.0	0.6666666666666666
69743	331	0	5	0.82	148.4	742.0	0.6666666666666666
69744	372	0	5	0.9225	304.6	1523.0	0.6666666666666666
69745	293	0	5	0.725	152.2	761.0	0.3333333333333333
69746	175	0	5	0.43	107.4	537.0	0.3333333333333333
69747	208	0	5	0.5125	186.0	930.0	0.0
69748	372	0	5	0.9225	228.8	1144.0	0.6666666666666666
69749	219	0	5	0.54	188.6	943.0	0.3333333333333333
69750	401	0	4	0.9975	163.0	815.0	0.6666666666666666
69751	349	0	5	0.865	200.2	1001.0	0.6666666666666666
69752	107	0	5	0.26	81.2	406.0	0.3333333333333333
69753	17	0	5	0.035	15.0	75.0	0.0
69754	91	0	5	0.22	87.6	438.0	0.3333333333333333
69755	25	0	5	0.055	15.8	79.0	0.0
69756	312	0	5	0.7725	228.0	1140.0	0.6666666666666666
69757	73	0	5	0.175	71.0	355.0	0.0
69758	173	0	5	0.425	160.8	804.0	0.3333333333333333
69759	275	0	5	0.68	108.2	541.0	0.6666666666666666
69760	158	0	5	0.3875	151.2	756.0	0.0
69761	215	1	4	0.535	75.0	375.0	1.0
69762	56	0	5	0.1325	54.0	270.0	0.0
69763	223	0	5	0.55	199.4	997.0	0.3333333333333333
69764	202	1	4	0.5025	98.8	494.0	1.0
69765	314	0	5	0.7775	245.8	1229.0	0.3333333333333333
69766	389	1	4	0.97	286.2	1431.0	1.0
69767	344	0	5	0.8525	265.0	1325.0	0.6666666666666666
69768	155	0	5	0.38	92.6	463.0	0.0
69769	324	0	5	0.8025	187.2	936.0	0.6666666666666666
69770	290	0	5	0.7175	104.0	520.0	0.6666666666666666
69771	21	0	5	0.045	19.0	95.0	0.0
69772	79	0	5	0.19	51.8	259.0	0.3333333333333333
69773	363	0	5	0.9	262.2	1311.0	0.6666666666666666
69774	345	0	5	0.855	155.8	779.0	0.3333333333333333
69775	124	0	5	0.3025	108.2	541.0	0.3333333333333333
69776	246	0	5	0.6075	100.0	500.0	0.3333333333333333
69777	139	0	5	0.34	109.8	549.0	0.0
69778	145	0	5	0.355	78.8	394.0	0.3333333333333333
69779	94	0	5	0.2275	75.6	378.0	0.3333333333333333
69780	254	0	5	0.6275	252.0	1260.0	0.0
69781	93	0	5	0.225	81.2	406.0	0.0
69782	400	0	5	0.9925	234.4	1172.0	0.6666666666666666
69783	398	1	4	0.9925	246.2	1231.0	1.0
69784	260	0	5	0.6425	146.0	730.0	0.6666666666666666
69785	234	1	4	0.5825	60.4	302.0	1.0
69786	141	0	5	0.345	107.8	539.0	0.3333333333333333
69787	189	0	5	0.465	77.8	389.0	0.3333333333333333
69788	103	0	5	0.25	101.0	505.0	0.0
69789	310	0	5	0.7675	176.6	883.0	0.3333333333333333
69790	223	0	5	0.55	48.2	241.0	0.6666666666666666
69791	67	0	5	0.16	61.4	307.0	0.3333333333333333
69792	347	1	4	0.865	130.2	651.0	1.0
69793	262	0	5	0.6475	145.6	728.0	0.3333333333333333
69794	247	1	4	0.615	112.6	563.0	1.0
69795	203	0	5	0.5	96.6	483.0	0.3333333333333333
69796	49	0	5	0.115	41.8	209.0	0.3333333333333333
69797	352	0	5	0.8725	83.8	419.0	0.6666666666666666
69798	121	0	5	0.295	88.6	443.0	0.3333333333333333
69799	216	0	5	0.5325	65.2	326.0	0.6666666666666666
69800	223	0	5	0.55	180.8	904.0	0.3333333333333333
69801	270	0	5	0.6675	109.6	548.0	0.6666666666666666
69802	107	0	5	0.26	101.8	509.0	0.3333333333333333
69803	153	0	5	0.375	121.4	607.0	0.3333333333333333
69804	199	0	5	0.49	98.6	493.0	0.3333333333333333
69805	384	0	5	0.9525	159.0	795.0	0.6666666666666666
69806	207	0	5	0.51	80.8	404.0	0.3333333333333333
69807	88	0	5	0.2125	44.4	222.0	0.3333333333333333
69808	313	0	5	0.775	107.6	538.0	0.6666666666666666
69809	265	0	5	0.655	124.2	621.0	0.3333333333333333
69810	360	0	5	0.8925	252.8	1264.0	0.6666666666666666
69811	71	0	5	0.17	55.0	275.0	0.3333333333333333
69812	7	0	5	0.01	5.0	25.0	0.0
69813	185	0	5	0.455	144.6	723.0	0.6666666666666666
69814	361	0	5	0.895	214.8	1074.0	0.3333333333333333
69815	363	0	5	0.9	167.0	835.0	0.3333333333333333
69816	351	0	5	0.87	153.4	767.0	0.6666666666666666
69817	32	0	5	0.0725	27.2	136.0	0.0
69818	320	1	4	0.7975	187.8	939.0	1.0
69819	176	1	4	0.4375	62.6	313.0	1.0
69820	363	0	5	0.9	256.8	1284.0	0.6666666666666666
69821	104	0	5	0.2525	85.6	428.0	0.0
69822	355	0	5	0.88	234.0	1170.0	0.6666666666666666
69823	159	1	4	0.395	100.6	503.0	1.0
69824	108	0	5	0.2625	100.4	502.0	0.3333333333333333
69825	88	0	5	0.2125	65.6	328.0	0.0
69826	129	0	5	0.315	68.0	340.0	0.3333333333333333
69827	148	0	5	0.3625	63.2	316.0	0.3333333333333333
69828	193	0	5	0.475	118.0	590.0	0.0
69829	305	1	4	0.76	156.2	781.0	1.0
69830	291	0	5	0.72	248.4	1242.0	0.3333333333333333
69831	96	0	5	0.2325	54.0	270.0	0.6666666666666666
69832	300	0	5	0.7425	161.8	809.0	0.6666666666666666
69833	149	0	5	0.365	40.6	203.0	0.3333333333333333
69834	370	0	5	0.9175	305.2	1526.0	0.3333333333333333
69835	14	0	5	0.0275	11.2	56.0	0.3333333333333333
69836	231	0	5	0.57	179.2	896.0	0.3333333333333333
69837	296	0	5	0.7325	202.0	1010.0	0.3333333333333333
69838	57	0	5	0.135	32.8	164.0	0.3333333333333333
69839	273	0	5	0.675	251.8	1259.0	0.3333333333333333
69840	78	0	5	0.1875	33.6	168.0	0.3333333333333333
69841	121	0	5	0.295	81.8	409.0	0.3333333333333333
69842	212	0	5	0.5225	104.2	521.0	0.6666666666666666
69843	138	0	5	0.3375	79.0	395.0	0.6666666666666666
69844	65	0	5	0.155	56.2	281.0	0.3333333333333333
69845	27	0	5	0.06	25.0	125.0	0.0
69846	337	0	5	0.835	122.2	611.0	0.6666666666666666
69847	356	0	5	0.8825	186.8	934.0	0.6666666666666666
69848	359	0	5	0.89	149.4	747.0	0.6666666666666666
69849	194	0	5	0.4775	128.4	642.0	0.0
69850	339	0	5	0.84	210.4	1052.0	0.6666666666666666
69851	305	0	5	0.755	263.6	1318.0	0.3333333333333333
69852	172	0	5	0.4225	97.4	487.0	0.6666666666666666
69853	157	0	5	0.385	106.2	531.0	0.3333333333333333
69854	127	0	5	0.31	77.4	387.0	0.0
69855	377	0	5	0.935	346.8	1734.0	0.3333333333333333
69856	309	0	5	0.765	281.6	1408.0	0.6666666666666666
69857	122	0	5	0.2975	104.4	522.0	0.0
69858	62	0	5	0.1475	60.0	300.0	0.0
69859	5	0	5	0.005	3.0	15.0	0.0
69860	376	0	5	0.9325	81.2	406.0	0.6666666666666666
69861	303	1	4	0.755	150.0	750.0	1.0
69862	220	1	4	0.5475	110.0	550.0	1.0
69863	162	0	5	0.3975	129.2	646.0	0.3333333333333333
69864	41	0	5	0.095	39.0	195.0	0.0
69865	366	1	4	0.9125	135.4	677.0	1.0
69866	288	1	4	0.7175	161.8	809.0	1.0
69867	14	0	5	0.0275	12.0	60.0	0.0
69868	219	0	5	0.54	119.6	598.0	0.3333333333333333
69869	284	0	5	0.7025	218.2	1091.0	0.3333333333333333
69870	189	0	5	0.465	175.0	875.0	0.3333333333333333
69871	299	0	5	0.74	108.2	541.0	0.3333333333333333
69872	198	0	5	0.4875	170.4	852.0	0.3333333333333333
69873	69	0	5	0.165	62.4	312.0	0.0
69874	39	0	5	0.09	31.4	157.0	0.3333333333333333
69875	135	0	5	0.33	105.8	529.0	0.3333333333333333
69876	207	1	4	0.515	157.4	787.0	1.0
69877	331	0	5	0.82	179.2	896.0	0.3333333333333333
69878	54	0	5	0.1275	52.0	260.0	0.0
69879	16	0	5	0.0325	14.0	70.0	0.0
69880	369	0	5	0.915	184.6	923.0	0.6666666666666666
69881	339	0	5	0.84	168.8	844.0	0.6666666666666666
69882	261	0	5	0.645	112.0	560.0	0.3333333333333333
69883	287	0	5	0.71	133.4	667.0	0.6666666666666666
69884	136	1	4	0.3375	61.0	305.0	1.0
69885	249	1	4	0.62	61.8	309.0	1.0
69886	149	0	5	0.365	76.2	381.0	0.0
69887	11	0	5	0.02	9.0	45.0	0.0
69888	150	0	5	0.3675	141.6	708.0	0.0
69889	256	0	5	0.6325	198.2	991.0	0.0
69890	374	0	5	0.9275	261.0	1305.0	0.6666666666666666
69891	246	0	5	0.6075	100.6	503.0	0.6666666666666666
69892	129	0	5	0.315	66.8	334.0	0.6666666666666666
69893	109	0	5	0.265	90.2	451.0	0.3333333333333333
69894	360	0	5	0.8925	290.6	1453.0	0.6666666666666666
69895	361	0	5	0.895	216.6	1083.0	0.6666666666666666
69896	79	0	5	0.19	49.0	245.0	0.3333333333333333
69897	388	0	5	0.9625	217.2	1086.0	0.3333333333333333
69898	114	0	5	0.2775	99.6	498.0	0.0
69899	78	0	5	0.1875	76.0	380.0	0.0
69900	215	0	5	0.53	124.8	624.0	0.6666666666666666
69901	250	0	5	0.6175	204.8	1024.0	0.3333333333333333
69902	380	0	5	0.9425	294.4	1472.0	0.6666666666666666
69903	95	0	5	0.23	57.0	285.0	0.3333333333333333
69904	31	0	5	0.07	28.4	142.0	0.3333333333333333
69905	161	0	5	0.395	100.4	502.0	0.3333333333333333
69906	289	0	5	0.715	197.8	989.0	0.6666666666666666
69907	161	0	5	0.395	77.4	387.0	0.3333333333333333
69908	106	0	5	0.2575	96.8	484.0	0.3333333333333333
69909	26	0	5	0.0575	24.0	120.0	0.0
69910	181	0	5	0.445	170.8	854.0	0.3333333333333333
69911	163	0	5	0.4	153.0	765.0	0.3333333333333333
69912	205	0	5	0.505	140.0	700.0	0.6666666666666666
69913	19	0	5	0.04	15.8	79.0	0.0
69914	28	0	5	0.0625	21.2	106.0	0.3333333333333333
69915	296	1	4	0.7375	131.2	656.0	1.0
69916	89	0	5	0.215	35.8	179.0	0.3333333333333333
69917	150	0	5	0.3675	122.8	614.0	0.3333333333333333
69918	109	0	5	0.265	107.0	535.0	0.0
69919	247	0	5	0.61	148.4	742.0	0.6666666666666666
69920	318	0	5	0.7875	107.6	538.0	0.6666666666666666
69921	311	0	5	0.77	150.8	754.0	0.6666666666666666
69922	38	0	5	0.0875	18.6	93.0	0.0
69923	146	0	5	0.3575	108.2	541.0	0.3333333333333333
69924	109	1	4	0.27	55.4	277.0	1.0
69925	303	0	5	0.75	134.8	674.0	0.6666666666666666
69926	383	0	5	0.95	123.6	618.0	0.6666666666666666
69927	313	0	5	0.775	82.2	411.0	0.6666666666666666
69928	17	0	5	0.035	15.0	75.0	0.0
69929	26	0	5	0.0575	22.4	112.0	0.3333333333333333
69930	40	0	5	0.0925	38.0	190.0	0.0
69931	22	0	5	0.0475	20.0	100.0	0.0
69932	189	0	5	0.465	173.4	867.0	0.3333333333333333
69933	188	0	5	0.4625	58.0	290.0	0.6666666666666666
69934	140	0	5	0.3425	124.2	621.0	0.3333333333333333
69935	225	0	5	0.555	135.2	676.0	0.0
69936	299	0	5	0.74	221.0	1105.0	0.6666666666666666
69937	140	0	5	0.3425	93.2	466.0	0.3333333333333333
69938	359	1	3	0.895	272.0	1360.0	1.0
69939	355	1	4	0.885	247.8	1239.0	1.0
69940	336	1	4	0.8375	216.4	1082.0	1.0
69941	8	0	5	0.0125	6.0	30.0	0.0
69942	68	0	5	0.1625	42.0	210.0	0.3333333333333333
69943	151	0	5	0.37	131.0	655.0	0.0
69944	127	0	5	0.31	72.8	364.0	0.6666666666666666
69945	198	0	5	0.4875	90.4	452.0	0.3333333333333333
69946	182	0	5	0.4475	141.6	708.0	0.0
69947	91	0	5	0.22	78.2	391.0	0.0
69948	189	0	5	0.465	97.2	486.0	0.6666666666666666
69949	51	0	5	0.12	49.0	245.0	0.0
69950	332	0	5	0.8225	287.2	1436.0	0.3333333333333333
69951	256	1	4	0.6375	162.4	812.0	1.0
69952	40	0	5	0.0925	38.0	190.0	0.0
69953	336	1	3	0.8375	275.0	1375.0	1.0
69954	242	0	5	0.5975	125.2	626.0	0.3333333333333333
69955	228	1	4	0.5675	146.2	731.0	1.0
69956	54	0	5	0.1275	45.6	228.0	0.3333333333333333
69957	316	0	5	0.7825	153.0	765.0	0.3333333333333333
69958	179	0	5	0.44	152.0	760.0	0.3333333333333333
69959	266	0	5	0.6575	194.4	972.0	0.3333333333333333
69960	269	0	5	0.665	261.0	1305.0	0.6666666666666666
69961	106	0	5	0.2575	104.0	520.0	0.0
69962	243	0	5	0.6	241.0	1205.0	0.0
69963	50	0	5	0.1175	33.0	165.0	0.3333333333333333
69964	342	1	4	0.8525	139.8	699.0	1.0
69965	352	0	5	0.8725	297.0	1485.0	0.3333333333333333
69966	220	0	5	0.5425	59.2	296.0	0.3333333333333333
69967	131	0	5	0.32	103.6	518.0	0.0
69968	38	0	5	0.0875	36.0	180.0	0.0
69969	252	0	5	0.6225	202.0	1010.0	0.3333333333333333
69970	163	0	5	0.4	151.4	757.0	0.3333333333333333
69971	246	0	5	0.6075	103.0	515.0	0.3333333333333333
69972	53	0	5	0.125	51.0	255.0	0.0
69973	367	0	5	0.91	328.0	1640.0	0.3333333333333333
69974	105	0	5	0.255	52.4	262.0	0.6666666666666666
69975	286	0	5	0.7075	125.8	629.0	0.6666666666666666
69976	113	0	5	0.275	46.8	234.0	0.0
69977	308	0	5	0.7625	110.8	554.0	0.6666666666666666
69978	110	0	5	0.2675	90.0	450.0	0.0
69979	268	0	5	0.6625	229.4	1147.0	0.3333333333333333
69980	254	0	5	0.6275	145.6	728.0	0.3333333333333333
69981	273	0	5	0.675	162.8	814.0	0.6666666666666666
69982	262	0	5	0.6475	238.2	1191.0	0.3333333333333333
69983	32	0	5	0.0725	30.0	150.0	0.0
69984	213	0	5	0.525	180.2	901.0	0.6666666666666666
69985	117	0	5	0.285	103.0	515.0	0.0
69986	264	0	5	0.6525	92.6	463.0	0.6666666666666666
69987	214	0	5	0.5275	209.6	1048.0	0.0
69988	340	0	5	0.8425	190.8	954.0	0.3333333333333333
69989	52	0	5	0.1225	24.8	124.0	0.3333333333333333
69990	266	0	5	0.6575	108.0	540.0	0.6666666666666666
69991	91	0	5	0.22	89.0	445.0	0.0
69992	18	0	5	0.0375	16.0	80.0	0.0
69993	193	0	5	0.475	175.0	875.0	0.3333333333333333
69994	205	0	5	0.505	127.8	639.0	0.3333333333333333
69995	143	0	5	0.35	141.0	705.0	0.0
69996	114	0	5	0.2775	36.0	180.0	0.0
69997	169	1	4	0.42	101.0	505.0	1.0
69998	20	0	5	0.0425	12.0	60.0	0.3333333333333333
69999	108	0	5	0.2625	71.6	358.0	0.3333333333333333
70000	11	0	5	0.02	9.0	45.0	0.0
70001	210	0	5	0.5175	149.0	745.0	0.3333333333333333
70002	110	0	5	0.2675	98.8	494.0	0.0
70003	113	0	5	0.275	39.8	199.0	0.3333333333333333
70004	396	1	4	0.9875	320.0	1600.0	1.0
70005	369	0	5	0.915	334.4	1672.0	0.3333333333333333
70006	83	0	5	0.2	48.0	240.0	0.0
70007	17	0	5	0.035	10.6	53.0	0.3333333333333333
70008	285	0	5	0.705	262.6	1313.0	0.3333333333333333
70009	190	0	5	0.4675	134.0	670.0	0.0
70010	40	0	5	0.0925	29.2	146.0	0.3333333333333333
70011	192	0	5	0.4725	110.8	554.0	0.6666666666666666
70012	326	0	5	0.8075	270.4	1352.0	0.3333333333333333
70013	242	0	5	0.5975	133.0	665.0	0.0
70014	212	0	5	0.5225	210.0	1050.0	0.0
70015	142	0	5	0.3475	50.4	252.0	0.0
70016	328	0	5	0.8125	249.6	1248.0	0.6666666666666666
70017	385	0	5	0.955	237.6	1188.0	0.3333333333333333
70018	118	0	5	0.2875	78.4	392.0	0.6666666666666666
70019	360	0	5	0.8925	115.6	578.0	0.6666666666666666
70020	118	0	5	0.2875	113.2	566.0	0.0
70021	335	0	5	0.83	118.6	593.0	0.3333333333333333
70022	214	0	5	0.5275	103.4	517.0	0.6666666666666666
70023	316	0	5	0.7825	112.4	562.0	0.6666666666666666
70024	80	0	5	0.1925	64.2	321.0	0.0
70025	326	0	5	0.8075	64.8	324.0	0.6666666666666666
70026	351	0	5	0.87	293.8	1469.0	0.3333333333333333
70027	132	0	5	0.3225	65.2	326.0	0.3333333333333333
70028	55	0	5	0.13	38.0	190.0	0.0
70029	11	0	5	0.02	9.0	45.0	0.0
70030	82	0	5	0.1975	57.2	286.0	0.0
70031	137	0	5	0.335	116.2	581.0	0.3333333333333333
70032	316	0	5	0.7825	86.4	432.0	0.3333333333333333
70033	246	0	5	0.6075	120.4	602.0	0.3333333333333333
70034	151	0	5	0.37	113.4	567.0	0.3333333333333333
70035	117	0	5	0.285	70.6	353.0	0.0
70036	361	0	5	0.895	99.2	496.0	0.6666666666666666
70037	230	0	5	0.5675	146.0	730.0	0.3333333333333333
70038	217	0	5	0.535	166.8	834.0	0.3333333333333333
70039	359	0	5	0.89	297.6	1488.0	0.6666666666666666
70040	14	0	5	0.0275	10.4	52.0	0.0
70041	377	0	5	0.935	148.4	742.0	0.6666666666666666
70042	275	0	5	0.68	204.6	1023.0	0.6666666666666666
70043	86	0	5	0.2075	75.2	376.0	0.0
70044	282	0	5	0.6975	128.8	644.0	0.3333333333333333
70045	219	0	5	0.54	111.6	558.0	0.3333333333333333
70046	55	0	5	0.13	42.4	212.0	0.3333333333333333
70047	262	0	5	0.6475	211.0	1055.0	0.3333333333333333
70048	269	1	4	0.67	229.6	1148.0	1.0
70049	264	0	5	0.6525	77.2	386.0	0.3333333333333333
70050	217	0	5	0.535	164.2	821.0	0.3333333333333333
70051	110	0	5	0.2675	108.0	540.0	0.0
70052	188	0	5	0.4625	186.0	930.0	0.3333333333333333
70053	304	0	5	0.7525	128.0	640.0	0.3333333333333333
70054	50	0	5	0.1175	36.0	180.0	0.3333333333333333
70055	185	0	5	0.455	72.2	361.0	0.3333333333333333
70056	161	0	5	0.395	88.6	443.0	0.3333333333333333
70057	285	0	5	0.705	126.4	632.0	0.6666666666666666
70058	24	0	5	0.0525	22.0	110.0	0.0
70059	198	0	5	0.4875	143.2	716.0	0.3333333333333333
70060	49	0	5	0.115	47.0	235.0	0.0
70061	381	0	5	0.945	112.6	563.0	0.6666666666666666
70062	127	0	5	0.31	35.8	179.0	0.3333333333333333
70063	394	0	5	0.9775	342.4	1712.0	0.6666666666666666
70064	239	1	4	0.595	167.8	839.0	1.0
70065	11	0	5	0.02	9.0	45.0	0.0
70066	252	0	5	0.6225	143.8	719.0	0.6666666666666666
70067	107	0	5	0.26	25.8	129.0	0.3333333333333333
70068	215	0	5	0.53	97.0	485.0	0.6666666666666666
70069	369	0	5	0.915	133.8	669.0	0.6666666666666666
70070	90	0	5	0.2175	34.2	171.0	0.3333333333333333
70071	186	0	5	0.4575	101.6	508.0	0.3333333333333333
70072	294	0	5	0.7275	174.4	872.0	0.6666666666666666
70073	272	0	5	0.6725	188.0	940.0	0.6666666666666666
70074	245	1	4	0.61	108.8	544.0	1.0
70075	301	0	5	0.745	190.6	953.0	0.3333333333333333
70076	220	0	5	0.5425	77.6	388.0	0.6666666666666666
70077	180	0	5	0.4425	89.8	449.0	0.6666666666666666
70078	24	0	5	0.0525	20.0	100.0	0.3333333333333333
70079	44	0	5	0.1025	42.0	210.0	0.0
70080	149	0	5	0.365	147.0	735.0	0.0
70081	384	0	5	0.9525	168.0	840.0	0.6666666666666666
70082	85	0	5	0.205	81.0	405.0	0.3333333333333333
70083	135	0	5	0.33	81.8	409.0	0.3333333333333333
70084	196	0	5	0.4825	44.4	222.0	0.3333333333333333
70085	207	0	5	0.51	165.8	829.0	0.3333333333333333
70086	126	0	5	0.3075	124.0	620.0	0.0
70087	71	0	5	0.17	69.0	345.0	0.0
70088	351	0	5	0.87	185.6	928.0	0.3333333333333333
70089	315	0	5	0.78	220.0	1100.0	0.6666666666666666
70090	178	0	5	0.4375	71.6	358.0	0.3333333333333333
70091	244	0	5	0.6025	178.0	890.0	0.6666666666666666
70092	90	0	5	0.2175	25.6	128.0	0.3333333333333333
70093	92	0	5	0.2225	60.4	302.0	0.3333333333333333
70094	91	0	5	0.22	79.8	399.0	0.3333333333333333
70095	113	0	5	0.275	83.0	415.0	0.3333333333333333
70096	290	0	5	0.7175	274.8	1374.0	0.6666666666666666
70097	199	0	5	0.49	131.2	656.0	0.3333333333333333
70098	278	0	5	0.6875	233.0	1165.0	0.0
70099	326	0	5	0.8075	96.4	482.0	0.6666666666666666
70100	192	0	5	0.4725	180.2	901.0	0.0
70101	137	0	5	0.335	135.0	675.0	0.0
70102	392	1	4	0.9775	216.2	1081.0	1.0
70103	351	0	5	0.87	211.0	1055.0	0.3333333333333333
70104	163	0	5	0.4	41.0	205.0	0.6666666666666666
70105	374	0	5	0.9275	204.2	1021.0	0.3333333333333333
70106	243	0	5	0.6	211.0	1055.0	0.3333333333333333
70107	165	0	5	0.405	152.2	761.0	0.3333333333333333
70108	212	0	5	0.5225	192.6	963.0	0.6666666666666666
70109	359	0	5	0.89	158.2	791.0	0.3333333333333333
70110	200	0	5	0.4925	163.0	815.0	0.3333333333333333
70111	240	0	5	0.5925	163.6	818.0	0.3333333333333333
70112	133	0	5	0.325	131.0	655.0	0.0
70113	334	0	5	0.8275	176.6	883.0	0.6666666666666666
70114	210	0	5	0.5175	96.8	484.0	0.3333333333333333
70115	286	0	5	0.7075	239.0	1195.0	0.0
70116	273	0	5	0.675	113.0	565.0	0.6666666666666666
70117	243	0	5	0.6	129.4	647.0	0.6666666666666666
70118	278	0	5	0.6875	185.2	926.0	0.3333333333333333
70119	17	0	5	0.035	15.0	75.0	0.0
70120	99	0	5	0.24	67.0	335.0	0.0
70121	355	0	5	0.88	188.6	943.0	0.6666666666666666
70122	87	0	5	0.21	77.0	385.0	0.3333333333333333
70123	85	0	5	0.205	83.0	415.0	0.0
70124	67	0	5	0.16	34.0	170.0	0.0
70125	26	0	5	0.0575	24.0	120.0	0.0
70126	355	0	5	0.88	336.6	1683.0	0.0
70127	208	1	4	0.5175	130.4	652.0	1.0
70128	313	0	5	0.775	169.4	847.0	0.6666666666666666
70129	338	1	4	0.8425	136.2	681.0	1.0
70130	212	0	5	0.5225	161.4	807.0	0.0
70131	134	0	5	0.3275	117.0	585.0	0.6666666666666666
70132	94	0	5	0.2275	88.4	442.0	0.3333333333333333
70133	21	0	5	0.045	19.0	95.0	0.0
70134	288	1	4	0.7175	167.2	836.0	1.0
70135	247	0	5	0.61	153.8	769.0	0.3333333333333333
70136	380	1	4	0.9475	269.6	1348.0	1.0
70137	86	0	5	0.2075	84.0	420.0	0.0
70138	12	0	5	0.0225	9.4	47.0	0.0
70139	116	0	5	0.2825	112.0	560.0	0.3333333333333333
70140	207	0	5	0.51	77.2	386.0	0.6666666666666666
70141	207	0	5	0.51	53.8	269.0	0.3333333333333333
70142	236	0	5	0.5825	93.2	466.0	0.3333333333333333
70143	190	0	5	0.4675	99.6	498.0	0.3333333333333333
70144	305	0	5	0.755	133.0	665.0	0.6666666666666666
70145	158	0	5	0.3875	76.2	381.0	0.3333333333333333
70146	302	0	5	0.7475	140.4	702.0	0.3333333333333333
70147	65	0	5	0.155	63.0	315.0	0.0
70148	379	0	5	0.94	232.2	1161.0	0.6666666666666666
70149	23	0	5	0.05	21.0	105.0	0.0
70150	315	0	5	0.78	276.0	1380.0	0.3333333333333333
70151	35	0	5	0.08	33.0	165.0	0.0
70152	332	0	5	0.8225	215.8	1079.0	0.6666666666666666
70153	155	0	5	0.38	100.4	502.0	0.3333333333333333
70154	366	0	5	0.9075	239.4	1197.0	0.6666666666666666
70155	315	0	5	0.78	170.6	853.0	0.6666666666666666
70156	242	0	5	0.5975	161.2	806.0	0.6666666666666666
70157	77	0	5	0.185	43.8	219.0	0.0
70158	306	0	5	0.7575	135.6	678.0	0.3333333333333333
70159	228	1	4	0.5675	216.8	1084.0	1.0
70160	271	0	5	0.67	77.2	386.0	0.3333333333333333
70161	65	0	5	0.155	39.0	195.0	0.3333333333333333
70162	385	0	5	0.955	205.4	1027.0	0.6666666666666666
70163	119	0	5	0.29	37.8	189.0	0.3333333333333333
70164	265	0	5	0.655	74.2	371.0	0.6666666666666666
70165	305	0	5	0.755	169.6	848.0	0.6666666666666666
70166	27	0	5	0.06	11.2	56.0	0.3333333333333333
70167	123	0	5	0.3	82.4	412.0	0.6666666666666666
70168	308	0	5	0.7625	258.8	1294.0	0.6666666666666666
70169	18	0	5	0.0375	10.6	53.0	0.3333333333333333
70170	140	0	5	0.3425	110.2	551.0	0.6666666666666666
70171	64	0	5	0.1525	58.4	292.0	0.6666666666666666
70172	170	0	5	0.4175	101.2	506.0	0.3333333333333333
70173	373	0	5	0.925	263.2	1316.0	0.6666666666666666
70174	302	0	5	0.7475	120.8	604.0	0.6666666666666666
70175	363	0	5	0.9	147.4	737.0	0.6666666666666666
70176	231	0	5	0.57	148.4	742.0	0.6666666666666666
70177	81	0	5	0.195	79.0	395.0	0.0
70178	318	0	5	0.7875	207.8	1039.0	0.6666666666666666
70179	11	0	5	0.02	9.0	45.0	0.0
70180	289	0	5	0.715	94.6	473.0	0.3333333333333333
70181	71	0	5	0.17	69.0	345.0	0.0
70182	295	0	5	0.73	177.6	888.0	0.6666666666666666
70183	5	0	5	0.005	3.0	15.0	0.0
70184	92	0	5	0.2225	50.0	250.0	0.3333333333333333
70185	202	0	5	0.4975	103.4	517.0	0.3333333333333333
70186	42	0	5	0.0975	40.0	200.0	0.0
70187	84	0	5	0.2025	63.2	316.0	0.3333333333333333
70188	85	0	5	0.205	38.2	191.0	0.3333333333333333
70189	202	0	5	0.4975	103.6	518.0	0.0
70190	221	0	5	0.545	203.2	1016.0	0.3333333333333333
70191	72	0	5	0.1725	54.8	274.0	0.3333333333333333
70192	215	0	5	0.53	112.2	561.0	0.3333333333333333
70193	244	0	5	0.6025	156.4	782.0	0.3333333333333333
70194	240	0	5	0.5925	87.4	437.0	0.3333333333333333
70195	28	0	5	0.0625	26.0	130.0	0.0
70196	149	0	5	0.365	120.6	603.0	0.6666666666666666
70197	56	0	5	0.1325	54.0	270.0	0.0
70198	123	0	5	0.3	54.6	273.0	0.3333333333333333
70199	163	0	5	0.4	140.4	702.0	0.3333333333333333
70200	245	0	5	0.605	125.4	627.0	0.0
70201	74	0	5	0.1775	67.2	336.0	0.0
70202	104	0	5	0.2525	72.4	362.0	0.3333333333333333
70203	337	0	5	0.835	93.0	465.0	0.3333333333333333
70204	180	0	5	0.4425	134.4	672.0	0.0
70205	85	0	5	0.205	83.0	415.0	0.0
70206	389	0	5	0.965	163.8	819.0	0.6666666666666666
70207	175	0	5	0.43	49.0	245.0	0.3333333333333333
70208	318	1	4	0.7925	107.6	538.0	1.0
70209	164	0	5	0.4025	105.2	526.0	0.0
70210	211	0	5	0.52	108.2	541.0	0.3333333333333333
70211	126	0	5	0.3075	124.0	620.0	0.0
70212	220	0	5	0.5425	128.4	642.0	0.3333333333333333
70213	208	0	5	0.5125	148.8	744.0	0.3333333333333333
70214	190	1	4	0.4725	171.6	858.0	1.0
70215	319	0	5	0.79	213.0	1065.0	0.6666666666666666
70216	36	0	5	0.0825	34.0	170.0	0.0
70217	192	0	5	0.4725	165.4	827.0	0.6666666666666666
70218	270	0	5	0.6675	143.6	718.0	0.6666666666666666
70219	171	1	4	0.425	89.8	449.0	1.0
70220	285	0	5	0.705	132.6	663.0	0.6666666666666666
70221	362	0	5	0.8975	144.6	723.0	0.6666666666666666
70222	27	0	5	0.06	18.2	91.0	0.3333333333333333
70223	366	1	4	0.9125	92.4	462.0	1.0
70224	127	0	5	0.31	105.8	529.0	0.3333333333333333
70225	275	0	5	0.68	122.2	611.0	0.3333333333333333
70226	25	0	5	0.055	11.0	55.0	0.3333333333333333
70227	364	0	5	0.9025	192.8	964.0	0.3333333333333333
70228	84	0	5	0.2025	69.6	348.0	0.3333333333333333
70229	372	0	5	0.9225	181.6	908.0	0.6666666666666666
70230	191	0	5	0.47	64.2	321.0	0.0
70231	120	0	5	0.2925	63.2	316.0	0.6666666666666666
70232	126	0	5	0.3075	124.0	620.0	0.0
70233	36	0	5	0.0825	32.0	160.0	0.3333333333333333
70234	92	0	5	0.2225	83.6	418.0	0.0
70235	9	0	5	0.015	7.0	35.0	0.0
70236	375	0	5	0.93	131.4	657.0	0.6666666666666666
70237	23	0	5	0.05	21.0	105.0	0.0
70238	246	0	5	0.6075	69.6	348.0	0.6666666666666666
70239	166	0	5	0.4075	36.8	184.0	0.6666666666666666
70240	42	0	5	0.0975	40.0	200.0	0.0
70241	221	0	5	0.545	171.4	857.0	0.6666666666666666
70242	385	1	4	0.96	262.4	1312.0	1.0
70243	279	0	5	0.69	269.8	1349.0	0.3333333333333333
70244	270	0	5	0.6675	198.0	990.0	0.3333333333333333
70245	159	0	5	0.39	72.4	362.0	0.3333333333333333
70246	105	0	5	0.255	89.4	447.0	0.0
70247	63	0	5	0.15	31.4	157.0	0.3333333333333333
70248	71	0	5	0.17	42.6	213.0	0.0
70249	324	0	5	0.8025	286.0	1430.0	0.6666666666666666
70250	247	1	4	0.615	159.8	799.0	1.0
70251	296	1	3	0.7375	247.6	1238.0	1.0
70252	39	0	5	0.09	37.0	185.0	0.0
70253	173	0	5	0.425	115.2	576.0	0.0
70254	370	0	5	0.9175	223.2	1116.0	0.6666666666666666
70255	59	0	5	0.14	57.0	285.0	0.0
70256	86	0	5	0.2075	84.0	420.0	0.0
70257	96	0	5	0.2325	59.6	298.0	0.3333333333333333
70258	12	0	5	0.0225	10.0	50.0	0.0
70259	299	0	5	0.74	146.0	730.0	0.3333333333333333
70260	155	0	5	0.38	134.4	672.0	0.3333333333333333
70261	223	0	5	0.55	216.6	1083.0	0.0
70262	298	0	5	0.7375	166.4	832.0	0.6666666666666666
70263	183	1	4	0.455	67.4	337.0	1.0
70264	396	0	5	0.9825	328.0	1640.0	0.6666666666666666
70265	112	0	5	0.2725	105.2	526.0	0.0
70266	219	0	5	0.54	178.2	891.0	0.6666666666666666
70267	289	0	5	0.715	93.4	467.0	0.3333333333333333
70268	103	0	5	0.25	50.6	253.0	0.3333333333333333
70269	365	0	5	0.905	251.8	1259.0	0.6666666666666666
70270	87	0	5	0.21	58.2	291.0	0.0
70271	337	0	5	0.835	175.4	877.0	0.3333333333333333
70272	220	0	5	0.5425	125.4	627.0	0.6666666666666666
70273	335	0	5	0.83	243.0	1215.0	0.3333333333333333
70274	353	0	5	0.875	134.0	670.0	0.3333333333333333
70275	373	0	5	0.925	171.6	858.0	0.6666666666666666
70276	215	0	5	0.53	149.2	746.0	0.0
70277	12	0	5	0.0225	10.0	50.0	0.0
70278	242	0	5	0.5975	112.8	564.0	0.6666666666666666
70279	201	0	5	0.495	126.6	633.0	0.3333333333333333
70280	120	0	5	0.2925	89.2	446.0	0.0
70281	19	0	5	0.04	16.8	84.0	0.3333333333333333
70282	31	0	5	0.07	29.0	145.0	0.0
70283	35	0	5	0.08	33.0	165.0	0.0
70284	357	0	5	0.885	134.2	671.0	0.6666666666666666
70285	277	0	5	0.685	57.4	287.0	0.6666666666666666
70286	281	0	5	0.695	230.2	1151.0	0.3333333333333333
70287	151	0	5	0.37	83.6	418.0	0.3333333333333333
70288	204	0	5	0.5025	168.2	841.0	0.3333333333333333
70289	333	0	5	0.825	230.2	1151.0	0.6666666666666666
70290	159	0	5	0.39	157.0	785.0	0.3333333333333333
70291	318	0	5	0.7875	204.4	1022.0	0.6666666666666666
70292	384	0	5	0.9525	152.4	762.0	0.6666666666666666
70293	182	0	5	0.4475	102.4	512.0	0.3333333333333333
70294	323	0	5	0.8	218.0	1090.0	0.3333333333333333
70295	264	0	5	0.6525	166.8	834.0	0.3333333333333333
70296	86	0	5	0.2075	84.0	420.0	0.0
70297	166	0	5	0.4075	164.0	820.0	0.0
70298	362	0	5	0.8975	217.8	1089.0	0.6666666666666666
70299	271	0	5	0.67	120.0	600.0	0.3333333333333333
70300	250	0	5	0.6175	194.0	970.0	0.3333333333333333
70301	257	0	5	0.635	157.6	788.0	0.3333333333333333
70302	221	0	5	0.545	81.0	405.0	0.6666666666666666
70303	69	0	5	0.165	35.0	175.0	0.3333333333333333
70304	328	0	5	0.8125	207.6	1038.0	0.3333333333333333
70305	211	0	5	0.52	131.8	659.0	0.3333333333333333
70306	259	0	5	0.64	193.0	965.0	0.0
70307	180	0	5	0.4425	125.6	628.0	0.0
70308	91	0	5	0.22	67.4	337.0	0.0
70309	294	0	5	0.7275	176.4	882.0	0.0
70310	317	0	5	0.785	258.6	1293.0	0.3333333333333333
70311	142	0	5	0.3475	98.0	490.0	0.3333333333333333
70312	306	0	5	0.7575	211.6	1058.0	0.3333333333333333
70313	148	0	5	0.3625	106.2	531.0	0.3333333333333333
70314	377	0	5	0.935	222.6	1113.0	0.6666666666666666
70315	92	0	5	0.2225	84.0	420.0	0.0
70316	283	0	5	0.7	170.0	850.0	0.3333333333333333
70317	275	0	5	0.68	139.0	695.0	0.3333333333333333
70318	120	0	5	0.2925	106.0	530.0	0.3333333333333333
70319	240	0	5	0.5925	215.2	1076.0	0.0
70320	166	0	5	0.4075	164.0	820.0	0.0
70321	276	0	5	0.6825	153.2	766.0	0.6666666666666666
70322	126	0	5	0.3075	67.6	338.0	0.0
70323	298	0	5	0.7375	151.8	759.0	0.3333333333333333
70324	79	0	5	0.19	45.8	229.0	0.0
70325	397	0	5	0.985	212.0	1060.0	0.6666666666666666
70326	338	0	5	0.8375	193.2	966.0	0.3333333333333333
70327	32	0	5	0.0725	11.6	58.0	0.3333333333333333
70328	289	0	5	0.715	138.0	690.0	0.6666666666666666
70329	55	0	5	0.13	53.0	265.0	0.0
70330	55	0	5	0.13	47.0	235.0	0.3333333333333333
70331	50	0	5	0.1175	48.0	240.0	0.0
70332	243	0	5	0.6	119.6	598.0	0.6666666666666666
70333	237	0	5	0.585	160.2	801.0	0.3333333333333333
70334	401	0	3	0.9975	268.8	1344.0	0.6666666666666666
70335	31	0	5	0.07	23.4	117.0	0.3333333333333333
70336	143	0	5	0.35	95.0	475.0	0.3333333333333333
70337	76	0	5	0.1825	74.0	370.0	0.0
70338	210	0	5	0.5175	172.0	860.0	0.3333333333333333
70339	157	1	4	0.39	88.6	443.0	1.0
70340	103	0	5	0.25	101.0	505.0	0.0
70341	137	0	5	0.335	93.4	467.0	0.0
70342	152	0	5	0.3725	138.0	690.0	0.3333333333333333
70343	16	0	5	0.0325	14.0	70.0	0.0
70344	68	0	5	0.1625	66.0	330.0	0.0
70345	90	0	5	0.2175	65.8	329.0	0.3333333333333333
70346	364	1	4	0.9075	304.6	1523.0	1.0
70347	154	0	5	0.3775	61.4	307.0	0.0
70348	266	0	5	0.6575	239.4	1197.0	0.6666666666666666
70349	7	0	5	0.01	5.0	25.0	0.0
70350	223	0	5	0.55	197.0	985.0	0.3333333333333333
70351	394	1	4	0.9825	154.8	774.0	1.0
70352	247	1	4	0.615	107.4	537.0	1.0
70353	3	0	5	0.0025	0.4	2.0	0.3333333333333333
70354	101	0	5	0.245	72.6	363.0	0.6666666666666666
70355	392	0	5	0.9725	267.4	1337.0	0.6666666666666666
70356	351	0	5	0.87	231.4	1157.0	0.6666666666666666
70357	303	0	5	0.75	181.4	907.0	0.6666666666666666
70358	157	0	5	0.385	105.6	528.0	0.3333333333333333
70359	248	0	5	0.6125	126.8	634.0	0.3333333333333333
70360	117	0	5	0.285	85.0	425.0	0.6666666666666666
70361	64	0	5	0.1525	62.0	310.0	0.0
70362	40	0	5	0.0925	38.0	190.0	0.0
70363	207	0	5	0.51	147.6	738.0	0.6666666666666666
70364	42	0	5	0.0975	40.0	200.0	0.0
70365	57	0	5	0.135	55.0	275.0	0.0
70366	135	0	5	0.33	94.8	474.0	0.3333333333333333
70367	112	0	5	0.2725	92.8	464.0	0.0
70368	157	0	5	0.385	136.6	683.0	0.3333333333333333
70369	113	0	5	0.275	111.0	555.0	0.0
70370	190	0	5	0.4675	108.4	542.0	0.6666666666666666
70371	352	0	5	0.8725	252.8	1264.0	0.6666666666666666
70372	95	0	5	0.23	77.4	387.0	0.3333333333333333
70373	124	0	5	0.3025	112.0	560.0	0.0
70374	240	0	5	0.5925	145.4	727.0	0.3333333333333333
70375	297	0	5	0.735	197.8	989.0	0.6666666666666666
70376	312	1	4	0.7775	186.6	933.0	1.0
70377	183	0	5	0.45	153.0	765.0	0.3333333333333333
70378	53	0	5	0.125	41.2	206.0	0.0
70379	99	0	5	0.24	83.2	416.0	0.3333333333333333
70380	51	0	5	0.12	17.8	89.0	0.3333333333333333
70381	356	0	5	0.8825	157.4	787.0	0.6666666666666666
70382	242	0	5	0.5975	192.8	964.0	0.6666666666666666
70383	185	0	5	0.455	73.4	367.0	0.3333333333333333
70384	61	0	5	0.145	50.0	250.0	0.3333333333333333
70385	349	0	5	0.865	151.6	758.0	0.6666666666666666
70386	271	0	5	0.67	191.0	955.0	0.6666666666666666
70387	201	0	5	0.495	80.2	401.0	0.6666666666666666
70388	392	1	4	0.9775	174.4	872.0	1.0
70389	48	0	5	0.1125	41.2	206.0	0.0
70390	387	0	5	0.96	140.6	703.0	0.6666666666666666
70391	210	0	5	0.5175	41.8	209.0	0.0
70392	345	0	5	0.855	258.8	1294.0	0.6666666666666666
70393	240	0	5	0.5925	162.2	811.0	0.3333333333333333
70394	134	0	5	0.3275	132.0	660.0	0.0
70395	3	0	5	0.0025	0.2	1.0	0.3333333333333333
70396	209	0	5	0.515	88.0	440.0	0.3333333333333333
70397	340	0	5	0.8425	221.6	1108.0	0.3333333333333333
70398	284	0	5	0.7025	89.8	449.0	0.6666666666666666
70399	173	0	5	0.425	147.0	735.0	0.3333333333333333
70400	224	0	5	0.5525	155.4	777.0	0.0
70401	203	0	5	0.5	161.4	807.0	0.3333333333333333
70402	139	0	5	0.34	137.0	685.0	0.0
70403	36	0	5	0.0825	34.0	170.0	0.0
70404	184	0	5	0.4525	128.4	642.0	0.6666666666666666
70405	237	0	5	0.585	203.2	1016.0	0.0
70406	279	0	5	0.69	102.6	513.0	0.6666666666666666
70407	191	0	5	0.47	189.0	945.0	0.0
70408	318	0	5	0.7875	283.2	1416.0	0.3333333333333333
70409	371	0	5	0.92	148.6	743.0	0.6666666666666666
70410	204	0	5	0.5025	99.8	499.0	0.6666666666666666
70411	212	0	5	0.5225	113.2	566.0	0.6666666666666666
70412	271	0	5	0.67	143.8	719.0	0.6666666666666666
70413	95	0	5	0.23	64.2	321.0	0.0
70414	80	0	5	0.1925	78.0	390.0	0.0
70415	105	0	5	0.255	55.0	275.0	0.3333333333333333
70416	71	0	5	0.17	48.2	241.0	0.0
70417	203	0	5	0.5	201.0	1005.0	0.0
70418	10	0	5	0.0175	8.0	40.0	0.0
70419	245	0	5	0.605	179.2	896.0	0.3333333333333333
70420	25	0	5	0.055	22.2	111.0	0.0
70421	79	0	5	0.19	77.0	385.0	0.0
70422	345	0	5	0.855	171.8	859.0	0.6666666666666666
70423	69	0	5	0.165	57.4	287.0	0.0
70424	208	0	5	0.5125	104.2	521.0	0.6666666666666666
70425	108	0	5	0.2625	60.2	301.0	0.3333333333333333
70426	151	0	5	0.37	128.2	641.0	0.6666666666666666
70427	111	0	5	0.27	30.0	150.0	0.6666666666666666
70428	145	0	5	0.355	137.0	685.0	0.0
70429	168	0	5	0.4125	133.4	667.0	0.6666666666666666
70430	357	0	5	0.885	186.4	932.0	0.6666666666666666
70431	351	0	5	0.87	161.8	809.0	0.6666666666666666
70432	362	1	4	0.9025	263.8	1319.0	1.0
70433	175	0	5	0.43	133.8	669.0	0.3333333333333333
70434	257	0	5	0.635	154.8	774.0	0.6666666666666666
70435	93	0	5	0.225	54.8	274.0	0.0
70436	214	1	4	0.5325	116.2	581.0	1.0
70437	161	0	5	0.395	66.2	331.0	0.6666666666666666
70438	365	0	5	0.905	158.2	791.0	0.6666666666666666
70439	187	0	5	0.46	152.0	760.0	0.0
70440	270	0	5	0.6675	71.2	356.0	0.3333333333333333
70441	362	0	5	0.8975	197.6	988.0	0.6666666666666666
70442	95	0	5	0.23	93.0	465.0	0.0
70443	139	0	5	0.34	68.0	340.0	0.3333333333333333
70444	179	0	5	0.44	168.2	841.0	0.0
70445	328	0	5	0.8125	231.8	1159.0	0.6666666666666666
70446	49	0	5	0.115	47.0	235.0	0.0
70447	273	0	5	0.675	135.6	678.0	0.6666666666666666
70448	218	0	5	0.5375	212.0	1060.0	0.0
70449	311	0	5	0.77	141.8	709.0	0.6666666666666666
70450	262	0	5	0.6475	160.8	804.0	0.6666666666666666
70451	115	0	5	0.28	85.4	427.0	0.3333333333333333
70452	86	0	5	0.2075	79.6	398.0	0.0
70453	50	0	5	0.1175	47.0	235.0	0.0
70454	302	0	5	0.7475	268.0	1340.0	0.3333333333333333
70455	174	0	5	0.4275	149.6	748.0	0.0
70456	189	0	5	0.465	137.0	685.0	0.3333333333333333
70457	390	0	5	0.9675	274.8	1374.0	0.6666666666666666
70458	282	0	5	0.6975	138.4	692.0	0.6666666666666666
70459	304	0	5	0.7525	177.0	885.0	0.3333333333333333
70460	11	0	5	0.02	9.0	45.0	0.0
70461	116	0	5	0.2825	114.0	570.0	0.0
70462	70	0	5	0.1675	44.8	224.0	0.3333333333333333
70463	216	1	4	0.5375	110.4	552.0	1.0
70464	234	0	5	0.5775	157.8	789.0	0.6666666666666666
70465	97	0	5	0.235	87.4	437.0	0.3333333333333333
70466	273	0	5	0.675	158.8	794.0	0.6666666666666666
70467	168	0	5	0.4125	165.2	826.0	0.3333333333333333
70468	179	0	5	0.44	76.2	381.0	0.3333333333333333
70469	150	0	5	0.3675	64.2	321.0	0.6666666666666666
70470	353	1	4	0.88	230.2	1151.0	1.0
70471	44	0	5	0.1025	42.0	210.0	0.0
70472	336	0	5	0.8325	134.8	674.0	0.3333333333333333
70473	379	0	5	0.94	242.8	1214.0	0.6666666666666666
70474	190	0	5	0.4675	110.2	551.0	0.0
70475	264	0	5	0.6525	229.6	1148.0	0.3333333333333333
70476	317	0	5	0.785	214.4	1072.0	0.6666666666666666
70477	271	0	5	0.67	223.8	1119.0	0.6666666666666666
70478	327	1	4	0.815	88.6	443.0	1.0
70479	176	0	5	0.4325	122.0	610.0	0.6666666666666666
70480	349	0	5	0.865	267.2	1336.0	0.6666666666666666
70481	272	0	5	0.6725	222.8	1114.0	0.3333333333333333
70482	228	0	5	0.5625	132.4	662.0	0.3333333333333333
70483	141	0	5	0.345	97.4	487.0	0.6666666666666666
70484	93	0	5	0.225	90.4	452.0	0.0
70485	183	0	5	0.45	101.0	505.0	0.3333333333333333
70486	58	0	5	0.1375	56.0	280.0	0.0
70487	27	0	5	0.06	25.0	125.0	0.0
70488	155	0	5	0.38	85.8	429.0	0.0
70489	90	0	5	0.2175	58.0	290.0	0.0
70490	48	0	5	0.1125	46.0	230.0	0.0
70491	203	0	5	0.5	130.6	653.0	0.3333333333333333
70492	154	0	5	0.3775	118.4	592.0	0.3333333333333333
70493	103	0	5	0.25	92.2	461.0	0.3333333333333333
70494	24	0	5	0.0525	22.0	110.0	0.0
70495	151	0	5	0.37	71.4	357.0	0.6666666666666666
70496	192	0	5	0.4725	190.0	950.0	0.0
70497	273	0	5	0.675	125.2	626.0	0.3333333333333333
70498	211	0	5	0.52	184.4	922.0	0.3333333333333333
70499	166	0	5	0.4075	98.2	491.0	0.3333333333333333
70500	12	0	5	0.0225	10.0	50.0	0.0
70501	301	1	4	0.75	157.2	786.0	1.0
70502	392	0	5	0.9725	346.0	1730.0	0.3333333333333333
70503	235	0	5	0.58	222.6	1113.0	0.3333333333333333
70504	101	0	5	0.245	99.0	495.0	0.0
70505	105	0	5	0.255	88.2	441.0	0.0
70506	297	0	5	0.735	145.8	729.0	0.6666666666666666
70507	82	0	5	0.1975	37.4	187.0	0.3333333333333333
70508	328	0	5	0.8125	271.2	1356.0	0.6666666666666666
70509	91	0	5	0.22	89.0	445.0	0.0
70510	166	0	5	0.4075	42.4	212.0	0.3333333333333333
70511	152	0	5	0.3725	31.6	158.0	0.0
70512	198	0	5	0.4875	92.2	461.0	0.3333333333333333
70513	111	0	5	0.27	86.2	431.0	0.3333333333333333
70514	332	0	5	0.8225	200.0	1000.0	0.3333333333333333
70515	92	0	5	0.2225	90.0	450.0	0.0
70516	278	0	5	0.6875	220.2	1101.0	0.6666666666666666
70517	41	0	5	0.095	39.0	195.0	0.0
70518	84	0	5	0.2025	48.4	242.0	0.3333333333333333
70519	224	0	5	0.5525	160.8	804.0	0.3333333333333333
70520	245	0	5	0.605	243.0	1215.0	0.0
70521	125	0	5	0.305	97.8	489.0	0.3333333333333333
70522	169	0	5	0.415	164.0	820.0	0.3333333333333333
70523	151	0	5	0.37	87.4	437.0	0.3333333333333333
70524	26	0	5	0.0575	24.0	120.0	0.0
70525	245	0	5	0.605	179.0	895.0	0.0
70526	305	0	5	0.755	216.2	1081.0	0.3333333333333333
70527	111	0	5	0.27	102.4	512.0	0.3333333333333333
70528	124	0	5	0.3025	90.8	454.0	0.0
70529	373	1	4	0.93	119.8	599.0	1.0
70530	263	0	5	0.65	134.0	670.0	0.3333333333333333
70531	44	0	5	0.1025	14.8	74.0	0.3333333333333333
70532	388	0	5	0.9625	217.6	1088.0	0.6666666666666666
70533	179	0	5	0.44	177.0	885.0	0.0
70534	330	0	5	0.8175	129.2	646.0	0.6666666666666666
70535	322	0	5	0.7975	246.2	1231.0	0.3333333333333333
70536	87	0	5	0.21	64.2	321.0	0.3333333333333333
70537	69	0	5	0.165	67.0	335.0	0.0
70538	299	0	5	0.74	202.2	1011.0	0.3333333333333333
70539	371	1	4	0.925	200.6	1003.0	1.0
70540	56	0	5	0.1325	20.4	102.0	0.3333333333333333
70541	226	0	5	0.5575	107.2	536.0	0.3333333333333333
70542	185	0	5	0.455	143.8	719.0	0.3333333333333333
70543	174	0	5	0.4275	170.8	854.0	0.3333333333333333
70544	177	0	5	0.435	102.6	513.0	0.3333333333333333
70545	339	1	4	0.845	227.6	1138.0	1.0
70546	280	1	4	0.6975	143.0	715.0	1.0
70547	346	0	5	0.8575	223.2	1116.0	0.3333333333333333
70548	387	1	4	0.965	164.6	823.0	1.0
70549	99	0	5	0.24	79.8	399.0	0.3333333333333333
70550	84	0	5	0.2025	82.0	410.0	0.0
70551	283	0	5	0.7	168.2	841.0	0.3333333333333333
70552	172	0	5	0.4225	91.6	458.0	0.6666666666666666
70553	385	0	5	0.955	102.2	511.0	0.6666666666666666
70554	80	0	5	0.1925	64.4	322.0	0.0
70555	189	0	5	0.465	91.8	459.0	0.6666666666666666
70556	383	0	5	0.95	308.4	1542.0	0.6666666666666666
70557	398	0	5	0.9875	296.6	1483.0	0.6666666666666666
70558	181	0	5	0.445	147.0	735.0	0.3333333333333333
70559	182	0	5	0.4475	168.2	841.0	0.3333333333333333
70560	183	0	5	0.45	174.2	871.0	0.0
70561	305	0	5	0.755	161.0	805.0	0.6666666666666666
70562	174	1	4	0.4325	49.2	246.0	1.0
70563	241	0	5	0.595	179.8	899.0	0.3333333333333333
70564	41	0	5	0.095	39.0	195.0	0.0
70565	326	1	4	0.8125	66.8	334.0	1.0
70566	283	0	5	0.7	208.2	1041.0	0.6666666666666666
70567	220	0	5	0.5425	186.2	931.0	0.3333333333333333
70568	183	0	5	0.45	128.2	641.0	0.0
70569	273	0	5	0.675	235.0	1175.0	0.6666666666666666
70570	351	1	4	0.875	165.4	827.0	1.0
70571	128	0	5	0.3125	57.6	288.0	0.6666666666666666
70572	148	0	5	0.3625	135.8	679.0	0.3333333333333333
70573	365	0	5	0.905	211.4	1057.0	0.6666666666666666
70574	346	0	5	0.8575	75.2	376.0	0.6666666666666666
70575	365	0	5	0.905	85.0	425.0	0.6666666666666666
70576	324	0	5	0.8025	141.2	706.0	0.6666666666666666
70577	155	0	5	0.38	97.8	489.0	0.3333333333333333
70578	90	0	5	0.2175	74.2	371.0	0.3333333333333333
70579	134	0	5	0.3275	126.4	632.0	0.3333333333333333
70580	203	0	5	0.5	161.4	807.0	0.3333333333333333
70581	270	0	5	0.6675	77.6	388.0	0.6666666666666666
70582	344	0	5	0.8525	128.0	640.0	0.3333333333333333
70583	324	0	5	0.8025	238.8	1194.0	0.3333333333333333
70584	23	0	5	0.05	6.6	33.0	0.3333333333333333
70585	116	0	5	0.2825	92.4	462.0	0.0
70586	114	0	5	0.2775	60.0	300.0	0.3333333333333333
70587	401	0	5	0.995	84.6	423.0	0.6666666666666666
70588	56	0	5	0.1325	42.6	213.0	0.3333333333333333
70589	202	0	5	0.4975	100.2	501.0	0.6666666666666666
70590	190	0	5	0.4675	116.0	580.0	0.0
70591	51	0	5	0.12	49.0	245.0	0.0
70592	377	0	5	0.935	261.0	1305.0	0.6666666666666666
70593	222	0	5	0.5475	144.4	722.0	0.0
70594	235	0	5	0.58	233.0	1165.0	0.0
70595	36	0	5	0.0825	34.0	170.0	0.0
70596	290	1	4	0.7225	184.0	920.0	1.0
70597	130	0	5	0.3175	35.0	175.0	0.3333333333333333
70598	18	0	5	0.0375	16.0	80.0	0.0
70599	306	0	5	0.7575	140.8	704.0	0.6666666666666666
70600	111	0	5	0.27	103.4	517.0	0.3333333333333333
70601	389	1	4	0.97	301.2	1506.0	1.0
70602	99	0	5	0.24	85.4	427.0	0.3333333333333333
70603	36	0	5	0.0825	34.0	170.0	0.0
70604	178	0	5	0.4375	138.8	694.0	0.6666666666666666
70605	98	0	5	0.2375	64.0	320.0	0.3333333333333333
70606	101	0	5	0.245	87.0	435.0	0.0
70607	182	1	4	0.4525	108.4	542.0	1.0
70608	223	0	5	0.55	221.0	1105.0	0.0
70609	153	0	5	0.375	66.8	334.0	0.3333333333333333
70610	55	0	5	0.13	53.0	265.0	0.0
70611	354	0	5	0.8775	179.6	898.0	0.3333333333333333
70612	342	0	5	0.8475	284.8	1424.0	0.3333333333333333
70613	287	0	5	0.71	227.2	1136.0	0.6666666666666666
70614	300	0	5	0.7425	182.2	911.0	0.0
70615	39	0	5	0.09	37.0	185.0	0.0
70616	314	0	5	0.7775	171.4	857.0	0.3333333333333333
70617	171	0	5	0.42	169.0	845.0	0.3333333333333333
70618	183	0	5	0.45	120.2	601.0	0.3333333333333333
70619	307	1	4	0.765	165.4	827.0	1.0
70620	103	0	5	0.25	101.0	505.0	0.0
70621	89	0	5	0.215	87.0	435.0	0.0
70622	220	0	5	0.5425	168.8	844.0	0.3333333333333333
70623	154	0	5	0.3775	99.6	498.0	0.3333333333333333
70624	188	0	5	0.4625	146.0	730.0	0.3333333333333333
70625	17	0	5	0.035	15.0	75.0	0.0
70626	384	1	4	0.9575	362.2	1811.0	1.0
70627	123	0	5	0.3	82.2	411.0	0.6666666666666666
70628	47	0	5	0.11	26.6	133.0	0.3333333333333333
70629	264	0	5	0.6525	176.0	880.0	0.3333333333333333
70630	256	0	5	0.6325	72.4	362.0	0.6666666666666666
70631	24	0	5	0.0525	22.0	110.0	0.0
70632	160	0	5	0.3925	100.4	502.0	0.0
70633	79	0	5	0.19	77.0	385.0	0.0
70634	313	0	5	0.775	230.2	1151.0	0.0
70635	135	0	5	0.33	117.8	589.0	0.3333333333333333
70636	253	0	5	0.625	123.8	619.0	0.6666666666666666
70637	237	0	5	0.585	188.6	943.0	0.0
70638	232	0	5	0.5725	162.4	812.0	0.6666666666666666
70639	278	0	5	0.6875	126.6	633.0	0.3333333333333333
70640	23	0	5	0.05	21.0	105.0	0.0
70641	97	0	5	0.235	95.0	475.0	0.3333333333333333
70642	197	0	5	0.485	124.6	623.0	0.3333333333333333
70643	120	0	5	0.2925	52.8	264.0	0.6666666666666666
70644	136	0	5	0.3325	80.4	402.0	0.3333333333333333
70645	176	0	5	0.4325	174.0	870.0	0.0
70646	205	0	5	0.505	179.0	895.0	0.3333333333333333
70647	62	0	5	0.1475	60.0	300.0	0.0
70648	399	0	5	0.99	283.2	1416.0	0.6666666666666666
70649	16	0	5	0.0325	10.8	54.0	0.3333333333333333
70650	235	0	5	0.58	160.2	801.0	0.6666666666666666
70651	350	0	5	0.8675	204.2	1021.0	0.6666666666666666
70652	45	0	5	0.105	43.0	215.0	0.0
70653	336	0	5	0.8325	162.4	812.0	0.6666666666666666
70654	281	0	5	0.695	139.4	697.0	0.6666666666666666
70655	196	0	5	0.4825	87.2	436.0	0.3333333333333333
70656	121	1	4	0.3	48.2	241.0	1.0
70657	266	0	5	0.6575	82.4	412.0	0.6666666666666666
70658	33	0	5	0.075	29.2	146.0	0.0
70659	148	0	5	0.3625	62.8	314.0	0.3333333333333333
70660	228	0	5	0.5625	169.6	848.0	0.6666666666666666
70661	108	0	5	0.2625	106.0	530.0	0.0
70662	397	0	5	0.985	315.4	1577.0	0.6666666666666666
70663	179	0	5	0.44	144.6	723.0	0.0
70664	110	1	4	0.2725	26.0	130.0	1.0
70665	201	0	5	0.495	108.6	543.0	0.3333333333333333
70666	328	0	5	0.8125	292.4	1462.0	0.3333333333333333
70667	163	0	5	0.4	66.8	334.0	0.3333333333333333
70668	26	0	5	0.0575	24.0	120.0	0.0
70669	127	0	5	0.31	94.6	473.0	0.3333333333333333
70670	50	0	5	0.1175	45.6	228.0	0.0
70671	132	0	5	0.3225	63.6	318.0	0.3333333333333333
70672	117	0	5	0.285	52.0	260.0	0.3333333333333333
70673	249	1	4	0.62	115.8	579.0	1.0
70674	53	0	5	0.125	51.0	255.0	0.0
70675	99	0	5	0.24	97.0	485.0	0.0
70676	211	0	5	0.52	101.6	508.0	0.0
70677	396	1	4	0.9875	287.4	1437.0	1.0
70678	344	1	4	0.8575	144.8	724.0	1.0
70679	337	1	4	0.84	116.0	580.0	1.0
70680	292	0	5	0.7225	243.0	1215.0	0.6666666666666666
70681	308	1	4	0.7675	190.2	951.0	1.0
70682	141	1	4	0.35	95.0	475.0	1.0
70683	305	0	5	0.755	160.2	801.0	0.3333333333333333
70684	293	0	5	0.725	220.4	1102.0	0.0
70685	189	0	5	0.465	126.6	633.0	0.3333333333333333
70686	105	0	5	0.255	103.0	515.0	0.0
70687	51	0	5	0.12	49.0	245.0	0.0
70688	394	0	5	0.9775	179.2	896.0	0.6666666666666666
70689	77	0	5	0.185	70.2	351.0	0.0
70690	250	0	5	0.6175	230.0	1150.0	0.3333333333333333
70691	263	0	5	0.65	261.0	1305.0	0.0
70692	208	0	5	0.5125	201.0	1005.0	0.3333333333333333
70693	88	0	5	0.2125	42.2	211.0	0.3333333333333333
70694	56	0	5	0.1325	33.6	168.0	0.3333333333333333
70695	121	0	5	0.295	119.0	595.0	0.0
70696	45	0	5	0.105	39.4	197.0	0.3333333333333333
70697	372	0	5	0.9225	230.8	1154.0	0.6666666666666666
70698	120	0	5	0.2925	103.6	518.0	0.0
70699	298	0	5	0.7375	167.4	837.0	0.6666666666666666
70700	241	0	5	0.595	163.0	815.0	0.3333333333333333
70701	178	1	4	0.4425	88.4	442.0	1.0
70702	101	0	5	0.245	84.6	423.0	0.3333333333333333
70703	10	0	5	0.0175	8.0	40.0	0.0
70704	237	0	5	0.585	161.4	807.0	0.6666666666666666
70705	209	0	5	0.515	186.0	930.0	0.3333333333333333
70706	391	0	5	0.97	183.8	919.0	0.6666666666666666
70707	179	0	5	0.44	150.2	751.0	0.0
70708	288	0	5	0.7125	65.2	326.0	0.3333333333333333
70709	265	0	5	0.655	163.0	815.0	0.3333333333333333
70710	304	0	5	0.7525	202.8	1014.0	0.6666666666666666
70711	265	0	5	0.655	142.0	710.0	0.3333333333333333
70712	108	0	5	0.2625	58.0	290.0	0.3333333333333333
70713	320	0	5	0.7925	262.4	1312.0	0.6666666666666666
70714	51	0	5	0.12	49.0	245.0	0.0
70715	381	0	5	0.945	263.8	1319.0	0.6666666666666666
70716	264	0	5	0.6525	188.8	944.0	0.6666666666666666
70717	122	0	5	0.2975	120.0	600.0	0.0
70718	168	0	5	0.4125	136.2	681.0	0.3333333333333333
70719	185	0	5	0.455	183.0	915.0	0.0
70720	390	0	5	0.9675	153.4	767.0	0.6666666666666666
70721	251	0	5	0.62	152.8	764.0	0.6666666666666666
70722	85	0	5	0.205	83.0	415.0	0.0
70723	340	0	5	0.8425	106.6	533.0	0.6666666666666666
70724	238	0	5	0.5875	135.2	676.0	0.3333333333333333
70725	172	0	5	0.4225	121.2	606.0	0.3333333333333333
70726	184	0	5	0.4525	153.2	766.0	0.0
70727	229	0	5	0.565	94.2	471.0	0.3333333333333333
70728	278	1	4	0.6925	101.2	506.0	1.0
70729	106	0	5	0.2575	104.0	520.0	0.0
70730	326	0	5	0.8075	223.2	1116.0	0.0
70731	380	1	4	0.9475	143.6	718.0	1.0
70732	373	1	4	0.93	181.0	905.0	1.0
70733	306	0	5	0.7575	102.4	512.0	0.6666666666666666
70734	235	0	5	0.58	146.0	730.0	0.3333333333333333
70735	282	0	5	0.6975	193.6	968.0	0.3333333333333333
70736	41	0	5	0.095	28.8	144.0	0.0
70737	298	0	5	0.7375	186.4	932.0	0.3333333333333333
70738	128	0	5	0.3125	88.2	441.0	0.3333333333333333
70739	228	1	4	0.5675	154.4	772.0	1.0
70740	85	0	5	0.205	83.0	415.0	0.0
70741	231	1	4	0.575	170.2	851.0	1.0
70742	341	1	4	0.85	146.4	732.0	1.0
70743	61	0	5	0.145	59.0	295.0	0.0
70744	343	0	5	0.85	218.4	1092.0	0.6666666666666666
70745	134	0	5	0.3275	87.6	438.0	0.3333333333333333
70746	187	1	4	0.465	133.0	665.0	1.0
70747	122	0	5	0.2975	120.0	600.0	0.0
70748	206	0	5	0.5075	95.4	477.0	0.3333333333333333
70749	41	0	5	0.095	39.0	195.0	0.0
70750	17	0	5	0.035	13.2	66.0	0.3333333333333333
70751	327	0	5	0.81	139.8	699.0	0.6666666666666666
70752	131	0	5	0.32	129.0	645.0	0.0
70753	294	1	4	0.7325	166.4	832.0	1.0
70754	77	0	5	0.185	41.4	207.0	0.3333333333333333
70755	280	1	4	0.6975	131.0	655.0	1.0
70756	215	1	4	0.535	178.6	893.0	1.0
70757	265	0	5	0.655	129.8	649.0	0.6666666666666666
70758	196	0	5	0.4825	90.8	454.0	0.6666666666666666
70759	375	0	5	0.93	249.6	1248.0	0.6666666666666666
70760	260	0	5	0.6425	202.6	1013.0	0.3333333333333333
70761	169	0	5	0.415	77.4	387.0	0.3333333333333333
70762	229	0	5	0.565	157.4	787.0	0.3333333333333333
70763	344	0	5	0.8525	186.4	932.0	0.6666666666666666
70764	89	0	5	0.215	78.6	393.0	0.0
70765	257	0	5	0.635	84.4	422.0	0.3333333333333333
70766	220	0	5	0.5425	176.4	882.0	0.3333333333333333
70767	163	0	5	0.4	71.6	358.0	0.3333333333333333
70768	52	0	5	0.1225	48.8	244.0	0.3333333333333333
70769	133	0	5	0.325	91.8	459.0	0.0
70770	365	1	4	0.91	227.4	1137.0	1.0
70771	331	0	5	0.82	194.6	973.0	0.6666666666666666
70772	180	0	5	0.4425	125.2	626.0	0.0
70773	306	0	5	0.7575	196.6	983.0	0.6666666666666666
70774	142	0	5	0.3475	126.8	634.0	0.0
70775	32	0	5	0.0725	28.8	144.0	0.3333333333333333
70776	322	0	5	0.7975	193.2	966.0	0.6666666666666666
70777	123	0	5	0.3	121.0	605.0	0.3333333333333333
70778	5	0	5	0.005	3.0	15.0	0.0
70779	266	0	5	0.6575	168.8	844.0	0.6666666666666666
70780	246	1	4	0.6125	176.4	882.0	1.0
70781	258	0	5	0.6375	158.8	794.0	0.6666666666666666
70782	98	0	5	0.2375	92.4	462.0	0.3333333333333333
70783	396	1	4	0.9875	141.2	706.0	1.0
70784	260	1	4	0.6475	116.0	580.0	1.0
70785	181	1	4	0.45	166.0	830.0	1.0
70786	97	0	5	0.235	51.2	256.0	0.3333333333333333
70787	178	0	5	0.4375	46.8	234.0	0.6666666666666666
70788	390	0	5	0.9675	166.4	832.0	0.6666666666666666
70789	100	0	5	0.2425	85.6	428.0	0.0
70790	125	0	5	0.305	111.2	556.0	0.6666666666666666
70791	240	0	5	0.5925	179.2	896.0	0.0
70792	252	0	5	0.6225	141.8	709.0	0.6666666666666666
70793	132	0	5	0.3225	46.0	230.0	0.3333333333333333
70794	251	0	5	0.62	67.8	339.0	0.3333333333333333
70795	261	0	5	0.645	172.6	863.0	0.6666666666666666
70796	342	0	5	0.8475	120.0	600.0	0.3333333333333333
70797	217	0	5	0.535	119.8	599.0	0.6666666666666666
70798	103	1	4	0.255	68.2	341.0	1.0
70799	131	0	5	0.32	59.6	298.0	0.6666666666666666
70800	46	0	5	0.1075	41.0	205.0	0.0
70801	79	0	5	0.19	67.4	337.0	0.3333333333333333
70802	204	0	5	0.5025	170.2	851.0	0.3333333333333333
70803	51	0	5	0.12	34.8	174.0	0.6666666666666666
70804	98	0	5	0.2375	96.0	480.0	0.0
70805	90	0	5	0.2175	88.0	440.0	0.0
70806	205	0	5	0.505	169.8	849.0	0.3333333333333333
70807	351	0	5	0.87	186.6	933.0	0.6666666666666666
70808	288	0	5	0.7125	240.2	1201.0	0.6666666666666666
70809	209	0	5	0.515	132.4	662.0	0.0
70810	250	0	5	0.6175	205.8	1029.0	0.3333333333333333
70811	260	0	5	0.6425	99.4	497.0	0.6666666666666666
70812	41	0	5	0.095	39.0	195.0	0.0
70813	105	0	5	0.255	59.8	299.0	0.3333333333333333
70814	116	0	5	0.2825	97.2	486.0	0.6666666666666666
70815	382	0	5	0.9475	169.8	849.0	0.6666666666666666
70816	74	0	5	0.1775	71.2	356.0	0.3333333333333333
70817	252	0	5	0.6225	192.0	960.0	0.0
70818	222	0	5	0.5475	102.8	514.0	0.6666666666666666
70819	245	0	5	0.605	195.0	975.0	0.6666666666666666
70820	199	0	5	0.49	142.4	712.0	0.6666666666666666
70821	245	0	5	0.605	163.4	817.0	0.3333333333333333
70822	52	0	5	0.1225	47.0	235.0	0.3333333333333333
70823	319	1	4	0.795	217.4	1087.0	1.0
70824	77	0	5	0.185	46.6	233.0	0.3333333333333333
70825	388	1	4	0.9675	115.8	579.0	1.0
70826	257	0	5	0.635	177.6	888.0	0.3333333333333333
70827	200	0	5	0.4925	127.0	635.0	0.6666666666666666
70828	187	0	5	0.46	179.6	898.0	0.0
70829	77	0	5	0.185	73.0	365.0	0.0
70830	102	0	5	0.2475	86.8	434.0	0.3333333333333333
70831	139	0	5	0.34	79.6	398.0	0.0
70832	85	0	5	0.205	56.6	283.0	0.3333333333333333
70833	66	0	5	0.1575	24.8	124.0	0.0
70834	242	0	5	0.5975	133.6	668.0	0.6666666666666666
70835	160	0	5	0.3925	123.6	618.0	0.0
70836	286	1	4	0.7125	185.6	928.0	1.0
70837	117	0	5	0.285	106.2	531.0	0.3333333333333333
70838	335	0	5	0.83	105.0	525.0	0.6666666666666666
70839	236	0	5	0.5825	145.2	726.0	0.6666666666666666
70840	59	0	5	0.14	52.6	263.0	0.3333333333333333
70841	382	1	4	0.9525	140.2	701.0	1.0
70842	76	0	5	0.1825	74.0	370.0	0.0
70843	103	1	4	0.255	30.2	151.0	1.0
70844	316	0	5	0.7825	290.4	1452.0	0.3333333333333333
70845	82	0	5	0.1975	80.0	400.0	0.3333333333333333
70846	307	0	5	0.76	121.8	609.0	0.6666666666666666
70847	331	0	5	0.82	256.4	1282.0	0.6666666666666666
70848	149	0	5	0.365	65.4	327.0	0.3333333333333333
70849	384	1	4	0.9575	214.4	1072.0	1.0
70850	90	0	5	0.2175	74.2	371.0	0.0
70851	231	0	5	0.57	202.2	1011.0	0.0
70852	274	1	4	0.6825	269.6	1348.0	1.0
70853	271	0	5	0.67	183.6	918.0	0.6666666666666666
70854	111	0	5	0.27	63.4	317.0	0.0
70855	228	0	5	0.5625	46.8	234.0	0.6666666666666666
70856	72	0	5	0.1725	60.4	302.0	0.0
70857	133	0	5	0.325	58.6	293.0	0.3333333333333333
70858	64	0	5	0.1525	62.0	310.0	0.0
70859	278	1	4	0.6925	162.6	813.0	1.0
70860	176	0	5	0.4325	149.4	747.0	0.0
70861	153	0	5	0.375	95.8	479.0	0.3333333333333333
70862	319	0	5	0.79	173.8	869.0	0.6666666666666666
70863	347	0	5	0.86	229.6	1148.0	0.6666666666666666
70864	84	0	5	0.2025	68.6	343.0	0.0
70865	278	0	5	0.6875	192.0	960.0	0.3333333333333333
70866	126	1	4	0.3125	52.8	264.0	1.0
70867	209	0	5	0.515	97.8	489.0	0.6666666666666666
70868	323	1	4	0.805	179.4	897.0	1.0
70869	21	0	5	0.045	19.0	95.0	0.0
70870	198	0	5	0.4875	126.4	632.0	0.3333333333333333
70871	73	0	5	0.175	43.4	217.0	0.3333333333333333
70872	259	0	5	0.64	166.6	833.0	0.6666666666666666
70873	232	0	5	0.5725	172.8	864.0	0.6666666666666666
70874	143	0	5	0.35	59.0	295.0	0.3333333333333333
70875	377	1	4	0.94	238.2	1191.0	1.0
70876	259	0	5	0.64	204.4	1022.0	0.6666666666666666
70877	164	1	4	0.4075	72.0	360.0	1.0
70878	318	0	5	0.7875	234.8	1174.0	0.6666666666666666
70879	95	0	5	0.23	43.6	218.0	0.6666666666666666
70880	254	0	5	0.6275	175.2	876.0	0.3333333333333333
70881	268	0	5	0.6625	196.0	980.0	0.6666666666666666
70882	95	0	5	0.23	41.4	207.0	0.0
70883	74	0	5	0.1775	24.8	124.0	0.3333333333333333
70884	115	0	5	0.28	109.8	549.0	0.3333333333333333
70885	272	1	4	0.6775	203.6	1018.0	1.0
70886	366	1	4	0.9125	81.2	406.0	1.0
70887	72	0	5	0.1725	52.8	264.0	0.0
70888	58	0	5	0.1375	56.0	280.0	0.0
70889	17	0	5	0.035	15.0	75.0	0.0
70890	120	0	5	0.2925	108.0	540.0	0.0
70891	194	0	5	0.4775	131.0	655.0	0.3333333333333333
70892	146	0	5	0.3575	120.2	601.0	0.3333333333333333
70893	62	0	5	0.1475	48.4	242.0	0.0
70894	98	0	5	0.2375	96.0	480.0	0.0
70895	214	0	5	0.5275	132.0	660.0	0.3333333333333333
70896	285	0	5	0.705	239.4	1197.0	0.3333333333333333
70897	94	0	5	0.2275	87.6	438.0	0.0
70898	366	0	5	0.9075	311.2	1556.0	0.6666666666666666
70899	191	0	5	0.47	163.4	817.0	0.0
70900	121	0	5	0.295	94.2	471.0	0.3333333333333333
70901	383	1	4	0.955	292.2	1461.0	1.0
70902	358	0	5	0.8875	241.2	1206.0	0.6666666666666666
70903	352	0	5	0.8725	180.4	902.0	0.3333333333333333
70904	159	0	5	0.39	133.0	665.0	0.0
70905	213	0	5	0.525	195.2	976.0	0.3333333333333333
70906	180	0	5	0.4425	169.2	846.0	0.0
70907	70	0	5	0.1675	29.8	149.0	0.0
70908	315	0	5	0.78	194.0	970.0	0.6666666666666666
70909	338	0	5	0.8375	120.8	604.0	0.6666666666666666
70910	158	0	5	0.3875	147.8	739.0	0.3333333333333333
70911	316	0	5	0.7825	150.4	752.0	0.3333333333333333
70912	144	0	5	0.3525	58.8	294.0	0.3333333333333333
70913	360	0	5	0.8925	294.8	1474.0	0.3333333333333333
70914	48	0	5	0.1125	46.0	230.0	0.0
70915	208	0	5	0.5125	98.0	490.0	0.3333333333333333
70916	73	0	5	0.175	29.8	149.0	0.3333333333333333
70917	383	0	5	0.95	280.0	1400.0	0.6666666666666666
70918	95	0	5	0.23	93.0	465.0	0.0
70919	257	0	5	0.635	184.2	921.0	0.3333333333333333
70920	314	0	5	0.7775	257.4	1287.0	0.0
70921	389	0	5	0.965	189.4	947.0	0.6666666666666666
70922	401	0	5	0.995	230.4	1152.0	0.6666666666666666
70923	203	0	5	0.5	105.2	526.0	0.3333333333333333
70924	222	0	5	0.5475	130.6	653.0	0.6666666666666666
70925	305	0	5	0.755	259.8	1299.0	0.0
70926	49	0	5	0.115	47.0	235.0	0.0
70927	234	0	5	0.5775	192.2	961.0	0.3333333333333333
70928	307	0	5	0.76	149.6	748.0	0.6666666666666666
70929	216	0	5	0.5325	116.6	583.0	0.3333333333333333
70930	72	0	5	0.1725	64.0	320.0	0.0
70931	391	0	5	0.97	196.8	984.0	0.6666666666666666
70932	212	0	5	0.5225	77.2	386.0	0.3333333333333333
70933	103	0	5	0.25	54.6	273.0	0.3333333333333333
70934	37	0	5	0.085	35.0	175.0	0.3333333333333333
70935	227	0	5	0.56	111.8	559.0	0.6666666666666666
70936	282	0	5	0.6975	227.8	1139.0	0.3333333333333333
70937	230	0	5	0.5675	131.8	659.0	0.6666666666666666
70938	237	0	5	0.585	86.2	431.0	0.6666666666666666
70939	305	0	5	0.755	202.6	1013.0	0.6666666666666666
70940	248	0	5	0.6125	156.8	784.0	0.3333333333333333
70941	385	0	5	0.955	178.2	891.0	0.6666666666666666
70942	82	0	5	0.1975	40.4	202.0	0.3333333333333333
70943	162	0	5	0.3975	94.8	474.0	0.3333333333333333
70944	220	0	5	0.5425	62.0	310.0	0.6666666666666666
70945	178	0	5	0.4375	176.0	880.0	0.0
70946	226	0	5	0.5575	211.2	1056.0	0.3333333333333333
70947	204	0	5	0.5025	175.2	876.0	0.3333333333333333
70948	222	0	5	0.5475	138.6	693.0	0.6666666666666666
70949	246	0	5	0.6075	205.0	1025.0	0.3333333333333333
70950	358	1	4	0.8925	192.6	963.0	1.0
70951	388	0	5	0.9625	168.0	840.0	0.6666666666666666
70952	95	0	5	0.23	91.4	457.0	0.3333333333333333
70953	165	0	5	0.405	150.2	751.0	0.6666666666666666
70954	330	0	5	0.8175	203.4	1017.0	0.3333333333333333
70955	201	0	5	0.495	166.8	834.0	0.3333333333333333
70956	397	0	5	0.985	103.8	519.0	0.6666666666666666
70957	205	0	5	0.505	153.4	767.0	0.6666666666666666
70958	275	0	5	0.68	158.0	790.0	0.3333333333333333
70959	84	0	5	0.2025	62.8	314.0	0.0
70960	204	0	5	0.5025	157.2	786.0	0.3333333333333333
70961	263	0	5	0.65	73.6	368.0	0.6666666666666666
70962	77	0	5	0.185	47.0	235.0	0.3333333333333333
70963	129	0	5	0.315	127.0	635.0	0.0
70964	284	0	5	0.7025	268.4	1342.0	0.3333333333333333
70965	218	1	4	0.5425	100.0	500.0	1.0
70966	205	0	5	0.505	203.0	1015.0	0.0
70967	303	0	5	0.75	238.6	1193.0	0.3333333333333333
70968	13	0	5	0.025	11.0	55.0	0.0
70969	279	1	4	0.695	183.4	917.0	1.0
70970	397	0	5	0.985	217.2	1086.0	0.6666666666666666
70971	203	0	5	0.5	42.6	213.0	0.3333333333333333
70972	276	0	5	0.6825	207.6	1038.0	0.3333333333333333
70973	371	0	5	0.92	189.8	949.0	0.6666666666666666
70974	229	0	5	0.565	138.2	691.0	0.3333333333333333
70975	155	0	5	0.38	136.0	680.0	0.3333333333333333
70976	38	0	5	0.0875	28.0	140.0	0.6666666666666666
70977	104	0	5	0.2525	102.0	510.0	0.0
70978	8	0	5	0.0125	6.0	30.0	0.0
70979	259	0	5	0.64	197.6	988.0	0.3333333333333333
70980	380	0	5	0.9425	139.2	696.0	0.6666666666666666
70981	227	0	5	0.56	182.0	910.0	0.3333333333333333
70982	261	0	5	0.645	247.4	1237.0	0.6666666666666666
70983	267	0	5	0.66	123.8	619.0	0.6666666666666666
70984	350	0	5	0.8675	221.8	1109.0	0.6666666666666666
70985	397	0	5	0.985	130.4	652.0	0.6666666666666666
70986	330	0	5	0.8175	159.6	798.0	0.6666666666666666
70987	132	0	5	0.3225	51.6	258.0	0.3333333333333333
70988	211	0	5	0.52	136.6	683.0	0.6666666666666666
70989	319	1	4	0.795	229.0	1145.0	1.0
70990	174	0	5	0.4275	125.6	628.0	0.6666666666666666
70991	180	0	5	0.4425	103.6	518.0	0.3333333333333333
70992	92	0	5	0.2225	36.2	181.0	0.3333333333333333
70993	311	0	5	0.77	270.2	1351.0	0.3333333333333333
70994	207	0	5	0.51	171.6	858.0	0.3333333333333333
70995	212	0	5	0.5225	156.4	782.0	0.6666666666666666
70996	167	0	5	0.41	151.8	759.0	0.3333333333333333
70997	50	0	5	0.1175	48.0	240.0	0.0
70998	98	0	5	0.2375	96.0	480.0	0.0
70999	322	1	4	0.8025	157.2	786.0	1.0
71000	288	0	5	0.7125	208.0	1040.0	0.3333333333333333
71001	379	1	4	0.945	375.0	1875.0	1.0
71002	319	0	5	0.79	206.0	1030.0	0.6666666666666666
71003	30	0	5	0.0675	28.0	140.0	0.0
71004	369	0	5	0.915	163.4	817.0	0.6666666666666666
71005	234	0	5	0.5775	198.0	990.0	0.3333333333333333
71006	338	0	5	0.8375	182.4	912.0	0.6666666666666666
71007	156	0	5	0.3825	90.8	454.0	0.3333333333333333
71008	311	0	5	0.77	241.4	1207.0	0.3333333333333333
71009	166	0	5	0.4075	60.8	304.0	0.3333333333333333
71010	178	0	5	0.4375	170.8	854.0	0.3333333333333333
71011	397	1	4	0.99	200.2	1001.0	1.0
71012	358	1	4	0.8925	212.6	1063.0	1.0
71013	289	0	5	0.715	159.0	795.0	0.6666666666666666
71014	34	0	5	0.0775	15.2	76.0	0.3333333333333333
71015	278	0	5	0.6875	274.8	1374.0	0.3333333333333333
71016	322	0	5	0.7975	177.2	886.0	0.6666666666666666
71017	245	0	5	0.605	155.0	775.0	0.3333333333333333
71018	98	0	5	0.2375	22.4	112.0	0.6666666666666666
71019	266	0	5	0.6575	150.6	753.0	0.3333333333333333
71020	285	0	5	0.705	213.4	1067.0	0.3333333333333333
71021	62	0	5	0.1475	51.0	255.0	0.3333333333333333
71022	80	0	5	0.1925	78.0	390.0	0.0
71023	257	0	5	0.635	108.6	543.0	0.3333333333333333
71024	357	0	5	0.885	250.2	1251.0	0.6666666666666666
71025	282	0	5	0.6975	169.6	848.0	0.6666666666666666
71026	254	0	5	0.6275	202.2	1011.0	0.3333333333333333
71027	206	0	5	0.5075	152.4	762.0	0.3333333333333333
71028	183	0	5	0.45	181.0	905.0	0.0
71029	20	0	5	0.0425	18.0	90.0	0.0
71030	202	0	5	0.4975	108.8	544.0	0.3333333333333333
71031	199	0	5	0.49	100.2	501.0	0.3333333333333333
71032	223	0	5	0.55	111.4	557.0	0.3333333333333333
71033	260	1	4	0.6475	203.4	1017.0	1.0
71034	264	0	5	0.6525	244.4	1222.0	0.0
71035	190	0	5	0.4675	130.4	652.0	0.3333333333333333
71036	112	0	5	0.2725	84.8	424.0	0.0
71037	146	0	5	0.3575	40.4	202.0	0.3333333333333333
71038	339	0	5	0.84	223.0	1115.0	0.6666666666666666
71039	132	0	5	0.3225	109.2	546.0	0.3333333333333333
71040	294	0	5	0.7275	136.6	683.0	0.0
71041	399	1	3	0.995	340.6	1703.0	1.0
71042	324	0	5	0.8025	145.8	729.0	0.6666666666666666
71043	251	0	5	0.62	136.2	681.0	0.3333333333333333
71044	255	0	5	0.63	87.2	436.0	0.6666666666666666
71045	207	0	5	0.51	131.8	659.0	0.0
71046	182	0	5	0.4475	60.0	300.0	0.3333333333333333
71047	382	0	5	0.9475	111.4	557.0	0.6666666666666666
71048	340	1	4	0.8475	128.8	644.0	1.0
71049	91	0	5	0.22	89.0	445.0	0.0
71050	178	1	4	0.4425	36.0	180.0	1.0
71051	329	0	5	0.815	288.6	1443.0	0.3333333333333333
71052	257	0	5	0.635	108.2	541.0	0.6666666666666666
71053	282	0	5	0.6975	240.4	1202.0	0.6666666666666666
71054	79	0	5	0.19	77.0	385.0	0.0
71055	147	0	5	0.36	87.8	439.0	0.3333333333333333
71056	283	0	5	0.7	80.6	403.0	0.6666666666666666
71057	157	0	5	0.385	71.0	355.0	0.3333333333333333
71058	241	0	5	0.595	155.6	778.0	0.3333333333333333
71059	112	0	5	0.2725	39.6	198.0	0.3333333333333333
71060	208	1	4	0.5175	148.0	740.0	1.0
71061	393	1	4	0.98	136.2	681.0	1.0
71062	164	0	5	0.4025	110.0	550.0	0.3333333333333333
71063	376	0	5	0.9325	110.2	551.0	0.6666666666666666
71064	39	0	5	0.09	37.0	185.0	0.0
71065	297	0	5	0.735	85.4	427.0	0.3333333333333333
71066	209	0	5	0.515	159.0	795.0	0.6666666666666666
71067	330	0	5	0.8175	173.2	866.0	0.6666666666666666
71068	321	0	5	0.795	169.0	845.0	0.3333333333333333
71069	253	0	5	0.625	83.4	417.0	0.3333333333333333
71070	196	0	5	0.4825	151.0	755.0	0.3333333333333333
71071	139	0	5	0.34	127.0	635.0	0.0
71072	243	0	5	0.6	217.4	1087.0	0.0
71073	86	0	5	0.2075	48.6	243.0	0.3333333333333333
71074	215	0	5	0.53	193.4	967.0	0.3333333333333333
71075	143	0	5	0.35	132.6	663.0	0.3333333333333333
71076	5	0	5	0.005	3.0	15.0	0.0
71077	256	0	5	0.6325	180.8	904.0	0.6666666666666666
71078	387	0	5	0.96	293.2	1466.0	0.6666666666666666
71079	93	0	5	0.225	91.0	455.0	0.0
71080	199	0	5	0.49	161.0	805.0	0.3333333333333333
71081	130	0	5	0.3175	76.6	383.0	0.6666666666666666
71082	257	0	5	0.635	188.2	941.0	0.3333333333333333
71083	149	0	5	0.365	137.0	685.0	0.3333333333333333
71084	317	0	5	0.785	154.6	773.0	0.6666666666666666
71085	252	0	5	0.6225	140.6	703.0	0.3333333333333333
71086	180	0	5	0.4425	113.2	566.0	0.6666666666666666
71087	143	0	5	0.35	121.6	608.0	0.0
71088	186	0	5	0.4575	171.2	856.0	0.0
71089	347	0	5	0.86	335.6	1678.0	0.0
71090	365	0	5	0.905	203.4	1017.0	0.6666666666666666
71091	259	0	5	0.64	236.2	1181.0	0.3333333333333333
71092	213	0	5	0.525	83.8	419.0	0.6666666666666666
71093	143	0	5	0.35	121.4	607.0	0.0
71094	270	0	5	0.6675	181.2	906.0	0.3333333333333333
71095	124	0	5	0.3025	80.4	402.0	0.0
71096	309	0	5	0.765	139.8	699.0	0.3333333333333333
71097	144	0	5	0.3525	94.0	470.0	0.6666666666666666
71098	50	0	5	0.1175	48.0	240.0	0.0
71099	297	0	5	0.735	231.6	1158.0	0.6666666666666666
71100	242	0	5	0.5975	132.2	661.0	0.0
71101	375	0	5	0.93	210.4	1052.0	0.6666666666666666
71102	296	0	5	0.7325	212.8	1064.0	0.6666666666666666
71103	183	0	5	0.45	136.2	681.0	0.3333333333333333
71104	354	0	5	0.8775	203.6	1018.0	0.6666666666666666
71105	323	1	4	0.805	139.8	699.0	1.0
71106	120	0	5	0.2925	82.8	414.0	0.3333333333333333
71107	214	0	5	0.5275	187.6	938.0	0.0
71108	316	0	5	0.7825	91.6	458.0	0.3333333333333333
71109	212	0	5	0.5225	196.6	983.0	0.3333333333333333
71110	68	0	5	0.1625	54.8	274.0	0.3333333333333333
71111	214	0	5	0.5275	156.2	781.0	0.3333333333333333
71112	384	0	5	0.9525	140.8	704.0	0.3333333333333333
71113	334	0	5	0.8275	231.2	1156.0	0.6666666666666666
71114	41	0	5	0.095	39.0	195.0	0.0
71115	284	0	5	0.7025	184.8	924.0	0.3333333333333333
71116	340	0	5	0.8425	205.4	1027.0	0.3333333333333333
71117	205	0	5	0.505	121.6	608.0	0.3333333333333333
71118	362	0	5	0.8975	150.4	752.0	0.6666666666666666
71119	14	0	5	0.0275	10.4	52.0	0.3333333333333333
71120	30	0	5	0.0675	28.0	140.0	0.0
71121	242	0	5	0.5975	105.0	525.0	0.3333333333333333
71122	181	0	5	0.445	143.8	719.0	0.0
71123	274	1	4	0.6825	242.8	1214.0	1.0
71124	391	0	5	0.97	242.4	1212.0	0.6666666666666666
71125	37	0	5	0.085	26.0	130.0	0.0
71126	296	0	5	0.7325	172.2	861.0	0.6666666666666666
71127	255	1	4	0.635	166.2	831.0	1.0
71128	240	0	5	0.5925	151.6	758.0	0.6666666666666666
71129	68	0	5	0.1625	55.6	278.0	0.0
71130	299	0	5	0.74	129.0	645.0	0.6666666666666666
71131	170	0	5	0.4175	147.4	737.0	0.3333333333333333
71132	110	0	5	0.2675	46.0	230.0	0.3333333333333333
71133	234	0	5	0.5775	161.2	806.0	0.6666666666666666
71134	376	0	5	0.9325	270.4	1352.0	0.3333333333333333
71135	392	0	5	0.9725	259.6	1298.0	0.6666666666666666
71136	62	0	5	0.1475	44.0	220.0	0.3333333333333333
71137	114	0	5	0.2775	90.4	452.0	0.6666666666666666
71138	256	1	4	0.6375	194.0	970.0	1.0
71139	257	0	5	0.635	187.4	937.0	0.3333333333333333
71140	378	1	4	0.9425	121.2	606.0	1.0
71141	23	0	5	0.05	21.0	105.0	0.0
71142	334	0	5	0.8275	205.8	1029.0	0.6666666666666666
71143	392	1	4	0.9775	190.2	951.0	1.0
71144	388	0	5	0.9625	103.8	519.0	0.6666666666666666
71145	197	0	5	0.485	58.0	290.0	0.3333333333333333
71146	180	1	4	0.4475	77.6	388.0	1.0
71147	387	1	4	0.965	132.0	660.0	1.0
71148	385	0	5	0.955	131.4	657.0	0.6666666666666666
71149	217	0	5	0.535	165.0	825.0	0.6666666666666666
71150	144	0	5	0.3525	142.0	710.0	0.0
71151	267	0	5	0.66	150.4	752.0	0.0
71152	53	0	5	0.125	43.0	215.0	0.3333333333333333
71153	106	0	5	0.2575	104.0	520.0	0.0
71154	316	0	5	0.7825	266.6	1333.0	0.3333333333333333
71155	322	1	4	0.8025	199.6	998.0	1.0
71156	240	0	5	0.5925	135.2	676.0	0.6666666666666666
71157	292	1	4	0.7275	152.8	764.0	1.0
71158	193	0	5	0.475	67.8	339.0	0.3333333333333333
71159	399	1	4	0.995	252.4	1262.0	1.0
71160	114	0	5	0.2775	112.0	560.0	0.0
71161	203	0	5	0.5	165.8	829.0	0.0
71162	54	0	5	0.1275	52.0	260.0	0.0
71163	59	0	5	0.14	29.0	145.0	0.3333333333333333
71164	211	1	4	0.525	155.0	775.0	1.0
71165	205	0	5	0.505	103.6	518.0	0.3333333333333333
71166	186	0	5	0.4575	105.4	527.0	0.0
71167	333	0	5	0.825	184.0	920.0	0.3333333333333333
71168	354	0	5	0.8775	109.8	549.0	0.6666666666666666
71169	237	0	5	0.585	85.6	428.0	0.3333333333333333
71170	299	0	5	0.74	288.6	1443.0	0.3333333333333333
71171	197	0	5	0.485	61.4	307.0	0.6666666666666666
71172	56	0	5	0.1325	53.2	266.0	0.3333333333333333
71173	357	0	5	0.885	196.8	984.0	0.6666666666666666
71174	232	0	5	0.5725	115.4	577.0	0.3333333333333333
71175	187	0	5	0.46	161.6	808.0	0.6666666666666666
71176	281	0	5	0.695	145.2	726.0	0.6666666666666666
71177	85	0	5	0.205	77.0	385.0	0.0
71178	314	1	4	0.7825	185.2	926.0	1.0
71179	105	0	5	0.255	56.6	283.0	0.3333333333333333
71180	353	0	5	0.875	217.8	1089.0	0.3333333333333333
71181	205	0	5	0.505	96.8	484.0	0.3333333333333333
71182	332	0	5	0.8225	198.4	992.0	0.6666666666666666
71183	381	0	5	0.945	227.0	1135.0	0.6666666666666666
71184	303	0	5	0.75	251.4	1257.0	0.6666666666666666
71185	95	0	5	0.23	63.8	319.0	0.0
71186	267	0	5	0.66	223.6	1118.0	0.6666666666666666
71187	201	0	5	0.495	139.6	698.0	0.6666666666666666
71188	34	0	5	0.0775	32.0	160.0	0.0
71189	33	0	5	0.075	24.6	123.0	0.3333333333333333
71190	199	0	5	0.49	183.0	915.0	0.3333333333333333
71191	282	1	4	0.7025	253.4	1267.0	1.0
71192	300	0	5	0.7425	128.0	640.0	0.6666666666666666
71193	108	0	5	0.2625	106.0	530.0	0.0
71194	339	1	4	0.845	192.6	963.0	1.0
71195	317	0	5	0.785	99.0	495.0	0.6666666666666666
71196	196	0	5	0.4825	132.8	664.0	0.6666666666666666
71197	366	1	4	0.9125	253.0	1265.0	1.0
71198	399	0	5	0.99	214.4	1072.0	0.6666666666666666
71199	386	0	5	0.9575	272.0	1360.0	0.3333333333333333
71200	50	0	5	0.1175	46.4	232.0	0.3333333333333333
71201	320	0	5	0.7925	159.8	799.0	0.6666666666666666
71202	371	0	5	0.92	210.6	1053.0	0.6666666666666666
71203	289	0	5	0.715	146.8	734.0	0.6666666666666666
71204	150	0	5	0.3675	83.2	416.0	0.6666666666666666
71205	281	0	5	0.695	229.2	1146.0	0.3333333333333333
71206	232	0	5	0.5725	207.4	1037.0	0.6666666666666666
71207	105	0	5	0.255	75.4	377.0	0.3333333333333333
71208	252	0	5	0.6225	201.8	1009.0	0.0
71209	303	0	5	0.75	131.2	656.0	0.3333333333333333
71210	34	0	5	0.0775	22.4	112.0	0.3333333333333333
71211	172	0	5	0.4225	119.2	596.0	0.0
71212	293	0	5	0.725	236.4	1182.0	0.3333333333333333
71213	338	0	5	0.8375	239.4	1197.0	0.6666666666666666
71214	337	0	5	0.835	219.2	1096.0	0.6666666666666666
71215	281	1	4	0.7	197.2	986.0	1.0
71216	23	0	5	0.05	21.0	105.0	0.0
71217	245	0	5	0.605	232.6	1163.0	0.3333333333333333
71218	180	0	5	0.4425	144.8	724.0	0.3333333333333333
71219	283	0	5	0.7	232.2	1161.0	0.3333333333333333
71220	375	0	5	0.93	171.6	858.0	0.6666666666666666
71221	195	0	5	0.48	106.6	533.0	0.6666666666666666
71222	101	0	5	0.245	99.0	495.0	0.0
71223	12	0	5	0.0225	10.0	50.0	0.0
71224	376	0	5	0.9325	178.8	894.0	0.6666666666666666
71225	202	0	5	0.4975	124.0	620.0	0.6666666666666666
71226	391	0	5	0.97	279.6	1398.0	0.3333333333333333
71227	268	1	4	0.6675	202.0	1010.0	1.0
71228	218	0	5	0.5375	193.8	969.0	0.3333333333333333
71229	55	0	5	0.13	53.0	265.0	0.0
71230	272	0	5	0.6725	241.8	1209.0	0.3333333333333333
71231	219	0	5	0.54	81.8	409.0	0.6666666666666666
71232	170	1	4	0.4225	107.6	538.0	1.0
71233	250	0	5	0.6175	217.6	1088.0	0.3333333333333333
71234	54	0	5	0.1275	52.0	260.0	0.0
71235	188	0	5	0.4625	102.6	513.0	0.3333333333333333
71236	305	0	5	0.755	111.4	557.0	0.6666666666666666
71237	354	0	5	0.8775	234.2	1171.0	0.3333333333333333
71238	142	0	5	0.3475	140.0	700.0	0.0
71239	171	0	5	0.42	93.4	467.0	0.3333333333333333
71240	109	0	5	0.265	56.8	284.0	0.3333333333333333
71241	390	0	5	0.9675	167.2	836.0	0.3333333333333333
71242	248	0	5	0.6125	203.2	1016.0	0.6666666666666666
71243	351	0	5	0.87	300.2	1501.0	0.6666666666666666
71244	276	0	5	0.6825	156.0	780.0	0.3333333333333333
71245	143	0	5	0.35	127.2	636.0	0.3333333333333333
71246	315	0	5	0.78	151.0	755.0	0.6666666666666666
71247	222	0	5	0.5475	218.8	1094.0	0.3333333333333333
71248	303	0	5	0.75	178.6	893.0	0.6666666666666666
71249	221	1	4	0.55	95.4	477.0	1.0
71250	301	0	5	0.745	201.4	1007.0	0.3333333333333333
71251	176	0	5	0.4325	110.4	552.0	0.6666666666666666
71252	249	0	5	0.615	157.8	789.0	0.6666666666666666
71253	322	1	4	0.8025	247.6	1238.0	1.0
71254	3	0	5	0.0025	0.2	1.0	0.3333333333333333
71255	126	0	5	0.3075	88.8	444.0	0.3333333333333333
71256	144	0	5	0.3525	64.2	321.0	0.6666666666666666
71257	373	0	5	0.925	170.6	853.0	0.6666666666666666
71258	282	0	5	0.6975	95.6	478.0	0.6666666666666666
71259	190	0	5	0.4675	171.0	855.0	0.3333333333333333
71260	315	0	5	0.78	170.0	850.0	0.6666666666666666
71261	172	0	5	0.4225	144.8	724.0	0.3333333333333333
71262	36	0	5	0.0825	26.8	134.0	0.3333333333333333
71263	284	0	5	0.7025	179.6	898.0	0.3333333333333333
71264	171	1	4	0.425	159.0	795.0	1.0
71265	373	0	5	0.925	199.4	997.0	0.3333333333333333
71266	55	0	5	0.13	51.2	256.0	0.0
71267	265	0	5	0.655	263.0	1315.0	0.3333333333333333
71268	80	0	5	0.1925	75.2	376.0	0.3333333333333333
71269	300	0	5	0.7425	125.6	628.0	0.6666666666666666
71270	331	0	5	0.82	164.2	821.0	0.3333333333333333
71271	131	0	5	0.32	34.6	173.0	0.6666666666666666
71272	217	0	5	0.535	200.6	1003.0	0.3333333333333333
71273	145	0	5	0.355	143.0	715.0	0.0
71274	117	1	4	0.29	75.2	376.0	1.0
71275	197	0	5	0.485	120.2	601.0	0.3333333333333333
71276	278	0	5	0.6875	108.6	543.0	0.6666666666666666
71277	263	0	5	0.65	94.0	470.0	0.3333333333333333
71278	201	0	5	0.495	172.8	864.0	0.6666666666666666
71279	265	1	4	0.66	82.2	411.0	1.0
71280	186	0	5	0.4575	142.4	712.0	0.3333333333333333
71281	142	0	5	0.3475	83.6	418.0	0.0
71282	121	0	5	0.295	87.2	436.0	0.3333333333333333
71283	291	0	5	0.72	236.2	1181.0	0.3333333333333333
71284	198	0	5	0.4875	85.8	429.0	0.3333333333333333
71285	315	0	5	0.78	153.6	768.0	0.6666666666666666
71286	326	0	5	0.8075	234.4	1172.0	0.6666666666666666
71287	209	0	5	0.515	124.6	623.0	0.3333333333333333
71288	340	0	5	0.8425	138.8	694.0	0.3333333333333333
71289	348	0	5	0.8625	232.0	1160.0	0.6666666666666666
71290	384	0	5	0.9525	188.6	943.0	0.6666666666666666
71291	91	0	5	0.22	89.0	445.0	0.0
71292	380	0	5	0.9425	141.0	705.0	0.6666666666666666
71293	107	0	5	0.26	77.0	385.0	0.0
71294	74	0	5	0.1775	72.0	360.0	0.0
71295	323	1	4	0.805	240.6	1203.0	1.0
71296	84	0	5	0.2025	58.4	292.0	0.3333333333333333
71297	226	1	4	0.5625	124.0	620.0	1.0
71298	14	0	5	0.0275	12.0	60.0	0.0
71299	309	0	5	0.765	254.8	1274.0	0.6666666666666666
71300	203	0	5	0.5	134.2	671.0	0.6666666666666666
71301	366	0	5	0.9075	169.4	847.0	0.3333333333333333
71302	368	0	5	0.9125	166.8	834.0	0.6666666666666666
71303	94	0	5	0.2275	77.6	388.0	0.3333333333333333
71304	30	0	5	0.0675	28.0	140.0	0.0
71305	300	0	5	0.7425	245.6	1228.0	0.0
71306	157	0	5	0.385	155.0	775.0	0.0
71307	213	0	5	0.525	80.6	403.0	0.3333333333333333
71308	298	0	5	0.7375	145.6	728.0	0.6666666666666666
71309	249	0	5	0.615	179.6	898.0	0.6666666666666666
71310	59	0	5	0.14	27.6	138.0	0.0
71311	363	0	5	0.9	212.8	1064.0	0.3333333333333333
71312	196	0	5	0.4825	194.0	970.0	0.3333333333333333
71313	38	0	5	0.0875	36.0	180.0	0.0
71314	340	0	5	0.8425	202.4	1012.0	0.6666666666666666
71315	143	0	5	0.35	141.0	705.0	0.0
71316	118	0	5	0.2875	99.8	499.0	0.0
71317	366	0	5	0.9075	272.4	1362.0	0.3333333333333333
71318	309	0	5	0.765	76.6	383.0	0.6666666666666666
71319	110	0	5	0.2675	82.2	411.0	0.3333333333333333
71320	78	0	5	0.1875	76.0	380.0	0.0
71321	200	1	4	0.4975	67.2	336.0	1.0
71322	94	0	5	0.2275	86.6	433.0	0.3333333333333333
71323	396	0	5	0.9825	115.4	577.0	0.6666666666666666
71324	149	0	5	0.365	35.8	179.0	0.3333333333333333
71325	29	0	5	0.065	26.2	131.0	0.3333333333333333
71326	248	0	5	0.6125	143.6	718.0	0.6666666666666666
71327	181	0	5	0.445	57.4	287.0	0.6666666666666666
71328	166	0	5	0.4075	134.0	670.0	0.3333333333333333
71329	248	0	5	0.6125	186.8	934.0	0.3333333333333333
71330	96	0	5	0.2325	78.0	390.0	0.0
71331	103	0	5	0.25	45.4	227.0	0.3333333333333333
71332	309	0	5	0.765	122.2	611.0	0.3333333333333333
71333	19	0	5	0.04	17.0	85.0	0.0
71334	227	0	5	0.56	95.4	477.0	0.3333333333333333
71335	352	0	5	0.8725	311.0	1555.0	0.6666666666666666
71336	248	0	5	0.6125	90.4	452.0	0.6666666666666666
71337	330	0	5	0.8175	214.6	1073.0	0.6666666666666666
71338	313	0	5	0.775	121.0	605.0	0.6666666666666666
71339	316	1	4	0.7875	134.6	673.0	1.0
71340	163	0	5	0.4	128.2	641.0	0.3333333333333333
71341	175	0	5	0.43	109.4	547.0	0.6666666666666666
71342	350	1	4	0.8725	80.6	403.0	1.0
71343	262	0	5	0.6475	200.4	1002.0	0.3333333333333333
71344	206	0	5	0.5075	89.4	447.0	0.3333333333333333
71345	290	0	5	0.7175	59.2	296.0	0.3333333333333333
71346	249	0	5	0.615	154.8	774.0	0.6666666666666666
71347	261	0	5	0.645	203.8	1019.0	0.3333333333333333
71348	311	0	5	0.77	129.2	646.0	0.3333333333333333
71349	242	0	5	0.5975	218.4	1092.0	0.3333333333333333
71350	101	1	4	0.25	89.0	445.0	1.0
71351	315	0	5	0.78	120.2	601.0	0.6666666666666666
71352	80	0	5	0.1925	16.0	80.0	0.0
71353	255	0	5	0.63	207.2	1036.0	0.6666666666666666
71354	255	0	5	0.63	123.2	616.0	0.6666666666666666
71355	349	0	5	0.865	282.0	1410.0	0.6666666666666666
71356	317	0	5	0.785	181.6	908.0	0.6666666666666666
71357	23	0	5	0.05	21.0	105.0	0.0
71358	170	0	5	0.4175	92.4	462.0	0.3333333333333333
71359	252	0	5	0.6225	244.8	1224.0	0.0
71360	335	0	5	0.83	284.2	1421.0	0.3333333333333333
71361	74	0	5	0.1775	72.0	360.0	0.0
71362	321	0	5	0.795	159.2	796.0	0.6666666666666666
71363	212	0	5	0.5225	100.4	502.0	0.0
71364	276	0	5	0.6825	150.8	754.0	0.3333333333333333
71365	97	0	5	0.235	95.0	475.0	0.0
71366	21	0	5	0.045	19.0	95.0	0.0
71367	351	0	5	0.87	121.0	605.0	0.6666666666666666
71368	398	0	5	0.9875	166.0	830.0	0.6666666666666666
71369	112	0	5	0.2725	38.0	190.0	0.3333333333333333
71370	287	0	5	0.71	109.0	545.0	0.6666666666666666
71371	3	0	5	0.0025	0.6	3.0	0.3333333333333333
71372	270	0	5	0.6675	110.8	554.0	0.3333333333333333
71373	111	0	5	0.27	57.2	286.0	0.6666666666666666
71374	50	0	5	0.1175	44.8	224.0	0.3333333333333333
71375	307	0	5	0.76	265.2	1326.0	0.6666666666666666
71376	346	0	5	0.8575	233.8	1169.0	0.3333333333333333
71377	201	0	5	0.495	199.0	995.0	0.0
71378	29	0	5	0.065	27.0	135.0	0.0
71379	151	0	5	0.37	41.8	209.0	0.6666666666666666
71380	113	0	5	0.275	38.2	191.0	0.3333333333333333
71381	301	1	4	0.75	163.4	817.0	1.0
71382	350	0	5	0.8675	137.6	688.0	0.6666666666666666
71383	253	0	5	0.625	128.0	640.0	0.3333333333333333
71384	122	0	5	0.2975	112.2	561.0	0.3333333333333333
71385	378	0	5	0.9375	186.8	934.0	0.6666666666666666
71386	22	0	5	0.0475	20.0	100.0	0.0
71387	295	0	5	0.73	262.6	1313.0	0.6666666666666666
71388	135	0	5	0.33	110.6	553.0	0.6666666666666666
71389	240	0	5	0.5925	175.2	876.0	0.3333333333333333
71390	401	0	4	0.9975	329.6	1648.0	0.6666666666666666
71391	180	0	5	0.4425	129.6	648.0	0.3333333333333333
71392	249	0	5	0.615	142.2	711.0	0.6666666666666666
71393	32	0	5	0.0725	30.0	150.0	0.3333333333333333
71394	32	0	5	0.0725	30.0	150.0	0.0
71395	220	0	5	0.5425	194.0	970.0	0.3333333333333333
71396	22	0	5	0.0475	20.0	100.0	0.0
71397	130	0	5	0.3175	128.0	640.0	0.0
71398	132	0	5	0.3225	78.8	394.0	0.0
71399	328	0	5	0.8125	304.0	1520.0	0.3333333333333333
71400	315	0	5	0.78	188.8	944.0	0.6666666666666666
71401	48	0	5	0.1125	46.0	230.0	0.0
71402	282	0	5	0.6975	224.8	1124.0	0.6666666666666666
71403	59	0	5	0.14	23.2	116.0	0.3333333333333333
71404	173	0	5	0.425	123.8	619.0	0.3333333333333333
71405	230	1	4	0.5725	114.8	574.0	1.0
71406	359	0	5	0.89	257.8	1289.0	0.6666666666666666
71407	391	1	4	0.975	240.2	1201.0	1.0
71408	180	0	5	0.4425	91.2	456.0	0.3333333333333333
71409	371	0	5	0.92	244.6	1223.0	0.6666666666666666
71410	235	0	5	0.58	157.2	786.0	0.6666666666666666
71411	232	0	5	0.5725	143.0	715.0	0.3333333333333333
71412	71	0	5	0.17	58.2	291.0	0.0
71413	134	0	5	0.3275	49.6	248.0	0.3333333333333333
71414	330	0	5	0.8175	183.4	917.0	0.6666666666666666
71415	198	0	5	0.4875	104.0	520.0	0.6666666666666666
71416	295	1	4	0.735	211.0	1055.0	1.0
71417	192	0	5	0.4725	77.2	386.0	0.3333333333333333
71418	284	0	5	0.7025	62.0	310.0	0.3333333333333333
71419	193	0	5	0.475	113.8	569.0	0.6666666666666666
71420	112	0	5	0.2725	110.0	550.0	0.0
71421	150	0	5	0.3675	111.4	557.0	0.6666666666666666
71422	233	0	5	0.575	185.0	925.0	0.3333333333333333
71423	137	0	5	0.335	106.2	531.0	0.0
71424	7	0	5	0.01	5.0	25.0	0.0
71425	79	0	5	0.19	36.8	184.0	0.0
71426	263	0	5	0.65	106.8	534.0	0.6666666666666666
71427	39	0	5	0.09	37.0	185.0	0.0
71428	65	0	5	0.155	63.0	315.0	0.0
71429	19	0	5	0.04	14.6	73.0	0.0
71430	260	0	5	0.6425	160.4	802.0	0.6666666666666666
71431	389	0	5	0.965	135.8	679.0	0.6666666666666666
71432	98	0	5	0.2375	57.0	285.0	0.3333333333333333
71433	242	0	5	0.5975	148.6	743.0	0.6666666666666666
71434	315	0	5	0.78	212.6	1063.0	0.6666666666666666
71435	87	0	5	0.21	85.0	425.0	0.0
71436	32	0	5	0.0725	13.2	66.0	0.0
71437	192	0	5	0.4725	117.0	585.0	0.3333333333333333
71438	17	0	5	0.035	15.0	75.0	0.0
71439	164	0	5	0.4025	144.4	722.0	0.3333333333333333
71440	87	0	5	0.21	84.4	422.0	0.3333333333333333
71441	217	0	5	0.535	187.8	939.0	0.6666666666666666
71442	379	1	4	0.945	242.2	1211.0	1.0
71443	175	0	5	0.43	82.2	411.0	0.6666666666666666
71444	177	0	5	0.435	156.8	784.0	0.3333333333333333
71445	317	0	5	0.785	249.8	1249.0	0.3333333333333333
71446	268	0	5	0.6625	185.2	926.0	0.6666666666666666
71447	221	0	5	0.545	219.0	1095.0	0.0
71448	163	0	5	0.4	92.0	460.0	0.6666666666666666
71449	249	1	3	0.62	207.6	1038.0	1.0
71450	113	0	5	0.275	111.0	555.0	0.0
71451	92	0	5	0.2225	88.0	440.0	0.0
71452	349	0	5	0.865	229.8	1149.0	0.6666666666666666
71453	205	0	5	0.505	129.2	646.0	0.3333333333333333
71454	192	0	5	0.4725	119.6	598.0	0.3333333333333333
71455	376	0	5	0.9325	337.6	1688.0	0.6666666666666666
71456	227	0	5	0.56	141.8	709.0	0.3333333333333333
71457	12	0	5	0.0225	10.0	50.0	0.0
71458	387	0	5	0.96	289.4	1447.0	0.6666666666666666
71459	398	1	4	0.9925	140.4	702.0	1.0
71460	148	0	5	0.3625	99.8	499.0	0.3333333333333333
71461	322	0	5	0.7975	238.2	1191.0	0.3333333333333333
71462	41	0	5	0.095	37.8	189.0	0.3333333333333333
71463	268	0	5	0.6625	134.0	670.0	0.3333333333333333
71464	90	0	5	0.2175	79.2	396.0	0.3333333333333333
71465	232	0	5	0.5725	177.0	885.0	0.0
71466	94	0	5	0.2275	79.8	399.0	0.3333333333333333
71467	86	0	5	0.2075	84.0	420.0	0.0
71468	130	0	5	0.3175	102.0	510.0	0.6666666666666666
71469	41	0	5	0.095	32.8	164.0	0.0
71470	298	0	5	0.7375	160.6	803.0	0.3333333333333333
71471	281	0	5	0.695	67.0	335.0	0.6666666666666666
71472	209	0	5	0.515	170.8	854.0	0.6666666666666666
71473	209	0	5	0.515	87.6	438.0	0.6666666666666666
71474	279	0	5	0.69	84.2	421.0	0.0
71475	153	0	5	0.375	95.8	479.0	0.3333333333333333
71476	313	0	5	0.775	150.4	752.0	0.3333333333333333
71477	192	0	5	0.4725	82.6	413.0	0.3333333333333333
71478	122	0	5	0.2975	75.4	377.0	0.3333333333333333
71479	133	0	5	0.325	68.0	340.0	0.0
71480	327	1	4	0.815	206.2	1031.0	1.0
71481	394	0	5	0.9775	273.6	1368.0	0.6666666666666666
71482	38	0	5	0.0875	36.0	180.0	0.0
71483	178	0	5	0.4375	164.0	820.0	0.3333333333333333
71484	190	0	5	0.4675	151.0	755.0	0.3333333333333333
71485	236	0	5	0.5825	160.2	801.0	0.3333333333333333
71486	260	0	5	0.6425	155.2	776.0	0.6666666666666666
71487	110	0	5	0.2675	97.6	488.0	0.3333333333333333
71488	248	0	5	0.6125	206.4	1032.0	0.3333333333333333
71489	285	1	4	0.71	130.2	651.0	1.0
71490	288	1	4	0.7175	129.6	648.0	1.0
71491	177	0	5	0.435	143.4	717.0	0.3333333333333333
71492	104	0	5	0.2525	52.2	261.0	0.3333333333333333
71493	300	0	5	0.7425	155.2	776.0	0.6666666666666666
71494	165	0	5	0.405	115.6	578.0	0.3333333333333333
71495	174	0	5	0.4275	130.8	654.0	0.6666666666666666
71496	318	0	5	0.7875	108.6	543.0	0.6666666666666666
71497	284	0	5	0.7025	256.8	1284.0	0.6666666666666666
71498	325	0	5	0.805	88.2	441.0	0.6666666666666666
71499	292	0	5	0.7225	234.6	1173.0	0.3333333333333333
71500	277	0	5	0.685	273.8	1369.0	0.3333333333333333
71501	289	0	5	0.715	199.2	996.0	0.3333333333333333
71502	182	0	5	0.4475	90.8	454.0	0.3333333333333333
71503	368	0	5	0.9125	194.0	970.0	0.3333333333333333
71504	188	0	5	0.4625	70.0	350.0	0.3333333333333333
71505	282	1	4	0.7025	212.4	1062.0	1.0
71506	267	1	4	0.665	130.8	654.0	1.0
71507	127	0	5	0.31	110.6	553.0	0.3333333333333333
71508	349	1	4	0.87	270.0	1350.0	1.0
71509	64	0	5	0.1525	62.0	310.0	0.0
71510	140	0	5	0.3425	102.6	513.0	0.3333333333333333
71511	156	0	5	0.3825	146.2	731.0	0.0
71512	184	0	5	0.4525	149.6	748.0	0.6666666666666666
71513	390	0	5	0.9675	171.8	859.0	0.6666666666666666
71514	377	0	5	0.935	215.0	1075.0	0.6666666666666666
71515	18	0	5	0.0375	16.0	80.0	0.0
71516	51	0	5	0.12	47.6	238.0	0.3333333333333333
71517	249	0	5	0.615	169.0	845.0	0.6666666666666666
71518	260	0	5	0.6425	182.0	910.0	0.3333333333333333
71519	276	0	5	0.6825	250.8	1254.0	0.6666666666666666
71520	331	0	5	0.82	272.4	1362.0	0.6666666666666666
71521	320	0	5	0.7925	230.2	1151.0	0.3333333333333333
71522	142	1	4	0.3525	35.6	178.0	1.0
71523	199	0	5	0.49	147.0	735.0	0.3333333333333333
71524	348	0	5	0.8625	218.8	1094.0	0.6666666666666666
71525	297	0	5	0.735	214.0	1070.0	0.6666666666666666
71526	131	0	5	0.32	129.0	645.0	0.3333333333333333
71527	277	0	5	0.685	210.6	1053.0	0.6666666666666666
71528	99	0	5	0.24	81.0	405.0	0.3333333333333333
71529	104	0	5	0.2525	89.4	447.0	0.0
71530	291	0	5	0.72	84.4	422.0	0.6666666666666666
71531	59	0	5	0.14	57.0	285.0	0.0
71532	295	0	5	0.73	222.4	1112.0	0.3333333333333333
71533	241	1	3	0.6	166.6	833.0	1.0
71534	350	0	5	0.8675	292.4	1462.0	0.6666666666666666
71535	291	0	5	0.72	141.4	707.0	0.6666666666666666
71536	144	0	5	0.3525	142.0	710.0	0.0
71537	51	0	5	0.12	45.0	225.0	0.3333333333333333
71538	358	1	4	0.8925	176.2	881.0	1.0
71539	4	0	5	0.0025	2.0	10.0	0.0
71540	234	0	5	0.5775	141.6	708.0	0.6666666666666666
71541	215	0	5	0.53	169.0	845.0	0.3333333333333333
71542	248	0	5	0.6125	166.8	834.0	0.3333333333333333
71543	146	0	5	0.3575	139.2	696.0	0.3333333333333333
71544	143	0	5	0.35	37.8	189.0	0.6666666666666666
71545	81	0	5	0.195	79.0	395.0	0.0
71546	210	0	5	0.5175	157.6	788.0	0.3333333333333333
71547	152	0	5	0.3725	99.6	498.0	0.0
71548	372	1	4	0.9275	297.4	1487.0	1.0
71549	196	1	4	0.4875	119.2	596.0	1.0
71550	174	0	5	0.4275	82.0	410.0	0.3333333333333333
71551	210	0	5	0.5175	72.8	364.0	0.3333333333333333
71552	219	0	5	0.54	97.2	486.0	0.6666666666666666
71553	362	0	5	0.8975	267.6	1338.0	0.6666666666666666
71554	78	0	5	0.1875	70.8	354.0	0.0
71555	107	0	5	0.26	105.0	525.0	0.0
71556	157	0	5	0.385	85.4	427.0	0.3333333333333333
71557	306	0	5	0.7575	250.0	1250.0	0.6666666666666666
71558	358	0	5	0.8875	253.6	1268.0	0.3333333333333333
71559	80	0	5	0.1925	78.0	390.0	0.3333333333333333
71560	128	0	5	0.3125	108.8	544.0	0.0
71561	67	0	5	0.16	64.8	324.0	0.0
71562	300	0	5	0.7425	295.0	1475.0	0.0
71563	274	0	5	0.6775	196.0	980.0	0.0
71564	291	1	4	0.725	81.4	407.0	1.0
71565	263	1	4	0.655	188.4	942.0	1.0
71566	241	0	5	0.595	81.8	409.0	0.6666666666666666
71567	216	0	5	0.5325	111.6	558.0	0.6666666666666666
71568	123	0	5	0.3	69.0	345.0	0.3333333333333333
71569	307	0	5	0.76	234.2	1171.0	0.6666666666666666
71570	321	0	5	0.795	196.0	980.0	0.3333333333333333
71571	347	1	4	0.865	221.8	1109.0	1.0
71572	74	0	5	0.1775	72.0	360.0	0.0
71573	318	0	5	0.7875	154.4	772.0	0.6666666666666666
71574	78	0	5	0.1875	59.2	296.0	0.0
71575	298	0	5	0.7375	226.4	1132.0	0.3333333333333333
71576	298	0	5	0.7375	224.0	1120.0	0.6666666666666666
71577	92	0	5	0.2225	80.0	400.0	0.3333333333333333
71578	180	0	5	0.4425	100.8	504.0	0.3333333333333333
71579	237	0	5	0.585	171.0	855.0	0.3333333333333333
71580	303	1	4	0.755	147.4	737.0	1.0
71581	154	0	5	0.3775	82.4	412.0	0.3333333333333333
71582	283	0	5	0.7	229.0	1145.0	0.6666666666666666
71583	350	1	4	0.8725	244.2	1221.0	1.0
71584	390	0	5	0.9675	235.2	1176.0	0.6666666666666666
71585	301	1	4	0.75	99.0	495.0	1.0
71586	232	0	5	0.5725	174.2	871.0	0.3333333333333333
71587	330	1	4	0.8225	143.6	718.0	1.0
71588	211	0	5	0.52	154.6	773.0	0.6666666666666666
71589	277	0	5	0.685	226.8	1134.0	0.3333333333333333
71590	281	0	5	0.695	193.2	966.0	0.3333333333333333
71591	203	0	5	0.5	113.8	569.0	0.0
71592	139	0	5	0.34	72.0	360.0	0.3333333333333333
71593	110	0	5	0.2675	76.8	384.0	0.0
71594	218	0	5	0.5375	136.8	684.0	0.3333333333333333
71595	136	0	5	0.3325	69.2	346.0	0.0
71596	110	1	4	0.2725	53.0	265.0	1.0
71597	397	0	5	0.985	181.2	906.0	0.6666666666666666
71598	254	0	5	0.6275	82.0	410.0	0.3333333333333333
71599	320	0	5	0.7925	233.6	1168.0	0.6666666666666666
71600	53	0	5	0.125	51.0	255.0	0.0
71601	350	0	5	0.8675	198.4	992.0	0.3333333333333333
71602	248	1	4	0.6175	91.2	456.0	1.0
71603	267	0	5	0.66	230.0	1150.0	0.3333333333333333
71604	164	0	5	0.4025	146.4	732.0	0.0
71605	278	0	5	0.6875	152.8	764.0	0.6666666666666666
71606	10	0	5	0.0175	8.0	40.0	0.0
71607	105	0	5	0.255	65.0	325.0	0.0
71608	226	0	5	0.5575	186.4	932.0	0.3333333333333333
71609	178	0	5	0.4375	118.8	594.0	0.6666666666666666
71610	143	0	5	0.35	109.8	549.0	0.3333333333333333
71611	311	1	4	0.775	141.6	708.0	1.0
71612	274	0	5	0.6775	92.8	464.0	0.3333333333333333
71613	216	1	4	0.5375	75.6	378.0	1.0
71614	285	1	4	0.71	178.6	893.0	1.0
71615	108	0	5	0.2625	106.0	530.0	0.0
71616	286	0	5	0.7075	83.4	417.0	0.6666666666666666
71617	5	0	5	0.005	3.0	15.0	0.0
71618	198	0	5	0.4875	176.8	884.0	0.3333333333333333
71619	296	0	5	0.7325	207.2	1036.0	0.3333333333333333
71620	134	0	5	0.3275	100.0	500.0	0.6666666666666666
71621	95	0	5	0.23	51.8	259.0	0.3333333333333333
71622	162	0	5	0.3975	116.2	581.0	0.3333333333333333
71623	39	0	5	0.09	37.0	185.0	0.0
71624	98	0	5	0.2375	80.6	403.0	0.3333333333333333
71625	27	0	5	0.06	17.2	86.0	0.0
71626	101	0	5	0.245	48.6	243.0	0.6666666666666666
71627	41	0	5	0.095	37.0	185.0	0.3333333333333333
71628	361	0	5	0.895	95.0	475.0	0.6666666666666666
71629	307	0	5	0.76	230.2	1151.0	0.3333333333333333
71630	163	0	5	0.4	161.0	805.0	0.0
71631	219	0	5	0.54	105.8	529.0	0.3333333333333333
71632	41	0	5	0.095	32.6	163.0	0.3333333333333333
71633	327	0	5	0.81	165.4	827.0	0.6666666666666666
71634	232	0	5	0.5725	99.6	498.0	0.3333333333333333
71635	77	0	5	0.185	36.6	183.0	0.6666666666666666
71636	207	0	5	0.51	165.0	825.0	0.0
71637	115	0	5	0.28	29.0	145.0	0.3333333333333333
71638	202	0	5	0.4975	115.2	576.0	0.3333333333333333
71639	381	0	5	0.945	271.0	1355.0	0.6666666666666666
71640	238	1	4	0.5925	212.8	1064.0	1.0
71641	122	1	3	0.3025	86.0	430.0	1.0
71642	389	0	5	0.965	169.0	845.0	0.3333333333333333
71643	264	0	5	0.6525	188.0	940.0	0.3333333333333333
71644	139	0	5	0.34	124.2	621.0	0.6666666666666666
71645	205	0	5	0.505	120.4	602.0	0.3333333333333333
71646	60	0	5	0.1425	58.0	290.0	0.0
71647	97	0	5	0.235	53.8	269.0	0.3333333333333333
71648	135	0	5	0.33	125.8	629.0	0.3333333333333333
71649	310	0	5	0.7675	184.4	922.0	0.3333333333333333
71650	282	0	5	0.6975	125.2	626.0	0.0
71651	358	0	5	0.8875	204.8	1024.0	0.6666666666666666
71652	396	1	4	0.9875	147.8	739.0	1.0
71653	49	0	5	0.115	33.2	166.0	0.3333333333333333
71654	195	0	5	0.48	51.4	257.0	0.3333333333333333
71655	180	0	5	0.4425	90.0	450.0	0.6666666666666666
71656	104	0	5	0.2525	53.0	265.0	0.3333333333333333
71657	364	0	5	0.9025	191.6	958.0	0.3333333333333333
71658	239	0	5	0.59	198.2	991.0	0.3333333333333333
71659	76	0	5	0.1825	67.6	338.0	0.3333333333333333
71660	165	0	5	0.405	103.8	519.0	0.3333333333333333
71661	253	0	5	0.625	149.6	748.0	0.3333333333333333
71662	258	0	5	0.6375	206.8	1034.0	0.6666666666666666
71663	328	0	5	0.8125	208.6	1043.0	0.6666666666666666
71664	170	0	5	0.4175	168.0	840.0	0.0
71665	357	0	5	0.885	175.8	879.0	0.6666666666666666
71666	149	1	4	0.37	131.6	658.0	1.0
71667	97	0	5	0.235	87.0	435.0	0.0
71668	299	0	5	0.74	179.0	895.0	0.3333333333333333
71669	375	0	5	0.93	179.4	897.0	0.6666666666666666
71670	147	1	4	0.365	128.6	643.0	1.0
71671	210	0	5	0.5175	126.0	630.0	0.6666666666666666
71672	298	0	5	0.7375	203.8	1019.0	0.6666666666666666
71673	172	0	5	0.4225	49.0	245.0	0.3333333333333333
71674	56	0	5	0.1325	54.0	270.0	0.0
71675	316	0	5	0.7825	180.4	902.0	0.6666666666666666
71676	289	0	5	0.715	237.4	1187.0	0.3333333333333333
71677	240	0	5	0.5925	184.6	923.0	0.6666666666666666
71678	142	0	5	0.3475	74.8	374.0	0.6666666666666666
71679	50	0	5	0.1175	48.0	240.0	0.0
71680	276	0	5	0.6825	84.4	422.0	0.3333333333333333
71681	321	0	5	0.795	195.2	976.0	0.3333333333333333
71682	362	0	5	0.8975	76.4	382.0	0.3333333333333333
71683	143	0	5	0.35	91.0	455.0	0.3333333333333333
71684	260	0	5	0.6425	246.8	1234.0	0.3333333333333333
71685	370	0	5	0.9175	154.0	770.0	0.6666666666666666
71686	12	0	5	0.0225	10.0	50.0	0.0
71687	3	0	5	0.0025	0.2	1.0	0.0
71688	182	0	5	0.4475	108.6	543.0	0.0
71689	32	0	5	0.0725	30.0	150.0	0.0
71690	309	0	5	0.765	219.6	1098.0	0.6666666666666666
71691	122	0	5	0.2975	91.6	458.0	0.6666666666666666
71692	192	0	5	0.4725	190.0	950.0	0.3333333333333333
71693	62	0	5	0.1475	60.0	300.0	0.0
71694	232	0	5	0.5725	151.2	756.0	0.6666666666666666
71695	159	0	5	0.39	73.2	366.0	0.3333333333333333
71696	189	0	5	0.465	163.8	819.0	0.3333333333333333
71697	143	1	4	0.355	135.6	678.0	1.0
71698	299	0	5	0.74	250.6	1253.0	0.3333333333333333
71699	397	0	5	0.985	221.2	1106.0	0.6666666666666666
71700	202	0	5	0.4975	105.8	529.0	0.0
71701	105	0	5	0.255	94.0	470.0	0.3333333333333333
71702	215	0	5	0.53	126.6	633.0	0.0
71703	299	0	5	0.74	135.0	675.0	0.6666666666666666
71704	181	0	5	0.445	125.8	629.0	0.0
71705	128	0	5	0.3125	126.0	630.0	0.0
71706	339	0	5	0.84	228.8	1144.0	0.6666666666666666
71707	106	0	5	0.2575	63.2	316.0	0.6666666666666666
71708	395	1	4	0.985	268.6	1343.0	1.0
71709	298	0	5	0.7375	190.4	952.0	0.3333333333333333
71710	342	0	5	0.8475	262.4	1312.0	0.6666666666666666
71711	42	0	5	0.0975	12.8	64.0	0.3333333333333333
71712	287	0	5	0.71	169.4	847.0	0.3333333333333333
71713	181	0	5	0.445	139.4	697.0	0.0
71714	337	0	5	0.835	104.2	521.0	0.6666666666666666
71715	145	0	5	0.355	71.0	355.0	0.6666666666666666
71716	396	1	4	0.9875	169.8	849.0	1.0
71717	367	0	5	0.91	79.4	397.0	0.6666666666666666
71718	149	0	5	0.365	80.2	401.0	0.6666666666666666
71719	360	0	5	0.8925	195.0	975.0	0.6666666666666666
71720	203	0	5	0.5	121.4	607.0	0.3333333333333333
71721	381	0	5	0.945	208.2	1041.0	0.6666666666666666
71722	358	0	5	0.8875	191.0	955.0	0.3333333333333333
71723	203	0	5	0.5	201.0	1005.0	0.0
71724	321	0	5	0.795	151.0	755.0	0.3333333333333333
71725	330	0	5	0.8175	106.0	530.0	0.3333333333333333
71726	56	0	5	0.1325	33.0	165.0	0.3333333333333333
71727	240	0	5	0.5925	71.6	358.0	0.3333333333333333
71728	184	0	5	0.4525	142.4	712.0	0.3333333333333333
71729	252	0	5	0.6225	197.2	986.0	0.3333333333333333
71730	246	0	5	0.6075	217.8	1089.0	0.3333333333333333
71731	224	0	5	0.5525	120.8	604.0	0.3333333333333333
71732	163	0	5	0.4	107.4	537.0	0.6666666666666666
71733	244	0	5	0.6025	154.2	771.0	0.3333333333333333
71734	171	0	5	0.42	145.0	725.0	0.0
71735	15	0	5	0.03	13.0	65.0	0.0
71736	80	1	4	0.1975	48.8	244.0	1.0
71737	306	0	5	0.7575	235.6	1178.0	0.6666666666666666
71738	90	0	5	0.2175	43.8	219.0	0.3333333333333333
71739	137	0	5	0.335	100.6	503.0	0.3333333333333333
71740	220	0	5	0.5425	153.6	768.0	0.3333333333333333
71741	325	1	4	0.81	191.6	958.0	1.0
71742	253	0	5	0.625	146.4	732.0	0.6666666666666666
71743	142	0	5	0.3475	77.8	389.0	0.6666666666666666
71744	326	0	5	0.8075	135.2	676.0	0.6666666666666666
71745	283	1	4	0.705	119.4	597.0	1.0
71746	119	0	5	0.29	91.4	457.0	0.3333333333333333
71747	117	1	4	0.29	35.4	177.0	1.0
71748	151	0	5	0.37	149.0	745.0	0.0
71749	383	1	4	0.955	148.0	740.0	1.0
71750	256	0	5	0.6325	130.6	653.0	0.6666666666666666
71751	383	0	5	0.95	238.0	1190.0	0.6666666666666666
71752	173	0	5	0.425	155.0	775.0	0.0
71753	178	0	5	0.4375	39.2	196.0	0.3333333333333333
71754	197	0	5	0.485	195.0	975.0	0.0
71755	203	0	5	0.5	197.8	989.0	0.3333333333333333
71756	321	1	4	0.8	241.6	1208.0	1.0
71757	196	0	5	0.4825	194.0	970.0	0.0
71758	177	0	5	0.435	175.0	875.0	0.0
71759	55	0	5	0.13	52.4	262.0	0.0
71760	298	0	5	0.7375	149.2	746.0	0.3333333333333333
71761	7	0	5	0.01	5.0	25.0	0.0
71762	366	0	5	0.9075	180.6	903.0	0.6666666666666666
71763	289	0	5	0.715	127.4	637.0	0.6666666666666666
71764	264	1	4	0.6575	83.2	416.0	1.0
71765	54	0	5	0.1275	52.0	260.0	0.0
71766	73	0	5	0.175	45.2	226.0	0.6666666666666666
71767	344	0	5	0.8525	204.2	1021.0	0.3333333333333333
71768	289	0	5	0.715	144.8	724.0	0.6666666666666666
71769	295	0	5	0.73	219.2	1096.0	0.3333333333333333
71770	13	0	5	0.025	11.0	55.0	0.0
71771	230	1	4	0.5725	161.0	805.0	1.0
71772	276	0	5	0.6825	112.4	562.0	0.3333333333333333
71773	53	0	5	0.125	31.8	159.0	0.0
71774	204	0	5	0.5025	129.6	648.0	0.3333333333333333
71775	49	0	5	0.115	47.0	235.0	0.0
71776	235	0	5	0.58	149.0	745.0	0.3333333333333333
71777	290	0	5	0.7175	72.8	364.0	0.3333333333333333
71778	135	0	5	0.33	77.8	389.0	0.3333333333333333
71779	37	0	5	0.085	35.0	175.0	0.0
71780	154	0	5	0.3775	152.0	760.0	0.0
71781	254	0	5	0.6275	78.4	392.0	0.3333333333333333
71782	39	0	5	0.09	37.0	185.0	0.0
71783	217	0	5	0.535	153.2	766.0	0.6666666666666666
71784	318	0	5	0.7875	193.2	966.0	0.6666666666666666
71785	256	0	5	0.6325	99.6	498.0	0.6666666666666666
71786	222	0	5	0.5475	134.4	672.0	0.3333333333333333
71787	310	1	4	0.7725	101.2	506.0	1.0
71788	208	0	5	0.5125	206.0	1030.0	0.0
71789	161	0	5	0.395	130.6	653.0	0.3333333333333333
71790	13	0	5	0.025	11.0	55.0	0.0
71791	363	1	4	0.905	209.2	1046.0	1.0
71792	25	0	5	0.055	23.0	115.0	0.0
71793	324	0	5	0.8025	218.8	1094.0	0.3333333333333333
71794	161	0	5	0.395	66.4	332.0	0.3333333333333333
71795	66	0	5	0.1575	39.2	196.0	0.3333333333333333
71796	49	0	5	0.115	47.0	235.0	0.0
71797	245	1	4	0.61	148.2	741.0	1.0
71798	26	0	5	0.0575	24.0	120.0	0.0
71799	12	0	5	0.0225	10.0	50.0	0.0
71800	138	1	4	0.3425	117.2	586.0	1.0
71801	257	0	5	0.635	96.6	483.0	0.6666666666666666
71802	234	0	5	0.5775	193.8	969.0	0.3333333333333333
71803	22	0	5	0.0475	20.0	100.0	0.0
71804	299	0	5	0.74	177.8	889.0	0.6666666666666666
71805	275	0	5	0.68	167.2	836.0	0.6666666666666666
71806	190	0	5	0.4675	156.0	780.0	0.3333333333333333
71807	77	0	5	0.185	57.4	287.0	0.3333333333333333
71808	248	0	5	0.6125	126.0	630.0	0.6666666666666666
71809	183	0	5	0.45	77.4	387.0	0.3333333333333333
71810	224	0	5	0.5525	102.0	510.0	0.3333333333333333
71811	294	0	5	0.7275	178.0	890.0	0.3333333333333333
71812	340	0	5	0.8425	238.8	1194.0	0.6666666666666666
71813	304	1	4	0.7575	114.4	572.0	1.0
71814	349	0	5	0.865	182.2	911.0	0.3333333333333333
71815	329	0	5	0.815	139.8	699.0	0.6666666666666666
71816	294	1	4	0.7325	267.6	1338.0	1.0
71817	227	1	4	0.565	100.8	504.0	1.0
71818	180	0	5	0.4425	176.8	884.0	0.3333333333333333
71819	281	0	5	0.695	219.4	1097.0	0.6666666666666666
71820	7	0	5	0.01	5.0	25.0	0.0
71821	326	0	5	0.8075	207.8	1039.0	0.6666666666666666
71822	278	0	5	0.6875	123.2	616.0	0.6666666666666666
71823	161	0	5	0.395	118.2	591.0	0.3333333333333333
71824	250	0	5	0.6175	244.6	1223.0	0.0
71825	230	1	4	0.5725	208.2	1041.0	1.0
71826	80	0	5	0.1925	48.4	242.0	0.3333333333333333
71827	6	0	5	0.0075	4.0	20.0	0.0
71828	292	0	5	0.7225	116.4	582.0	0.3333333333333333
71829	330	0	5	0.8175	202.8	1014.0	0.6666666666666666
71830	312	0	5	0.7725	186.0	930.0	0.6666666666666666
71831	169	0	5	0.415	137.6	688.0	0.3333333333333333
71832	204	1	4	0.5075	139.6	698.0	1.0
71833	123	0	5	0.3	53.0	265.0	0.3333333333333333
71834	288	0	5	0.7125	196.0	980.0	0.3333333333333333
71835	124	0	5	0.3025	64.4	322.0	0.3333333333333333
71836	132	0	5	0.3225	130.0	650.0	0.0
71837	287	0	5	0.71	171.6	858.0	0.3333333333333333
71838	91	0	5	0.22	89.0	445.0	0.0
71839	336	0	5	0.8325	205.8	1029.0	0.3333333333333333
71840	109	0	5	0.265	44.6	223.0	0.3333333333333333
71841	152	1	3	0.3775	66.2	331.0	1.0
71842	340	0	5	0.8425	83.0	415.0	0.6666666666666666
71843	297	0	5	0.735	174.6	873.0	0.6666666666666666
71844	95	0	5	0.23	93.0	465.0	0.0
71845	400	0	5	0.9925	263.4	1317.0	0.3333333333333333
71846	217	0	5	0.535	172.2	861.0	0.6666666666666666
71847	132	0	5	0.3225	110.8	554.0	0.0
71848	212	0	5	0.5225	164.0	820.0	0.3333333333333333
71849	148	0	5	0.3625	146.0	730.0	0.0
71850	386	0	5	0.9575	206.6	1033.0	0.6666666666666666
71851	59	0	5	0.14	36.0	180.0	0.0
71852	189	0	5	0.465	146.8	734.0	0.6666666666666666
71853	264	0	5	0.6525	103.4	517.0	0.6666666666666666
71854	276	0	5	0.6825	145.2	726.0	0.6666666666666666
71855	145	0	5	0.355	85.4	427.0	0.3333333333333333
71856	294	0	5	0.7275	212.0	1060.0	0.3333333333333333
71857	121	0	5	0.295	110.2	551.0	0.3333333333333333
71858	291	0	5	0.72	81.8	409.0	0.6666666666666666
71859	267	0	5	0.66	166.6	833.0	0.3333333333333333
71860	183	0	5	0.45	181.0	905.0	0.0
71861	256	0	5	0.6325	163.0	815.0	0.3333333333333333
71862	122	0	5	0.2975	73.8	369.0	0.3333333333333333
71863	236	0	5	0.5825	81.8	409.0	0.6666666666666666
71864	118	0	5	0.2875	69.6	348.0	0.3333333333333333
71865	220	0	5	0.5425	124.2	621.0	0.6666666666666666
71866	235	0	5	0.58	233.0	1165.0	0.0
71867	383	1	4	0.955	248.4	1242.0	1.0
71868	318	0	5	0.7875	313.6	1568.0	0.3333333333333333
71869	65	0	5	0.155	63.0	315.0	0.0
71870	120	0	5	0.2925	64.4	322.0	0.6666666666666666
71871	172	0	5	0.4225	158.0	790.0	0.0
71872	145	0	5	0.355	104.2	521.0	0.3333333333333333
71873	220	1	4	0.5475	144.4	722.0	1.0
71874	295	0	5	0.73	208.2	1041.0	0.6666666666666666
71875	20	0	5	0.0425	18.0	90.0	0.0
71876	334	0	5	0.8275	261.4	1307.0	0.6666666666666666
71877	214	0	5	0.5275	99.4	497.0	0.6666666666666666
71878	388	1	4	0.9675	85.6	428.0	1.0
71879	303	0	5	0.75	182.2	911.0	0.0
71880	260	0	5	0.6425	124.4	622.0	0.3333333333333333
71881	41	0	5	0.095	39.0	195.0	0.0
71882	362	0	5	0.8975	134.2	671.0	0.6666666666666666
71883	331	0	5	0.82	153.2	766.0	0.0
71884	78	0	5	0.1875	76.0	380.0	0.0
71885	193	0	5	0.475	52.4	262.0	0.6666666666666666
71886	282	0	5	0.6975	204.2	1021.0	0.3333333333333333
71887	363	0	5	0.9	164.2	821.0	0.6666666666666666
71888	254	0	5	0.6275	190.4	952.0	0.0
71889	141	0	5	0.345	36.6	183.0	0.3333333333333333
71890	330	1	4	0.8225	212.0	1060.0	1.0
71891	81	0	5	0.195	47.8	239.0	0.3333333333333333
71892	211	0	5	0.52	148.6	743.0	0.3333333333333333
71893	191	0	5	0.47	74.6	373.0	0.3333333333333333
71894	289	0	5	0.715	130.2	651.0	0.0
71895	186	0	5	0.4575	184.0	920.0	0.0
71896	369	0	5	0.915	140.8	704.0	0.3333333333333333
71897	219	0	5	0.54	127.0	635.0	0.3333333333333333
71898	242	0	5	0.5975	135.2	676.0	0.3333333333333333
71899	118	0	5	0.2875	53.0	265.0	0.3333333333333333
71900	51	0	5	0.12	21.0	105.0	0.3333333333333333
71901	175	0	5	0.43	154.4	772.0	0.3333333333333333
71902	98	0	5	0.2375	96.0	480.0	0.0
71903	307	0	5	0.76	300.2	1501.0	0.3333333333333333
71904	367	1	4	0.915	327.8	1639.0	1.0
71905	94	0	5	0.2275	59.0	295.0	0.3333333333333333
71906	329	0	5	0.815	166.6	833.0	0.3333333333333333
71907	249	0	5	0.615	149.2	746.0	0.6666666666666666
71908	89	0	5	0.215	58.8	294.0	0.3333333333333333
71909	186	0	5	0.4575	160.0	800.0	0.3333333333333333
71910	295	0	5	0.73	290.2	1451.0	0.3333333333333333
71911	150	0	5	0.3675	45.2	226.0	0.6666666666666666
71912	78	0	5	0.1875	53.6	268.0	0.3333333333333333
71913	289	0	5	0.715	157.6	788.0	0.3333333333333333
71914	281	0	5	0.695	250.6	1253.0	0.6666666666666666
71915	53	0	5	0.125	31.0	155.0	0.3333333333333333
71916	327	1	4	0.815	194.4	972.0	1.0
71917	137	0	5	0.335	135.0	675.0	0.0
71918	169	1	4	0.42	96.8	484.0	1.0
71919	258	0	5	0.6375	171.8	859.0	0.3333333333333333
71920	313	0	5	0.775	229.2	1146.0	0.6666666666666666
71921	152	0	5	0.3725	92.6	463.0	0.6666666666666666
71922	190	0	5	0.4675	188.0	940.0	0.0
71923	292	0	5	0.7225	287.4	1437.0	0.3333333333333333
71924	287	0	5	0.71	199.0	995.0	0.6666666666666666
71925	265	0	5	0.655	250.6	1253.0	0.6666666666666666
71926	62	0	5	0.1475	29.4	147.0	0.3333333333333333
71927	294	0	5	0.7275	120.8	604.0	0.6666666666666666
71928	75	0	5	0.18	73.0	365.0	0.0
71929	253	0	5	0.625	187.6	938.0	0.6666666666666666
71930	238	0	5	0.5875	164.0	820.0	0.3333333333333333
71931	154	0	5	0.3775	133.6	668.0	0.3333333333333333
71932	10	0	5	0.0175	8.0	40.0	0.0
71933	237	0	5	0.585	148.6	743.0	0.6666666666666666
71934	205	0	5	0.505	196.6	983.0	0.3333333333333333
71935	365	0	5	0.905	175.0	875.0	0.6666666666666666
71936	165	1	4	0.41	118.0	590.0	1.0
71937	168	1	4	0.4175	74.6	373.0	1.0
71938	367	0	5	0.91	73.4	367.0	0.6666666666666666
71939	53	0	5	0.125	51.0	255.0	0.0
71940	174	0	5	0.4275	88.2	441.0	0.6666666666666666
71941	318	0	5	0.7875	139.8	699.0	0.6666666666666666
71942	104	0	5	0.2525	95.2	476.0	0.0
71943	271	0	5	0.67	89.2	446.0	0.6666666666666666
71944	321	0	5	0.795	259.4	1297.0	0.6666666666666666
71945	22	0	5	0.0475	15.2	76.0	0.0
71946	15	0	5	0.03	13.0	65.0	0.0
71947	207	0	5	0.51	73.8	369.0	0.3333333333333333
71948	111	0	5	0.27	100.6	503.0	0.0
71949	216	0	5	0.5325	92.4	462.0	0.3333333333333333
71950	92	0	5	0.2225	63.6	318.0	0.3333333333333333
71951	209	0	5	0.515	155.6	778.0	0.6666666666666666
71952	23	0	5	0.05	17.4	87.0	0.0
71953	114	0	5	0.2775	104.2	521.0	0.3333333333333333
71954	111	0	5	0.27	109.0	545.0	0.0
71955	138	0	5	0.3375	89.4	447.0	0.6666666666666666
71956	164	0	5	0.4025	156.4	782.0	0.0
71957	244	0	5	0.6025	180.0	900.0	0.6666666666666666
71958	303	0	5	0.75	82.6	413.0	0.3333333333333333
71959	233	0	5	0.575	71.0	355.0	0.6666666666666666
71960	68	0	5	0.1625	59.6	298.0	0.3333333333333333
71961	196	0	5	0.4825	174.2	871.0	0.0
71962	81	0	5	0.195	60.4	302.0	0.0
71963	385	1	4	0.96	188.4	942.0	1.0
71964	53	0	5	0.125	33.8	169.0	0.0
71965	365	0	5	0.905	181.0	905.0	0.3333333333333333
71966	355	0	5	0.88	237.8	1189.0	0.6666666666666666
71967	163	0	5	0.4	118.0	590.0	0.6666666666666666
71968	163	0	5	0.4	139.0	695.0	0.3333333333333333
71969	203	0	5	0.5	144.0	720.0	0.6666666666666666
71970	124	0	5	0.3025	109.0	545.0	0.0
71971	82	0	5	0.1975	80.0	400.0	0.0
71972	65	0	5	0.155	60.0	300.0	0.0
71973	328	0	5	0.8125	145.8	729.0	0.6666666666666666
71974	355	0	5	0.88	249.2	1246.0	0.6666666666666666
71975	185	0	5	0.455	101.4	507.0	0.0
71976	288	0	5	0.7125	169.4	847.0	0.0
71977	127	0	5	0.31	51.8	259.0	0.6666666666666666
71978	46	0	5	0.1075	37.6	188.0	0.3333333333333333
71979	112	0	5	0.2725	102.0	510.0	0.3333333333333333
71980	234	0	5	0.5775	178.6	893.0	0.3333333333333333
71981	223	0	5	0.55	65.0	325.0	0.3333333333333333
71982	188	0	5	0.4625	148.8	744.0	0.3333333333333333
71983	309	0	5	0.765	137.4	687.0	0.6666666666666666
71984	165	0	5	0.405	123.0	615.0	0.3333333333333333
71985	258	0	5	0.6375	190.0	950.0	0.6666666666666666
71986	90	0	5	0.2175	88.0	440.0	0.3333333333333333
71987	235	0	5	0.58	184.4	922.0	0.6666666666666666
71988	235	1	4	0.585	55.8	279.0	1.0
71989	210	0	5	0.5175	179.6	898.0	0.3333333333333333
71990	299	0	5	0.74	178.6	893.0	0.6666666666666666
71991	351	0	5	0.87	254.2	1271.0	0.6666666666666666
71992	223	0	5	0.55	195.8	979.0	0.0
71993	187	0	5	0.46	185.0	925.0	0.0
71994	93	0	5	0.225	91.0	455.0	0.0
71995	310	1	4	0.7725	253.6	1268.0	1.0
71996	152	0	5	0.3725	103.2	516.0	0.0
71997	397	0	5	0.985	328.2	1641.0	0.6666666666666666
71998	68	0	5	0.1625	55.6	278.0	0.3333333333333333
71999	292	1	4	0.7275	87.0	435.0	1.0
72000	90	0	5	0.2175	70.0	350.0	0.0
72001	48	0	5	0.1125	35.6	178.0	0.0
72002	382	0	5	0.9475	320.0	1600.0	0.6666666666666666
72003	152	0	5	0.3725	141.6	708.0	0.0
72004	57	0	5	0.135	25.4	127.0	0.6666666666666666
72005	212	0	5	0.5225	178.8	894.0	0.3333333333333333
72006	202	0	5	0.4975	88.0	440.0	0.6666666666666666
72007	20	0	5	0.0425	18.0	90.0	0.0
72008	370	0	5	0.9175	190.8	954.0	0.6666666666666666
72009	241	0	5	0.595	189.0	945.0	0.6666666666666666
72010	139	0	5	0.34	102.2	511.0	0.6666666666666666
72011	41	0	5	0.095	39.0	195.0	0.0
72012	337	0	5	0.835	145.0	725.0	0.6666666666666666
72013	186	0	5	0.4575	90.2	451.0	0.6666666666666666
72014	199	0	5	0.49	134.0	670.0	0.6666666666666666
72015	189	0	5	0.465	127.0	635.0	0.3333333333333333
72016	288	0	5	0.7125	147.6	738.0	0.6666666666666666
72017	400	1	4	0.9975	193.2	966.0	1.0
72018	5	0	5	0.005	3.0	15.0	0.0
72019	88	0	5	0.2125	53.6	268.0	0.3333333333333333
72020	343	0	5	0.85	154.6	773.0	0.6666666666666666
72021	139	0	5	0.34	55.6	278.0	0.3333333333333333
72022	97	0	5	0.235	95.0	475.0	0.0
72023	94	0	5	0.2275	49.6	248.0	0.0
72024	53	0	5	0.125	34.2	171.0	0.3333333333333333
72025	189	0	5	0.465	81.8	409.0	0.6666666666666666
72026	35	0	5	0.08	33.0	165.0	0.0
72027	64	0	5	0.1525	41.6	208.0	0.0
72028	171	0	5	0.42	53.8	269.0	0.3333333333333333
72029	289	0	5	0.715	124.4	622.0	0.6666666666666666
72030	307	0	5	0.76	129.2	646.0	0.6666666666666666
72031	400	0	5	0.9925	190.8	954.0	0.6666666666666666
72032	8	0	5	0.0125	6.0	30.0	0.0
72033	7	0	5	0.01	5.0	25.0	0.0
72034	232	0	5	0.5725	60.4	302.0	0.6666666666666666
72035	313	0	5	0.775	196.6	983.0	0.3333333333333333
72036	287	0	5	0.71	206.4	1032.0	0.6666666666666666
72037	129	1	4	0.32	81.4	407.0	1.0
72038	78	0	5	0.1875	22.4	112.0	0.0
72039	170	0	5	0.4175	117.2	586.0	0.6666666666666666
72040	248	0	5	0.6125	175.6	878.0	0.6666666666666666
72041	112	0	5	0.2725	50.0	250.0	0.3333333333333333
72042	375	0	5	0.93	156.8	784.0	0.6666666666666666
72043	173	0	5	0.425	149.0	745.0	0.6666666666666666
72044	238	0	5	0.5875	206.2	1031.0	0.0
72045	337	0	5	0.835	178.8	894.0	0.6666666666666666
72046	207	0	5	0.51	195.8	979.0	0.6666666666666666
72047	219	0	5	0.54	196.4	982.0	0.6666666666666666
72048	57	0	5	0.135	46.2	231.0	0.0
72049	128	0	5	0.3125	126.0	630.0	0.0
72050	278	0	5	0.6875	228.6	1143.0	0.6666666666666666
72051	87	0	5	0.21	56.0	280.0	0.3333333333333333
72052	85	0	5	0.205	61.4	307.0	0.3333333333333333
72053	197	0	5	0.485	116.2	581.0	0.3333333333333333
72054	214	0	5	0.5275	189.8	949.0	0.0
72055	365	1	4	0.91	121.2	606.0	1.0
72056	291	0	5	0.72	93.0	465.0	0.3333333333333333
72057	6	0	5	0.0075	3.6	18.0	0.0
72058	258	0	5	0.6375	111.6	558.0	0.6666666666666666
72059	233	0	5	0.575	65.6	328.0	0.3333333333333333
72060	9	0	5	0.015	7.0	35.0	0.0
72061	246	0	5	0.6075	75.2	376.0	0.3333333333333333
72062	100	0	5	0.2425	88.4	442.0	0.0
72063	237	0	5	0.585	99.2	496.0	0.6666666666666666
72064	14	0	5	0.0275	12.0	60.0	0.0
72065	207	0	5	0.51	205.0	1025.0	0.0
72066	224	0	5	0.5525	145.4	727.0	0.6666666666666666
72067	299	0	5	0.74	107.6	538.0	0.6666666666666666
72068	125	0	5	0.305	123.0	615.0	0.0
72069	269	0	5	0.665	184.4	922.0	0.6666666666666666
72070	166	0	5	0.4075	150.8	754.0	0.3333333333333333
72071	303	0	5	0.75	185.8	929.0	0.3333333333333333
72072	318	0	5	0.7875	173.2	866.0	0.6666666666666666
72073	243	1	4	0.605	118.0	590.0	1.0
72074	226	1	4	0.5625	67.0	335.0	1.0
72075	236	0	5	0.5825	116.0	580.0	0.6666666666666666
72076	370	0	5	0.9175	191.2	956.0	0.6666666666666666
72077	275	0	5	0.68	172.2	861.0	0.0
72078	150	0	5	0.3675	139.8	699.0	0.0
72079	268	0	5	0.6625	243.2	1216.0	0.3333333333333333
72080	166	0	5	0.4075	105.8	529.0	0.3333333333333333
72081	323	1	4	0.805	182.2	911.0	1.0
72082	364	1	4	0.9075	236.0	1180.0	1.0
72083	249	1	4	0.62	155.8	779.0	1.0
72084	54	0	5	0.1275	38.4	192.0	0.3333333333333333
72085	113	0	5	0.275	88.8	444.0	0.0
72086	220	0	5	0.5425	187.8	939.0	0.3333333333333333
72087	194	0	5	0.4775	139.2	696.0	0.0
72088	210	0	5	0.5175	44.0	220.0	0.3333333333333333
72089	20	0	5	0.0425	9.2	46.0	0.3333333333333333
72090	401	0	5	0.995	130.8	654.0	0.6666666666666666
72091	386	0	5	0.9575	341.2	1706.0	0.6666666666666666
72092	21	0	5	0.045	19.0	95.0	0.0
72093	133	0	5	0.325	103.8	519.0	0.3333333333333333
72094	217	0	5	0.535	211.6	1058.0	0.0
72095	306	0	5	0.7575	212.0	1060.0	0.6666666666666666
72096	300	0	5	0.7425	188.6	943.0	0.3333333333333333
72097	249	0	5	0.615	190.0	950.0	0.3333333333333333
72098	87	0	5	0.21	37.0	185.0	0.0
72099	378	1	4	0.9425	126.8	634.0	1.0
72100	128	1	4	0.3175	67.4	337.0	1.0
72101	168	0	5	0.4125	33.4	167.0	0.3333333333333333
72102	7	0	5	0.01	5.0	25.0	0.0
72103	110	0	5	0.2675	54.6	273.0	0.3333333333333333
72104	199	0	5	0.49	88.4	442.0	0.3333333333333333
72105	325	0	5	0.805	249.8	1249.0	0.6666666666666666
72106	399	1	4	0.995	230.6	1153.0	1.0
72107	68	0	5	0.1625	66.0	330.0	0.0
72108	335	0	5	0.83	223.2	1116.0	0.6666666666666666
72109	199	0	5	0.49	127.4	637.0	0.6666666666666666
72110	309	0	5	0.765	109.0	545.0	0.6666666666666666
72111	222	0	5	0.5475	142.6	713.0	0.3333333333333333
72112	392	1	4	0.9775	176.2	881.0	1.0
72113	233	0	5	0.575	104.8	524.0	0.6666666666666666
72114	12	0	5	0.0225	10.0	50.0	0.0
72115	138	0	5	0.3375	96.4	482.0	0.3333333333333333
72116	169	0	5	0.415	113.8	569.0	0.0
72117	193	0	5	0.475	191.0	955.0	0.0
72118	322	0	5	0.7975	196.8	984.0	0.3333333333333333
72119	106	0	5	0.2575	49.6	248.0	0.3333333333333333
72120	249	0	5	0.615	70.2	351.0	0.6666666666666666
72121	342	0	5	0.8475	217.2	1086.0	0.3333333333333333
72122	213	0	5	0.525	151.0	755.0	0.3333333333333333
72123	196	0	5	0.4825	161.0	805.0	0.6666666666666666
72124	307	0	5	0.76	207.0	1035.0	0.0
72125	366	0	5	0.9075	288.8	1444.0	0.3333333333333333
72126	208	0	5	0.5125	91.2	456.0	0.3333333333333333
72127	226	0	5	0.5575	91.2	456.0	0.6666666666666666
72128	94	0	5	0.2275	37.6	188.0	0.3333333333333333
72129	311	0	5	0.77	158.4	792.0	0.6666666666666666
72130	126	0	5	0.3075	80.2	401.0	0.0
72131	85	0	5	0.205	83.0	415.0	0.0
72132	367	0	5	0.91	251.0	1255.0	0.6666666666666666
72133	303	0	5	0.75	187.8	939.0	0.6666666666666666
72134	348	0	5	0.8625	175.6	878.0	0.6666666666666666
72135	268	0	5	0.6625	124.4	622.0	0.6666666666666666
72136	212	0	5	0.5225	171.0	855.0	0.3333333333333333
72137	123	0	5	0.3	34.6	173.0	0.3333333333333333
72138	136	0	5	0.3325	134.0	670.0	0.0
72139	243	0	5	0.6	129.4	647.0	0.3333333333333333
72140	332	1	4	0.8275	139.4	697.0	1.0
72141	53	1	4	0.13	36.6	183.0	1.0
72142	322	0	5	0.7975	121.2	606.0	0.6666666666666666
72143	119	0	5	0.29	97.8	489.0	0.0
72144	106	0	5	0.2575	79.4	397.0	0.0
72145	334	0	5	0.8275	204.4	1022.0	0.0
72146	214	0	5	0.5275	161.0	805.0	0.6666666666666666
72147	136	0	5	0.3325	129.4	647.0	0.3333333333333333
72148	305	0	5	0.755	72.6	363.0	0.3333333333333333
72149	239	1	4	0.595	103.4	517.0	1.0
72150	345	0	5	0.855	173.4	867.0	0.6666666666666666
72151	199	0	5	0.49	130.8	654.0	0.3333333333333333
72152	219	0	5	0.54	155.0	775.0	0.0
72153	274	0	5	0.6775	207.4	1037.0	0.6666666666666666
72154	46	0	5	0.1075	39.2	196.0	0.3333333333333333
72155	174	0	5	0.4275	118.4	592.0	0.3333333333333333
72156	287	0	5	0.71	147.0	735.0	0.6666666666666666
72157	104	0	5	0.2525	69.6	348.0	0.3333333333333333
72158	64	0	5	0.1525	62.0	310.0	0.0
72159	43	0	5	0.1	41.0	205.0	0.0
72160	191	0	5	0.47	189.0	945.0	0.0
72161	218	0	5	0.5375	193.6	968.0	0.0
72162	314	0	5	0.7775	216.0	1080.0	0.6666666666666666
72163	246	0	5	0.6075	212.6	1063.0	0.3333333333333333
72164	240	1	4	0.5975	55.2	276.0	1.0
72165	377	0	5	0.935	220.4	1102.0	0.6666666666666666
72166	210	1	4	0.5225	105.4	527.0	1.0
72167	165	0	5	0.405	143.2	716.0	0.3333333333333333
72168	51	0	5	0.12	49.0	245.0	0.0
72169	74	0	5	0.1775	72.0	360.0	0.0
72170	301	0	5	0.745	81.4	407.0	0.6666666666666666
72171	286	0	5	0.7075	279.4	1397.0	0.3333333333333333
72172	392	1	4	0.9775	289.8	1449.0	1.0
72173	87	0	5	0.21	55.0	275.0	0.3333333333333333
72174	300	1	4	0.7475	135.6	678.0	1.0
72175	246	0	5	0.6075	199.4	997.0	0.0
72176	94	0	5	0.2275	92.0	460.0	0.0
72177	333	0	5	0.825	201.2	1006.0	0.3333333333333333
72178	307	1	4	0.765	207.4	1037.0	1.0
72179	271	0	5	0.67	177.4	887.0	0.6666666666666666
72180	147	0	5	0.36	35.4	177.0	0.0
72181	273	0	5	0.675	135.8	679.0	0.6666666666666666
72182	380	0	5	0.9425	234.2	1171.0	0.6666666666666666
72183	131	0	5	0.32	115.2	576.0	0.0
72184	393	1	4	0.98	85.8	429.0	1.0
72185	170	0	5	0.4175	124.8	624.0	0.3333333333333333
72186	290	1	4	0.7225	103.2	516.0	1.0
72187	87	0	5	0.21	85.0	425.0	0.0
72188	243	0	5	0.6	218.2	1091.0	0.3333333333333333
72189	52	0	5	0.1225	30.8	154.0	0.6666666666666666
72190	266	0	5	0.6575	139.6	698.0	0.3333333333333333
72191	232	0	5	0.5725	73.4	367.0	0.6666666666666666
72192	102	0	5	0.2475	38.4	192.0	0.3333333333333333
72193	144	0	5	0.3525	127.0	635.0	0.3333333333333333
72194	307	0	5	0.76	178.2	891.0	0.3333333333333333
72195	153	0	5	0.375	97.2	486.0	0.3333333333333333
72196	101	0	5	0.245	99.0	495.0	0.0
72197	304	0	5	0.7525	168.8	844.0	0.6666666666666666
72198	285	0	5	0.705	261.2	1306.0	0.0
72199	350	1	4	0.8725	168.2	841.0	1.0
72200	354	0	5	0.8775	221.4	1107.0	0.3333333333333333
72201	114	0	5	0.2775	84.4	422.0	0.3333333333333333
72202	341	0	5	0.845	227.4	1137.0	0.3333333333333333
72203	297	0	5	0.735	134.0	670.0	0.3333333333333333
72204	305	1	4	0.76	174.8	874.0	1.0
72205	252	0	5	0.6225	139.8	699.0	0.3333333333333333
72206	113	0	5	0.275	75.4	377.0	0.3333333333333333
72207	149	0	5	0.365	90.0	450.0	0.0
72208	201	0	5	0.495	132.8	664.0	0.3333333333333333
72209	235	0	5	0.58	233.0	1165.0	0.0
72210	300	0	5	0.7425	134.4	672.0	0.3333333333333333
72211	264	0	5	0.6525	144.6	723.0	0.3333333333333333
72212	275	0	5	0.68	220.4	1102.0	0.6666666666666666
72213	288	0	5	0.7125	146.0	730.0	0.6666666666666666
72214	170	0	5	0.4175	111.6	558.0	0.0
72215	239	0	5	0.59	107.2	536.0	0.6666666666666666
72216	100	0	5	0.2425	88.8	444.0	0.0
72217	187	1	4	0.465	87.4	437.0	1.0
72218	244	0	5	0.6025	126.0	630.0	0.3333333333333333
72219	269	0	5	0.665	252.0	1260.0	0.6666666666666666
72220	46	0	5	0.1075	44.0	220.0	0.0
72221	94	0	5	0.2275	74.8	374.0	0.0
72222	215	0	5	0.53	202.8	1014.0	0.3333333333333333
72223	97	0	5	0.235	83.2	416.0	0.3333333333333333
72224	229	0	5	0.565	184.6	923.0	0.3333333333333333
72225	227	0	5	0.56	114.6	573.0	0.6666666666666666
72226	74	0	5	0.1775	64.0	320.0	0.6666666666666666
72227	80	0	5	0.1925	78.0	390.0	0.3333333333333333
72228	384	0	5	0.9525	288.2	1441.0	0.6666666666666666
72229	103	0	5	0.25	25.0	125.0	0.3333333333333333
72230	223	0	5	0.55	68.8	344.0	0.3333333333333333
72231	314	0	5	0.7775	234.2	1171.0	0.3333333333333333
72232	186	0	5	0.4575	89.8	449.0	0.6666666666666666
72233	5	0	5	0.005	3.0	15.0	0.0
72234	52	0	5	0.1225	50.0	250.0	0.0
72235	161	0	5	0.395	144.6	723.0	0.0
72236	117	0	5	0.285	115.0	575.0	0.0
72237	135	0	5	0.33	133.0	665.0	0.0
72238	152	0	5	0.3725	102.0	510.0	0.0
72239	185	0	5	0.455	84.0	420.0	0.3333333333333333
72240	284	0	5	0.7025	228.8	1144.0	0.6666666666666666
72241	175	0	5	0.43	111.4	557.0	0.6666666666666666
72242	36	0	5	0.0825	22.8	114.0	0.3333333333333333
72243	125	0	5	0.305	77.4	387.0	0.0
72244	106	0	5	0.2575	66.4	332.0	0.3333333333333333
72245	255	0	5	0.63	120.8	604.0	0.6666666666666666
72246	248	0	5	0.6125	112.8	564.0	0.6666666666666666
72247	269	0	5	0.665	139.8	699.0	0.3333333333333333
72248	42	1	4	0.1025	15.6	78.0	1.0
72249	309	0	5	0.765	307.0	1535.0	0.3333333333333333
72250	139	0	5	0.34	63.2	316.0	0.3333333333333333
72251	54	0	5	0.1275	52.0	260.0	0.0
72252	353	1	4	0.88	213.0	1065.0	1.0
72253	316	0	5	0.7825	223.0	1115.0	0.6666666666666666
72254	292	0	5	0.7225	167.8	839.0	0.6666666666666666
72255	379	0	5	0.94	188.2	941.0	0.6666666666666666
72256	232	0	5	0.5725	168.0	840.0	0.6666666666666666
72257	244	1	4	0.6075	140.8	704.0	1.0
72258	63	0	5	0.15	17.0	85.0	0.3333333333333333
72259	209	0	5	0.515	175.0	875.0	0.3333333333333333
72260	109	0	5	0.265	66.2	331.0	0.0
72261	127	0	5	0.31	114.2	571.0	0.3333333333333333
72262	175	0	5	0.43	101.8	509.0	0.3333333333333333
72263	77	0	5	0.185	75.0	375.0	0.0
72264	157	0	5	0.385	119.0	595.0	0.3333333333333333
72265	252	0	5	0.6225	205.0	1025.0	0.3333333333333333
72266	206	1	4	0.5125	46.8	234.0	1.0
72267	339	1	4	0.845	254.0	1270.0	1.0
72268	310	1	4	0.7725	164.2	821.0	1.0
72269	24	0	5	0.0525	22.0	110.0	0.0
72270	287	1	4	0.715	204.6	1023.0	1.0
72271	137	0	5	0.335	135.0	675.0	0.0
72272	221	0	5	0.545	163.4	817.0	0.0
72273	313	0	5	0.775	215.4	1077.0	0.3333333333333333
72274	192	0	5	0.4725	189.6	948.0	0.3333333333333333
72275	43	0	5	0.1	41.0	205.0	0.0
72276	261	0	5	0.645	184.4	922.0	0.3333333333333333
72277	134	0	5	0.3275	129.8	649.0	0.3333333333333333
72278	318	0	5	0.7875	316.0	1580.0	0.0
72279	57	0	5	0.135	55.0	275.0	0.0
72280	192	1	4	0.4775	186.8	934.0	1.0
72281	182	0	5	0.4475	140.4	702.0	0.0
72282	76	0	5	0.1825	25.2	126.0	0.3333333333333333
72283	65	0	5	0.155	63.0	315.0	0.0
72284	177	0	5	0.435	74.8	374.0	0.6666666666666666
72285	114	0	5	0.2775	71.2	356.0	0.3333333333333333
72286	186	0	5	0.4575	164.8	824.0	0.3333333333333333
72287	164	0	5	0.4025	107.4	537.0	0.3333333333333333
72288	85	0	5	0.205	73.8	369.0	0.3333333333333333
72289	261	0	5	0.645	221.4	1107.0	0.3333333333333333
72290	290	0	5	0.7175	184.2	921.0	0.6666666666666666
72291	346	0	5	0.8575	103.2	516.0	0.6666666666666666
72292	87	0	5	0.21	62.4	312.0	0.3333333333333333
72293	319	0	5	0.79	210.2	1051.0	0.6666666666666666
72294	168	0	5	0.4125	149.6	748.0	0.6666666666666666
72295	137	0	5	0.335	100.6	503.0	0.3333333333333333
72296	101	0	5	0.245	60.6	303.0	0.0
72297	148	0	5	0.3625	93.8	469.0	0.0
72298	67	0	5	0.16	54.0	270.0	0.3333333333333333
72299	394	0	5	0.9775	328.8	1644.0	0.6666666666666666
72300	173	0	5	0.425	165.4	827.0	0.3333333333333333
72301	95	0	5	0.23	84.2	421.0	0.3333333333333333
72302	140	0	5	0.3425	89.6	448.0	0.3333333333333333
72303	399	1	4	0.995	282.4	1412.0	1.0
72304	183	0	5	0.45	98.0	490.0	0.0
72305	315	0	5	0.78	164.0	820.0	0.6666666666666666
72306	377	1	4	0.94	239.0	1195.0	1.0
72307	163	0	5	0.4	128.4	642.0	0.6666666666666666
72308	77	0	5	0.185	75.0	375.0	0.0
72309	368	0	5	0.9125	293.2	1466.0	0.6666666666666666
72310	276	0	5	0.6825	207.6	1038.0	0.6666666666666666
72311	286	0	5	0.7075	120.8	604.0	0.3333333333333333
72312	307	0	5	0.76	125.0	625.0	0.3333333333333333
72313	346	1	4	0.8625	225.6	1128.0	1.0
72314	32	0	5	0.0725	30.0	150.0	0.0
72315	53	0	5	0.125	27.0	135.0	0.3333333333333333
72316	269	0	5	0.665	196.2	981.0	0.3333333333333333
72317	387	0	5	0.96	139.4	697.0	0.6666666666666666
72318	262	0	5	0.6475	98.4	492.0	0.6666666666666666
72319	117	0	5	0.285	114.2	571.0	0.3333333333333333
72320	135	0	5	0.33	107.4	537.0	0.0
72321	281	0	5	0.695	123.0	615.0	0.6666666666666666
72322	349	0	5	0.865	221.6	1108.0	0.6666666666666666
72323	153	0	5	0.375	115.0	575.0	0.0
72324	288	0	5	0.7125	86.8	434.0	0.6666666666666666
72325	278	0	5	0.6875	139.0	695.0	0.3333333333333333
72326	87	0	5	0.21	85.0	425.0	0.0
72327	236	0	5	0.5825	234.0	1170.0	0.3333333333333333
72328	172	0	5	0.4225	108.4	542.0	0.3333333333333333
72329	303	0	5	0.75	181.6	908.0	0.6666666666666666
72330	71	0	5	0.17	69.0	345.0	0.0
72331	257	0	5	0.635	105.2	526.0	0.3333333333333333
72332	52	0	5	0.1225	43.4	217.0	0.0
72333	182	0	5	0.4475	148.0	740.0	0.3333333333333333
72334	129	0	5	0.315	99.0	495.0	0.3333333333333333
72335	131	0	5	0.32	123.4	617.0	0.0
72336	212	0	5	0.5225	88.8	444.0	0.3333333333333333
72337	141	0	5	0.345	84.0	420.0	0.3333333333333333
72338	184	0	5	0.4525	140.0	700.0	0.0
72339	34	0	5	0.0775	31.2	156.0	0.3333333333333333
72340	127	0	5	0.31	93.8	469.0	0.3333333333333333
72341	170	0	5	0.4175	110.6	553.0	0.3333333333333333
72342	153	0	5	0.375	109.4	547.0	0.3333333333333333
72343	380	0	5	0.9425	272.4	1362.0	0.3333333333333333
72344	3	0	5	0.0025	0.6	3.0	0.0
72345	68	0	5	0.1625	27.6	138.0	0.0
72346	33	0	5	0.075	21.0	105.0	0.0
72347	104	0	5	0.2525	24.4	122.0	0.3333333333333333
72348	175	0	5	0.43	88.6	443.0	0.6666666666666666
72349	243	0	5	0.6	172.2	861.0	0.6666666666666666
72350	99	0	5	0.24	93.4	467.0	0.3333333333333333
72351	312	0	5	0.7725	173.2	866.0	0.6666666666666666
72352	386	1	3	0.9625	184.8	924.0	1.0
72353	54	0	5	0.1275	33.6	168.0	0.0
72354	82	0	5	0.1975	77.6	388.0	0.3333333333333333
72355	220	0	5	0.5425	102.0	510.0	0.3333333333333333
72356	273	1	4	0.68	152.2	761.0	1.0
72357	41	0	5	0.095	39.0	195.0	0.0
72358	28	0	5	0.0625	20.6	103.0	0.0
72359	243	0	5	0.6	170.8	854.0	0.3333333333333333
72360	216	1	4	0.5375	76.0	380.0	1.0
72361	155	0	5	0.38	140.0	700.0	0.0
72362	21	0	5	0.045	19.0	95.0	0.0
72363	384	1	4	0.9575	354.4	1772.0	1.0
72364	287	0	5	0.71	212.8	1064.0	0.3333333333333333
72365	272	0	5	0.6725	179.8	899.0	0.6666666666666666
72366	360	0	5	0.8925	171.2	856.0	0.6666666666666666
72367	331	0	5	0.82	290.8	1454.0	0.3333333333333333
72368	282	0	5	0.6975	223.6	1118.0	0.3333333333333333
72369	246	0	5	0.6075	159.2	796.0	0.6666666666666666
72370	47	0	5	0.11	37.4	187.0	0.6666666666666666
72371	378	0	5	0.9375	88.8	444.0	0.6666666666666666
72372	230	1	4	0.5725	75.6	378.0	1.0
72373	277	0	5	0.685	193.0	965.0	0.3333333333333333
72374	378	0	5	0.9375	253.2	1266.0	0.6666666666666666
72375	346	0	5	0.8575	175.8	879.0	0.6666666666666666
72376	321	0	5	0.795	209.2	1046.0	0.0
72377	399	0	5	0.99	164.2	821.0	0.6666666666666666
72378	309	0	5	0.765	279.2	1396.0	0.3333333333333333
72379	79	0	5	0.19	66.6	333.0	0.0
72380	298	0	5	0.7375	161.6	808.0	0.3333333333333333
72381	217	0	5	0.535	185.2	926.0	0.6666666666666666
72382	395	0	5	0.98	220.0	1100.0	0.6666666666666666
72383	33	0	5	0.075	26.2	131.0	0.3333333333333333
72384	26	0	5	0.0575	20.0	100.0	0.3333333333333333
72385	304	1	3	0.7575	203.8	1019.0	1.0
72386	401	0	4	0.9975	208.4	1042.0	0.6666666666666666
72387	132	0	5	0.3225	84.6	423.0	0.3333333333333333
72388	278	0	5	0.6875	205.6	1028.0	0.6666666666666666
72389	321	0	5	0.795	185.8	929.0	0.6666666666666666
72390	15	0	5	0.03	12.2	61.0	0.0
72391	105	0	5	0.255	103.0	515.0	0.0
72392	78	0	5	0.1875	70.0	350.0	0.3333333333333333
72393	273	0	5	0.675	179.0	895.0	0.3333333333333333
72394	21	0	5	0.045	12.6	63.0	0.3333333333333333
72395	349	0	5	0.865	219.8	1099.0	0.3333333333333333
72396	49	0	5	0.115	47.0	235.0	0.0
72397	152	0	5	0.3725	105.0	525.0	0.0
72398	96	0	5	0.2325	79.6	398.0	0.3333333333333333
72399	174	0	5	0.4275	116.6	583.0	0.6666666666666666
72400	247	0	5	0.61	175.2	876.0	0.6666666666666666
72401	346	0	5	0.8575	233.4	1167.0	0.0
72402	76	0	5	0.1825	74.0	370.0	0.0
72403	332	1	4	0.8275	121.8	609.0	1.0
72404	211	0	5	0.52	101.8	509.0	0.6666666666666666
72405	212	0	5	0.5225	192.2	961.0	0.3333333333333333
72406	170	0	5	0.4175	168.0	840.0	0.0
72407	306	0	5	0.7575	197.2	986.0	0.6666666666666666
72408	88	0	5	0.2125	86.0	430.0	0.3333333333333333
72409	159	0	5	0.39	134.2	671.0	0.3333333333333333
72410	57	0	5	0.135	28.0	140.0	0.6666666666666666
72411	258	0	5	0.6375	161.0	805.0	0.3333333333333333
72412	286	0	5	0.7075	231.8	1159.0	0.3333333333333333
72413	300	0	5	0.7425	138.0	690.0	0.6666666666666666
72414	100	0	5	0.2425	64.0	320.0	0.6666666666666666
72415	328	0	5	0.8125	180.0	900.0	0.6666666666666666
72416	27	0	5	0.06	25.0	125.0	0.0
72417	225	0	5	0.555	145.2	726.0	0.0
72418	237	0	5	0.585	205.4	1027.0	0.3333333333333333
72419	273	0	5	0.675	137.0	685.0	0.3333333333333333
72420	329	0	5	0.815	179.6	898.0	0.3333333333333333
72421	35	0	5	0.08	33.0	165.0	0.0
72422	244	0	5	0.6025	169.0	845.0	0.6666666666666666
72423	354	0	5	0.8775	196.6	983.0	0.6666666666666666
72424	379	0	5	0.94	192.0	960.0	0.6666666666666666
72425	364	0	5	0.9025	235.6	1178.0	0.3333333333333333
72426	207	0	5	0.51	165.8	829.0	0.6666666666666666
72427	190	0	5	0.4675	179.6	898.0	0.3333333333333333
72428	356	0	5	0.8825	235.4	1177.0	0.6666666666666666
72429	14	0	5	0.0275	12.0	60.0	0.0
72430	231	0	5	0.57	144.6	723.0	0.3333333333333333
72431	18	0	5	0.0375	16.0	80.0	0.0
72432	301	1	4	0.75	89.0	445.0	1.0
72433	126	0	5	0.3075	121.4	607.0	0.0
72434	260	0	5	0.6425	95.6	478.0	0.6666666666666666
72435	298	0	5	0.7375	112.2	561.0	0.6666666666666666
72436	207	0	5	0.51	129.8	649.0	0.3333333333333333
72437	105	0	5	0.255	103.0	515.0	0.0
72438	375	1	4	0.935	166.4	832.0	1.0
72439	337	0	5	0.835	126.6	633.0	0.6666666666666666
72440	202	0	5	0.4975	129.6	648.0	0.3333333333333333
72441	82	0	5	0.1975	78.4	392.0	0.0
72442	319	1	4	0.795	160.6	803.0	1.0
72443	260	0	5	0.6425	127.0	635.0	0.6666666666666666
72444	166	0	5	0.4075	164.0	820.0	0.0
72445	178	0	5	0.4375	124.2	621.0	0.3333333333333333
72446	43	0	5	0.1	41.0	205.0	0.0
72447	136	1	4	0.3375	125.6	628.0	1.0
72448	107	0	5	0.26	85.0	425.0	0.3333333333333333
72449	261	0	5	0.645	116.6	583.0	0.3333333333333333
72450	304	1	4	0.7575	115.4	577.0	1.0
72451	212	0	5	0.5225	93.2	466.0	0.3333333333333333
72452	240	0	5	0.5925	103.2	516.0	0.6666666666666666
72453	98	0	5	0.2375	84.2	421.0	0.3333333333333333
72454	351	0	5	0.87	146.8	734.0	0.6666666666666666
72455	318	0	5	0.7875	256.6	1283.0	0.6666666666666666
72456	391	1	4	0.975	153.8	769.0	1.0
72457	206	0	5	0.5075	137.8	689.0	0.6666666666666666
72458	33	0	5	0.075	31.0	155.0	0.0
72459	225	0	5	0.555	203.4	1017.0	0.3333333333333333
72460	287	0	5	0.71	222.6	1113.0	0.0
72461	322	0	5	0.7975	266.2	1331.0	0.6666666666666666
72462	230	1	4	0.5725	193.8	969.0	1.0
72463	240	0	5	0.5925	150.8	754.0	0.0
72464	343	0	5	0.85	136.8	684.0	0.6666666666666666
72465	186	0	5	0.4575	155.2	776.0	0.3333333333333333
72466	270	0	5	0.6675	219.8	1099.0	0.6666666666666666
72467	126	0	5	0.3075	64.0	320.0	0.3333333333333333
72468	312	0	5	0.7725	167.2	836.0	0.6666666666666666
72469	258	0	5	0.6375	150.4	752.0	0.6666666666666666
72470	201	0	5	0.495	88.8	444.0	0.3333333333333333
72471	116	0	5	0.2825	88.8	444.0	0.3333333333333333
72472	397	1	4	0.99	269.4	1347.0	1.0
72473	19	0	5	0.04	17.0	85.0	0.0
72474	170	0	5	0.4175	140.8	704.0	0.3333333333333333
72475	244	0	5	0.6025	227.4	1137.0	0.0
72476	394	0	5	0.9775	219.8	1099.0	0.6666666666666666
72477	339	0	5	0.84	218.6	1093.0	0.6666666666666666
72478	285	0	5	0.705	250.8	1254.0	0.0
72479	155	0	5	0.38	153.0	765.0	0.0
72480	271	0	5	0.67	133.2	666.0	0.6666666666666666
72481	96	0	5	0.2325	94.0	470.0	0.0
72482	243	0	5	0.6	169.4	847.0	0.3333333333333333
72483	312	0	5	0.7725	198.0	990.0	0.3333333333333333
72484	312	0	5	0.7725	102.2	511.0	0.6666666666666666
72485	8	0	5	0.0125	6.0	30.0	0.0
72486	78	0	5	0.1875	76.0	380.0	0.0
72487	222	0	5	0.5475	114.6	573.0	0.3333333333333333
72488	389	0	5	0.965	117.2	586.0	0.6666666666666666
72489	369	1	4	0.92	319.0	1595.0	1.0
72490	252	0	5	0.6225	161.2	806.0	0.6666666666666666
72491	182	0	5	0.4475	114.0	570.0	0.6666666666666666
72492	227	0	5	0.56	166.0	830.0	0.6666666666666666
72493	240	0	5	0.5925	115.2	576.0	0.3333333333333333
72494	71	0	5	0.17	62.6	313.0	0.3333333333333333
72495	76	0	5	0.1825	64.8	324.0	0.3333333333333333
72496	127	0	5	0.31	116.2	581.0	0.0
72497	9	0	5	0.015	7.0	35.0	0.0
72498	320	0	5	0.7925	209.4	1047.0	0.6666666666666666
72499	157	0	5	0.385	92.6	463.0	0.6666666666666666
72500	270	1	4	0.6725	180.8	904.0	1.0
72501	65	0	5	0.155	63.0	315.0	0.0
72502	61	0	5	0.145	59.0	295.0	0.0
72503	311	0	5	0.77	91.2	456.0	0.3333333333333333
72504	45	0	5	0.105	43.0	215.0	0.0
72505	125	0	5	0.305	105.2	526.0	0.3333333333333333
72506	281	0	5	0.695	215.8	1079.0	0.6666666666666666
72507	246	1	4	0.6125	101.4	507.0	1.0
72508	329	0	5	0.815	166.8	834.0	0.6666666666666666
72509	194	0	5	0.4775	146.4	732.0	0.3333333333333333
72510	197	0	5	0.485	124.2	621.0	0.6666666666666666
72511	88	0	5	0.2125	52.4	262.0	0.0
72512	213	0	5	0.525	104.6	523.0	0.6666666666666666
72513	358	0	5	0.8875	214.4	1072.0	0.6666666666666666
72514	198	0	5	0.4875	136.2	681.0	0.3333333333333333
72515	283	0	5	0.7	162.0	810.0	0.6666666666666666
72516	265	0	5	0.655	263.0	1315.0	0.0
72517	167	0	5	0.41	111.4	557.0	0.3333333333333333
72518	45	0	5	0.105	42.2	211.0	0.0
72519	62	0	5	0.1475	27.2	136.0	0.6666666666666666
72520	280	0	5	0.6925	263.8	1319.0	0.3333333333333333
72521	258	0	5	0.6375	193.6	968.0	0.3333333333333333
72522	361	0	5	0.895	107.8	539.0	0.3333333333333333
72523	208	0	5	0.5125	66.8	334.0	0.3333333333333333
72524	59	0	5	0.14	54.6	273.0	0.0
72525	48	0	5	0.1125	19.6	98.0	0.6666666666666666
72526	72	0	5	0.1725	70.0	350.0	0.0
72527	301	0	5	0.745	182.0	910.0	0.6666666666666666
72528	209	0	5	0.515	115.8	579.0	0.3333333333333333
72529	140	0	5	0.3425	116.4	582.0	0.3333333333333333
72530	7	0	5	0.01	5.0	25.0	0.0
72531	128	0	5	0.3125	102.4	512.0	0.3333333333333333
72532	17	0	5	0.035	15.0	75.0	0.0
72533	259	0	5	0.64	76.2	381.0	0.6666666666666666
72534	134	1	4	0.3325	69.8	349.0	1.0
72535	373	0	5	0.925	132.6	663.0	0.3333333333333333
72536	191	0	5	0.47	121.4	607.0	0.3333333333333333
72537	195	0	5	0.48	134.6	673.0	0.6666666666666666
72538	65	0	5	0.155	34.2	171.0	0.0
72539	207	0	5	0.51	146.2	731.0	0.3333333333333333
72540	207	0	5	0.51	59.4	297.0	0.3333333333333333
72541	272	0	5	0.6725	150.4	752.0	0.6666666666666666
72542	83	0	5	0.2	81.0	405.0	0.0
72543	18	0	5	0.0375	16.0	80.0	0.0
72544	35	0	5	0.08	12.2	61.0	0.3333333333333333
72545	14	0	5	0.0275	12.0	60.0	0.0
72546	79	0	5	0.19	23.4	117.0	0.3333333333333333
72547	309	0	5	0.765	151.6	758.0	0.3333333333333333
72548	243	0	5	0.6	153.2	766.0	0.6666666666666666
72549	370	0	5	0.9175	122.2	611.0	0.6666666666666666
72550	171	0	5	0.42	54.6	273.0	0.3333333333333333
72551	272	0	5	0.6725	155.4	777.0	0.3333333333333333
72552	319	1	4	0.795	219.8	1099.0	1.0
72553	146	0	5	0.3575	144.0	720.0	0.0
72554	190	0	5	0.4675	183.6	918.0	0.0
72555	278	0	5	0.6875	118.8	594.0	0.3333333333333333
72556	162	0	5	0.3975	116.0	580.0	0.3333333333333333
72557	102	0	5	0.2475	82.2	411.0	0.3333333333333333
72558	332	0	5	0.8225	82.4	412.0	0.3333333333333333
72559	313	0	5	0.775	173.0	865.0	0.6666666666666666
72560	23	0	5	0.05	21.0	105.0	0.0
72561	334	0	5	0.8275	114.4	572.0	0.3333333333333333
72562	202	0	5	0.4975	154.8	774.0	0.3333333333333333
72563	80	0	5	0.1925	77.0	385.0	0.3333333333333333
72564	271	0	5	0.67	96.6	483.0	0.3333333333333333
72565	155	0	5	0.38	123.2	616.0	0.3333333333333333
72566	388	0	5	0.9625	226.8	1134.0	0.6666666666666666
72567	249	0	5	0.615	111.6	558.0	0.6666666666666666
72568	68	0	5	0.1625	37.2	186.0	0.0
72569	255	0	5	0.63	151.8	759.0	0.3333333333333333
72570	13	0	5	0.025	11.0	55.0	0.0
72571	46	0	5	0.1075	39.8	199.0	0.3333333333333333
72572	312	1	4	0.7775	183.6	918.0	1.0
72573	87	0	5	0.21	57.8	289.0	0.3333333333333333
72574	390	0	5	0.9675	152.8	764.0	0.6666666666666666
72575	174	0	5	0.4275	170.0	850.0	0.3333333333333333
72576	33	0	5	0.075	16.6	83.0	0.0
72577	265	0	5	0.655	141.4	707.0	0.3333333333333333
72578	352	1	4	0.8775	277.6	1388.0	1.0
72579	376	1	4	0.9375	265.4	1327.0	1.0
72580	189	0	5	0.465	61.2	306.0	0.3333333333333333
72581	109	0	5	0.265	107.0	535.0	0.0
72582	204	0	5	0.5025	202.0	1010.0	0.0
72583	322	1	4	0.8025	77.2	386.0	1.0
72584	294	0	5	0.7275	138.8	694.0	0.0
72585	180	0	5	0.4425	127.0	635.0	0.3333333333333333
72586	68	0	5	0.1625	66.0	330.0	0.0
72587	385	0	5	0.955	253.2	1266.0	0.6666666666666666
72588	90	0	5	0.2175	88.0	440.0	0.0
72589	228	0	5	0.5625	61.2	306.0	0.6666666666666666
72590	401	0	3	0.9975	166.6	833.0	0.6666666666666666
72591	259	0	5	0.64	125.0	625.0	0.3333333333333333
72592	308	1	4	0.7675	108.8	544.0	1.0
72593	30	0	5	0.0675	27.2	136.0	0.0
72594	20	0	5	0.0425	18.0	90.0	0.0
72595	364	0	5	0.9025	222.8	1114.0	0.6666666666666666
72596	72	0	5	0.1725	46.4	232.0	0.6666666666666666
72597	399	0	5	0.99	142.0	710.0	0.6666666666666666
72598	168	0	5	0.4125	166.0	830.0	0.0
72599	192	0	5	0.4725	152.4	762.0	0.6666666666666666
72600	202	0	5	0.4975	112.2	561.0	0.3333333333333333
72601	3	0	5	0.0025	0.6	3.0	0.3333333333333333
72602	388	1	4	0.9675	159.2	796.0	1.0
72603	355	0	5	0.88	144.6	723.0	0.6666666666666666
72604	225	0	5	0.555	185.4	927.0	0.3333333333333333
72605	178	0	5	0.4375	65.4	327.0	0.3333333333333333
72606	27	0	5	0.06	25.0	125.0	0.0
72607	341	0	5	0.845	112.8	564.0	0.6666666666666666
72608	180	0	5	0.4425	137.0	685.0	0.3333333333333333
72609	184	0	5	0.4525	72.4	362.0	0.3333333333333333
72610	276	0	5	0.6825	201.2	1006.0	0.6666666666666666
72611	148	0	5	0.3625	94.0	470.0	0.6666666666666666
72612	257	0	5	0.635	102.6	513.0	0.6666666666666666
72613	154	0	5	0.3775	109.6	548.0	0.6666666666666666
72614	234	0	5	0.5775	69.0	345.0	0.6666666666666666
72615	191	0	5	0.47	159.2	796.0	0.0
72616	44	0	5	0.1025	42.0	210.0	0.0
72617	118	0	5	0.2875	116.0	580.0	0.0
72618	39	0	5	0.09	37.0	185.0	0.0
72619	220	0	5	0.5425	170.2	851.0	0.0
72620	391	0	5	0.97	172.8	864.0	0.6666666666666666
72621	309	1	4	0.77	128.4	642.0	1.0
72622	362	0	5	0.8975	213.0	1065.0	0.6666666666666666
72623	37	0	5	0.085	26.6	133.0	0.0
72624	294	0	5	0.7275	253.4	1267.0	0.6666666666666666
72625	401	0	3	0.9975	287.4	1437.0	0.6666666666666666
72626	84	0	5	0.2025	67.6	338.0	0.3333333333333333
72627	19	0	5	0.04	17.0	85.0	0.0
72628	212	0	5	0.5225	176.2	881.0	0.3333333333333333
72629	233	0	5	0.575	94.4	472.0	0.3333333333333333
72630	153	0	5	0.375	134.8	674.0	0.3333333333333333
72631	223	0	5	0.55	193.4	967.0	0.3333333333333333
72632	351	1	4	0.875	85.0	425.0	1.0
72633	196	0	5	0.4825	97.2	486.0	0.6666666666666666
72634	386	1	4	0.9625	255.0	1275.0	1.0
72635	34	0	5	0.0775	29.6	148.0	0.0
72636	208	1	4	0.5175	136.0	680.0	1.0
72637	98	0	5	0.2375	83.2	416.0	0.6666666666666666
72638	380	0	5	0.9425	348.4	1742.0	0.3333333333333333
72639	387	0	5	0.96	246.6	1233.0	0.6666666666666666
72640	368	0	5	0.9125	238.4	1192.0	0.6666666666666666
72641	280	0	5	0.6925	68.2	341.0	0.6666666666666666
72642	107	0	5	0.26	78.2	391.0	0.3333333333333333
72643	381	0	5	0.945	245.6	1228.0	0.6666666666666666
72644	188	0	5	0.4625	151.2	756.0	0.3333333333333333
72645	198	0	5	0.4875	152.0	760.0	0.3333333333333333
72646	275	0	5	0.68	145.2	726.0	0.3333333333333333
72647	397	1	4	0.99	223.2	1116.0	1.0
72648	123	0	5	0.3	97.8	489.0	0.0
72649	319	1	4	0.795	120.8	604.0	1.0
72650	33	0	5	0.075	31.0	155.0	0.0
72651	46	0	5	0.1075	36.0	180.0	0.3333333333333333
72652	104	0	5	0.2525	76.8	384.0	0.6666666666666666
72653	349	0	5	0.865	188.4	942.0	0.6666666666666666
72654	126	0	5	0.3075	124.0	620.0	0.0
72655	280	0	5	0.6925	264.6	1323.0	0.0
72656	39	0	5	0.09	37.0	185.0	0.0
72657	191	0	5	0.47	189.0	945.0	0.0
72658	257	1	4	0.64	184.6	923.0	1.0
72659	170	0	5	0.4175	99.4	497.0	0.3333333333333333
72660	83	0	5	0.2	64.8	324.0	0.3333333333333333
72661	328	1	3	0.8175	298.6	1493.0	1.0
72662	120	0	5	0.2925	92.8	464.0	0.0
72663	203	0	5	0.5	189.0	945.0	0.3333333333333333
72664	124	0	5	0.3025	113.0	565.0	0.0
72665	174	0	5	0.4275	120.4	602.0	0.0
72666	104	0	5	0.2525	99.0	495.0	0.0
72667	259	0	5	0.64	140.8	704.0	0.3333333333333333
72668	139	0	5	0.34	137.0	685.0	0.0
72669	197	0	5	0.485	99.2	496.0	0.3333333333333333
72670	141	0	5	0.345	45.2	226.0	0.6666666666666666
72671	109	0	5	0.265	100.6	503.0	0.3333333333333333
72672	39	0	5	0.09	37.0	185.0	0.0
72673	264	1	4	0.6575	135.2	676.0	1.0
72674	177	0	5	0.435	88.2	441.0	0.3333333333333333
72675	265	0	5	0.655	169.0	845.0	0.6666666666666666
72676	335	0	5	0.83	117.8	589.0	0.6666666666666666
72677	391	0	5	0.97	118.6	593.0	0.3333333333333333
72678	334	0	5	0.8275	241.2	1206.0	0.6666666666666666
72679	61	0	5	0.145	24.0	120.0	0.3333333333333333
72680	151	0	5	0.37	87.2	436.0	0.3333333333333333
72681	124	0	5	0.3025	67.8	339.0	0.6666666666666666
72682	58	0	5	0.1375	49.8	249.0	0.3333333333333333
72683	177	0	5	0.435	100.0	500.0	0.6666666666666666
72684	324	0	5	0.8025	155.6	778.0	0.6666666666666666
72685	256	0	5	0.6325	133.4	667.0	0.3333333333333333
72686	138	0	5	0.3375	123.8	619.0	0.0
72687	356	0	5	0.8825	267.6	1338.0	0.3333333333333333
72688	162	0	5	0.3975	160.0	800.0	0.0
72689	77	0	5	0.185	65.0	325.0	0.3333333333333333
72690	219	0	5	0.54	93.0	465.0	0.6666666666666666
72691	18	0	5	0.0375	16.0	80.0	0.0
72692	274	0	5	0.6775	109.6	548.0	0.6666666666666666
72693	27	0	5	0.06	25.0	125.0	0.0
72694	234	0	5	0.5775	128.6	643.0	0.3333333333333333
72695	389	0	5	0.965	256.6	1283.0	0.6666666666666666
72696	397	0	5	0.985	197.6	988.0	0.6666666666666666
72697	279	0	5	0.69	184.4	922.0	0.6666666666666666
72698	113	0	5	0.275	52.8	264.0	0.3333333333333333
72699	151	1	4	0.375	101.8	509.0	1.0
72700	167	0	5	0.41	63.4	317.0	0.3333333333333333
72701	359	0	5	0.89	300.0	1500.0	0.6666666666666666
72702	380	0	5	0.9425	249.4	1247.0	0.6666666666666666
72703	61	0	5	0.145	59.0	295.0	0.0
72704	317	0	5	0.785	111.0	555.0	0.6666666666666666
72705	189	1	3	0.47	96.6	483.0	1.0
72706	294	0	5	0.7275	157.6	788.0	0.3333333333333333
72707	145	0	5	0.355	44.6	223.0	0.3333333333333333
72708	187	0	5	0.46	80.8	404.0	0.3333333333333333
72709	48	0	5	0.1125	46.0	230.0	0.0
72710	360	0	5	0.8925	314.8	1574.0	0.6666666666666666
72711	185	1	4	0.46	63.4	317.0	1.0
72712	222	0	5	0.5475	150.0	750.0	0.3333333333333333
72713	340	1	4	0.8475	142.8	714.0	1.0
72714	226	0	5	0.5575	140.2	701.0	0.6666666666666666
72715	221	0	5	0.545	96.2	481.0	0.6666666666666666
72716	167	1	4	0.415	110.2	551.0	1.0
72717	276	0	5	0.6825	111.4	557.0	0.6666666666666666
72718	245	0	5	0.605	68.6	343.0	0.6666666666666666
72719	256	1	4	0.6375	131.4	657.0	1.0
72720	32	0	5	0.0725	21.6	108.0	0.0
72721	33	0	5	0.075	31.0	155.0	0.0
72722	88	0	5	0.2125	71.6	358.0	0.0
72723	290	0	5	0.7175	91.2	456.0	0.6666666666666666
72724	214	0	5	0.5275	212.0	1060.0	0.0
72725	93	0	5	0.225	63.4	317.0	0.3333333333333333
72726	69	0	5	0.165	67.0	335.0	0.0
72727	197	0	5	0.485	171.4	857.0	0.0
72728	186	0	5	0.4575	164.8	824.0	0.3333333333333333
72729	395	1	4	0.985	294.6	1473.0	1.0
72730	340	0	5	0.8425	320.4	1602.0	0.3333333333333333
72731	93	0	5	0.225	58.6	293.0	0.3333333333333333
72732	186	0	5	0.4575	138.2	691.0	0.3333333333333333
72733	114	0	5	0.2775	81.2	406.0	0.3333333333333333
72734	133	0	5	0.325	119.8	599.0	0.3333333333333333
72735	397	1	4	0.99	220.6	1103.0	1.0
72736	352	1	4	0.8775	274.4	1372.0	1.0
72737	139	0	5	0.34	103.2	516.0	0.3333333333333333
72738	84	1	4	0.2075	51.2	256.0	1.0
72739	292	1	4	0.7275	250.2	1251.0	1.0
72740	78	0	5	0.1875	66.8	334.0	0.3333333333333333
72741	173	0	5	0.425	83.0	415.0	0.3333333333333333
72742	31	0	5	0.07	29.0	145.0	0.0
72743	108	0	5	0.2625	90.8	454.0	0.3333333333333333
72744	202	0	5	0.4975	141.0	705.0	0.6666666666666666
72745	203	0	5	0.5	146.6	733.0	0.3333333333333333
72746	174	0	5	0.4275	56.0	280.0	0.6666666666666666
72747	30	0	5	0.0675	28.0	140.0	0.0
72748	355	1	4	0.885	199.8	999.0	1.0
72749	351	0	5	0.87	238.0	1190.0	0.6666666666666666
72750	241	0	5	0.595	135.8	679.0	0.6666666666666666
72751	46	0	5	0.1075	44.0	220.0	0.0
72752	401	0	5	0.995	137.0	685.0	0.6666666666666666
72753	47	0	5	0.11	24.0	120.0	0.3333333333333333
72754	331	0	5	0.82	253.0	1265.0	0.6666666666666666
72755	304	1	4	0.7575	111.6	558.0	1.0
72756	258	0	5	0.6375	243.6	1218.0	0.3333333333333333
72757	245	0	5	0.605	193.4	967.0	0.3333333333333333
72758	77	0	5	0.185	65.4	327.0	0.3333333333333333
72759	294	1	4	0.7325	193.8	969.0	1.0
72760	211	0	5	0.52	146.6	733.0	0.3333333333333333
72761	39	0	5	0.09	37.0	185.0	0.0
72762	153	1	4	0.38	75.8	379.0	1.0
72763	5	0	5	0.005	3.0	15.0	0.0
72764	128	0	5	0.3125	116.4	582.0	0.3333333333333333
72765	268	0	5	0.6625	157.2	786.0	0.3333333333333333
72766	37	0	5	0.085	31.0	155.0	0.3333333333333333
72767	191	0	5	0.47	165.4	827.0	0.3333333333333333
72768	109	0	5	0.265	79.4	397.0	0.3333333333333333
72769	207	0	5	0.51	205.0	1025.0	0.0
72770	210	0	5	0.5175	122.6	613.0	0.3333333333333333
72771	216	0	5	0.5325	160.4	802.0	0.3333333333333333
72772	303	0	5	0.75	90.6	453.0	0.6666666666666666
72773	274	0	5	0.6775	228.2	1141.0	0.6666666666666666
72774	9	0	5	0.015	7.0	35.0	0.0
72775	300	0	5	0.7425	157.2	786.0	0.3333333333333333
72776	339	0	5	0.84	224.2	1121.0	0.6666666666666666
72777	249	0	5	0.615	200.0	1000.0	0.3333333333333333
72778	263	0	5	0.65	85.8	429.0	0.6666666666666666
72779	155	0	5	0.38	153.0	765.0	0.3333333333333333
72780	254	1	4	0.6325	158.0	790.0	1.0
72781	270	0	5	0.6675	204.6	1023.0	0.3333333333333333
72782	113	0	5	0.275	73.8	369.0	0.3333333333333333
72783	193	0	5	0.475	191.0	955.0	0.0
72784	194	0	5	0.4775	96.2	481.0	0.3333333333333333
72785	298	1	4	0.7425	132.0	660.0	1.0
72786	329	1	4	0.82	280.2	1401.0	1.0
72787	254	0	5	0.6275	187.6	938.0	0.3333333333333333
72788	310	0	5	0.7675	253.2	1266.0	0.3333333333333333
72789	135	0	5	0.33	59.4	297.0	0.6666666666666666
72790	308	0	5	0.7625	145.0	725.0	0.6666666666666666
72791	242	1	4	0.6025	159.6	798.0	1.0
72792	371	0	5	0.92	153.0	765.0	0.6666666666666666
72793	339	0	5	0.84	186.6	933.0	0.3333333333333333
72794	298	0	5	0.7375	210.8	1054.0	0.6666666666666666
72795	368	0	5	0.9125	313.6	1568.0	0.6666666666666666
72796	180	0	5	0.4425	178.0	890.0	0.0
72797	80	0	5	0.1925	78.0	390.0	0.0
72798	224	0	5	0.5525	174.0	870.0	0.3333333333333333
72799	271	0	5	0.67	269.0	1345.0	0.0
72800	261	0	5	0.645	106.2	531.0	0.6666666666666666
72801	110	0	5	0.2675	69.6	348.0	0.3333333333333333
72802	42	0	5	0.0975	40.0	200.0	0.0
72803	215	0	5	0.53	84.4	422.0	0.3333333333333333
72804	367	1	4	0.915	123.6	618.0	1.0
72805	89	0	5	0.215	42.0	210.0	0.0
72806	347	1	4	0.865	193.8	969.0	1.0
72807	142	0	5	0.3475	129.8	649.0	0.3333333333333333
72808	251	1	4	0.625	108.0	540.0	1.0
72809	150	0	5	0.3675	102.8	514.0	0.3333333333333333
72810	200	0	5	0.4925	198.0	990.0	0.0
72811	40	0	5	0.0925	34.2	171.0	0.0
72812	51	0	5	0.12	49.0	245.0	0.0
72813	219	0	5	0.54	122.2	611.0	0.3333333333333333
72814	280	0	5	0.6925	221.8	1109.0	0.3333333333333333
72815	326	0	5	0.8075	252.0	1260.0	0.3333333333333333
72816	245	0	5	0.605	228.4	1142.0	0.0
72817	344	0	5	0.8525	163.6	818.0	0.6666666666666666
72818	153	0	5	0.375	146.2	731.0	0.3333333333333333
72819	267	0	5	0.66	133.2	666.0	0.3333333333333333
72820	361	0	5	0.895	283.6	1418.0	0.6666666666666666
72821	283	1	4	0.705	141.6	708.0	1.0
72822	294	0	5	0.7275	244.2	1221.0	0.3333333333333333
72823	324	0	5	0.8025	176.4	882.0	0.6666666666666666
72824	315	0	5	0.78	150.6	753.0	0.6666666666666666
72825	92	0	5	0.2225	90.0	450.0	0.0
72826	49	0	5	0.115	11.8	59.0	0.3333333333333333
72827	221	0	5	0.545	155.0	775.0	0.6666666666666666
72828	42	0	5	0.0975	40.0	200.0	0.0
72829	370	1	3	0.9225	209.0	1045.0	1.0
72830	19	0	5	0.04	17.0	85.0	0.0
72831	257	0	5	0.635	220.2	1101.0	0.6666666666666666
72832	282	0	5	0.6975	237.2	1186.0	0.3333333333333333
72833	93	0	5	0.225	38.8	194.0	0.3333333333333333
72834	147	0	5	0.36	127.0	635.0	0.3333333333333333
72835	19	0	5	0.04	17.0	85.0	0.0
72836	106	0	5	0.2575	30.8	154.0	0.6666666666666666
72837	274	0	5	0.6775	151.8	759.0	0.6666666666666666
72838	133	0	5	0.325	36.6	183.0	0.3333333333333333
72839	379	0	5	0.94	178.8	894.0	0.6666666666666666
72840	236	0	5	0.5825	61.2	306.0	0.0
72841	171	0	5	0.42	156.4	782.0	0.0
72842	241	0	5	0.595	232.6	1163.0	0.3333333333333333
72843	85	0	5	0.205	83.0	415.0	0.0
72844	35	0	5	0.08	33.0	165.0	0.0
72845	248	0	5	0.6125	53.6	268.0	0.3333333333333333
72846	199	0	5	0.49	124.0	620.0	0.3333333333333333
72847	107	0	5	0.26	78.6	393.0	0.0
72848	228	0	5	0.5625	217.8	1089.0	0.3333333333333333
72849	138	0	5	0.3375	122.4	612.0	0.0
72850	153	0	5	0.375	138.4	692.0	0.0
72851	32	0	5	0.0725	30.0	150.0	0.0
72852	131	0	5	0.32	110.2	551.0	0.3333333333333333
72853	249	0	5	0.615	112.2	561.0	0.0
72854	26	0	5	0.0575	18.0	90.0	0.3333333333333333
72855	261	0	5	0.645	218.8	1094.0	0.0
72856	237	0	5	0.585	158.6	793.0	0.3333333333333333
72857	339	0	5	0.84	194.2	971.0	0.3333333333333333
72858	143	0	5	0.35	102.0	510.0	0.3333333333333333
72859	143	0	5	0.35	92.8	464.0	0.0
72860	236	0	5	0.5825	227.6	1138.0	0.3333333333333333
72861	225	0	5	0.555	110.8	554.0	0.6666666666666666
72862	61	0	5	0.145	40.6	203.0	0.3333333333333333
72863	150	0	5	0.3675	98.8	494.0	0.3333333333333333
72864	153	0	5	0.375	53.4	267.0	0.3333333333333333
72865	366	0	5	0.9075	86.4	432.0	0.6666666666666666
72866	360	0	5	0.8925	250.8	1254.0	0.3333333333333333
72867	139	0	5	0.34	102.6	513.0	0.3333333333333333
72868	196	0	5	0.4825	183.4	917.0	0.3333333333333333
72869	242	0	5	0.5975	123.6	618.0	0.3333333333333333
72870	397	0	5	0.985	143.0	715.0	0.6666666666666666
72871	112	0	5	0.2725	81.2	406.0	0.3333333333333333
72872	146	0	5	0.3575	98.4	492.0	0.3333333333333333
72873	143	0	5	0.35	83.6	418.0	0.6666666666666666
72874	70	0	5	0.1675	27.2	136.0	0.0
72875	304	0	5	0.7525	177.8	889.0	0.6666666666666666
72876	340	0	5	0.8425	122.8	614.0	0.3333333333333333
72877	301	0	5	0.745	225.6	1128.0	0.6666666666666666
72878	243	0	5	0.6	218.0	1090.0	0.3333333333333333
72879	347	1	4	0.865	165.4	827.0	1.0
72880	44	0	5	0.1025	42.0	210.0	0.0
72881	400	0	5	0.9925	189.2	946.0	0.6666666666666666
72882	363	1	4	0.905	195.0	975.0	1.0
72883	104	0	5	0.2525	94.2	471.0	0.0
72884	288	1	4	0.7175	133.4	667.0	1.0
72885	40	0	5	0.0925	38.0	190.0	0.0
72886	172	0	5	0.4225	60.0	300.0	0.3333333333333333
72887	348	1	4	0.8675	273.8	1369.0	1.0
72888	232	0	5	0.5725	225.6	1128.0	0.3333333333333333
72889	167	1	4	0.415	104.4	522.0	1.0
72890	359	0	5	0.89	117.4	587.0	0.6666666666666666
72891	383	1	3	0.955	177.2	886.0	1.0
72892	168	1	4	0.4175	49.6	248.0	1.0
72893	311	0	5	0.77	185.8	929.0	0.6666666666666666
72894	252	0	5	0.6225	172.2	861.0	0.3333333333333333
72895	217	0	5	0.535	215.0	1075.0	0.0
72896	194	0	5	0.4775	168.4	842.0	0.6666666666666666
72897	372	0	5	0.9225	262.0	1310.0	0.6666666666666666
72898	70	0	5	0.1675	68.0	340.0	0.0
72899	312	0	5	0.7725	174.2	871.0	0.6666666666666666
72900	180	0	5	0.4425	73.4	367.0	0.6666666666666666
72901	117	0	5	0.285	115.0	575.0	0.3333333333333333
72902	296	0	5	0.7325	177.2	886.0	0.6666666666666666
72903	121	0	5	0.295	60.8	304.0	0.0
72904	291	0	5	0.72	209.2	1046.0	0.3333333333333333
72905	307	0	5	0.76	216.6	1083.0	0.3333333333333333
72906	236	0	5	0.5825	202.0	1010.0	0.3333333333333333
72907	378	0	5	0.9375	245.0	1225.0	0.6666666666666666
72908	59	0	5	0.14	37.4	187.0	0.0
72909	157	0	5	0.385	112.6	563.0	0.0
72910	57	0	5	0.135	55.0	275.0	0.0
72911	175	0	5	0.43	133.8	669.0	0.3333333333333333
72912	233	0	5	0.575	156.0	780.0	0.6666666666666666
72913	88	0	5	0.2125	86.0	430.0	0.0
72914	306	0	5	0.7575	99.2	496.0	0.0
72915	100	1	4	0.2475	97.6	488.0	1.0
72916	234	0	5	0.5775	196.8	984.0	0.3333333333333333
72917	151	0	5	0.37	129.2	646.0	0.3333333333333333
72918	211	0	5	0.52	187.0	935.0	0.0
72919	323	0	5	0.8	108.8	544.0	0.3333333333333333
72920	93	0	5	0.225	88.0	440.0	0.3333333333333333
72921	3	0	5	0.0025	0.4	2.0	0.3333333333333333
72922	309	0	5	0.765	209.8	1049.0	0.3333333333333333
72923	152	0	5	0.3725	85.2	426.0	0.3333333333333333
72924	259	0	5	0.64	243.8	1219.0	0.0
72925	327	0	5	0.81	161.4	807.0	0.3333333333333333
72926	288	0	5	0.7125	89.2	446.0	0.6666666666666666
72927	172	0	5	0.4225	170.0	850.0	0.0
72928	259	1	4	0.645	215.0	1075.0	1.0
72929	180	0	5	0.4425	173.6	868.0	0.3333333333333333
72930	247	1	4	0.615	142.0	710.0	1.0
72931	373	0	5	0.925	229.0	1145.0	0.6666666666666666
72932	280	0	5	0.6925	151.4	757.0	0.3333333333333333
72933	318	0	5	0.7875	211.0	1055.0	0.3333333333333333
72934	236	0	5	0.5825	119.8	599.0	0.3333333333333333
72935	110	0	5	0.2675	36.0	180.0	0.3333333333333333
72936	228	0	5	0.5625	136.2	681.0	0.3333333333333333
72937	298	0	5	0.7375	171.8	859.0	0.6666666666666666
72938	36	0	5	0.0825	34.0	170.0	0.0
72939	237	0	5	0.585	157.8	789.0	0.0
72940	280	0	5	0.6925	95.6	478.0	0.0
72941	296	1	4	0.7375	81.6	408.0	1.0
72942	392	0	5	0.9725	279.2	1396.0	0.6666666666666666
72943	88	0	5	0.2125	86.0	430.0	0.0
72944	48	0	5	0.1125	36.4	182.0	0.0
72945	229	0	5	0.565	141.6	708.0	0.3333333333333333
72946	22	0	5	0.0475	18.2	91.0	0.3333333333333333
72947	310	0	5	0.7675	247.6	1238.0	0.6666666666666666
72948	204	0	5	0.5025	48.8	244.0	0.6666666666666666
72949	374	0	5	0.9275	294.4	1472.0	0.6666666666666666
72950	214	1	4	0.5325	46.0	230.0	1.0
72951	112	0	5	0.2725	50.2	251.0	0.6666666666666666
72952	286	0	5	0.7075	189.6	948.0	0.3333333333333333
72953	323	0	5	0.8	143.4	717.0	0.6666666666666666
72954	380	0	5	0.9425	163.2	816.0	0.6666666666666666
72955	349	0	5	0.865	243.6	1218.0	0.6666666666666666
72956	285	0	5	0.705	113.4	567.0	0.6666666666666666
72957	296	0	5	0.7325	215.2	1076.0	0.6666666666666666
72958	228	0	5	0.5625	148.4	742.0	0.3333333333333333
72959	292	0	5	0.7225	194.8	974.0	0.3333333333333333
72960	130	0	5	0.3175	62.8	314.0	0.6666666666666666
72961	330	0	5	0.8175	280.0	1400.0	0.3333333333333333
72962	104	0	5	0.2525	94.8	474.0	0.6666666666666666
72963	277	0	5	0.685	228.0	1140.0	0.3333333333333333
72964	347	0	5	0.86	261.0	1305.0	0.6666666666666666
72965	291	0	5	0.72	151.6	758.0	0.6666666666666666
72966	368	0	5	0.9125	333.0	1665.0	0.3333333333333333
72967	295	0	5	0.73	231.2	1156.0	0.6666666666666666
72968	202	0	5	0.4975	161.2	806.0	0.0
72969	134	0	5	0.3275	106.6	533.0	0.3333333333333333
72970	277	0	5	0.685	218.8	1094.0	0.6666666666666666
72971	394	0	5	0.9775	107.2	536.0	0.6666666666666666
72972	171	0	5	0.42	104.2	521.0	0.6666666666666666
72973	76	0	5	0.1825	63.8	319.0	0.3333333333333333
72974	384	0	5	0.9525	177.4	887.0	0.6666666666666666
72975	42	1	4	0.1025	27.4	137.0	1.0
72976	318	0	5	0.7875	175.0	875.0	0.6666666666666666
72977	10	0	5	0.0175	8.0	40.0	0.0
72978	314	0	5	0.7775	156.4	782.0	0.3333333333333333
72979	3	0	5	0.0025	0.2	1.0	0.3333333333333333
72980	254	0	5	0.6275	161.0	805.0	0.6666666666666666
72981	153	0	5	0.375	123.2	616.0	0.0
72982	37	0	5	0.085	35.0	175.0	0.0
72983	369	0	5	0.915	139.6	698.0	0.6666666666666666
72984	106	1	4	0.2625	78.8	394.0	1.0
72985	253	0	5	0.625	115.0	575.0	0.3333333333333333
72986	283	0	5	0.7	118.0	590.0	0.3333333333333333
72987	136	0	5	0.3325	134.0	670.0	0.0
72988	49	0	5	0.115	47.0	235.0	0.0
72989	67	0	5	0.16	55.4	277.0	0.0
72990	65	0	5	0.155	27.0	135.0	0.3333333333333333
72991	190	0	5	0.4675	132.0	660.0	0.3333333333333333
72992	238	0	5	0.5875	154.4	772.0	0.3333333333333333
72993	152	0	5	0.3725	84.2	421.0	0.6666666666666666
72994	19	0	5	0.04	17.0	85.0	0.0
72995	264	0	5	0.6525	187.6	938.0	0.6666666666666666
72996	340	0	5	0.8425	278.8	1394.0	0.6666666666666666
72997	370	1	4	0.9225	272.6	1363.0	1.0
72998	324	0	5	0.8025	171.4	857.0	0.6666666666666666
72999	120	0	5	0.2925	61.6	308.0	0.6666666666666666
73000	296	0	5	0.7325	235.4	1177.0	0.6666666666666666
73001	277	0	5	0.685	141.6	708.0	0.0
73002	29	0	5	0.065	27.0	135.0	0.3333333333333333
73003	346	0	5	0.8575	329.0	1645.0	0.3333333333333333
73004	310	1	4	0.7725	223.2	1116.0	1.0
73005	318	0	5	0.7875	218.2	1091.0	0.6666666666666666
73006	277	0	5	0.685	195.6	978.0	0.6666666666666666
73007	238	0	5	0.5875	137.6	688.0	0.6666666666666666
73008	298	0	5	0.7375	174.4	872.0	0.6666666666666666
73009	174	0	5	0.4275	172.0	860.0	0.0
73010	87	0	5	0.21	79.0	395.0	0.3333333333333333
73011	162	0	5	0.3975	107.2	536.0	0.3333333333333333
73012	401	0	3	0.9975	355.4	1777.0	0.6666666666666666
73013	289	0	5	0.715	197.6	988.0	0.3333333333333333
73014	111	0	5	0.27	85.8	429.0	0.6666666666666666
73015	87	0	5	0.21	57.4	287.0	0.3333333333333333
73016	339	0	5	0.84	177.2	886.0	0.3333333333333333
73017	396	0	5	0.9825	202.0	1010.0	0.6666666666666666
73018	217	0	5	0.535	196.2	981.0	0.3333333333333333
73019	75	0	5	0.18	40.4	202.0	0.0
73020	104	0	5	0.2525	86.8	434.0	0.0
73021	378	0	5	0.9375	92.8	464.0	0.6666666666666666
73022	129	1	4	0.32	76.6	383.0	1.0
73023	149	0	5	0.365	99.6	498.0	0.0
73024	382	1	4	0.9525	196.0	980.0	1.0
73025	129	0	5	0.315	127.0	635.0	0.0
73026	206	0	5	0.5075	102.4	512.0	0.3333333333333333
73027	244	0	5	0.6025	115.0	575.0	0.6666666666666666
73028	131	0	5	0.32	82.0	410.0	0.6666666666666666
73029	148	0	5	0.3625	141.8	709.0	0.3333333333333333
73030	217	0	5	0.535	111.8	559.0	0.3333333333333333
73031	191	0	5	0.47	92.6	463.0	0.6666666666666666
73032	77	0	5	0.185	75.0	375.0	0.0
73033	273	0	5	0.675	91.8	459.0	0.6666666666666666
73034	210	0	5	0.5175	157.6	788.0	0.3333333333333333
73035	147	0	5	0.36	95.0	475.0	0.0
73036	30	0	5	0.0675	28.0	140.0	0.0
73037	342	0	5	0.8475	178.4	892.0	0.3333333333333333
73038	200	1	4	0.4975	45.6	228.0	1.0
73039	331	0	5	0.82	183.4	917.0	0.6666666666666666
73040	326	0	5	0.8075	169.2	846.0	0.6666666666666666
73041	23	0	5	0.05	21.0	105.0	0.0
73042	261	0	5	0.645	192.4	962.0	0.0
73043	185	0	5	0.455	103.2	516.0	0.0
73044	359	0	5	0.89	237.2	1186.0	0.6666666666666666
73045	258	1	4	0.6425	117.4	587.0	1.0
73046	304	0	5	0.7525	110.0	550.0	0.3333333333333333
73047	184	0	5	0.4525	171.2	856.0	0.0
73048	313	0	5	0.775	292.2	1461.0	0.6666666666666666
73049	261	0	5	0.645	106.6	533.0	0.6666666666666666
73050	191	0	5	0.47	95.2	476.0	0.0
73051	88	0	5	0.2125	86.0	430.0	0.0
73052	203	0	5	0.5	196.6	983.0	0.0
73053	58	0	5	0.1375	53.6	268.0	0.3333333333333333
73054	367	0	5	0.91	76.2	381.0	0.3333333333333333
73055	307	0	5	0.76	152.4	762.0	0.3333333333333333
73056	318	0	5	0.7875	63.4	317.0	0.6666666666666666
73057	277	0	5	0.685	196.2	981.0	0.6666666666666666
73058	233	0	5	0.575	194.0	970.0	0.3333333333333333
73059	8	0	5	0.0125	6.0	30.0	0.0
73060	150	0	5	0.3675	62.4	312.0	0.3333333333333333
73061	192	0	5	0.4725	148.4	742.0	0.0
73062	117	0	5	0.285	26.2	131.0	0.3333333333333333
73063	356	0	5	0.8825	189.0	945.0	0.6666666666666666
73064	83	0	5	0.2	53.8	269.0	0.3333333333333333
73065	211	0	5	0.52	103.6	518.0	0.3333333333333333
73066	331	0	5	0.82	213.8	1069.0	0.6666666666666666
73067	71	0	5	0.17	46.8	234.0	0.3333333333333333
73068	343	0	5	0.85	256.0	1280.0	0.3333333333333333
73069	116	0	5	0.2825	33.2	166.0	0.3333333333333333
73070	241	0	5	0.595	200.2	1001.0	0.3333333333333333
73071	60	0	5	0.1425	58.0	290.0	0.0
73072	268	0	5	0.6625	136.6	683.0	0.6666666666666666
73073	86	0	5	0.2075	84.0	420.0	0.0
73074	12	0	5	0.0225	10.0	50.0	0.0
73075	132	0	5	0.3225	118.6	593.0	0.3333333333333333
73076	334	0	5	0.8275	138.8	694.0	0.6666666666666666
73077	205	0	5	0.505	139.4	697.0	0.3333333333333333
73078	31	0	5	0.07	21.0	105.0	0.3333333333333333
73079	331	1	4	0.825	211.0	1055.0	1.0
73080	175	0	5	0.43	76.8	384.0	0.3333333333333333
73081	247	0	5	0.61	73.8	369.0	0.6666666666666666
73082	23	0	5	0.05	21.0	105.0	0.0
73083	211	0	5	0.52	105.4	527.0	0.3333333333333333
73084	91	0	5	0.22	79.4	397.0	0.3333333333333333
73085	366	1	4	0.9125	213.2	1066.0	1.0
73086	94	0	5	0.2275	92.0	460.0	0.0
73087	249	0	5	0.615	95.8	479.0	0.3333333333333333
73088	34	0	5	0.0775	26.8	134.0	0.0
73089	17	0	5	0.035	15.0	75.0	0.0
73090	65	0	5	0.155	63.0	315.0	0.0
73091	206	0	5	0.5075	94.8	474.0	0.3333333333333333
73092	254	0	5	0.6275	132.2	661.0	0.6666666666666666
73093	302	0	5	0.7475	75.2	376.0	0.6666666666666666
73094	365	0	5	0.905	284.6	1423.0	0.3333333333333333
73095	65	0	5	0.155	63.0	315.0	0.3333333333333333
73096	141	0	5	0.345	122.6	613.0	0.0
73097	22	0	5	0.0475	17.0	85.0	0.3333333333333333
73098	347	0	5	0.86	71.4	357.0	0.6666666666666666
73099	374	0	5	0.9275	264.4	1322.0	0.6666666666666666
73100	356	0	5	0.8825	239.4	1197.0	0.6666666666666666
73101	190	0	5	0.4675	141.8	709.0	0.6666666666666666
73102	234	1	4	0.5825	89.2	446.0	1.0
73103	256	1	4	0.6375	72.0	360.0	1.0
73104	387	0	5	0.96	207.4	1037.0	0.6666666666666666
73105	213	0	5	0.525	175.0	875.0	0.0
73106	364	0	5	0.9025	199.4	997.0	0.6666666666666666
73107	304	0	5	0.7525	195.6	978.0	0.6666666666666666
73108	240	0	5	0.5925	126.6	633.0	0.6666666666666666
73109	282	0	5	0.6975	152.0	760.0	0.3333333333333333
73110	265	0	5	0.655	163.6	818.0	0.3333333333333333
73111	277	0	5	0.685	164.6	823.0	0.3333333333333333
73112	165	0	5	0.405	151.6	758.0	0.3333333333333333
73113	353	1	4	0.88	172.6	863.0	1.0
73114	94	0	5	0.2275	92.0	460.0	0.0
73115	401	0	4	0.9975	217.2	1086.0	0.6666666666666666
73116	108	0	5	0.2625	100.0	500.0	0.0
73117	336	0	5	0.8325	226.8	1134.0	0.3333333333333333
73118	302	0	5	0.7475	288.6	1443.0	0.3333333333333333
73119	330	1	4	0.8225	230.6	1153.0	1.0
73120	364	0	5	0.9025	151.2	756.0	0.6666666666666666
73121	266	0	5	0.6575	239.8	1199.0	0.0
73122	275	0	5	0.68	129.8	649.0	0.6666666666666666
73123	175	0	5	0.43	135.0	675.0	0.3333333333333333
73124	223	0	5	0.55	88.0	440.0	0.6666666666666666
73125	115	0	5	0.28	85.6	428.0	0.3333333333333333
73126	99	0	5	0.24	73.0	365.0	0.3333333333333333
73127	71	0	5	0.17	41.4	207.0	0.3333333333333333
73128	226	0	5	0.5575	88.0	440.0	0.0
73129	291	0	5	0.72	146.0	730.0	0.6666666666666666
73130	27	0	5	0.06	20.8	104.0	0.3333333333333333
73131	109	0	5	0.265	56.6	283.0	0.3333333333333333
73132	365	0	5	0.905	258.6	1293.0	0.3333333333333333
73133	151	0	5	0.37	141.0	705.0	0.0
73134	323	0	5	0.8	189.0	945.0	0.3333333333333333
73135	232	0	5	0.5725	107.0	535.0	0.6666666666666666
73136	301	1	4	0.75	136.6	683.0	1.0
73137	105	0	5	0.255	103.0	515.0	0.0
73138	195	0	5	0.48	108.2	541.0	0.0
73139	193	0	5	0.475	126.6	633.0	0.6666666666666666
73140	29	0	5	0.065	27.0	135.0	0.0
73141	384	1	4	0.9575	226.4	1132.0	1.0
73142	42	0	5	0.0975	40.0	200.0	0.0
73143	255	1	4	0.635	138.2	691.0	1.0
73144	206	0	5	0.5075	111.2	556.0	0.0
73145	240	0	5	0.5925	153.2	766.0	0.6666666666666666
73146	36	0	5	0.0825	34.0	170.0	0.0
73147	172	0	5	0.4225	104.6	523.0	0.3333333333333333
73148	309	0	5	0.765	99.6	498.0	0.6666666666666666
73149	39	0	5	0.09	34.6	173.0	0.0
73150	384	0	5	0.9525	210.6	1053.0	0.6666666666666666
73151	260	0	5	0.6425	219.8	1099.0	0.6666666666666666
73152	128	0	5	0.3125	52.2	261.0	0.0
73153	323	0	5	0.8	78.6	393.0	0.6666666666666666
73154	127	0	5	0.31	102.2	511.0	0.3333333333333333
73155	354	1	4	0.8825	256.6	1283.0	1.0
73156	177	0	5	0.435	142.2	711.0	0.3333333333333333
73157	289	0	5	0.715	152.2	761.0	0.6666666666666666
73158	272	0	5	0.6725	138.0	690.0	0.3333333333333333
73159	380	0	5	0.9425	208.6	1043.0	0.6666666666666666
73160	268	0	5	0.6625	158.2	791.0	0.6666666666666666
73161	244	0	5	0.6025	174.0	870.0	0.6666666666666666
73162	361	0	5	0.895	249.6	1248.0	0.6666666666666666
73163	99	0	5	0.24	59.8	299.0	0.0
73164	94	0	5	0.2275	52.4	262.0	0.3333333333333333
73165	291	1	4	0.725	254.4	1272.0	1.0
73166	322	0	5	0.7975	163.2	816.0	0.6666666666666666
73167	300	0	5	0.7425	76.4	382.0	0.6666666666666666
73168	327	0	5	0.81	77.8	389.0	0.6666666666666666
73169	309	1	4	0.77	195.8	979.0	1.0
73170	94	0	5	0.2275	50.2	251.0	0.3333333333333333
73171	186	0	5	0.4575	67.4	337.0	0.3333333333333333
73172	77	0	5	0.185	55.6	278.0	0.3333333333333333
73173	333	0	5	0.825	176.4	882.0	0.6666666666666666
73174	166	0	5	0.4075	138.8	694.0	0.3333333333333333
73175	227	0	5	0.56	152.2	761.0	0.3333333333333333
73176	327	0	5	0.81	275.8	1379.0	0.3333333333333333
73177	323	0	5	0.8	276.6	1383.0	0.6666666666666666
73178	7	0	5	0.01	3.2	16.0	0.3333333333333333
73179	349	0	5	0.865	165.0	825.0	0.6666666666666666
73180	314	1	4	0.7825	265.6	1328.0	1.0
73181	328	0	5	0.8125	263.6	1318.0	0.6666666666666666
73182	9	0	5	0.015	7.0	35.0	0.0
73183	140	0	5	0.3425	108.0	540.0	0.6666666666666666
73184	144	0	5	0.3525	61.6	308.0	0.3333333333333333
73185	258	0	5	0.6375	116.2	581.0	0.6666666666666666
73186	278	0	5	0.6875	149.2	746.0	0.6666666666666666
73187	322	0	5	0.7975	195.6	978.0	0.3333333333333333
73188	48	0	5	0.1125	29.2	146.0	0.0
73189	117	0	5	0.285	80.2	401.0	0.3333333333333333
73190	116	0	5	0.2825	34.8	174.0	0.3333333333333333
73191	66	0	5	0.1575	20.8	104.0	0.3333333333333333
73192	383	1	4	0.955	192.4	962.0	1.0
73193	116	0	5	0.2825	114.0	570.0	0.0
73194	139	0	5	0.34	123.4	617.0	0.3333333333333333
73195	65	0	5	0.155	18.2	91.0	0.0
73196	291	0	5	0.72	221.4	1107.0	0.3333333333333333
73197	385	0	5	0.955	277.2	1386.0	0.6666666666666666
73198	330	0	5	0.8175	162.6	813.0	0.6666666666666666
73199	246	0	5	0.6075	118.8	594.0	0.6666666666666666
73200	82	0	5	0.1975	78.8	394.0	0.0
73201	264	0	5	0.6525	238.4	1192.0	0.3333333333333333
73202	398	0	5	0.9875	187.2	936.0	0.6666666666666666
73203	189	0	5	0.465	39.0	195.0	0.3333333333333333
73204	139	0	5	0.34	65.2	326.0	0.6666666666666666
73205	207	0	5	0.51	185.8	929.0	0.3333333333333333
73206	363	1	4	0.905	256.2	1281.0	1.0
73207	321	0	5	0.795	255.4	1277.0	0.6666666666666666
73208	80	0	5	0.1925	49.8	249.0	0.3333333333333333
73209	330	0	5	0.8175	213.0	1065.0	0.6666666666666666
73210	320	1	4	0.7975	224.0	1120.0	1.0
73211	318	0	5	0.7875	224.2	1121.0	0.6666666666666666
73212	314	1	3	0.7825	137.6	688.0	1.0
73213	185	0	5	0.455	98.8	494.0	0.3333333333333333
73214	168	0	5	0.4125	161.2	806.0	0.0
73215	356	1	4	0.8875	140.8	704.0	1.0
73216	304	0	5	0.7525	71.6	358.0	0.6666666666666666
73217	126	0	5	0.3075	77.0	385.0	0.3333333333333333
73218	231	0	5	0.57	164.6	823.0	0.6666666666666666
73219	190	0	5	0.4675	113.6	568.0	0.3333333333333333
73220	180	0	5	0.4425	93.2	466.0	0.3333333333333333
73221	344	0	5	0.8525	204.8	1024.0	0.3333333333333333
73222	62	0	5	0.1475	60.0	300.0	0.0
73223	169	0	5	0.415	127.4	637.0	0.3333333333333333
73224	247	0	5	0.61	157.4	787.0	0.6666666666666666
73225	227	0	5	0.56	96.0	480.0	0.6666666666666666
73226	157	0	5	0.385	98.2	491.0	0.6666666666666666
73227	285	0	5	0.705	212.8	1064.0	0.6666666666666666
73228	190	0	5	0.4675	80.0	400.0	0.6666666666666666
73229	355	0	5	0.88	201.0	1005.0	0.3333333333333333
73230	377	0	5	0.935	111.2	556.0	0.6666666666666666
73231	253	0	5	0.625	188.0	940.0	0.0
73232	372	0	5	0.9225	240.4	1202.0	0.6666666666666666
73233	159	0	5	0.39	77.0	385.0	0.6666666666666666
73234	91	0	5	0.22	53.0	265.0	0.3333333333333333
73235	135	0	5	0.33	124.6	623.0	0.3333333333333333
73236	143	0	5	0.35	89.0	445.0	0.0
73237	88	0	5	0.2125	86.0	430.0	0.0
73238	316	1	4	0.7875	191.2	956.0	1.0
73239	71	0	5	0.17	69.0	345.0	0.0
73240	292	0	5	0.7225	255.4	1277.0	0.6666666666666666
73241	77	0	5	0.185	34.2	171.0	0.3333333333333333
73242	365	0	5	0.905	201.0	1005.0	0.6666666666666666
73243	185	0	5	0.455	137.8	689.0	0.3333333333333333
73244	155	0	5	0.38	139.4	697.0	0.0
73245	136	0	5	0.3325	53.8	269.0	0.3333333333333333
73246	303	0	5	0.75	213.8	1069.0	0.3333333333333333
73247	72	0	5	0.1725	70.0	350.0	0.3333333333333333
73248	183	0	5	0.45	181.0	905.0	0.0
73249	272	0	5	0.6725	197.4	987.0	0.3333333333333333
73250	386	0	5	0.9575	243.4	1217.0	0.6666666666666666
73251	11	0	5	0.02	8.2	41.0	0.3333333333333333
73252	304	0	5	0.7525	130.4	652.0	0.6666666666666666
73253	192	0	5	0.4725	67.6	338.0	0.3333333333333333
73254	391	0	5	0.97	240.2	1201.0	0.6666666666666666
73255	336	0	5	0.8325	91.4	457.0	0.6666666666666666
73256	49	0	5	0.115	47.0	235.0	0.0
73257	100	0	5	0.2425	59.6	298.0	0.0
73258	365	1	4	0.91	203.8	1019.0	1.0
73259	262	0	5	0.6475	247.4	1237.0	0.0
73260	164	0	5	0.4025	131.0	655.0	0.0
73261	262	0	5	0.6475	169.2	846.0	0.3333333333333333
73262	92	0	5	0.2225	74.0	370.0	0.3333333333333333
73263	173	0	5	0.425	171.0	855.0	0.0
73264	2	0	5	0.0	0.0	0.0	0.0
73265	245	0	5	0.605	63.0	315.0	0.6666666666666666
73266	334	0	5	0.8275	173.0	865.0	0.6666666666666666
73267	297	0	5	0.735	163.6	818.0	0.6666666666666666
73268	108	1	4	0.2675	58.0	290.0	1.0
73269	262	0	5	0.6475	168.0	840.0	0.3333333333333333
73270	159	1	4	0.395	95.0	475.0	1.0
73271	382	0	5	0.9475	179.6	898.0	0.6666666666666666
73272	235	0	5	0.58	188.6	943.0	0.3333333333333333
73273	29	0	5	0.065	27.0	135.0	0.0
73274	165	0	5	0.405	39.8	199.0	0.3333333333333333
73275	97	0	5	0.235	75.4	377.0	0.3333333333333333
73276	275	0	5	0.68	97.6	488.0	0.3333333333333333
73277	147	0	5	0.36	35.4	177.0	0.3333333333333333
73278	41	0	5	0.095	39.0	195.0	0.0
73279	148	0	5	0.3625	87.2	436.0	0.3333333333333333
73280	149	0	5	0.365	134.2	671.0	0.0
73281	347	0	5	0.86	72.2	361.0	0.6666666666666666
73282	129	0	5	0.315	118.0	590.0	0.3333333333333333
73283	176	0	5	0.4325	165.0	825.0	0.3333333333333333
73284	55	0	5	0.13	46.6	233.0	0.3333333333333333
73285	149	0	5	0.365	120.0	600.0	0.0
73286	396	0	5	0.9825	188.6	943.0	0.6666666666666666
73287	270	0	5	0.6675	248.2	1241.0	0.6666666666666666
73288	314	0	5	0.7775	190.4	952.0	0.3333333333333333
73289	289	0	5	0.715	241.4	1207.0	0.6666666666666666
73290	178	0	5	0.4375	74.4	372.0	0.6666666666666666
73291	56	0	5	0.1325	54.0	270.0	0.0
73292	102	0	5	0.2475	92.8	464.0	0.0
73293	35	0	5	0.08	33.0	165.0	0.0
73294	245	0	5	0.605	206.8	1034.0	0.3333333333333333
73295	358	0	5	0.8875	263.8	1319.0	0.6666666666666666
73296	120	0	5	0.2925	93.4	467.0	0.3333333333333333
73297	135	0	5	0.33	118.0	590.0	0.0
73298	119	0	5	0.29	99.0	495.0	0.3333333333333333
73299	211	0	5	0.52	90.8	454.0	0.3333333333333333
73300	349	0	5	0.865	200.6	1003.0	0.6666666666666666
73301	305	1	4	0.76	219.0	1095.0	1.0
73302	77	0	5	0.185	61.0	305.0	0.0
73303	283	1	4	0.705	168.2	841.0	1.0
73304	128	0	5	0.3125	125.6	628.0	0.3333333333333333
73305	225	0	5	0.555	61.4	307.0	0.6666666666666666
73306	258	1	3	0.6425	172.6	863.0	1.0
73307	346	0	5	0.8575	186.0	930.0	0.6666666666666666
73308	220	0	5	0.5425	162.0	810.0	0.6666666666666666
73309	374	0	5	0.9275	295.8	1479.0	0.6666666666666666
73310	65	0	5	0.155	63.0	315.0	0.0
73311	34	0	5	0.0775	32.0	160.0	0.0
73312	364	0	5	0.9025	231.8	1159.0	0.6666666666666666
73313	350	0	5	0.8675	156.2	781.0	0.3333333333333333
73314	133	1	4	0.33	51.8	259.0	1.0
73315	196	0	5	0.4825	184.4	922.0	0.0
73316	364	0	5	0.9025	218.4	1092.0	0.3333333333333333
73317	318	0	5	0.7875	150.0	750.0	0.6666666666666666
73318	185	0	5	0.455	74.2	371.0	0.3333333333333333
73319	128	0	5	0.3125	126.0	630.0	0.0
73320	80	0	5	0.1925	31.4	157.0	0.0
73321	3	0	5	0.0025	0.2	1.0	0.3333333333333333
73322	399	0	5	0.99	295.0	1475.0	0.6666666666666666
73323	88	0	5	0.2125	72.8	364.0	0.3333333333333333
73324	366	0	5	0.9075	169.8	849.0	0.6666666666666666
73325	167	0	5	0.41	79.2	396.0	0.0
73326	229	0	5	0.565	146.2	731.0	0.6666666666666666
73327	305	0	5	0.755	119.2	596.0	0.6666666666666666
73328	388	1	4	0.9675	268.0	1340.0	1.0
73329	176	0	5	0.4325	106.4	532.0	0.6666666666666666
73330	388	1	4	0.9675	160.4	802.0	1.0
73331	174	0	5	0.4275	124.6	623.0	0.3333333333333333
73332	277	0	5	0.685	108.6	543.0	0.6666666666666666
73333	245	0	5	0.605	193.4	967.0	0.6666666666666666
73334	13	0	5	0.025	11.0	55.0	0.0
73335	93	0	5	0.225	61.0	305.0	0.3333333333333333
73336	361	0	5	0.895	150.4	752.0	0.3333333333333333
73337	26	0	5	0.0575	24.0	120.0	0.0
73338	357	1	4	0.89	150.4	752.0	1.0
73339	202	0	5	0.4975	52.4	262.0	0.6666666666666666
73340	346	1	4	0.8625	196.2	981.0	1.0
73341	154	0	5	0.3775	32.8	164.0	0.3333333333333333
73342	181	0	5	0.445	175.4	877.0	0.0
73343	152	0	5	0.3725	98.8	494.0	0.6666666666666666
73344	193	1	4	0.48	88.6	443.0	1.0
73345	64	0	5	0.1525	57.4	287.0	0.0
73346	363	0	5	0.9	209.8	1049.0	0.3333333333333333
73347	384	1	4	0.9575	257.2	1286.0	1.0
73348	44	0	5	0.1025	34.8	174.0	0.0
73349	204	1	4	0.5075	104.8	524.0	1.0
73350	175	0	5	0.43	157.2	786.0	0.3333333333333333
73351	2	0	5	0.0	0.0	0.0	0.0
73352	128	0	5	0.3125	75.6	378.0	0.3333333333333333
73353	362	0	5	0.8975	76.8	384.0	0.6666666666666666
73354	308	0	5	0.7625	152.4	762.0	0.6666666666666666
73355	105	0	5	0.255	35.8	179.0	0.0
73356	372	1	4	0.9275	96.4	482.0	1.0
73357	275	0	5	0.68	182.2	911.0	0.3333333333333333
73358	362	0	5	0.8975	230.0	1150.0	0.6666666666666666
73359	195	0	5	0.48	162.2	811.0	0.0
73360	202	0	5	0.4975	120.6	603.0	0.6666666666666666
73361	380	1	4	0.9475	206.4	1032.0	1.0
73362	70	0	5	0.1675	68.0	340.0	0.0
73363	297	1	4	0.74	149.0	745.0	1.0
73364	163	0	5	0.4	161.0	805.0	0.0
73365	29	0	5	0.065	27.0	135.0	0.0
73366	279	0	5	0.69	249.0	1245.0	0.3333333333333333
73367	297	0	5	0.735	205.6	1028.0	0.6666666666666666
73368	208	0	5	0.5125	191.6	958.0	0.6666666666666666
73369	99	0	5	0.24	97.0	485.0	0.0
73370	326	1	4	0.8125	160.4	802.0	1.0
73371	75	0	5	0.18	63.4	317.0	0.3333333333333333
73372	240	0	5	0.5925	86.0	430.0	0.3333333333333333
73373	33	0	5	0.075	31.0	155.0	0.0
73374	75	0	5	0.18	29.8	149.0	0.3333333333333333
73375	363	0	5	0.9	212.0	1060.0	0.6666666666666666
73376	128	0	5	0.3125	126.0	630.0	0.0
73377	190	0	5	0.4675	188.0	940.0	0.0
73378	81	0	5	0.195	46.6	233.0	0.0
73379	148	0	5	0.3625	131.6	658.0	0.3333333333333333
73380	239	0	5	0.59	175.0	875.0	0.6666666666666666
73381	227	0	5	0.56	189.0	945.0	0.0
73382	143	0	5	0.35	77.0	385.0	0.3333333333333333
73383	278	0	5	0.6875	238.8	1194.0	0.3333333333333333
73384	365	1	4	0.91	282.2	1411.0	1.0
73385	343	0	5	0.85	269.0	1345.0	0.6666666666666666
73386	225	0	5	0.555	67.2	336.0	0.6666666666666666
73387	64	0	5	0.1525	59.6	298.0	0.0
73388	219	0	5	0.54	92.2	461.0	0.3333333333333333
73389	135	0	5	0.33	68.2	341.0	0.3333333333333333
73390	165	0	5	0.405	56.8	284.0	0.3333333333333333
73391	277	0	5	0.685	183.8	919.0	0.6666666666666666
73392	324	0	5	0.8025	135.4	677.0	0.3333333333333333
73393	117	0	5	0.285	86.2	431.0	0.3333333333333333
73394	145	0	5	0.355	38.2	191.0	0.3333333333333333
73395	308	0	5	0.7625	170.2	851.0	0.3333333333333333
73396	193	0	5	0.475	113.0	565.0	0.6666666666666666
73397	121	0	5	0.295	61.2	306.0	0.6666666666666666
73398	324	1	4	0.8075	243.8	1219.0	1.0
73399	124	0	5	0.3025	100.0	500.0	0.0
73400	103	0	5	0.25	53.8	269.0	0.3333333333333333
73401	269	0	5	0.665	227.0	1135.0	0.3333333333333333
73402	314	0	5	0.7775	78.8	394.0	0.6666666666666666
73403	313	0	5	0.775	175.0	875.0	0.6666666666666666
73404	296	0	5	0.7325	146.0	730.0	0.6666666666666666
73405	139	0	5	0.34	78.6	393.0	0.3333333333333333
73406	306	0	5	0.7575	243.0	1215.0	0.6666666666666666
73407	195	0	5	0.48	181.0	905.0	0.3333333333333333
73408	387	0	5	0.96	211.0	1055.0	0.6666666666666666
73409	154	0	5	0.3775	122.0	610.0	0.0
73410	283	0	5	0.7	204.4	1022.0	0.3333333333333333
73411	236	0	5	0.5825	173.2	866.0	0.0
73412	83	0	5	0.2	81.0	405.0	0.0
73413	256	0	5	0.6325	204.8	1024.0	0.3333333333333333
73414	175	0	5	0.43	81.8	409.0	0.6666666666666666
73415	185	0	5	0.455	118.8	594.0	0.3333333333333333
73416	149	1	4	0.37	87.6	438.0	1.0
73417	6	0	5	0.0075	4.0	20.0	0.0
73418	118	0	5	0.2875	77.6	388.0	0.3333333333333333
73419	302	1	4	0.7525	130.2	651.0	1.0
73420	35	0	5	0.08	33.0	165.0	0.0
73421	387	0	5	0.96	198.0	990.0	0.6666666666666666
73422	51	0	5	0.12	29.6	148.0	0.3333333333333333
73423	228	0	5	0.5625	191.4	957.0	0.0
73424	346	1	4	0.8625	260.6	1303.0	1.0
73425	220	0	5	0.5425	101.2	506.0	0.3333333333333333
73426	305	0	5	0.755	239.2	1196.0	0.6666666666666666
73427	240	0	5	0.5925	198.0	990.0	0.6666666666666666
73428	116	0	5	0.2825	93.8	469.0	0.0
73429	283	0	5	0.7	224.6	1123.0	0.6666666666666666
73430	384	0	5	0.9525	235.2	1176.0	0.6666666666666666
73431	380	0	5	0.9425	335.0	1675.0	0.6666666666666666
73432	213	0	5	0.525	176.6	883.0	0.3333333333333333
73433	108	0	5	0.2625	26.8	134.0	0.6666666666666666
73434	179	0	5	0.44	85.0	425.0	0.6666666666666666
73435	308	0	5	0.7625	236.4	1182.0	0.3333333333333333
73436	194	0	5	0.4775	122.4	612.0	0.3333333333333333
73437	294	1	4	0.7325	208.4	1042.0	1.0
73438	215	0	5	0.53	110.6	553.0	0.3333333333333333
73439	104	0	5	0.2525	87.6	438.0	0.0
73440	120	0	5	0.2925	103.6	518.0	0.3333333333333333
73441	167	0	5	0.41	73.2	366.0	0.0
73442	230	0	5	0.5675	116.8	584.0	0.6666666666666666
73443	32	0	5	0.0725	30.0	150.0	0.0
73444	46	0	5	0.1075	33.6	168.0	0.3333333333333333
73445	265	0	5	0.655	203.2	1016.0	0.3333333333333333
73446	119	0	5	0.29	114.2	571.0	0.0
73447	229	0	5	0.565	131.4	657.0	0.3333333333333333
73448	310	0	5	0.7675	294.0	1470.0	0.0
73449	186	0	5	0.4575	122.2	611.0	0.6666666666666666
73450	388	1	4	0.9675	195.0	975.0	1.0
73451	273	0	5	0.675	191.4	957.0	0.3333333333333333
73452	124	0	5	0.3025	122.0	610.0	0.0
73453	325	0	5	0.805	181.2	906.0	0.6666666666666666
73454	344	1	4	0.8575	173.0	865.0	1.0
73455	221	0	5	0.545	178.4	892.0	0.6666666666666666
73456	328	0	5	0.8125	249.0	1245.0	0.3333333333333333
73457	226	0	5	0.5575	150.2	751.0	0.6666666666666666
73458	35	0	5	0.08	33.0	165.0	0.0
73459	338	1	4	0.8425	139.0	695.0	1.0
73460	295	0	5	0.73	139.4	697.0	0.6666666666666666
73461	310	0	5	0.7675	245.8	1229.0	0.6666666666666666
73462	269	0	5	0.665	222.8	1114.0	0.6666666666666666
73463	100	0	5	0.2425	76.4	382.0	0.3333333333333333
73464	86	0	5	0.2075	68.0	340.0	0.3333333333333333
73465	97	0	5	0.235	88.8	444.0	0.0
73466	224	0	5	0.5525	158.6	793.0	0.6666666666666666
73467	145	0	5	0.355	104.4	522.0	0.6666666666666666
73468	126	0	5	0.3075	116.8	584.0	0.0
73469	184	1	4	0.4575	71.2	356.0	1.0
73470	302	0	5	0.7475	76.0	380.0	0.3333333333333333
73471	189	0	5	0.465	89.0	445.0	0.6666666666666666
73472	329	0	5	0.815	191.6	958.0	0.6666666666666666
73473	5	0	5	0.005	3.0	15.0	0.0
73474	304	0	5	0.7525	218.8	1094.0	0.6666666666666666
73475	210	0	5	0.5175	122.8	614.0	0.6666666666666666
73476	189	0	5	0.465	77.4	387.0	0.3333333333333333
73477	236	0	5	0.5825	124.0	620.0	0.3333333333333333
73478	169	0	5	0.415	130.6	653.0	0.0
73479	49	0	5	0.115	47.0	235.0	0.0
73480	197	0	5	0.485	115.0	575.0	0.3333333333333333
73481	343	0	5	0.85	112.0	560.0	0.6666666666666666
73482	62	0	5	0.1475	52.0	260.0	0.3333333333333333
73483	291	0	5	0.72	65.8	329.0	0.6666666666666666
73484	205	0	5	0.505	198.6	993.0	0.3333333333333333
73485	100	0	5	0.2425	60.0	300.0	0.6666666666666666
73486	115	0	5	0.28	81.8	409.0	0.0
73487	23	0	5	0.05	16.0	80.0	0.3333333333333333
73488	131	0	5	0.32	116.0	580.0	0.0
73489	399	0	5	0.99	153.0	765.0	0.6666666666666666
73490	190	0	5	0.4675	140.6	703.0	0.3333333333333333
73491	68	0	5	0.1625	39.6	198.0	0.0
73492	125	0	5	0.305	73.0	365.0	0.3333333333333333
73493	86	0	5	0.2075	84.0	420.0	0.0
73494	326	0	5	0.8075	80.4	402.0	0.6666666666666666
73495	117	1	4	0.29	32.2	161.0	1.0
73496	278	0	5	0.6875	210.6	1053.0	0.6666666666666666
73497	89	0	5	0.215	26.2	131.0	0.3333333333333333
73498	123	0	5	0.3	109.6	548.0	0.0
73499	147	0	5	0.36	100.0	500.0	0.0
73500	71	0	5	0.17	69.0	345.0	0.0
73501	394	0	5	0.9775	289.4	1447.0	0.6666666666666666
73502	257	0	5	0.635	176.2	881.0	0.3333333333333333
73503	306	1	4	0.7625	75.6	378.0	1.0
73504	212	0	5	0.5225	127.6	638.0	0.0
73505	230	0	5	0.5675	228.0	1140.0	0.0
73506	304	0	5	0.7525	140.0	700.0	0.6666666666666666
73507	28	0	5	0.0625	15.8	79.0	0.3333333333333333
73508	124	0	5	0.3025	37.2	186.0	0.3333333333333333
73509	290	0	5	0.7175	99.6	498.0	0.6666666666666666
73510	227	0	5	0.56	123.6	618.0	0.3333333333333333
73511	291	1	4	0.725	213.2	1066.0	1.0
73512	339	0	5	0.84	305.8	1529.0	0.0
73513	288	0	5	0.7125	211.0	1055.0	0.6666666666666666
73514	267	0	5	0.66	230.4	1152.0	0.3333333333333333
73515	60	0	5	0.1425	30.0	150.0	0.3333333333333333
73516	343	0	5	0.85	81.6	408.0	0.6666666666666666
73517	86	0	5	0.2075	84.0	420.0	0.0
73518	271	1	4	0.675	214.2	1071.0	1.0
73519	368	0	5	0.9125	270.6	1353.0	0.6666666666666666
73520	287	1	4	0.715	174.2	871.0	1.0
73521	326	0	5	0.8075	189.6	948.0	0.6666666666666666
73522	311	0	5	0.77	214.8	1074.0	0.3333333333333333
73523	378	0	5	0.9375	170.2	851.0	0.3333333333333333
73524	352	0	5	0.8725	118.8	594.0	0.6666666666666666
73525	376	0	5	0.9325	151.8	759.0	0.3333333333333333
73526	32	0	5	0.0725	21.6	108.0	0.3333333333333333
73527	261	0	5	0.645	127.2	636.0	0.6666666666666666
73528	107	0	5	0.26	104.0	520.0	0.3333333333333333
73529	372	0	5	0.9225	161.8	809.0	0.6666666666666666
73530	109	0	5	0.265	77.4	387.0	0.3333333333333333
73531	13	0	5	0.025	5.4	27.0	0.3333333333333333
73532	263	0	5	0.65	169.8	849.0	0.3333333333333333
73533	75	0	5	0.18	69.6	348.0	0.3333333333333333
73534	166	0	5	0.4075	151.8	759.0	0.3333333333333333
73535	268	0	5	0.6625	151.4	757.0	0.0
73536	76	0	5	0.1825	61.6	308.0	0.3333333333333333
73537	62	0	5	0.1475	60.0	300.0	0.0
73538	183	0	5	0.45	132.2	661.0	0.6666666666666666
73539	115	0	5	0.28	36.4	182.0	0.3333333333333333
73540	291	0	5	0.72	145.4	727.0	0.3333333333333333
73541	116	0	5	0.2825	110.0	550.0	0.0
73542	332	0	5	0.8225	188.6	943.0	0.3333333333333333
73543	175	0	5	0.43	110.0	550.0	0.3333333333333333
73544	80	0	5	0.1925	78.0	390.0	0.0
73545	134	0	5	0.3275	128.2	641.0	0.3333333333333333
73546	226	0	5	0.5575	224.0	1120.0	0.0
73547	101	0	5	0.245	74.0	370.0	0.0
73548	335	1	4	0.835	111.0	555.0	1.0
73549	124	0	5	0.3025	122.0	610.0	0.0
73550	272	0	5	0.6725	124.8	624.0	0.3333333333333333
73551	354	1	4	0.8825	166.0	830.0	1.0
73552	57	0	5	0.135	47.4	237.0	0.0
73553	90	0	5	0.2175	87.2	436.0	0.0
73554	53	0	5	0.125	51.0	255.0	0.0
73555	42	0	5	0.0975	40.0	200.0	0.0
73556	55	0	5	0.13	53.0	265.0	0.0
73557	221	0	5	0.545	180.2	901.0	0.0
73558	150	1	4	0.3725	134.0	670.0	1.0
73559	139	0	5	0.34	74.6	373.0	0.6666666666666666
73560	400	0	5	0.9925	102.8	514.0	0.6666666666666666
73561	269	0	5	0.665	212.6	1063.0	0.3333333333333333
73562	151	0	5	0.37	149.0	745.0	0.0
73563	349	0	5	0.865	215.0	1075.0	0.6666666666666666
73564	169	0	5	0.415	140.4	702.0	0.3333333333333333
73565	118	0	5	0.2875	116.0	580.0	0.0
73566	287	0	5	0.71	117.0	585.0	0.6666666666666666
73567	36	0	5	0.0825	34.0	170.0	0.0
73568	273	0	5	0.675	200.4	1002.0	0.6666666666666666
73569	121	0	5	0.295	77.4	387.0	0.3333333333333333
73570	195	0	5	0.48	139.0	695.0	0.3333333333333333
73571	92	0	5	0.2225	73.4	367.0	0.3333333333333333
73572	60	0	5	0.1425	49.2	246.0	0.0
73573	195	0	5	0.48	98.2	491.0	0.0
73574	360	0	5	0.8925	276.8	1384.0	0.6666666666666666
73575	201	0	5	0.495	197.4	987.0	0.3333333333333333
73576	179	0	5	0.44	136.2	681.0	0.6666666666666666
73577	78	0	5	0.1875	68.8	344.0	0.3333333333333333
73578	319	0	5	0.79	138.4	692.0	0.0
73579	202	0	5	0.4975	135.8	679.0	0.3333333333333333
73580	365	1	4	0.91	146.8	734.0	1.0
73581	313	0	5	0.775	152.0	760.0	0.3333333333333333
73582	293	0	5	0.725	194.6	973.0	0.3333333333333333
73583	388	0	5	0.9625	145.2	726.0	0.6666666666666666
73584	200	0	5	0.4925	120.0	600.0	0.3333333333333333
73585	139	0	5	0.34	129.8	649.0	0.0
73586	290	0	5	0.7175	123.0	615.0	0.3333333333333333
73587	193	0	5	0.475	163.0	815.0	0.0
73588	158	0	5	0.3875	143.6	718.0	0.0
73589	387	1	4	0.965	151.4	757.0	1.0
73590	44	0	5	0.1025	40.4	202.0	0.0
73591	146	0	5	0.3575	136.8	684.0	0.3333333333333333
73592	244	0	5	0.6025	108.4	542.0	0.6666666666666666
73593	219	0	5	0.54	217.0	1085.0	0.0
73594	34	0	5	0.0775	32.0	160.0	0.0
73595	311	0	5	0.77	140.0	700.0	0.6666666666666666
73596	241	0	5	0.595	144.4	722.0	0.6666666666666666
73597	231	0	5	0.57	173.8	869.0	0.0
73598	387	0	5	0.96	293.4	1467.0	0.6666666666666666
73599	310	0	5	0.7675	238.0	1190.0	0.6666666666666666
73600	247	0	5	0.61	132.8	664.0	0.6666666666666666
73601	352	0	5	0.8725	184.4	922.0	0.6666666666666666
73602	175	0	5	0.43	77.6	388.0	0.3333333333333333
73603	241	0	5	0.595	106.6	533.0	0.6666666666666666
73604	85	0	5	0.205	83.0	415.0	0.0
73605	143	0	5	0.35	99.0	495.0	0.6666666666666666
73606	72	0	5	0.1725	48.4	242.0	0.6666666666666666
73607	203	0	5	0.5	51.4	257.0	0.3333333333333333
73608	96	0	5	0.2325	94.0	470.0	0.0
73609	128	0	5	0.3125	82.8	414.0	0.3333333333333333
73610	181	0	5	0.445	134.0	670.0	0.3333333333333333
73611	146	0	5	0.3575	83.4	417.0	0.3333333333333333
73612	334	0	5	0.8275	145.4	727.0	0.3333333333333333
73613	390	0	5	0.9675	304.4	1522.0	0.6666666666666666
73614	287	0	5	0.71	167.2	836.0	0.6666666666666666
73615	65	0	5	0.155	59.4	297.0	0.3333333333333333
73616	73	0	5	0.175	45.4	227.0	0.3333333333333333
73617	292	0	5	0.7225	82.8	414.0	0.6666666666666666
73618	87	0	5	0.21	85.0	425.0	0.0
73619	134	0	5	0.3275	132.0	660.0	0.0
73620	109	0	5	0.265	107.0	535.0	0.0
73621	383	0	5	0.95	166.6	833.0	0.6666666666666666
73622	233	0	5	0.575	186.6	933.0	0.6666666666666666
73623	189	1	4	0.47	121.2	606.0	1.0
73624	302	0	5	0.7475	164.8	824.0	0.6666666666666666
73625	141	0	5	0.345	137.0	685.0	0.3333333333333333
73626	289	0	5	0.715	64.6	323.0	0.3333333333333333
73627	83	0	5	0.2	45.2	226.0	0.0
73628	31	0	5	0.07	29.0	145.0	0.0
73629	253	0	5	0.625	149.2	746.0	0.6666666666666666
73630	247	0	5	0.61	175.6	878.0	0.6666666666666666
73631	111	0	5	0.27	56.2	281.0	0.3333333333333333
73632	208	0	5	0.5125	206.0	1030.0	0.0
73633	339	0	5	0.84	98.0	490.0	0.3333333333333333
73634	90	0	5	0.2175	32.0	160.0	0.3333333333333333
73635	378	0	5	0.9375	268.2	1341.0	0.6666666666666666
73636	49	0	5	0.115	42.2	211.0	0.3333333333333333
73637	251	0	5	0.62	230.6	1153.0	0.0
73638	121	0	5	0.295	89.2	446.0	0.3333333333333333
73639	140	0	5	0.3425	70.8	354.0	0.6666666666666666
73640	195	0	5	0.48	104.2	521.0	0.0
73641	200	0	5	0.4925	163.4	817.0	0.6666666666666666
73642	83	0	5	0.2	46.6	233.0	0.6666666666666666
73643	94	0	5	0.2275	42.8	214.0	0.3333333333333333
73644	47	0	5	0.11	45.0	225.0	0.0
73645	251	0	5	0.62	151.4	757.0	0.6666666666666666
73646	122	0	5	0.2975	120.0	600.0	0.3333333333333333
73647	334	0	5	0.8275	211.6	1058.0	0.6666666666666666
73648	163	0	5	0.4	72.2	361.0	0.3333333333333333
73649	330	0	5	0.8175	185.4	927.0	0.6666666666666666
73650	324	0	5	0.8025	191.2	956.0	0.6666666666666666
73651	382	0	5	0.9475	200.4	1002.0	0.6666666666666666
73652	119	0	5	0.29	117.0	585.0	0.0
73653	204	1	4	0.5075	95.2	476.0	1.0
73654	11	0	5	0.02	9.0	45.0	0.0
73655	310	0	5	0.7675	144.2	721.0	0.3333333333333333
73656	271	0	5	0.67	81.8	409.0	0.6666666666666666
73657	114	0	5	0.2775	57.6	288.0	0.0
73658	203	0	5	0.5	150.2	751.0	0.6666666666666666
73659	275	0	5	0.68	165.0	825.0	0.3333333333333333
73660	331	1	4	0.825	185.2	926.0	1.0
73661	208	0	5	0.5125	151.6	758.0	0.0
73662	195	0	5	0.48	161.4	807.0	0.6666666666666666
73663	103	0	5	0.25	101.0	505.0	0.0
73664	355	0	5	0.88	218.0	1090.0	0.6666666666666666
73665	330	0	5	0.8175	139.6	698.0	0.0
73666	189	0	5	0.465	150.4	752.0	0.0
73667	125	0	5	0.305	64.2	321.0	0.6666666666666666
73668	143	0	5	0.35	140.2	701.0	0.3333333333333333
73669	336	0	5	0.8325	200.2	1001.0	0.6666666666666666
73670	317	0	5	0.785	102.0	510.0	0.3333333333333333
73671	308	0	5	0.7625	153.2	766.0	0.3333333333333333
73672	231	0	5	0.57	133.6	668.0	0.6666666666666666
73673	355	0	5	0.88	139.4	697.0	0.6666666666666666
73674	250	0	5	0.6175	224.8	1124.0	0.6666666666666666
73675	319	0	5	0.79	158.2	791.0	0.6666666666666666
73676	158	0	5	0.3875	53.6	268.0	0.3333333333333333
73677	375	0	5	0.93	192.0	960.0	0.3333333333333333
73678	178	0	5	0.4375	141.6	708.0	0.3333333333333333
73679	296	1	3	0.7375	226.4	1132.0	1.0
73680	355	0	5	0.88	145.2	726.0	0.6666666666666666
73681	333	0	5	0.825	159.0	795.0	0.6666666666666666
73682	83	0	5	0.2	68.6	343.0	0.3333333333333333
73683	216	0	5	0.5325	157.4	787.0	0.3333333333333333
73684	51	0	5	0.12	49.0	245.0	0.0
73685	206	0	5	0.5075	184.2	921.0	0.0
73686	237	0	5	0.585	191.2	956.0	0.6666666666666666
73687	318	0	5	0.7875	217.8	1089.0	0.6666666666666666
73688	300	0	5	0.7425	180.4	902.0	0.0
73689	217	1	4	0.54	194.8	974.0	1.0
73690	257	0	5	0.635	219.6	1098.0	0.0
73691	222	1	4	0.5525	147.0	735.0	1.0
73692	171	0	5	0.42	95.6	478.0	0.3333333333333333
73693	375	0	5	0.93	250.6	1253.0	0.3333333333333333
73694	64	0	5	0.1525	44.2	221.0	0.6666666666666666
73695	387	0	5	0.96	141.0	705.0	0.6666666666666666
73696	135	0	5	0.33	59.4	297.0	0.3333333333333333
73697	9	0	5	0.015	7.0	35.0	0.0
73698	190	0	5	0.4675	110.4	552.0	0.3333333333333333
73699	100	0	5	0.2425	95.6	478.0	0.3333333333333333
73700	63	0	5	0.15	61.0	305.0	0.3333333333333333
73701	78	0	5	0.1875	76.0	380.0	0.0
73702	291	1	4	0.725	211.0	1055.0	1.0
73703	186	0	5	0.4575	105.6	528.0	0.3333333333333333
73704	229	0	5	0.565	163.8	819.0	0.3333333333333333
73705	78	0	5	0.1875	67.0	335.0	0.0
73706	383	0	5	0.95	230.2	1151.0	0.6666666666666666
73707	162	0	5	0.3975	65.4	327.0	0.6666666666666666
73708	148	0	5	0.3625	131.2	656.0	0.6666666666666666
73709	285	0	5	0.705	233.2	1166.0	0.3333333333333333
73710	332	0	5	0.8225	229.2	1146.0	0.6666666666666666
73711	370	1	4	0.9225	223.0	1115.0	1.0
73712	236	0	5	0.5825	109.6	548.0	0.6666666666666666
73713	191	0	5	0.47	189.0	945.0	0.3333333333333333
73714	365	0	5	0.905	231.6	1158.0	0.6666666666666666
73715	16	0	5	0.0325	11.2	56.0	0.3333333333333333
73716	27	0	5	0.06	25.0	125.0	0.0
73717	136	0	5	0.3325	65.2	326.0	0.0
73718	351	1	4	0.875	308.4	1542.0	1.0
73719	386	0	5	0.9575	230.4	1152.0	0.6666666666666666
73720	203	0	5	0.5	201.0	1005.0	0.0
73721	187	0	5	0.46	46.6	233.0	0.3333333333333333
73722	240	0	5	0.5925	169.8	849.0	0.0
73723	222	0	5	0.5475	95.2	476.0	0.3333333333333333
73724	260	0	5	0.6425	212.2	1061.0	0.3333333333333333
73725	98	0	5	0.2375	36.0	180.0	0.6666666666666666
73726	292	0	5	0.7225	140.0	700.0	0.3333333333333333
73727	181	0	5	0.445	156.8	784.0	0.0
73728	95	0	5	0.23	72.6	363.0	0.0
73729	53	0	5	0.125	19.8	99.0	0.3333333333333333
73730	46	0	5	0.1075	25.6	128.0	0.3333333333333333
73731	161	1	4	0.4	83.4	417.0	1.0
73732	24	0	5	0.0525	22.0	110.0	0.0
73733	377	1	4	0.94	282.6	1413.0	1.0
73734	189	0	5	0.465	75.2	376.0	0.6666666666666666
73735	143	0	5	0.35	76.4	382.0	0.3333333333333333
73736	337	0	5	0.835	335.0	1675.0	0.3333333333333333
73737	351	0	5	0.87	186.6	933.0	0.3333333333333333
73738	134	1	4	0.3325	32.8	164.0	1.0
73739	249	0	5	0.615	87.2	436.0	0.3333333333333333
73740	244	0	5	0.6025	88.0	440.0	0.6666666666666666
73741	13	0	5	0.025	11.0	55.0	0.0
73742	208	0	5	0.5125	204.6	1023.0	0.0
73743	84	0	5	0.2025	79.2	396.0	0.3333333333333333
73744	307	0	5	0.76	211.0	1055.0	0.6666666666666666
73745	256	0	5	0.6325	105.2	526.0	0.6666666666666666
73746	24	0	5	0.0525	18.2	91.0	0.3333333333333333
73747	202	0	5	0.4975	194.8	974.0	0.0
73748	125	0	5	0.305	91.2	456.0	0.3333333333333333
73749	200	0	5	0.4925	134.4	672.0	0.3333333333333333
73750	396	0	5	0.9825	177.2	886.0	0.6666666666666666
73751	38	0	5	0.0875	24.6	123.0	0.3333333333333333
73752	396	0	5	0.9825	113.4	567.0	0.6666666666666666
73753	320	0	5	0.7925	234.0	1170.0	0.3333333333333333
73754	255	0	5	0.63	135.8	679.0	0.6666666666666666
73755	313	1	3	0.78	280.4	1402.0	1.0
73756	253	0	5	0.625	170.0	850.0	0.6666666666666666
73757	109	0	5	0.265	67.2	336.0	0.3333333333333333
73758	138	0	5	0.3375	136.0	680.0	0.0
73759	229	0	5	0.565	144.2	721.0	0.3333333333333333
73760	62	0	5	0.1475	60.0	300.0	0.0
73761	202	0	5	0.4975	135.8	679.0	0.3333333333333333
73762	146	0	5	0.3575	126.4	632.0	0.0
73763	189	1	4	0.47	63.4	317.0	1.0
73764	53	0	5	0.125	31.8	159.0	0.0
73765	153	0	5	0.375	151.0	755.0	0.0
73766	54	0	5	0.1275	36.4	182.0	0.0
73767	348	1	4	0.8675	203.6	1018.0	1.0
73768	328	0	5	0.8125	181.6	908.0	0.6666666666666666
73769	49	0	5	0.115	29.0	145.0	0.0
73770	240	0	5	0.5925	92.2	461.0	0.3333333333333333
73771	49	0	5	0.115	47.0	235.0	0.0
73772	207	0	5	0.51	205.0	1025.0	0.0
73773	197	0	5	0.485	192.0	960.0	0.3333333333333333
73774	149	0	5	0.365	98.6	493.0	0.6666666666666666
73775	234	0	5	0.5775	152.8	764.0	0.6666666666666666
73776	68	0	5	0.1625	32.4	162.0	0.0
73777	148	1	4	0.3675	83.4	417.0	1.0
73778	260	0	5	0.6425	214.2	1071.0	0.3333333333333333
73779	255	0	5	0.63	139.0	695.0	0.3333333333333333
73780	256	0	5	0.6325	106.6	533.0	0.6666666666666666
73781	236	0	5	0.5825	196.4	982.0	0.0
73782	69	0	5	0.165	30.4	152.0	0.0
73783	190	0	5	0.4675	95.4	477.0	0.0
73784	28	0	5	0.0625	26.0	130.0	0.0
73785	335	0	5	0.83	98.2	491.0	0.6666666666666666
73786	130	0	5	0.3175	105.2	526.0	0.3333333333333333
73787	248	0	5	0.6125	189.0	945.0	0.6666666666666666
73788	201	0	5	0.495	80.6	403.0	0.3333333333333333
73789	341	0	5	0.845	131.8	659.0	0.6666666666666666
73790	339	0	5	0.84	238.2	1191.0	0.3333333333333333
73791	105	0	5	0.255	69.4	347.0	0.0
73792	393	0	5	0.975	145.6	728.0	0.6666666666666666
73793	304	0	5	0.7525	208.0	1040.0	0.3333333333333333
73794	245	1	4	0.61	155.4	777.0	1.0
73795	269	0	5	0.665	216.2	1081.0	0.0
73796	29	0	5	0.065	27.0	135.0	0.0
73797	292	0	5	0.7225	113.0	565.0	0.3333333333333333
73798	381	1	4	0.95	202.0	1010.0	1.0
73799	229	0	5	0.565	120.4	602.0	0.6666666666666666
73800	317	0	5	0.785	171.8	859.0	0.6666666666666666
73801	351	0	5	0.87	272.2	1361.0	0.6666666666666666
73802	280	0	5	0.6925	172.0	860.0	0.6666666666666666
73803	180	0	5	0.4425	163.2	816.0	0.0
73804	159	0	5	0.39	110.2	551.0	0.3333333333333333
73805	87	0	5	0.21	69.4	347.0	0.3333333333333333
73806	74	0	5	0.1775	69.0	345.0	0.3333333333333333
73807	277	0	5	0.685	233.4	1167.0	0.3333333333333333
73808	175	0	5	0.43	122.4	612.0	0.3333333333333333
73809	231	0	5	0.57	169.0	845.0	0.3333333333333333
73810	235	0	5	0.58	114.6	573.0	0.3333333333333333
73811	336	0	5	0.8325	113.6	568.0	0.6666666666666666
73812	113	0	5	0.275	100.6	503.0	0.3333333333333333
73813	274	0	5	0.6775	120.2	601.0	0.3333333333333333
73814	64	0	5	0.1525	21.2	106.0	0.3333333333333333
73815	326	0	5	0.8075	224.4	1122.0	0.6666666666666666
73816	252	0	5	0.6225	129.6	648.0	0.3333333333333333
73817	17	0	5	0.035	15.0	75.0	0.0
73818	225	1	3	0.56	194.0	970.0	1.0
73819	21	0	5	0.045	19.0	95.0	0.0
73820	222	0	5	0.5475	48.8	244.0	0.3333333333333333
73821	349	0	5	0.865	204.2	1021.0	0.3333333333333333
73822	206	0	5	0.5075	204.0	1020.0	0.6666666666666666
73823	328	0	5	0.8125	214.2	1071.0	0.6666666666666666
73824	246	0	5	0.6075	202.0	1010.0	0.6666666666666666
73825	299	0	5	0.74	154.2	771.0	0.3333333333333333
73826	79	0	5	0.19	77.0	385.0	0.0
73827	299	0	5	0.74	154.2	771.0	0.3333333333333333
73828	310	0	5	0.7675	163.0	815.0	0.0
73829	282	0	5	0.6975	172.6	863.0	0.3333333333333333
73830	87	0	5	0.21	78.6	393.0	0.0
73831	159	0	5	0.39	146.2	731.0	0.0
73832	211	0	5	0.52	114.6	573.0	0.3333333333333333
73833	80	1	4	0.1975	24.8	124.0	1.0
73834	374	0	5	0.9275	136.0	680.0	0.6666666666666666
73835	263	0	5	0.65	180.0	900.0	0.3333333333333333
73836	268	1	4	0.6675	148.2	741.0	1.0
73837	313	0	5	0.775	192.8	964.0	0.6666666666666666
73838	358	0	5	0.8875	259.2	1296.0	0.3333333333333333
73839	95	0	5	0.23	63.6	318.0	0.3333333333333333
73840	381	0	5	0.945	158.8	794.0	0.3333333333333333
73841	108	0	5	0.2625	68.8	344.0	0.3333333333333333
73842	381	0	5	0.945	197.2	986.0	0.6666666666666666
73843	147	0	5	0.36	134.2	671.0	0.0
73844	367	0	5	0.91	150.2	751.0	0.6666666666666666
73845	245	0	5	0.605	128.2	641.0	0.3333333333333333
73846	398	0	5	0.9875	193.0	965.0	0.6666666666666666
73847	294	1	4	0.7325	187.4	937.0	1.0
73848	123	0	5	0.3	65.4	327.0	0.3333333333333333
73849	295	1	4	0.735	220.8	1104.0	1.0
73850	216	0	5	0.5325	190.0	950.0	0.3333333333333333
73851	194	0	5	0.4775	190.0	950.0	0.0
73852	13	0	5	0.025	11.0	55.0	0.0
73853	329	0	5	0.815	259.0	1295.0	0.0
73854	190	0	5	0.4675	120.0	600.0	0.3333333333333333
73855	162	0	5	0.3975	139.4	697.0	0.0
73856	306	0	5	0.7575	214.4	1072.0	0.6666666666666666
73857	298	1	3	0.7425	181.0	905.0	1.0
73858	146	0	5	0.3575	78.4	392.0	0.3333333333333333
73859	121	0	5	0.295	99.2	496.0	0.3333333333333333
73860	342	0	5	0.8475	223.2	1116.0	0.6666666666666666
73861	104	0	5	0.2525	79.2	396.0	0.0
73862	77	0	5	0.185	43.8	219.0	0.3333333333333333
73863	265	1	4	0.66	100.4	502.0	1.0
73864	19	0	5	0.04	17.0	85.0	0.0
73865	160	0	5	0.3925	158.0	790.0	0.0
73866	173	0	5	0.425	144.0	720.0	0.3333333333333333
73867	139	0	5	0.34	86.6	433.0	0.3333333333333333
73868	59	0	5	0.14	57.0	285.0	0.0
73869	246	0	5	0.6075	139.2	696.0	0.3333333333333333
73870	303	0	5	0.75	159.8	799.0	0.6666666666666666
73871	217	0	5	0.535	110.8	554.0	0.6666666666666666
73872	119	0	5	0.29	43.8	219.0	0.3333333333333333
73873	260	0	5	0.6425	165.0	825.0	0.6666666666666666
73874	162	0	5	0.3975	96.8	484.0	0.0
73875	270	0	5	0.6675	185.6	928.0	0.3333333333333333
73876	308	1	3	0.7675	158.0	790.0	1.0
73877	334	1	4	0.8325	203.8	1019.0	1.0
73878	285	0	5	0.705	109.6	548.0	0.6666666666666666
73879	110	0	5	0.2675	83.8	419.0	0.0
73880	36	0	5	0.0825	17.2	86.0	0.3333333333333333
73881	255	0	5	0.63	149.8	749.0	0.6666666666666666
73882	175	0	5	0.43	127.0	635.0	0.6666666666666666
73883	388	0	5	0.9625	243.8	1219.0	0.6666666666666666
73884	223	0	5	0.55	125.0	625.0	0.3333333333333333
73885	336	0	5	0.8325	189.0	945.0	0.3333333333333333
73886	256	0	5	0.6325	209.2	1046.0	0.3333333333333333
73887	401	0	5	0.995	134.8	674.0	0.6666666666666666
73888	70	0	5	0.1675	68.0	340.0	0.0
73889	231	0	5	0.57	228.2	1141.0	0.0
73890	224	0	5	0.5525	115.6	578.0	0.3333333333333333
73891	161	0	5	0.395	159.0	795.0	0.0
73892	135	0	5	0.33	51.2	256.0	0.3333333333333333
73893	124	0	5	0.3025	107.8	539.0	0.0
73894	110	0	5	0.2675	95.6	478.0	0.0
73895	216	0	5	0.5325	90.4	452.0	0.6666666666666666
73896	312	0	5	0.7725	152.2	761.0	0.3333333333333333
73897	288	0	5	0.7125	240.0	1200.0	0.3333333333333333
73898	189	0	5	0.465	183.8	919.0	0.3333333333333333
73899	296	0	5	0.7325	178.4	892.0	0.6666666666666666
73900	272	0	5	0.6725	134.4	672.0	0.3333333333333333
73901	128	0	5	0.3125	40.8	204.0	0.3333333333333333
73902	310	0	5	0.7675	111.8	559.0	0.6666666666666666
73903	49	0	5	0.115	47.0	235.0	0.0
73904	391	0	5	0.97	279.6	1398.0	0.6666666666666666
73905	50	0	5	0.1175	48.0	240.0	0.0
73906	333	0	5	0.825	162.6	813.0	0.6666666666666666
73907	38	0	5	0.0875	36.0	180.0	0.0
73908	191	0	5	0.47	129.2	646.0	0.3333333333333333
73909	94	0	5	0.2275	92.0	460.0	0.0
73910	268	0	5	0.6625	162.2	811.0	0.0
73911	116	0	5	0.2825	88.6	443.0	0.3333333333333333
73912	225	0	5	0.555	152.8	764.0	0.3333333333333333
73913	33	0	5	0.075	22.6	113.0	0.3333333333333333
73914	28	0	5	0.0625	26.0	130.0	0.0
73915	5	0	5	0.005	3.0	15.0	0.0
73916	316	0	5	0.7825	169.4	847.0	0.6666666666666666
73917	244	0	5	0.6025	144.4	722.0	0.3333333333333333
73918	166	0	5	0.4075	152.4	762.0	0.0
73919	123	0	5	0.3	51.4	257.0	0.3333333333333333
73920	306	1	4	0.7625	164.0	820.0	1.0
73921	57	0	5	0.135	55.0	275.0	0.0
73922	256	0	5	0.6325	82.8	414.0	0.3333333333333333
73923	252	0	5	0.6225	155.8	779.0	0.6666666666666666
73924	63	0	5	0.15	40.6	203.0	0.3333333333333333
73925	327	1	4	0.815	187.4	937.0	1.0
73926	364	0	5	0.9025	233.2	1166.0	0.6666666666666666
73927	205	0	5	0.505	47.0	235.0	0.6666666666666666
73928	391	1	4	0.975	211.8	1059.0	1.0
73929	399	0	5	0.99	208.0	1040.0	0.6666666666666666
73930	9	0	5	0.015	7.0	35.0	0.0
73931	214	0	5	0.5275	212.0	1060.0	0.0
73932	43	0	5	0.1	20.6	103.0	0.0
73933	338	0	5	0.8375	271.8	1359.0	0.3333333333333333
73934	118	0	5	0.2875	77.6	388.0	0.0
73935	130	0	5	0.3175	119.6	598.0	0.3333333333333333
73936	272	0	5	0.6725	198.0	990.0	0.3333333333333333
73937	220	0	5	0.5425	195.8	979.0	0.0
73938	273	0	5	0.675	189.8	949.0	0.6666666666666666
73939	246	0	5	0.6075	224.2	1121.0	0.3333333333333333
73940	120	0	5	0.2925	73.0	365.0	0.0
73941	246	0	5	0.6075	205.6	1028.0	0.0
73942	337	0	5	0.835	221.8	1109.0	0.3333333333333333
73943	98	0	5	0.2375	46.2	231.0	0.3333333333333333
73944	72	0	5	0.1725	70.0	350.0	0.0
73945	74	0	5	0.1775	72.0	360.0	0.0
73946	353	1	4	0.88	169.8	849.0	1.0
73947	154	0	5	0.3775	102.8	514.0	0.3333333333333333
73948	339	0	5	0.84	245.0	1225.0	0.6666666666666666
73949	303	0	5	0.75	196.6	983.0	0.0
73950	250	0	5	0.6175	187.4	937.0	0.6666666666666666
73951	226	0	5	0.5575	177.2	886.0	0.6666666666666666
73952	217	0	5	0.535	71.0	355.0	0.3333333333333333
73953	20	0	5	0.0425	18.0	90.0	0.0
73954	171	0	5	0.42	140.8	704.0	0.0
73955	17	0	5	0.035	15.0	75.0	0.0
73956	352	0	5	0.8725	156.0	780.0	0.6666666666666666
73957	281	0	5	0.695	175.8	879.0	0.3333333333333333
73958	162	0	5	0.3975	104.0	520.0	0.6666666666666666
73959	143	0	5	0.35	69.0	345.0	0.3333333333333333
73960	179	0	5	0.44	105.8	529.0	0.3333333333333333
73961	147	0	5	0.36	124.6	623.0	0.3333333333333333
73962	212	0	5	0.5225	210.0	1050.0	0.0
73963	197	0	5	0.485	195.0	975.0	0.0
73964	264	0	5	0.6525	218.8	1094.0	0.6666666666666666
73965	154	0	5	0.3775	79.6	398.0	0.3333333333333333
73966	78	0	5	0.1875	76.0	380.0	0.0
73967	388	0	5	0.9625	179.8	899.0	0.6666666666666666
73968	355	0	5	0.88	112.8	564.0	0.6666666666666666
73969	244	1	3	0.6075	170.2	851.0	1.0
73970	366	0	5	0.9075	242.6	1213.0	0.0
73971	123	0	5	0.3	121.0	605.0	0.0
73972	169	0	5	0.415	161.6	808.0	0.0
73973	116	0	5	0.2825	114.0	570.0	0.0
73974	286	0	5	0.7075	203.6	1018.0	0.0
73975	305	0	5	0.755	201.6	1008.0	0.3333333333333333
73976	333	0	5	0.825	294.2	1471.0	0.0
73977	2	0	5	0.0	0.0	0.0	0.0
73978	370	1	4	0.9225	277.6	1388.0	1.0
73979	280	1	4	0.6975	78.4	392.0	1.0
73980	249	0	5	0.615	200.0	1000.0	0.0
73981	345	0	5	0.855	300.6	1503.0	0.3333333333333333
73982	84	0	5	0.2025	70.6	353.0	0.3333333333333333
73983	30	0	5	0.0675	28.0	140.0	0.0
73984	398	1	4	0.9925	213.0	1065.0	1.0
73985	176	0	5	0.4325	67.6	338.0	0.3333333333333333
73986	97	0	5	0.235	69.4	347.0	0.3333333333333333
73987	175	0	5	0.43	131.8	659.0	0.3333333333333333
73988	281	0	5	0.695	268.0	1340.0	0.3333333333333333
73989	319	0	5	0.79	233.0	1165.0	0.6666666666666666
73990	221	0	5	0.545	188.4	942.0	0.6666666666666666
73991	173	0	5	0.425	44.6	223.0	0.0
73992	42	0	5	0.0975	40.0	200.0	0.0
73993	183	0	5	0.45	170.0	850.0	0.0
73994	193	0	5	0.475	156.2	781.0	0.6666666666666666
73995	261	0	5	0.645	244.6	1223.0	0.3333333333333333
73996	131	0	5	0.32	104.6	523.0	0.0
73997	181	0	5	0.445	115.4	577.0	0.3333333333333333
73998	356	0	5	0.8825	252.4	1262.0	0.3333333333333333
73999	162	0	5	0.3975	85.6	428.0	0.3333333333333333
74000	185	0	5	0.455	183.0	915.0	0.0
74001	181	0	5	0.445	42.2	211.0	0.6666666666666666
74002	74	0	5	0.1775	67.8	339.0	0.0
74003	167	0	5	0.41	165.0	825.0	0.0
74004	185	0	5	0.455	151.6	758.0	0.3333333333333333
74005	344	0	5	0.8525	260.4	1302.0	0.6666666666666666
74006	15	0	5	0.03	13.0	65.0	0.0
74007	185	0	5	0.455	128.2	641.0	0.3333333333333333
74008	336	1	4	0.8375	226.0	1130.0	1.0
74009	389	0	5	0.965	282.4	1412.0	0.6666666666666666
74010	84	0	5	0.2025	71.2	356.0	0.0
74011	100	0	5	0.2425	38.8	194.0	0.3333333333333333
74012	316	0	5	0.7825	260.4	1302.0	0.6666666666666666
74013	271	0	5	0.67	194.0	970.0	0.3333333333333333
74014	168	0	5	0.4125	108.8	544.0	0.0
74015	239	0	5	0.59	63.4	317.0	0.6666666666666666
74016	51	0	5	0.12	49.0	245.0	0.0
74017	177	0	5	0.435	124.4	622.0	0.6666666666666666
74018	58	0	5	0.1375	56.0	280.0	0.0
74019	333	0	5	0.825	174.4	872.0	0.3333333333333333
74020	112	0	5	0.2725	110.0	550.0	0.0
74021	230	1	4	0.5725	56.4	282.0	1.0
74022	179	0	5	0.44	166.0	830.0	0.0
74023	268	0	5	0.6625	105.6	528.0	0.3333333333333333
74024	76	0	5	0.1825	46.8	234.0	0.0
74025	327	0	5	0.81	220.2	1101.0	0.3333333333333333
74026	58	0	5	0.1375	41.2	206.0	0.0
74027	102	0	5	0.2475	64.0	320.0	0.3333333333333333
74028	238	0	5	0.5875	139.4	697.0	0.3333333333333333
74029	395	1	4	0.985	275.2	1376.0	1.0
74030	105	0	5	0.255	59.8	299.0	0.3333333333333333
74031	298	0	5	0.7375	224.2	1121.0	0.6666666666666666
74032	333	0	5	0.825	180.8	904.0	0.3333333333333333
74033	294	0	5	0.7275	131.4	657.0	0.6666666666666666
74034	319	0	5	0.79	175.4	877.0	0.0
74035	108	0	5	0.2625	106.0	530.0	0.0
74036	265	0	5	0.655	183.0	915.0	0.6666666666666666
74037	257	0	5	0.635	229.0	1145.0	0.0
74038	349	0	5	0.865	95.4	477.0	0.3333333333333333
74039	77	0	5	0.185	40.8	204.0	0.3333333333333333
74040	313	0	5	0.775	144.8	724.0	0.3333333333333333
74041	166	0	5	0.4075	135.8	679.0	0.3333333333333333
74042	355	0	5	0.88	231.0	1155.0	0.6666666666666666
74043	135	0	5	0.33	108.2	541.0	0.6666666666666666
74044	129	0	5	0.315	70.6	353.0	0.0
74045	110	0	5	0.2675	38.2	191.0	0.6666666666666666
74046	316	0	5	0.7825	158.0	790.0	0.6666666666666666
74047	58	0	5	0.1375	31.4	157.0	0.3333333333333333
74048	383	0	5	0.95	186.2	931.0	0.6666666666666666
74049	65	0	5	0.155	40.6	203.0	0.0
74050	280	0	5	0.6925	157.6	788.0	0.6666666666666666
74051	129	0	5	0.315	99.8	499.0	0.0
74052	36	0	5	0.0825	34.0	170.0	0.0
74053	117	0	5	0.285	49.6	248.0	0.0
74054	106	0	5	0.2575	64.0	320.0	0.3333333333333333
74055	308	1	3	0.7675	276.8	1384.0	1.0
74056	87	0	5	0.21	51.4	257.0	0.6666666666666666
74057	307	0	5	0.76	196.8	984.0	0.3333333333333333
74058	26	0	5	0.0575	24.0	120.0	0.0
74059	177	0	5	0.435	143.4	717.0	0.3333333333333333
74060	268	0	5	0.6625	172.2	861.0	0.6666666666666666
74061	114	1	4	0.2825	40.4	202.0	1.0
74062	86	0	5	0.2075	32.8	164.0	0.3333333333333333
74063	124	0	5	0.3025	122.0	610.0	0.3333333333333333
74064	258	0	5	0.6375	247.8	1239.0	0.0
74065	222	0	5	0.5475	220.0	1100.0	0.0
74066	264	0	5	0.6525	262.0	1310.0	0.0
74067	188	0	5	0.4625	159.0	795.0	0.0
74068	185	0	5	0.455	150.8	754.0	0.6666666666666666
74069	401	0	4	0.9975	211.2	1056.0	0.6666666666666666
74070	363	0	5	0.9	172.2	861.0	0.6666666666666666
74071	171	1	4	0.425	55.8	279.0	1.0
74072	223	0	5	0.55	138.8	694.0	0.3333333333333333
74073	244	0	5	0.6025	141.8	709.0	0.0
74074	230	0	5	0.5675	79.0	395.0	0.6666666666666666
74075	74	0	5	0.1775	72.0	360.0	0.0
74076	12	0	5	0.0225	4.4	22.0	0.3333333333333333
74077	14	0	5	0.0275	12.0	60.0	0.0
74078	213	0	5	0.525	146.2	731.0	0.3333333333333333
74079	400	0	5	0.9925	332.0	1660.0	0.6666666666666666
74080	139	0	5	0.34	43.4	217.0	0.6666666666666666
74081	307	1	4	0.765	111.8	559.0	1.0
74082	203	0	5	0.5	131.2	656.0	0.3333333333333333
74083	162	0	5	0.3975	40.8	204.0	0.6666666666666666
74084	151	0	5	0.37	115.8	579.0	0.0
74085	178	0	5	0.4375	158.8	794.0	0.3333333333333333
74086	86	0	5	0.2075	59.6	298.0	0.0
74087	87	0	5	0.21	66.4	332.0	0.0
74088	122	0	5	0.2975	99.2	496.0	0.3333333333333333
74089	182	0	5	0.4475	164.0	820.0	0.3333333333333333
74090	41	0	5	0.095	36.6	183.0	0.0
74091	151	0	5	0.37	85.0	425.0	0.3333333333333333
74092	70	0	5	0.1675	63.2	316.0	0.3333333333333333
74093	172	1	4	0.4275	76.0	380.0	1.0
74094	364	0	5	0.9025	162.6	813.0	0.6666666666666666
74095	291	0	5	0.72	213.8	1069.0	0.3333333333333333
74096	134	0	5	0.3275	55.2	276.0	0.3333333333333333
74097	178	0	5	0.4375	115.2	576.0	0.3333333333333333
74098	234	0	5	0.5775	227.0	1135.0	0.3333333333333333
74099	298	0	5	0.7375	152.0	760.0	0.3333333333333333
74100	35	0	5	0.08	28.2	141.0	0.0
74101	101	0	5	0.245	48.6	243.0	0.3333333333333333
74102	98	0	5	0.2375	90.4	452.0	0.3333333333333333
74103	97	0	5	0.235	95.0	475.0	0.0
74104	360	0	5	0.8925	221.0	1105.0	0.6666666666666666
74105	305	1	4	0.76	171.0	855.0	1.0
74106	267	0	5	0.66	105.2	526.0	0.3333333333333333
74107	170	0	5	0.4175	102.2	511.0	0.3333333333333333
74108	268	0	5	0.6625	171.8	859.0	0.3333333333333333
74109	116	0	5	0.2825	93.8	469.0	0.3333333333333333
74110	286	0	5	0.7075	155.0	775.0	0.6666666666666666
74111	356	0	5	0.8825	252.4	1262.0	0.6666666666666666
74112	229	0	5	0.565	164.0	820.0	0.3333333333333333
74113	297	0	5	0.735	172.6	863.0	0.3333333333333333
74114	27	0	5	0.06	8.2	41.0	0.3333333333333333
74115	40	0	5	0.0925	9.2	46.0	0.6666666666666666
74116	192	0	5	0.4725	56.4	282.0	0.6666666666666666
74117	258	1	4	0.6425	151.6	758.0	1.0
74118	313	1	4	0.78	149.0	745.0	1.0
74119	175	0	5	0.43	141.8	709.0	0.0
74120	372	0	5	0.9225	197.0	985.0	0.6666666666666666
74121	150	0	5	0.3675	121.8	609.0	0.6666666666666666
74122	105	0	5	0.255	68.6	343.0	0.6666666666666666
74123	341	0	5	0.845	144.6	723.0	0.3333333333333333
74124	66	0	5	0.1575	52.8	264.0	0.6666666666666666
74125	107	0	5	0.26	43.0	215.0	0.3333333333333333
74126	323	0	5	0.8	124.2	621.0	0.3333333333333333
74127	299	0	5	0.74	75.4	377.0	0.3333333333333333
74128	40	0	5	0.0925	35.2	176.0	0.0
74129	316	0	5	0.7825	211.0	1055.0	0.3333333333333333
74130	242	0	5	0.5975	143.0	715.0	0.3333333333333333
74131	233	0	5	0.575	222.4	1112.0	0.0
74132	118	0	5	0.2875	95.0	475.0	0.3333333333333333
74133	136	0	5	0.3325	105.2	526.0	0.0
74134	343	0	5	0.85	271.0	1355.0	0.0
74135	132	0	5	0.3225	53.2	266.0	0.3333333333333333
74136	278	0	5	0.6875	136.4	682.0	0.6666666666666666
74137	129	0	5	0.315	67.0	335.0	0.3333333333333333
74138	307	0	5	0.76	187.8	939.0	0.6666666666666666
74139	377	0	5	0.935	172.6	863.0	0.6666666666666666
74140	200	0	5	0.4925	157.6	788.0	0.3333333333333333
74141	257	0	5	0.635	237.8	1189.0	0.3333333333333333
74142	133	0	5	0.325	66.6	333.0	0.6666666666666666
74143	292	0	5	0.7225	282.0	1410.0	0.3333333333333333
74144	373	0	5	0.925	146.2	731.0	0.6666666666666666
74145	328	0	5	0.8125	190.4	952.0	0.6666666666666666
74146	251	0	5	0.62	81.4	407.0	0.3333333333333333
74147	330	1	4	0.8225	294.2	1471.0	1.0
74148	299	0	5	0.74	77.0	385.0	0.3333333333333333
74149	361	0	5	0.895	162.6	813.0	0.6666666666666666
74150	313	0	5	0.775	255.4	1277.0	0.3333333333333333
74151	214	0	5	0.5275	98.0	490.0	0.3333333333333333
74152	160	0	5	0.3925	153.6	768.0	0.3333333333333333
74153	346	0	5	0.8575	135.0	675.0	0.6666666666666666
74154	182	0	5	0.4475	158.4	792.0	0.0
74155	391	1	4	0.975	242.0	1210.0	1.0
74156	346	0	5	0.8575	155.6	778.0	0.6666666666666666
74157	214	0	5	0.5275	199.6	998.0	0.3333333333333333
74158	65	0	5	0.155	34.2	171.0	0.3333333333333333
74159	277	0	5	0.685	203.2	1016.0	0.6666666666666666
74160	136	0	5	0.3325	110.6	553.0	0.3333333333333333
74161	299	0	5	0.74	187.0	935.0	0.0
74162	214	0	5	0.5275	44.0	220.0	0.6666666666666666
74163	368	0	5	0.9125	135.6	678.0	0.6666666666666666
74164	120	0	5	0.2925	55.6	278.0	0.3333333333333333
74165	379	0	5	0.94	200.4	1002.0	0.6666666666666666
74166	80	0	5	0.1925	78.0	390.0	0.0
74167	102	0	5	0.2475	80.0	400.0	0.3333333333333333
74168	118	0	5	0.2875	116.0	580.0	0.0
74169	167	0	5	0.41	128.8	644.0	0.3333333333333333
74170	188	0	5	0.4625	140.6	703.0	0.3333333333333333
74171	343	0	5	0.85	209.2	1046.0	0.6666666666666666
74172	357	1	4	0.89	119.2	596.0	1.0
74173	343	1	4	0.855	159.8	799.0	1.0
74174	27	0	5	0.06	25.0	125.0	0.0
74175	290	1	4	0.7225	172.4	862.0	1.0
74176	60	0	5	0.1425	42.4	212.0	0.3333333333333333
74177	192	0	5	0.4725	136.6	683.0	0.3333333333333333
74178	319	0	5	0.79	88.8	444.0	0.6666666666666666
74179	348	1	4	0.8675	162.0	810.0	1.0
74180	196	0	5	0.4825	174.2	871.0	0.3333333333333333
74181	104	0	5	0.2525	102.0	510.0	0.0
74182	197	0	5	0.485	135.0	675.0	0.0
74183	69	0	5	0.165	42.2	211.0	0.3333333333333333
74184	343	0	5	0.85	144.4	722.0	0.6666666666666666
74185	115	0	5	0.28	36.2	181.0	0.6666666666666666
74186	127	0	5	0.31	125.0	625.0	0.0
74187	86	0	5	0.2075	84.0	420.0	0.0
74188	48	0	5	0.1125	46.0	230.0	0.0
74189	119	0	5	0.29	92.8	464.0	0.3333333333333333
74190	132	0	5	0.3225	80.6	403.0	0.3333333333333333
74191	161	0	5	0.395	117.0	585.0	0.0
74192	189	0	5	0.465	187.0	935.0	0.0
74193	150	0	5	0.3675	103.6	518.0	0.3333333333333333
74194	180	0	5	0.4425	130.8	654.0	0.0
74195	94	0	5	0.2275	34.4	172.0	0.3333333333333333
74196	174	0	5	0.4275	167.6	838.0	0.0
74197	25	0	5	0.055	23.0	115.0	0.0
74198	172	0	5	0.4225	146.0	730.0	0.0
74199	241	0	5	0.595	118.6	593.0	0.6666666666666666
74200	89	0	5	0.215	71.8	359.0	0.3333333333333333
74201	198	1	4	0.4925	78.2	391.0	1.0
74202	147	0	5	0.36	117.2	586.0	0.6666666666666666
74203	400	0	5	0.9925	216.6	1083.0	0.6666666666666666
74204	334	0	5	0.8275	190.8	954.0	0.6666666666666666
74205	243	0	5	0.6	241.0	1205.0	0.0
74206	41	0	5	0.095	39.0	195.0	0.0
74207	149	0	5	0.365	87.8	439.0	0.3333333333333333
74208	40	0	5	0.0925	24.4	122.0	0.3333333333333333
74209	122	1	4	0.3025	52.0	260.0	1.0
74210	252	0	5	0.6225	213.2	1066.0	0.3333333333333333
74211	298	0	5	0.7375	257.6	1288.0	0.3333333333333333
74212	160	1	4	0.3975	156.8	784.0	1.0
74213	301	1	4	0.75	218.4	1092.0	1.0
74214	36	0	5	0.0825	30.4	152.0	0.3333333333333333
74215	147	0	5	0.36	100.6	503.0	0.3333333333333333
74216	79	0	5	0.19	77.0	385.0	0.0
74217	201	0	5	0.495	122.6	613.0	0.3333333333333333
74218	74	0	5	0.1775	57.2	286.0	0.3333333333333333
74219	327	1	4	0.815	217.2	1086.0	1.0
74220	99	0	5	0.24	76.6	383.0	0.3333333333333333
74221	89	0	5	0.215	87.0	435.0	0.0
74222	152	0	5	0.3725	107.2	536.0	0.3333333333333333
74223	120	0	5	0.2925	118.0	590.0	0.0
74224	38	0	5	0.0875	32.4	162.0	0.0
74225	33	0	5	0.075	25.8	129.0	0.3333333333333333
74226	2	0	5	0.0	0.0	0.0	0.0
74227	344	0	5	0.8525	169.6	848.0	0.6666666666666666
74228	154	0	5	0.3775	85.6	428.0	0.3333333333333333
74229	71	0	5	0.17	66.6	333.0	0.3333333333333333
74230	138	0	5	0.3375	118.4	592.0	0.3333333333333333
74231	101	0	5	0.245	79.8	399.0	0.3333333333333333
74232	75	0	5	0.18	71.8	359.0	0.0
74233	139	0	5	0.34	65.6	328.0	0.3333333333333333
74234	154	0	5	0.3775	110.0	550.0	0.0
74235	234	0	5	0.5775	192.4	962.0	0.3333333333333333
74236	106	0	5	0.2575	76.6	383.0	0.3333333333333333
74237	289	0	5	0.715	85.4	427.0	0.6666666666666666
74238	384	1	4	0.9575	156.6	783.0	1.0
74239	355	0	5	0.88	199.0	995.0	0.3333333333333333
74240	331	1	4	0.825	137.4	687.0	1.0
74241	130	1	4	0.3225	87.6	438.0	1.0
74242	130	0	5	0.3175	125.6	628.0	0.3333333333333333
74243	189	0	5	0.465	150.6	753.0	0.3333333333333333
74244	82	0	5	0.1975	74.4	372.0	0.3333333333333333
74245	15	0	5	0.03	11.0	55.0	0.0
74246	199	0	5	0.49	124.2	621.0	0.3333333333333333
74247	71	0	5	0.17	69.0	345.0	0.0
74248	185	0	5	0.455	134.6	673.0	0.6666666666666666
74249	318	0	5	0.7875	251.4	1257.0	0.3333333333333333
74250	159	0	5	0.39	139.2	696.0	0.3333333333333333
74251	292	0	5	0.7225	175.0	875.0	0.3333333333333333
74252	248	0	5	0.6125	198.4	992.0	0.3333333333333333
74253	287	0	5	0.71	194.4	972.0	0.6666666666666666
74254	261	0	5	0.645	129.8	649.0	0.3333333333333333
74255	253	1	4	0.63	181.4	907.0	1.0
74256	387	0	5	0.96	178.0	890.0	0.6666666666666666
74257	227	1	4	0.565	82.2	411.0	1.0
74258	153	0	5	0.375	109.8	549.0	0.0
74259	273	0	5	0.675	165.2	826.0	0.6666666666666666
74260	40	0	5	0.0925	24.8	124.0	0.3333333333333333
74261	160	0	5	0.3925	46.0	230.0	0.6666666666666666
74262	388	1	4	0.9675	104.4	522.0	1.0
74263	113	0	5	0.275	111.0	555.0	0.0
74264	60	0	5	0.1425	53.0	265.0	0.0
74265	65	0	5	0.155	61.0	305.0	0.0
74266	223	0	5	0.55	168.6	843.0	0.0
74267	8	0	5	0.0125	6.0	30.0	0.0
74268	3	0	5	0.0025	0.2	1.0	0.3333333333333333
74269	202	1	4	0.5025	60.4	302.0	1.0
74270	86	0	5	0.2075	84.0	420.0	0.0
74271	164	0	5	0.4025	137.0	685.0	0.0
74272	313	0	5	0.775	123.2	616.0	0.6666666666666666
74273	203	0	5	0.5	169.2	846.0	0.3333333333333333
74274	301	0	5	0.745	190.4	952.0	0.3333333333333333
74275	151	0	5	0.37	113.0	565.0	0.3333333333333333
74276	300	0	5	0.7425	242.0	1210.0	0.3333333333333333
74277	69	0	5	0.165	57.8	289.0	0.0
74278	336	1	4	0.8375	308.8	1544.0	1.0
74279	40	0	5	0.0925	38.0	190.0	0.0
74280	374	0	5	0.9275	250.4	1252.0	0.6666666666666666
74281	139	0	5	0.34	114.4	572.0	0.3333333333333333
74282	277	0	5	0.685	162.8	814.0	0.6666666666666666
74283	324	0	5	0.8025	210.0	1050.0	0.6666666666666666
74284	76	0	5	0.1825	28.4	142.0	0.3333333333333333
74285	306	0	5	0.7575	63.2	316.0	0.3333333333333333
74286	297	0	5	0.735	221.0	1105.0	0.3333333333333333
74287	95	0	5	0.23	53.8	269.0	0.3333333333333333
74288	18	0	5	0.0375	16.0	80.0	0.0
74289	55	0	5	0.13	39.4	197.0	0.0
74290	255	1	4	0.635	140.6	703.0	1.0
74291	317	0	5	0.785	152.4	762.0	0.0
74292	373	0	5	0.925	299.0	1495.0	0.6666666666666666
74293	354	0	5	0.8775	154.8	774.0	0.3333333333333333
74294	70	0	5	0.1675	68.0	340.0	0.0
74295	163	0	5	0.4	120.2	601.0	0.3333333333333333
74296	139	0	5	0.34	132.2	661.0	0.0
74297	229	0	5	0.565	204.0	1020.0	0.3333333333333333
74298	246	0	5	0.6075	182.0	910.0	0.6666666666666666
74299	164	0	5	0.4025	138.0	690.0	0.6666666666666666
74300	81	0	5	0.195	53.8	269.0	0.3333333333333333
74301	253	0	5	0.625	81.0	405.0	0.3333333333333333
74302	259	0	5	0.64	169.4	847.0	0.3333333333333333
74303	123	0	5	0.3	68.4	342.0	0.0
74304	102	0	5	0.2475	68.0	340.0	0.0
74305	233	0	5	0.575	126.6	633.0	0.6666666666666666
74306	227	0	5	0.56	184.2	921.0	0.3333333333333333
74307	197	0	5	0.485	117.8	589.0	0.0
74308	342	0	5	0.8475	142.4	712.0	0.6666666666666666
74309	265	0	5	0.655	213.0	1065.0	0.6666666666666666
74310	133	0	5	0.325	96.2	481.0	0.3333333333333333
74311	157	0	5	0.385	144.0	720.0	0.3333333333333333
74312	229	0	5	0.565	152.2	761.0	0.6666666666666666
74313	271	1	4	0.675	195.2	976.0	1.0
74314	212	0	5	0.5225	146.8	734.0	0.3333333333333333
74315	187	0	5	0.46	85.4	427.0	0.3333333333333333
74316	227	0	5	0.56	189.2	946.0	0.0
74317	217	0	5	0.535	211.8	1059.0	0.3333333333333333
74318	41	0	5	0.095	31.8	159.0	0.3333333333333333
74319	25	0	5	0.055	23.0	115.0	0.0
74320	397	0	5	0.985	131.0	655.0	0.6666666666666666
74321	3	0	5	0.0025	0.2	1.0	0.3333333333333333
74322	266	0	5	0.6575	224.8	1124.0	0.3333333333333333
74323	178	1	4	0.4425	143.4	717.0	1.0
74324	135	0	5	0.33	65.2	326.0	0.6666666666666666
74325	17	0	5	0.035	15.0	75.0	0.0
74326	6	0	5	0.0075	4.0	20.0	0.0
74327	88	0	5	0.2125	25.2	126.0	0.6666666666666666
74328	137	0	5	0.335	135.0	675.0	0.0
74329	84	0	5	0.2025	54.8	274.0	0.0
74330	249	0	5	0.615	175.0	875.0	0.3333333333333333
74331	281	0	5	0.695	235.2	1176.0	0.3333333333333333
74332	238	0	5	0.5875	53.2	266.0	0.3333333333333333
74333	385	1	4	0.96	219.4	1097.0	1.0
74334	284	0	5	0.7025	134.6	673.0	0.6666666666666666
74335	281	0	5	0.695	244.4	1222.0	0.3333333333333333
74336	122	0	5	0.2975	75.0	375.0	0.3333333333333333
74337	151	0	5	0.37	88.0	440.0	0.6666666666666666
74338	311	0	5	0.77	183.4	917.0	0.3333333333333333
74339	211	0	5	0.52	155.4	777.0	0.3333333333333333
74340	118	0	5	0.2875	86.2	431.0	0.6666666666666666
74341	383	0	5	0.95	242.6	1213.0	0.6666666666666666
74342	353	0	5	0.875	159.4	797.0	0.6666666666666666
74343	369	1	4	0.92	206.8	1034.0	1.0
74344	308	0	5	0.7625	250.2	1251.0	0.6666666666666666
74345	166	0	5	0.4075	164.0	820.0	0.0
74346	241	0	5	0.595	104.2	521.0	0.3333333333333333
74347	348	0	5	0.8625	143.6	718.0	0.6666666666666666
74348	324	0	5	0.8025	265.6	1328.0	0.6666666666666666
74349	184	0	5	0.4525	111.6	558.0	0.0
74350	2	0	5	0.0	0.0	0.0	0.0
74351	350	0	5	0.8675	244.4	1222.0	0.6666666666666666
74352	182	0	5	0.4475	86.4	432.0	0.3333333333333333
74353	342	0	5	0.8475	299.0	1495.0	0.3333333333333333
74354	112	0	5	0.2725	77.0	385.0	0.3333333333333333
74355	149	0	5	0.365	77.8	389.0	0.3333333333333333
74356	213	0	5	0.525	181.4	907.0	0.0
74357	187	0	5	0.46	58.6	293.0	0.3333333333333333
74358	34	0	5	0.0775	29.2	146.0	0.3333333333333333
74359	122	0	5	0.2975	116.0	580.0	0.0
74360	64	0	5	0.1525	50.2	251.0	0.3333333333333333
74361	394	0	5	0.9775	235.4	1177.0	0.6666666666666666
74362	134	0	5	0.3275	54.4	272.0	0.3333333333333333
74363	26	0	5	0.0575	24.0	120.0	0.0
74364	265	0	5	0.655	107.6	538.0	0.6666666666666666
74365	340	1	4	0.8475	243.4	1217.0	1.0
74366	277	0	5	0.685	227.4	1137.0	0.3333333333333333
74367	127	1	4	0.315	84.8	424.0	1.0
74368	148	0	5	0.3625	58.4	292.0	0.0
74369	260	0	5	0.6425	207.2	1036.0	0.3333333333333333
74370	386	0	5	0.9575	220.8	1104.0	0.6666666666666666
74371	209	0	5	0.515	55.0	275.0	0.6666666666666666
74372	238	0	5	0.5875	228.0	1140.0	0.3333333333333333
74373	362	1	4	0.9025	278.0	1390.0	1.0
74374	7	0	5	0.01	5.0	25.0	0.0
74375	269	0	5	0.665	91.0	455.0	0.6666666666666666
74376	346	0	5	0.8575	279.4	1397.0	0.3333333333333333
74377	197	0	5	0.485	98.4	492.0	0.3333333333333333
74378	272	0	5	0.6725	116.4	582.0	0.6666666666666666
74379	208	0	5	0.5125	176.0	880.0	0.0
74380	80	0	5	0.1925	57.2	286.0	0.3333333333333333
74381	201	0	5	0.495	140.2	701.0	0.6666666666666666
74382	232	0	5	0.5725	112.4	562.0	0.3333333333333333
74383	381	0	5	0.945	242.2	1211.0	0.6666666666666666
74384	189	0	5	0.465	173.0	865.0	0.3333333333333333
74385	282	1	4	0.7025	74.8	374.0	1.0
74386	328	0	5	0.8125	217.6	1088.0	0.3333333333333333
74387	93	0	5	0.225	91.0	455.0	0.0
74388	374	0	5	0.9275	261.6	1308.0	0.6666666666666666
74389	265	0	5	0.655	137.2	686.0	0.3333333333333333
74390	258	0	5	0.6375	148.4	742.0	0.6666666666666666
74391	138	0	5	0.3375	59.2	296.0	0.3333333333333333
74392	291	0	5	0.72	264.8	1324.0	0.3333333333333333
74393	106	0	5	0.2575	76.0	380.0	0.0
74394	279	0	5	0.69	78.0	390.0	0.6666666666666666
74395	393	0	5	0.975	195.8	979.0	0.6666666666666666
74396	166	0	5	0.4075	104.6	523.0	0.0
74397	313	0	5	0.775	183.0	915.0	0.3333333333333333
74398	32	0	5	0.0725	30.0	150.0	0.0
74399	98	0	5	0.2375	74.4	372.0	0.3333333333333333
74400	166	0	5	0.4075	126.6	633.0	0.6666666666666666
74401	278	0	5	0.6875	233.4	1167.0	0.6666666666666666
74402	359	1	3	0.895	214.6	1073.0	1.0
74403	362	0	5	0.8975	214.8	1074.0	0.6666666666666666
74404	168	0	5	0.4125	87.4	437.0	0.3333333333333333
74405	265	1	4	0.66	71.4	357.0	1.0
74406	393	1	4	0.98	184.8	924.0	1.0
74407	186	1	4	0.4625	96.4	482.0	1.0
74408	159	0	5	0.39	96.4	482.0	0.3333333333333333
74409	263	0	5	0.65	213.0	1065.0	0.3333333333333333
74410	369	0	5	0.915	103.0	515.0	0.3333333333333333
74411	355	0	5	0.88	144.2	721.0	0.3333333333333333
74412	125	0	5	0.305	69.0	345.0	0.3333333333333333
74413	260	0	5	0.6425	131.0	655.0	0.6666666666666666
74414	259	0	5	0.64	131.8	659.0	0.3333333333333333
74415	61	0	5	0.145	39.6	198.0	0.6666666666666666
74416	330	0	5	0.8175	244.4	1222.0	0.3333333333333333
74417	229	0	5	0.565	141.2	706.0	0.0
74418	347	0	5	0.86	302.0	1510.0	0.3333333333333333
74419	214	0	5	0.5275	109.2	546.0	0.3333333333333333
74420	287	0	5	0.71	124.2	621.0	0.3333333333333333
74421	265	0	5	0.655	148.0	740.0	0.3333333333333333
74422	341	0	5	0.845	207.8	1039.0	0.6666666666666666
74423	401	0	5	0.995	209.0	1045.0	0.6666666666666666
74424	2	0	5	0.0	0.0	0.0	0.0
74425	243	0	5	0.6	169.0	845.0	0.6666666666666666
74426	303	0	5	0.75	187.8	939.0	0.6666666666666666
74427	326	1	4	0.8125	212.8	1064.0	1.0
74428	160	0	5	0.3925	113.0	565.0	0.3333333333333333
74429	32	0	5	0.0725	30.0	150.0	0.0
74430	268	0	5	0.6625	169.6	848.0	0.6666666666666666
74431	147	0	5	0.36	64.6	323.0	0.6666666666666666
74432	167	0	5	0.41	52.2	261.0	0.3333333333333333
74433	264	0	5	0.6525	254.4	1272.0	0.3333333333333333
74434	282	0	5	0.6975	171.8	859.0	0.3333333333333333
74435	334	1	3	0.8325	251.2	1256.0	1.0
74436	138	0	5	0.3375	98.8	494.0	0.3333333333333333
74437	37	0	5	0.085	30.0	150.0	0.0
74438	277	1	4	0.69	162.8	814.0	1.0
74439	180	0	5	0.4425	111.6	558.0	0.3333333333333333
74440	364	0	5	0.9025	194.0	970.0	0.3333333333333333
74441	229	0	5	0.565	193.8	969.0	0.3333333333333333
74442	318	0	5	0.7875	236.0	1180.0	0.6666666666666666
74443	185	0	5	0.455	124.6	623.0	0.6666666666666666
74444	113	0	5	0.275	111.0	555.0	0.3333333333333333
74445	395	0	5	0.98	293.8	1469.0	0.6666666666666666
74446	302	0	5	0.7475	110.0	550.0	0.3333333333333333
74447	144	0	5	0.3525	117.6	588.0	0.0
74448	135	0	5	0.33	109.8	549.0	0.3333333333333333
74449	343	0	5	0.85	172.2	861.0	0.3333333333333333
74450	288	0	5	0.7125	241.6	1208.0	0.3333333333333333
74451	9	0	5	0.015	7.0	35.0	0.0
74452	225	0	5	0.555	183.8	919.0	0.3333333333333333
74453	257	0	5	0.635	210.4	1052.0	0.3333333333333333
74454	18	0	5	0.0375	16.0	80.0	0.0
74455	311	0	5	0.77	251.4	1257.0	0.3333333333333333
74456	63	0	5	0.15	18.6	93.0	0.3333333333333333
74457	224	0	5	0.5525	182.8	914.0	0.3333333333333333
74458	74	0	5	0.1775	72.0	360.0	0.0
74459	280	0	5	0.6925	231.8	1159.0	0.6666666666666666
74460	38	0	5	0.0875	22.8	114.0	0.0
74461	360	0	5	0.8925	168.8	844.0	0.6666666666666666
74462	75	0	5	0.18	60.6	303.0	0.3333333333333333
74463	136	0	5	0.3325	77.0	385.0	0.3333333333333333
74464	27	0	5	0.06	25.0	125.0	0.0
74465	277	0	5	0.685	240.2	1201.0	0.0
74466	363	1	4	0.905	96.0	480.0	1.0
74467	254	0	5	0.6275	146.0	730.0	0.6666666666666666
74468	117	0	5	0.285	115.0	575.0	0.0
74469	319	0	5	0.79	138.0	690.0	0.3333333333333333
74470	100	0	5	0.2425	89.0	445.0	0.0
74471	266	0	5	0.6575	258.0	1290.0	0.3333333333333333
74472	103	0	5	0.25	54.2	271.0	0.3333333333333333
74473	148	0	5	0.3625	66.0	330.0	0.3333333333333333
74474	29	0	5	0.065	25.4	127.0	0.3333333333333333
74475	268	0	5	0.6625	248.0	1240.0	0.0
74476	148	0	5	0.3625	134.0	670.0	0.0
74477	287	0	5	0.71	129.0	645.0	0.3333333333333333
74478	324	0	5	0.8025	224.4	1122.0	0.6666666666666666
74479	230	0	5	0.5675	52.0	260.0	0.0
74480	169	0	5	0.415	51.0	255.0	0.3333333333333333
74481	295	0	5	0.73	227.0	1135.0	0.3333333333333333
74482	63	0	5	0.15	61.0	305.0	0.0
74483	172	0	5	0.4225	110.8	554.0	0.0
74484	331	1	4	0.825	131.0	655.0	1.0
74485	222	0	5	0.5475	72.8	364.0	0.6666666666666666
74486	237	1	4	0.59	186.2	931.0	1.0
74487	121	0	5	0.295	107.6	538.0	0.3333333333333333
74488	156	0	5	0.3825	147.4	737.0	0.0
74489	251	0	5	0.62	228.6	1143.0	0.0
74490	135	1	4	0.335	95.4	477.0	1.0
74491	323	0	5	0.8	65.8	329.0	0.6666666666666666
74492	3	0	5	0.0025	0.2	1.0	0.3333333333333333
74493	167	0	5	0.41	159.6	798.0	0.3333333333333333
74494	333	0	5	0.825	159.0	795.0	0.6666666666666666
74495	181	0	5	0.445	158.6	793.0	0.3333333333333333
74496	398	0	5	0.9875	90.4	452.0	0.6666666666666666
74497	192	0	5	0.4725	154.8	774.0	0.3333333333333333
74498	326	0	5	0.8075	267.0	1335.0	0.0
74499	298	0	5	0.7375	244.6	1223.0	0.3333333333333333
74500	182	0	5	0.4475	180.0	900.0	0.0
74501	211	0	5	0.52	208.6	1043.0	0.0
74502	373	0	5	0.925	263.0	1315.0	0.6666666666666666
74503	310	0	5	0.7675	134.6	673.0	0.6666666666666666
74504	401	0	5	0.995	369.4	1847.0	0.6666666666666666
74505	175	0	5	0.43	84.6	423.0	0.3333333333333333
74506	254	0	5	0.6275	195.8	979.0	0.6666666666666666
74507	158	0	5	0.3875	124.8	624.0	0.3333333333333333
74508	286	0	5	0.7075	128.0	640.0	0.3333333333333333
74509	207	0	5	0.51	145.2	726.0	0.6666666666666666
74510	230	0	5	0.5675	106.8	534.0	0.0
74511	333	0	5	0.825	66.6	333.0	0.0
74512	331	0	5	0.82	177.8	889.0	0.6666666666666666
74513	195	0	5	0.48	175.4	877.0	0.3333333333333333
74514	19	0	5	0.04	17.0	85.0	0.0
74515	384	0	5	0.9525	140.8	704.0	0.6666666666666666
74516	384	0	5	0.9525	195.0	975.0	0.6666666666666666
74517	185	0	5	0.455	140.6	703.0	0.6666666666666666
74518	177	0	5	0.435	90.6	453.0	0.3333333333333333
74519	303	0	5	0.75	204.2	1021.0	0.3333333333333333
74520	218	0	5	0.5375	208.8	1044.0	0.3333333333333333
74521	248	0	5	0.6125	126.8	634.0	0.6666666666666666
74522	326	0	5	0.8075	177.2	886.0	0.6666666666666666
74523	150	0	5	0.3675	91.6	458.0	0.3333333333333333
74524	317	0	5	0.785	128.4	642.0	0.6666666666666666
74525	151	0	5	0.37	92.6	463.0	0.0
74526	313	0	5	0.775	154.2	771.0	0.3333333333333333
74527	147	0	5	0.36	134.4	672.0	0.3333333333333333
74528	133	0	5	0.325	131.0	655.0	0.0
74529	281	0	5	0.695	271.8	1359.0	0.3333333333333333
74530	135	0	5	0.33	113.4	567.0	0.3333333333333333
74531	345	0	5	0.855	239.2	1196.0	0.3333333333333333
74532	353	0	5	0.875	278.2	1391.0	0.6666666666666666
74533	130	0	5	0.3175	128.0	640.0	0.0
74534	371	1	4	0.925	144.0	720.0	1.0
74535	71	0	5	0.17	60.6	303.0	0.0
74536	251	0	5	0.62	162.0	810.0	0.6666666666666666
74537	125	0	5	0.305	123.0	615.0	0.0
74538	86	0	5	0.2075	50.2	251.0	0.3333333333333333
74539	233	0	5	0.575	75.0	375.0	0.6666666666666666
74540	266	0	5	0.6575	216.0	1080.0	0.6666666666666666
74541	151	0	5	0.37	105.0	525.0	0.0
74542	158	0	5	0.3875	153.6	768.0	0.3333333333333333
74543	32	0	5	0.0725	30.0	150.0	0.0
74544	225	0	5	0.555	136.2	681.0	0.0
74545	21	0	5	0.045	11.8	59.0	0.3333333333333333
74546	20	0	5	0.0425	18.0	90.0	0.0
74547	114	0	5	0.2775	52.8	264.0	0.0
74548	314	0	5	0.7775	145.6	728.0	0.6666666666666666
74549	135	0	5	0.33	124.0	620.0	0.0
74550	381	0	5	0.945	233.6	1168.0	0.6666666666666666
74551	330	0	5	0.8175	217.8	1089.0	0.6666666666666666
74552	327	0	5	0.81	172.0	860.0	0.6666666666666666
74553	287	1	4	0.715	179.4	897.0	1.0
74554	30	0	5	0.0675	8.8	44.0	0.3333333333333333
74555	78	0	5	0.1875	76.0	380.0	0.0
74556	249	0	5	0.615	146.2	731.0	0.3333333333333333
74557	311	0	5	0.77	203.8	1019.0	0.6666666666666666
74558	137	1	4	0.34	47.4	237.0	1.0
74559	287	0	5	0.71	256.2	1281.0	0.3333333333333333
74560	245	0	5	0.605	169.4	847.0	0.6666666666666666
74561	48	0	5	0.1125	46.0	230.0	0.0
74562	372	0	5	0.9225	119.4	597.0	0.6666666666666666
74563	302	0	5	0.7475	243.2	1216.0	0.3333333333333333
74564	164	0	5	0.4025	157.0	785.0	0.3333333333333333
74565	36	0	5	0.0825	34.0	170.0	0.0
74566	49	0	5	0.115	47.0	235.0	0.0
74567	272	0	5	0.6725	252.6	1263.0	0.0
74568	302	1	4	0.7525	193.6	968.0	1.0
74569	92	0	5	0.2225	86.6	433.0	0.3333333333333333
74570	368	0	5	0.9125	218.2	1091.0	0.6666666666666666
74571	269	0	5	0.665	201.8	1009.0	0.6666666666666666
74572	41	0	5	0.095	39.0	195.0	0.0
74573	174	0	5	0.4275	113.6	568.0	0.3333333333333333
74574	321	0	5	0.795	226.2	1131.0	0.6666666666666666
74575	261	0	5	0.645	236.2	1181.0	0.3333333333333333
74576	114	0	5	0.2775	63.2	316.0	0.0
74577	319	0	5	0.79	181.4	907.0	0.3333333333333333
74578	359	0	5	0.89	90.6	453.0	0.6666666666666666
74579	227	0	5	0.56	94.6	473.0	0.3333333333333333
74580	252	0	5	0.6225	77.4	387.0	0.6666666666666666
74581	4	0	5	0.0025	2.0	10.0	0.0
74582	75	0	5	0.18	73.0	365.0	0.3333333333333333
74583	260	0	5	0.6425	118.0	590.0	0.6666666666666666
74584	240	1	4	0.5975	138.8	694.0	1.0
74585	253	0	5	0.625	133.4	667.0	0.3333333333333333
74586	399	1	4	0.995	136.4	682.0	1.0
74587	175	0	5	0.43	173.0	865.0	0.0
74588	135	0	5	0.33	77.2	386.0	0.3333333333333333
74589	41	0	5	0.095	39.0	195.0	0.0
74590	15	0	5	0.03	11.4	57.0	0.3333333333333333
74591	325	0	5	0.805	188.0	940.0	0.6666666666666666
74592	348	0	5	0.8625	102.8	514.0	0.3333333333333333
74593	321	0	5	0.795	257.8	1289.0	0.3333333333333333
74594	279	1	4	0.695	256.4	1282.0	1.0
74595	249	0	5	0.615	235.6	1178.0	0.3333333333333333
74596	135	0	5	0.33	64.0	320.0	0.0
74597	106	0	5	0.2575	77.6	388.0	0.0
74598	264	0	5	0.6525	175.4	877.0	0.3333333333333333
74599	285	0	5	0.705	194.2	971.0	0.0
74600	86	0	5	0.2075	68.4	342.0	0.3333333333333333
74601	80	0	5	0.1925	78.0	390.0	0.0
74602	105	0	5	0.255	75.4	377.0	0.3333333333333333
74603	286	0	5	0.7075	219.2	1096.0	0.3333333333333333
74604	26	0	5	0.0575	24.0	120.0	0.0
74605	79	0	5	0.19	56.6	283.0	0.3333333333333333
74606	113	0	5	0.275	111.0	555.0	0.0
74607	381	0	5	0.945	245.4	1227.0	0.6666666666666666
74608	213	1	4	0.53	87.4	437.0	1.0
74609	138	0	5	0.3375	123.6	618.0	0.3333333333333333
74610	280	0	5	0.6925	205.2	1026.0	0.3333333333333333
74611	400	1	4	0.9975	249.2	1246.0	1.0
74612	352	0	5	0.8725	175.4	877.0	0.3333333333333333
74613	237	0	5	0.585	107.2	536.0	0.3333333333333333
74614	400	1	4	0.9975	214.6	1073.0	1.0
74615	148	0	5	0.3625	120.2	601.0	0.3333333333333333
74616	229	0	5	0.565	141.8	709.0	0.6666666666666666
74617	335	0	5	0.83	93.8	469.0	0.6666666666666666
74618	13	0	5	0.025	11.0	55.0	0.0
74619	319	0	5	0.79	294.6	1473.0	0.6666666666666666
74620	291	0	5	0.72	139.0	695.0	0.6666666666666666
74621	202	0	5	0.4975	121.2	606.0	0.3333333333333333
74622	171	0	5	0.42	137.8	689.0	0.0
74623	252	0	5	0.6225	143.6	718.0	0.3333333333333333
74624	196	0	5	0.4825	52.4	262.0	0.3333333333333333
74625	241	0	5	0.595	69.4	347.0	0.3333333333333333
74626	237	0	5	0.585	133.6	668.0	0.3333333333333333
74627	194	0	5	0.4775	192.0	960.0	0.3333333333333333
74628	352	0	5	0.8725	189.6	948.0	0.6666666666666666
74629	322	1	4	0.8025	272.0	1360.0	1.0
74630	132	0	5	0.3225	88.0	440.0	0.0
74631	43	0	5	0.1	41.0	205.0	0.0
74632	246	0	5	0.6075	99.4	497.0	0.6666666666666666
74633	39	0	5	0.09	37.0	185.0	0.0
74634	279	0	5	0.69	256.6	1283.0	0.3333333333333333
74635	112	0	5	0.2725	110.0	550.0	0.0
74636	350	0	5	0.8675	292.8	1464.0	0.6666666666666666
74637	381	1	4	0.95	296.4	1482.0	1.0
74638	221	0	5	0.545	94.8	474.0	0.3333333333333333
74639	391	0	5	0.97	164.0	820.0	0.6666666666666666
74640	314	0	5	0.7775	109.4	547.0	0.6666666666666666
74641	136	0	5	0.3325	42.2	211.0	0.3333333333333333
74642	210	0	5	0.5175	96.2	481.0	0.6666666666666666
74643	103	0	5	0.25	86.8	434.0	0.3333333333333333
74644	83	0	5	0.2	75.6	378.0	0.0
74645	222	0	5	0.5475	196.4	982.0	0.0
74646	71	0	5	0.17	69.0	345.0	0.0
74647	266	0	5	0.6575	95.6	478.0	0.6666666666666666
74648	293	0	5	0.725	213.0	1065.0	0.3333333333333333
74649	44	0	5	0.1025	42.0	210.0	0.0
74650	371	0	5	0.92	213.8	1069.0	0.6666666666666666
74651	295	0	5	0.73	153.6	768.0	0.6666666666666666
74652	14	0	5	0.0275	12.0	60.0	0.0
74653	19	0	5	0.04	17.0	85.0	0.0
74654	233	0	5	0.575	93.6	468.0	0.3333333333333333
74655	23	0	5	0.05	20.2	101.0	0.3333333333333333
74656	130	0	5	0.3175	54.8	274.0	0.3333333333333333
74657	262	1	4	0.6525	124.2	621.0	1.0
74658	27	0	5	0.06	25.0	125.0	0.0
74659	378	0	5	0.9375	201.6	1008.0	0.6666666666666666
74660	39	0	5	0.09	15.4	77.0	0.0
74661	182	0	5	0.4475	136.4	682.0	0.6666666666666666
74662	40	0	5	0.0925	36.2	181.0	0.0
74663	327	0	5	0.81	125.0	625.0	0.6666666666666666
74664	125	0	5	0.305	62.2	311.0	0.6666666666666666
74665	91	0	5	0.22	87.0	435.0	0.3333333333333333
74666	354	0	5	0.8775	206.2	1031.0	0.6666666666666666
74667	277	1	4	0.69	142.4	712.0	1.0
74668	360	0	5	0.8925	229.8	1149.0	0.6666666666666666
74669	77	0	5	0.185	49.4	247.0	0.0
74670	352	0	5	0.8725	124.6	623.0	0.6666666666666666
74671	61	0	5	0.145	59.0	295.0	0.0
74672	138	0	5	0.3375	113.6	568.0	0.6666666666666666
74673	114	0	5	0.2775	73.0	365.0	0.3333333333333333
74674	393	1	4	0.98	137.0	685.0	1.0
74675	174	0	5	0.4275	133.6	668.0	0.6666666666666666
74676	64	1	4	0.1575	39.4	197.0	1.0
74677	119	0	5	0.29	117.0	585.0	0.3333333333333333
74678	180	0	5	0.4425	128.8	644.0	0.3333333333333333
74679	142	0	5	0.3475	74.4	372.0	0.6666666666666666
74680	315	0	5	0.78	187.0	935.0	0.6666666666666666
74681	339	0	5	0.84	240.6	1203.0	0.3333333333333333
74682	290	0	5	0.7175	191.0	955.0	0.3333333333333333
74683	395	0	5	0.98	221.2	1106.0	0.3333333333333333
74684	315	0	5	0.78	197.0	985.0	0.6666666666666666
74685	119	0	5	0.29	78.0	390.0	0.3333333333333333
74686	208	0	5	0.5125	66.0	330.0	0.3333333333333333
74687	299	0	5	0.74	234.0	1170.0	0.3333333333333333
74688	118	0	5	0.2875	85.4	427.0	0.3333333333333333
74689	359	0	5	0.89	96.6	483.0	0.6666666666666666
74690	215	0	5	0.53	73.4	367.0	0.3333333333333333
74691	211	0	5	0.52	188.6	943.0	0.3333333333333333
74692	154	0	5	0.3775	118.0	590.0	0.0
74693	365	0	5	0.905	179.8	899.0	0.3333333333333333
74694	289	0	5	0.715	190.8	954.0	0.6666666666666666
74695	187	0	5	0.46	113.8	569.0	0.3333333333333333
74696	376	0	5	0.9325	78.0	390.0	0.6666666666666666
74697	74	0	5	0.1775	58.4	292.0	0.0
74698	367	0	5	0.91	203.2	1016.0	0.6666666666666666
74699	285	1	4	0.71	184.2	921.0	1.0
74700	242	0	5	0.5975	100.0	500.0	0.6666666666666666
74701	285	0	5	0.705	233.4	1167.0	0.0
74702	357	0	5	0.885	153.4	767.0	0.6666666666666666
74703	231	0	5	0.57	205.4	1027.0	0.0
74704	120	0	5	0.2925	95.2	476.0	0.0
74705	186	0	5	0.4575	88.4	442.0	0.3333333333333333
74706	132	0	5	0.3225	79.6	398.0	0.3333333333333333
74707	398	0	5	0.9875	151.2	756.0	0.6666666666666666
74708	97	0	5	0.235	95.0	475.0	0.3333333333333333
74709	357	0	5	0.885	233.0	1165.0	0.6666666666666666
74710	339	0	5	0.84	294.8	1474.0	0.3333333333333333
74711	257	0	5	0.635	161.4	807.0	0.6666666666666666
74712	9	0	5	0.015	7.0	35.0	0.0
74713	6	0	5	0.0075	4.0	20.0	0.0
74714	265	0	5	0.655	122.0	610.0	0.3333333333333333
74715	164	0	5	0.4025	133.0	665.0	0.6666666666666666
74716	97	0	5	0.235	82.2	411.0	0.3333333333333333
74717	356	0	5	0.8825	250.4	1252.0	0.3333333333333333
74718	280	0	5	0.6925	155.6	778.0	0.6666666666666666
74719	384	0	5	0.9525	225.4	1127.0	0.6666666666666666
74720	176	0	5	0.4325	122.2	611.0	0.6666666666666666
74721	152	1	4	0.3775	37.6	188.0	1.0
74722	172	0	5	0.4225	146.4	732.0	0.3333333333333333
74723	12	0	5	0.0225	10.0	50.0	0.0
74724	73	0	5	0.175	71.0	355.0	0.0
74725	152	0	5	0.3725	56.0	280.0	0.3333333333333333
74726	133	0	5	0.325	59.0	295.0	0.3333333333333333
74727	199	0	5	0.49	161.4	807.0	0.6666666666666666
74728	20	0	5	0.0425	18.0	90.0	0.0
74729	173	0	5	0.425	76.6	383.0	0.6666666666666666
74730	267	0	5	0.66	205.8	1029.0	0.6666666666666666
74731	66	0	5	0.1575	64.0	320.0	0.0
74732	283	0	5	0.7	212.2	1061.0	0.6666666666666666
74733	157	0	5	0.385	138.0	690.0	0.0
74734	172	0	5	0.4225	170.0	850.0	0.3333333333333333
74735	42	0	5	0.0975	40.0	200.0	0.0
74736	170	0	5	0.4175	131.4	657.0	0.3333333333333333
74737	360	1	4	0.8975	120.8	604.0	1.0
74738	223	0	5	0.55	134.6	673.0	0.3333333333333333
74739	194	0	5	0.4775	159.4	797.0	0.0
74740	381	1	4	0.95	119.2	596.0	1.0
74741	116	0	5	0.2825	94.0	470.0	0.3333333333333333
74742	90	0	5	0.2175	70.4	352.0	0.0
74743	283	0	5	0.7	122.6	613.0	0.3333333333333333
74744	190	0	5	0.4675	74.0	370.0	0.6666666666666666
74745	30	0	5	0.0675	19.2	96.0	0.3333333333333333
74746	355	0	5	0.88	195.6	978.0	0.6666666666666666
74747	145	0	5	0.355	60.8	304.0	0.6666666666666666
74748	276	0	5	0.6825	185.6	928.0	0.6666666666666666
74749	140	0	5	0.3425	60.8	304.0	0.3333333333333333
74750	311	1	4	0.775	183.4	917.0	1.0
74751	195	0	5	0.48	193.0	965.0	0.0
74752	86	0	5	0.2075	60.6	303.0	0.0
74753	215	0	5	0.53	213.0	1065.0	0.0
74754	178	0	5	0.4375	152.4	762.0	0.3333333333333333
74755	165	0	5	0.405	113.0	565.0	0.3333333333333333
74756	316	0	5	0.7825	177.8	889.0	0.6666666666666666
74757	191	1	4	0.475	130.6	653.0	1.0
74758	164	0	5	0.4025	135.6	678.0	0.0
74759	374	0	5	0.9275	180.6	903.0	0.6666666666666666
74760	15	0	5	0.03	12.4	62.0	0.0
74761	354	0	5	0.8775	169.6	848.0	0.6666666666666666
74762	380	0	5	0.9425	213.6	1068.0	0.6666666666666666
74763	221	0	5	0.545	177.0	885.0	0.3333333333333333
74764	307	0	5	0.76	115.4	577.0	0.0
74765	169	0	5	0.415	147.8	739.0	0.3333333333333333
74766	31	0	5	0.07	29.0	145.0	0.0
74767	229	0	5	0.565	209.8	1049.0	0.3333333333333333
74768	297	0	5	0.735	226.6	1133.0	0.3333333333333333
74769	252	0	5	0.6225	106.6	533.0	0.3333333333333333
74770	250	0	5	0.6175	96.4	482.0	0.6666666666666666
74771	226	0	5	0.5575	77.6	388.0	0.6666666666666666
74772	191	0	5	0.47	87.6	438.0	0.3333333333333333
74773	320	0	5	0.7925	113.0	565.0	0.6666666666666666
74774	401	0	5	0.995	317.2	1586.0	0.6666666666666666
74775	27	0	5	0.06	25.0	125.0	0.0
74776	309	0	5	0.765	101.4	507.0	0.3333333333333333
74777	290	0	5	0.7175	132.0	660.0	0.6666666666666666
74778	16	0	5	0.0325	14.0	70.0	0.0
74779	241	0	5	0.595	105.8	529.0	0.3333333333333333
74780	293	0	5	0.725	227.8	1139.0	0.3333333333333333
74781	394	1	4	0.9825	145.2	726.0	1.0
74782	189	0	5	0.465	121.0	605.0	0.0
74783	77	0	5	0.185	75.0	375.0	0.0
74784	396	0	5	0.9825	219.2	1096.0	0.6666666666666666
74785	306	0	5	0.7575	169.4	847.0	0.6666666666666666
74786	136	0	5	0.3325	101.2	506.0	0.3333333333333333
74787	89	0	5	0.215	78.4	392.0	0.3333333333333333
74788	344	0	5	0.8525	216.2	1081.0	0.3333333333333333
74789	320	0	5	0.7925	148.4	742.0	0.3333333333333333
74790	216	0	5	0.5325	183.4	917.0	0.3333333333333333
74791	247	0	5	0.61	153.0	765.0	0.3333333333333333
74792	222	0	5	0.5475	176.0	880.0	0.0
74793	256	0	5	0.6325	152.2	761.0	0.3333333333333333
74794	330	0	5	0.8175	112.0	560.0	0.3333333333333333
74795	21	0	5	0.045	19.0	95.0	0.0
74796	158	0	5	0.3875	156.0	780.0	0.0
74797	215	0	5	0.53	114.2	571.0	0.6666666666666666
74798	238	0	5	0.5875	186.8	934.0	0.6666666666666666
74799	84	0	5	0.2025	27.6	138.0	0.3333333333333333
74800	120	0	5	0.2925	105.2	526.0	0.0
74801	250	0	5	0.6175	156.4	782.0	0.3333333333333333
74802	123	0	5	0.3	98.4	492.0	0.6666666666666666
74803	196	0	5	0.4825	165.6	828.0	0.0
74804	23	0	5	0.05	21.0	105.0	0.0
74805	382	0	5	0.9475	225.8	1129.0	0.6666666666666666
74806	29	0	5	0.065	27.0	135.0	0.0
74807	331	1	4	0.825	175.6	878.0	1.0
74808	99	0	5	0.24	83.2	416.0	0.3333333333333333
74809	280	0	5	0.6925	114.0	570.0	0.6666666666666666
74810	278	0	5	0.6875	256.8	1284.0	0.0
74811	247	0	5	0.61	245.0	1225.0	0.0
74812	358	1	4	0.8925	129.2	646.0	1.0
74813	123	0	5	0.3	91.0	455.0	0.3333333333333333
74814	218	0	5	0.5375	128.0	640.0	0.6666666666666666
74815	380	0	5	0.9425	237.6	1188.0	0.6666666666666666
74816	130	0	5	0.3175	84.0	420.0	0.3333333333333333
74817	162	0	5	0.3975	149.2	746.0	0.3333333333333333
74818	308	0	5	0.7625	119.6	598.0	0.3333333333333333
74819	394	1	4	0.9825	131.4	657.0	1.0
74820	375	0	5	0.93	185.2	926.0	0.6666666666666666
74821	213	0	5	0.525	110.2	551.0	0.3333333333333333
74822	186	0	5	0.4575	49.6	248.0	0.6666666666666666
74823	64	0	5	0.1525	62.0	310.0	0.0
74824	282	0	5	0.6975	180.6	903.0	0.6666666666666666
74825	162	0	5	0.3975	137.2	686.0	0.3333333333333333
74826	310	0	5	0.7675	238.0	1190.0	0.6666666666666666
74827	221	0	5	0.545	88.2	441.0	0.3333333333333333
74828	184	0	5	0.4525	147.2	736.0	0.3333333333333333
74829	52	0	5	0.1225	50.0	250.0	0.0
74830	56	0	5	0.1325	38.4	192.0	0.0
74831	373	1	4	0.93	170.6	853.0	1.0
74832	390	0	5	0.9675	256.4	1282.0	0.6666666666666666
74833	67	0	5	0.16	14.0	70.0	0.3333333333333333
74834	376	0	5	0.9325	167.2	836.0	0.6666666666666666
74835	101	0	5	0.245	88.0	440.0	0.0
74836	384	0	5	0.9525	236.6	1183.0	0.6666666666666666
74837	267	0	5	0.66	144.6	723.0	0.6666666666666666
74838	189	1	4	0.47	138.0	690.0	1.0
74839	226	0	5	0.5575	97.6	488.0	0.6666666666666666
74840	322	0	5	0.7975	121.6	608.0	0.6666666666666666
74841	148	0	5	0.3625	83.4	417.0	0.6666666666666666
74842	241	0	5	0.595	232.4	1162.0	0.0
74843	280	0	5	0.6925	77.2	386.0	0.3333333333333333
74844	86	0	5	0.2075	81.6	408.0	0.3333333333333333
74845	286	0	5	0.7075	153.4	767.0	0.6666666666666666
74846	379	1	4	0.945	239.8	1199.0	1.0
74847	345	1	3	0.86	177.0	885.0	1.0
74848	336	0	5	0.8325	250.0	1250.0	0.6666666666666666
74849	162	0	5	0.3975	126.4	632.0	0.3333333333333333
74850	247	0	5	0.61	192.2	961.0	0.3333333333333333
74851	341	0	5	0.845	242.4	1212.0	0.6666666666666666
74852	352	1	4	0.8775	259.4	1297.0	1.0
74853	156	0	5	0.3825	107.2	536.0	0.3333333333333333
74854	70	1	4	0.1725	29.4	147.0	1.0
74855	164	0	5	0.4025	160.4	802.0	0.0
74856	120	0	5	0.2925	70.6	353.0	0.3333333333333333
74857	351	0	5	0.87	214.8	1074.0	0.3333333333333333
74858	103	0	5	0.25	71.6	358.0	0.3333333333333333
74859	166	0	5	0.4075	129.2	646.0	0.6666666666666666
74860	191	0	5	0.47	156.8	784.0	0.3333333333333333
74861	283	0	5	0.7	172.2	861.0	0.6666666666666666
74862	96	0	5	0.2325	57.6	288.0	0.0
74863	247	0	5	0.61	69.8	349.0	0.6666666666666666
74864	257	0	5	0.635	238.2	1191.0	0.3333333333333333
74865	264	0	5	0.6525	156.0	780.0	0.0
74866	283	0	5	0.7	177.8	889.0	0.6666666666666666
74867	354	0	5	0.8775	234.0	1170.0	0.0
74868	207	0	5	0.51	123.4	617.0	0.3333333333333333
74869	66	0	5	0.1575	64.0	320.0	0.0
74870	181	0	5	0.445	133.8	669.0	0.3333333333333333
74871	200	1	4	0.4975	99.6	498.0	1.0
74872	215	0	5	0.53	124.6	623.0	0.6666666666666666
74873	328	0	5	0.8125	120.4	602.0	0.6666666666666666
74874	280	0	5	0.6925	126.8	634.0	0.6666666666666666
74875	30	0	5	0.0675	28.0	140.0	0.0
74876	90	0	5	0.2175	56.8	284.0	0.3333333333333333
74877	272	0	5	0.6725	84.4	422.0	0.6666666666666666
74878	401	0	4	0.9975	175.2	876.0	0.6666666666666666
74879	53	0	5	0.125	51.0	255.0	0.0
74880	289	0	5	0.715	97.8	489.0	0.3333333333333333
74881	212	0	5	0.5225	142.2	711.0	0.3333333333333333
74882	48	1	4	0.1175	17.6	88.0	1.0
74883	5	0	5	0.005	3.0	15.0	0.0
74884	115	0	5	0.28	113.0	565.0	0.0
74885	251	0	5	0.62	216.6	1083.0	0.3333333333333333
74886	334	0	5	0.8275	121.4	607.0	0.6666666666666666
74887	110	0	5	0.2675	32.0	160.0	0.3333333333333333
74888	76	0	5	0.1825	74.0	370.0	0.0
74889	351	0	5	0.87	133.4	667.0	0.3333333333333333
74890	250	0	5	0.6175	248.0	1240.0	0.3333333333333333
74891	239	0	5	0.59	117.4	587.0	0.3333333333333333
74892	179	0	5	0.44	45.8	229.0	0.6666666666666666
74893	221	0	5	0.545	100.4	502.0	0.6666666666666666
74894	60	0	5	0.1425	18.8	94.0	0.0
74895	71	0	5	0.17	52.2	261.0	0.3333333333333333
74896	338	1	4	0.8425	200.2	1001.0	1.0
74897	381	1	4	0.95	134.0	670.0	1.0
74898	118	0	5	0.2875	50.4	252.0	0.3333333333333333
74899	91	0	5	0.22	62.6	313.0	0.0
74900	154	0	5	0.3775	67.2	336.0	0.6666666666666666
74901	335	0	5	0.83	190.6	953.0	0.3333333333333333
74902	131	0	5	0.32	58.2	291.0	0.0
74903	195	0	5	0.48	71.4	357.0	0.3333333333333333
74904	225	0	5	0.555	146.2	731.0	0.6666666666666666
74905	136	0	5	0.3325	123.0	615.0	0.3333333333333333
74906	317	0	5	0.785	113.4	567.0	0.3333333333333333
74907	195	0	5	0.48	153.8	769.0	0.3333333333333333
74908	166	0	5	0.4075	36.8	184.0	0.6666666666666666
74909	145	1	4	0.36	83.4	417.0	1.0
74910	353	0	5	0.875	212.6	1063.0	0.6666666666666666
74911	389	0	5	0.965	245.4	1227.0	0.6666666666666666
74912	21	0	5	0.045	19.0	95.0	0.0
74913	19	0	5	0.04	17.0	85.0	0.3333333333333333
74914	125	0	5	0.305	97.4	487.0	0.3333333333333333
74915	203	0	5	0.5	160.0	800.0	0.0
74916	289	0	5	0.715	208.8	1044.0	0.6666666666666666
74917	310	0	5	0.7675	163.4	817.0	0.6666666666666666
74918	265	1	4	0.66	170.2	851.0	1.0
74919	28	0	5	0.0625	15.2	76.0	0.0
74920	343	0	5	0.85	263.8	1319.0	0.3333333333333333
74921	221	0	5	0.545	174.2	871.0	0.0
74922	400	1	4	0.9975	185.6	928.0	1.0
74923	288	0	5	0.7125	247.6	1238.0	0.3333333333333333
74924	169	0	5	0.415	121.8	609.0	0.3333333333333333
74925	243	0	5	0.6	197.2	986.0	0.0
74926	224	0	5	0.5525	178.6	893.0	0.3333333333333333
74927	221	0	5	0.545	110.0	550.0	0.0
74928	381	0	5	0.945	157.8	789.0	0.6666666666666666
74929	348	0	5	0.8625	132.4	662.0	0.6666666666666666
74930	101	0	5	0.245	99.0	495.0	0.0
74931	171	0	5	0.42	128.6	643.0	0.6666666666666666
74932	311	0	5	0.77	128.6	643.0	0.3333333333333333
74933	322	0	5	0.7975	249.6	1248.0	0.3333333333333333
74934	129	0	5	0.315	62.2	311.0	0.3333333333333333
74935	72	0	5	0.1725	70.0	350.0	0.0
74936	251	0	5	0.62	183.2	916.0	0.0
74937	271	0	5	0.67	220.6	1103.0	0.3333333333333333
74938	245	0	5	0.605	190.2	951.0	0.3333333333333333
74939	362	0	5	0.8975	239.6	1198.0	0.6666666666666666
74940	128	0	5	0.3125	112.2	561.0	0.0
74941	324	0	5	0.8025	158.0	790.0	0.6666666666666666
74942	77	0	5	0.185	69.4	347.0	0.0
74943	215	0	5	0.53	102.0	510.0	0.3333333333333333
74944	295	0	5	0.73	155.4	777.0	0.6666666666666666
74945	138	0	5	0.3375	120.8	604.0	0.3333333333333333
74946	105	0	5	0.255	103.0	515.0	0.0
74947	297	0	5	0.735	182.2	911.0	0.6666666666666666
74948	254	1	4	0.6325	179.2	896.0	1.0
74949	159	0	5	0.39	122.2	611.0	0.6666666666666666
74950	218	0	5	0.5375	112.8	564.0	0.3333333333333333
74951	383	0	5	0.95	282.2	1411.0	0.6666666666666666
74952	53	0	5	0.125	51.0	255.0	0.0
74953	234	0	5	0.5775	194.6	973.0	0.3333333333333333
74954	302	0	5	0.7475	135.0	675.0	0.3333333333333333
74955	328	0	5	0.8125	284.8	1424.0	0.6666666666666666
74956	387	0	5	0.96	143.0	715.0	0.6666666666666666
74957	201	0	5	0.495	85.4	427.0	0.6666666666666666
74958	186	1	4	0.4625	45.2	226.0	1.0
74959	299	0	5	0.74	116.2	581.0	0.6666666666666666
74960	239	0	5	0.59	236.2	1181.0	0.0
74961	243	0	5	0.6	177.8	889.0	0.6666666666666666
74962	252	0	5	0.6225	234.4	1172.0	0.3333333333333333
74963	150	0	5	0.3675	98.4	492.0	0.0
74964	124	0	5	0.3025	55.6	278.0	0.0
74965	179	0	5	0.44	70.4	352.0	0.3333333333333333
74966	380	1	4	0.9475	144.8	724.0	1.0
74967	136	0	5	0.3325	107.6	538.0	0.3333333333333333
74968	340	1	4	0.8475	192.4	962.0	1.0
74969	395	0	5	0.98	216.6	1083.0	0.6666666666666666
74970	308	0	5	0.7625	170.0	850.0	0.3333333333333333
74971	328	1	4	0.8175	125.6	628.0	1.0
74972	299	1	4	0.745	126.6	633.0	1.0
74973	133	0	5	0.325	43.8	219.0	0.3333333333333333
74974	179	0	5	0.44	153.6	768.0	0.3333333333333333
74975	194	0	5	0.4775	178.2	891.0	0.3333333333333333
74976	204	0	5	0.5025	140.4	702.0	0.3333333333333333
74977	273	0	5	0.675	194.2	971.0	0.6666666666666666
74978	22	0	5	0.0475	18.4	92.0	0.3333333333333333
74979	302	0	5	0.7475	123.4	617.0	0.3333333333333333
74980	134	0	5	0.3275	121.2	606.0	0.3333333333333333
74981	244	1	4	0.6075	76.8	384.0	1.0
74982	290	0	5	0.7175	201.8	1009.0	0.3333333333333333
74983	105	0	5	0.255	102.4	512.0	0.0
74984	269	0	5	0.665	233.2	1166.0	0.3333333333333333
74985	373	0	5	0.925	83.0	415.0	0.6666666666666666
74986	100	0	5	0.2425	53.6	268.0	0.0
74987	112	0	5	0.2725	110.0	550.0	0.0
74988	213	0	5	0.525	181.2	906.0	0.3333333333333333
74989	195	0	5	0.48	155.2	776.0	0.3333333333333333
74990	315	0	5	0.78	288.6	1443.0	0.6666666666666666
74991	179	0	5	0.44	56.2	281.0	0.3333333333333333
74992	125	0	5	0.305	57.4	287.0	0.3333333333333333
74993	128	0	5	0.3125	34.0	170.0	0.3333333333333333
74994	309	0	5	0.765	155.4	777.0	0.3333333333333333
74995	288	0	5	0.7125	233.6	1168.0	0.3333333333333333
74996	144	0	5	0.3525	92.8	464.0	0.3333333333333333
74997	14	0	5	0.0275	12.0	60.0	0.0
74998	134	0	5	0.3275	66.0	330.0	0.3333333333333333
74999	366	0	5	0.9075	245.4	1227.0	0.6666666666666666
75000	99	0	5	0.24	97.0	485.0	0.0
75001	62	0	5	0.1475	37.2	186.0	0.3333333333333333
75002	177	0	5	0.435	139.0	695.0	0.3333333333333333
75003	370	0	5	0.9175	78.0	390.0	0.6666666666666666
75004	217	0	5	0.535	55.0	275.0	0.6666666666666666
75005	265	0	5	0.655	183.0	915.0	0.3333333333333333
75006	62	1	4	0.1525	48.8	244.0	1.0
75007	71	0	5	0.17	69.0	345.0	0.0
75008	298	0	5	0.7375	206.0	1030.0	0.3333333333333333
75009	331	0	5	0.82	156.4	782.0	0.6666666666666666
75010	305	0	5	0.755	94.0	470.0	0.6666666666666666
75011	138	0	5	0.3375	73.6	368.0	0.3333333333333333
75012	31	0	5	0.07	29.0	145.0	0.0
75013	26	0	5	0.0575	24.0	120.0	0.0
75014	72	0	5	0.1725	70.0	350.0	0.0
75015	127	0	5	0.31	67.4	337.0	0.3333333333333333
75016	334	0	5	0.8275	76.4	382.0	0.6666666666666666
75017	182	0	5	0.4475	173.4	867.0	0.3333333333333333
75018	370	0	5	0.9175	321.8	1609.0	0.6666666666666666
75019	89	0	5	0.215	87.0	435.0	0.0
75020	314	1	4	0.7825	164.4	822.0	1.0
75021	293	0	5	0.725	152.8	764.0	0.3333333333333333
75022	191	0	5	0.47	146.2	731.0	0.3333333333333333
75023	132	0	5	0.3225	106.0	530.0	0.0
75024	251	1	4	0.625	228.8	1144.0	1.0
75025	77	0	5	0.185	51.8	259.0	0.3333333333333333
75026	219	0	5	0.54	119.4	597.0	0.3333333333333333
75027	340	1	4	0.8475	256.2	1281.0	1.0
75028	381	0	5	0.945	299.6	1498.0	0.6666666666666666
75029	77	0	5	0.185	75.0	375.0	0.0
75030	149	0	5	0.365	127.8	639.0	0.0
75031	238	0	5	0.5875	108.2	541.0	0.6666666666666666
75032	348	0	5	0.8625	239.0	1195.0	0.6666666666666666
75033	203	0	5	0.5	156.0	780.0	0.6666666666666666
75034	244	0	5	0.6025	193.2	966.0	0.3333333333333333
75035	122	0	5	0.2975	34.4	172.0	0.3333333333333333
75036	75	0	5	0.18	53.8	269.0	0.3333333333333333
75037	184	1	4	0.4575	97.0	485.0	1.0
75038	267	0	5	0.66	98.6	493.0	0.3333333333333333
75039	65	0	5	0.155	53.4	267.0	0.3333333333333333
75040	181	0	5	0.445	157.6	788.0	0.3333333333333333
75041	324	0	5	0.8025	215.2	1076.0	0.3333333333333333
75042	186	0	5	0.4575	157.8	789.0	0.0
75043	333	0	5	0.825	185.4	927.0	0.6666666666666666
75044	44	0	5	0.1025	42.0	210.0	0.0
75045	185	0	5	0.455	45.2	226.0	0.3333333333333333
75046	362	1	4	0.9025	181.6	908.0	1.0
75047	324	1	4	0.8075	234.0	1170.0	1.0
75048	144	0	5	0.3525	107.6	538.0	0.3333333333333333
75049	330	0	5	0.8175	104.0	520.0	0.3333333333333333
75050	248	0	5	0.6125	62.0	310.0	0.3333333333333333
75051	230	0	5	0.5675	98.6	493.0	0.6666666666666666
75052	199	0	5	0.49	150.2	751.0	0.6666666666666666
75053	323	0	5	0.8	226.4	1132.0	0.6666666666666666
75054	22	0	5	0.0475	20.0	100.0	0.0
75055	61	0	5	0.145	59.0	295.0	0.0
75056	316	0	5	0.7825	217.0	1085.0	0.3333333333333333
75057	350	0	5	0.8675	79.2	396.0	0.6666666666666666
75058	294	0	5	0.7275	113.6	568.0	0.3333333333333333
75059	136	0	5	0.3325	134.0	670.0	0.0
75060	132	0	5	0.3225	130.0	650.0	0.0
75061	112	0	5	0.2725	62.6	313.0	0.3333333333333333
75062	252	0	5	0.6225	160.4	802.0	0.3333333333333333
75063	37	0	5	0.085	35.0	175.0	0.0
75064	142	0	5	0.3475	138.4	692.0	0.3333333333333333
75065	308	0	5	0.7625	210.0	1050.0	0.6666666666666666
75066	153	0	5	0.375	97.4	487.0	0.0
75067	384	0	5	0.9525	174.8	874.0	0.6666666666666666
75068	273	0	5	0.675	148.0	740.0	0.3333333333333333
75069	395	0	5	0.98	215.8	1079.0	0.6666666666666666
75070	73	0	5	0.175	50.6	253.0	0.3333333333333333
75071	181	0	5	0.445	96.6	483.0	0.3333333333333333
75072	164	0	5	0.4025	162.0	810.0	0.0
75073	385	0	5	0.955	213.4	1067.0	0.6666666666666666
75074	59	0	5	0.14	21.8	109.0	0.3333333333333333
75075	243	0	5	0.6	166.0	830.0	0.6666666666666666
75076	401	0	4	0.9975	209.2	1046.0	0.6666666666666666
75077	346	1	4	0.8625	254.2	1271.0	1.0
75078	13	0	5	0.025	10.2	51.0	0.0
75079	400	0	5	0.9925	103.6	518.0	0.6666666666666666
75080	91	0	5	0.22	74.0	370.0	0.0
75081	172	0	5	0.4225	86.8	434.0	0.3333333333333333
75082	311	0	5	0.77	187.4	937.0	0.3333333333333333
75083	202	1	4	0.5025	165.4	827.0	1.0
75084	165	0	5	0.405	131.0	655.0	0.6666666666666666
75085	336	0	5	0.8325	293.8	1469.0	0.6666666666666666
75086	350	0	5	0.8675	276.4	1382.0	0.3333333333333333
75087	41	0	5	0.095	39.0	195.0	0.0
75088	93	0	5	0.225	87.8	439.0	0.3333333333333333
75089	109	0	5	0.265	107.0	535.0	0.0
75090	107	0	5	0.26	105.0	525.0	0.0
75091	137	0	5	0.335	121.4	607.0	0.3333333333333333
75092	129	0	5	0.315	93.0	465.0	0.6666666666666666
75093	401	0	5	0.995	261.6	1308.0	0.6666666666666666
75094	14	0	5	0.0275	12.0	60.0	0.0
75095	345	0	5	0.855	277.8	1389.0	0.6666666666666666
75096	164	0	5	0.4025	160.2	801.0	0.0
75097	223	0	5	0.55	155.8	779.0	0.3333333333333333
75098	338	0	5	0.8375	242.8	1214.0	0.6666666666666666
75099	236	0	5	0.5825	209.4	1047.0	0.3333333333333333
75100	352	0	5	0.8725	138.0	690.0	0.6666666666666666
75101	370	0	5	0.9175	136.0	680.0	0.6666666666666666
75102	269	0	5	0.665	185.4	927.0	0.0
75103	233	0	5	0.575	159.2	796.0	0.6666666666666666
75104	398	1	4	0.9925	210.8	1054.0	1.0
75105	320	0	5	0.7925	133.2	666.0	0.6666666666666666
75106	36	0	5	0.0825	34.0	170.0	0.0
75107	196	0	5	0.4825	96.8	484.0	0.3333333333333333
75108	126	0	5	0.3075	112.0	560.0	0.3333333333333333
75109	25	0	5	0.055	18.2	91.0	0.3333333333333333
75110	174	0	5	0.4275	172.0	860.0	0.3333333333333333
75111	340	0	5	0.8425	135.2	676.0	0.6666666666666666
75112	235	0	5	0.58	185.4	927.0	0.6666666666666666
75113	69	0	5	0.165	54.8	274.0	0.3333333333333333
75114	334	0	5	0.8275	233.6	1168.0	0.3333333333333333
75115	395	1	4	0.985	104.6	523.0	1.0
75116	172	0	5	0.4225	140.4	702.0	0.3333333333333333
75117	117	0	5	0.285	87.8	439.0	0.3333333333333333
75118	276	0	5	0.6825	182.0	910.0	0.3333333333333333
75119	379	0	5	0.94	191.8	959.0	0.6666666666666666
75120	373	0	5	0.925	318.2	1591.0	0.3333333333333333
75121	109	0	5	0.265	107.0	535.0	0.0
75122	82	0	5	0.1975	75.4	377.0	0.0
75123	377	1	4	0.94	114.8	574.0	1.0
75124	71	0	5	0.17	54.0	270.0	0.3333333333333333
75125	394	0	5	0.9775	246.6	1233.0	0.6666666666666666
75126	358	0	5	0.8875	201.4	1007.0	0.6666666666666666
75127	336	0	5	0.8325	183.6	918.0	0.3333333333333333
75128	134	0	5	0.3275	114.0	570.0	0.3333333333333333
75129	279	0	5	0.69	149.8	749.0	0.6666666666666666
75130	342	0	5	0.8475	146.2	731.0	0.0
75131	140	0	5	0.3425	114.2	571.0	0.3333333333333333
75132	375	0	5	0.93	242.6	1213.0	0.6666666666666666
75133	58	0	5	0.1375	56.0	280.0	0.0
75134	235	0	5	0.58	174.2	871.0	0.3333333333333333
75135	139	0	5	0.34	103.4	517.0	0.3333333333333333
75136	290	0	5	0.7175	283.6	1418.0	0.0
75137	371	0	5	0.92	196.6	983.0	0.6666666666666666
75138	199	0	5	0.49	107.4	537.0	0.6666666666666666
75139	186	0	5	0.4575	138.0	690.0	0.6666666666666666
75140	102	0	5	0.2475	81.2	406.0	0.3333333333333333
75141	123	0	5	0.3	73.8	369.0	0.3333333333333333
75142	123	0	5	0.3	87.4	437.0	0.3333333333333333
75143	160	0	5	0.3925	90.6	453.0	0.3333333333333333
75144	263	0	5	0.65	146.6	733.0	0.6666666666666666
75145	189	0	5	0.465	121.8	609.0	0.3333333333333333
75146	25	0	5	0.055	16.4	82.0	0.3333333333333333
75147	229	0	5	0.565	183.2	916.0	0.3333333333333333
75148	239	0	5	0.59	217.4	1087.0	0.3333333333333333
75149	254	0	5	0.6275	165.6	828.0	0.0
75150	203	0	5	0.5	131.4	657.0	0.6666666666666666
75151	310	0	5	0.7675	205.8	1029.0	0.6666666666666666
75152	182	1	4	0.4525	120.6	603.0	1.0
75153	219	0	5	0.54	130.6	653.0	0.6666666666666666
75154	151	0	5	0.37	84.4	422.0	0.3333333333333333
75155	35	0	5	0.08	31.0	155.0	0.3333333333333333
75156	200	0	5	0.4925	198.0	990.0	0.0
75157	206	1	4	0.5125	151.6	758.0	1.0
75158	209	1	4	0.52	70.2	351.0	1.0
75159	49	0	5	0.115	47.0	235.0	0.0
75160	77	0	5	0.185	70.4	352.0	0.0
75161	83	0	5	0.2	54.2	271.0	0.0
75162	376	1	4	0.9375	92.8	464.0	1.0
75163	332	0	5	0.8225	88.4	442.0	0.6666666666666666
75164	282	1	4	0.7025	196.4	982.0	1.0
75165	394	0	5	0.9775	243.2	1216.0	0.6666666666666666
75166	316	1	4	0.7875	136.0	680.0	1.0
75167	318	0	5	0.7875	125.6	628.0	0.0
75168	338	0	5	0.8375	140.4	702.0	0.6666666666666666
75169	258	0	5	0.6375	210.8	1054.0	0.3333333333333333
75170	144	0	5	0.3525	140.0	700.0	0.0
75171	188	0	5	0.4625	142.4	712.0	0.3333333333333333
75172	51	0	5	0.12	22.6	113.0	0.3333333333333333
75173	258	0	5	0.6375	155.6	778.0	0.6666666666666666
75174	365	1	4	0.91	115.4	577.0	1.0
75175	241	0	5	0.595	114.2	571.0	0.3333333333333333
75176	344	1	4	0.8575	84.0	420.0	1.0
75177	283	0	5	0.7	161.2	806.0	0.6666666666666666
75178	214	0	5	0.5275	87.8	439.0	0.3333333333333333
75179	368	0	5	0.9125	215.0	1075.0	0.3333333333333333
75180	26	0	5	0.0575	20.6	103.0	0.0
75181	128	0	5	0.3125	57.0	285.0	0.0
75182	332	0	5	0.8225	224.8	1124.0	0.3333333333333333
75183	140	0	5	0.3425	138.0	690.0	0.0
75184	358	0	5	0.8875	251.6	1258.0	0.3333333333333333
75185	261	0	5	0.645	122.2	611.0	0.3333333333333333
75186	284	0	5	0.7025	204.0	1020.0	0.3333333333333333
75187	179	0	5	0.44	90.6	453.0	0.0
75188	109	0	5	0.265	107.0	535.0	0.3333333333333333
75189	33	0	5	0.075	31.0	155.0	0.0
75190	53	0	5	0.125	51.0	255.0	0.0
75191	64	0	5	0.1525	35.6	178.0	0.3333333333333333
75192	50	0	5	0.1175	48.0	240.0	0.0
75193	159	0	5	0.39	145.0	725.0	0.3333333333333333
75194	200	0	5	0.4925	103.2	516.0	0.3333333333333333
75195	231	1	4	0.575	195.4	977.0	1.0
75196	309	0	5	0.765	101.4	507.0	0.6666666666666666
75197	183	0	5	0.45	91.0	455.0	0.3333333333333333
75198	10	0	5	0.0175	4.0	20.0	0.3333333333333333
75199	366	0	5	0.9075	178.6	893.0	0.6666666666666666
75200	167	0	5	0.41	125.8	629.0	0.6666666666666666
75201	121	0	5	0.295	119.0	595.0	0.0
75202	270	0	5	0.6675	62.4	312.0	0.0
75203	79	0	5	0.19	41.0	205.0	0.3333333333333333
75204	247	0	5	0.61	109.4	547.0	0.3333333333333333
75205	35	0	5	0.08	33.0	165.0	0.0
75206	332	0	5	0.8225	268.2	1341.0	0.6666666666666666
75207	88	0	5	0.2125	40.2	201.0	0.3333333333333333
75208	142	0	5	0.3475	90.4	452.0	0.3333333333333333
75209	355	0	5	0.88	318.2	1591.0	0.6666666666666666
75210	21	0	5	0.045	19.0	95.0	0.0
75211	87	0	5	0.21	55.4	277.0	0.3333333333333333
75212	199	0	5	0.49	197.0	985.0	0.0
75213	279	0	5	0.69	220.6	1103.0	0.6666666666666666
75214	182	0	5	0.4475	121.6	608.0	0.3333333333333333
75215	308	0	5	0.7625	132.4	662.0	0.6666666666666666
75216	111	0	5	0.27	107.0	535.0	0.3333333333333333
75217	14	0	5	0.0275	12.0	60.0	0.0
75218	221	0	5	0.545	113.0	565.0	0.6666666666666666
75219	270	0	5	0.6675	221.0	1105.0	0.6666666666666666
75220	23	0	5	0.05	21.0	105.0	0.0
75221	115	0	5	0.28	82.6	413.0	0.3333333333333333
75222	382	0	5	0.9475	217.6	1088.0	0.6666666666666666
75223	110	0	5	0.2675	57.4	287.0	0.3333333333333333
75224	287	0	5	0.71	233.0	1165.0	0.3333333333333333
75225	186	0	5	0.4575	140.8	704.0	0.3333333333333333
75226	171	0	5	0.42	102.8	514.0	0.3333333333333333
75227	216	0	5	0.5325	80.2	401.0	0.3333333333333333
75228	62	0	5	0.1475	60.0	300.0	0.0
75229	131	0	5	0.32	111.4	557.0	0.0
75230	271	0	5	0.67	181.8	909.0	0.0
75231	350	0	5	0.8675	225.4	1127.0	0.6666666666666666
75232	78	0	5	0.1875	33.6	168.0	0.3333333333333333
75233	49	0	5	0.115	47.0	235.0	0.0
75234	73	0	5	0.175	71.0	355.0	0.0
75235	377	0	5	0.935	255.6	1278.0	0.6666666666666666
75236	289	1	4	0.72	181.2	906.0	1.0
75237	396	0	5	0.9825	259.6	1298.0	0.6666666666666666
75238	397	0	5	0.985	121.4	607.0	0.6666666666666666
75239	271	0	5	0.67	168.2	841.0	0.3333333333333333
75240	68	0	5	0.1625	66.0	330.0	0.0
75241	124	0	5	0.3025	88.8	444.0	0.6666666666666666
75242	385	1	4	0.96	282.4	1412.0	1.0
75243	53	0	5	0.125	51.0	255.0	0.0
75244	235	0	5	0.58	46.6	233.0	0.0
75245	183	0	5	0.45	72.6	363.0	0.3333333333333333
75246	338	0	5	0.8375	112.8	564.0	0.6666666666666666
75247	295	1	4	0.735	125.4	627.0	1.0
75248	334	0	5	0.8275	164.8	824.0	0.6666666666666666
75249	176	0	5	0.4325	126.0	630.0	0.0
75250	83	0	5	0.2	81.0	405.0	0.0
75251	236	1	4	0.5875	152.0	760.0	1.0
75252	337	0	5	0.835	172.4	862.0	0.3333333333333333
75253	379	0	5	0.94	241.6	1208.0	0.6666666666666666
75254	120	0	5	0.2925	118.0	590.0	0.0
75255	333	0	5	0.825	198.4	992.0	0.6666666666666666
75256	59	0	5	0.14	57.0	285.0	0.0
75257	324	0	5	0.8025	240.0	1200.0	0.6666666666666666
75258	369	0	5	0.915	203.4	1017.0	0.6666666666666666
75259	294	0	5	0.7275	244.0	1220.0	0.3333333333333333
75260	328	0	5	0.8125	284.0	1420.0	0.3333333333333333
75261	334	0	5	0.8275	136.0	680.0	0.6666666666666666
75262	279	0	5	0.69	210.8	1054.0	0.3333333333333333
75263	350	0	5	0.8675	88.0	440.0	0.6666666666666666
75264	384	0	5	0.9525	134.2	671.0	0.6666666666666666
75265	194	0	5	0.4775	157.6	788.0	0.6666666666666666
75266	119	0	5	0.29	97.4	487.0	0.0
75267	370	0	5	0.9175	178.6	893.0	0.6666666666666666
75268	127	0	5	0.31	84.6	423.0	0.3333333333333333
75269	307	0	5	0.76	115.8	579.0	0.6666666666666666
75270	40	0	5	0.0925	23.6	118.0	0.0
75271	382	0	5	0.9475	228.6	1143.0	0.6666666666666666
75272	218	0	5	0.5375	132.6	663.0	0.6666666666666666
75273	369	0	5	0.915	312.8	1564.0	0.6666666666666666
75274	372	0	5	0.9225	183.0	915.0	0.3333333333333333
75275	80	0	5	0.1925	32.4	162.0	0.3333333333333333
75276	92	0	5	0.2225	90.0	450.0	0.0
75277	260	0	5	0.6425	141.2	706.0	0.3333333333333333
75278	130	0	5	0.3175	72.0	360.0	0.3333333333333333
75279	249	0	5	0.615	159.4	797.0	0.3333333333333333
75280	205	0	5	0.505	95.6	478.0	0.3333333333333333
75281	393	0	5	0.975	258.6	1293.0	0.3333333333333333
75282	29	0	5	0.065	27.0	135.0	0.0
75283	95	0	5	0.23	25.0	125.0	0.0
75284	194	0	5	0.4775	157.4	787.0	0.0
75285	188	0	5	0.4625	167.0	835.0	0.6666666666666666
75286	375	0	5	0.93	257.8	1289.0	0.6666666666666666
75287	109	0	5	0.265	107.0	535.0	0.0
75288	165	0	5	0.405	160.6	803.0	0.3333333333333333
75289	294	0	5	0.7275	192.4	962.0	0.6666666666666666
75290	305	0	5	0.755	125.6	628.0	0.6666666666666666
75291	159	0	5	0.39	149.2	746.0	0.3333333333333333
75292	62	0	5	0.1475	60.0	300.0	0.0
75293	353	1	4	0.88	160.2	801.0	1.0
75294	320	0	5	0.7925	225.0	1125.0	0.6666666666666666
75295	347	0	5	0.86	165.4	827.0	0.6666666666666666
75296	227	0	5	0.56	204.0	1020.0	0.3333333333333333
75297	28	0	5	0.0625	26.0	130.0	0.0
75298	81	0	5	0.195	55.6	278.0	0.0
75299	332	0	5	0.8225	255.0	1275.0	0.3333333333333333
75300	280	0	5	0.6925	193.6	968.0	0.3333333333333333
75301	371	1	4	0.925	209.0	1045.0	1.0
75302	229	0	5	0.565	142.6	713.0	0.3333333333333333
75303	21	0	5	0.045	19.0	95.0	0.0
75304	34	0	5	0.0775	30.2	151.0	0.3333333333333333
75305	356	0	5	0.8825	316.8	1584.0	0.6666666666666666
75306	227	0	5	0.56	120.0	600.0	0.3333333333333333
75307	114	0	5	0.2775	61.4	307.0	0.6666666666666666
75308	218	0	5	0.5375	180.6	903.0	0.3333333333333333
75309	171	0	5	0.42	134.0	670.0	0.0
75310	347	0	5	0.86	301.8	1509.0	0.6666666666666666
75311	86	0	5	0.2075	51.6	258.0	0.6666666666666666
75312	345	0	5	0.855	224.6	1123.0	0.6666666666666666
75313	235	0	5	0.58	140.6	703.0	0.3333333333333333
75314	148	0	5	0.3625	101.6	508.0	0.6666666666666666
75315	85	0	5	0.205	41.4	207.0	0.3333333333333333
75316	277	0	5	0.685	134.4	672.0	0.3333333333333333
75317	256	0	5	0.6325	126.8	634.0	0.3333333333333333
75318	114	0	5	0.2775	110.4	552.0	0.3333333333333333
75319	252	0	5	0.6225	223.2	1116.0	0.3333333333333333
75320	266	0	5	0.6575	70.4	352.0	0.3333333333333333
75321	71	0	5	0.17	24.4	122.0	0.0
75322	92	0	5	0.2225	82.8	414.0	0.3333333333333333
75323	119	0	5	0.29	71.8	359.0	0.0
75324	81	0	5	0.195	79.0	395.0	0.0
75325	230	0	5	0.5675	143.2	716.0	0.3333333333333333
75326	231	0	5	0.57	51.4	257.0	0.6666666666666666
75327	175	0	5	0.43	103.2	516.0	0.6666666666666666
75328	270	1	4	0.6725	132.0	660.0	1.0
75329	293	0	5	0.725	140.4	702.0	0.3333333333333333
75330	261	0	5	0.645	202.2	1011.0	0.6666666666666666
75331	95	0	5	0.23	82.6	413.0	0.0
75332	122	0	5	0.2975	69.2	346.0	0.3333333333333333
75333	364	1	4	0.9075	141.6	708.0	1.0
75334	196	0	5	0.4825	105.2	526.0	0.3333333333333333
75335	44	0	5	0.1025	42.0	210.0	0.0
75336	67	0	5	0.16	65.0	325.0	0.0
75337	310	0	5	0.7675	204.4	1022.0	0.3333333333333333
75338	371	0	5	0.92	132.4	662.0	0.6666666666666666
75339	234	0	5	0.5775	206.8	1034.0	0.0
75340	291	0	5	0.72	72.2	361.0	0.3333333333333333
75341	34	0	5	0.0775	32.0	160.0	0.0
75342	274	0	5	0.6775	180.2	901.0	0.3333333333333333
75343	283	0	5	0.7	138.0	690.0	0.3333333333333333
75344	54	0	5	0.1275	26.4	132.0	0.3333333333333333
75345	373	0	5	0.925	291.4	1457.0	0.3333333333333333
75346	69	0	5	0.165	19.0	95.0	0.3333333333333333
75347	357	0	5	0.885	196.6	983.0	0.6666666666666666
75348	226	0	5	0.5575	170.2	851.0	0.6666666666666666
75349	93	0	5	0.225	63.4	317.0	0.0
75350	245	0	5	0.605	177.6	888.0	0.0
75351	316	0	5	0.7825	144.6	723.0	0.6666666666666666
75352	372	0	5	0.9225	196.8	984.0	0.6666666666666666
75353	121	0	5	0.295	111.0	555.0	0.3333333333333333
75354	50	0	5	0.1175	48.0	240.0	0.0
75355	189	0	5	0.465	116.8	584.0	0.6666666666666666
75356	356	1	4	0.8875	206.4	1032.0	1.0
75357	369	0	5	0.915	217.8	1089.0	0.6666666666666666
75358	182	0	5	0.4475	142.6	713.0	0.6666666666666666
75359	45	0	5	0.105	43.0	215.0	0.0
75360	289	0	5	0.715	243.4	1217.0	0.3333333333333333
75361	127	0	5	0.31	42.6	213.0	0.3333333333333333
75362	307	0	5	0.76	301.8	1509.0	0.3333333333333333
75363	98	0	5	0.2375	70.0	350.0	0.3333333333333333
75364	399	0	5	0.99	146.6	733.0	0.6666666666666666
75365	14	0	5	0.0275	12.0	60.0	0.0
75366	192	0	5	0.4725	159.4	797.0	0.6666666666666666
75367	383	0	5	0.95	321.0	1605.0	0.6666666666666666
75368	342	0	5	0.8475	95.2	476.0	0.6666666666666666
75369	157	0	5	0.385	155.0	775.0	0.0
75370	347	1	4	0.865	250.0	1250.0	1.0
75371	253	0	5	0.625	159.8	799.0	0.3333333333333333
75372	148	0	5	0.3625	98.0	490.0	0.3333333333333333
75373	262	0	5	0.6475	204.4	1022.0	0.6666666666666666
75374	197	0	5	0.485	163.8	819.0	0.3333333333333333
75375	165	0	5	0.405	159.0	795.0	0.3333333333333333
75376	174	0	5	0.4275	111.4	557.0	0.6666666666666666
75377	240	1	4	0.5975	93.8	469.0	1.0
75378	363	0	5	0.9	108.2	541.0	0.6666666666666666
75379	24	0	5	0.0525	22.0	110.0	0.0
75380	242	0	5	0.5975	239.4	1197.0	0.0
75381	242	0	5	0.5975	155.8	779.0	0.0
75382	141	0	5	0.345	139.0	695.0	0.0
75383	339	0	5	0.84	168.6	843.0	0.6666666666666666
75384	320	0	5	0.7925	155.0	775.0	0.3333333333333333
75385	382	0	5	0.9475	201.6	1008.0	0.6666666666666666
75386	245	0	5	0.605	127.2	636.0	0.3333333333333333
75387	277	0	5	0.685	273.0	1365.0	0.6666666666666666
75388	263	0	5	0.65	218.6	1093.0	0.6666666666666666
75389	377	1	4	0.94	210.8	1054.0	1.0
75390	334	0	5	0.8275	277.8	1389.0	0.6666666666666666
75391	236	0	5	0.5825	161.6	808.0	0.6666666666666666
75392	125	0	5	0.305	81.0	405.0	0.3333333333333333
75393	3	0	5	0.0025	0.8	4.0	0.3333333333333333
75394	166	0	5	0.4075	43.2	216.0	0.6666666666666666
75395	233	0	5	0.575	82.2	411.0	0.6666666666666666
75396	192	0	5	0.4725	179.8	899.0	0.3333333333333333
75397	141	0	5	0.345	67.0	335.0	0.6666666666666666
75398	290	0	5	0.7175	134.6	673.0	0.6666666666666666
75399	187	1	4	0.465	75.0	375.0	1.0
75400	246	0	5	0.6075	94.6	473.0	0.6666666666666666
75401	215	0	5	0.53	145.0	725.0	0.6666666666666666
75402	178	0	5	0.4375	120.0	600.0	0.6666666666666666
75403	39	0	5	0.09	37.0	185.0	0.0
75404	121	0	5	0.295	48.6	243.0	0.3333333333333333
75405	116	0	5	0.2825	50.8	254.0	0.6666666666666666
75406	236	0	5	0.5825	169.8	849.0	0.3333333333333333
75407	245	0	5	0.605	214.0	1070.0	0.6666666666666666
75408	85	0	5	0.205	52.4	262.0	0.0
75409	130	0	5	0.3175	112.4	562.0	0.3333333333333333
75410	151	1	4	0.375	51.8	259.0	1.0
75411	93	0	5	0.225	78.2	391.0	0.3333333333333333
75412	244	1	4	0.6075	79.8	399.0	1.0
75413	330	1	4	0.8225	206.6	1033.0	1.0
75414	96	0	5	0.2325	94.0	470.0	0.0
75415	303	0	5	0.75	265.6	1328.0	0.3333333333333333
75416	329	0	5	0.815	226.4	1132.0	0.6666666666666666
75417	206	0	5	0.5075	129.0	645.0	0.0
75418	17	0	5	0.035	15.0	75.0	0.0
75419	7	0	5	0.01	5.0	25.0	0.0
75420	315	0	5	0.78	225.4	1127.0	0.6666666666666666
75421	98	0	5	0.2375	96.0	480.0	0.0
75422	113	0	5	0.275	97.2	486.0	0.0
75423	59	0	5	0.14	56.6	283.0	0.3333333333333333
75424	327	0	5	0.81	212.6	1063.0	0.3333333333333333
75425	255	0	5	0.63	202.2	1011.0	0.3333333333333333
75426	135	0	5	0.33	42.8	214.0	0.3333333333333333
75427	401	0	5	0.995	331.6	1658.0	0.6666666666666666
75428	292	0	5	0.7225	228.2	1141.0	0.3333333333333333
75429	319	0	5	0.79	192.2	961.0	0.3333333333333333
75430	70	0	5	0.1675	68.0	340.0	0.0
75431	333	0	5	0.825	238.6	1193.0	0.3333333333333333
75432	398	1	4	0.9925	264.8	1324.0	1.0
75433	36	0	5	0.0825	34.0	170.0	0.0
75434	269	0	5	0.665	115.6	578.0	0.6666666666666666
75435	96	0	5	0.2325	70.0	350.0	0.3333333333333333
75436	200	0	5	0.4925	94.4	472.0	0.6666666666666666
75437	159	0	5	0.39	153.2	766.0	0.3333333333333333
75438	212	0	5	0.5225	210.0	1050.0	0.0
75439	298	0	5	0.7375	112.0	560.0	0.3333333333333333
75440	158	0	5	0.3875	105.8	529.0	0.0
75441	217	1	4	0.54	62.0	310.0	1.0
75442	387	1	4	0.965	100.6	503.0	1.0
75443	361	0	5	0.895	152.6	763.0	0.6666666666666666
75444	106	0	5	0.2575	72.8	364.0	0.3333333333333333
75445	277	0	5	0.685	225.2	1126.0	0.3333333333333333
75446	33	0	5	0.075	31.0	155.0	0.3333333333333333
75447	332	0	5	0.8225	76.0	380.0	0.6666666666666666
75448	199	0	5	0.49	53.6	268.0	0.6666666666666666
75449	182	0	5	0.4475	156.8	784.0	0.3333333333333333
75450	386	0	5	0.9575	224.2	1121.0	0.3333333333333333
75451	175	0	5	0.43	152.8	764.0	0.6666666666666666
75452	251	1	3	0.625	141.2	706.0	1.0
75453	138	0	5	0.3375	102.4	512.0	0.3333333333333333
75454	2	0	5	0.0	0.0	0.0	0.0
75455	155	0	5	0.38	63.0	315.0	0.3333333333333333
75456	88	0	5	0.2125	65.0	325.0	0.0
75457	362	1	4	0.9025	137.2	686.0	1.0
75458	229	0	5	0.565	201.0	1005.0	0.3333333333333333
75459	232	0	5	0.5725	142.0	710.0	0.6666666666666666
75460	164	0	5	0.4025	119.6	598.0	0.0
75461	273	0	5	0.675	203.0	1015.0	0.6666666666666666
75462	244	0	5	0.6025	50.8	254.0	0.6666666666666666
75463	198	0	5	0.4875	87.0	435.0	0.3333333333333333
75464	344	0	5	0.8525	266.6	1333.0	0.6666666666666666
75465	207	0	5	0.51	170.4	852.0	0.0
75466	297	0	5	0.735	181.8	909.0	0.6666666666666666
75467	253	0	5	0.625	213.2	1066.0	0.6666666666666666
75468	186	0	5	0.4575	145.6	728.0	0.6666666666666666
75469	330	0	5	0.8175	112.0	560.0	0.6666666666666666
75470	264	1	4	0.6575	152.4	762.0	1.0
75471	78	0	5	0.1875	49.6	248.0	0.3333333333333333
75472	149	0	5	0.365	51.0	255.0	0.6666666666666666
75473	257	0	5	0.635	221.2	1106.0	0.6666666666666666
75474	330	0	5	0.8175	263.8	1319.0	0.6666666666666666
75475	324	0	5	0.8025	175.0	875.0	0.6666666666666666
75476	290	0	5	0.7175	80.8	404.0	0.6666666666666666
75477	396	0	5	0.9825	223.0	1115.0	0.6666666666666666
75478	286	0	5	0.7075	204.0	1020.0	0.3333333333333333
75479	307	0	5	0.76	288.8	1444.0	0.3333333333333333
75480	308	0	5	0.7625	241.6	1208.0	0.6666666666666666
75481	338	0	5	0.8375	227.8	1139.0	0.6666666666666666
75482	211	0	5	0.52	199.0	995.0	0.3333333333333333
75483	106	0	5	0.2575	96.8	484.0	0.3333333333333333
75484	329	1	4	0.82	264.6	1323.0	1.0
75485	363	0	5	0.9	125.8	629.0	0.3333333333333333
75486	364	0	5	0.9025	170.8	854.0	0.6666666666666666
75487	177	0	5	0.435	166.6	833.0	0.0
75488	254	0	5	0.6275	203.2	1016.0	0.3333333333333333
75489	32	0	5	0.0725	30.0	150.0	0.0
75490	183	0	5	0.45	181.0	905.0	0.0
75491	291	0	5	0.72	211.2	1056.0	0.6666666666666666
75492	385	0	5	0.955	114.4	572.0	0.6666666666666666
75493	337	0	5	0.835	137.4	687.0	0.6666666666666666
75494	21	0	5	0.045	19.0	95.0	0.0
75495	278	0	5	0.6875	237.0	1185.0	0.0
75496	145	0	5	0.355	110.2	551.0	0.6666666666666666
75497	254	0	5	0.6275	235.2	1176.0	0.0
75498	23	0	5	0.05	21.0	105.0	0.0
75499	371	0	5	0.92	241.8	1209.0	0.6666666666666666
75500	369	0	5	0.915	363.0	1815.0	0.3333333333333333
75501	2	0	5	0.0	0.0	0.0	0.0
75502	196	1	4	0.4875	171.2	856.0	1.0
75503	319	0	5	0.79	225.2	1126.0	0.6666666666666666
75504	286	0	5	0.7075	194.8	974.0	0.6666666666666666
75505	163	0	5	0.4	141.4	707.0	0.3333333333333333
75506	371	0	5	0.92	271.4	1357.0	0.6666666666666666
75507	122	0	5	0.2975	81.6	408.0	0.3333333333333333
75508	258	0	5	0.6375	180.0	900.0	0.3333333333333333
75509	23	0	5	0.05	18.0	90.0	0.3333333333333333
75510	80	0	5	0.1925	64.0	320.0	0.3333333333333333
75511	165	1	4	0.41	96.2	481.0	1.0
75512	304	0	5	0.7525	106.4	532.0	0.3333333333333333
75513	189	0	5	0.465	83.0	415.0	0.6666666666666666
75514	39	0	5	0.09	37.0	185.0	0.0
75515	72	0	5	0.1725	68.8	344.0	0.3333333333333333
75516	305	0	5	0.755	164.2	821.0	0.6666666666666666
75517	65	0	5	0.155	55.0	275.0	0.0
75518	23	0	5	0.05	16.8	84.0	0.0
75519	293	0	5	0.725	121.8	609.0	0.6666666666666666
75520	74	0	5	0.1775	72.0	360.0	0.0
75521	164	0	5	0.4025	117.4	587.0	0.0
75522	15	0	5	0.03	13.0	65.0	0.0
75523	292	1	4	0.7275	197.8	989.0	1.0
75524	82	0	5	0.1975	55.2	276.0	0.3333333333333333
75525	391	0	5	0.97	181.2	906.0	0.6666666666666666
75526	203	0	5	0.5	131.8	659.0	0.0
75527	105	0	5	0.255	103.0	515.0	0.0
75528	231	0	5	0.57	139.0	695.0	0.3333333333333333
75529	348	1	4	0.8675	126.6	633.0	1.0
75530	323	0	5	0.8	201.8	1009.0	0.6666666666666666
75531	87	0	5	0.21	73.8	369.0	0.3333333333333333
75532	378	0	5	0.9375	200.4	1002.0	0.3333333333333333
75533	394	0	5	0.9775	209.2	1046.0	0.3333333333333333
75534	375	0	5	0.93	202.4	1012.0	0.6666666666666666
75535	293	0	5	0.725	129.0	645.0	0.0
75536	230	0	5	0.5675	194.2	971.0	0.3333333333333333
75537	235	0	5	0.58	54.6	273.0	0.6666666666666666
75538	172	0	5	0.4225	170.0	850.0	0.0
75539	117	0	5	0.285	115.0	575.0	0.0
75540	241	0	5	0.595	149.2	746.0	0.3333333333333333
75541	360	0	5	0.8925	204.2	1021.0	0.6666666666666666
75542	287	0	5	0.71	261.0	1305.0	0.3333333333333333
75543	323	0	5	0.8	253.0	1265.0	0.3333333333333333
75544	157	0	5	0.385	49.0	245.0	0.3333333333333333
75545	300	0	5	0.7425	264.8	1324.0	0.6666666666666666
75546	295	0	5	0.73	247.2	1236.0	0.6666666666666666
75547	154	0	5	0.3775	141.6	708.0	0.3333333333333333
75548	372	0	5	0.9225	156.2	781.0	0.6666666666666666
75549	368	0	5	0.9125	166.4	832.0	0.6666666666666666
75550	208	0	5	0.5125	143.0	715.0	0.3333333333333333
75551	281	1	4	0.7	117.8	589.0	1.0
75552	215	0	5	0.53	114.6	573.0	0.3333333333333333
75553	239	0	5	0.59	218.6	1093.0	0.6666666666666666
75554	72	0	5	0.1725	63.0	315.0	0.0
75555	35	0	5	0.08	28.0	140.0	0.0
75556	104	0	5	0.2525	50.0	250.0	0.3333333333333333
75557	62	0	5	0.1475	60.0	300.0	0.0
75558	225	0	5	0.555	223.0	1115.0	0.0
75559	215	0	5	0.53	196.8	984.0	0.6666666666666666
75560	110	0	5	0.2675	50.4	252.0	0.3333333333333333
75561	266	0	5	0.6575	209.4	1047.0	0.3333333333333333
75562	75	0	5	0.18	61.0	305.0	0.3333333333333333
75563	321	0	5	0.795	256.8	1284.0	0.3333333333333333
75564	148	0	5	0.3625	103.0	515.0	0.3333333333333333
75565	237	1	4	0.59	176.2	881.0	1.0
75566	386	0	5	0.9575	276.2	1381.0	0.6666666666666666
75567	368	0	5	0.9125	291.4	1457.0	0.6666666666666666
75568	179	1	3	0.445	145.2	726.0	1.0
75569	144	0	5	0.3525	108.0	540.0	0.0
75570	311	0	5	0.77	188.4	942.0	0.3333333333333333
75571	163	0	5	0.4	41.0	205.0	0.6666666666666666
75572	353	0	5	0.875	216.4	1082.0	0.6666666666666666
75573	281	0	5	0.695	259.0	1295.0	0.3333333333333333
75574	304	1	4	0.7575	200.8	1004.0	1.0
75575	275	0	5	0.68	148.6	743.0	0.3333333333333333
75576	312	0	5	0.7725	175.4	877.0	0.6666666666666666
75577	239	0	5	0.59	105.2	526.0	0.3333333333333333
75578	116	0	5	0.2825	105.6	528.0	0.0
75579	379	0	5	0.94	170.0	850.0	0.6666666666666666
75580	196	1	4	0.4875	163.4	817.0	1.0
75581	325	1	4	0.81	175.4	877.0	1.0
75582	316	0	5	0.7825	243.4	1217.0	0.3333333333333333
75583	222	1	4	0.5525	168.0	840.0	1.0
75584	153	0	5	0.375	113.0	565.0	0.6666666666666666
75585	61	0	5	0.145	54.4	272.0	0.3333333333333333
75586	90	0	5	0.2175	43.2	216.0	0.3333333333333333
75587	74	0	5	0.1775	16.8	84.0	0.3333333333333333
75588	175	0	5	0.43	135.4	677.0	0.6666666666666666
75589	204	0	5	0.5025	163.0	815.0	0.0
75590	83	0	5	0.2	67.2	336.0	0.3333333333333333
75591	285	0	5	0.705	167.6	838.0	0.3333333333333333
75592	204	0	5	0.5025	202.0	1010.0	0.0
75593	183	0	5	0.45	112.6	563.0	0.6666666666666666
75594	342	1	4	0.8525	198.6	993.0	1.0
75595	88	0	5	0.2125	86.0	430.0	0.0
75596	219	0	5	0.54	125.8	629.0	0.3333333333333333
75597	285	0	5	0.705	235.4	1177.0	0.6666666666666666
75598	298	0	5	0.7375	262.4	1312.0	0.3333333333333333
75599	270	0	5	0.6675	197.6	988.0	0.6666666666666666
75600	249	0	5	0.615	102.2	511.0	0.6666666666666666
75601	197	0	5	0.485	129.4	647.0	0.0
75602	278	0	5	0.6875	248.4	1242.0	0.3333333333333333
75603	249	0	5	0.615	150.2	751.0	0.3333333333333333
75604	29	0	5	0.065	26.4	132.0	0.3333333333333333
75605	171	0	5	0.42	48.0	240.0	0.3333333333333333
75606	365	0	5	0.905	175.8	879.0	0.3333333333333333
75607	270	0	5	0.6675	103.6	518.0	0.6666666666666666
75608	188	0	5	0.4625	169.6	848.0	0.0
75609	365	0	5	0.905	97.2	486.0	0.6666666666666666
75610	98	0	5	0.2375	66.0	330.0	0.3333333333333333
75611	56	0	5	0.1325	52.0	260.0	0.0
75612	271	1	4	0.675	208.6	1043.0	1.0
75613	2	0	5	0.0	0.0	0.0	0.0
75614	103	0	5	0.25	74.6	373.0	0.3333333333333333
75615	343	0	5	0.85	212.6	1063.0	0.3333333333333333
75616	358	0	5	0.8875	256.2	1281.0	0.6666666666666666
75617	140	0	5	0.3425	82.2	411.0	0.0
75618	158	0	5	0.3875	115.2	576.0	0.0
75619	368	1	4	0.9175	180.0	900.0	1.0
75620	299	0	5	0.74	253.0	1265.0	0.3333333333333333
75621	48	1	4	0.1175	47.2	236.0	1.0
75622	59	0	5	0.14	57.0	285.0	0.0
75623	105	0	5	0.255	83.8	419.0	0.3333333333333333
75624	240	0	5	0.5925	124.2	621.0	0.0
75625	260	0	5	0.6425	145.8	729.0	0.0
75626	211	0	5	0.52	194.4	972.0	0.3333333333333333
75627	254	0	5	0.6275	167.8	839.0	0.6666666666666666
75628	319	0	5	0.79	283.0	1415.0	0.6666666666666666
75629	187	0	5	0.46	149.2	746.0	0.3333333333333333
75630	382	0	5	0.9475	311.2	1556.0	0.6666666666666666
75631	315	1	4	0.785	83.0	415.0	1.0
75632	264	0	5	0.6525	262.0	1310.0	0.0
75633	389	0	5	0.965	208.6	1043.0	0.6666666666666666
75634	387	0	5	0.96	249.8	1249.0	0.3333333333333333
75635	166	0	5	0.4075	103.6	518.0	0.3333333333333333
75636	284	0	5	0.7025	170.0	850.0	0.3333333333333333
75637	307	0	5	0.76	79.4	397.0	0.6666666666666666
75638	367	0	5	0.91	303.0	1515.0	0.6666666666666666
75639	381	0	5	0.945	151.0	755.0	0.6666666666666666
75640	74	0	5	0.1775	34.2	171.0	0.3333333333333333
75641	41	0	5	0.095	39.0	195.0	0.0
75642	265	0	5	0.655	91.4	457.0	0.3333333333333333
75643	198	0	5	0.4875	128.4	642.0	0.3333333333333333
75644	145	0	5	0.355	143.0	715.0	0.0
75645	13	0	5	0.025	11.0	55.0	0.0
75646	360	1	4	0.8975	97.6	488.0	1.0
75647	144	0	5	0.3525	34.8	174.0	0.0
75648	36	0	5	0.0825	34.0	170.0	0.0
75649	16	0	5	0.0325	6.0	30.0	0.0
75650	272	1	4	0.6775	238.2	1191.0	1.0
75651	164	0	5	0.4025	162.0	810.0	0.0
75652	357	1	3	0.89	184.0	920.0	1.0
75653	106	0	5	0.2575	104.0	520.0	0.0
75654	209	0	5	0.515	167.6	838.0	0.3333333333333333
75655	318	0	5	0.7875	135.4	677.0	0.3333333333333333
75656	396	0	5	0.9825	162.2	811.0	0.6666666666666666
75657	308	0	5	0.7625	148.4	742.0	0.6666666666666666
75658	111	0	5	0.27	85.2	426.0	0.0
75659	112	0	5	0.2725	84.4	422.0	0.3333333333333333
75660	32	0	5	0.0725	21.2	106.0	0.3333333333333333
75661	75	0	5	0.18	73.0	365.0	0.0
75662	342	0	5	0.8475	325.8	1629.0	0.3333333333333333
75663	189	0	5	0.465	166.0	830.0	0.0
75664	100	0	5	0.2425	68.0	340.0	0.0
75665	303	0	5	0.75	208.2	1041.0	0.6666666666666666
75666	338	1	4	0.8425	227.2	1136.0	1.0
75667	76	0	5	0.1825	57.2	286.0	0.0
75668	312	0	5	0.7725	273.8	1369.0	0.3333333333333333
75669	168	0	5	0.4125	52.4	262.0	0.3333333333333333
75670	355	1	4	0.885	294.6	1473.0	1.0
75671	240	0	5	0.5925	114.4	572.0	0.3333333333333333
75672	360	0	5	0.8925	232.8	1164.0	0.6666666666666666
75673	109	0	5	0.265	39.0	195.0	0.3333333333333333
75674	372	0	5	0.9225	162.4	812.0	0.3333333333333333
75675	85	0	5	0.205	75.4	377.0	0.3333333333333333
75676	118	0	5	0.2875	58.2	291.0	0.3333333333333333
75677	89	0	5	0.215	56.4	282.0	0.6666666666666666
75678	69	0	5	0.165	67.0	335.0	0.0
75679	116	0	5	0.2825	49.0	245.0	0.3333333333333333
75680	224	0	5	0.5525	91.2	456.0	0.3333333333333333
75681	151	0	5	0.37	123.4	617.0	0.6666666666666666
75682	339	0	5	0.84	153.6	768.0	0.6666666666666666
75683	236	0	5	0.5825	104.0	520.0	0.6666666666666666
75684	371	0	5	0.92	157.0	785.0	0.6666666666666666
75685	148	0	5	0.3625	89.0	445.0	0.3333333333333333
75686	127	0	5	0.31	97.0	485.0	0.3333333333333333
75687	171	0	5	0.42	105.0	525.0	0.3333333333333333
75688	78	0	5	0.1875	76.0	380.0	0.0
75689	189	0	5	0.465	171.0	855.0	0.3333333333333333
75690	88	0	5	0.2125	86.0	430.0	0.0
75691	296	0	5	0.7325	94.8	474.0	0.6666666666666666
75692	205	0	5	0.505	70.0	350.0	0.3333333333333333
75693	216	0	5	0.5325	137.0	685.0	0.6666666666666666
75694	166	0	5	0.4075	164.0	820.0	0.0
75695	306	1	4	0.7625	118.8	594.0	1.0
75696	368	1	4	0.9175	166.2	831.0	1.0
75697	325	0	5	0.805	204.8	1024.0	0.3333333333333333
75698	54	0	5	0.1275	26.8	134.0	0.0
75699	140	0	5	0.3425	106.4	532.0	0.0
75700	194	0	5	0.4775	104.8	524.0	0.6666666666666666
75701	333	0	5	0.825	193.8	969.0	0.3333333333333333
75702	356	0	5	0.8825	135.8	679.0	0.6666666666666666
75703	29	0	5	0.065	27.0	135.0	0.0
75704	401	0	4	0.9975	192.2	961.0	0.6666666666666666
75705	151	0	5	0.37	149.0	745.0	0.0
75706	373	0	5	0.925	138.2	691.0	0.6666666666666666
75707	155	0	5	0.38	153.0	765.0	0.0
75708	202	0	5	0.4975	113.0	565.0	0.6666666666666666
75709	204	0	5	0.5025	199.2	996.0	0.3333333333333333
75710	318	1	4	0.7925	106.6	533.0	1.0
75711	319	0	5	0.79	78.4	392.0	0.6666666666666666
75712	180	0	5	0.4425	158.2	791.0	0.0
75713	387	0	5	0.96	225.8	1129.0	0.6666666666666666
75714	176	0	5	0.4325	88.8	444.0	0.3333333333333333
75715	17	0	5	0.035	15.0	75.0	0.0
75716	78	0	5	0.1875	76.0	380.0	0.0
75717	111	0	5	0.27	94.0	470.0	0.0
75718	324	0	5	0.8025	188.8	944.0	0.6666666666666666
75719	174	0	5	0.4275	124.2	621.0	0.3333333333333333
75720	165	0	5	0.405	119.0	595.0	0.3333333333333333
75721	326	0	5	0.8075	117.6	588.0	0.6666666666666666
75722	288	0	5	0.7125	193.6	968.0	0.3333333333333333
75723	265	0	5	0.655	186.8	934.0	0.3333333333333333
75724	359	0	5	0.89	177.4	887.0	0.0
75725	344	0	5	0.8525	175.4	877.0	0.6666666666666666
75726	205	0	5	0.505	118.6	593.0	0.3333333333333333
75727	247	0	5	0.61	166.2	831.0	0.3333333333333333
75728	221	0	5	0.545	190.4	952.0	0.3333333333333333
75729	152	1	4	0.3775	128.4	642.0	1.0
75730	329	1	4	0.82	88.6	443.0	1.0
75731	298	1	4	0.7425	114.8	574.0	1.0
75732	354	1	4	0.8825	269.8	1349.0	1.0
75733	147	0	5	0.36	124.2	621.0	0.0
75734	256	0	5	0.6325	252.8	1264.0	0.3333333333333333
75735	186	0	5	0.4575	81.4	407.0	0.3333333333333333
75736	263	0	5	0.65	158.2	791.0	0.6666666666666666
75737	251	0	5	0.62	103.4	517.0	0.3333333333333333
75738	126	0	5	0.3075	29.4	147.0	0.3333333333333333
75739	232	0	5	0.5725	125.0	625.0	0.6666666666666666
75740	60	0	5	0.1425	40.6	203.0	0.0
75741	318	0	5	0.7875	130.0	650.0	0.6666666666666666
75742	252	0	5	0.6225	191.8	959.0	0.3333333333333333
75743	270	0	5	0.6675	187.6	938.0	0.3333333333333333
75744	193	0	5	0.475	87.8	439.0	0.0
75745	122	0	5	0.2975	85.6	428.0	0.3333333333333333
75746	206	0	5	0.5075	156.4	782.0	0.0
75747	370	1	4	0.9225	145.2	726.0	1.0
75748	189	0	5	0.465	177.4	887.0	0.0
75749	308	0	5	0.7625	195.8	979.0	0.6666666666666666
75750	174	0	5	0.4275	151.4	757.0	0.3333333333333333
75751	339	0	5	0.84	281.2	1406.0	0.6666666666666666
75752	388	0	5	0.9625	190.6	953.0	0.6666666666666666
75753	210	0	5	0.5175	129.6	648.0	0.3333333333333333
75754	57	0	5	0.135	55.0	275.0	0.0
75755	387	0	5	0.96	259.0	1295.0	0.6666666666666666
75756	325	0	5	0.805	174.8	874.0	0.3333333333333333
75757	242	0	5	0.5975	119.0	595.0	0.6666666666666666
75758	207	0	5	0.51	98.8	494.0	0.6666666666666666
75759	167	0	5	0.41	85.4	427.0	0.3333333333333333
75760	318	0	5	0.7875	122.2	611.0	0.6666666666666666
75761	88	0	5	0.2125	86.0	430.0	0.0
75762	299	0	5	0.74	240.4	1202.0	0.6666666666666666
75763	103	0	5	0.25	50.0	250.0	0.3333333333333333
75764	322	0	5	0.7975	178.8	894.0	0.6666666666666666
75765	307	0	5	0.76	179.8	899.0	0.6666666666666666
75766	219	1	4	0.545	139.0	695.0	1.0
75767	46	0	5	0.1075	44.0	220.0	0.0
75768	113	0	5	0.275	84.8	424.0	0.3333333333333333
75769	127	0	5	0.31	35.8	179.0	0.3333333333333333
75770	133	0	5	0.325	121.6	608.0	0.0
75771	295	0	5	0.73	200.0	1000.0	0.3333333333333333
75772	87	0	5	0.21	65.8	329.0	0.3333333333333333
75773	313	0	5	0.775	123.2	616.0	0.6666666666666666
75774	90	0	5	0.2175	67.6	338.0	0.0
75775	119	0	5	0.29	101.4	507.0	0.3333333333333333
75776	198	0	5	0.4875	163.2	816.0	0.3333333333333333
75777	186	0	5	0.4575	156.6	783.0	0.6666666666666666
75778	297	0	5	0.735	244.2	1221.0	0.3333333333333333
75779	176	0	5	0.4325	82.8	414.0	0.3333333333333333
75780	49	0	5	0.115	47.0	235.0	0.0
75781	52	0	5	0.1225	42.8	214.0	0.0
75782	260	0	5	0.6425	147.2	736.0	0.6666666666666666
75783	329	0	5	0.815	234.4	1172.0	0.0
75784	157	0	5	0.385	98.8	494.0	0.0
75785	393	0	5	0.975	249.8	1249.0	0.6666666666666666
75786	387	0	5	0.96	163.6	818.0	0.6666666666666666
75787	359	0	5	0.89	299.4	1497.0	0.6666666666666666
75788	32	0	5	0.0725	30.0	150.0	0.0
75789	216	0	5	0.5325	151.0	755.0	0.6666666666666666
75790	39	0	5	0.09	31.4	157.0	0.3333333333333333
75791	227	0	5	0.56	156.4	782.0	0.6666666666666666
75792	257	0	5	0.635	137.6	688.0	0.6666666666666666
75793	52	0	5	0.1225	50.0	250.0	0.0
75794	31	0	5	0.07	29.0	145.0	0.0
75795	247	0	5	0.61	103.4	517.0	0.6666666666666666
75796	26	0	5	0.0575	23.2	116.0	0.0
75797	285	0	5	0.705	215.0	1075.0	0.3333333333333333
75798	89	0	5	0.215	40.6	203.0	0.3333333333333333
75799	368	0	5	0.9125	136.2	681.0	0.6666666666666666
75800	372	0	5	0.9225	129.6	648.0	0.3333333333333333
75801	282	0	5	0.6975	108.8	544.0	0.3333333333333333
75802	247	1	4	0.615	171.2	856.0	1.0
75803	142	0	5	0.3475	89.6	448.0	0.6666666666666666
75804	204	0	5	0.5025	52.4	262.0	0.3333333333333333
75805	254	0	5	0.6275	200.8	1004.0	0.3333333333333333
75806	96	0	5	0.2325	91.4	457.0	0.0
75807	220	0	5	0.5425	128.4	642.0	0.3333333333333333
75808	90	0	5	0.2175	88.0	440.0	0.0
75809	126	0	5	0.3075	124.0	620.0	0.0
75810	109	0	5	0.265	60.6	303.0	0.3333333333333333
75811	229	0	5	0.565	169.0	845.0	0.6666666666666666
75812	216	0	5	0.5325	128.6	643.0	0.6666666666666666
75813	107	0	5	0.26	71.4	357.0	0.3333333333333333
75814	273	1	4	0.68	103.4	517.0	1.0
75815	23	0	5	0.05	19.8	99.0	0.3333333333333333
75816	173	0	5	0.425	133.8	669.0	0.3333333333333333
75817	199	0	5	0.49	170.8	854.0	0.3333333333333333
75818	142	0	5	0.3475	130.4	652.0	0.0
75819	332	1	4	0.8275	177.6	888.0	1.0
75820	276	0	5	0.6825	209.2	1046.0	0.6666666666666666
75821	342	0	5	0.8475	216.0	1080.0	0.3333333333333333
75822	60	0	5	0.1425	58.0	290.0	0.0
75823	192	0	5	0.4725	167.4	837.0	0.3333333333333333
75824	120	0	5	0.2925	106.8	534.0	0.3333333333333333
75825	87	0	5	0.21	85.0	425.0	0.0
75826	263	0	5	0.65	151.6	758.0	0.6666666666666666
75827	27	0	5	0.06	25.0	125.0	0.0
75828	365	1	4	0.91	91.6	458.0	1.0
75829	161	0	5	0.395	144.0	720.0	0.3333333333333333
75830	80	0	5	0.1925	64.8	324.0	0.3333333333333333
75831	226	0	5	0.5575	153.2	766.0	0.0
75832	94	0	5	0.2275	51.8	259.0	0.0
75833	24	0	5	0.0525	22.0	110.0	0.0
75834	279	0	5	0.69	183.2	916.0	0.3333333333333333
75835	107	0	5	0.26	42.2	211.0	0.6666666666666666
75836	111	0	5	0.27	109.0	545.0	0.0
75837	131	0	5	0.32	119.8	599.0	0.0
75838	256	0	5	0.6325	254.0	1270.0	0.0
75839	237	0	5	0.585	156.2	781.0	0.0
75840	27	0	5	0.06	25.0	125.0	0.0
75841	331	0	5	0.82	269.6	1348.0	0.6666666666666666
75842	2	0	5	0.0	0.0	0.0	0.0
75843	60	0	5	0.1425	51.6	258.0	0.3333333333333333
75844	238	0	5	0.5875	163.8	819.0	0.3333333333333333
75845	170	1	4	0.4225	97.4	487.0	1.0
75846	274	0	5	0.6775	134.0	670.0	0.3333333333333333
75847	248	0	5	0.6125	198.6	993.0	0.3333333333333333
75848	297	0	5	0.735	111.8	559.0	0.6666666666666666
75849	43	0	5	0.1	34.2	171.0	0.3333333333333333
75850	196	0	5	0.4825	137.6	688.0	0.3333333333333333
75851	253	0	5	0.625	171.8	859.0	0.3333333333333333
75852	169	0	5	0.415	102.6	513.0	0.3333333333333333
75853	235	0	5	0.58	71.4	357.0	0.6666666666666666
75854	28	0	5	0.0625	18.8	94.0	0.0
75855	396	0	5	0.9825	204.8	1024.0	0.6666666666666666
75856	158	0	5	0.3875	66.6	333.0	0.3333333333333333
75857	281	0	5	0.695	174.0	870.0	0.6666666666666666
75858	283	0	5	0.7	185.0	925.0	0.0
75859	307	0	5	0.76	281.8	1409.0	0.3333333333333333
75860	127	0	5	0.31	125.0	625.0	0.0
75861	343	0	5	0.85	186.6	933.0	0.3333333333333333
75862	369	0	5	0.915	236.8	1184.0	0.6666666666666666
75863	155	0	5	0.38	76.8	384.0	0.0
75864	340	0	5	0.8425	198.2	991.0	0.6666666666666666
75865	66	0	5	0.1575	42.4	212.0	0.3333333333333333
75866	144	0	5	0.3525	117.4	587.0	0.3333333333333333
75867	289	0	5	0.715	287.0	1435.0	0.0
75868	205	0	5	0.505	175.0	875.0	0.0
75869	209	1	4	0.52	187.8	939.0	1.0
75870	266	1	4	0.6625	103.0	515.0	1.0
75871	396	0	5	0.9825	320.2	1601.0	0.6666666666666666
75872	310	0	5	0.7675	184.8	924.0	0.3333333333333333
75873	233	0	5	0.575	123.0	615.0	0.3333333333333333
75874	380	0	5	0.9425	230.0	1150.0	0.6666666666666666
75875	148	0	5	0.3625	146.0	730.0	0.0
75876	334	0	5	0.8275	185.2	926.0	0.6666666666666666
75877	311	0	5	0.77	139.6	698.0	0.3333333333333333
75878	379	0	5	0.94	221.0	1105.0	0.3333333333333333
75879	305	0	5	0.755	156.8	784.0	0.3333333333333333
75880	42	0	5	0.0975	40.0	200.0	0.0
75881	278	1	4	0.6925	164.4	822.0	1.0
75882	369	0	5	0.915	264.2	1321.0	0.6666666666666666
75883	352	1	4	0.8775	113.6	568.0	1.0
75884	290	0	5	0.7175	134.4	672.0	0.6666666666666666
75885	209	0	5	0.515	170.4	852.0	0.0
75886	297	0	5	0.735	180.4	902.0	0.0
75887	20	0	5	0.0425	18.0	90.0	0.0
75888	392	0	5	0.9725	178.8	894.0	0.6666666666666666
75889	239	0	5	0.59	126.0	630.0	0.6666666666666666
75890	231	0	5	0.57	142.6	713.0	0.3333333333333333
75891	88	0	5	0.2125	55.2	276.0	0.0
75892	297	0	5	0.735	105.0	525.0	0.6666666666666666
75893	351	0	5	0.87	169.0	845.0	0.6666666666666666
75894	312	1	4	0.7775	191.0	955.0	1.0
75895	290	0	5	0.7175	140.0	700.0	0.6666666666666666
75896	153	0	5	0.375	151.0	755.0	0.0
75897	138	0	5	0.3375	117.2	586.0	0.6666666666666666
75898	172	0	5	0.4225	114.4	572.0	0.3333333333333333
75899	67	0	5	0.16	56.2	281.0	0.3333333333333333
75900	15	0	5	0.03	13.0	65.0	0.0
75901	116	0	5	0.2825	93.8	469.0	0.3333333333333333
75902	267	0	5	0.66	165.6	828.0	0.3333333333333333
75903	150	0	5	0.3675	148.0	740.0	0.0
75904	307	0	5	0.76	209.4	1047.0	0.6666666666666666
75905	62	0	5	0.1475	27.2	136.0	0.0
75906	381	1	4	0.95	368.2	1841.0	1.0
75907	326	0	5	0.8075	215.2	1076.0	0.3333333333333333
75908	35	0	5	0.08	33.0	165.0	0.0
75909	384	1	4	0.9575	176.8	884.0	1.0
75910	267	0	5	0.66	144.2	721.0	0.3333333333333333
75911	88	0	5	0.2125	85.2	426.0	0.0
75912	275	0	5	0.68	242.4	1212.0	0.3333333333333333
75913	187	0	5	0.46	144.2	721.0	0.3333333333333333
75914	333	0	5	0.825	253.4	1267.0	0.3333333333333333
75915	369	0	5	0.915	241.6	1208.0	0.6666666666666666
75916	360	0	5	0.8925	223.6	1118.0	0.3333333333333333
75917	211	0	5	0.52	159.0	795.0	0.0
75918	256	0	5	0.6325	121.0	605.0	0.3333333333333333
75919	395	1	4	0.985	223.8	1119.0	1.0
75920	385	0	5	0.955	228.8	1144.0	0.6666666666666666
75921	401	0	5	0.995	168.4	842.0	0.6666666666666666
75922	384	0	5	0.9525	207.2	1036.0	0.6666666666666666
75923	191	0	5	0.47	90.0	450.0	0.6666666666666666
75924	351	0	5	0.87	189.8	949.0	0.6666666666666666
75925	392	0	5	0.9725	173.0	865.0	0.6666666666666666
75926	70	0	5	0.1675	58.8	294.0	0.0
75927	218	0	5	0.5375	64.0	320.0	0.3333333333333333
75928	197	0	5	0.485	187.0	935.0	0.3333333333333333
75929	341	0	5	0.845	223.6	1118.0	0.0
75930	240	1	4	0.5975	90.8	454.0	1.0
75931	223	0	5	0.55	194.8	974.0	0.3333333333333333
75932	308	0	5	0.7625	237.2	1186.0	0.3333333333333333
75933	325	0	5	0.805	169.2	846.0	0.3333333333333333
75934	166	0	5	0.4075	74.0	370.0	0.6666666666666666
75935	129	0	5	0.315	107.6	538.0	0.3333333333333333
75936	260	0	5	0.6425	199.2	996.0	0.3333333333333333
75937	313	0	5	0.775	169.4	847.0	0.3333333333333333
75938	230	1	4	0.5725	46.2	231.0	1.0
75939	148	0	5	0.3625	146.0	730.0	0.0
75940	245	0	5	0.605	109.0	545.0	0.3333333333333333
75941	111	0	5	0.27	101.0	505.0	0.3333333333333333
75942	254	0	5	0.6275	138.6	693.0	0.6666666666666666
75943	64	0	5	0.1525	62.0	310.0	0.0
75944	358	1	4	0.8925	303.4	1517.0	1.0
75945	230	0	5	0.5675	149.6	748.0	0.6666666666666666
75946	230	1	4	0.5725	131.8	659.0	1.0
75947	235	0	5	0.58	137.2	686.0	0.3333333333333333
75948	214	0	5	0.5275	132.8	664.0	0.6666666666666666
75949	365	0	5	0.905	274.2	1371.0	0.6666666666666666
75950	394	1	3	0.9825	213.0	1065.0	1.0
75951	321	0	5	0.795	229.8	1149.0	0.3333333333333333
75952	126	0	5	0.3075	62.2	311.0	0.3333333333333333
75953	205	0	5	0.505	92.6	463.0	0.3333333333333333
75954	7	0	5	0.01	5.0	25.0	0.0
75955	320	0	5	0.7925	258.8	1294.0	0.3333333333333333
75956	167	0	5	0.41	126.2	631.0	0.0
75957	398	0	5	0.9875	323.6	1618.0	0.6666666666666666
75958	182	1	4	0.4525	57.2	286.0	1.0
75959	158	0	5	0.3875	65.4	327.0	0.3333333333333333
75960	364	0	5	0.9025	153.2	766.0	0.6666666666666666
75961	392	0	5	0.9725	154.4	772.0	0.6666666666666666
75962	299	0	5	0.74	229.0	1145.0	0.3333333333333333
75963	27	0	5	0.06	22.6	113.0	0.3333333333333333
75964	178	0	5	0.4375	137.0	685.0	0.3333333333333333
75965	79	0	5	0.19	77.0	385.0	0.0
75966	277	0	5	0.685	138.0	690.0	0.6666666666666666
75967	132	0	5	0.3225	78.0	390.0	0.3333333333333333
75968	284	0	5	0.7025	157.6	788.0	0.6666666666666666
75969	243	0	5	0.6	113.2	566.0	0.6666666666666666
75970	219	0	5	0.54	153.8	769.0	0.3333333333333333
75971	121	0	5	0.295	107.4	537.0	0.3333333333333333
75972	353	0	5	0.875	218.0	1090.0	0.6666666666666666
75973	98	0	5	0.2375	19.2	96.0	0.3333333333333333
75974	136	0	5	0.3325	96.0	480.0	0.3333333333333333
75975	385	1	4	0.96	195.0	975.0	1.0
75976	96	0	5	0.2325	36.0	180.0	0.3333333333333333
75977	287	0	5	0.71	263.6	1318.0	0.3333333333333333
75978	355	0	5	0.88	248.4	1242.0	0.3333333333333333
75979	278	0	5	0.6875	175.8	879.0	0.6666666666666666
75980	150	0	5	0.3675	101.2	506.0	0.6666666666666666
75981	338	0	5	0.8375	189.8	949.0	0.6666666666666666
75982	231	0	5	0.57	136.6	683.0	0.0
75983	341	0	5	0.845	234.8	1174.0	0.6666666666666666
75984	285	1	4	0.71	191.0	955.0	1.0
75985	150	0	5	0.3675	98.4	492.0	0.6666666666666666
75986	64	0	5	0.1525	41.2	206.0	0.3333333333333333
75987	209	0	5	0.515	135.6	678.0	0.3333333333333333
75988	232	0	5	0.5725	103.6	518.0	0.3333333333333333
75989	329	0	5	0.815	229.8	1149.0	0.3333333333333333
75990	134	0	5	0.3275	71.6	358.0	0.3333333333333333
75991	77	0	5	0.185	70.6	353.0	0.3333333333333333
75992	326	1	4	0.8125	236.0	1180.0	1.0
75993	204	0	5	0.5025	168.4	842.0	0.0
75994	282	0	5	0.6975	92.8	464.0	0.6666666666666666
75995	288	0	5	0.7125	196.2	981.0	0.6666666666666666
75996	184	0	5	0.4525	168.8	844.0	0.3333333333333333
75997	360	0	5	0.8925	303.4	1517.0	0.6666666666666666
75998	354	0	5	0.8775	196.0	980.0	0.6666666666666666
75999	83	0	5	0.2	81.0	405.0	0.0
76000	383	0	5	0.95	282.2	1411.0	0.6666666666666666
76001	388	0	5	0.9625	240.6	1203.0	0.6666666666666666
76002	40	0	5	0.0925	38.0	190.0	0.0
76003	172	0	5	0.4225	153.0	765.0	0.0
76004	215	1	4	0.535	73.4	367.0	1.0
76005	11	0	5	0.02	9.0	45.0	0.0
76006	119	0	5	0.29	117.0	585.0	0.0
76007	191	0	5	0.47	41.8	209.0	0.3333333333333333
76008	80	0	5	0.1925	78.0	390.0	0.3333333333333333
76009	268	0	5	0.6625	237.6	1188.0	0.6666666666666666
76010	2	0	5	0.0	0.0	0.0	0.0
76011	381	0	5	0.945	125.8	629.0	0.6666666666666666
76012	268	1	4	0.6675	182.2	911.0	1.0
76013	223	0	5	0.55	184.8	924.0	0.3333333333333333
76014	196	0	5	0.4825	84.0	420.0	0.3333333333333333
76015	187	0	5	0.46	158.6	793.0	0.6666666666666666
76016	184	0	5	0.4525	163.4	817.0	0.3333333333333333
76017	197	0	5	0.485	53.4	267.0	0.3333333333333333
76018	279	0	5	0.69	250.2	1251.0	0.6666666666666666
76019	292	0	5	0.7225	195.8	979.0	0.6666666666666666
76020	153	0	5	0.375	107.8	539.0	0.3333333333333333
76021	216	0	5	0.5325	140.8	704.0	0.3333333333333333
76022	121	0	5	0.295	106.6	533.0	0.0
76023	148	0	5	0.3625	119.2	596.0	0.3333333333333333
76024	137	0	5	0.335	135.0	675.0	0.0
76025	282	0	5	0.6975	134.8	674.0	0.0
76026	139	0	5	0.34	66.6	333.0	0.6666666666666666
76027	385	0	5	0.955	190.2	951.0	0.6666666666666666
76028	218	1	4	0.5425	122.0	610.0	1.0
76029	142	1	4	0.3525	75.0	375.0	1.0
76030	222	0	5	0.5475	147.6	738.0	0.6666666666666666
76031	395	0	5	0.98	188.6	943.0	0.6666666666666666
76032	5	0	5	0.005	3.0	15.0	0.0
76033	396	0	5	0.9825	182.6	913.0	0.3333333333333333
76034	113	0	5	0.275	86.6	433.0	0.3333333333333333
76035	110	0	5	0.2675	84.0	420.0	0.3333333333333333
76036	339	0	5	0.84	196.6	983.0	0.3333333333333333
76037	293	0	5	0.725	168.2	841.0	0.3333333333333333
76038	96	0	5	0.2325	94.0	470.0	0.0
76039	140	0	5	0.3425	110.0	550.0	0.6666666666666666
76040	87	0	5	0.21	29.0	145.0	0.3333333333333333
76041	208	0	5	0.5125	107.8	539.0	0.3333333333333333
76042	86	0	5	0.2075	84.0	420.0	0.0
76043	83	0	5	0.2	48.0	240.0	0.3333333333333333
76044	169	0	5	0.415	99.0	495.0	0.3333333333333333
76045	57	0	5	0.135	52.0	260.0	0.3333333333333333
76046	101	0	5	0.245	99.0	495.0	0.0
76047	362	0	5	0.8975	130.8	654.0	0.6666666666666666
76048	323	0	5	0.8	188.0	940.0	0.3333333333333333
76049	184	0	5	0.4525	101.4	507.0	0.6666666666666666
76050	133	0	5	0.325	83.0	415.0	0.3333333333333333
76051	106	0	5	0.2575	25.6	128.0	0.3333333333333333
76052	215	0	5	0.53	160.0	800.0	0.6666666666666666
76053	194	0	5	0.4775	133.2	666.0	0.3333333333333333
76054	231	0	5	0.57	170.8	854.0	0.3333333333333333
76055	248	0	5	0.6125	78.8	394.0	0.6666666666666666
76056	388	0	5	0.9625	211.6	1058.0	0.3333333333333333
76057	122	0	5	0.2975	42.4	212.0	0.3333333333333333
76058	290	0	5	0.7175	195.8	979.0	0.3333333333333333
76059	27	0	5	0.06	25.0	125.0	0.0
76060	33	0	5	0.075	31.0	155.0	0.0
76061	66	1	4	0.1625	25.2	126.0	1.0
76062	78	0	5	0.1875	61.8	309.0	0.0
76063	102	0	5	0.2475	100.0	500.0	0.0
76064	221	0	5	0.545	118.2	591.0	0.3333333333333333
76065	249	0	5	0.615	106.0	530.0	0.6666666666666666
76066	374	0	5	0.9275	145.8	729.0	0.6666666666666666
76067	48	0	5	0.1125	46.0	230.0	0.0
76068	382	1	4	0.9525	293.8	1469.0	1.0
76069	168	0	5	0.4125	35.6	178.0	0.3333333333333333
76070	103	0	5	0.25	28.2	141.0	0.3333333333333333
76071	164	0	5	0.4025	140.4	702.0	0.3333333333333333
76072	47	0	5	0.11	24.0	120.0	0.0
76073	330	0	5	0.8175	196.8	984.0	0.0
76074	170	0	5	0.4175	100.0	500.0	0.6666666666666666
76075	69	0	5	0.165	67.0	335.0	0.0
76076	244	0	5	0.6025	147.8	739.0	0.3333333333333333
76077	289	0	5	0.715	176.6	883.0	0.3333333333333333
76078	271	0	5	0.67	269.0	1345.0	0.0
76079	165	0	5	0.405	119.8	599.0	0.3333333333333333
76080	73	0	5	0.175	26.2	131.0	0.3333333333333333
76081	130	0	5	0.3175	127.6	638.0	0.3333333333333333
76082	91	1	4	0.225	49.4	247.0	1.0
76083	31	0	5	0.07	23.2	116.0	0.3333333333333333
76084	130	0	5	0.3175	92.8	464.0	0.0
76085	256	0	5	0.6325	168.4	842.0	0.6666666666666666
76086	389	0	5	0.965	221.0	1105.0	0.3333333333333333
76087	214	0	5	0.5275	202.4	1012.0	0.6666666666666666
76088	358	1	4	0.8925	122.8	614.0	1.0
76089	112	0	5	0.2725	79.2	396.0	0.3333333333333333
76090	147	0	5	0.36	109.6	548.0	0.3333333333333333
76091	389	0	5	0.965	313.0	1565.0	0.6666666666666666
76092	282	0	5	0.6975	94.4	472.0	0.6666666666666666
76093	279	0	5	0.69	123.4	617.0	0.3333333333333333
76094	69	0	5	0.165	65.2	326.0	0.3333333333333333
76095	85	0	5	0.205	83.0	415.0	0.0
76096	295	0	5	0.73	149.4	747.0	0.6666666666666666
76097	76	0	5	0.1825	74.0	370.0	0.0
76098	73	0	5	0.175	69.2	346.0	0.0
76099	191	0	5	0.47	181.0	905.0	0.6666666666666666
76100	387	0	5	0.96	156.6	783.0	0.6666666666666666
76101	99	0	5	0.24	87.8	439.0	0.6666666666666666
76102	173	0	5	0.425	109.2	546.0	0.3333333333333333
76103	278	0	5	0.6875	114.0	570.0	0.3333333333333333
76104	110	0	5	0.2675	57.4	287.0	0.6666666666666666
76105	278	1	4	0.6925	184.6	923.0	1.0
76106	282	0	5	0.6975	228.8	1144.0	0.6666666666666666
76107	220	0	5	0.5425	132.8	664.0	0.3333333333333333
76108	2	0	5	0.0	0.0	0.0	0.0
76109	98	0	5	0.2375	96.0	480.0	0.0
76110	138	0	5	0.3375	136.0	680.0	0.3333333333333333
76111	269	1	4	0.67	77.0	385.0	1.0
76112	184	0	5	0.4525	161.6	808.0	0.3333333333333333
76113	352	0	5	0.8725	187.8	939.0	0.6666666666666666
76114	344	0	5	0.8525	175.6	878.0	0.6666666666666666
76115	56	0	5	0.1325	52.8	264.0	0.3333333333333333
76116	381	0	5	0.945	267.4	1337.0	0.6666666666666666
76117	48	0	5	0.1125	32.8	164.0	0.3333333333333333
76118	212	0	5	0.5225	104.6	523.0	0.6666666666666666
76119	139	0	5	0.34	63.6	318.0	0.3333333333333333
76120	13	0	5	0.025	11.0	55.0	0.0
76121	381	0	5	0.945	260.4	1302.0	0.6666666666666666
76122	265	0	5	0.655	71.0	355.0	0.3333333333333333
76123	334	0	5	0.8275	198.0	990.0	0.6666666666666666
76124	73	0	5	0.175	71.0	355.0	0.0
76125	263	0	5	0.65	119.6	598.0	0.3333333333333333
76126	230	0	5	0.5675	74.4	372.0	0.3333333333333333
76127	255	1	4	0.635	130.4	652.0	1.0
76128	119	0	5	0.29	77.0	385.0	0.3333333333333333
76129	158	0	5	0.3875	138.0	690.0	0.3333333333333333
76130	173	0	5	0.425	171.0	855.0	0.3333333333333333
76131	82	0	5	0.1975	80.0	400.0	0.0
76132	349	0	5	0.865	209.6	1048.0	0.6666666666666666
76133	330	0	5	0.8175	239.6	1198.0	0.6666666666666666
76134	30	0	5	0.0675	28.0	140.0	0.0
76135	66	0	5	0.1575	64.0	320.0	0.0
76136	98	0	5	0.2375	61.8	309.0	0.0
76137	70	0	5	0.1675	68.0	340.0	0.0
76138	385	0	5	0.955	274.4	1372.0	0.6666666666666666
76139	234	0	5	0.5775	134.4	672.0	0.3333333333333333
76140	43	0	5	0.1	41.0	205.0	0.3333333333333333
76141	178	0	5	0.4375	69.6	348.0	0.3333333333333333
76142	304	1	4	0.7575	216.0	1080.0	1.0
76143	196	0	5	0.4825	151.8	759.0	0.6666666666666666
76144	77	0	5	0.185	30.2	151.0	0.3333333333333333
76145	121	0	5	0.295	64.4	322.0	0.3333333333333333
76146	302	0	5	0.7475	169.6	848.0	0.6666666666666666
76147	142	0	5	0.3475	72.8	364.0	0.6666666666666666
76148	308	0	5	0.7625	235.0	1175.0	0.3333333333333333
76149	77	0	5	0.185	75.0	375.0	0.0
76150	293	0	5	0.725	190.2	951.0	0.3333333333333333
76151	319	0	5	0.79	229.4	1147.0	0.3333333333333333
76152	291	0	5	0.72	200.6	1003.0	0.6666666666666666
76153	219	0	5	0.54	46.6	233.0	0.6666666666666666
76154	319	0	5	0.79	244.6	1223.0	0.3333333333333333
76155	385	0	5	0.955	188.6	943.0	0.6666666666666666
76156	42	0	5	0.0975	25.2	126.0	0.3333333333333333
76157	299	0	5	0.74	239.4	1197.0	0.6666666666666666
76158	276	0	5	0.6825	188.8	944.0	0.3333333333333333
76159	215	0	5	0.53	157.6	788.0	0.3333333333333333
76160	36	0	5	0.0825	34.0	170.0	0.0
76161	36	0	5	0.0825	34.0	170.0	0.0
76162	186	0	5	0.4575	87.4	437.0	0.3333333333333333
76163	153	0	5	0.375	128.0	640.0	0.3333333333333333
76164	314	0	5	0.7775	182.4	912.0	0.6666666666666666
76165	277	0	5	0.685	209.6	1048.0	0.6666666666666666
76166	264	0	5	0.6525	160.4	802.0	0.0
76167	77	0	5	0.185	35.0	175.0	0.3333333333333333
76168	366	0	5	0.9075	203.6	1018.0	0.6666666666666666
76169	188	0	5	0.4625	163.2	816.0	0.6666666666666666
76170	398	0	5	0.9875	202.0	1010.0	0.6666666666666666
76171	157	0	5	0.385	155.0	775.0	0.0
76172	211	0	5	0.52	155.4	777.0	0.6666666666666666
76173	303	0	5	0.75	150.8	754.0	0.3333333333333333
76174	309	1	4	0.77	170.0	850.0	1.0
76175	210	0	5	0.5175	124.6	623.0	0.6666666666666666
76176	258	0	5	0.6375	129.6	648.0	0.6666666666666666
76177	9	0	5	0.015	7.0	35.0	0.0
76178	254	0	5	0.6275	132.6	663.0	0.6666666666666666
76179	274	1	4	0.6825	181.2	906.0	1.0
76180	342	1	4	0.8525	143.6	718.0	1.0
76181	317	0	5	0.785	127.0	635.0	0.6666666666666666
76182	200	0	5	0.4925	174.4	872.0	0.3333333333333333
76183	360	1	4	0.8975	77.8	389.0	1.0
76184	230	0	5	0.5675	147.0	735.0	0.3333333333333333
76185	109	0	5	0.265	80.2	401.0	0.3333333333333333
76186	206	0	5	0.5075	83.6	418.0	0.3333333333333333
76187	384	0	5	0.9525	209.6	1048.0	0.6666666666666666
76188	138	0	5	0.3375	106.8	534.0	0.0
76189	90	0	5	0.2175	88.0	440.0	0.0
76190	303	1	4	0.755	93.2	466.0	1.0
76191	61	0	5	0.145	59.0	295.0	0.0
76192	390	1	4	0.9725	222.4	1112.0	1.0
76193	227	0	5	0.56	163.0	815.0	0.3333333333333333
76194	319	0	5	0.79	192.2	961.0	0.6666666666666666
76195	310	0	5	0.7675	234.0	1170.0	0.0
76196	230	0	5	0.5675	70.4	352.0	0.3333333333333333
76197	155	0	5	0.38	96.4	482.0	0.3333333333333333
76198	206	0	5	0.5075	165.0	825.0	0.6666666666666666
76199	250	0	5	0.6175	167.6	838.0	0.6666666666666666
76200	363	0	5	0.9	174.2	871.0	0.6666666666666666
76201	216	0	5	0.5325	90.0	450.0	0.6666666666666666
76202	295	0	5	0.73	212.4	1062.0	0.3333333333333333
76203	206	0	5	0.5075	167.2	836.0	0.0
76204	286	0	5	0.7075	184.6	923.0	0.3333333333333333
76205	213	0	5	0.525	116.0	580.0	0.3333333333333333
76206	309	0	5	0.765	171.4	857.0	0.6666666666666666
76207	101	0	5	0.245	25.4	127.0	0.3333333333333333
76208	121	0	5	0.295	91.0	455.0	0.3333333333333333
76209	277	1	4	0.69	81.8	409.0	1.0
76210	261	0	5	0.645	107.2	536.0	0.6666666666666666
76211	160	0	5	0.3925	123.4	617.0	0.3333333333333333
76212	385	0	5	0.955	150.2	751.0	0.3333333333333333
76213	385	0	5	0.955	268.8	1344.0	0.6666666666666666
76214	128	0	5	0.3125	112.0	560.0	0.3333333333333333
76215	30	0	5	0.0675	11.8	59.0	0.3333333333333333
76216	239	0	5	0.59	191.0	955.0	0.3333333333333333
76217	130	0	5	0.3175	79.6	398.0	0.3333333333333333
76218	226	0	5	0.5575	163.0	815.0	0.6666666666666666
76219	356	0	5	0.8825	148.4	742.0	0.3333333333333333
76220	330	0	5	0.8175	151.2	756.0	0.6666666666666666
76221	294	0	5	0.7275	202.6	1013.0	0.3333333333333333
76222	23	0	5	0.05	21.0	105.0	0.0
76223	335	1	4	0.835	235.4	1177.0	1.0
76224	53	0	5	0.125	51.0	255.0	0.0
76225	80	0	5	0.1925	78.0	390.0	0.0
76226	303	0	5	0.75	126.0	630.0	0.6666666666666666
76227	49	0	5	0.115	47.0	235.0	0.0
76228	86	0	5	0.2075	26.6	133.0	0.6666666666666666
76229	31	0	5	0.07	11.8	59.0	0.0
76230	67	0	5	0.16	59.6	298.0	0.3333333333333333
76231	50	0	5	0.1175	48.0	240.0	0.0
76232	64	0	5	0.1525	47.6	238.0	0.3333333333333333
76233	338	0	5	0.8375	141.8	709.0	0.3333333333333333
76234	160	0	5	0.3925	65.8	329.0	0.0
76235	90	0	5	0.2175	88.0	440.0	0.0
76236	225	0	5	0.555	117.2	586.0	0.3333333333333333
76237	328	0	5	0.8125	261.6	1308.0	0.3333333333333333
76238	303	0	5	0.75	179.8	899.0	0.3333333333333333
76239	322	1	4	0.8025	288.4	1442.0	1.0
76240	384	1	4	0.9575	198.6	993.0	1.0
76241	100	0	5	0.2425	50.8	254.0	0.6666666666666666
76242	259	1	4	0.645	134.2	671.0	1.0
76243	378	1	4	0.9425	78.0	390.0	1.0
76244	139	0	5	0.34	47.4	237.0	0.3333333333333333
76245	148	0	5	0.3625	123.8	619.0	0.3333333333333333
76246	96	0	5	0.2325	78.4	392.0	0.3333333333333333
76247	243	0	5	0.6	108.8	544.0	0.3333333333333333
76248	369	0	5	0.915	140.6	703.0	0.6666666666666666
76249	225	0	5	0.555	148.2	741.0	0.6666666666666666
76250	211	0	5	0.52	204.2	1021.0	0.3333333333333333
76251	85	0	5	0.205	83.0	415.0	0.3333333333333333
76252	147	0	5	0.36	80.2	401.0	0.6666666666666666
76253	113	0	5	0.275	53.4	267.0	0.3333333333333333
76254	329	0	5	0.815	93.2	466.0	0.6666666666666666
76255	168	0	5	0.4125	55.6	278.0	0.3333333333333333
76256	125	0	5	0.305	110.2	551.0	0.3333333333333333
76257	25	0	5	0.055	23.0	115.0	0.0
76258	98	0	5	0.2375	96.0	480.0	0.0
76259	372	1	4	0.9275	201.6	1008.0	1.0
76260	244	0	5	0.6025	172.4	862.0	0.3333333333333333
76261	362	0	5	0.8975	282.4	1412.0	0.6666666666666666
76262	291	0	5	0.72	246.2	1231.0	0.3333333333333333
76263	74	0	5	0.1775	72.0	360.0	0.0
76264	191	0	5	0.47	137.0	685.0	0.6666666666666666
76265	375	0	5	0.93	224.8	1124.0	0.6666666666666666
76266	240	0	5	0.5925	186.4	932.0	0.0
76267	145	0	5	0.355	95.0	475.0	0.3333333333333333
76268	220	0	5	0.5425	85.4	427.0	0.6666666666666666
76269	48	0	5	0.1125	42.0	210.0	0.3333333333333333
76270	53	0	5	0.125	51.0	255.0	0.0
76271	327	1	4	0.815	77.4	387.0	1.0
76272	24	0	5	0.0525	12.4	62.0	0.3333333333333333
76273	190	0	5	0.4675	165.8	829.0	0.0
76274	45	0	5	0.105	43.0	215.0	0.0
76275	349	0	5	0.865	99.4	497.0	0.3333333333333333
76276	137	0	5	0.335	135.0	675.0	0.3333333333333333
76277	294	0	5	0.7275	182.4	912.0	0.0
76278	45	0	5	0.105	43.0	215.0	0.0
76279	106	0	5	0.2575	81.2	406.0	0.0
76280	118	0	5	0.2875	116.0	580.0	0.0
76281	147	0	5	0.36	96.2	481.0	0.3333333333333333
76282	202	0	5	0.4975	113.6	568.0	0.6666666666666666
76283	91	0	5	0.22	55.0	275.0	0.3333333333333333
76284	104	0	5	0.2525	102.0	510.0	0.0
76285	307	1	4	0.765	105.4	527.0	1.0
76286	137	1	4	0.34	63.2	316.0	1.0
76287	371	0	5	0.92	261.2	1306.0	0.3333333333333333
76288	139	0	5	0.34	127.4	637.0	0.3333333333333333
76289	330	0	5	0.8175	178.0	890.0	0.3333333333333333
76290	311	0	5	0.77	117.6	588.0	0.3333333333333333
76291	260	0	5	0.6425	123.4	617.0	0.3333333333333333
76292	15	0	5	0.03	11.8	59.0	0.3333333333333333
76293	193	0	5	0.475	149.2	746.0	0.3333333333333333
76294	328	0	5	0.8125	272.2	1361.0	0.3333333333333333
76295	136	0	5	0.3325	123.0	615.0	0.3333333333333333
76296	120	0	5	0.2925	77.6	388.0	0.3333333333333333
76297	291	0	5	0.72	231.4	1157.0	0.6666666666666666
76298	388	0	5	0.9625	198.0	990.0	0.3333333333333333
76299	286	0	5	0.7075	185.2	926.0	0.6666666666666666
76300	348	0	5	0.8625	234.8	1174.0	0.6666666666666666
76301	125	0	5	0.305	61.0	305.0	0.6666666666666666
76302	230	0	5	0.5675	104.8	524.0	0.3333333333333333
76303	330	0	5	0.8175	212.4	1062.0	0.6666666666666666
76304	250	0	5	0.6175	111.2	556.0	0.3333333333333333
76305	329	0	5	0.815	293.2	1466.0	0.3333333333333333
76306	176	0	5	0.4325	174.0	870.0	0.0
76307	129	0	5	0.315	59.4	297.0	0.3333333333333333
76308	194	1	4	0.4825	98.4	492.0	1.0
76309	312	0	5	0.7725	118.0	590.0	0.3333333333333333
76310	196	0	5	0.4825	109.0	545.0	0.0
76311	100	0	5	0.2425	25.2	126.0	0.3333333333333333
76312	67	1	4	0.165	43.4	217.0	1.0
76313	295	0	5	0.73	185.2	926.0	0.3333333333333333
76314	54	0	5	0.1275	51.2	256.0	0.3333333333333333
76315	329	0	5	0.815	111.8	559.0	0.0
76316	60	0	5	0.1425	44.8	224.0	0.6666666666666666
76317	169	0	5	0.415	69.6	348.0	0.3333333333333333
76318	313	0	5	0.775	211.2	1056.0	0.6666666666666666
76319	306	1	4	0.7625	176.0	880.0	1.0
76320	288	0	5	0.7125	68.4	342.0	0.6666666666666666
76321	96	0	5	0.2325	94.0	470.0	0.0
76322	364	0	5	0.9025	156.8	784.0	0.6666666666666666
76323	189	0	5	0.465	186.6	933.0	0.3333333333333333
76324	25	0	5	0.055	23.0	115.0	0.0
76325	109	0	5	0.265	107.0	535.0	0.0
76326	117	0	5	0.285	50.2	251.0	0.3333333333333333
76327	341	0	5	0.845	152.8	764.0	0.6666666666666666
76328	215	0	5	0.53	98.6	493.0	0.3333333333333333
76329	183	0	5	0.45	181.0	905.0	0.0
76330	82	0	5	0.1975	66.8	334.0	0.0
76331	345	1	4	0.86	238.8	1194.0	1.0
76332	43	0	5	0.1	35.4	177.0	0.0
76333	69	0	5	0.165	49.6	248.0	0.0
76334	183	0	5	0.45	94.0	470.0	0.3333333333333333
76335	319	0	5	0.79	140.6	703.0	0.6666666666666666
76336	375	0	5	0.93	113.8	569.0	0.6666666666666666
76337	232	0	5	0.5725	51.6	258.0	0.3333333333333333
76338	355	0	5	0.88	181.0	905.0	0.6666666666666666
76339	97	0	5	0.235	86.6	433.0	0.3333333333333333
76340	330	1	4	0.8225	198.4	992.0	1.0
76341	105	0	5	0.255	39.0	195.0	0.6666666666666666
76342	60	0	5	0.1425	58.0	290.0	0.0
76343	156	0	5	0.3825	114.0	570.0	0.0
76344	298	0	5	0.7375	65.6	328.0	0.3333333333333333
76345	230	0	5	0.5675	157.6	788.0	0.3333333333333333
76346	17	0	5	0.035	15.0	75.0	0.0
76347	156	0	5	0.3825	98.0	490.0	0.3333333333333333
76348	368	0	5	0.9125	223.8	1119.0	0.6666666666666666
76349	286	0	5	0.7075	196.8	984.0	0.6666666666666666
76350	95	0	5	0.23	93.0	465.0	0.0
76351	327	0	5	0.81	238.0	1190.0	0.6666666666666666
76352	108	0	5	0.2625	106.0	530.0	0.0
76353	341	0	5	0.845	247.6	1238.0	0.6666666666666666
76354	270	0	5	0.6675	135.2	676.0	0.3333333333333333
76355	384	0	5	0.9525	188.0	940.0	0.6666666666666666
76356	194	0	5	0.4775	160.4	802.0	0.3333333333333333
76357	54	0	5	0.1275	50.2	251.0	0.3333333333333333
76358	205	1	4	0.51	145.4	727.0	1.0
76359	23	0	5	0.05	21.0	105.0	0.0
76360	196	0	5	0.4825	148.2	741.0	0.6666666666666666
76361	367	0	5	0.91	282.6	1413.0	0.6666666666666666
76362	177	0	5	0.435	75.4	377.0	0.6666666666666666
76363	327	0	5	0.81	160.0	800.0	0.6666666666666666
76364	95	0	5	0.23	69.6	348.0	0.3333333333333333
76365	130	0	5	0.3175	111.0	555.0	0.0
76366	223	0	5	0.55	221.0	1105.0	0.3333333333333333
76367	235	0	5	0.58	72.2	361.0	0.3333333333333333
76368	289	0	5	0.715	182.0	910.0	0.6666666666666666
76369	271	0	5	0.67	83.6	418.0	0.6666666666666666
76370	20	0	5	0.0425	18.0	90.0	0.0
76371	375	0	5	0.93	192.8	964.0	0.6666666666666666
76372	223	0	5	0.55	95.4	477.0	0.3333333333333333
76373	306	0	5	0.7575	230.0	1150.0	0.3333333333333333
76374	89	0	5	0.215	87.0	435.0	0.0
76375	64	0	5	0.1525	48.4	242.0	0.3333333333333333
76376	203	0	5	0.5	137.6	688.0	0.3333333333333333
76377	48	0	5	0.1125	23.6	118.0	0.3333333333333333
76378	111	0	5	0.27	109.0	545.0	0.0
76379	87	0	5	0.21	85.0	425.0	0.0
76380	65	0	5	0.155	63.0	315.0	0.0
76381	245	0	5	0.605	109.2	546.0	0.3333333333333333
76382	108	0	5	0.2625	26.0	130.0	0.3333333333333333
76383	317	0	5	0.785	154.4	772.0	0.6666666666666666
76384	379	0	5	0.94	86.6	433.0	0.6666666666666666
76385	137	0	5	0.335	83.0	415.0	0.3333333333333333
76386	74	0	5	0.1775	70.4	352.0	0.3333333333333333
76387	313	1	4	0.78	163.4	817.0	1.0
76388	353	0	5	0.875	258.2	1291.0	0.6666666666666666
76389	129	0	5	0.315	60.6	303.0	0.3333333333333333
76390	208	0	5	0.5125	110.0	550.0	0.3333333333333333
76391	313	0	5	0.775	145.6	728.0	0.3333333333333333
76392	270	0	5	0.6675	128.6	643.0	0.6666666666666666
76393	322	1	4	0.8025	187.6	938.0	1.0
76394	388	0	5	0.9625	181.6	908.0	0.6666666666666666
76395	285	0	5	0.705	229.8	1149.0	0.6666666666666666
76396	112	0	5	0.2725	91.8	459.0	0.0
76397	294	0	5	0.7275	200.6	1003.0	0.6666666666666666
76398	120	0	5	0.2925	103.0	515.0	0.0
76399	312	0	5	0.7725	189.4	947.0	0.6666666666666666
76400	158	0	5	0.3875	153.2	766.0	0.0
76401	215	0	5	0.53	88.4	442.0	0.3333333333333333
76402	208	0	5	0.5125	189.2	946.0	0.0
76403	380	0	5	0.9425	188.6	943.0	0.3333333333333333
76404	158	0	5	0.3875	133.2	666.0	0.0
76405	235	0	5	0.58	193.4	967.0	0.3333333333333333
76406	139	0	5	0.34	37.8	189.0	0.3333333333333333
76407	267	1	4	0.665	130.6	653.0	1.0
76408	337	0	5	0.835	276.0	1380.0	0.6666666666666666
76409	226	0	5	0.5575	169.0	845.0	0.3333333333333333
76410	93	0	5	0.225	65.4	327.0	0.0
76411	179	0	5	0.44	177.0	885.0	0.0
76412	302	0	5	0.7475	152.2	761.0	0.3333333333333333
76413	193	0	5	0.475	123.2	616.0	0.3333333333333333
76414	204	1	4	0.5075	86.2	431.0	1.0
76415	319	0	5	0.79	164.6	823.0	0.6666666666666666
76416	180	0	5	0.4425	125.6	628.0	0.6666666666666666
76417	151	0	5	0.37	124.6	623.0	0.3333333333333333
76418	305	1	4	0.76	95.8	479.0	1.0
76419	317	1	4	0.79	220.6	1103.0	1.0
76420	339	0	5	0.84	221.8	1109.0	0.3333333333333333
76421	117	0	5	0.285	115.0	575.0	0.0
76422	268	1	4	0.6675	168.0	840.0	1.0
76423	323	1	4	0.805	196.6	983.0	1.0
76424	281	0	5	0.695	129.6	648.0	0.6666666666666666
76425	320	1	4	0.7975	132.8	664.0	1.0
76426	223	0	5	0.55	84.2	421.0	0.6666666666666666
76427	44	0	5	0.1025	22.8	114.0	0.0
76428	158	0	5	0.3875	71.2	356.0	0.3333333333333333
76429	144	0	5	0.3525	135.0	675.0	0.3333333333333333
76430	82	0	5	0.1975	40.0	200.0	0.3333333333333333
76431	302	0	5	0.7475	67.2	336.0	0.6666666666666666
76432	181	0	5	0.445	75.8	379.0	0.6666666666666666
76433	175	0	5	0.43	107.8	539.0	0.3333333333333333
76434	151	0	5	0.37	140.4	702.0	0.3333333333333333
76435	191	0	5	0.47	186.6	933.0	0.3333333333333333
76436	238	0	5	0.5875	201.0	1005.0	0.3333333333333333
76437	302	0	5	0.7475	189.2	946.0	0.3333333333333333
76438	320	0	5	0.7925	187.2	936.0	0.6666666666666666
76439	195	0	5	0.48	77.4	387.0	0.3333333333333333
76440	113	0	5	0.275	59.0	295.0	0.3333333333333333
76441	39	0	5	0.09	37.0	185.0	0.0
76442	231	0	5	0.57	188.4	942.0	0.6666666666666666
76443	90	0	5	0.2175	88.0	440.0	0.0
76444	346	1	4	0.8625	218.4	1092.0	1.0
76445	235	0	5	0.58	155.0	775.0	0.3333333333333333
76446	355	0	5	0.88	177.4	887.0	0.6666666666666666
76447	297	0	5	0.735	175.0	875.0	0.3333333333333333
76448	256	0	5	0.6325	171.2	856.0	0.6666666666666666
76449	272	0	5	0.6725	241.4	1207.0	0.0
76450	9	0	5	0.015	7.0	35.0	0.0
76451	336	0	5	0.8325	111.0	555.0	0.6666666666666666
76452	344	0	5	0.8525	134.8	674.0	0.6666666666666666
76453	46	0	5	0.1075	44.0	220.0	0.0
76454	280	0	5	0.6925	264.0	1320.0	0.0
76455	35	0	5	0.08	33.0	165.0	0.0
76456	247	0	5	0.61	216.8	1084.0	0.0
76457	122	0	5	0.2975	31.2	156.0	0.3333333333333333
76458	15	0	5	0.03	6.4	32.0	0.3333333333333333
76459	272	0	5	0.6725	182.4	912.0	0.3333333333333333
76460	90	0	5	0.2175	81.0	405.0	0.0
76461	348	0	5	0.8625	166.2	831.0	0.6666666666666666
76462	173	0	5	0.425	85.2	426.0	0.0
76463	333	0	5	0.825	235.4	1177.0	0.6666666666666666
76464	168	0	5	0.4125	90.8	454.0	0.0
76465	95	0	5	0.23	42.0	210.0	0.3333333333333333
76466	151	0	5	0.37	130.4	652.0	0.0
76467	158	1	3	0.3925	131.0	655.0	1.0
76468	334	0	5	0.8275	142.4	712.0	0.3333333333333333
76469	144	0	5	0.3525	40.4	202.0	0.6666666666666666
76470	173	1	3	0.43	109.6	548.0	1.0
76471	198	0	5	0.4875	74.2	371.0	0.3333333333333333
76472	325	0	5	0.805	245.4	1227.0	0.6666666666666666
76473	293	0	5	0.725	291.0	1455.0	0.0
76474	176	0	5	0.4325	124.2	621.0	0.3333333333333333
76475	392	0	5	0.9725	112.4	562.0	0.6666666666666666
76476	222	1	4	0.5525	162.0	810.0	1.0
76477	309	0	5	0.765	98.4	492.0	0.6666666666666666
76478	190	0	5	0.4675	123.2	616.0	0.6666666666666666
76479	356	0	5	0.8825	220.8	1104.0	0.6666666666666666
76480	53	0	5	0.125	30.0	150.0	0.0
76481	332	0	5	0.8225	157.6	788.0	0.6666666666666666
76482	21	0	5	0.045	19.0	95.0	0.0
76483	178	0	5	0.4375	141.2	706.0	0.0
76484	248	0	5	0.6125	141.6	708.0	0.3333333333333333
76485	84	0	5	0.2025	82.0	410.0	0.0
76486	155	0	5	0.38	72.6	363.0	0.3333333333333333
76487	326	0	5	0.8075	132.0	660.0	0.6666666666666666
76488	117	0	5	0.285	55.6	278.0	0.3333333333333333
76489	353	0	5	0.875	218.2	1091.0	0.3333333333333333
76490	77	0	5	0.185	69.8	349.0	0.0
76491	120	0	5	0.2925	84.4	422.0	0.3333333333333333
76492	313	1	4	0.78	140.8	704.0	1.0
76493	6	0	5	0.0075	4.0	20.0	0.0
76494	273	0	5	0.675	63.8	319.0	0.3333333333333333
76495	195	0	5	0.48	91.0	455.0	0.3333333333333333
76496	355	0	5	0.88	273.8	1369.0	0.3333333333333333
76497	201	0	5	0.495	164.6	823.0	0.6666666666666666
76498	344	0	5	0.8525	248.6	1243.0	0.6666666666666666
76499	311	0	5	0.77	191.6	958.0	0.6666666666666666
76500	279	0	5	0.69	122.0	610.0	0.6666666666666666
76501	315	0	5	0.78	131.0	655.0	0.6666666666666666
76502	357	0	5	0.885	197.4	987.0	0.3333333333333333
76503	189	0	5	0.465	113.8	569.0	0.3333333333333333
76504	287	0	5	0.71	184.4	922.0	0.6666666666666666
76505	190	0	5	0.4675	104.6	523.0	0.0
76506	66	0	5	0.1575	64.0	320.0	0.0
76507	380	1	4	0.9475	200.8	1004.0	1.0
76508	372	0	5	0.9225	180.8	904.0	0.6666666666666666
76509	42	0	5	0.0975	40.0	200.0	0.3333333333333333
76510	344	0	5	0.8525	177.2	886.0	0.6666666666666666
76511	347	0	5	0.86	124.0	620.0	0.6666666666666666
76512	48	0	5	0.1125	46.0	230.0	0.0
76513	401	0	5	0.995	213.4	1067.0	0.6666666666666666
76514	319	0	5	0.79	313.6	1568.0	0.3333333333333333
76515	39	0	5	0.09	37.0	185.0	0.0
76516	201	1	4	0.5	116.4	582.0	1.0
76517	8	0	5	0.0125	2.8	14.0	0.3333333333333333
76518	198	0	5	0.4875	196.0	980.0	0.0
76519	208	0	5	0.5125	84.0	420.0	0.6666666666666666
76520	219	1	4	0.545	87.0	435.0	1.0
76521	316	0	5	0.7825	220.6	1103.0	0.3333333333333333
76522	91	0	5	0.22	39.8	199.0	0.3333333333333333
76523	85	0	5	0.205	46.0	230.0	0.3333333333333333
76524	29	0	5	0.065	27.0	135.0	0.0
76525	352	0	5	0.8725	197.0	985.0	0.6666666666666666
76526	63	0	5	0.15	61.0	305.0	0.0
76527	332	0	5	0.8225	195.6	978.0	0.6666666666666666
76528	104	0	5	0.2525	46.0	230.0	0.0
76529	194	0	5	0.4775	167.2	836.0	0.3333333333333333
76530	365	0	5	0.905	179.6	898.0	0.6666666666666666
76531	141	0	5	0.345	63.4	317.0	0.3333333333333333
76532	205	0	5	0.505	156.2	781.0	0.3333333333333333
76533	15	0	5	0.03	13.0	65.0	0.0
76534	45	0	5	0.105	43.0	215.0	0.0
76535	27	0	5	0.06	25.0	125.0	0.0
76536	372	1	4	0.9275	208.0	1040.0	1.0
76537	161	0	5	0.395	117.8	589.0	0.0
76538	269	0	5	0.665	122.2	611.0	0.6666666666666666
76539	397	0	5	0.985	210.2	1051.0	0.3333333333333333
76540	312	0	5	0.7725	96.2	481.0	0.3333333333333333
76541	46	0	5	0.1075	20.0	100.0	0.3333333333333333
76542	362	0	5	0.8975	257.2	1286.0	0.3333333333333333
76543	250	0	5	0.6175	199.6	998.0	0.3333333333333333
76544	386	1	3	0.9625	206.2	1031.0	1.0
76545	379	0	5	0.94	188.6	943.0	0.6666666666666666
76546	339	0	5	0.84	160.6	803.0	0.6666666666666666
76547	368	0	5	0.9125	75.6	378.0	0.6666666666666666
76548	2	0	5	0.0	0.0	0.0	0.0
76549	346	0	5	0.8575	203.6	1018.0	0.3333333333333333
76550	395	1	4	0.985	257.8	1289.0	1.0
76551	309	1	4	0.77	243.4	1217.0	1.0
76552	291	0	5	0.72	88.2	441.0	0.3333333333333333
76553	131	0	5	0.32	49.8	249.0	0.3333333333333333
76554	127	0	5	0.31	114.0	570.0	0.3333333333333333
76555	240	0	5	0.5925	54.8	274.0	0.6666666666666666
76556	96	0	5	0.2325	94.0	470.0	0.0
76557	169	0	5	0.415	123.8	619.0	0.0
76558	237	0	5	0.585	91.0	455.0	0.6666666666666666
76559	87	0	5	0.21	59.4	297.0	0.0
76560	147	0	5	0.36	127.0	635.0	0.3333333333333333
76561	318	1	4	0.7925	254.4	1272.0	1.0
76562	265	1	4	0.66	216.2	1081.0	1.0
76563	5	0	5	0.005	3.0	15.0	0.0
76564	114	1	4	0.2825	86.0	430.0	1.0
76565	31	0	5	0.07	20.6	103.0	0.3333333333333333
76566	235	0	5	0.58	201.4	1007.0	0.3333333333333333
76567	260	0	5	0.6425	185.4	927.0	0.3333333333333333
76568	387	0	5	0.96	231.2	1156.0	0.6666666666666666
76569	203	0	5	0.5	179.4	897.0	0.3333333333333333
76570	120	0	5	0.2925	78.0	390.0	0.3333333333333333
76571	93	0	5	0.225	50.6	253.0	0.6666666666666666
76572	272	0	5	0.6725	224.2	1121.0	0.3333333333333333
76573	332	0	5	0.8225	156.0	780.0	0.6666666666666666
76574	192	0	5	0.4725	157.4	787.0	0.6666666666666666
76575	149	0	5	0.365	120.8	604.0	0.3333333333333333
76576	243	0	5	0.6	149.8	749.0	0.3333333333333333
76577	149	0	5	0.365	127.0	635.0	0.0
76578	142	0	5	0.3475	127.6	638.0	0.0
76579	310	0	5	0.7675	109.6	548.0	0.3333333333333333
76580	136	0	5	0.3325	132.6	663.0	0.3333333333333333
76581	292	1	4	0.7275	128.8	644.0	1.0
76582	340	0	5	0.8425	167.6	838.0	0.3333333333333333
76583	88	0	5	0.2125	27.6	138.0	0.3333333333333333
76584	45	0	5	0.105	43.0	215.0	0.0
76585	262	0	5	0.6475	233.6	1168.0	0.3333333333333333
76586	379	0	5	0.94	96.0	480.0	0.6666666666666666
76587	50	0	5	0.1175	48.0	240.0	0.0
76588	379	0	5	0.94	229.0	1145.0	0.6666666666666666
76589	263	0	5	0.65	227.0	1135.0	0.3333333333333333
76590	308	0	5	0.7625	218.2	1091.0	0.6666666666666666
76591	305	0	5	0.755	200.6	1003.0	0.3333333333333333
76592	256	0	5	0.6325	242.0	1210.0	0.3333333333333333
76593	362	0	5	0.8975	151.4	757.0	0.6666666666666666
76594	95	0	5	0.23	70.6	353.0	0.3333333333333333
76595	354	0	5	0.8775	217.4	1087.0	0.6666666666666666
76596	4	0	5	0.0025	2.0	10.0	0.0
76597	347	0	5	0.86	199.4	997.0	0.3333333333333333
76598	249	0	5	0.615	231.0	1155.0	0.3333333333333333
76599	56	0	5	0.1325	54.0	270.0	0.0
76600	390	0	5	0.9675	98.8	494.0	0.6666666666666666
76601	52	0	5	0.1225	50.0	250.0	0.0
76602	101	0	5	0.245	59.8	299.0	0.3333333333333333
76603	385	1	4	0.96	311.4	1557.0	1.0
76604	382	1	4	0.9525	107.6	538.0	1.0
76605	196	0	5	0.4825	193.6	968.0	0.3333333333333333
76606	384	0	5	0.9525	277.2	1386.0	0.6666666666666666
76607	215	0	5	0.53	136.4	682.0	0.6666666666666666
76608	166	0	5	0.4075	120.8	604.0	0.6666666666666666
76609	110	0	5	0.2675	68.8	344.0	0.3333333333333333
76610	308	0	5	0.7625	169.4	847.0	0.6666666666666666
76611	27	0	5	0.06	25.0	125.0	0.0
76612	264	0	5	0.6525	124.8	624.0	0.3333333333333333
76613	108	0	5	0.2625	94.4	472.0	0.3333333333333333
76614	154	0	5	0.3775	112.4	562.0	0.0
76615	13	0	5	0.025	9.0	45.0	0.3333333333333333
76616	9	0	5	0.015	7.0	35.0	0.0
76617	343	0	5	0.85	120.8	604.0	0.6666666666666666
76618	279	0	5	0.69	86.6	433.0	0.6666666666666666
76619	169	0	5	0.415	108.8	544.0	0.3333333333333333
76620	142	0	5	0.3475	92.6	463.0	0.3333333333333333
76621	68	0	5	0.1625	27.2	136.0	0.3333333333333333
76622	106	0	5	0.2575	104.0	520.0	0.0
76623	10	0	5	0.0175	8.0	40.0	0.0
76624	44	0	5	0.1025	29.0	145.0	0.0
76625	279	1	4	0.695	225.0	1125.0	1.0
76626	341	1	4	0.85	209.8	1049.0	1.0
76627	9	0	5	0.015	6.4	32.0	0.0
76628	289	1	4	0.72	220.4	1102.0	1.0
76629	154	0	5	0.3775	143.2	716.0	0.0
76630	188	0	5	0.4625	100.0	500.0	0.3333333333333333
76631	202	0	5	0.4975	98.8	494.0	0.3333333333333333
76632	376	1	4	0.9375	308.0	1540.0	1.0
76633	195	0	5	0.48	170.2	851.0	0.3333333333333333
76634	306	0	5	0.7575	150.4	752.0	0.6666666666666666
76635	181	0	5	0.445	126.0	630.0	0.3333333333333333
76636	117	0	5	0.285	74.2	371.0	0.3333333333333333
76637	134	0	5	0.3275	69.6	348.0	0.3333333333333333
76638	33	0	5	0.075	25.0	125.0	0.3333333333333333
76639	345	0	5	0.855	251.0	1255.0	0.6666666666666666
76640	38	0	5	0.0875	36.0	180.0	0.0
76641	220	0	5	0.5425	126.8	634.0	0.6666666666666666
76642	2	0	5	0.0	0.0	0.0	0.0
76643	137	1	4	0.34	33.0	165.0	1.0
76644	338	0	5	0.8375	313.4	1567.0	0.0
76645	205	0	5	0.505	165.4	827.0	0.3333333333333333
76646	62	0	5	0.1475	60.0	300.0	0.0
76647	177	0	5	0.435	109.0	545.0	0.3333333333333333
76648	73	0	5	0.175	49.0	245.0	0.3333333333333333
76649	91	0	5	0.22	69.8	349.0	0.3333333333333333
76650	192	0	5	0.4725	110.8	554.0	0.6666666666666666
76651	297	0	5	0.735	134.2	671.0	0.6666666666666666
76652	77	0	5	0.185	75.0	375.0	0.0
76653	100	0	5	0.2425	97.6	488.0	0.6666666666666666
76654	225	0	5	0.555	168.2	841.0	0.0
76655	337	1	4	0.84	115.4	577.0	1.0
76656	249	0	5	0.615	75.8	379.0	0.6666666666666666
76657	258	0	5	0.6375	133.4	667.0	0.6666666666666666
76658	328	0	5	0.8125	246.6	1233.0	0.3333333333333333
76659	292	0	5	0.7225	290.0	1450.0	0.0
76660	144	0	5	0.3525	52.0	260.0	0.6666666666666666
76661	125	0	5	0.305	123.0	615.0	0.0
76662	330	1	4	0.8225	111.6	558.0	1.0
76663	191	0	5	0.47	65.2	326.0	0.6666666666666666
76664	285	0	5	0.705	212.6	1063.0	0.3333333333333333
76665	95	0	5	0.23	74.4	372.0	0.0
76666	376	0	5	0.9325	217.6	1088.0	0.6666666666666666
76667	71	0	5	0.17	69.0	345.0	0.3333333333333333
76668	311	1	4	0.775	199.2	996.0	1.0
76669	191	0	5	0.47	85.8	429.0	0.3333333333333333
76670	187	0	5	0.46	161.0	805.0	0.3333333333333333
76671	30	0	5	0.0675	28.0	140.0	0.0
76672	301	0	5	0.745	239.0	1195.0	0.3333333333333333
76673	320	1	4	0.7975	272.6	1363.0	1.0
76674	331	1	4	0.825	135.0	675.0	1.0
76675	263	0	5	0.65	128.4	642.0	0.0
76676	221	0	5	0.545	184.6	923.0	0.3333333333333333
76677	93	0	5	0.225	87.8	439.0	0.3333333333333333
76678	369	1	4	0.92	125.8	629.0	1.0
76679	278	0	5	0.6875	213.4	1067.0	0.6666666666666666
76680	321	0	5	0.795	158.2	791.0	0.6666666666666666
76681	113	0	5	0.275	75.4	377.0	0.3333333333333333
76682	64	0	5	0.1525	23.6	118.0	0.0
76683	136	0	5	0.3325	111.6	558.0	0.3333333333333333
76684	336	0	5	0.8325	102.8	514.0	0.6666666666666666
76685	76	0	5	0.1825	74.0	370.0	0.0
76686	91	0	5	0.22	89.0	445.0	0.0
76687	33	0	5	0.075	29.8	149.0	0.0
76688	37	0	5	0.085	35.0	175.0	0.0
76689	128	0	5	0.3125	122.6	613.0	0.3333333333333333
76690	274	0	5	0.6775	230.4	1152.0	0.3333333333333333
76691	220	0	5	0.5425	184.8	924.0	0.3333333333333333
76692	233	0	5	0.575	120.6	603.0	0.3333333333333333
76693	126	0	5	0.3075	66.4	332.0	0.3333333333333333
76694	190	0	5	0.4675	144.0	720.0	0.0
76695	86	0	5	0.2075	28.0	140.0	0.3333333333333333
76696	260	0	5	0.6425	205.6	1028.0	0.3333333333333333
76697	296	0	5	0.7325	147.0	735.0	0.3333333333333333
76698	214	0	5	0.5275	114.8	574.0	0.3333333333333333
76699	242	0	5	0.5975	240.0	1200.0	0.0
76700	360	0	5	0.8925	239.6	1198.0	0.6666666666666666
76701	378	0	5	0.9375	226.4	1132.0	0.6666666666666666
76702	307	0	5	0.76	95.0	475.0	0.6666666666666666
76703	125	0	5	0.305	73.2	366.0	0.0
76704	287	0	5	0.71	241.2	1206.0	0.3333333333333333
76705	136	0	5	0.3325	87.0	435.0	0.3333333333333333
76706	67	0	5	0.16	60.6	303.0	0.3333333333333333
76707	363	0	5	0.9	229.8	1149.0	0.6666666666666666
76708	81	0	5	0.195	66.2	331.0	0.3333333333333333
76709	240	1	4	0.5975	99.6	498.0	1.0
76710	377	1	4	0.94	245.2	1226.0	1.0
76711	394	1	4	0.9825	178.4	892.0	1.0
76712	245	0	5	0.605	154.6	773.0	0.6666666666666666
76713	280	0	5	0.6925	260.0	1300.0	0.3333333333333333
76714	93	0	5	0.225	67.8	339.0	0.3333333333333333
76715	42	0	5	0.0975	23.8	119.0	0.3333333333333333
76716	365	0	5	0.905	173.4	867.0	0.6666666666666666
76717	246	1	4	0.6125	187.6	938.0	1.0
76718	126	0	5	0.3075	65.6	328.0	0.6666666666666666
76719	113	0	5	0.275	111.0	555.0	0.0
76720	130	0	5	0.3175	110.2	551.0	0.0
76721	188	0	5	0.4625	99.2	496.0	0.3333333333333333
76722	213	0	5	0.525	171.0	855.0	0.3333333333333333
76723	22	0	5	0.0475	20.0	100.0	0.0
76724	230	0	5	0.5675	123.0	615.0	0.3333333333333333
76725	221	0	5	0.545	134.2	671.0	0.6666666666666666
76726	275	1	4	0.685	146.0	730.0	1.0
76727	252	0	5	0.6225	146.8	734.0	0.3333333333333333
76728	322	0	5	0.7975	87.4	437.0	0.3333333333333333
76729	23	0	5	0.05	21.0	105.0	0.0
76730	170	0	5	0.4175	99.6	498.0	0.0
76731	342	1	4	0.8525	221.8	1109.0	1.0
76732	243	0	5	0.6	209.8	1049.0	0.3333333333333333
76733	207	0	5	0.51	121.0	605.0	0.3333333333333333
76734	28	0	5	0.0625	26.0	130.0	0.0
76735	243	1	4	0.605	174.6	873.0	1.0
76736	179	0	5	0.44	177.0	885.0	0.0
76737	188	0	5	0.4625	154.8	774.0	0.3333333333333333
76738	232	0	5	0.5725	230.0	1150.0	0.0
76739	94	0	5	0.2275	64.4	322.0	0.3333333333333333
76740	379	0	5	0.94	144.4	722.0	0.6666666666666666
76741	294	0	5	0.7275	142.4	712.0	0.3333333333333333
76742	117	0	5	0.285	78.6	393.0	0.6666666666666666
76743	273	0	5	0.675	143.4	717.0	0.3333333333333333
76744	243	1	4	0.605	147.0	735.0	1.0
76745	186	0	5	0.4575	174.0	870.0	0.3333333333333333
76746	351	0	5	0.87	261.2	1306.0	0.3333333333333333
76747	102	0	5	0.2475	100.0	500.0	0.0
76748	53	0	5	0.125	32.6	163.0	0.3333333333333333
76749	250	0	5	0.6175	154.6	773.0	0.6666666666666666
76750	66	0	5	0.1575	57.0	285.0	0.3333333333333333
76751	17	0	5	0.035	15.0	75.0	0.0
76752	303	0	5	0.75	180.2	901.0	0.6666666666666666
76753	129	0	5	0.315	105.6	528.0	0.0
76754	401	0	4	0.9975	148.2	741.0	0.6666666666666666
76755	209	0	5	0.515	165.4	827.0	0.3333333333333333
76756	135	0	5	0.33	133.0	665.0	0.0
76757	48	0	5	0.1125	46.0	230.0	0.0
76758	33	0	5	0.075	13.6	68.0	0.3333333333333333
76759	302	0	5	0.7475	218.4	1092.0	0.3333333333333333
76760	135	0	5	0.33	102.6	513.0	0.3333333333333333
76761	295	0	5	0.73	130.6	653.0	0.0
76762	14	0	5	0.0275	12.0	60.0	0.0
76763	159	0	5	0.39	149.8	749.0	0.6666666666666666
76764	332	0	5	0.8225	208.8	1044.0	0.3333333333333333
76765	98	0	5	0.2375	86.6	433.0	0.3333333333333333
76766	339	0	5	0.84	142.6	713.0	0.6666666666666666
76767	200	1	4	0.4975	109.6	548.0	1.0
76768	104	0	5	0.2525	51.6	258.0	0.0
76769	296	0	5	0.7325	84.2	421.0	0.6666666666666666
76770	299	0	5	0.74	231.8	1159.0	0.3333333333333333
76771	355	1	4	0.885	302.0	1510.0	1.0
76772	109	0	5	0.265	85.4	427.0	0.3333333333333333
76773	389	0	5	0.965	187.0	935.0	0.6666666666666666
76774	240	0	5	0.5925	108.4	542.0	0.6666666666666666
76775	244	0	5	0.6025	132.8	664.0	0.6666666666666666
76776	74	0	5	0.1775	70.4	352.0	0.3333333333333333
76777	196	0	5	0.4825	132.8	664.0	0.3333333333333333
76778	233	0	5	0.575	174.6	873.0	0.3333333333333333
76779	357	0	5	0.885	216.4	1082.0	0.3333333333333333
76780	28	0	5	0.0625	20.4	102.0	0.0
76781	285	0	5	0.705	173.0	865.0	0.6666666666666666
76782	71	0	5	0.17	59.0	295.0	0.6666666666666666
76783	372	0	5	0.9225	294.2	1471.0	0.6666666666666666
76784	17	0	5	0.035	15.0	75.0	0.0
76785	241	0	5	0.595	189.8	949.0	0.3333333333333333
76786	209	0	5	0.515	147.8	739.0	0.0
76787	256	0	5	0.6325	144.4	722.0	0.6666666666666666
76788	110	0	5	0.2675	103.2	516.0	0.3333333333333333
76789	266	0	5	0.6575	252.8	1264.0	0.3333333333333333
76790	142	0	5	0.3475	63.4	317.0	0.3333333333333333
76791	203	0	5	0.5	144.2	721.0	0.6666666666666666
76792	146	0	5	0.3575	114.4	572.0	0.3333333333333333
76793	101	0	5	0.245	93.0	465.0	0.3333333333333333
76794	282	1	4	0.7025	103.2	516.0	1.0
76795	242	0	5	0.5975	91.6	458.0	0.6666666666666666
76796	104	0	5	0.2525	102.0	510.0	0.0
76797	288	0	5	0.7125	140.2	701.0	0.6666666666666666
76798	289	0	5	0.715	85.0	425.0	0.6666666666666666
76799	40	0	5	0.0925	38.0	190.0	0.0
76800	297	0	5	0.735	206.2	1031.0	0.6666666666666666
76801	16	0	5	0.0325	14.0	70.0	0.0
76802	184	0	5	0.4525	96.0	480.0	0.6666666666666666
76803	69	1	4	0.17	63.4	317.0	1.0
76804	133	0	5	0.325	55.0	275.0	0.3333333333333333
76805	350	0	5	0.8675	247.6	1238.0	0.3333333333333333
76806	123	0	5	0.3	62.2	311.0	0.3333333333333333
76807	152	0	5	0.3725	56.0	280.0	0.3333333333333333
76808	291	0	5	0.72	130.8	654.0	0.6666666666666666
76809	221	0	5	0.545	68.2	341.0	0.3333333333333333
76810	16	0	5	0.0325	14.0	70.0	0.0
76811	186	0	5	0.4575	81.2	406.0	0.6666666666666666
76812	250	0	5	0.6175	96.4	482.0	0.6666666666666666
76813	179	0	5	0.44	104.2	521.0	0.6666666666666666
76814	83	0	5	0.2	57.6	288.0	0.3333333333333333
76815	91	0	5	0.22	71.6	358.0	0.3333333333333333
76816	103	0	5	0.25	101.0	505.0	0.0
76817	123	0	5	0.3	78.6	393.0	0.3333333333333333
76818	243	0	5	0.6	192.2	961.0	0.3333333333333333
76819	328	0	5	0.8125	231.2	1156.0	0.6666666666666666
76820	334	1	4	0.8325	201.6	1008.0	1.0
76821	380	0	5	0.9425	108.0	540.0	0.6666666666666666
76822	279	0	5	0.69	82.6	413.0	0.3333333333333333
76823	252	0	5	0.6225	163.2	816.0	0.6666666666666666
76824	331	0	5	0.82	173.0	865.0	0.6666666666666666
76825	220	0	5	0.5425	67.4	337.0	0.6666666666666666
76826	113	0	5	0.275	88.6	443.0	0.0
76827	352	0	5	0.8725	187.6	938.0	0.6666666666666666
76828	294	0	5	0.7275	206.8	1034.0	0.3333333333333333
76829	228	0	5	0.5625	226.0	1130.0	0.3333333333333333
76830	326	0	5	0.8075	143.8	719.0	0.6666666666666666
76831	272	0	5	0.6725	243.6	1218.0	0.3333333333333333
76832	207	0	5	0.51	133.0	665.0	0.3333333333333333
76833	122	0	5	0.2975	39.0	195.0	0.3333333333333333
76834	347	1	4	0.865	259.8	1299.0	1.0
76835	287	0	5	0.71	173.0	865.0	0.3333333333333333
76836	312	0	5	0.7725	215.4	1077.0	0.6666666666666666
76837	192	0	5	0.4725	75.6	378.0	0.3333333333333333
76838	126	0	5	0.3075	101.8	509.0	0.3333333333333333
76839	330	0	5	0.8175	284.0	1420.0	0.6666666666666666
76840	291	1	4	0.725	61.4	307.0	1.0
76841	87	0	5	0.21	72.0	360.0	0.6666666666666666
76842	109	0	5	0.265	84.6	423.0	0.0
76843	140	0	5	0.3425	105.4	527.0	0.3333333333333333
76844	124	0	5	0.3025	103.6	518.0	0.3333333333333333
76845	85	0	5	0.205	83.0	415.0	0.0
76846	296	0	5	0.7325	252.0	1260.0	0.6666666666666666
76847	105	0	5	0.255	103.0	515.0	0.0
76848	266	0	5	0.6575	167.8	839.0	0.6666666666666666
76849	162	0	5	0.3975	114.4	572.0	0.0
76850	324	1	4	0.8075	169.2	846.0	1.0
76851	16	0	5	0.0325	14.0	70.0	0.0
76852	22	0	5	0.0475	20.0	100.0	0.0
76853	71	0	5	0.17	69.0	345.0	0.3333333333333333
76854	392	0	5	0.9725	221.4	1107.0	0.6666666666666666
76855	320	0	5	0.7925	183.4	917.0	0.6666666666666666
76856	135	0	5	0.33	133.0	665.0	0.0
76857	38	0	5	0.0875	26.0	130.0	0.0
76858	355	1	4	0.885	295.8	1479.0	1.0
76859	250	1	4	0.6225	156.2	781.0	1.0
76860	258	0	5	0.6375	256.0	1280.0	0.3333333333333333
76861	295	0	5	0.73	113.8	569.0	0.6666666666666666
76862	29	0	5	0.065	27.0	135.0	0.0
76863	100	0	5	0.2425	98.0	490.0	0.0
76864	41	0	5	0.095	39.0	195.0	0.0
76865	175	0	5	0.43	144.2	721.0	0.0
76866	33	0	5	0.075	31.0	155.0	0.0
76867	304	0	5	0.7525	88.0	440.0	0.6666666666666666
76868	329	0	5	0.815	127.6	638.0	0.3333333333333333
76869	20	0	5	0.0425	18.0	90.0	0.0
76870	36	0	5	0.0825	34.0	170.0	0.0
76871	165	0	5	0.405	60.6	303.0	0.6666666666666666
76872	372	0	5	0.9225	297.4	1487.0	0.6666666666666666
76873	186	0	5	0.4575	130.4	652.0	0.6666666666666666
76874	304	0	5	0.7525	158.6	793.0	0.3333333333333333
76875	236	0	5	0.5825	105.2	526.0	0.3333333333333333
76876	209	0	5	0.515	207.0	1035.0	0.0
76877	172	0	5	0.4225	156.8	784.0	0.3333333333333333
76878	80	0	5	0.1925	75.6	378.0	0.3333333333333333
76879	51	0	5	0.12	49.0	245.0	0.0
76880	401	0	5	0.995	152.6	763.0	0.6666666666666666
76881	74	0	5	0.1775	50.4	252.0	0.3333333333333333
76882	354	1	4	0.8825	141.8	709.0	1.0
76883	96	0	5	0.2325	94.0	470.0	0.0
76884	207	0	5	0.51	127.0	635.0	0.3333333333333333
76885	75	0	5	0.18	73.0	365.0	0.0
76886	305	1	4	0.76	166.6	833.0	1.0
76887	111	0	5	0.27	58.2	291.0	0.3333333333333333
76888	363	1	4	0.905	129.6	648.0	1.0
76889	280	0	5	0.6925	208.8	1044.0	0.3333333333333333
76890	314	0	5	0.7775	139.6	698.0	0.6666666666666666
76891	377	1	4	0.94	262.2	1311.0	1.0
76892	312	0	5	0.7725	231.6	1158.0	0.6666666666666666
76893	400	0	5	0.9925	233.4	1167.0	0.6666666666666666
76894	20	0	5	0.0425	18.0	90.0	0.0
76895	226	0	5	0.5575	103.2	516.0	0.6666666666666666
76896	310	0	5	0.7675	250.6	1253.0	0.6666666666666666
76897	385	0	5	0.955	212.8	1064.0	0.6666666666666666
76898	34	0	5	0.0775	30.2	151.0	0.0
76899	169	0	5	0.415	157.4	787.0	0.0
76900	251	0	5	0.62	206.2	1031.0	0.6666666666666666
76901	216	1	4	0.5375	131.2	656.0	1.0
76902	268	0	5	0.6625	104.4	522.0	0.3333333333333333
76903	169	1	4	0.42	142.6	713.0	1.0
76904	267	0	5	0.66	74.6	373.0	0.6666666666666666
76905	254	1	4	0.6325	134.0	670.0	1.0
76906	94	0	5	0.2275	32.8	164.0	0.6666666666666666
76907	182	0	5	0.4475	147.6	738.0	0.3333333333333333
76908	234	0	5	0.5775	211.8	1059.0	0.3333333333333333
76909	320	0	5	0.7925	153.6	768.0	0.6666666666666666
76910	117	0	5	0.285	42.6	213.0	0.3333333333333333
76911	221	1	4	0.55	121.0	605.0	1.0
76912	348	0	5	0.8625	177.8	889.0	0.6666666666666666
76913	138	0	5	0.3375	36.0	180.0	0.0
76914	259	0	5	0.64	84.2	421.0	0.3333333333333333
76915	40	0	5	0.0925	33.2	166.0	0.3333333333333333
76916	232	0	5	0.5725	193.2	966.0	0.3333333333333333
76917	264	0	5	0.6525	179.6	898.0	0.3333333333333333
76918	332	1	4	0.8275	261.6	1308.0	1.0
76919	260	0	5	0.6425	105.6	528.0	0.6666666666666666
76920	105	0	5	0.255	87.4	437.0	0.3333333333333333
76921	289	0	5	0.715	232.6	1163.0	0.3333333333333333
76922	42	0	5	0.0975	40.0	200.0	0.0
76923	315	0	5	0.78	143.8	719.0	0.3333333333333333
76924	303	0	5	0.75	208.8	1044.0	0.3333333333333333
76925	335	0	5	0.83	190.4	952.0	0.6666666666666666
76926	190	0	5	0.4675	82.2	411.0	0.6666666666666666
76927	233	0	5	0.575	123.8	619.0	0.3333333333333333
76928	26	0	5	0.0575	24.0	120.0	0.0
76929	245	0	5	0.605	243.0	1215.0	0.0
76930	198	0	5	0.4875	121.6	608.0	0.0
76931	184	0	5	0.4525	132.6	663.0	0.3333333333333333
76932	25	0	5	0.055	23.0	115.0	0.0
76933	117	0	5	0.285	106.2	531.0	0.3333333333333333
76934	176	0	5	0.4325	117.8	589.0	0.0
76935	350	0	5	0.8675	254.6	1273.0	0.3333333333333333
76936	327	0	5	0.81	105.0	525.0	0.3333333333333333
76937	294	1	4	0.7325	128.4	642.0	1.0
76938	118	0	5	0.2875	83.0	415.0	0.3333333333333333
76939	63	0	5	0.15	61.0	305.0	0.0
76940	21	0	5	0.045	18.6	93.0	0.0
76941	395	0	5	0.98	285.4	1427.0	0.6666666666666666
76942	302	0	5	0.7475	67.2	336.0	0.3333333333333333
76943	270	0	5	0.6675	121.8	609.0	0.3333333333333333
76944	56	0	5	0.1325	54.0	270.0	0.0
76945	61	0	5	0.145	27.8	139.0	0.6666666666666666
76946	109	0	5	0.265	59.0	295.0	0.3333333333333333
76947	166	0	5	0.4075	95.2	476.0	0.3333333333333333
76948	189	0	5	0.465	151.4	757.0	0.3333333333333333
76949	146	0	5	0.3575	109.6	548.0	0.3333333333333333
76950	372	0	5	0.9225	98.4	492.0	0.6666666666666666
76951	320	0	5	0.7925	143.0	715.0	0.3333333333333333
76952	144	0	5	0.3525	57.6	288.0	0.3333333333333333
76953	275	0	5	0.68	147.8	739.0	0.6666666666666666
76954	181	0	5	0.445	61.4	307.0	0.3333333333333333
76955	148	0	5	0.3625	146.0	730.0	0.3333333333333333
76956	146	0	5	0.3575	50.6	253.0	0.3333333333333333
76957	155	0	5	0.38	107.6	538.0	0.6666666666666666
76958	325	0	5	0.805	214.6	1073.0	0.6666666666666666
76959	253	0	5	0.625	238.4	1192.0	0.6666666666666666
76960	153	0	5	0.375	151.0	755.0	0.0
76961	293	0	5	0.725	158.2	791.0	0.3333333333333333
76962	39	0	5	0.09	37.0	185.0	0.0
76963	265	0	5	0.655	140.8	704.0	0.6666666666666666
76964	302	0	5	0.7475	247.8	1239.0	0.6666666666666666
76965	327	0	5	0.81	245.6	1228.0	0.6666666666666666
76966	283	0	5	0.7	172.4	862.0	0.3333333333333333
76967	327	0	5	0.81	127.4	637.0	0.3333333333333333
76968	252	1	4	0.6275	160.4	802.0	1.0
76969	225	0	5	0.555	110.2	551.0	0.3333333333333333
76970	285	0	5	0.705	241.8	1209.0	0.6666666666666666
76971	381	1	4	0.95	112.4	562.0	1.0
76972	291	0	5	0.72	146.2	731.0	0.6666666666666666
76973	314	0	5	0.7775	258.4	1292.0	0.3333333333333333
76974	349	0	5	0.865	160.6	803.0	0.6666666666666666
76975	124	0	5	0.3025	79.6	398.0	0.0
76976	141	0	5	0.345	61.6	308.0	0.6666666666666666
76977	162	0	5	0.3975	107.2	536.0	0.3333333333333333
76978	115	1	4	0.285	64.2	321.0	1.0
76979	242	0	5	0.5975	95.2	476.0	0.6666666666666666
76980	163	0	5	0.4	132.6	663.0	0.0
76981	185	0	5	0.455	111.8	559.0	0.3333333333333333
76982	114	0	5	0.2775	68.8	344.0	0.0
76983	178	0	5	0.4375	118.8	594.0	0.0
76984	363	0	5	0.9	95.4	477.0	0.6666666666666666
76985	240	0	5	0.5925	185.0	925.0	0.3333333333333333
76986	213	0	5	0.525	184.8	924.0	0.3333333333333333
76987	12	0	5	0.0225	10.0	50.0	0.0
76988	43	0	5	0.1	29.0	145.0	0.0
76989	2	0	5	0.0	0.0	0.0	0.0
76990	201	0	5	0.495	150.2	751.0	0.3333333333333333
76991	333	0	5	0.825	141.4	707.0	0.6666666666666666
76992	223	0	5	0.55	159.8	799.0	0.6666666666666666
76993	103	0	5	0.25	84.2	421.0	0.3333333333333333
76994	113	0	5	0.275	111.0	555.0	0.0
76995	399	0	5	0.99	191.8	959.0	0.6666666666666666
76996	366	0	5	0.9075	176.0	880.0	0.6666666666666666
76997	384	0	5	0.9525	258.8	1294.0	0.6666666666666666
76998	188	0	5	0.4625	186.0	930.0	0.0
76999	363	0	5	0.9	198.2	991.0	0.6666666666666666
77000	43	0	5	0.1	41.0	205.0	0.0
77001	350	1	4	0.8725	185.8	929.0	1.0
77002	384	0	5	0.9525	108.0	540.0	0.3333333333333333
77003	278	0	5	0.6875	134.2	671.0	0.3333333333333333
77004	279	0	5	0.69	231.2	1156.0	0.3333333333333333
77005	276	0	5	0.6825	270.4	1352.0	0.3333333333333333
77006	240	0	5	0.5925	151.8	759.0	0.3333333333333333
77007	107	0	5	0.26	33.0	165.0	0.3333333333333333
77008	38	0	5	0.0875	36.0	180.0	0.0
77009	374	1	4	0.9325	114.4	572.0	1.0
77010	308	0	5	0.7625	156.4	782.0	0.3333333333333333
77011	26	0	5	0.0575	21.6	108.0	0.0
77012	290	0	5	0.7175	135.0	675.0	0.3333333333333333
77013	128	0	5	0.3125	126.0	630.0	0.0
77014	349	0	5	0.865	204.2	1021.0	0.6666666666666666
77015	267	0	5	0.66	208.2	1041.0	0.0
77016	325	0	5	0.805	211.2	1056.0	0.6666666666666666
77017	187	0	5	0.46	126.8	634.0	0.0
77018	157	0	5	0.385	145.4	727.0	0.0
77019	52	0	5	0.1225	50.0	250.0	0.0
77020	371	0	5	0.92	174.8	874.0	0.6666666666666666
77021	64	0	5	0.1525	48.4	242.0	0.3333333333333333
77022	186	0	5	0.4575	111.6	558.0	0.6666666666666666
77023	169	0	5	0.415	126.6	633.0	0.3333333333333333
77024	119	0	5	0.29	117.0	585.0	0.0
77025	321	0	5	0.795	153.4	767.0	0.6666666666666666
77026	22	0	5	0.0475	20.0	100.0	0.0
77027	386	0	5	0.9575	240.8	1204.0	0.6666666666666666
77028	207	1	4	0.515	116.6	583.0	1.0
77029	84	0	5	0.2025	42.0	210.0	0.3333333333333333
77030	112	0	5	0.2725	100.6	503.0	0.0
77031	66	0	5	0.1575	64.0	320.0	0.0
77032	98	0	5	0.2375	87.8	439.0	0.0
77033	135	1	4	0.335	41.2	206.0	1.0
77034	91	0	5	0.22	62.6	313.0	0.3333333333333333
77035	357	1	4	0.89	107.0	535.0	1.0
77036	189	0	5	0.465	63.6	318.0	0.3333333333333333
77037	305	0	5	0.755	193.4	967.0	0.6666666666666666
77038	57	0	5	0.135	50.8	254.0	0.3333333333333333
77039	214	0	5	0.5275	141.6	708.0	0.0
77040	301	0	5	0.745	118.8	594.0	0.3333333333333333
77041	165	0	5	0.405	99.8	499.0	0.6666666666666666
77042	340	1	4	0.8475	279.0	1395.0	1.0
77043	38	0	5	0.0875	36.0	180.0	0.0
77044	141	0	5	0.345	101.8	509.0	0.3333333333333333
77045	160	0	5	0.3925	114.0	570.0	0.3333333333333333
77046	13	0	5	0.025	11.0	55.0	0.0
77047	151	0	5	0.37	80.6	403.0	0.0
77048	223	0	5	0.55	121.2	606.0	0.3333333333333333
77049	332	0	5	0.8225	157.8	789.0	0.6666666666666666
77050	316	0	5	0.7825	157.6	788.0	0.6666666666666666
77051	259	0	5	0.64	134.6	673.0	0.3333333333333333
77052	213	0	5	0.525	203.4	1017.0	0.3333333333333333
77053	244	1	4	0.6075	169.4	847.0	1.0
77054	21	0	5	0.045	19.0	95.0	0.0
77055	252	0	5	0.6225	218.4	1092.0	0.3333333333333333
77056	239	0	5	0.59	108.6	543.0	0.0
77057	130	0	5	0.3175	73.2	366.0	0.0
77058	150	0	5	0.3675	106.2	531.0	0.3333333333333333
77059	204	0	5	0.5025	154.6	773.0	0.3333333333333333
77060	173	0	5	0.425	156.0	780.0	0.3333333333333333
77061	347	1	4	0.865	108.2	541.0	1.0
77062	348	0	5	0.8625	247.6	1238.0	0.6666666666666666
77063	256	0	5	0.6325	154.0	770.0	0.6666666666666666
77064	263	0	5	0.65	133.8	669.0	0.6666666666666666
77065	376	0	5	0.9325	168.6	843.0	0.6666666666666666
77066	384	0	5	0.9525	172.2	861.0	0.6666666666666666
77067	234	0	5	0.5775	128.4	642.0	0.3333333333333333
77068	360	0	5	0.8925	157.8	789.0	0.6666666666666666
77069	320	0	5	0.7925	246.4	1232.0	0.3333333333333333
77070	363	0	5	0.9	246.4	1232.0	0.3333333333333333
77071	117	0	5	0.285	75.2	376.0	0.3333333333333333
77072	63	0	5	0.15	37.8	189.0	0.3333333333333333
77073	264	0	5	0.6525	143.0	715.0	0.6666666666666666
77074	117	0	5	0.285	67.4	337.0	0.3333333333333333
77075	122	0	5	0.2975	111.2	556.0	0.0
77076	264	0	5	0.6525	260.8	1304.0	0.3333333333333333
77077	200	0	5	0.4925	181.8	909.0	0.3333333333333333
77078	175	0	5	0.43	139.4	697.0	0.0
77079	297	0	5	0.735	264.8	1324.0	0.3333333333333333
77080	127	0	5	0.31	125.0	625.0	0.0
77081	178	0	5	0.4375	140.0	700.0	0.6666666666666666
77082	270	0	5	0.6675	106.0	530.0	0.6666666666666666
77083	232	0	5	0.5725	94.0	470.0	0.3333333333333333
77084	201	0	5	0.495	83.4	417.0	0.3333333333333333
77085	130	0	5	0.3175	93.6	468.0	0.6666666666666666
77086	161	0	5	0.395	99.0	495.0	0.6666666666666666
77087	232	0	5	0.5725	190.2	951.0	0.3333333333333333
77088	56	0	5	0.1325	42.0	210.0	0.0
77089	184	0	5	0.4525	117.4	587.0	0.3333333333333333
77090	262	0	5	0.6475	200.0	1000.0	0.6666666666666666
77091	82	0	5	0.1975	42.8	214.0	0.0
77092	37	0	5	0.085	35.0	175.0	0.0
77093	379	0	5	0.94	197.4	987.0	0.6666666666666666
77094	346	0	5	0.8575	236.0	1180.0	0.6666666666666666
77095	319	0	5	0.79	317.0	1585.0	0.0
77096	114	0	5	0.2775	95.2	476.0	0.3333333333333333
77097	4	0	5	0.0025	2.0	10.0	0.0
77098	360	0	5	0.8925	87.2	436.0	0.3333333333333333
77099	260	0	5	0.6425	53.2	266.0	0.6666666666666666
77100	50	0	5	0.1175	43.6	218.0	0.3333333333333333
77101	4	0	5	0.0025	2.0	10.0	0.0
77102	383	1	4	0.955	124.0	620.0	1.0
77103	300	0	5	0.7425	160.0	800.0	0.3333333333333333
77104	195	0	5	0.48	85.0	425.0	0.6666666666666666
77105	279	0	5	0.69	206.6	1033.0	0.3333333333333333
77106	144	0	5	0.3525	142.0	710.0	0.0
77107	290	0	5	0.7175	132.8	664.0	0.6666666666666666
77108	326	0	5	0.8075	104.2	521.0	0.6666666666666666
77109	254	0	5	0.6275	165.2	826.0	0.6666666666666666
77110	96	0	5	0.2325	64.0	320.0	0.3333333333333333
77111	45	0	5	0.105	43.0	215.0	0.0
77112	134	0	5	0.3275	130.0	650.0	0.3333333333333333
77113	196	0	5	0.4825	105.2	526.0	0.3333333333333333
77114	350	0	5	0.8675	140.8	704.0	0.3333333333333333
77115	120	0	5	0.2925	87.8	439.0	0.6666666666666666
77116	121	0	5	0.295	94.6	473.0	0.3333333333333333
77117	136	0	5	0.3325	64.2	321.0	0.3333333333333333
77118	329	0	5	0.815	275.0	1375.0	0.3333333333333333
77119	314	0	5	0.7775	225.8	1129.0	0.6666666666666666
77120	340	1	4	0.8475	292.6	1463.0	1.0
77121	121	0	5	0.295	47.2	236.0	0.6666666666666666
77122	374	0	5	0.9275	236.0	1180.0	0.6666666666666666
77123	32	0	5	0.0725	30.0	150.0	0.0
77124	32	0	5	0.0725	26.0	130.0	0.0
77125	69	0	5	0.165	42.6	213.0	0.0
77126	275	0	5	0.68	152.8	764.0	0.6666666666666666
77127	2	0	5	0.0	0.0	0.0	0.0
77128	92	0	5	0.2225	30.0	150.0	0.6666666666666666
77129	169	0	5	0.415	81.8	409.0	0.0
77130	392	0	5	0.9725	294.6	1473.0	0.6666666666666666
77131	384	0	5	0.9525	160.0	800.0	0.6666666666666666
77132	137	0	5	0.335	127.2	636.0	0.0
77133	197	0	5	0.485	104.8	524.0	0.3333333333333333
77134	156	0	5	0.3825	53.2	266.0	0.3333333333333333
77135	378	0	5	0.9375	187.6	938.0	0.6666666666666666
77136	244	0	5	0.6025	122.2	611.0	0.6666666666666666
77137	96	0	5	0.2325	94.0	470.0	0.0
77138	207	0	5	0.51	142.0	710.0	0.3333333333333333
77139	341	1	4	0.85	246.0	1230.0	1.0
77140	180	0	5	0.4425	143.4	717.0	0.6666666666666666
77141	317	0	5	0.785	173.0	865.0	0.6666666666666666
77142	72	0	5	0.1725	70.0	350.0	0.0
77143	198	0	5	0.4875	109.6	548.0	0.3333333333333333
77144	196	1	4	0.4875	110.0	550.0	1.0
77145	115	1	3	0.285	86.2	431.0	1.0
77146	329	0	5	0.815	229.4	1147.0	0.3333333333333333
77147	186	0	5	0.4575	157.8	789.0	0.0
77148	111	0	5	0.27	87.4	437.0	0.3333333333333333
77149	317	0	5	0.785	253.4	1267.0	0.3333333333333333
77150	26	0	5	0.0575	15.4	77.0	0.3333333333333333
77151	66	0	5	0.1575	53.2	266.0	0.0
77152	105	0	5	0.255	103.0	515.0	0.0
77153	67	0	5	0.16	51.2	256.0	0.3333333333333333
77154	117	0	5	0.285	66.4	332.0	0.3333333333333333
77155	277	0	5	0.685	212.4	1062.0	0.3333333333333333
77156	300	0	5	0.7425	140.2	701.0	0.6666666666666666
77157	101	0	5	0.245	99.0	495.0	0.0
77158	177	0	5	0.435	116.8	584.0	0.6666666666666666
77159	118	0	5	0.2875	106.4	532.0	0.6666666666666666
77160	393	1	4	0.98	133.8	669.0	1.0
77161	170	0	5	0.4175	111.0	555.0	0.3333333333333333
77162	269	0	5	0.665	120.0	600.0	0.6666666666666666
77163	307	1	4	0.765	70.4	352.0	1.0
77164	284	0	5	0.7025	268.2	1341.0	0.0
77165	361	1	4	0.9	197.6	988.0	1.0
77166	243	0	5	0.6	117.0	585.0	0.6666666666666666
77167	306	1	4	0.7625	163.2	816.0	1.0
77168	381	1	4	0.95	255.4	1277.0	1.0
77169	134	0	5	0.3275	85.2	426.0	0.6666666666666666
77170	171	1	4	0.425	56.2	281.0	1.0
77171	388	0	5	0.9625	205.4	1027.0	0.6666666666666666
77172	242	0	5	0.5975	155.8	779.0	0.3333333333333333
77173	297	0	5	0.735	185.4	927.0	0.3333333333333333
77174	359	0	5	0.89	207.6	1038.0	0.6666666666666666
77175	310	0	5	0.7675	92.8	464.0	0.6666666666666666
77176	214	0	5	0.5275	140.4	702.0	0.3333333333333333
77177	401	0	4	0.9975	246.0	1230.0	0.6666666666666666
77178	133	0	5	0.325	118.6	593.0	0.3333333333333333
77179	95	0	5	0.23	93.0	465.0	0.0
77180	162	0	5	0.3975	69.6	348.0	0.3333333333333333
77181	301	0	5	0.745	231.2	1156.0	0.3333333333333333
77182	165	0	5	0.405	114.2	571.0	0.3333333333333333
77183	56	0	5	0.1325	26.8	134.0	0.3333333333333333
77184	79	0	5	0.19	40.4	202.0	0.6666666666666666
77185	219	0	5	0.54	167.4	837.0	0.3333333333333333
77186	115	0	5	0.28	90.6	453.0	0.3333333333333333
77187	156	0	5	0.3825	154.0	770.0	0.0
77188	51	0	5	0.12	49.0	245.0	0.0
77189	300	0	5	0.7425	156.4	782.0	0.6666666666666666
77190	317	0	5	0.785	138.8	694.0	0.3333333333333333
77191	19	0	5	0.04	17.0	85.0	0.0
77192	153	0	5	0.375	118.0	590.0	0.0
77193	14	0	5	0.0275	12.0	60.0	0.0
77194	357	1	4	0.89	266.2	1331.0	1.0
77195	289	0	5	0.715	137.4	687.0	0.3333333333333333
77196	110	0	5	0.2675	108.0	540.0	0.0
77197	317	0	5	0.785	225.0	1125.0	0.6666666666666666
77198	393	1	4	0.98	279.4	1397.0	1.0
77199	279	0	5	0.69	126.6	633.0	0.3333333333333333
77200	266	0	5	0.6575	199.6	998.0	0.3333333333333333
77201	266	0	5	0.6575	264.0	1320.0	0.0
77202	42	0	5	0.0975	40.0	200.0	0.0
77203	240	1	4	0.5975	158.4	792.0	1.0
77204	157	0	5	0.385	155.0	775.0	0.0
77205	118	0	5	0.2875	74.8	374.0	0.0
77206	4	0	5	0.0025	2.0	10.0	0.0
77207	276	0	5	0.6825	219.6	1098.0	0.3333333333333333
77208	315	0	5	0.78	198.6	993.0	0.6666666666666666
77209	165	1	4	0.41	71.2	356.0	1.0
77210	218	0	5	0.5375	181.6	908.0	0.3333333333333333
77211	300	1	4	0.7475	112.4	562.0	1.0
77212	303	0	5	0.75	246.6	1233.0	0.3333333333333333
77213	22	0	5	0.0475	16.8	84.0	0.3333333333333333
77214	284	0	5	0.7025	155.4	777.0	0.0
77215	63	0	5	0.15	45.0	225.0	0.3333333333333333
77216	369	0	5	0.915	177.0	885.0	0.6666666666666666
77217	203	0	5	0.5	189.0	945.0	0.3333333333333333
77218	347	0	5	0.86	311.4	1557.0	0.6666666666666666
77219	265	1	4	0.66	159.0	795.0	1.0
77220	321	0	5	0.795	131.0	655.0	0.6666666666666666
77221	359	0	5	0.89	181.8	909.0	0.6666666666666666
77222	304	0	5	0.7525	229.4	1147.0	0.6666666666666666
77223	205	0	5	0.505	69.6	348.0	0.3333333333333333
77224	361	0	5	0.895	107.0	535.0	0.6666666666666666
77225	94	0	5	0.2275	92.0	460.0	0.0
77226	269	1	4	0.67	126.0	630.0	1.0
77227	265	0	5	0.655	205.2	1026.0	0.3333333333333333
77228	335	0	5	0.83	235.0	1175.0	0.6666666666666666
77229	388	1	4	0.9675	376.0	1880.0	1.0
77230	116	0	5	0.2825	73.2	366.0	0.3333333333333333
77231	265	0	5	0.655	156.8	784.0	0.3333333333333333
77232	317	0	5	0.785	127.8	639.0	0.0
77233	72	0	5	0.1725	47.8	239.0	0.6666666666666666
77234	202	0	5	0.4975	134.6	673.0	0.0
77235	375	1	4	0.935	213.0	1065.0	1.0
77236	133	0	5	0.325	131.0	655.0	0.0
77237	123	0	5	0.3	121.0	605.0	0.0
77238	391	1	4	0.975	160.0	800.0	1.0
77239	22	0	5	0.0475	20.0	100.0	0.0
77240	193	0	5	0.475	115.8	579.0	0.6666666666666666
77241	5	0	5	0.005	3.0	15.0	0.0
77242	235	0	5	0.58	77.6	388.0	0.3333333333333333
77243	367	0	5	0.91	127.4	637.0	0.6666666666666666
77244	400	0	5	0.9925	162.0	810.0	0.6666666666666666
77245	246	0	5	0.6075	197.0	985.0	0.3333333333333333
77246	363	0	5	0.9	165.6	828.0	0.6666666666666666
77247	102	0	5	0.2475	72.4	362.0	0.3333333333333333
77248	217	0	5	0.535	87.8	439.0	0.6666666666666666
77249	328	0	5	0.8125	217.6	1088.0	0.6666666666666666
77250	96	1	4	0.2375	52.2	261.0	1.0
77251	311	1	3	0.775	208.6	1043.0	1.0
77252	243	0	5	0.6	146.0	730.0	0.3333333333333333
77253	152	0	5	0.3725	120.6	603.0	0.0
77254	170	0	5	0.4175	49.6	248.0	0.3333333333333333
77255	349	0	5	0.865	232.4	1162.0	0.6666666666666666
77256	287	0	5	0.71	162.2	811.0	0.6666666666666666
77257	235	0	5	0.58	152.6	763.0	0.3333333333333333
77258	234	0	5	0.5775	193.8	969.0	0.3333333333333333
77259	246	0	5	0.6075	187.0	935.0	0.3333333333333333
77260	222	0	5	0.5475	169.0	845.0	0.0
77261	263	0	5	0.65	57.0	285.0	0.3333333333333333
77262	147	1	4	0.365	69.6	348.0	1.0
77263	337	1	4	0.84	161.0	805.0	1.0
77264	228	0	5	0.5625	106.0	530.0	0.6666666666666666
77265	80	0	5	0.1925	72.8	364.0	0.3333333333333333
77266	64	0	5	0.1525	45.6	228.0	0.0
77267	318	0	5	0.7875	278.0	1390.0	0.3333333333333333
77268	251	0	5	0.62	94.4	472.0	0.3333333333333333
77269	20	0	5	0.0425	18.0	90.0	0.0
77270	397	1	4	0.99	104.4	522.0	1.0
77271	298	0	5	0.7375	247.0	1235.0	0.6666666666666666
77272	198	0	5	0.4875	123.2	616.0	0.6666666666666666
77273	333	0	5	0.825	171.6	858.0	0.6666666666666666
77274	335	0	5	0.83	290.8	1454.0	0.6666666666666666
77275	389	1	4	0.97	198.0	990.0	1.0
77276	64	0	5	0.1525	24.4	122.0	0.3333333333333333
77277	163	0	5	0.4	110.8	554.0	0.0
77278	159	0	5	0.39	68.4	342.0	0.3333333333333333
77279	350	0	5	0.8675	168.4	842.0	0.0
77280	74	0	5	0.1775	60.0	300.0	0.3333333333333333
77281	315	0	5	0.78	247.8	1239.0	0.6666666666666666
77282	54	0	5	0.1275	42.8	214.0	0.0
77283	226	0	5	0.5575	134.0	670.0	0.3333333333333333
77284	158	0	5	0.3875	141.2	706.0	0.3333333333333333
77285	74	0	5	0.1775	72.0	360.0	0.0
77286	250	0	5	0.6175	178.4	892.0	0.6666666666666666
77287	205	1	4	0.51	119.4	597.0	1.0
77288	359	0	5	0.89	234.6	1173.0	0.6666666666666666
77289	38	0	5	0.0875	36.0	180.0	0.0
77290	149	0	5	0.365	118.8	594.0	0.3333333333333333
77291	226	0	5	0.5575	173.6	868.0	0.3333333333333333
77292	63	0	5	0.15	28.6	143.0	0.3333333333333333
77293	154	1	4	0.3825	88.8	444.0	1.0
77294	249	0	5	0.615	163.2	816.0	0.6666666666666666
77295	392	0	5	0.9725	172.8	864.0	0.6666666666666666
77296	20	0	5	0.0425	18.0	90.0	0.0
77297	189	0	5	0.465	89.0	445.0	0.0
77298	345	0	5	0.855	216.6	1083.0	0.6666666666666666
77299	116	0	5	0.2825	42.0	210.0	0.3333333333333333
77300	141	0	5	0.345	123.0	615.0	0.0
77301	238	0	5	0.5875	144.0	720.0	0.6666666666666666
77302	141	0	5	0.345	106.6	533.0	0.3333333333333333
77303	185	0	5	0.455	83.8	419.0	0.3333333333333333
77304	216	0	5	0.5325	120.4	602.0	0.3333333333333333
77305	248	0	5	0.6125	129.4	647.0	0.6666666666666666
77306	333	0	5	0.825	160.4	802.0	0.6666666666666666
77307	82	0	5	0.1975	77.0	385.0	0.3333333333333333
77308	145	0	5	0.355	81.2	406.0	0.3333333333333333
77309	96	0	5	0.2325	83.2	416.0	0.0
77310	216	0	5	0.5325	209.4	1047.0	0.3333333333333333
77311	313	0	5	0.775	248.6	1243.0	0.3333333333333333
77312	398	0	5	0.9875	312.6	1563.0	0.6666666666666666
77313	110	0	5	0.2675	41.6	208.0	0.6666666666666666
77314	187	0	5	0.46	109.4	547.0	0.3333333333333333
77315	239	0	5	0.59	142.2	711.0	0.3333333333333333
77316	366	0	5	0.9075	104.0	520.0	0.6666666666666666
77317	183	0	5	0.45	167.0	835.0	0.3333333333333333
77318	110	0	5	0.2675	42.8	214.0	0.6666666666666666
77319	171	0	5	0.42	92.2	461.0	0.6666666666666666
77320	232	0	5	0.5725	131.4	657.0	0.6666666666666666
77321	375	1	4	0.935	268.4	1342.0	1.0
77322	283	0	5	0.7	106.6	533.0	0.3333333333333333
77323	50	0	5	0.1175	32.4	162.0	0.0
77324	230	0	5	0.5675	132.2	661.0	0.6666666666666666
77325	323	0	5	0.8	194.0	970.0	0.6666666666666666
77326	354	0	5	0.8775	125.2	626.0	0.6666666666666666
77327	90	0	5	0.2175	88.0	440.0	0.0
77328	275	0	5	0.68	144.8	724.0	0.6666666666666666
77329	272	0	5	0.6725	208.2	1041.0	0.3333333333333333
77330	211	0	5	0.52	72.2	361.0	0.3333333333333333
77331	143	0	5	0.35	139.2	696.0	0.3333333333333333
77332	118	0	5	0.2875	104.0	520.0	0.3333333333333333
77333	17	0	5	0.035	15.0	75.0	0.0
77334	332	1	4	0.8275	233.8	1169.0	1.0
77335	40	0	5	0.0925	38.0	190.0	0.0
77336	157	0	5	0.385	109.4	547.0	0.3333333333333333
77337	226	0	5	0.5575	122.4	612.0	0.3333333333333333
77338	133	0	5	0.325	88.6	443.0	0.3333333333333333
77339	14	0	5	0.0275	12.0	60.0	0.0
77340	250	0	5	0.6175	124.2	621.0	0.3333333333333333
77341	53	0	5	0.125	51.0	255.0	0.0
77342	375	1	4	0.935	318.8	1594.0	1.0
77343	121	0	5	0.295	98.8	494.0	0.3333333333333333
77344	367	0	5	0.91	87.4	437.0	0.6666666666666666
77345	174	0	5	0.4275	131.2	656.0	0.3333333333333333
77346	228	0	5	0.5625	146.8	734.0	0.0
77347	172	0	5	0.4225	79.8	399.0	0.6666666666666666
77348	257	0	5	0.635	215.4	1077.0	0.6666666666666666
77349	283	0	5	0.7	124.0	620.0	0.3333333333333333
77350	137	0	5	0.335	134.6	673.0	0.3333333333333333
77351	264	0	5	0.6525	226.0	1130.0	0.3333333333333333
77352	146	0	5	0.3575	140.0	700.0	0.0
77353	218	0	5	0.5375	123.2	616.0	0.3333333333333333
77354	227	0	5	0.56	190.0	950.0	0.0
77355	173	0	5	0.425	155.0	775.0	0.3333333333333333
77356	127	0	5	0.31	118.8	594.0	0.0
77357	248	0	5	0.6125	96.4	482.0	0.6666666666666666
77358	151	0	5	0.37	69.2	346.0	0.0
77359	367	0	5	0.91	168.4	842.0	0.6666666666666666
77360	253	0	5	0.625	84.2	421.0	0.6666666666666666
77361	285	0	5	0.705	206.2	1031.0	0.3333333333333333
77362	209	0	5	0.515	47.0	235.0	0.6666666666666666
77363	169	0	5	0.415	139.0	695.0	0.6666666666666666
77364	157	0	5	0.385	155.0	775.0	0.0
77365	229	0	5	0.565	114.8	574.0	0.3333333333333333
77366	308	0	5	0.7625	189.6	948.0	0.6666666666666666
77367	29	0	5	0.065	27.0	135.0	0.0
77368	314	0	5	0.7775	171.4	857.0	0.3333333333333333
77369	209	0	5	0.515	196.6	983.0	0.6666666666666666
77370	388	0	5	0.9625	156.0	780.0	0.6666666666666666
77371	342	0	5	0.8475	145.0	725.0	0.6666666666666666
77372	100	0	5	0.2425	97.2	486.0	0.0
77373	221	0	5	0.545	160.6	803.0	0.6666666666666666
77374	264	0	5	0.6525	116.4	582.0	0.6666666666666666
77375	276	0	5	0.6825	154.6	773.0	0.3333333333333333
77376	332	0	5	0.8225	117.4	587.0	0.6666666666666666
77377	168	0	5	0.4125	166.0	830.0	0.0
77378	105	0	5	0.255	96.0	480.0	0.0
77379	374	0	5	0.9275	155.2	776.0	0.6666666666666666
77380	49	0	5	0.115	33.0	165.0	0.3333333333333333
77381	233	0	5	0.575	142.0	710.0	0.3333333333333333
77382	183	0	5	0.45	181.0	905.0	0.0
77383	84	0	5	0.2025	68.6	343.0	0.6666666666666666
77384	154	0	5	0.3775	38.4	192.0	0.3333333333333333
77385	346	0	5	0.8575	226.8	1134.0	0.3333333333333333
77386	285	0	5	0.705	227.8	1139.0	0.6666666666666666
77387	189	0	5	0.465	171.4	857.0	0.0
77388	374	0	5	0.9275	174.2	871.0	0.6666666666666666
77389	109	0	5	0.265	39.0	195.0	0.3333333333333333
77390	323	0	5	0.8	116.6	583.0	0.6666666666666666
77391	312	0	5	0.7725	155.4	777.0	0.3333333333333333
77392	376	0	5	0.9325	242.0	1210.0	0.0
77393	218	0	5	0.5375	118.4	592.0	0.6666666666666666
77394	224	0	5	0.5525	135.6	678.0	0.3333333333333333
77395	146	1	4	0.3625	54.4	272.0	1.0
77396	99	0	5	0.24	97.0	485.0	0.0
77397	127	1	4	0.315	63.0	315.0	1.0
77398	62	0	5	0.1475	24.6	123.0	0.3333333333333333
77399	218	0	5	0.5375	110.0	550.0	0.3333333333333333
77400	271	0	5	0.67	123.8	619.0	0.3333333333333333
77401	53	0	5	0.125	51.0	255.0	0.0
77402	122	0	5	0.2975	78.6	393.0	0.6666666666666666
77403	330	0	5	0.8175	225.6	1128.0	0.3333333333333333
77404	250	0	5	0.6175	64.0	320.0	0.6666666666666666
77405	141	0	5	0.345	131.0	655.0	0.3333333333333333
77406	79	0	5	0.19	77.0	385.0	0.0
77407	42	0	5	0.0975	27.2	136.0	0.3333333333333333
77408	113	0	5	0.275	66.6	333.0	0.6666666666666666
77409	277	0	5	0.685	111.8	559.0	0.0
77410	20	0	5	0.0425	18.0	90.0	0.0
77411	231	0	5	0.57	105.0	525.0	0.3333333333333333
77412	275	0	5	0.68	168.6	843.0	0.6666666666666666
77413	246	0	5	0.6075	117.6	588.0	0.3333333333333333
77414	261	0	5	0.645	112.0	560.0	0.3333333333333333
77415	140	0	5	0.3425	107.2	536.0	0.6666666666666666
77416	338	0	5	0.8375	156.2	781.0	0.6666666666666666
77417	357	1	4	0.89	220.4	1102.0	1.0
77418	308	0	5	0.7625	153.2	766.0	0.0
77419	339	0	5	0.84	284.2	1421.0	0.6666666666666666
77420	22	0	5	0.0475	16.0	80.0	0.3333333333333333
77421	229	0	5	0.565	194.6	973.0	0.3333333333333333
77422	189	0	5	0.465	114.4	572.0	0.3333333333333333
77423	255	0	5	0.63	129.0	645.0	0.6666666666666666
77424	265	0	5	0.655	164.0	820.0	0.6666666666666666
77425	138	0	5	0.3375	133.0	665.0	0.3333333333333333
77426	24	0	5	0.0525	22.0	110.0	0.0
77427	382	0	5	0.9475	217.6	1088.0	0.6666666666666666
77428	25	0	5	0.055	23.0	115.0	0.0
77429	88	0	5	0.2125	79.4	397.0	0.0
77430	249	0	5	0.615	183.8	919.0	0.3333333333333333
77431	139	0	5	0.34	106.0	530.0	0.6666666666666666
77432	303	1	4	0.755	147.4	737.0	1.0
77433	276	1	4	0.6875	211.0	1055.0	1.0
77434	174	0	5	0.4275	132.6	663.0	0.6666666666666666
77435	373	0	5	0.925	265.2	1326.0	0.6666666666666666
77436	130	0	5	0.3175	116.0	580.0	0.0
77437	210	0	5	0.5175	166.4	832.0	0.3333333333333333
77438	139	0	5	0.34	137.0	685.0	0.0
77439	229	0	5	0.565	149.4	747.0	0.3333333333333333
77440	162	0	5	0.3975	141.6	708.0	0.3333333333333333
77441	314	1	4	0.7825	119.6	598.0	1.0
77442	14	0	5	0.0275	12.0	60.0	0.0
77443	110	0	5	0.2675	83.6	418.0	0.6666666666666666
77444	108	0	5	0.2625	64.2	321.0	0.3333333333333333
77445	112	0	5	0.2725	80.4	402.0	0.3333333333333333
77446	261	0	5	0.645	168.8	844.0	0.3333333333333333
77447	235	0	5	0.58	122.8	614.0	0.0
77448	330	0	5	0.8175	265.0	1325.0	0.3333333333333333
77449	64	0	5	0.1525	59.0	295.0	0.3333333333333333
77450	334	0	5	0.8275	252.8	1264.0	0.6666666666666666
77451	374	0	5	0.9275	227.6	1138.0	0.6666666666666666
77452	41	0	5	0.095	39.0	195.0	0.0
77453	270	0	5	0.6675	255.6	1278.0	0.3333333333333333
77454	45	0	5	0.105	43.0	215.0	0.0
77455	234	0	5	0.5775	148.2	741.0	0.3333333333333333
77456	250	0	5	0.6175	175.4	877.0	0.6666666666666666
77457	369	0	5	0.915	243.4	1217.0	0.6666666666666666
77458	305	0	5	0.755	189.4	947.0	0.3333333333333333
77459	288	0	5	0.7125	113.2	566.0	0.3333333333333333
77460	66	0	5	0.1575	15.2	76.0	0.3333333333333333
77461	66	0	5	0.1575	57.4	287.0	0.0
77462	42	0	5	0.0975	28.0	140.0	0.3333333333333333
77463	271	0	5	0.67	85.4	427.0	0.6666666666666666
77464	168	0	5	0.4125	132.4	662.0	0.6666666666666666
77465	69	0	5	0.165	54.4	272.0	0.3333333333333333
77466	211	0	5	0.52	197.6	988.0	0.6666666666666666
77467	270	0	5	0.6675	133.0	665.0	0.6666666666666666
77468	373	0	5	0.925	209.0	1045.0	0.6666666666666666
77469	342	0	5	0.8475	151.4	757.0	0.6666666666666666
77470	127	0	5	0.31	77.8	389.0	0.3333333333333333
77471	198	0	5	0.4875	171.0	855.0	0.6666666666666666
77472	383	0	5	0.95	254.2	1271.0	0.6666666666666666
77473	38	0	5	0.0875	36.0	180.0	0.0
77474	212	0	5	0.5225	101.2	506.0	0.6666666666666666
77475	292	0	5	0.7225	263.6	1318.0	0.3333333333333333
77476	101	0	5	0.245	69.4	347.0	0.3333333333333333
77477	101	0	5	0.245	43.0	215.0	0.3333333333333333
77478	307	0	5	0.76	170.2	851.0	0.6666666666666666
77479	66	0	5	0.1575	54.4	272.0	0.3333333333333333
77480	343	0	5	0.85	165.8	829.0	0.6666666666666666
77481	54	0	5	0.1275	26.8	134.0	0.0
77482	158	0	5	0.3875	52.8	264.0	0.3333333333333333
77483	85	0	5	0.205	83.0	415.0	0.3333333333333333
77484	249	1	4	0.62	173.2	866.0	1.0
77485	278	0	5	0.6875	176.8	884.0	0.3333333333333333
77486	42	0	5	0.0975	22.8	114.0	0.3333333333333333
77487	91	0	5	0.22	89.0	445.0	0.0
77488	80	0	5	0.1925	78.0	390.0	0.0
77489	309	0	5	0.765	237.0	1185.0	0.0
77490	255	0	5	0.63	115.2	576.0	0.6666666666666666
77491	231	0	5	0.57	106.6	533.0	0.6666666666666666
77492	221	0	5	0.545	154.8	774.0	0.3333333333333333
77493	391	0	5	0.97	91.4	457.0	0.6666666666666666
77494	360	0	5	0.8925	182.8	914.0	0.6666666666666666
77495	204	0	5	0.5025	128.8	644.0	0.3333333333333333
77496	112	0	5	0.2725	69.6	348.0	0.0
77497	245	1	4	0.61	167.4	837.0	1.0
77498	118	1	4	0.2925	102.0	510.0	1.0
77499	33	0	5	0.075	31.0	155.0	0.0
77500	215	1	4	0.535	89.0	445.0	1.0
77501	98	0	5	0.2375	75.2	376.0	0.0
77502	52	0	5	0.1225	50.0	250.0	0.0
77503	154	0	5	0.3775	101.4	507.0	0.3333333333333333
77504	56	0	5	0.1325	44.0	220.0	0.0
77505	310	0	5	0.7675	189.2	946.0	0.6666666666666666
77506	303	0	5	0.75	235.2	1176.0	0.3333333333333333
77507	367	1	4	0.915	200.2	1001.0	1.0
77508	285	0	5	0.705	110.2	551.0	0.6666666666666666
77509	249	0	5	0.615	120.0	600.0	0.6666666666666666
77510	95	0	5	0.23	77.0	385.0	0.3333333333333333
77511	205	0	5	0.505	144.2	721.0	0.3333333333333333
77512	206	1	4	0.5125	135.4	677.0	1.0
77513	127	0	5	0.31	125.0	625.0	0.0
77514	392	0	5	0.9725	281.8	1409.0	0.6666666666666666
77515	132	0	5	0.3225	78.8	394.0	0.3333333333333333
77516	251	0	5	0.62	223.2	1116.0	0.3333333333333333
77517	155	0	5	0.38	39.4	197.0	0.0
77518	198	0	5	0.4875	122.2	611.0	0.3333333333333333
77519	195	0	5	0.48	156.0	780.0	0.3333333333333333
77520	117	0	5	0.285	54.4	272.0	0.3333333333333333
77521	328	0	5	0.8125	141.8	709.0	0.3333333333333333
77522	48	0	5	0.1125	37.2	186.0	0.3333333333333333
77523	236	0	5	0.5825	133.8	669.0	0.3333333333333333
77524	10	0	5	0.0175	8.0	40.0	0.0
77525	10	0	5	0.0175	8.0	40.0	0.0
77526	185	0	5	0.455	133.0	665.0	0.6666666666666666
77527	107	0	5	0.26	105.0	525.0	0.0
77528	226	0	5	0.5575	105.2	526.0	0.3333333333333333
77529	376	1	4	0.9375	150.8	754.0	1.0
77530	267	0	5	0.66	201.4	1007.0	0.6666666666666666
77531	181	0	5	0.445	141.2	706.0	0.3333333333333333
77532	88	0	5	0.2125	86.0	430.0	0.0
77533	144	0	5	0.3525	69.6	348.0	0.3333333333333333
77534	233	0	5	0.575	132.2	661.0	0.6666666666666666
77535	93	0	5	0.225	87.4	437.0	0.3333333333333333
77536	243	0	5	0.6	142.0	710.0	0.6666666666666666
77537	78	0	5	0.1875	76.0	380.0	0.0
77538	270	0	5	0.6675	209.6	1048.0	0.3333333333333333
77539	24	0	5	0.0525	22.0	110.0	0.0
77540	272	0	5	0.6725	198.0	990.0	0.0
77541	376	0	5	0.9325	249.2	1246.0	0.6666666666666666
77542	214	0	5	0.5275	136.2	681.0	0.6666666666666666
77543	29	0	5	0.065	27.0	135.0	0.0
77544	199	0	5	0.49	102.0	510.0	0.6666666666666666
77545	304	0	5	0.7525	192.8	964.0	0.6666666666666666
77546	338	0	5	0.8375	192.8	964.0	0.6666666666666666
77547	204	0	5	0.5025	151.2	756.0	0.3333333333333333
77548	134	0	5	0.3275	111.2	556.0	0.3333333333333333
77549	101	0	5	0.245	79.8	399.0	0.0
77550	377	0	5	0.935	106.8	534.0	0.6666666666666666
77551	313	0	5	0.775	124.0	620.0	0.6666666666666666
77552	59	0	5	0.14	57.0	285.0	0.0
77553	222	0	5	0.5475	184.8	924.0	0.3333333333333333
77554	124	1	4	0.3075	106.6	533.0	1.0
77555	361	1	4	0.9	285.6	1428.0	1.0
77556	376	0	5	0.9325	216.4	1082.0	0.3333333333333333
77557	201	0	5	0.495	83.8	419.0	0.3333333333333333
77558	82	0	5	0.1975	46.4	232.0	0.0
77559	34	0	5	0.0775	32.0	160.0	0.0
77560	299	1	4	0.745	149.4	747.0	1.0
77561	153	0	5	0.375	128.0	640.0	0.3333333333333333
77562	185	0	5	0.455	61.4	307.0	0.6666666666666666
77563	362	0	5	0.8975	307.8	1539.0	0.3333333333333333
77564	342	0	5	0.8475	237.0	1185.0	0.6666666666666666
77565	272	0	5	0.6725	90.0	450.0	0.3333333333333333
77566	30	0	5	0.0675	28.0	140.0	0.3333333333333333
77567	237	0	5	0.585	72.0	360.0	0.3333333333333333
77568	215	0	5	0.53	129.8	649.0	0.0
77569	328	0	5	0.8125	145.4	727.0	0.6666666666666666
77570	257	0	5	0.635	150.2	751.0	0.6666666666666666
77571	173	0	5	0.425	139.0	695.0	0.3333333333333333
77572	69	0	5	0.165	41.8	209.0	0.0
77573	291	0	5	0.72	161.0	805.0	0.6666666666666666
77574	326	0	5	0.8075	141.2	706.0	0.6666666666666666
77575	171	0	5	0.42	159.0	795.0	0.3333333333333333
77576	183	0	5	0.45	166.6	833.0	0.6666666666666666
77577	345	1	4	0.86	261.0	1305.0	1.0
77578	319	0	5	0.79	264.2	1321.0	0.0
77579	350	0	5	0.8675	158.0	790.0	0.6666666666666666
77580	28	0	5	0.0625	16.4	82.0	0.3333333333333333
77581	366	0	5	0.9075	104.8	524.0	0.3333333333333333
77582	210	0	5	0.5175	158.8	794.0	0.0
77583	260	1	4	0.6475	178.8	894.0	1.0
77584	209	0	5	0.515	207.0	1035.0	0.0
77585	166	0	5	0.4075	159.2	796.0	0.0
77586	269	0	5	0.665	91.0	455.0	0.6666666666666666
77587	282	0	5	0.6975	121.8	609.0	0.0
77588	391	0	5	0.97	231.8	1159.0	0.6666666666666666
77589	17	0	5	0.035	15.0	75.0	0.0
77590	119	0	5	0.29	88.0	440.0	0.3333333333333333
77591	80	0	5	0.1925	64.2	321.0	0.3333333333333333
77592	342	0	5	0.8475	168.0	840.0	0.6666666666666666
77593	244	0	5	0.6025	124.0	620.0	0.6666666666666666
77594	363	0	5	0.9	294.2	1471.0	0.6666666666666666
77595	95	0	5	0.23	75.0	375.0	0.3333333333333333
77596	211	0	5	0.52	122.6	613.0	0.3333333333333333
77597	346	1	4	0.8625	290.8	1454.0	1.0
77598	206	0	5	0.5075	172.0	860.0	0.3333333333333333
77599	144	0	5	0.3525	60.6	303.0	0.3333333333333333
77600	204	0	5	0.5025	126.8	634.0	0.3333333333333333
77601	334	1	4	0.8325	180.8	904.0	1.0
77602	310	0	5	0.7675	145.2	726.0	0.6666666666666666
77603	301	0	5	0.745	239.8	1199.0	0.6666666666666666
77604	219	1	4	0.545	131.0	655.0	1.0
77605	288	0	5	0.7125	258.0	1290.0	0.0
77606	121	0	5	0.295	119.0	595.0	0.0
77607	84	0	5	0.2025	60.0	300.0	0.0
77608	46	0	5	0.1075	44.0	220.0	0.0
77609	148	0	5	0.3625	146.0	730.0	0.0
77610	91	0	5	0.22	61.0	305.0	0.0
77611	284	0	5	0.7025	170.6	853.0	0.3333333333333333
77612	350	0	5	0.8675	119.0	595.0	0.6666666666666666
77613	11	0	5	0.02	9.0	45.0	0.0
77614	212	0	5	0.5225	98.2	491.0	0.0
77615	69	0	5	0.165	56.2	281.0	0.3333333333333333
77616	101	0	5	0.245	94.6	473.0	0.3333333333333333
77617	286	0	5	0.7075	215.8	1079.0	0.0
77618	127	0	5	0.31	125.0	625.0	0.0
77619	306	0	5	0.7575	220.0	1100.0	0.6666666666666666
77620	235	0	5	0.58	176.2	881.0	0.6666666666666666
77621	126	0	5	0.3075	36.0	180.0	0.3333333333333333
77622	266	0	5	0.6575	180.8	904.0	0.3333333333333333
77623	173	0	5	0.425	135.0	675.0	0.6666666666666666
77624	82	0	5	0.1975	77.8	389.0	0.0
77625	174	0	5	0.4275	159.6	798.0	0.0
77626	300	0	5	0.7425	185.2	926.0	0.3333333333333333
77627	44	0	5	0.1025	42.0	210.0	0.0
77628	358	0	5	0.8875	192.0	960.0	0.6666666666666666
77629	64	0	5	0.1525	52.6	263.0	0.0
77630	267	0	5	0.66	165.6	828.0	0.3333333333333333
77631	240	0	5	0.5925	169.6	848.0	0.6666666666666666
77632	102	0	5	0.2475	93.2	466.0	0.0
77633	218	0	5	0.5375	173.2	866.0	0.0
77634	268	0	5	0.6625	162.4	812.0	0.3333333333333333
77635	59	0	5	0.14	50.0	250.0	0.3333333333333333
77636	365	0	5	0.905	137.4	687.0	0.3333333333333333
77637	72	0	5	0.1725	67.8	339.0	0.3333333333333333
77638	202	0	5	0.4975	166.4	832.0	0.3333333333333333
77639	119	0	5	0.29	96.6	483.0	0.6666666666666666
77640	341	0	5	0.845	246.8	1234.0	0.3333333333333333
77641	207	0	5	0.51	147.4	737.0	0.6666666666666666
77642	372	0	5	0.9225	200.0	1000.0	0.6666666666666666
77643	122	0	5	0.2975	30.4	152.0	0.6666666666666666
77644	242	0	5	0.5975	104.4	522.0	0.0
77645	50	0	5	0.1175	48.0	240.0	0.0
77646	358	0	5	0.8875	148.0	740.0	0.6666666666666666
77647	310	0	5	0.7675	148.4	742.0	0.3333333333333333
77648	378	0	5	0.9375	183.6	918.0	0.6666666666666666
77649	48	0	5	0.1125	29.2	146.0	0.0
77650	281	0	5	0.695	240.4	1202.0	0.3333333333333333
77651	133	0	5	0.325	84.2	421.0	0.3333333333333333
77652	368	0	5	0.9125	146.2	731.0	0.6666666666666666
77653	223	0	5	0.55	221.0	1105.0	0.0
77654	338	0	5	0.8375	107.8	539.0	0.6666666666666666
77655	48	0	5	0.1125	46.0	230.0	0.0
77656	107	0	5	0.26	63.4	317.0	0.0
77657	257	1	4	0.64	163.6	818.0	1.0
77658	113	0	5	0.275	111.0	555.0	0.0
77659	388	0	5	0.9625	266.6	1333.0	0.6666666666666666
77660	360	0	5	0.8925	331.2	1656.0	0.6666666666666666
77661	188	0	5	0.4625	85.6	428.0	0.0
77662	384	1	4	0.9575	325.6	1628.0	1.0
77663	289	0	5	0.715	171.4	857.0	0.6666666666666666
77664	148	1	4	0.3675	125.2	626.0	1.0
77665	269	1	4	0.67	197.0	985.0	1.0
77666	294	0	5	0.7275	241.6	1208.0	0.3333333333333333
77667	248	0	5	0.6125	101.4	507.0	0.0
77668	366	0	5	0.9075	226.0	1130.0	0.6666666666666666
77669	371	0	5	0.92	113.4	567.0	0.6666666666666666
77670	130	0	5	0.3175	93.6	468.0	0.3333333333333333
77671	270	0	5	0.6675	215.6	1078.0	0.3333333333333333
77672	379	0	5	0.94	214.6	1073.0	0.3333333333333333
77673	383	0	5	0.95	238.6	1193.0	0.6666666666666666
77674	272	0	5	0.6725	242.8	1214.0	0.3333333333333333
77675	7	0	5	0.01	5.0	25.0	0.0
77676	65	0	5	0.155	49.4	247.0	0.3333333333333333
77677	314	0	5	0.7775	143.0	715.0	0.3333333333333333
77678	57	0	5	0.135	28.4	142.0	0.3333333333333333
77679	265	0	5	0.655	172.6	863.0	0.3333333333333333
77680	22	0	5	0.0475	20.0	100.0	0.0
77681	31	0	5	0.07	25.0	125.0	0.0
77682	136	0	5	0.3325	101.8	509.0	0.3333333333333333
77683	261	0	5	0.645	154.4	772.0	0.0
77684	239	0	5	0.59	237.0	1185.0	0.0
77685	317	0	5	0.785	210.0	1050.0	0.6666666666666666
77686	177	0	5	0.435	126.8	634.0	0.3333333333333333
77687	284	0	5	0.7025	203.4	1017.0	0.3333333333333333
77688	67	0	5	0.16	65.0	325.0	0.3333333333333333
77689	124	0	5	0.3025	113.2	566.0	0.3333333333333333
77690	201	0	5	0.495	180.2	901.0	0.0
77691	276	0	5	0.6825	134.6	673.0	0.6666666666666666
77692	143	0	5	0.35	141.0	705.0	0.0
77693	118	0	5	0.2875	101.6	508.0	0.3333333333333333
77694	68	0	5	0.1625	66.0	330.0	0.3333333333333333
77695	168	0	5	0.4125	161.2	806.0	0.0
77696	87	0	5	0.21	77.0	385.0	0.3333333333333333
77697	382	0	5	0.9475	322.4	1612.0	0.6666666666666666
77698	339	1	4	0.845	71.0	355.0	1.0
77699	160	0	5	0.3925	158.0	790.0	0.0
77700	87	0	5	0.21	66.2	331.0	0.0
77701	352	0	5	0.8725	70.2	351.0	0.6666666666666666
77702	341	1	4	0.85	208.4	1042.0	1.0
77703	363	0	5	0.9	288.8	1444.0	0.6666666666666666
77704	188	0	5	0.4625	133.6	668.0	0.0
77705	236	0	5	0.5825	149.2	746.0	0.6666666666666666
77706	378	0	5	0.9375	170.4	852.0	0.3333333333333333
77707	401	0	5	0.995	284.6	1423.0	0.6666666666666666
77708	238	0	5	0.5875	170.8	854.0	0.3333333333333333
77709	351	0	5	0.87	157.0	785.0	0.6666666666666666
77710	240	0	5	0.5925	164.8	824.0	0.6666666666666666
77711	378	0	5	0.9375	175.4	877.0	0.6666666666666666
77712	356	0	5	0.8825	254.8	1274.0	0.6666666666666666
77713	122	0	5	0.2975	120.0	600.0	0.0
77714	183	0	5	0.45	120.8	604.0	0.3333333333333333
77715	309	0	5	0.765	138.6	693.0	0.6666666666666666
77716	265	0	5	0.655	152.2	761.0	0.3333333333333333
77717	336	0	5	0.8325	223.8	1119.0	0.6666666666666666
77718	78	0	5	0.1875	60.8	304.0	0.3333333333333333
77719	81	0	5	0.195	69.2	346.0	0.3333333333333333
77720	227	0	5	0.56	196.8	984.0	0.0
77721	291	0	5	0.72	153.4	767.0	0.6666666666666666
77722	355	0	5	0.88	309.6	1548.0	0.6666666666666666
77723	22	0	5	0.0475	20.0	100.0	0.0
77724	208	1	4	0.5175	164.4	822.0	1.0
77725	316	0	5	0.7825	145.4	727.0	0.6666666666666666
77726	205	0	5	0.505	121.4	607.0	0.6666666666666666
77727	72	0	5	0.1725	70.0	350.0	0.0
77728	351	0	5	0.87	235.6	1178.0	0.3333333333333333
77729	62	0	5	0.1475	58.2	291.0	0.0
77730	95	0	5	0.23	31.2	156.0	0.6666666666666666
77731	117	1	4	0.29	32.2	161.0	1.0
77732	39	0	5	0.09	34.8	174.0	0.3333333333333333
77733	114	0	5	0.2775	91.2	456.0	0.3333333333333333
77734	2	0	5	0.0	0.0	0.0	0.0
77735	324	0	5	0.8025	81.0	405.0	0.6666666666666666
77736	182	0	5	0.4475	152.4	762.0	0.0
77737	248	0	5	0.6125	82.8	414.0	0.6666666666666666
77738	78	0	5	0.1875	28.0	140.0	0.3333333333333333
77739	240	0	5	0.5925	101.2	506.0	0.3333333333333333
77740	366	0	5	0.9075	268.8	1344.0	0.6666666666666666
77741	198	0	5	0.4875	131.4	657.0	0.6666666666666666
77742	348	0	5	0.8625	269.2	1346.0	0.3333333333333333
77743	177	0	5	0.435	175.0	875.0	0.0
77744	355	0	5	0.88	154.4	772.0	0.6666666666666666
77745	359	1	4	0.895	268.0	1340.0	1.0
77746	365	0	5	0.905	255.4	1277.0	0.6666666666666666
77747	225	0	5	0.555	93.0	465.0	0.6666666666666666
77748	306	0	5	0.7575	163.2	816.0	0.6666666666666666
77749	209	0	5	0.515	167.8	839.0	0.3333333333333333
77750	269	0	5	0.665	102.4	512.0	0.6666666666666666
77751	384	0	5	0.9525	239.8	1199.0	0.6666666666666666
77752	310	0	5	0.7675	176.2	881.0	0.3333333333333333
77753	316	0	5	0.7825	233.2	1166.0	0.3333333333333333
77754	60	0	5	0.1425	31.6	158.0	0.0
77755	175	0	5	0.43	85.0	425.0	0.6666666666666666
77756	109	0	5	0.265	39.0	195.0	0.3333333333333333
77757	244	0	5	0.6025	130.6	653.0	0.6666666666666666
77758	329	0	5	0.815	176.6	883.0	0.6666666666666666
77759	143	0	5	0.35	62.4	312.0	0.3333333333333333
77760	325	0	5	0.805	322.2	1611.0	0.0
77761	295	0	5	0.73	275.4	1377.0	0.6666666666666666
77762	331	0	5	0.82	271.4	1357.0	0.6666666666666666
77763	141	0	5	0.345	134.8	674.0	0.0
77764	290	1	4	0.7225	181.2	906.0	1.0
77765	92	0	5	0.2225	68.8	344.0	0.3333333333333333
77766	293	0	5	0.725	200.6	1003.0	0.3333333333333333
77767	351	0	5	0.87	275.4	1377.0	0.3333333333333333
77768	306	1	4	0.7625	130.6	653.0	1.0
77769	39	0	5	0.09	37.0	185.0	0.0
77770	22	0	5	0.0475	20.0	100.0	0.0
77771	51	0	5	0.12	39.0	195.0	0.6666666666666666
77772	97	0	5	0.235	95.0	475.0	0.0
77773	259	0	5	0.64	211.0	1055.0	0.3333333333333333
77774	252	1	4	0.6275	86.6	433.0	1.0
77775	360	0	5	0.8925	319.2	1596.0	0.3333333333333333
77776	302	0	5	0.7475	112.0	560.0	0.6666666666666666
77777	383	1	4	0.955	110.4	552.0	1.0
77778	76	0	5	0.1825	74.0	370.0	0.0
77779	287	0	5	0.71	223.4	1117.0	0.6666666666666666
77780	279	0	5	0.69	219.0	1095.0	0.6666666666666666
77781	92	0	5	0.2225	90.0	450.0	0.0
77782	242	0	5	0.5975	190.2	951.0	0.6666666666666666
77783	118	0	5	0.2875	116.0	580.0	0.0
77784	148	0	5	0.3625	101.6	508.0	0.0
77785	33	0	5	0.075	31.0	155.0	0.0
77786	185	0	5	0.455	131.4	657.0	0.3333333333333333
77787	152	0	5	0.3725	58.0	290.0	0.0
77788	66	0	5	0.1575	26.4	132.0	0.3333333333333333
77789	163	0	5	0.4	161.0	805.0	0.0
77790	155	0	5	0.38	70.6	353.0	0.3333333333333333
77791	194	0	5	0.4775	117.6	588.0	0.6666666666666666
77792	16	0	5	0.0325	14.0	70.0	0.0
77793	89	0	5	0.215	45.4	227.0	0.3333333333333333
77794	248	0	5	0.6125	85.2	426.0	0.3333333333333333
77795	78	0	5	0.1875	76.0	380.0	0.0
77796	150	0	5	0.3675	148.0	740.0	0.0
77797	249	0	5	0.615	179.0	895.0	0.0
77798	350	0	5	0.8675	197.2	986.0	0.3333333333333333
77799	47	0	5	0.11	18.6	93.0	0.3333333333333333
77800	150	0	5	0.3675	123.2	616.0	0.3333333333333333
77801	301	1	4	0.75	146.4	732.0	1.0
77802	199	0	5	0.49	178.8	894.0	0.3333333333333333
77803	238	0	5	0.5875	211.4	1057.0	0.6666666666666666
77804	243	1	4	0.605	73.4	367.0	1.0
77805	261	0	5	0.645	143.4	717.0	0.6666666666666666
77806	370	0	5	0.9175	184.4	922.0	0.6666666666666666
77807	185	1	4	0.46	87.8	439.0	1.0
77808	84	0	5	0.2025	33.2	166.0	0.3333333333333333
77809	377	0	5	0.935	235.0	1175.0	0.6666666666666666
77810	273	0	5	0.675	193.0	965.0	0.6666666666666666
77811	302	0	5	0.7475	188.2	941.0	0.3333333333333333
77812	99	0	5	0.24	80.2	401.0	0.3333333333333333
77813	303	0	5	0.75	97.4	487.0	0.3333333333333333
77814	90	0	5	0.2175	87.2	436.0	0.0
77815	331	0	5	0.82	160.2	801.0	0.3333333333333333
77816	386	0	5	0.9575	171.2	856.0	0.6666666666666666
77817	86	0	5	0.2075	52.8	264.0	0.6666666666666666
77818	53	0	5	0.125	51.0	255.0	0.0
77819	86	0	5	0.2075	84.0	420.0	0.0
77820	130	0	5	0.3175	57.2	286.0	0.3333333333333333
77821	201	0	5	0.495	199.0	995.0	0.0
77822	95	0	5	0.23	45.0	225.0	0.3333333333333333
77823	232	0	5	0.5725	173.2	866.0	0.6666666666666666
77824	20	0	5	0.0425	18.0	90.0	0.0
77825	298	0	5	0.7375	173.8	869.0	0.3333333333333333
77826	88	0	5	0.2125	66.4	332.0	0.3333333333333333
77827	318	0	5	0.7875	122.2	611.0	0.6666666666666666
77828	60	1	4	0.1475	48.0	240.0	1.0
77829	234	1	4	0.5825	164.0	820.0	1.0
77830	386	0	5	0.9575	100.2	501.0	0.6666666666666666
77831	141	0	5	0.345	138.4	692.0	0.3333333333333333
77832	244	0	5	0.6025	140.8	704.0	0.6666666666666666
77833	312	0	5	0.7725	165.8	829.0	0.3333333333333333
77834	49	0	5	0.115	47.0	235.0	0.0
77835	214	0	5	0.5275	85.6	428.0	0.3333333333333333
77836	264	0	5	0.6525	97.4	487.0	0.6666666666666666
77837	25	0	5	0.055	23.0	115.0	0.0
77838	47	0	5	0.11	45.0	225.0	0.0
77839	230	0	5	0.5675	157.6	788.0	0.3333333333333333
77840	99	0	5	0.24	59.4	297.0	0.3333333333333333
77841	224	1	4	0.5575	150.2	751.0	1.0
77842	19	0	5	0.04	12.2	61.0	0.0
77843	318	0	5	0.7875	112.6	563.0	0.6666666666666666
77844	198	0	5	0.4875	82.8	414.0	0.3333333333333333
77845	205	0	5	0.505	125.8	629.0	0.3333333333333333
77846	284	0	5	0.7025	109.6	548.0	0.3333333333333333
77847	352	0	5	0.8725	111.4	557.0	0.6666666666666666
77848	145	0	5	0.355	121.6	608.0	0.3333333333333333
77849	367	0	5	0.91	169.0	845.0	0.3333333333333333
77850	102	0	5	0.2475	49.0	245.0	0.6666666666666666
77851	166	0	5	0.4075	104.8	524.0	0.6666666666666666
77852	129	0	5	0.315	64.8	324.0	0.0
77853	399	0	5	0.99	235.8	1179.0	0.6666666666666666
77854	364	0	5	0.9025	143.8	719.0	0.6666666666666666
77855	80	0	5	0.1925	78.0	390.0	0.0
77856	83	0	5	0.2	81.0	405.0	0.0
77857	160	0	5	0.3925	120.6	603.0	0.3333333333333333
77858	194	0	5	0.4775	48.0	240.0	0.0
77859	335	0	5	0.83	291.2	1456.0	0.6666666666666666
77860	228	0	5	0.5625	123.6	618.0	0.6666666666666666
77861	211	1	4	0.525	174.2	871.0	1.0
77862	285	0	5	0.705	157.0	785.0	0.3333333333333333
77863	234	0	5	0.5775	189.6	948.0	0.3333333333333333
77864	381	0	5	0.945	75.8	379.0	0.6666666666666666
77865	380	0	5	0.9425	212.0	1060.0	0.6666666666666666
77866	149	0	5	0.365	126.0	630.0	0.3333333333333333
77867	251	0	5	0.62	175.2	876.0	0.6666666666666666
77868	203	0	5	0.5	90.2	451.0	0.3333333333333333
77869	61	0	5	0.145	39.0	195.0	0.0
77870	251	0	5	0.62	124.2	621.0	0.3333333333333333
77871	182	0	5	0.4475	180.0	900.0	0.0
77872	189	0	5	0.465	126.0	630.0	0.3333333333333333
77873	343	0	5	0.85	214.8	1074.0	0.6666666666666666
77874	86	0	5	0.2075	75.2	376.0	0.0
77875	303	0	5	0.75	140.0	700.0	0.6666666666666666
77876	348	0	5	0.8625	160.6	803.0	0.3333333333333333
77877	291	0	5	0.72	245.2	1226.0	0.6666666666666666
77878	96	0	5	0.2325	81.4	407.0	0.0
77879	186	0	5	0.4575	49.8	249.0	0.6666666666666666
77880	397	0	5	0.985	234.0	1170.0	0.6666666666666666
77881	300	0	5	0.7425	82.6	413.0	0.3333333333333333
77882	140	0	5	0.3425	117.2	586.0	0.3333333333333333
77883	322	0	5	0.7975	281.0	1405.0	0.3333333333333333
77884	9	0	5	0.015	7.0	35.0	0.0
77885	100	0	5	0.2425	19.8	99.0	0.0
77886	182	0	5	0.4475	126.8	634.0	0.3333333333333333
77887	397	0	5	0.985	233.8	1169.0	0.6666666666666666
77888	395	0	5	0.98	232.2	1161.0	0.6666666666666666
77889	44	0	5	0.1025	38.6	193.0	0.3333333333333333
77890	238	0	5	0.5875	182.0	910.0	0.0
77891	139	0	5	0.34	112.2	561.0	0.3333333333333333
77892	159	0	5	0.39	157.0	785.0	0.0
77893	19	0	5	0.04	17.0	85.0	0.0
77894	252	0	5	0.6225	58.2	291.0	0.6666666666666666
77895	83	0	5	0.2	47.4	237.0	0.0
77896	282	0	5	0.6975	168.6	843.0	0.3333333333333333
77897	304	0	5	0.7525	226.0	1130.0	0.6666666666666666
77898	364	0	5	0.9025	353.2	1766.0	0.3333333333333333
77899	85	0	5	0.205	78.6	393.0	0.6666666666666666
77900	32	0	5	0.0725	14.4	72.0	0.3333333333333333
77901	306	0	5	0.7575	217.8	1089.0	0.6666666666666666
77902	344	1	4	0.8575	147.4	737.0	1.0
77903	117	0	5	0.285	102.2	511.0	0.3333333333333333
77904	234	0	5	0.5775	68.8	344.0	0.3333333333333333
77905	128	0	5	0.3125	124.2	621.0	0.0
77906	229	0	5	0.565	166.0	830.0	0.6666666666666666
77907	198	0	5	0.4875	95.8	479.0	0.0
77908	72	0	5	0.1725	53.6	268.0	0.3333333333333333
77909	139	0	5	0.34	101.6	508.0	0.3333333333333333
77910	7	0	5	0.01	5.0	25.0	0.0
77911	188	0	5	0.4625	124.8	624.0	0.6666666666666666
77912	323	0	5	0.8	215.4	1077.0	0.6666666666666666
77913	240	0	5	0.5925	120.8	604.0	0.6666666666666666
77914	188	0	5	0.4625	108.6	543.0	0.3333333333333333
77915	359	1	4	0.895	238.2	1191.0	1.0
77916	318	0	5	0.7875	248.8	1244.0	0.6666666666666666
77917	164	0	5	0.4025	154.2	771.0	0.0
77918	371	0	5	0.92	207.2	1036.0	0.6666666666666666
77919	268	1	4	0.6675	151.4	757.0	1.0
77920	4	0	5	0.0025	2.0	10.0	0.0
77921	207	0	5	0.51	92.8	464.0	0.3333333333333333
77922	375	0	5	0.93	92.6	463.0	0.6666666666666666
77923	182	0	5	0.4475	140.8	704.0	0.6666666666666666
77924	122	0	5	0.2975	120.0	600.0	0.0
77925	185	0	5	0.455	165.4	827.0	0.0
77926	282	0	5	0.6975	126.6	633.0	0.6666666666666666
77927	361	0	5	0.895	133.4	667.0	0.6666666666666666
77928	34	0	5	0.0775	32.0	160.0	0.0
77929	317	0	5	0.785	97.0	485.0	0.6666666666666666
77930	97	0	5	0.235	95.0	475.0	0.3333333333333333
77931	301	0	5	0.745	137.6	688.0	0.6666666666666666
77932	32	0	5	0.0725	30.0	150.0	0.0
77933	338	0	5	0.8375	243.0	1215.0	0.3333333333333333
77934	34	0	5	0.0775	32.0	160.0	0.0
77935	214	0	5	0.5275	205.4	1027.0	0.3333333333333333
77936	326	0	5	0.8075	210.0	1050.0	0.6666666666666666
77937	127	0	5	0.31	103.4	517.0	0.0
77938	27	0	5	0.06	25.0	125.0	0.0
77939	328	1	4	0.8175	177.6	888.0	1.0
77940	15	0	5	0.03	10.6	53.0	0.0
77941	98	0	5	0.2375	65.8	329.0	0.3333333333333333
77942	357	0	5	0.885	238.0	1190.0	0.6666666666666666
77943	247	0	5	0.61	117.0	585.0	0.3333333333333333
77944	232	0	5	0.5725	189.8	949.0	0.3333333333333333
77945	157	0	5	0.385	88.8	444.0	0.6666666666666666
77946	228	0	5	0.5625	180.4	902.0	0.3333333333333333
77947	348	0	5	0.8625	126.2	631.0	0.6666666666666666
77948	292	0	5	0.7225	123.6	618.0	0.3333333333333333
77949	360	0	5	0.8925	225.0	1125.0	0.6666666666666666
77950	52	0	5	0.1225	30.8	154.0	0.3333333333333333
77951	352	0	5	0.8725	151.0	755.0	0.6666666666666666
77952	152	0	5	0.3725	88.8	444.0	0.3333333333333333
77953	38	0	5	0.0875	36.0	180.0	0.0
77954	91	0	5	0.22	56.6	283.0	0.3333333333333333
77955	71	0	5	0.17	65.8	329.0	0.0
77956	273	0	5	0.675	80.8	404.0	0.3333333333333333
77957	193	1	4	0.48	84.2	421.0	1.0
77958	315	0	5	0.78	191.8	959.0	0.6666666666666666
77959	49	0	5	0.115	27.0	135.0	0.0
77960	45	0	5	0.105	35.4	177.0	0.3333333333333333
77961	383	0	5	0.95	253.0	1265.0	0.6666666666666666
77962	194	0	5	0.4775	179.8	899.0	0.3333333333333333
77963	332	1	4	0.8275	144.0	720.0	1.0
77964	367	1	3	0.915	160.2	801.0	1.0
77965	154	0	5	0.3775	152.0	760.0	0.0
77966	66	0	5	0.1575	64.0	320.0	0.0
77967	37	0	5	0.085	35.0	175.0	0.0
77968	345	0	5	0.855	253.2	1266.0	0.3333333333333333
77969	156	0	5	0.3825	118.8	594.0	0.3333333333333333
77970	83	0	5	0.2	62.4	312.0	0.3333333333333333
77971	222	0	5	0.5475	165.4	827.0	0.6666666666666666
77972	82	0	5	0.1975	34.8	174.0	0.6666666666666666
77973	164	0	5	0.4025	90.0	450.0	0.3333333333333333
77974	174	0	5	0.4275	127.0	635.0	0.3333333333333333
77975	357	0	5	0.885	239.8	1199.0	0.6666666666666666
77976	204	0	5	0.5025	176.8	884.0	0.6666666666666666
77977	56	0	5	0.1325	54.0	270.0	0.0
77978	185	0	5	0.455	124.6	623.0	0.6666666666666666
77979	114	0	5	0.2775	105.4	527.0	0.0
77980	285	0	5	0.705	222.6	1113.0	0.6666666666666666
77981	308	0	5	0.7625	191.6	958.0	0.6666666666666666
77982	361	0	5	0.895	256.4	1282.0	0.6666666666666666
77983	78	0	5	0.1875	42.6	213.0	0.6666666666666666
77984	295	0	5	0.73	164.6	823.0	0.6666666666666666
77985	228	0	5	0.5625	170.0	850.0	0.3333333333333333
77986	351	0	5	0.87	290.8	1454.0	0.6666666666666666
77987	30	0	5	0.0675	11.2	56.0	0.3333333333333333
77988	156	0	5	0.3825	154.0	770.0	0.0
77989	392	1	4	0.9775	158.4	792.0	1.0
77990	174	0	5	0.4275	72.4	362.0	0.6666666666666666
77991	150	0	5	0.3675	42.0	210.0	0.3333333333333333
77992	375	0	5	0.93	294.6	1473.0	0.6666666666666666
77993	274	0	5	0.6775	160.2	801.0	0.3333333333333333
77994	305	0	5	0.755	237.6	1188.0	0.6666666666666666
77995	329	0	5	0.815	86.0	430.0	0.6666666666666666
77996	24	0	5	0.0525	22.0	110.0	0.0
77997	216	0	5	0.5325	52.6	263.0	0.3333333333333333
77998	136	0	5	0.3325	102.8	514.0	0.3333333333333333
77999	33	0	5	0.075	31.0	155.0	0.0
78000	11	0	5	0.02	9.0	45.0	0.0
78001	67	0	5	0.16	47.0	235.0	0.0
78002	146	0	5	0.3575	130.4	652.0	0.3333333333333333
78003	178	0	5	0.4375	176.0	880.0	0.0
78004	36	0	5	0.0825	34.0	170.0	0.0
78005	352	0	5	0.8725	248.4	1242.0	0.3333333333333333
78006	98	0	5	0.2375	31.2	156.0	0.3333333333333333
78007	167	0	5	0.41	35.4	177.0	0.0
78008	391	1	4	0.975	94.2	471.0	1.0
78009	381	0	5	0.945	208.2	1041.0	0.6666666666666666
78010	49	0	5	0.115	47.0	235.0	0.0
78011	336	0	5	0.8325	167.0	835.0	0.6666666666666666
78012	163	0	5	0.4	139.4	697.0	0.3333333333333333
78013	79	0	5	0.19	77.0	385.0	0.0
78014	333	0	5	0.825	183.4	917.0	0.6666666666666666
78015	78	0	5	0.1875	62.6	313.0	0.3333333333333333
78016	101	0	5	0.245	70.8	354.0	0.0
78017	367	1	4	0.915	335.6	1678.0	1.0
78018	369	0	5	0.915	133.0	665.0	0.6666666666666666
78019	236	0	5	0.5825	196.2	981.0	0.3333333333333333
78020	242	0	5	0.5975	199.4	997.0	0.0
78021	18	0	5	0.0375	16.0	80.0	0.0
78022	35	0	5	0.08	33.0	165.0	0.0
78023	389	0	5	0.965	198.2	991.0	0.6666666666666666
78024	175	0	5	0.43	98.0	490.0	0.0
78025	379	0	5	0.94	190.2	951.0	0.6666666666666666
78026	233	0	5	0.575	126.0	630.0	0.6666666666666666
78027	291	0	5	0.72	191.4	957.0	0.6666666666666666
78028	334	0	5	0.8275	218.8	1094.0	0.6666666666666666
78029	148	0	5	0.3625	78.8	394.0	0.6666666666666666
78030	153	0	5	0.375	104.2	521.0	0.3333333333333333
78031	111	0	5	0.27	109.0	545.0	0.0
78032	188	0	5	0.4625	186.0	930.0	0.0
78033	191	0	5	0.47	139.4	697.0	0.3333333333333333
78034	101	0	5	0.245	99.0	495.0	0.0
78035	159	0	5	0.39	131.8	659.0	0.3333333333333333
78036	196	0	5	0.4825	61.2	306.0	0.6666666666666666
78037	333	0	5	0.825	256.4	1282.0	0.6666666666666666
78038	306	1	4	0.7625	214.0	1070.0	1.0
78039	249	1	4	0.62	71.4	357.0	1.0
78040	223	0	5	0.55	156.0	780.0	0.6666666666666666
78041	161	0	5	0.395	159.0	795.0	0.0
78042	178	0	5	0.4375	119.2	596.0	0.3333333333333333
78043	186	1	4	0.4625	117.4	587.0	1.0
78044	249	0	5	0.615	77.4	387.0	0.6666666666666666
78045	190	0	5	0.4675	144.2	721.0	0.6666666666666666
78046	25	0	5	0.055	20.6	103.0	0.3333333333333333
78047	54	0	5	0.1275	35.2	176.0	0.3333333333333333
78048	38	0	5	0.0875	23.6	118.0	0.0
78049	236	0	5	0.5825	170.6	853.0	0.6666666666666666
78050	183	0	5	0.45	168.8	844.0	0.0
78051	252	0	5	0.6225	162.2	811.0	0.6666666666666666
78052	350	0	5	0.8675	178.2	891.0	0.6666666666666666
78053	133	0	5	0.325	115.8	579.0	0.0
78054	141	0	5	0.345	99.4	497.0	0.6666666666666666
78055	83	0	5	0.2	33.0	165.0	0.0
78056	118	0	5	0.2875	81.6	408.0	0.3333333333333333
78057	154	0	5	0.3775	125.6	628.0	0.0
78058	70	0	5	0.1675	44.6	223.0	0.0
78059	277	0	5	0.685	202.0	1010.0	0.6666666666666666
78060	326	0	5	0.8075	262.0	1310.0	0.3333333333333333
78061	255	0	5	0.63	85.8	429.0	0.3333333333333333
78062	246	0	5	0.6075	218.8	1094.0	0.3333333333333333
78063	283	0	5	0.7	173.0	865.0	0.6666666666666666
78064	381	0	5	0.945	252.2	1261.0	0.3333333333333333
78065	227	0	5	0.56	75.0	375.0	0.6666666666666666
78066	102	0	5	0.2475	74.8	374.0	0.0
78067	118	0	5	0.2875	116.0	580.0	0.0
78068	269	1	4	0.67	181.6	908.0	1.0
78069	221	0	5	0.545	146.2	731.0	0.6666666666666666
78070	3	0	5	0.0025	0.4	2.0	0.3333333333333333
78071	15	0	5	0.03	10.0	50.0	0.0
78072	137	0	5	0.335	114.2	571.0	0.3333333333333333
78073	124	0	5	0.3025	36.2	181.0	0.3333333333333333
78074	203	0	5	0.5	159.0	795.0	0.6666666666666666
78075	333	0	5	0.825	232.0	1160.0	0.3333333333333333
78076	113	0	5	0.275	96.2	481.0	0.0
78077	303	0	5	0.75	93.2	466.0	0.3333333333333333
78078	245	0	5	0.605	76.2	381.0	0.3333333333333333
78079	133	0	5	0.325	129.2	646.0	0.0
78080	161	0	5	0.395	153.4	767.0	0.3333333333333333
78081	232	0	5	0.5725	126.4	632.0	0.3333333333333333
78082	81	0	5	0.195	72.6	363.0	0.3333333333333333
78083	213	0	5	0.525	135.6	678.0	0.0
78084	342	1	4	0.8525	98.0	490.0	1.0
78085	80	0	5	0.1925	63.4	317.0	0.3333333333333333
78086	15	0	5	0.03	13.0	65.0	0.0
78087	209	0	5	0.515	71.8	359.0	0.3333333333333333
78088	218	0	5	0.5375	80.8	404.0	0.3333333333333333
78089	179	1	4	0.445	95.0	475.0	1.0
78090	269	0	5	0.665	154.2	771.0	0.3333333333333333
78091	109	0	5	0.265	107.0	535.0	0.0
78092	338	0	5	0.8375	177.0	885.0	0.6666666666666666
78093	57	0	5	0.135	55.0	275.0	0.0
78094	58	0	5	0.1375	56.0	280.0	0.0
78095	119	0	5	0.29	117.0	585.0	0.0
78096	155	0	5	0.38	100.8	504.0	0.3333333333333333
78097	232	0	5	0.5725	133.6	668.0	0.6666666666666666
78098	284	1	4	0.7075	75.2	376.0	1.0
78099	231	1	4	0.575	75.0	375.0	1.0
78100	82	0	5	0.1975	48.8	244.0	0.6666666666666666
78101	301	0	5	0.745	187.4	937.0	0.6666666666666666
78102	271	0	5	0.67	201.4	1007.0	0.3333333333333333
78103	293	0	5	0.725	201.8	1009.0	0.3333333333333333
78104	394	0	5	0.9775	208.4	1042.0	0.6666666666666666
78105	112	0	5	0.2725	42.0	210.0	0.6666666666666666
78106	185	0	5	0.455	174.6	873.0	0.3333333333333333
78107	312	1	4	0.7775	167.8	839.0	1.0
78108	164	0	5	0.4025	139.8	699.0	0.0
78109	90	0	5	0.2175	40.0	200.0	0.0
78110	354	0	5	0.8775	177.4	887.0	0.6666666666666666
78111	353	1	4	0.88	177.6	888.0	1.0
78112	346	1	4	0.8625	143.6	718.0	1.0
78113	43	0	5	0.1	41.0	205.0	0.0
78114	147	1	3	0.365	124.2	621.0	1.0
78115	323	0	5	0.8	137.0	685.0	0.6666666666666666
78116	284	0	5	0.7025	210.4	1052.0	0.3333333333333333
78117	92	0	5	0.2225	53.8	269.0	0.3333333333333333
78118	373	0	5	0.925	96.8	484.0	0.6666666666666666
78119	31	0	5	0.07	29.0	145.0	0.0
78120	21	0	5	0.045	19.0	95.0	0.0
78121	311	0	5	0.77	186.0	930.0	0.0
78122	247	0	5	0.61	230.2	1151.0	0.3333333333333333
78123	105	0	5	0.255	61.0	305.0	0.3333333333333333
78124	72	0	5	0.1725	44.0	220.0	0.6666666666666666
78125	180	0	5	0.4425	108.6	543.0	0.3333333333333333
78126	149	0	5	0.365	35.8	179.0	0.3333333333333333
78127	229	0	5	0.565	127.6	638.0	0.3333333333333333
78128	63	0	5	0.15	43.4	217.0	0.0
78129	193	0	5	0.475	166.6	833.0	0.6666666666666666
78130	226	0	5	0.5575	116.6	583.0	0.0
78131	78	0	5	0.1875	76.0	380.0	0.3333333333333333
78132	381	0	5	0.945	109.4	547.0	0.6666666666666666
78133	11	0	5	0.02	9.0	45.0	0.0
78134	257	1	4	0.64	89.6	448.0	1.0
78135	112	0	5	0.2725	98.4	492.0	0.3333333333333333
78136	391	0	5	0.97	111.0	555.0	0.6666666666666666
78137	250	0	5	0.6175	146.0	730.0	0.6666666666666666
78138	268	0	5	0.6625	247.2	1236.0	0.3333333333333333
78139	124	0	5	0.3025	53.6	268.0	0.0
78140	272	0	5	0.6725	179.6	898.0	0.3333333333333333
78141	263	0	5	0.65	175.8	879.0	0.3333333333333333
78142	31	0	5	0.07	29.0	145.0	0.0
78143	363	1	4	0.905	138.6	693.0	1.0
78144	180	0	5	0.4425	153.4	767.0	0.3333333333333333
78145	104	0	5	0.2525	49.8	249.0	0.0
78146	245	1	4	0.61	53.0	265.0	1.0
78147	46	0	5	0.1075	27.2	136.0	0.3333333333333333
78148	226	0	5	0.5575	159.2	796.0	0.6666666666666666
78149	371	0	5	0.92	196.8	984.0	0.6666666666666666
78150	351	0	5	0.87	221.0	1105.0	0.6666666666666666
78151	385	1	4	0.96	203.6	1018.0	1.0
78152	139	0	5	0.34	76.2	381.0	0.0
78153	215	0	5	0.53	147.8	739.0	0.3333333333333333
78154	47	1	4	0.115	37.4	187.0	1.0
78155	306	0	5	0.7575	180.2	901.0	0.6666666666666666
78156	199	0	5	0.49	166.0	830.0	0.3333333333333333
78157	201	0	5	0.495	169.4	847.0	0.0
78158	340	0	5	0.8425	130.8	654.0	0.6666666666666666
78159	306	1	4	0.7625	177.0	885.0	1.0
78160	237	0	5	0.585	147.0	735.0	0.3333333333333333
78161	128	0	5	0.3125	108.6	543.0	0.3333333333333333
78162	101	0	5	0.245	98.2	491.0	0.3333333333333333
78163	182	0	5	0.4475	101.2	506.0	0.6666666666666666
78164	190	0	5	0.4675	87.2	436.0	0.3333333333333333
78165	189	0	5	0.465	158.6	793.0	0.0
78166	291	0	5	0.72	227.8	1139.0	0.6666666666666666
78167	318	0	5	0.7875	172.8	864.0	0.3333333333333333
78168	226	0	5	0.5575	85.8	429.0	0.6666666666666666
78169	172	0	5	0.4225	170.0	850.0	0.0
78170	135	0	5	0.33	70.6	353.0	0.3333333333333333
78171	157	0	5	0.385	95.0	475.0	0.6666666666666666
78172	173	0	5	0.425	105.0	525.0	0.6666666666666666
78173	135	0	5	0.33	120.2	601.0	0.3333333333333333
78174	69	0	5	0.165	44.8	224.0	0.3333333333333333
78175	329	0	5	0.815	190.2	951.0	0.6666666666666666
78176	150	0	5	0.3675	99.0	495.0	0.3333333333333333
78177	122	0	5	0.2975	91.2	456.0	0.6666666666666666
78178	369	0	5	0.915	230.4	1152.0	0.6666666666666666
78179	17	0	5	0.035	15.0	75.0	0.0
78180	357	0	5	0.885	277.0	1385.0	0.3333333333333333
78181	158	0	5	0.3875	66.4	332.0	0.3333333333333333
78182	225	0	5	0.555	119.2	596.0	0.6666666666666666
78183	134	0	5	0.3275	114.8	574.0	0.3333333333333333
78184	187	0	5	0.46	98.6	493.0	0.0
78185	252	0	5	0.6225	195.2	976.0	0.3333333333333333
78186	270	0	5	0.6675	133.6	668.0	0.6666666666666666
78187	360	1	4	0.8975	138.4	692.0	1.0
78188	232	0	5	0.5725	215.8	1079.0	0.3333333333333333
78189	401	0	5	0.995	173.6	868.0	0.6666666666666666
78190	8	0	5	0.0125	6.0	30.0	0.0
78191	236	0	5	0.5825	203.6	1018.0	0.3333333333333333
78192	29	0	5	0.065	22.2	111.0	0.0
78193	3	0	5	0.0025	0.2	1.0	0.3333333333333333
78194	160	0	5	0.3925	116.8	584.0	0.3333333333333333
78195	268	1	4	0.6675	95.8	479.0	1.0
78196	376	0	5	0.9325	158.4	792.0	0.6666666666666666
78197	312	0	5	0.7725	209.8	1049.0	0.3333333333333333
78198	210	0	5	0.5175	204.0	1020.0	0.3333333333333333
78199	163	0	5	0.4	68.2	341.0	0.3333333333333333
78200	263	0	5	0.65	89.4	447.0	0.6666666666666666
78201	392	0	5	0.9725	121.8	609.0	0.3333333333333333
78202	61	0	5	0.145	11.8	59.0	0.3333333333333333
78203	317	0	5	0.785	233.8	1169.0	0.3333333333333333
78204	346	1	4	0.8625	233.6	1168.0	1.0
78205	276	0	5	0.6825	119.2	596.0	0.6666666666666666
78206	226	0	5	0.5575	123.8	619.0	0.3333333333333333
78207	140	0	5	0.3425	103.8	519.0	0.3333333333333333
78208	181	0	5	0.445	157.0	785.0	0.0
78209	152	0	5	0.3725	60.4	302.0	0.6666666666666666
78210	321	0	5	0.795	195.4	977.0	0.3333333333333333
78211	185	0	5	0.455	76.4	382.0	0.6666666666666666
78212	113	1	4	0.28	57.0	285.0	1.0
78213	338	1	4	0.8425	147.8	739.0	1.0
78214	65	0	5	0.155	63.0	315.0	0.0
78215	139	0	5	0.34	37.8	189.0	0.6666666666666666
78216	342	0	5	0.8475	150.2	751.0	0.3333333333333333
78217	395	1	4	0.985	206.4	1032.0	1.0
78218	95	0	5	0.23	22.6	113.0	0.3333333333333333
78219	181	1	4	0.45	134.2	671.0	1.0
78220	366	1	4	0.9125	190.8	954.0	1.0
78221	294	0	5	0.7275	185.8	929.0	0.6666666666666666
78222	60	0	5	0.1425	58.0	290.0	0.0
78223	32	0	5	0.0725	24.8	124.0	0.0
78224	116	0	5	0.2825	66.4	332.0	0.3333333333333333
78225	80	0	5	0.1925	63.6	318.0	0.3333333333333333
78226	65	0	5	0.155	63.0	315.0	0.0
78227	173	0	5	0.425	82.2	411.0	0.3333333333333333
78228	90	0	5	0.2175	30.4	152.0	0.6666666666666666
78229	162	0	5	0.3975	160.0	800.0	0.0
78230	196	0	5	0.4825	138.0	690.0	0.6666666666666666
78231	172	0	5	0.4225	107.0	535.0	0.6666666666666666
78232	303	0	5	0.75	226.4	1132.0	0.6666666666666666
78233	145	0	5	0.355	134.0	670.0	0.3333333333333333
78234	290	0	5	0.7175	90.8	454.0	0.3333333333333333
78235	268	0	5	0.6625	245.8	1229.0	0.3333333333333333
78236	284	1	4	0.7075	179.2	896.0	1.0
78237	124	0	5	0.3025	70.0	350.0	0.0
78238	195	0	5	0.48	146.2	731.0	0.0
78239	283	0	5	0.7	77.4	387.0	0.3333333333333333
78240	34	0	5	0.0775	32.0	160.0	0.0
78241	214	0	5	0.5275	135.4	677.0	0.6666666666666666
78242	143	0	5	0.35	108.2	541.0	0.3333333333333333
78243	221	0	5	0.545	100.2	501.0	0.3333333333333333
78244	359	0	5	0.89	120.0	600.0	0.6666666666666666
78245	2	0	5	0.0	0.0	0.0	0.0
78246	279	0	5	0.69	160.2	801.0	0.0
78247	166	0	5	0.4075	118.8	594.0	0.0
78248	225	0	5	0.555	194.6	973.0	0.0
78249	374	0	5	0.9275	282.6	1413.0	0.6666666666666666
78250	204	0	5	0.5025	148.0	740.0	0.3333333333333333
78251	262	0	5	0.6475	134.8	674.0	0.0
78252	298	0	5	0.7375	203.0	1015.0	0.3333333333333333
78253	398	0	5	0.9875	344.8	1724.0	0.6666666666666666
78254	231	0	5	0.57	217.4	1087.0	0.3333333333333333
78255	165	0	5	0.405	145.4	727.0	0.3333333333333333
78256	254	0	5	0.6275	181.2	906.0	0.6666666666666666
78257	30	0	5	0.0675	28.0	140.0	0.0
78258	353	0	5	0.875	274.2	1371.0	0.6666666666666666
78259	119	0	5	0.29	113.8	569.0	0.0
78260	121	0	5	0.295	119.0	595.0	0.0
78261	152	0	5	0.3725	66.0	330.0	0.0
78262	179	1	4	0.445	144.4	722.0	1.0
78263	122	0	5	0.2975	34.4	172.0	0.3333333333333333
78264	334	0	5	0.8275	203.0	1015.0	0.6666666666666666
78265	294	0	5	0.7275	244.4	1222.0	0.3333333333333333
78266	370	0	5	0.9175	199.0	995.0	0.6666666666666666
78267	115	0	5	0.28	113.0	565.0	0.0
78268	132	0	5	0.3225	102.8	514.0	0.3333333333333333
78269	249	0	5	0.615	92.6	463.0	0.3333333333333333
78270	189	0	5	0.465	126.6	633.0	0.3333333333333333
78271	352	0	5	0.8725	241.8	1209.0	0.6666666666666666
78272	389	0	5	0.965	188.8	944.0	0.3333333333333333
78273	383	1	4	0.955	97.8	489.0	1.0
78274	288	0	5	0.7125	138.0	690.0	0.6666666666666666
78275	50	0	5	0.1175	41.4	207.0	0.3333333333333333
78276	190	0	5	0.4675	90.8	454.0	0.0
78277	385	0	5	0.955	246.6	1233.0	0.6666666666666666
78278	213	0	5	0.525	97.0	485.0	0.6666666666666666
78279	247	0	5	0.61	134.4	672.0	0.3333333333333333
78280	236	0	5	0.5825	171.8	859.0	0.6666666666666666
78281	331	0	5	0.82	69.8	349.0	0.3333333333333333
78282	56	0	5	0.1325	54.0	270.0	0.0
78283	350	0	5	0.8675	136.4	682.0	0.3333333333333333
78284	70	0	5	0.1675	56.8	284.0	0.3333333333333333
78285	149	0	5	0.365	61.8	309.0	0.0
78286	354	0	5	0.8775	133.8	669.0	0.6666666666666666
78287	126	0	5	0.3075	86.4	432.0	0.0
78288	28	0	5	0.0625	26.0	130.0	0.0
78289	44	0	5	0.1025	42.0	210.0	0.0
78290	296	0	5	0.7325	230.2	1151.0	0.6666666666666666
78291	289	0	5	0.715	135.2	676.0	0.6666666666666666
78292	399	0	5	0.99	194.6	973.0	0.6666666666666666
78293	364	0	5	0.9025	143.8	719.0	0.6666666666666666
78294	107	0	5	0.26	105.0	525.0	0.0
78295	12	0	5	0.0225	10.0	50.0	0.0
78296	115	0	5	0.28	112.4	562.0	0.0
78297	34	0	5	0.0775	21.6	108.0	0.0
78298	180	0	5	0.4425	95.2	476.0	0.3333333333333333
78299	314	0	5	0.7775	114.8	574.0	0.3333333333333333
78300	23	0	5	0.05	21.0	105.0	0.0
78301	125	0	5	0.305	40.2	201.0	0.3333333333333333
78302	138	0	5	0.3375	104.8	524.0	0.0
78303	83	0	5	0.2	81.0	405.0	0.3333333333333333
78304	238	0	5	0.5875	128.6	643.0	0.3333333333333333
78305	276	0	5	0.6825	223.6	1118.0	0.0
78306	77	0	5	0.185	52.8	264.0	0.3333333333333333
78307	326	0	5	0.8075	218.8	1094.0	0.3333333333333333
78308	350	0	5	0.8675	242.0	1210.0	0.6666666666666666
78309	49	0	5	0.115	47.0	235.0	0.0
78310	134	0	5	0.3275	88.8	444.0	0.0
78311	207	0	5	0.51	145.4	727.0	0.3333333333333333
78312	194	0	5	0.4775	189.0	945.0	0.3333333333333333
78313	232	0	5	0.5725	152.0	760.0	0.3333333333333333
78314	301	0	5	0.745	196.6	983.0	0.6666666666666666
78315	8	0	5	0.0125	6.0	30.0	0.0
78316	352	0	5	0.8725	201.6	1008.0	0.6666666666666666
78317	269	0	5	0.665	110.2	551.0	0.3333333333333333
78318	67	0	5	0.16	31.4	157.0	0.3333333333333333
78319	381	0	5	0.945	277.6	1388.0	0.3333333333333333
78320	231	0	5	0.57	200.2	1001.0	0.6666666666666666
78321	6	0	5	0.0075	4.0	20.0	0.0
78322	47	0	5	0.11	45.0	225.0	0.0
78323	69	0	5	0.165	63.6	318.0	0.0
78324	251	0	5	0.62	211.0	1055.0	0.3333333333333333
78325	127	0	5	0.31	68.6	343.0	0.3333333333333333
78326	271	0	5	0.67	155.6	778.0	0.3333333333333333
78327	251	0	5	0.62	110.6	553.0	0.3333333333333333
78328	151	0	5	0.37	103.6	518.0	0.3333333333333333
78329	311	0	5	0.77	142.4	712.0	0.6666666666666666
78330	339	0	5	0.84	282.6	1413.0	0.6666666666666666
78331	276	0	5	0.6825	228.6	1143.0	0.6666666666666666
78332	361	0	5	0.895	147.8	739.0	0.3333333333333333
78333	185	0	5	0.455	176.6	883.0	0.0
78334	176	0	5	0.4325	62.2	311.0	0.3333333333333333
78335	61	0	5	0.145	59.0	295.0	0.0
78336	104	0	5	0.2525	48.8	244.0	0.3333333333333333
78337	153	0	5	0.375	151.0	755.0	0.0
78338	18	0	5	0.0375	16.0	80.0	0.0
78339	252	0	5	0.6225	81.2	406.0	0.3333333333333333
78340	84	0	5	0.2025	82.0	410.0	0.0
78341	352	0	5	0.8725	197.2	986.0	0.6666666666666666
78342	135	1	4	0.335	124.6	623.0	1.0
78343	219	0	5	0.54	142.0	710.0	0.3333333333333333
78344	332	0	5	0.8225	123.2	616.0	0.6666666666666666
78345	137	0	5	0.335	119.0	595.0	0.0
78346	225	0	5	0.555	207.0	1035.0	0.0
78347	295	0	5	0.73	254.8	1274.0	0.3333333333333333
78348	348	0	5	0.8625	126.0	630.0	0.6666666666666666
78349	17	0	5	0.035	15.0	75.0	0.0
78350	161	0	5	0.395	119.6	598.0	0.3333333333333333
78351	163	0	5	0.4	85.0	425.0	0.3333333333333333
78352	33	0	5	0.075	31.0	155.0	0.0
78353	244	0	5	0.6025	174.4	872.0	0.3333333333333333
78354	335	0	5	0.83	178.6	893.0	0.3333333333333333
78355	294	0	5	0.7275	201.4	1007.0	0.6666666666666666
78356	161	0	5	0.395	70.4	352.0	0.3333333333333333
78357	161	0	5	0.395	127.6	638.0	0.0
78358	278	0	5	0.6875	153.6	768.0	0.3333333333333333
78359	219	0	5	0.54	71.0	355.0	0.6666666666666666
78360	2	0	5	0.0	0.0	0.0	0.0
78361	181	1	3	0.45	139.6	698.0	1.0
78362	265	0	5	0.655	182.2	911.0	0.0
78363	302	0	5	0.7475	251.6	1258.0	0.0
78364	148	1	4	0.3675	68.0	340.0	1.0
78365	286	0	5	0.7075	160.0	800.0	0.3333333333333333
78366	186	0	5	0.4575	150.4	752.0	0.6666666666666666
78367	180	0	5	0.4425	88.6	443.0	0.3333333333333333
78368	393	0	5	0.975	144.6	723.0	0.6666666666666666
78369	399	0	5	0.99	101.8	509.0	0.6666666666666666
78370	209	0	5	0.515	141.6	708.0	0.3333333333333333
78371	166	0	5	0.4075	164.0	820.0	0.0
78372	313	0	5	0.775	105.4	527.0	0.3333333333333333
78373	146	0	5	0.3575	100.0	500.0	0.3333333333333333
78374	340	0	5	0.8425	216.6	1083.0	0.6666666666666666
78375	221	1	4	0.55	51.4	257.0	1.0
78376	127	0	5	0.31	65.8	329.0	0.3333333333333333
78377	96	0	5	0.2325	64.2	321.0	0.3333333333333333
78378	11	0	5	0.02	9.0	45.0	0.0
78379	385	0	5	0.955	155.4	777.0	0.6666666666666666
78380	229	0	5	0.565	200.2	1001.0	0.6666666666666666
78381	343	0	5	0.85	157.2	786.0	0.3333333333333333
78382	45	0	5	0.105	20.6	103.0	0.3333333333333333
78383	14	0	5	0.0275	12.0	60.0	0.0
78384	54	0	5	0.1275	40.0	200.0	0.0
78385	334	1	4	0.8325	154.8	774.0	1.0
78386	325	0	5	0.805	220.4	1102.0	0.3333333333333333
78387	300	0	5	0.7425	170.2	851.0	0.6666666666666666
78388	341	0	5	0.845	180.6	903.0	0.6666666666666666
78389	330	1	4	0.8225	154.8	774.0	1.0
78390	340	0	5	0.8425	226.8	1134.0	0.6666666666666666
78391	204	0	5	0.5025	85.0	425.0	0.6666666666666666
78392	97	0	5	0.235	95.0	475.0	0.3333333333333333
78393	259	0	5	0.64	112.4	562.0	0.6666666666666666
78394	291	1	4	0.725	145.2	726.0	1.0
78395	311	0	5	0.77	202.2	1011.0	0.3333333333333333
78396	312	0	5	0.7725	94.2	471.0	0.6666666666666666
78397	235	0	5	0.58	103.6	518.0	0.3333333333333333
78398	76	0	5	0.1825	62.6	313.0	0.3333333333333333
78399	297	0	5	0.735	225.4	1127.0	0.3333333333333333
78400	8	0	5	0.0125	6.0	30.0	0.0
78401	311	0	5	0.77	202.4	1012.0	0.6666666666666666
78402	187	0	5	0.46	185.0	925.0	0.0
78403	199	0	5	0.49	86.6	433.0	0.3333333333333333
78404	272	0	5	0.6725	213.6	1068.0	0.3333333333333333
78405	139	0	5	0.34	38.2	191.0	0.3333333333333333
78406	59	0	5	0.14	56.6	283.0	0.0
78407	90	0	5	0.2175	76.0	380.0	0.3333333333333333
78408	266	0	5	0.6575	167.0	835.0	0.6666666666666666
78409	210	0	5	0.5175	85.6	428.0	0.3333333333333333
78410	193	0	5	0.475	100.6	503.0	0.3333333333333333
78411	231	0	5	0.57	225.4	1127.0	0.3333333333333333
78412	52	0	5	0.1225	50.0	250.0	0.0
78413	300	0	5	0.7425	184.6	923.0	0.6666666666666666
78414	186	0	5	0.4575	58.4	292.0	0.3333333333333333
78415	322	1	4	0.8025	130.4	652.0	1.0
78416	191	0	5	0.47	52.4	262.0	0.3333333333333333
78417	357	0	5	0.885	251.2	1256.0	0.6666666666666666
78418	93	0	5	0.225	91.0	455.0	0.0
78419	322	0	5	0.7975	151.4	757.0	0.3333333333333333
78420	122	0	5	0.2975	96.4	482.0	0.3333333333333333
78421	153	0	5	0.375	75.0	375.0	0.3333333333333333
78422	54	0	5	0.1275	21.2	106.0	0.3333333333333333
78423	312	0	5	0.7725	267.4	1337.0	0.6666666666666666
78424	181	0	5	0.445	144.8	724.0	0.0
78425	172	0	5	0.4225	73.4	367.0	0.6666666666666666
78426	27	0	5	0.06	23.0	115.0	0.0
78427	120	0	5	0.2925	91.2	456.0	0.3333333333333333
78428	351	1	4	0.875	203.2	1016.0	1.0
78429	254	0	5	0.6275	161.6	808.0	0.6666666666666666
78430	145	0	5	0.355	110.0	550.0	0.3333333333333333
78431	245	1	4	0.61	145.0	725.0	1.0
78432	33	0	5	0.075	27.8	139.0	0.3333333333333333
78433	220	0	5	0.5425	89.2	446.0	0.3333333333333333
78434	150	0	5	0.3675	90.0	450.0	0.3333333333333333
78435	379	0	5	0.94	316.8	1584.0	0.3333333333333333
78436	394	0	5	0.9775	243.2	1216.0	0.6666666666666666
78437	325	0	5	0.805	274.6	1373.0	0.3333333333333333
78438	198	0	5	0.4875	134.4	672.0	0.6666666666666666
78439	76	0	5	0.1825	63.8	319.0	0.3333333333333333
78440	284	0	5	0.7025	268.4	1342.0	0.3333333333333333
78441	163	1	4	0.405	103.4	517.0	1.0
78442	126	0	5	0.3075	64.8	324.0	0.3333333333333333
78443	128	0	5	0.3125	126.0	630.0	0.0
78444	33	0	5	0.075	20.2	101.0	0.0
78445	275	0	5	0.68	220.8	1104.0	0.6666666666666666
78446	67	0	5	0.16	57.0	285.0	0.3333333333333333
78447	127	0	5	0.31	89.8	449.0	0.0
78448	221	0	5	0.545	65.4	327.0	0.3333333333333333
78449	354	0	5	0.8775	221.6	1108.0	0.3333333333333333
78450	215	1	4	0.535	171.6	858.0	1.0
78451	190	0	5	0.4675	166.8	834.0	0.3333333333333333
78452	123	0	5	0.3	58.0	290.0	0.0
78453	328	0	5	0.8125	89.2	446.0	0.6666666666666666
78454	230	0	5	0.5675	121.6	608.0	0.3333333333333333
78455	191	0	5	0.47	139.2	696.0	0.3333333333333333
78456	401	0	5	0.995	181.2	906.0	0.6666666666666666
78457	361	0	5	0.895	265.2	1326.0	0.6666666666666666
78458	359	0	5	0.89	280.2	1401.0	0.6666666666666666
78459	266	0	5	0.6575	191.2	956.0	0.3333333333333333
78460	365	0	5	0.905	127.0	635.0	0.6666666666666666
78461	180	1	3	0.4475	88.8	444.0	1.0
78462	39	0	5	0.09	37.0	185.0	0.0
78463	174	0	5	0.4275	130.6	653.0	0.3333333333333333
78464	176	0	5	0.4325	92.8	464.0	0.6666666666666666
78465	171	0	5	0.42	140.4	702.0	0.0
78466	103	0	5	0.25	60.2	301.0	0.3333333333333333
78467	228	0	5	0.5625	137.8	689.0	0.3333333333333333
78468	34	0	5	0.0775	20.8	104.0	0.0
78469	165	0	5	0.405	96.4	482.0	0.3333333333333333
78470	359	0	5	0.89	219.4	1097.0	0.6666666666666666
78471	149	0	5	0.365	81.8	409.0	0.6666666666666666
78472	80	0	5	0.1925	55.2	276.0	0.3333333333333333
78473	16	0	5	0.0325	14.0	70.0	0.0
78474	336	0	5	0.8325	294.6	1473.0	0.3333333333333333
78475	8	0	5	0.0125	6.0	30.0	0.0
78476	33	0	5	0.075	31.0	155.0	0.0
78477	164	0	5	0.4025	162.0	810.0	0.0
78478	2	0	5	0.0	0.0	0.0	0.0
78479	262	0	5	0.6475	171.6	858.0	0.6666666666666666
78480	202	0	5	0.4975	136.0	680.0	0.3333333333333333
78481	52	0	5	0.1225	30.8	154.0	0.0
78482	339	0	5	0.84	207.2	1036.0	0.6666666666666666
78483	119	0	5	0.29	61.2	306.0	0.3333333333333333
78484	318	0	5	0.7875	145.2	726.0	0.3333333333333333
78485	356	0	5	0.8825	169.6	848.0	0.6666666666666666
78486	193	0	5	0.475	110.2	551.0	0.3333333333333333
78487	348	0	5	0.8625	207.6	1038.0	0.6666666666666666
78488	352	0	5	0.8725	181.4	907.0	0.3333333333333333
78489	106	0	5	0.2575	90.0	450.0	0.3333333333333333
78490	213	0	5	0.525	126.8	634.0	0.3333333333333333
78491	240	0	5	0.5925	238.0	1190.0	0.0
78492	256	0	5	0.6325	196.4	982.0	0.0
78493	291	0	5	0.72	175.8	879.0	0.6666666666666666
78494	303	0	5	0.75	109.6	548.0	0.6666666666666666
78495	337	0	5	0.835	216.6	1083.0	0.6666666666666666
78496	247	0	5	0.61	126.8	634.0	0.3333333333333333
78497	72	0	5	0.1725	67.6	338.0	0.3333333333333333
78498	53	0	5	0.125	36.6	183.0	0.3333333333333333
78499	309	0	5	0.765	193.6	968.0	0.3333333333333333
78500	266	0	5	0.6575	202.0	1010.0	0.3333333333333333
78501	212	0	5	0.5225	210.0	1050.0	0.0
78502	36	0	5	0.0825	18.0	90.0	0.0
78503	254	0	5	0.6275	228.4	1142.0	0.3333333333333333
78504	352	0	5	0.8725	132.0	660.0	0.6666666666666666
78505	384	1	4	0.9575	78.4	392.0	1.0
78506	348	0	5	0.8625	202.6	1013.0	0.6666666666666666
78507	149	0	5	0.365	137.0	685.0	0.0
78508	344	0	5	0.8525	95.6	478.0	0.3333333333333333
78509	290	1	4	0.7225	186.2	931.0	1.0
78510	155	0	5	0.38	106.6	533.0	0.3333333333333333
78511	198	0	5	0.4875	102.4	512.0	0.3333333333333333
78512	36	0	5	0.0825	34.0	170.0	0.0
78513	195	0	5	0.48	193.0	965.0	0.0
78514	176	0	5	0.4325	63.6	318.0	0.0
78515	176	0	5	0.4325	88.4	442.0	0.3333333333333333
78516	311	0	5	0.77	274.8	1374.0	0.3333333333333333
78517	313	0	5	0.775	170.6	853.0	0.6666666666666666
78518	34	0	5	0.0775	32.0	160.0	0.0
78519	256	0	5	0.6325	118.4	592.0	0.3333333333333333
78520	97	0	5	0.235	83.4	417.0	0.3333333333333333
78521	347	0	5	0.86	86.2	431.0	0.6666666666666666
78522	283	0	5	0.7	204.4	1022.0	0.3333333333333333
78523	270	0	5	0.6675	150.6	753.0	0.6666666666666666
78524	128	0	5	0.3125	126.0	630.0	0.0
78525	349	0	5	0.865	166.4	832.0	0.3333333333333333
78526	253	1	4	0.63	102.2	511.0	1.0
78527	301	0	5	0.745	230.2	1151.0	0.6666666666666666
78528	394	0	5	0.9775	237.4	1187.0	0.6666666666666666
78529	163	0	5	0.4	125.4	627.0	0.0
78530	36	0	5	0.0825	30.8	154.0	0.3333333333333333
78531	101	0	5	0.245	88.6	443.0	0.3333333333333333
78532	370	0	5	0.9175	244.6	1223.0	0.3333333333333333
78533	188	0	5	0.4625	142.4	712.0	0.3333333333333333
78534	172	0	5	0.4225	105.4	527.0	0.6666666666666666
78535	129	0	5	0.315	100.6	503.0	0.3333333333333333
78536	103	0	5	0.25	75.4	377.0	0.3333333333333333
78537	165	0	5	0.405	126.0	630.0	0.0
78538	81	0	5	0.195	79.0	395.0	0.0
78539	314	1	3	0.7825	137.6	688.0	1.0
78540	317	0	5	0.785	113.2	566.0	0.6666666666666666
78541	301	0	5	0.745	231.8	1159.0	0.3333333333333333
78542	197	0	5	0.485	144.2	721.0	0.3333333333333333
78543	59	0	5	0.14	57.0	285.0	0.0
78544	161	0	5	0.395	159.0	795.0	0.0
78545	126	0	5	0.3075	52.8	264.0	0.6666666666666666
78546	305	0	5	0.755	126.2	631.0	0.6666666666666666
78547	379	0	5	0.94	258.0	1290.0	0.6666666666666666
78548	371	0	5	0.92	315.0	1575.0	0.3333333333333333
78549	225	1	4	0.56	175.0	875.0	1.0
78550	131	0	5	0.32	124.6	623.0	0.0
78551	393	0	5	0.975	391.0	1955.0	0.6666666666666666
78552	138	0	5	0.3375	136.0	680.0	0.0
78553	101	0	5	0.245	57.6	288.0	0.3333333333333333
78554	265	0	5	0.655	72.6	363.0	0.3333333333333333
78555	100	0	5	0.2425	62.0	310.0	0.0
78556	211	0	5	0.52	158.2	791.0	0.3333333333333333
78557	157	0	5	0.385	149.8	749.0	0.0
78558	236	0	5	0.5825	157.6	788.0	0.3333333333333333
78559	206	0	5	0.5075	101.4	507.0	0.6666666666666666
78560	399	1	4	0.995	238.6	1193.0	1.0
78561	135	0	5	0.33	133.0	665.0	0.0
78562	140	0	5	0.3425	125.6	628.0	0.0
78563	320	0	5	0.7925	312.0	1560.0	0.3333333333333333
78564	323	0	5	0.8	181.4	907.0	0.3333333333333333
78565	200	0	5	0.4925	185.6	928.0	0.3333333333333333
78566	320	0	5	0.7925	170.8	854.0	0.6666666666666666
78567	341	0	5	0.845	265.4	1327.0	0.6666666666666666
78568	155	0	5	0.38	144.6	723.0	0.3333333333333333
78569	275	0	5	0.68	159.4	797.0	0.3333333333333333
78570	250	1	4	0.6225	132.0	660.0	1.0
78571	235	0	5	0.58	172.2	861.0	0.3333333333333333
78572	381	0	5	0.945	112.4	562.0	0.6666666666666666
78573	321	0	5	0.795	270.6	1353.0	0.0
78574	255	0	5	0.63	121.0	605.0	0.3333333333333333
78575	301	0	5	0.745	162.4	812.0	0.6666666666666666
78576	39	0	5	0.09	37.0	185.0	0.0
78577	189	0	5	0.465	146.4	732.0	0.0
78578	327	0	5	0.81	135.8	679.0	0.6666666666666666
78579	123	0	5	0.3	121.0	605.0	0.0
78580	159	0	5	0.39	115.6	578.0	0.0
78581	253	1	4	0.63	177.2	886.0	1.0
78582	203	0	5	0.5	86.6	433.0	0.6666666666666666
78583	307	0	5	0.76	137.0	685.0	0.6666666666666666
78584	78	0	5	0.1875	76.0	380.0	0.0
78585	19	0	5	0.04	5.0	25.0	0.3333333333333333
78586	185	0	5	0.455	183.0	915.0	0.0
78587	375	0	5	0.93	132.0	660.0	0.6666666666666666
78588	396	0	5	0.9825	199.4	997.0	0.6666666666666666
78589	125	0	5	0.305	54.6	273.0	0.3333333333333333
78590	321	0	5	0.795	163.4	817.0	0.6666666666666666
78591	67	0	5	0.16	62.0	310.0	0.0
78592	94	0	5	0.2275	52.8	264.0	0.3333333333333333
78593	55	0	5	0.13	41.8	209.0	0.0
78594	231	0	5	0.57	215.8	1079.0	0.3333333333333333
78595	83	0	5	0.2	71.6	358.0	0.3333333333333333
78596	274	0	5	0.6775	146.2	731.0	0.3333333333333333
78597	362	0	5	0.8975	187.0	935.0	0.6666666666666666
78598	170	1	4	0.4225	139.6	698.0	1.0
78599	62	0	5	0.1475	34.2	171.0	0.0
78600	192	0	5	0.4725	138.8	694.0	0.0
78601	335	1	4	0.835	142.8	714.0	1.0
78602	331	1	4	0.825	241.4	1207.0	1.0
78603	145	0	5	0.355	71.8	359.0	0.3333333333333333
78604	136	0	5	0.3325	112.4	562.0	0.0
78605	268	0	5	0.6625	220.4	1102.0	0.3333333333333333
78606	241	0	5	0.595	227.0	1135.0	0.3333333333333333
78607	154	0	5	0.3775	33.6	168.0	0.0
78608	228	0	5	0.5625	186.0	930.0	0.6666666666666666
78609	22	0	5	0.0475	7.2	36.0	0.0
78610	41	0	5	0.095	17.4	87.0	0.3333333333333333
78611	257	0	5	0.635	201.8	1009.0	0.3333333333333333
78612	313	1	4	0.78	88.8	444.0	1.0
78613	340	0	5	0.8425	190.2	951.0	0.3333333333333333
78614	93	0	5	0.225	52.0	260.0	0.0
78615	96	0	5	0.2325	55.4	277.0	0.3333333333333333
78616	357	1	4	0.89	172.8	864.0	1.0
78617	61	0	5	0.145	59.0	295.0	0.0
78618	394	0	5	0.9775	177.8	889.0	0.6666666666666666
78619	283	0	5	0.7	244.0	1220.0	0.0
78620	278	0	5	0.6875	198.4	992.0	0.3333333333333333
78621	312	0	5	0.7725	118.6	593.0	0.6666666666666666
78622	38	0	5	0.0875	36.0	180.0	0.0
78623	2	0	5	0.0	0.0	0.0	0.0
78624	117	0	5	0.285	92.6	463.0	0.3333333333333333
78625	345	0	5	0.855	181.0	905.0	0.0
78626	132	0	5	0.3225	46.2	231.0	0.3333333333333333
78627	26	0	5	0.0575	24.0	120.0	0.0
78628	280	0	5	0.6925	168.8	844.0	0.3333333333333333
78629	160	0	5	0.3925	113.2	566.0	0.6666666666666666
78630	21	0	5	0.045	16.2	81.0	0.0
78631	198	0	5	0.4875	106.6	533.0	0.6666666666666666
78632	357	0	5	0.885	151.4	757.0	0.6666666666666666
78633	139	0	5	0.34	126.2	631.0	0.0
78634	308	0	5	0.7625	100.0	500.0	0.0
78635	175	0	5	0.43	139.4	697.0	0.3333333333333333
78636	27	0	5	0.06	25.0	125.0	0.0
78637	331	0	5	0.82	89.2	446.0	0.6666666666666666
78638	117	0	5	0.285	115.0	575.0	0.0
78639	210	0	5	0.5175	135.6	678.0	0.6666666666666666
78640	164	0	5	0.4025	83.2	416.0	0.3333333333333333
78641	178	0	5	0.4375	130.4	652.0	0.0
78642	65	0	5	0.155	63.0	315.0	0.0
78643	109	0	5	0.265	56.6	283.0	0.0
78644	280	0	5	0.6925	156.4	782.0	0.3333333333333333
78645	195	0	5	0.48	143.2	716.0	0.6666666666666666
78646	3	0	5	0.0025	0.2	1.0	0.3333333333333333
78647	13	0	5	0.025	11.0	55.0	0.0
78648	114	0	5	0.2775	76.2	381.0	0.3333333333333333
78649	385	0	5	0.955	130.4	652.0	0.6666666666666666
78650	224	0	5	0.5525	86.0	430.0	0.3333333333333333
78651	231	0	5	0.57	141.4	707.0	0.3333333333333333
78652	287	0	5	0.71	263.8	1319.0	0.3333333333333333
78653	393	0	5	0.975	171.4	857.0	0.6666666666666666
78654	281	0	5	0.695	184.6	923.0	0.6666666666666666
78655	233	0	5	0.575	199.0	995.0	0.3333333333333333
78656	140	0	5	0.3425	62.6	313.0	0.0
78657	305	0	5	0.755	107.8	539.0	0.3333333333333333
78658	78	0	5	0.1875	76.0	380.0	0.3333333333333333
78659	261	0	5	0.645	138.4	692.0	0.3333333333333333
78660	156	0	5	0.3825	66.8	334.0	0.3333333333333333
78661	398	0	5	0.9875	191.4	957.0	0.6666666666666666
78662	383	0	5	0.95	191.6	958.0	0.6666666666666666
78663	183	0	5	0.45	74.6	373.0	0.0
78664	304	0	5	0.7525	195.0	975.0	0.6666666666666666
78665	176	0	5	0.4325	86.4	432.0	0.3333333333333333
78666	178	0	5	0.4375	131.8	659.0	0.3333333333333333
78667	240	0	5	0.5925	149.4	747.0	0.3333333333333333
78668	161	0	5	0.395	107.4	537.0	0.3333333333333333
78669	252	0	5	0.6225	172.8	864.0	0.3333333333333333
78670	167	0	5	0.41	134.4	672.0	0.3333333333333333
78671	238	0	5	0.5875	156.0	780.0	0.3333333333333333
78672	310	1	4	0.7725	174.4	872.0	1.0
78673	357	0	5	0.885	229.6	1148.0	0.3333333333333333
78674	275	0	5	0.68	177.8	889.0	0.3333333333333333
78675	306	0	5	0.7575	203.2	1016.0	0.3333333333333333
78676	250	0	5	0.6175	113.6	568.0	0.3333333333333333
78677	371	0	5	0.92	259.0	1295.0	0.6666666666666666
78678	212	0	5	0.5225	97.2	486.0	0.3333333333333333
78679	14	0	5	0.0275	12.0	60.0	0.0
78680	308	0	5	0.7625	169.2	846.0	0.6666666666666666
78681	230	0	5	0.5675	78.4	392.0	0.3333333333333333
78682	87	0	5	0.21	85.0	425.0	0.0
78683	182	0	5	0.4475	102.4	512.0	0.3333333333333333
78684	85	0	5	0.205	83.0	415.0	0.0
78685	126	0	5	0.3075	103.6	518.0	0.0
78686	273	0	5	0.675	67.0	335.0	0.3333333333333333
78687	78	0	5	0.1875	58.4	292.0	0.0
78688	360	0	5	0.8925	213.4	1067.0	0.6666666666666666
78689	207	0	5	0.51	197.2	986.0	0.0
78690	157	0	5	0.385	71.6	358.0	0.0
78691	52	0	5	0.1225	50.0	250.0	0.0
78692	198	0	5	0.4875	164.4	822.0	0.0
78693	46	0	5	0.1075	32.4	162.0	0.3333333333333333
78694	178	0	5	0.4375	176.0	880.0	0.3333333333333333
78695	31	0	5	0.07	29.0	145.0	0.0
78696	6	0	5	0.0075	4.0	20.0	0.0
78697	17	0	5	0.035	15.0	75.0	0.0
78698	335	0	5	0.83	114.6	573.0	0.6666666666666666
78699	326	0	5	0.8075	125.4	627.0	0.3333333333333333
78700	300	0	5	0.7425	204.8	1024.0	0.0
78701	251	1	4	0.625	156.8	784.0	1.0
78702	390	0	5	0.9675	264.4	1322.0	0.6666666666666666
78703	149	0	5	0.365	143.6	718.0	0.3333333333333333
78704	377	0	5	0.935	200.6	1003.0	0.6666666666666666
78705	195	0	5	0.48	142.6	713.0	0.3333333333333333
78706	371	1	4	0.925	175.6	878.0	1.0
78707	305	0	5	0.755	253.0	1265.0	0.3333333333333333
78708	214	0	5	0.5275	153.8	769.0	0.6666666666666666
78709	389	0	5	0.965	153.4	767.0	0.6666666666666666
78710	147	0	5	0.36	102.6	513.0	0.3333333333333333
78711	262	0	5	0.6475	160.8	804.0	0.6666666666666666
78712	166	0	5	0.4075	108.8	544.0	0.0
78713	87	0	5	0.21	17.4	87.0	0.3333333333333333
78714	157	0	5	0.385	56.2	281.0	0.3333333333333333
78715	27	0	5	0.06	25.0	125.0	0.0
78716	220	0	5	0.5425	146.8	734.0	0.3333333333333333
78717	400	0	5	0.9925	336.2	1681.0	0.6666666666666666
78718	302	0	5	0.7475	196.4	982.0	0.3333333333333333
78719	182	0	5	0.4475	38.4	192.0	0.3333333333333333
78720	383	0	5	0.95	152.4	762.0	0.6666666666666666
78721	394	0	5	0.9775	214.8	1074.0	0.6666666666666666
78722	52	0	5	0.1225	43.8	219.0	0.3333333333333333
78723	174	0	5	0.4275	112.6	563.0	0.3333333333333333
78724	242	0	5	0.5975	105.0	525.0	0.6666666666666666
78725	42	0	5	0.0975	33.4	167.0	0.0
78726	384	0	5	0.9525	171.6	858.0	0.6666666666666666
78727	375	1	4	0.935	146.0	730.0	1.0
78728	366	0	5	0.9075	282.2	1411.0	0.6666666666666666
78729	318	0	5	0.7875	262.8	1314.0	0.0
78730	83	0	5	0.2	23.2	116.0	0.3333333333333333
78731	154	0	5	0.3775	152.0	760.0	0.0
78732	213	0	5	0.525	104.2	521.0	0.6666666666666666
78733	257	0	5	0.635	228.6	1143.0	0.3333333333333333
78734	14	0	5	0.0275	12.0	60.0	0.0
78735	175	0	5	0.43	142.2	711.0	0.3333333333333333
78736	40	0	5	0.0925	19.6	98.0	0.6666666666666666
78737	138	0	5	0.3375	122.8	614.0	0.3333333333333333
78738	101	0	5	0.245	62.2	311.0	0.3333333333333333
78739	294	0	5	0.7275	208.8	1044.0	0.6666666666666666
78740	167	0	5	0.41	114.2	571.0	0.6666666666666666
78741	32	0	5	0.0725	30.0	150.0	0.0
78742	146	0	5	0.3575	84.6	423.0	0.3333333333333333
78743	34	0	5	0.0775	32.0	160.0	0.0
78744	274	0	5	0.6775	196.4	982.0	0.6666666666666666
78745	67	0	5	0.16	65.0	325.0	0.0
78746	199	0	5	0.49	193.2	966.0	0.3333333333333333
78747	152	0	5	0.3725	75.4	377.0	0.3333333333333333
78748	325	0	5	0.805	67.8	339.0	0.6666666666666666
78749	349	0	5	0.865	163.2	816.0	0.6666666666666666
78750	102	0	5	0.2475	91.4	457.0	0.0
78751	78	1	4	0.1925	33.2	166.0	1.0
78752	378	1	4	0.9425	140.2	701.0	1.0
78753	166	0	5	0.4075	147.8	739.0	0.0
78754	18	0	5	0.0375	16.0	80.0	0.0
78755	78	0	5	0.1875	62.6	313.0	0.3333333333333333
78756	84	0	5	0.2025	82.0	410.0	0.0
78757	303	1	4	0.755	87.8	439.0	1.0
78758	378	0	5	0.9375	187.2	936.0	0.6666666666666666
78759	135	0	5	0.33	123.4	617.0	0.3333333333333333
78760	257	0	5	0.635	201.0	1005.0	0.0
78761	379	0	5	0.94	143.2	716.0	0.6666666666666666
78762	169	0	5	0.415	77.0	385.0	0.6666666666666666
78763	276	0	5	0.6825	190.4	952.0	0.6666666666666666
78764	337	0	5	0.835	173.2	866.0	0.6666666666666666
78765	82	0	5	0.1975	80.0	400.0	0.0
78766	101	0	5	0.245	99.0	495.0	0.0
78767	19	0	5	0.04	17.0	85.0	0.0
78768	209	0	5	0.515	161.4	807.0	0.6666666666666666
78769	114	0	5	0.2775	94.4	472.0	0.3333333333333333
78770	241	0	5	0.595	74.0	370.0	0.6666666666666666
78771	79	0	5	0.19	62.4	312.0	0.0
78772	390	0	5	0.9675	182.6	913.0	0.6666666666666666
78773	142	0	5	0.3475	38.0	190.0	0.3333333333333333
78774	191	0	5	0.47	147.0	735.0	0.3333333333333333
78775	234	0	5	0.5775	150.4	752.0	0.0
78776	268	0	5	0.6625	187.6	938.0	0.3333333333333333
78777	273	0	5	0.675	106.0	530.0	0.3333333333333333
78778	223	0	5	0.55	81.8	409.0	0.6666666666666666
78779	123	0	5	0.3	121.0	605.0	0.0
78780	270	0	5	0.6675	155.2	776.0	0.3333333333333333
78781	395	0	5	0.98	279.2	1396.0	0.6666666666666666
78782	13	0	5	0.025	11.0	55.0	0.0
78783	351	0	5	0.87	114.4	572.0	0.3333333333333333
78784	327	0	5	0.81	289.2	1446.0	0.3333333333333333
78785	366	0	5	0.9075	213.4	1067.0	0.6666666666666666
78786	175	0	5	0.43	142.4	712.0	0.3333333333333333
78787	313	0	5	0.775	65.6	328.0	0.6666666666666666
78788	136	0	5	0.3325	88.4	442.0	0.3333333333333333
78789	230	0	5	0.5675	227.8	1139.0	0.3333333333333333
78790	215	0	5	0.53	154.0	770.0	0.0
78791	176	0	5	0.4325	140.2	701.0	0.0
78792	298	0	5	0.7375	172.4	862.0	0.6666666666666666
78793	142	0	5	0.3475	92.0	460.0	0.6666666666666666
78794	83	0	5	0.2	81.0	405.0	0.0
78795	306	0	5	0.7575	152.6	763.0	0.3333333333333333
78796	234	0	5	0.5775	213.6	1068.0	0.3333333333333333
78797	359	0	5	0.89	161.0	805.0	0.6666666666666666
78798	262	0	5	0.6475	222.6	1113.0	0.3333333333333333
78799	3	0	5	0.0025	0.2	1.0	0.0
78800	56	0	5	0.1325	52.4	262.0	0.0
78801	273	0	5	0.675	193.8	969.0	0.0
78802	158	0	5	0.3875	140.0	700.0	0.0
78803	280	0	5	0.6925	184.6	923.0	0.6666666666666666
78804	217	0	5	0.535	181.4	907.0	0.0
78805	50	0	5	0.1175	48.0	240.0	0.0
78806	235	0	5	0.58	184.6	923.0	0.0
78807	226	1	4	0.5625	180.8	904.0	1.0
78808	252	0	5	0.6225	145.0	725.0	0.0
78809	144	0	5	0.3525	140.0	700.0	0.3333333333333333
78810	185	0	5	0.455	63.0	315.0	0.3333333333333333
78811	98	0	5	0.2375	51.8	259.0	0.3333333333333333
78812	293	0	5	0.725	176.4	882.0	0.6666666666666666
78813	97	0	5	0.235	63.8	319.0	0.0
78814	178	0	5	0.4375	114.4	572.0	0.3333333333333333
78815	65	0	5	0.155	58.6	293.0	0.0
78816	242	0	5	0.5975	200.4	1002.0	0.6666666666666666
78817	68	0	5	0.1625	45.2	226.0	0.0
78818	308	0	5	0.7625	151.2	756.0	0.6666666666666666
78819	90	0	5	0.2175	39.0	195.0	0.6666666666666666
78820	251	0	5	0.62	164.4	822.0	0.6666666666666666
78821	354	0	5	0.8775	156.6	783.0	0.6666666666666666
78822	322	0	5	0.7975	255.2	1276.0	0.6666666666666666
78823	303	0	5	0.75	190.2	951.0	0.3333333333333333
78824	220	0	5	0.5425	92.8	464.0	0.6666666666666666
78825	396	1	4	0.9875	235.0	1175.0	1.0
78826	114	0	5	0.2775	76.0	380.0	0.0
78827	98	0	5	0.2375	96.0	480.0	0.0
78828	60	0	5	0.1425	47.2	236.0	0.0
78829	285	0	5	0.705	244.0	1220.0	0.3333333333333333
78830	136	0	5	0.3325	65.2	326.0	0.6666666666666666
78831	323	0	5	0.8	254.8	1274.0	0.6666666666666666
78832	289	0	5	0.715	224.0	1120.0	0.6666666666666666
78833	251	0	5	0.62	98.0	490.0	0.3333333333333333
78834	147	0	5	0.36	97.4	487.0	0.0
78835	381	0	5	0.945	104.0	520.0	0.6666666666666666
78836	60	0	5	0.1425	18.4	92.0	0.6666666666666666
78837	179	0	5	0.44	119.0	595.0	0.0
78838	273	1	4	0.68	146.2	731.0	1.0
78839	166	0	5	0.4075	153.2	766.0	0.0
78840	194	0	5	0.4775	170.8	854.0	0.0
78841	221	0	5	0.545	189.6	948.0	0.3333333333333333
78842	277	0	5	0.685	171.6	858.0	0.0
78843	127	0	5	0.31	73.0	365.0	0.3333333333333333
78844	153	0	5	0.375	151.0	755.0	0.0
78845	96	0	5	0.2325	56.6	283.0	0.0
78846	198	0	5	0.4875	140.4	702.0	0.3333333333333333
78847	246	0	5	0.6075	110.4	552.0	0.3333333333333333
78848	83	0	5	0.2	81.0	405.0	0.0
78849	278	0	5	0.6875	142.2	711.0	0.6666666666666666
78850	291	0	5	0.72	184.2	921.0	0.6666666666666666
78851	96	0	5	0.2325	34.8	174.0	0.3333333333333333
78852	326	0	5	0.8075	204.0	1020.0	0.6666666666666666
78853	331	0	5	0.82	280.2	1401.0	0.3333333333333333
78854	353	0	5	0.875	162.2	811.0	0.6666666666666666
78855	344	0	5	0.8525	207.6	1038.0	0.6666666666666666
78856	138	0	5	0.3375	36.8	184.0	0.6666666666666666
78857	269	0	5	0.665	210.2	1051.0	0.3333333333333333
78858	338	1	4	0.8425	222.4	1112.0	1.0
78859	361	0	5	0.895	136.0	680.0	0.6666666666666666
78860	338	0	5	0.8375	152.8	764.0	0.6666666666666666
78861	172	0	5	0.4225	102.8	514.0	0.3333333333333333
78862	227	0	5	0.56	113.4	567.0	0.0
78863	136	0	5	0.3325	98.8	494.0	0.0
78864	311	0	5	0.77	252.0	1260.0	0.3333333333333333
78865	235	0	5	0.58	186.4	932.0	0.0
78866	22	0	5	0.0475	20.0	100.0	0.0
78867	126	0	5	0.3075	50.4	252.0	0.3333333333333333
78868	250	0	5	0.6175	233.0	1165.0	0.0
78869	12	0	5	0.0225	10.0	50.0	0.0
78870	61	0	5	0.145	48.4	242.0	0.0
78871	142	0	5	0.3475	119.6	598.0	0.3333333333333333
78872	224	1	4	0.5575	99.0	495.0	1.0
78873	190	0	5	0.4675	117.6	588.0	0.0
78874	250	0	5	0.6175	210.8	1054.0	0.3333333333333333
78875	121	0	5	0.295	70.4	352.0	0.6666666666666666
78876	370	0	5	0.9175	284.4	1422.0	0.3333333333333333
78877	125	0	5	0.305	69.8	349.0	0.6666666666666666
78878	223	0	5	0.55	77.8	389.0	0.3333333333333333
78879	109	0	5	0.265	81.0	405.0	0.3333333333333333
78880	45	0	5	0.105	43.0	215.0	0.0
78881	159	0	5	0.39	136.6	683.0	0.3333333333333333
78882	104	0	5	0.2525	102.0	510.0	0.0
78883	347	1	3	0.865	158.4	792.0	1.0
78884	167	0	5	0.41	152.2	761.0	0.3333333333333333
78885	270	0	5	0.6675	204.4	1022.0	0.0
78886	332	1	3	0.8275	249.6	1248.0	1.0
78887	63	0	5	0.15	52.2	261.0	0.0
78888	166	0	5	0.4075	107.2	536.0	0.0
78889	97	0	5	0.235	20.6	103.0	0.3333333333333333
78890	74	0	5	0.1775	45.4	227.0	0.3333333333333333
78891	215	0	5	0.53	107.0	535.0	0.6666666666666666
78892	293	0	5	0.725	96.6	483.0	0.6666666666666666
78893	145	0	5	0.355	77.4	387.0	0.3333333333333333
78894	67	0	5	0.16	33.8	169.0	0.3333333333333333
78895	352	0	5	0.8725	290.6	1453.0	0.0
78896	55	0	5	0.13	53.0	265.0	0.0
78897	355	0	5	0.88	210.4	1052.0	0.6666666666666666
78898	259	0	5	0.64	146.6	733.0	0.6666666666666666
78899	36	0	5	0.0825	34.0	170.0	0.0
78900	395	0	5	0.98	175.0	875.0	0.6666666666666666
78901	314	0	5	0.7775	90.8	454.0	0.6666666666666666
78902	218	0	5	0.5375	145.6	728.0	0.6666666666666666
78903	184	0	5	0.4525	156.0	780.0	0.3333333333333333
78904	49	0	5	0.115	47.0	235.0	0.0
78905	307	1	4	0.765	145.6	728.0	1.0
78906	343	0	5	0.85	253.0	1265.0	0.3333333333333333
78907	11	0	5	0.02	9.0	45.0	0.0
78908	21	0	5	0.045	19.0	95.0	0.0
78909	143	0	5	0.35	127.4	637.0	0.3333333333333333
78910	262	0	5	0.6475	88.8	444.0	0.6666666666666666
78911	163	0	5	0.4	99.4	497.0	0.3333333333333333
78912	258	0	5	0.6375	161.2	806.0	0.0
78913	170	0	5	0.4175	168.0	840.0	0.0
78914	118	0	5	0.2875	62.4	312.0	0.6666666666666666
78915	191	0	5	0.47	117.0	585.0	0.3333333333333333
78916	13	0	5	0.025	11.0	55.0	0.0
78917	66	0	5	0.1575	54.4	272.0	0.0
78918	156	0	5	0.3825	154.0	770.0	0.3333333333333333
78919	384	0	5	0.9525	146.0	730.0	0.3333333333333333
78920	322	1	4	0.8025	194.8	974.0	1.0
78921	364	0	5	0.9025	205.2	1026.0	0.6666666666666666
78922	244	0	5	0.6025	162.4	812.0	0.6666666666666666
78923	26	0	5	0.0575	24.0	120.0	0.0
78924	277	1	4	0.69	205.0	1025.0	1.0
78925	35	0	5	0.08	17.8	89.0	0.3333333333333333
78926	44	0	5	0.1025	28.4	142.0	0.3333333333333333
78927	19	0	5	0.04	17.0	85.0	0.0
78928	286	0	5	0.7075	284.0	1420.0	0.0
78929	298	0	5	0.7375	117.8	589.0	0.6666666666666666
78930	265	0	5	0.655	156.6	783.0	0.3333333333333333
78931	233	0	5	0.575	109.0	545.0	0.0
78932	367	0	5	0.91	201.8	1009.0	0.6666666666666666
78933	254	0	5	0.6275	152.2	761.0	0.6666666666666666
78934	137	0	5	0.335	81.0	405.0	0.3333333333333333
78935	184	0	5	0.4525	74.8	374.0	0.6666666666666666
78936	334	0	5	0.8275	238.2	1191.0	0.6666666666666666
78937	95	0	5	0.23	81.8	409.0	0.0
78938	43	0	5	0.1	41.0	205.0	0.0
78939	185	0	5	0.455	76.6	383.0	0.6666666666666666
78940	44	0	5	0.1025	16.4	82.0	0.0
78941	46	0	5	0.1075	41.6	208.0	0.3333333333333333
78942	347	0	5	0.86	249.8	1249.0	0.6666666666666666
78943	255	1	4	0.635	167.2	836.0	1.0
78944	57	0	5	0.135	25.4	127.0	0.3333333333333333
78945	167	1	4	0.415	119.8	599.0	1.0
78946	195	0	5	0.48	160.2	801.0	0.3333333333333333
78947	239	0	5	0.59	122.2	611.0	0.6666666666666666
78948	130	1	4	0.3225	85.8	429.0	1.0
78949	309	1	4	0.77	181.8	909.0	1.0
78950	271	0	5	0.67	229.8	1149.0	0.6666666666666666
78951	271	0	5	0.67	243.6	1218.0	0.6666666666666666
78952	154	0	5	0.3775	128.4	642.0	0.0
78953	120	0	5	0.2925	65.4	327.0	0.6666666666666666
78954	302	0	5	0.7475	103.8	519.0	0.3333333333333333
78955	110	0	5	0.2675	93.0	465.0	0.3333333333333333
78956	102	0	5	0.2475	60.8	304.0	0.6666666666666666
78957	263	0	5	0.65	231.6	1158.0	0.3333333333333333
78958	128	0	5	0.3125	76.8	384.0	0.3333333333333333
78959	294	0	5	0.7275	261.6	1308.0	0.3333333333333333
78960	173	0	5	0.425	88.2	441.0	0.6666666666666666
78961	37	0	5	0.085	34.2	171.0	0.3333333333333333
78962	150	0	5	0.3675	135.4	677.0	0.6666666666666666
78963	276	0	5	0.6825	163.2	816.0	0.3333333333333333
78964	175	0	5	0.43	133.6	668.0	0.3333333333333333
78965	191	0	5	0.47	151.4	757.0	0.0
78966	264	0	5	0.6525	172.6	863.0	0.6666666666666666
78967	249	0	5	0.615	228.6	1143.0	0.3333333333333333
78968	353	1	4	0.88	144.6	723.0	1.0
78969	329	1	4	0.82	159.0	795.0	1.0
78970	375	1	4	0.935	286.2	1431.0	1.0
78971	284	0	5	0.7025	82.2	411.0	0.6666666666666666
78972	358	1	4	0.8925	230.8	1154.0	1.0
78973	246	0	5	0.6075	244.0	1220.0	0.0
78974	172	0	5	0.4225	140.0	700.0	0.0
78975	174	0	5	0.4275	130.8	654.0	0.6666666666666666
78976	298	0	5	0.7375	86.8	434.0	0.6666666666666666
78977	140	0	5	0.3425	110.4	552.0	0.3333333333333333
78978	250	0	5	0.6175	169.2	846.0	0.3333333333333333
78979	47	0	5	0.11	37.4	187.0	0.3333333333333333
78980	332	0	5	0.8225	221.0	1105.0	0.6666666666666666
78981	232	1	4	0.5775	90.6	453.0	1.0
78982	213	0	5	0.525	162.0	810.0	0.6666666666666666
78983	93	0	5	0.225	47.2	236.0	0.3333333333333333
78984	244	0	5	0.6025	118.0	590.0	0.3333333333333333
78985	146	0	5	0.3575	73.0	365.0	0.6666666666666666
78986	138	0	5	0.3375	113.6	568.0	0.0
78987	273	1	4	0.68	112.8	564.0	1.0
78988	331	0	5	0.82	224.2	1121.0	0.6666666666666666
78989	289	0	5	0.715	242.0	1210.0	0.6666666666666666
78990	296	0	5	0.7325	189.6	948.0	0.3333333333333333
78991	380	0	5	0.9425	224.8	1124.0	0.6666666666666666
78992	52	0	5	0.1225	34.8	174.0	0.6666666666666666
78993	65	0	5	0.155	42.0	210.0	0.3333333333333333
78994	307	0	5	0.76	134.2	671.0	0.3333333333333333
78995	311	0	5	0.77	192.2	961.0	0.3333333333333333
78996	310	0	5	0.7675	278.0	1390.0	0.3333333333333333
78997	206	0	5	0.5075	106.0	530.0	0.0
78998	364	0	5	0.9025	124.4	622.0	0.6666666666666666
78999	165	0	5	0.405	98.8	494.0	0.3333333333333333
79000	300	0	5	0.7425	159.2	796.0	0.6666666666666666
79001	207	1	4	0.515	130.2	651.0	1.0
79002	96	0	5	0.2325	63.4	317.0	0.0
79003	375	0	5	0.93	86.6	433.0	0.6666666666666666
79004	139	0	5	0.34	132.8	664.0	0.3333333333333333
79005	195	0	5	0.48	144.6	723.0	0.3333333333333333
79006	261	0	5	0.645	143.4	717.0	0.6666666666666666
79007	131	0	5	0.32	118.2	591.0	0.3333333333333333
79008	266	0	5	0.6575	165.6	828.0	0.3333333333333333
79009	371	0	5	0.92	295.6	1478.0	0.6666666666666666
79010	210	0	5	0.5175	145.0	725.0	0.3333333333333333
79011	278	0	5	0.6875	118.4	592.0	0.3333333333333333
79012	292	0	5	0.7225	246.2	1231.0	0.3333333333333333
79013	131	0	5	0.32	107.4	537.0	0.3333333333333333
79014	249	0	5	0.615	221.4	1107.0	0.3333333333333333
79015	236	0	5	0.5825	81.2	406.0	0.6666666666666666
79016	91	0	5	0.22	39.8	199.0	0.3333333333333333
79017	293	0	5	0.725	175.8	879.0	0.3333333333333333
79018	128	0	5	0.3125	103.6	518.0	0.6666666666666666
79019	302	0	5	0.7475	169.4	847.0	0.0
79020	326	0	5	0.8075	108.8	544.0	0.6666666666666666
79021	27	0	5	0.06	24.4	122.0	0.0
79022	40	0	5	0.0925	38.0	190.0	0.0
79023	18	0	5	0.0375	9.8	49.0	0.0
79024	70	0	5	0.1675	50.6	253.0	0.3333333333333333
79025	42	0	5	0.0975	40.0	200.0	0.0
79026	239	0	5	0.59	132.8	664.0	0.6666666666666666
79027	246	1	4	0.6125	157.0	785.0	1.0
79028	255	0	5	0.63	159.0	795.0	0.3333333333333333
79029	185	0	5	0.455	170.8	854.0	0.0
79030	89	0	5	0.215	74.4	372.0	0.0
79031	50	0	5	0.1175	39.0	195.0	0.3333333333333333
79032	56	0	5	0.1325	36.8	184.0	0.6666666666666666
79033	83	0	5	0.2	40.8	204.0	0.0
79034	171	0	5	0.42	123.0	615.0	0.3333333333333333
79035	202	0	5	0.4975	161.0	805.0	0.3333333333333333
79036	28	0	5	0.0625	26.0	130.0	0.0
79037	71	0	5	0.17	69.0	345.0	0.0
79038	394	0	5	0.9775	190.8	954.0	0.6666666666666666
79039	223	0	5	0.55	216.2	1081.0	0.3333333333333333
79040	23	0	5	0.05	21.0	105.0	0.0
79041	262	0	5	0.6475	146.0	730.0	0.6666666666666666
79042	397	0	5	0.985	149.0	745.0	0.6666666666666666
79043	209	0	5	0.515	180.0	900.0	0.3333333333333333
79044	247	0	5	0.61	207.4	1037.0	0.3333333333333333
79045	315	0	5	0.78	129.8	649.0	0.6666666666666666
79046	162	0	5	0.3975	96.6	483.0	0.6666666666666666
79047	331	0	5	0.82	168.0	840.0	0.6666666666666666
79048	264	0	5	0.6525	221.2	1106.0	0.3333333333333333
79049	243	0	5	0.6	103.6	518.0	0.3333333333333333
79050	230	0	5	0.5675	185.6	928.0	0.6666666666666666
79051	92	0	5	0.2225	37.8	189.0	0.3333333333333333
79052	145	0	5	0.355	82.6	413.0	0.0
79053	126	0	5	0.3075	124.0	620.0	0.0
79054	133	0	5	0.325	85.4	427.0	0.0
79055	384	0	5	0.9525	203.2	1016.0	0.6666666666666666
79056	202	0	5	0.4975	182.4	912.0	0.3333333333333333
79057	103	0	5	0.25	74.4	372.0	0.3333333333333333
79058	24	0	5	0.0525	22.0	110.0	0.0
79059	348	0	5	0.8625	153.6	768.0	0.3333333333333333
79060	97	0	5	0.235	63.0	315.0	0.3333333333333333
79061	348	1	4	0.8675	128.8	644.0	1.0
79062	83	0	5	0.2	48.2	241.0	0.3333333333333333
79063	214	0	5	0.5275	119.6	598.0	0.3333333333333333
79064	266	0	5	0.6575	167.0	835.0	0.6666666666666666
79065	5	0	5	0.005	3.0	15.0	0.0
79066	205	0	5	0.505	95.0	475.0	0.3333333333333333
79067	356	0	5	0.8825	259.6	1298.0	0.6666666666666666
79068	157	0	5	0.385	114.2	571.0	0.3333333333333333
79069	97	0	5	0.235	95.0	475.0	0.0
79070	230	0	5	0.5675	133.6	668.0	0.6666666666666666
79071	394	0	5	0.9775	236.8	1184.0	0.6666666666666666
79072	255	0	5	0.63	173.4	867.0	0.3333333333333333
79073	149	0	5	0.365	147.0	735.0	0.0
79074	185	0	5	0.455	134.6	673.0	0.3333333333333333
79075	223	0	5	0.55	122.6	613.0	0.3333333333333333
79076	76	0	5	0.1825	71.8	359.0	0.0
79077	264	0	5	0.6525	216.4	1082.0	0.3333333333333333
79078	203	1	4	0.505	128.2	641.0	1.0
79079	283	1	4	0.705	135.2	676.0	1.0
79080	187	0	5	0.46	117.2	586.0	0.0
79081	63	0	5	0.15	61.0	305.0	0.0
79082	284	0	5	0.7025	236.0	1180.0	0.3333333333333333
79083	334	0	5	0.8275	144.4	722.0	0.6666666666666666
79084	135	0	5	0.33	117.0	585.0	0.3333333333333333
79085	318	0	5	0.7875	199.4	997.0	0.3333333333333333
79086	307	0	5	0.76	76.2	381.0	0.3333333333333333
79087	212	0	5	0.5225	155.0	775.0	0.3333333333333333
79088	133	1	4	0.33	88.6	443.0	1.0
79089	52	0	5	0.1225	22.4	112.0	0.0
79090	333	0	5	0.825	159.2	796.0	0.3333333333333333
79091	252	0	5	0.6225	124.8	624.0	0.3333333333333333
79092	4	0	5	0.0025	2.0	10.0	0.0
79093	114	0	5	0.2775	112.0	560.0	0.0
79094	83	0	5	0.2	62.6	313.0	0.3333333333333333
79095	282	0	5	0.6975	248.2	1241.0	0.6666666666666666
79096	292	0	5	0.7225	249.4	1247.0	0.3333333333333333
79097	380	0	5	0.9425	236.4	1182.0	0.6666666666666666
79098	22	0	5	0.0475	20.0	100.0	0.0
79099	56	0	5	0.1325	39.6	198.0	0.0
79100	356	0	5	0.8825	172.2	861.0	0.6666666666666666
79101	330	0	5	0.8175	114.4	572.0	0.6666666666666666
79102	205	0	5	0.505	91.4	457.0	0.3333333333333333
79103	43	0	5	0.1	41.0	205.0	0.0
79104	46	0	5	0.1075	22.4	112.0	0.6666666666666666
79105	373	0	5	0.925	144.2	721.0	0.6666666666666666
79106	376	0	5	0.9325	154.2	771.0	0.6666666666666666
79107	337	0	5	0.835	244.2	1221.0	0.3333333333333333
79108	349	0	5	0.865	141.2	706.0	0.6666666666666666
79109	268	0	5	0.6625	188.6	943.0	0.3333333333333333
79110	302	0	5	0.7475	110.8	554.0	0.6666666666666666
79111	393	0	5	0.975	323.2	1616.0	0.6666666666666666
79112	157	0	5	0.385	140.6	703.0	0.3333333333333333
79113	327	1	4	0.815	103.0	515.0	1.0
79114	213	0	5	0.525	190.2	951.0	0.3333333333333333
79115	221	1	4	0.55	115.4	577.0	1.0
79116	128	0	5	0.3125	54.6	273.0	0.3333333333333333
79117	31	0	5	0.07	29.0	145.0	0.0
79118	278	0	5	0.6875	64.0	320.0	0.6666666666666666
79119	127	0	5	0.31	125.0	625.0	0.0
79120	31	0	5	0.07	29.0	145.0	0.0
79121	252	0	5	0.6225	163.6	818.0	0.6666666666666666
79122	91	0	5	0.22	45.8	229.0	0.3333333333333333
79123	168	0	5	0.4125	162.6	813.0	0.3333333333333333
79124	100	0	5	0.2425	81.8	409.0	0.3333333333333333
79125	315	0	5	0.78	235.8	1179.0	0.3333333333333333
79126	358	0	5	0.8875	203.4	1017.0	0.6666666666666666
79127	233	0	5	0.575	73.6	368.0	0.3333333333333333
79128	164	0	5	0.4025	70.2	351.0	0.6666666666666666
79129	194	0	5	0.4775	115.8	579.0	0.3333333333333333
79130	10	0	5	0.0175	8.0	40.0	0.0
79131	19	0	5	0.04	17.0	85.0	0.0
79132	339	1	4	0.845	240.6	1203.0	1.0
79133	145	0	5	0.355	44.0	220.0	0.6666666666666666
79134	66	0	5	0.1575	58.0	290.0	0.0
79135	123	0	5	0.3	76.6	383.0	0.3333333333333333
79136	135	0	5	0.33	133.0	665.0	0.0
79137	300	0	5	0.7425	272.4	1362.0	0.3333333333333333
79138	335	0	5	0.83	118.6	593.0	0.3333333333333333
79139	174	0	5	0.4275	122.8	614.0	0.3333333333333333
79140	200	0	5	0.4925	124.8	624.0	0.6666666666666666
79141	82	0	5	0.1975	80.0	400.0	0.0
79142	318	0	5	0.7875	95.2	476.0	0.6666666666666666
79143	357	0	5	0.885	195.8	979.0	0.6666666666666666
79144	312	0	5	0.7725	86.8	434.0	0.3333333333333333
79145	330	1	4	0.8225	154.4	772.0	1.0
79146	77	0	5	0.185	75.0	375.0	0.0
79147	238	0	5	0.5875	120.8	604.0	0.6666666666666666
79148	119	0	5	0.29	74.2	371.0	0.3333333333333333
79149	63	0	5	0.15	51.0	255.0	0.0
79150	210	0	5	0.5175	92.8	464.0	0.6666666666666666
79151	109	0	5	0.265	55.8	279.0	0.6666666666666666
79152	165	0	5	0.405	102.4	512.0	0.3333333333333333
79153	296	0	5	0.7325	244.2	1221.0	0.6666666666666666
79154	351	0	5	0.87	223.2	1116.0	0.6666666666666666
79155	121	0	5	0.295	58.6	293.0	0.3333333333333333
79156	51	0	5	0.12	49.0	245.0	0.3333333333333333
79157	175	0	5	0.43	173.0	865.0	0.0
79158	337	0	5	0.835	189.0	945.0	0.6666666666666666
79159	215	0	5	0.53	122.0	610.0	0.3333333333333333
79160	73	0	5	0.175	55.8	279.0	0.0
79161	113	0	5	0.275	91.8	459.0	0.3333333333333333
79162	207	0	5	0.51	148.0	740.0	0.6666666666666666
79163	91	0	5	0.22	48.4	242.0	0.3333333333333333
79164	118	1	4	0.2925	74.0	370.0	1.0
79165	240	0	5	0.5925	133.6	668.0	0.3333333333333333
79166	115	0	5	0.28	102.6	513.0	0.3333333333333333
79167	226	0	5	0.5575	96.8	484.0	0.6666666666666666
79168	261	0	5	0.645	125.4	627.0	0.6666666666666666
79169	163	0	5	0.4	44.6	223.0	0.6666666666666666
79170	239	0	5	0.59	196.8	984.0	0.3333333333333333
79171	163	0	5	0.4	132.2	661.0	0.3333333333333333
79172	394	0	5	0.9775	344.2	1721.0	0.6666666666666666
79173	21	0	5	0.045	19.0	95.0	0.0
79174	225	0	5	0.555	130.2	651.0	0.3333333333333333
79175	395	1	4	0.985	268.8	1344.0	1.0
79176	260	0	5	0.6425	206.8	1034.0	0.3333333333333333
79177	294	0	5	0.7275	255.0	1275.0	0.6666666666666666
79178	142	0	5	0.3475	140.0	700.0	0.0
79179	13	0	5	0.025	11.0	55.0	0.0
79180	181	0	5	0.445	87.2	436.0	0.3333333333333333
79181	141	1	4	0.35	61.6	308.0	1.0
79182	211	0	5	0.52	103.4	517.0	0.3333333333333333
79183	100	0	5	0.2425	98.0	490.0	0.0
79184	237	0	5	0.585	75.0	375.0	0.0
79185	288	0	5	0.7125	205.4	1027.0	0.6666666666666666
79186	225	0	5	0.555	123.0	615.0	0.3333333333333333
79187	247	0	5	0.61	192.4	962.0	0.3333333333333333
79188	258	0	5	0.6375	56.0	280.0	0.3333333333333333
79189	212	0	5	0.5225	205.4	1027.0	0.3333333333333333
79190	380	0	5	0.9425	267.0	1335.0	0.6666666666666666
79191	307	0	5	0.76	112.2	561.0	0.3333333333333333
79192	179	0	5	0.44	124.8	624.0	0.3333333333333333
79193	398	0	5	0.9875	241.6	1208.0	0.6666666666666666
79194	23	0	5	0.05	15.6	78.0	0.0
79195	119	0	5	0.29	52.6	263.0	0.3333333333333333
79196	167	0	5	0.41	75.4	377.0	0.6666666666666666
79197	137	0	5	0.335	130.2	651.0	0.3333333333333333
79198	83	0	5	0.2	64.2	321.0	0.3333333333333333
79199	251	0	5	0.62	205.6	1028.0	0.0
79200	394	0	5	0.9775	245.2	1226.0	0.6666666666666666
79201	270	0	5	0.6675	234.0	1170.0	0.6666666666666666
79202	288	0	5	0.7125	189.2	946.0	0.6666666666666666
79203	122	0	5	0.2975	66.8	334.0	0.6666666666666666
79204	80	0	5	0.1925	33.0	165.0	0.3333333333333333
79205	218	0	5	0.5375	120.0	600.0	0.3333333333333333
79206	202	0	5	0.4975	169.6	848.0	0.0
79207	59	0	5	0.14	47.6	238.0	0.3333333333333333
79208	123	0	5	0.3	97.8	489.0	0.3333333333333333
79209	48	0	5	0.1125	38.2	191.0	0.0
79210	192	0	5	0.4725	86.2	431.0	0.0
79211	261	0	5	0.645	172.6	863.0	0.3333333333333333
79212	320	0	5	0.7925	164.6	823.0	0.6666666666666666
79213	109	0	5	0.265	107.0	535.0	0.0
79214	135	0	5	0.33	118.2	591.0	0.3333333333333333
79215	333	0	5	0.825	199.0	995.0	0.6666666666666666
79216	321	0	5	0.795	245.0	1225.0	0.3333333333333333
79217	174	1	4	0.4325	130.4	652.0	1.0
79218	281	0	5	0.695	221.4	1107.0	0.3333333333333333
79219	96	0	5	0.2325	72.8	364.0	0.6666666666666666
79220	240	0	5	0.5925	164.6	823.0	0.6666666666666666
79221	67	0	5	0.16	65.0	325.0	0.0
79222	325	0	5	0.805	197.8	989.0	0.3333333333333333
79223	132	0	5	0.3225	115.8	579.0	0.3333333333333333
79224	359	0	5	0.89	164.4	822.0	0.3333333333333333
79225	155	0	5	0.38	137.4	687.0	0.0
79226	26	0	5	0.0575	24.0	120.0	0.0
79227	52	0	5	0.1225	44.4	222.0	0.3333333333333333
79228	74	0	5	0.1775	45.6	228.0	0.6666666666666666
79229	357	0	5	0.885	148.6	743.0	0.3333333333333333
79230	326	0	5	0.8075	210.4	1052.0	0.6666666666666666
79231	185	0	5	0.455	80.6	403.0	0.3333333333333333
79232	114	0	5	0.2775	112.0	560.0	0.0
79233	112	0	5	0.2725	88.4	442.0	0.3333333333333333
79234	298	0	5	0.7375	167.4	837.0	0.6666666666666666
79235	134	0	5	0.3275	69.6	348.0	0.3333333333333333
79236	379	0	5	0.94	233.4	1167.0	0.6666666666666666
79237	305	0	5	0.755	112.6	563.0	0.3333333333333333
79238	235	0	5	0.58	159.4	797.0	0.6666666666666666
79239	362	1	4	0.9025	183.6	918.0	1.0
79240	34	0	5	0.0775	32.0	160.0	0.0
79241	401	0	5	0.995	174.6	873.0	0.6666666666666666
79242	286	0	5	0.7075	121.6	608.0	0.3333333333333333
79243	203	0	5	0.5	166.2	831.0	0.0
79244	94	0	5	0.2275	92.0	460.0	0.0
79245	231	0	5	0.57	143.4	717.0	0.3333333333333333
79246	184	0	5	0.4525	176.0	880.0	0.6666666666666666
79247	189	0	5	0.465	121.4	607.0	0.6666666666666666
79248	77	0	5	0.185	36.6	183.0	0.0
79249	305	0	5	0.755	139.4	697.0	0.6666666666666666
79250	176	0	5	0.4325	135.6	678.0	0.3333333333333333
79251	382	0	5	0.9475	217.2	1086.0	0.6666666666666666
79252	275	1	4	0.685	167.4	837.0	1.0
79253	121	0	5	0.295	119.0	595.0	0.0
79254	42	0	5	0.0975	40.0	200.0	0.0
79255	23	0	5	0.05	21.0	105.0	0.0
79256	247	0	5	0.61	158.6	793.0	0.3333333333333333
79257	7	0	5	0.01	5.0	25.0	0.0
79258	100	0	5	0.2425	50.6	253.0	0.0
79259	88	0	5	0.2125	64.4	322.0	0.3333333333333333
79260	386	1	4	0.9625	305.4	1527.0	1.0
79261	343	0	5	0.85	178.2	891.0	0.6666666666666666
79262	112	0	5	0.2725	110.0	550.0	0.0
79263	66	0	5	0.1575	64.0	320.0	0.0
79264	185	0	5	0.455	118.4	592.0	0.3333333333333333
79265	380	0	5	0.9425	197.6	988.0	0.6666666666666666
79266	15	0	5	0.03	13.0	65.0	0.0
79267	33	0	5	0.075	31.0	155.0	0.0
79268	248	1	4	0.6175	116.2	581.0	1.0
79269	107	0	5	0.26	105.0	525.0	0.0
79270	215	0	5	0.53	119.6	598.0	0.6666666666666666
79271	149	0	5	0.365	47.8	239.0	0.3333333333333333
79272	294	0	5	0.7275	80.4	402.0	0.3333333333333333
79273	270	0	5	0.6675	160.2	801.0	0.6666666666666666
79274	279	0	5	0.69	195.4	977.0	0.3333333333333333
79275	280	0	5	0.6925	161.6	808.0	0.3333333333333333
79276	187	0	5	0.46	150.2	751.0	0.0
79277	79	0	5	0.19	77.0	385.0	0.0
79278	215	0	5	0.53	118.4	592.0	0.3333333333333333
79279	164	0	5	0.4025	65.2	326.0	0.3333333333333333
79280	305	0	5	0.755	188.8	944.0	0.3333333333333333
79281	180	0	5	0.4425	149.8	749.0	0.3333333333333333
79282	149	0	5	0.365	71.6	358.0	0.3333333333333333
79283	3	0	5	0.0025	0.6	3.0	0.0
79284	235	0	5	0.58	157.8	789.0	0.6666666666666666
79285	197	0	5	0.485	140.8	704.0	0.3333333333333333
79286	119	0	5	0.29	78.6	393.0	0.3333333333333333
79287	303	0	5	0.75	236.0	1180.0	0.3333333333333333
79288	348	1	4	0.8675	102.0	510.0	1.0
79289	283	0	5	0.7	117.8	589.0	0.6666666666666666
79290	286	0	5	0.7075	261.4	1307.0	0.3333333333333333
79291	274	0	5	0.6775	172.0	860.0	0.6666666666666666
79292	272	0	5	0.6725	146.4	732.0	0.0
79293	218	0	5	0.5375	154.4	772.0	0.6666666666666666
79294	237	0	5	0.585	142.8	714.0	0.3333333333333333
79295	289	0	5	0.715	246.2	1231.0	0.3333333333333333
79296	101	0	5	0.245	93.0	465.0	0.3333333333333333
79297	396	0	5	0.9825	131.4	657.0	0.6666666666666666
79298	209	0	5	0.515	56.6	283.0	0.3333333333333333
79299	271	1	3	0.675	178.4	892.0	1.0
79300	179	0	5	0.44	61.8	309.0	0.3333333333333333
79301	241	0	5	0.595	66.2	331.0	0.0
79302	86	0	5	0.2075	33.6	168.0	0.0
79303	68	0	5	0.1625	66.0	330.0	0.0
79304	263	0	5	0.65	195.4	977.0	0.3333333333333333
79305	234	0	5	0.5775	192.0	960.0	0.3333333333333333
79306	2	0	5	0.0	0.0	0.0	0.0
79307	335	0	5	0.83	165.8	829.0	0.6666666666666666
79308	58	0	5	0.1375	18.4	92.0	0.0
79309	306	0	5	0.7575	304.0	1520.0	0.3333333333333333
79310	200	0	5	0.4925	105.0	525.0	0.3333333333333333
79311	49	0	5	0.115	34.6	173.0	0.3333333333333333
79312	37	0	5	0.085	35.0	175.0	0.0
79313	110	0	5	0.2675	78.6	393.0	0.3333333333333333
79314	326	1	3	0.8125	150.8	754.0	1.0
79315	196	0	5	0.4825	90.0	450.0	0.3333333333333333
79316	110	0	5	0.2675	108.0	540.0	0.0
79317	300	1	4	0.7475	95.2	476.0	1.0
79318	87	0	5	0.21	61.8	309.0	0.3333333333333333
79319	66	0	5	0.1575	64.0	320.0	0.0
79320	122	0	5	0.2975	103.2	516.0	0.0
79321	196	0	5	0.4825	194.0	970.0	0.0
79322	233	0	5	0.575	92.4	462.0	0.3333333333333333
79323	61	0	5	0.145	36.4	182.0	0.3333333333333333
79324	178	0	5	0.4375	106.8	534.0	0.3333333333333333
79325	50	0	5	0.1175	48.0	240.0	0.0
79326	93	0	5	0.225	91.0	455.0	0.0
79327	356	0	5	0.8825	116.4	582.0	0.6666666666666666
79328	105	0	5	0.255	67.0	335.0	0.0
79329	241	0	5	0.595	143.8	719.0	0.3333333333333333
79330	373	0	5	0.925	242.8	1214.0	0.6666666666666666
79331	194	0	5	0.4775	171.4	857.0	0.6666666666666666
79332	122	0	5	0.2975	85.6	428.0	0.0
79333	275	0	5	0.68	206.2	1031.0	0.3333333333333333
79334	158	0	5	0.3875	68.4	342.0	0.6666666666666666
79335	398	0	5	0.9875	305.6	1528.0	0.6666666666666666
79336	178	0	5	0.4375	144.8	724.0	0.6666666666666666
79337	156	0	5	0.3825	62.4	312.0	0.3333333333333333
79338	273	0	5	0.675	119.8	599.0	0.6666666666666666
79339	115	0	5	0.28	66.6	333.0	0.6666666666666666
79340	339	1	4	0.845	197.0	985.0	1.0
79341	130	0	5	0.3175	66.2	331.0	0.0
79342	76	0	5	0.1825	72.4	362.0	0.3333333333333333
79343	287	0	5	0.71	155.0	775.0	0.3333333333333333
79344	102	0	5	0.2475	56.2	281.0	0.3333333333333333
79345	51	0	5	0.12	49.0	245.0	0.0
79346	225	0	5	0.555	92.8	464.0	0.0
79347	286	0	5	0.7075	156.2	781.0	0.6666666666666666
79348	92	0	5	0.2225	78.4	392.0	0.0
79349	307	0	5	0.76	225.8	1129.0	0.6666666666666666
79350	31	0	5	0.07	29.0	145.0	0.0
79351	80	0	5	0.1925	69.2	346.0	0.3333333333333333
79352	289	1	4	0.72	148.6	743.0	1.0
79353	232	0	5	0.5725	134.8	674.0	0.3333333333333333
79354	381	0	5	0.945	94.2	471.0	0.3333333333333333
79355	79	0	5	0.19	77.0	385.0	0.0
79356	25	0	5	0.055	23.0	115.0	0.0
79357	245	1	4	0.61	103.4	517.0	1.0
79358	8	0	5	0.0125	6.0	30.0	0.0
79359	102	0	5	0.2475	91.2	456.0	0.0
79360	53	0	5	0.125	31.8	159.0	0.3333333333333333
79361	134	0	5	0.3275	109.2	546.0	0.0
79362	366	0	5	0.9075	255.0	1275.0	0.6666666666666666
79363	36	0	5	0.0825	32.6	163.0	0.3333333333333333
79364	112	0	5	0.2725	110.0	550.0	0.0
79365	306	0	5	0.7575	87.2	436.0	0.3333333333333333
79366	141	0	5	0.345	97.8	489.0	0.3333333333333333
79367	202	0	5	0.4975	126.4	632.0	0.6666666666666666
79368	118	0	5	0.2875	85.2	426.0	0.3333333333333333
79369	99	0	5	0.24	92.8	464.0	0.3333333333333333
79370	278	1	4	0.6925	232.8	1164.0	1.0
79371	189	0	5	0.465	68.6	343.0	0.3333333333333333
79372	338	0	5	0.8375	118.0	590.0	0.6666666666666666
79373	70	0	5	0.1675	54.0	270.0	0.6666666666666666
79374	148	0	5	0.3625	117.6	588.0	0.6666666666666666
79375	204	0	5	0.5025	178.8	894.0	0.3333333333333333
79376	159	0	5	0.39	105.4	527.0	0.3333333333333333
79377	345	0	5	0.855	232.0	1160.0	0.6666666666666666
79378	222	0	5	0.5475	89.2	446.0	0.3333333333333333
79379	246	0	5	0.6075	186.8	934.0	0.6666666666666666
79380	290	0	5	0.7175	166.8	834.0	0.3333333333333333
79381	379	0	5	0.94	350.0	1750.0	0.6666666666666666
79382	254	0	5	0.6275	199.8	999.0	0.6666666666666666
79383	170	1	4	0.4225	141.0	705.0	1.0
79384	350	1	4	0.8725	162.2	811.0	1.0
79385	124	0	5	0.3025	43.6	218.0	0.6666666666666666
79386	276	0	5	0.6825	224.2	1121.0	0.3333333333333333
79387	302	0	5	0.7475	224.8	1124.0	0.6666666666666666
79388	289	0	5	0.715	225.0	1125.0	0.6666666666666666
79389	81	0	5	0.195	53.8	269.0	0.6666666666666666
79390	236	0	5	0.5825	182.4	912.0	0.0
79391	11	0	5	0.02	7.8	39.0	0.3333333333333333
79392	220	0	5	0.5425	192.4	962.0	0.3333333333333333
79393	250	1	4	0.6225	194.4	972.0	1.0
79394	32	0	5	0.0725	30.0	150.0	0.0
79395	148	0	5	0.3625	122.0	610.0	0.3333333333333333
79396	80	0	5	0.1925	59.6	298.0	0.0
79397	397	0	5	0.985	253.4	1267.0	0.6666666666666666
79398	265	1	4	0.66	108.6	543.0	1.0
79399	370	1	4	0.9225	202.0	1010.0	1.0
79400	23	0	5	0.05	21.0	105.0	0.0
79401	124	0	5	0.3025	48.4	242.0	0.6666666666666666
79402	174	0	5	0.4275	95.2	476.0	0.3333333333333333
79403	190	0	5	0.4675	64.0	320.0	0.6666666666666666
79404	309	0	5	0.765	184.0	920.0	0.6666666666666666
79405	142	0	5	0.3475	128.8	644.0	0.0
79406	298	1	4	0.7425	77.2	386.0	1.0
79407	180	0	5	0.4425	83.6	418.0	0.6666666666666666
79408	48	0	5	0.1125	46.0	230.0	0.0
79409	74	0	5	0.1775	69.4	347.0	0.3333333333333333
79410	337	1	4	0.84	289.0	1445.0	1.0
79411	190	0	5	0.4675	176.0	880.0	0.3333333333333333
79412	135	0	5	0.33	77.8	389.0	0.6666666666666666
79413	327	0	5	0.81	76.2	381.0	0.6666666666666666
79414	286	1	4	0.7125	221.8	1109.0	1.0
79415	369	0	5	0.915	126.6	633.0	0.6666666666666666
79416	45	0	5	0.105	43.0	215.0	0.0
79417	311	0	5	0.77	115.8	579.0	0.6666666666666666
79418	111	0	5	0.27	41.0	205.0	0.6666666666666666
79419	309	0	5	0.765	258.8	1294.0	0.6666666666666666
79420	312	0	5	0.7725	76.4	382.0	0.3333333333333333
79421	74	0	5	0.1775	72.0	360.0	0.0
79422	257	0	5	0.635	222.2	1111.0	0.3333333333333333
79423	257	0	5	0.635	104.0	520.0	0.3333333333333333
79424	329	0	5	0.815	190.2	951.0	0.6666666666666666
79425	203	0	5	0.5	145.8	729.0	0.6666666666666666
79426	113	0	5	0.275	111.0	555.0	0.0
79427	246	0	5	0.6075	183.6	918.0	0.3333333333333333
79428	358	0	5	0.8875	228.2	1141.0	0.6666666666666666
79429	360	0	5	0.8925	241.0	1205.0	0.6666666666666666
79430	169	0	5	0.415	141.8	709.0	0.0
79431	152	0	5	0.3725	60.6	303.0	0.3333333333333333
79432	396	0	5	0.9825	255.4	1277.0	0.6666666666666666
79433	273	0	5	0.675	173.6	868.0	0.6666666666666666
79434	87	0	5	0.21	41.0	205.0	0.3333333333333333
79435	140	0	5	0.3425	107.2	536.0	0.3333333333333333
79436	240	0	5	0.5925	208.6	1043.0	0.3333333333333333
79437	173	0	5	0.425	84.0	420.0	0.0
79438	123	0	5	0.3	121.0	605.0	0.0
79439	54	0	5	0.1275	44.2	221.0	0.0
79440	240	0	5	0.5925	174.4	872.0	0.6666666666666666
79441	190	0	5	0.4675	144.8	724.0	0.0
79442	175	0	5	0.43	124.4	622.0	0.3333333333333333
79443	325	0	5	0.805	89.8	449.0	0.3333333333333333
79444	261	0	5	0.645	247.8	1239.0	0.3333333333333333
79445	151	0	5	0.37	142.6	713.0	0.3333333333333333
79446	178	0	5	0.4375	98.4	492.0	0.6666666666666666
79447	298	1	4	0.7425	93.6	468.0	1.0
79448	51	0	5	0.12	49.0	245.0	0.0
79449	386	0	5	0.9575	250.4	1252.0	0.6666666666666666
79450	162	1	4	0.4025	65.2	326.0	1.0
79451	238	0	5	0.5875	98.0	490.0	0.6666666666666666
79452	375	0	5	0.93	279.8	1399.0	0.6666666666666666
79453	264	0	5	0.6525	262.0	1310.0	0.0
79454	342	0	5	0.8475	205.0	1025.0	0.6666666666666666
79455	273	0	5	0.675	268.6	1343.0	0.6666666666666666
79456	180	0	5	0.4425	62.8	314.0	0.0
79457	10	0	5	0.0175	8.0	40.0	0.0
79458	191	0	5	0.47	189.0	945.0	0.0
79459	124	0	5	0.3025	122.0	610.0	0.0
79460	90	0	5	0.2175	70.0	350.0	0.3333333333333333
79461	169	0	5	0.415	167.0	835.0	0.0
79462	231	0	5	0.57	202.6	1013.0	0.3333333333333333
79463	302	0	5	0.7475	168.2	841.0	0.6666666666666666
79464	269	0	5	0.665	169.6	848.0	0.3333333333333333
79465	267	0	5	0.66	178.4	892.0	0.3333333333333333
79466	86	0	5	0.2075	67.8	339.0	0.3333333333333333
79467	176	0	5	0.4325	153.6	768.0	0.0
79468	80	0	5	0.1925	78.0	390.0	0.0
79469	67	0	5	0.16	65.0	325.0	0.0
79470	231	0	5	0.57	212.2	1061.0	0.3333333333333333
79471	71	0	5	0.17	69.0	345.0	0.0
79472	322	0	5	0.7975	177.0	885.0	0.6666666666666666
79473	181	0	5	0.445	134.2	671.0	0.3333333333333333
79474	85	0	5	0.205	35.8	179.0	0.3333333333333333
79475	345	0	5	0.855	308.8	1544.0	0.6666666666666666
79476	401	0	4	0.9975	142.4	712.0	0.6666666666666666
79477	196	0	5	0.4825	158.8	794.0	0.3333333333333333
79478	99	0	5	0.24	39.0	195.0	0.6666666666666666
79479	118	0	5	0.2875	116.0	580.0	0.0
79480	62	1	4	0.1525	50.4	252.0	1.0
79481	397	0	5	0.985	126.0	630.0	0.6666666666666666
79482	278	0	5	0.6875	91.8	459.0	0.3333333333333333
79483	162	0	5	0.3975	126.6	633.0	0.3333333333333333
79484	93	0	5	0.225	52.0	260.0	0.0
79485	198	0	5	0.4875	95.2	476.0	0.3333333333333333
79486	186	0	5	0.4575	184.0	920.0	0.0
79487	6	0	5	0.0075	4.0	20.0	0.0
79488	126	1	4	0.3125	60.6	303.0	1.0
79489	84	0	5	0.2025	74.8	374.0	0.0
79490	293	0	5	0.725	174.8	874.0	0.3333333333333333
79491	304	0	5	0.7525	157.8	789.0	0.3333333333333333
79492	99	0	5	0.24	61.0	305.0	0.0
79493	222	0	5	0.5475	151.6	758.0	0.3333333333333333
79494	297	0	5	0.735	87.4	437.0	0.3333333333333333
79495	133	0	5	0.325	74.0	370.0	0.3333333333333333
79496	307	0	5	0.76	258.6	1293.0	0.0
79497	117	0	5	0.285	104.8	524.0	0.3333333333333333
79498	394	1	4	0.9825	88.4	442.0	1.0
79499	307	1	4	0.765	152.8	764.0	1.0
79500	66	0	5	0.1575	42.4	212.0	0.3333333333333333
79501	237	0	5	0.585	107.8	539.0	0.3333333333333333
79502	50	0	5	0.1175	48.0	240.0	0.0
79503	283	0	5	0.7	267.6	1338.0	0.3333333333333333
79504	125	0	5	0.305	102.4	512.0	0.0
79505	261	0	5	0.645	147.0	735.0	0.3333333333333333
79506	235	0	5	0.58	186.8	934.0	0.3333333333333333
79507	199	0	5	0.49	197.0	985.0	0.0
79508	354	1	4	0.8825	254.0	1270.0	1.0
79509	47	0	5	0.11	36.6	183.0	0.3333333333333333
79510	334	0	5	0.8275	170.0	850.0	0.6666666666666666
79511	12	0	5	0.0225	10.0	50.0	0.0
79512	230	0	5	0.5675	125.2	626.0	0.3333333333333333
79513	49	0	5	0.115	47.0	235.0	0.0
79514	77	0	5	0.185	75.0	375.0	0.0
79515	310	1	4	0.7725	207.0	1035.0	1.0
79516	110	0	5	0.2675	83.2	416.0	0.6666666666666666
79517	328	0	5	0.8125	224.8	1124.0	0.3333333333333333
79518	295	0	5	0.73	141.6	708.0	0.6666666666666666
79519	315	1	4	0.785	122.2	611.0	1.0
79520	197	0	5	0.485	77.8	389.0	0.3333333333333333
79521	202	0	5	0.4975	94.8	474.0	0.6666666666666666
79522	31	0	5	0.07	24.6	123.0	0.0
79523	337	0	5	0.835	242.6	1213.0	0.6666666666666666
79524	334	0	5	0.8275	184.6	923.0	0.6666666666666666
79525	237	0	5	0.585	193.4	967.0	0.3333333333333333
79526	232	0	5	0.5725	116.6	583.0	0.3333333333333333
79527	325	0	5	0.805	149.4	747.0	0.6666666666666666
79528	212	0	5	0.5225	178.0	890.0	0.6666666666666666
79529	261	0	5	0.645	129.4	647.0	0.0
79530	375	0	5	0.93	177.8	889.0	0.6666666666666666
79531	244	0	5	0.6025	98.0	490.0	0.6666666666666666
79532	104	0	5	0.2525	94.8	474.0	0.3333333333333333
79533	393	1	4	0.98	195.8	979.0	1.0
79534	255	0	5	0.63	173.8	869.0	0.3333333333333333
79535	100	0	5	0.2425	95.0	475.0	0.3333333333333333
79536	192	0	5	0.4725	162.2	811.0	0.3333333333333333
79537	261	0	5	0.645	91.6	458.0	0.3333333333333333
79538	396	0	5	0.9825	176.6	883.0	0.6666666666666666
79539	395	0	5	0.98	196.8	984.0	0.6666666666666666
79540	170	0	5	0.4175	116.0	580.0	0.6666666666666666
79541	186	0	5	0.4575	76.6	383.0	0.3333333333333333
79542	360	0	5	0.8925	147.2	736.0	0.6666666666666666
79543	84	0	5	0.2025	47.4	237.0	0.0
79544	193	0	5	0.475	187.8	939.0	0.3333333333333333
79545	67	0	5	0.16	65.0	325.0	0.0
79546	205	0	5	0.505	138.4	692.0	0.6666666666666666
79547	84	0	5	0.2025	82.0	410.0	0.0
79548	79	0	5	0.19	33.2	166.0	0.3333333333333333
79549	137	1	4	0.34	52.4	262.0	1.0
79550	274	0	5	0.6775	177.6	888.0	0.3333333333333333
79551	367	0	5	0.91	307.4	1537.0	0.6666666666666666
79552	38	0	5	0.0875	7.4	37.0	0.3333333333333333
79553	244	0	5	0.6025	170.6	853.0	0.3333333333333333
79554	184	0	5	0.4525	130.4	652.0	0.0
79555	97	0	5	0.235	95.0	475.0	0.0
79556	328	0	5	0.8125	155.6	778.0	0.6666666666666666
79557	204	0	5	0.5025	111.4	557.0	0.6666666666666666
79558	142	0	5	0.3475	60.2	301.0	0.0
79559	106	0	5	0.2575	75.2	376.0	0.3333333333333333
79560	57	0	5	0.135	45.2	226.0	0.0
79561	84	0	5	0.2025	52.4	262.0	0.0
79562	316	1	4	0.7875	173.2	866.0	1.0
79563	158	0	5	0.3875	115.2	576.0	0.3333333333333333
79564	337	1	4	0.84	69.0	345.0	1.0
79565	78	0	5	0.1875	41.2	206.0	0.6666666666666666
79566	190	0	5	0.4675	82.4	412.0	0.3333333333333333
79567	203	0	5	0.5	86.4	432.0	0.3333333333333333
79568	360	0	5	0.8925	194.8	974.0	0.6666666666666666
79569	105	0	5	0.255	48.6	243.0	0.0
79570	45	0	5	0.105	41.4	207.0	0.3333333333333333
79571	134	0	5	0.3275	118.4	592.0	0.3333333333333333
79572	63	0	5	0.15	61.0	305.0	0.0
79573	257	0	5	0.635	200.6	1003.0	0.3333333333333333
79574	282	0	5	0.6975	139.6	698.0	0.6666666666666666
79575	325	0	5	0.805	110.2	551.0	0.6666666666666666
79576	210	0	5	0.5175	112.0	560.0	0.3333333333333333
79577	266	0	5	0.6575	125.4	627.0	0.3333333333333333
79578	159	0	5	0.39	135.4	677.0	0.3333333333333333
79579	187	0	5	0.46	167.4	837.0	0.0
79580	40	0	5	0.0925	38.0	190.0	0.0
79581	159	0	5	0.39	51.4	257.0	0.3333333333333333
79582	304	0	5	0.7525	64.4	322.0	0.3333333333333333
79583	286	0	5	0.7075	105.6	528.0	0.6666666666666666
79584	222	0	5	0.5475	183.2	916.0	0.3333333333333333
79585	208	0	5	0.5125	205.4	1027.0	0.0
79586	216	1	4	0.5375	91.8	459.0	1.0
79587	294	0	5	0.7275	230.6	1153.0	0.6666666666666666
79588	99	0	5	0.24	21.8	109.0	0.3333333333333333
79589	226	0	5	0.5575	120.8	604.0	0.3333333333333333
79590	108	0	5	0.2625	43.4	217.0	0.6666666666666666
79591	253	0	5	0.625	164.6	823.0	0.0
79592	28	0	5	0.0625	22.2	111.0	0.3333333333333333
79593	176	0	5	0.4325	136.2	681.0	0.3333333333333333
79594	24	0	5	0.0525	22.0	110.0	0.0
79595	138	0	5	0.3375	136.0	680.0	0.0
79596	181	0	5	0.445	84.2	421.0	0.3333333333333333
79597	189	0	5	0.465	136.6	683.0	0.6666666666666666
79598	14	0	5	0.0275	12.0	60.0	0.0
79599	340	0	5	0.8425	180.4	902.0	0.6666666666666666
79600	298	0	5	0.7375	102.8	514.0	0.3333333333333333
79601	118	0	5	0.2875	60.2	301.0	0.3333333333333333
79602	134	0	5	0.3275	132.0	660.0	0.0
79603	187	0	5	0.46	171.0	855.0	0.3333333333333333
79604	287	0	5	0.71	183.0	915.0	0.6666666666666666
79605	283	0	5	0.7	220.2	1101.0	0.0
79606	167	0	5	0.41	56.8	284.0	0.3333333333333333
79607	315	0	5	0.78	280.8	1404.0	0.6666666666666666
79608	63	0	5	0.15	61.0	305.0	0.0
79609	62	0	5	0.1475	60.0	300.0	0.0
79610	297	0	5	0.735	143.8	719.0	0.3333333333333333
79611	347	0	5	0.86	207.8	1039.0	0.6666666666666666
79612	120	0	5	0.2925	97.2	486.0	0.0
79613	89	0	5	0.215	70.2	351.0	0.3333333333333333
79614	239	0	5	0.59	237.0	1185.0	0.0
79615	16	0	5	0.0325	14.0	70.0	0.0
79616	187	0	5	0.46	81.8	409.0	0.6666666666666666
79617	278	1	4	0.6925	198.8	994.0	1.0
79618	230	0	5	0.5675	158.4	792.0	0.3333333333333333
79619	163	0	5	0.4	85.8	429.0	0.3333333333333333
79620	296	0	5	0.7325	238.4	1192.0	0.3333333333333333
79621	222	0	5	0.5475	159.6	798.0	0.6666666666666666
79622	388	0	5	0.9625	229.8	1149.0	0.6666666666666666
79623	108	0	5	0.2625	106.0	530.0	0.0
79624	133	0	5	0.325	131.0	655.0	0.0
79625	265	1	4	0.66	156.4	782.0	1.0
79626	319	0	5	0.79	158.6	793.0	0.6666666666666666
79627	243	0	5	0.6	160.6	803.0	0.6666666666666666
79628	68	0	5	0.1625	66.0	330.0	0.0
79629	284	0	5	0.7025	248.2	1241.0	0.3333333333333333
79630	130	0	5	0.3175	75.0	375.0	0.0
79631	168	0	5	0.4125	156.2	781.0	0.0
79632	342	0	5	0.8475	275.4	1377.0	0.6666666666666666
79633	306	0	5	0.7575	165.0	825.0	0.6666666666666666
79634	230	0	5	0.5675	116.8	584.0	0.3333333333333333
79635	283	0	5	0.7	247.0	1235.0	0.6666666666666666
79636	362	0	5	0.8975	140.8	704.0	0.3333333333333333
79637	232	0	5	0.5725	200.0	1000.0	0.3333333333333333
79638	315	0	5	0.78	195.0	975.0	0.3333333333333333
79639	182	0	5	0.4475	178.4	892.0	0.3333333333333333
79640	103	0	5	0.25	95.0	475.0	0.3333333333333333
79641	272	1	4	0.6775	202.8	1014.0	1.0
79642	325	0	5	0.805	254.2	1271.0	0.0
79643	391	0	5	0.97	260.6	1303.0	0.6666666666666666
79644	33	0	5	0.075	25.4	127.0	0.3333333333333333
79645	279	0	5	0.69	210.8	1054.0	0.6666666666666666
79646	391	0	5	0.97	230.0	1150.0	0.6666666666666666
79647	232	0	5	0.5725	140.8	704.0	0.3333333333333333
79648	103	0	5	0.25	93.8	469.0	0.3333333333333333
79649	352	0	5	0.8725	242.6	1213.0	0.6666666666666666
79650	356	0	5	0.8825	272.6	1363.0	0.6666666666666666
79651	83	0	5	0.2	23.6	118.0	0.3333333333333333
79652	100	0	5	0.2425	42.0	210.0	0.3333333333333333
79653	13	0	5	0.025	11.0	55.0	0.0
79654	334	1	4	0.8325	115.6	578.0	1.0
79655	372	0	5	0.9225	256.4	1282.0	0.6666666666666666
79656	401	0	5	0.995	191.8	959.0	0.6666666666666666
79657	311	0	5	0.77	237.8	1189.0	0.6666666666666666
79658	228	0	5	0.5625	226.0	1130.0	0.0
79659	346	0	5	0.8575	96.8	484.0	0.6666666666666666
79660	72	0	5	0.1725	58.0	290.0	0.0
79661	288	0	5	0.7125	93.0	465.0	0.6666666666666666
79662	316	0	5	0.7825	137.2	686.0	0.6666666666666666
79663	309	0	5	0.765	171.8	859.0	0.3333333333333333
79664	19	0	5	0.04	17.0	85.0	0.0
79665	267	1	4	0.665	147.8	739.0	1.0
79666	121	0	5	0.295	118.6	593.0	0.0
79667	140	0	5	0.3425	70.6	353.0	0.0
79668	222	0	5	0.5475	70.0	350.0	0.3333333333333333
79669	46	0	5	0.1075	44.0	220.0	0.0
79670	396	1	4	0.9875	134.4	672.0	1.0
79671	200	0	5	0.4925	104.4	522.0	0.3333333333333333
79672	361	0	5	0.895	195.4	977.0	0.6666666666666666
79673	283	0	5	0.7	217.4	1087.0	0.3333333333333333
79674	236	0	5	0.5825	148.8	744.0	0.6666666666666666
79675	268	0	5	0.6625	199.4	997.0	0.3333333333333333
79676	318	0	5	0.7875	138.2	691.0	0.6666666666666666
79677	310	0	5	0.7675	180.2	901.0	0.0
79678	64	0	5	0.1525	62.0	310.0	0.0
79679	228	0	5	0.5625	161.2	806.0	0.0
79680	169	0	5	0.415	99.2	496.0	0.3333333333333333
79681	241	0	5	0.595	158.2	791.0	0.3333333333333333
79682	363	1	4	0.905	189.4	947.0	1.0
79683	167	0	5	0.41	121.4	607.0	0.3333333333333333
79684	255	0	5	0.63	176.2	881.0	0.3333333333333333
79685	199	0	5	0.49	197.0	985.0	0.0
79686	125	0	5	0.305	123.0	615.0	0.0
79687	274	0	5	0.6775	111.2	556.0	0.6666666666666666
79688	162	0	5	0.3975	160.0	800.0	0.0
79689	248	0	5	0.6125	88.4	442.0	0.6666666666666666
79690	208	0	5	0.5125	110.0	550.0	0.3333333333333333
79691	87	0	5	0.21	54.6	273.0	0.6666666666666666
79692	367	0	5	0.91	132.2	661.0	0.6666666666666666
79693	329	0	5	0.815	155.6	778.0	0.6666666666666666
79694	342	0	5	0.8475	278.8	1394.0	0.6666666666666666
79695	145	0	5	0.355	125.4	627.0	0.3333333333333333
79696	161	0	5	0.395	159.0	795.0	0.0
79697	190	0	5	0.4675	159.4	797.0	0.0
79698	36	0	5	0.0825	34.0	170.0	0.0
79699	50	0	5	0.1175	48.0	240.0	0.0
79700	366	0	5	0.9075	200.0	1000.0	0.3333333333333333
79701	270	1	4	0.6725	122.0	610.0	1.0
79702	247	0	5	0.61	140.2	701.0	0.3333333333333333
79703	101	0	5	0.245	99.0	495.0	0.0
79704	335	0	5	0.83	245.4	1227.0	0.3333333333333333
79705	140	0	5	0.3425	84.6	423.0	0.3333333333333333
79706	224	0	5	0.5525	106.4	532.0	0.6666666666666666
79707	279	0	5	0.69	204.8	1024.0	0.6666666666666666
79708	30	0	5	0.0675	28.0	140.0	0.0
79709	195	0	5	0.48	193.0	965.0	0.0
79710	203	0	5	0.5	97.0	485.0	0.3333333333333333
79711	143	0	5	0.35	135.0	675.0	0.0
79712	324	0	5	0.8025	93.2	466.0	0.6666666666666666
79713	226	0	5	0.5575	192.4	962.0	0.0
79714	46	0	5	0.1075	33.8	169.0	0.3333333333333333
79715	349	0	5	0.865	150.0	750.0	0.6666666666666666
79716	97	0	5	0.235	95.0	475.0	0.0
79717	219	0	5	0.54	143.0	715.0	0.3333333333333333
79718	113	0	5	0.275	111.0	555.0	0.3333333333333333
79719	177	0	5	0.435	147.8	739.0	0.3333333333333333
79720	56	0	5	0.1325	54.0	270.0	0.0
79721	237	0	5	0.585	151.4	757.0	0.3333333333333333
79722	211	0	5	0.52	180.8	904.0	0.3333333333333333
79723	200	0	5	0.4925	104.8	524.0	0.3333333333333333
79724	30	0	5	0.0675	28.0	140.0	0.0
79725	221	0	5	0.545	116.6	583.0	0.0
79726	386	0	5	0.9575	242.6	1213.0	0.6666666666666666
79727	92	0	5	0.2225	80.8	404.0	0.0
79728	233	0	5	0.575	152.2	761.0	0.3333333333333333
79729	158	0	5	0.3875	78.0	390.0	0.3333333333333333
79730	371	1	4	0.925	132.0	660.0	1.0
79731	68	0	5	0.1625	66.0	330.0	0.0
79732	131	0	5	0.32	129.0	645.0	0.0
79733	220	0	5	0.5425	202.8	1014.0	0.3333333333333333
79734	118	0	5	0.2875	97.4	487.0	0.0
79735	230	0	5	0.5675	161.8	809.0	0.6666666666666666
79736	394	0	5	0.9775	131.4	657.0	0.6666666666666666
79737	390	0	5	0.9675	333.6	1668.0	0.6666666666666666
79738	95	0	5	0.23	93.0	465.0	0.3333333333333333
79739	20	0	5	0.0425	18.0	90.0	0.0
79740	166	0	5	0.4075	164.0	820.0	0.0
79741	144	0	5	0.3525	76.4	382.0	0.6666666666666666
79742	243	0	5	0.6	169.0	845.0	0.3333333333333333
79743	144	0	5	0.3525	132.4	662.0	0.3333333333333333
79744	77	0	5	0.185	62.8	314.0	0.0
79745	98	0	5	0.2375	90.4	452.0	0.3333333333333333
79746	269	0	5	0.665	79.8	399.0	0.6666666666666666
79747	117	0	5	0.285	115.0	575.0	0.0
79748	378	0	5	0.9375	219.4	1097.0	0.0
79749	15	0	5	0.03	13.0	65.0	0.0
79750	35	0	5	0.08	27.4	137.0	0.3333333333333333
79751	245	0	5	0.605	219.6	1098.0	0.6666666666666666
79752	38	0	5	0.0875	24.8	124.0	0.3333333333333333
79753	156	0	5	0.3825	77.2	386.0	0.3333333333333333
79754	132	0	5	0.3225	130.0	650.0	0.0
79755	181	1	4	0.45	93.2	466.0	1.0
79756	381	1	4	0.95	202.4	1012.0	1.0
79757	120	0	5	0.2925	118.0	590.0	0.0
79758	119	0	5	0.29	58.2	291.0	0.3333333333333333
79759	96	0	5	0.2325	69.2	346.0	0.3333333333333333
79760	30	0	5	0.0675	20.0	100.0	0.3333333333333333
79761	241	0	5	0.595	187.4	937.0	0.3333333333333333
79762	301	0	5	0.745	146.8	734.0	0.6666666666666666
79763	242	0	5	0.5975	159.8	799.0	0.6666666666666666
79764	13	0	5	0.025	11.0	55.0	0.0
79765	135	0	5	0.33	133.0	665.0	0.0
79766	139	0	5	0.34	81.2	406.0	0.0
79767	102	0	5	0.2475	100.0	500.0	0.0
79768	132	0	5	0.3225	121.8	609.0	0.0
79769	342	1	4	0.8525	194.4	972.0	1.0
79770	338	1	4	0.8425	113.6	568.0	1.0
79771	380	0	5	0.9425	208.6	1043.0	0.6666666666666666
79772	79	0	5	0.19	77.0	385.0	0.0
79773	225	0	5	0.555	200.8	1004.0	0.3333333333333333
79774	202	0	5	0.4975	133.0	665.0	0.6666666666666666
79775	257	0	5	0.635	153.8	769.0	0.6666666666666666
79776	253	0	5	0.625	196.2	981.0	0.6666666666666666
79777	142	0	5	0.3475	78.8	394.0	0.3333333333333333
79778	3	0	5	0.0025	0.6	3.0	0.0
79779	108	0	5	0.2625	96.4	482.0	0.0
79780	31	0	5	0.07	25.4	127.0	0.6666666666666666
79781	91	0	5	0.22	56.8	284.0	0.3333333333333333
79782	198	0	5	0.4875	40.8	204.0	0.3333333333333333
79783	212	0	5	0.5225	128.8	644.0	0.3333333333333333
79784	214	0	5	0.5275	173.0	865.0	0.3333333333333333
79785	22	0	5	0.0475	20.0	100.0	0.0
79786	248	0	5	0.6125	130.6	653.0	0.3333333333333333
79787	237	1	4	0.59	66.6	333.0	1.0
79788	59	0	5	0.14	45.0	225.0	0.3333333333333333
79789	158	0	5	0.3875	109.6	548.0	0.0
79790	84	1	4	0.2075	37.0	185.0	1.0
79791	226	0	5	0.5575	127.0	635.0	0.3333333333333333
79792	265	0	5	0.655	127.6	638.0	0.3333333333333333
79793	234	0	5	0.5775	136.8	684.0	0.3333333333333333
79794	216	0	5	0.5325	77.0	385.0	0.6666666666666666
79795	279	1	4	0.695	220.0	1100.0	1.0
79796	172	0	5	0.4225	104.6	523.0	0.3333333333333333
79797	342	0	5	0.8475	268.4	1342.0	0.6666666666666666
79798	257	0	5	0.635	104.6	523.0	0.3333333333333333
79799	334	1	4	0.8325	164.8	824.0	1.0
79800	96	0	5	0.2325	80.2	401.0	0.0
79801	260	0	5	0.6425	125.2	626.0	0.3333333333333333
79802	400	0	5	0.9925	131.2	656.0	0.6666666666666666
79803	105	0	5	0.255	99.8	499.0	0.3333333333333333
79804	56	0	5	0.1325	50.4	252.0	0.3333333333333333
79805	394	0	5	0.9775	142.4	712.0	0.6666666666666666
79806	147	0	5	0.36	108.4	542.0	0.0
79807	149	0	5	0.365	147.0	735.0	0.0
79808	132	0	5	0.3225	94.4	472.0	0.0
79809	172	0	5	0.4225	121.0	605.0	0.0
79810	256	0	5	0.6325	149.2	746.0	0.3333333333333333
79811	5	0	5	0.005	3.0	15.0	0.0
79812	304	0	5	0.7525	145.2	726.0	0.6666666666666666
79813	372	0	5	0.9225	240.4	1202.0	0.6666666666666666
79814	221	0	5	0.545	145.2	726.0	0.6666666666666666
79815	281	1	4	0.7	170.6	853.0	1.0
79816	148	0	5	0.3625	60.4	302.0	0.3333333333333333
79817	86	0	5	0.2075	80.4	402.0	0.0
79818	80	0	5	0.1925	65.2	326.0	0.3333333333333333
79819	45	0	5	0.105	43.0	215.0	0.0
79820	123	0	5	0.3	73.0	365.0	0.3333333333333333
79821	198	0	5	0.4875	120.8	604.0	0.3333333333333333
79822	298	0	5	0.7375	205.2	1026.0	0.3333333333333333
79823	119	0	5	0.29	57.0	285.0	0.6666666666666666
79824	66	0	5	0.1575	19.2	96.0	0.3333333333333333
79825	374	0	5	0.9275	258.6	1293.0	0.6666666666666666
79826	133	0	5	0.325	80.2	401.0	0.3333333333333333
79827	258	0	5	0.6375	60.8	304.0	0.6666666666666666
79828	214	0	5	0.5275	68.0	340.0	0.3333333333333333
79829	4	0	5	0.0025	2.0	10.0	0.0
79830	138	0	5	0.3375	49.6	248.0	0.6666666666666666
79831	256	0	5	0.6325	200.6	1003.0	0.3333333333333333
79832	283	0	5	0.7	242.2	1211.0	0.6666666666666666
79833	259	0	5	0.64	202.2	1011.0	0.3333333333333333
79834	367	0	5	0.91	213.2	1066.0	0.3333333333333333
79835	342	0	5	0.8475	225.2	1126.0	0.6666666666666666
79836	79	0	5	0.19	77.0	385.0	0.0
79837	295	0	5	0.73	181.8	909.0	0.6666666666666666
79838	199	0	5	0.49	89.4	447.0	0.3333333333333333
79839	239	0	5	0.59	104.2	521.0	0.6666666666666666
79840	102	0	5	0.2475	73.6	368.0	0.6666666666666666
79841	220	0	5	0.5425	176.4	882.0	0.3333333333333333
79842	133	0	5	0.325	100.6	503.0	0.0
79843	77	0	5	0.185	75.0	375.0	0.0
79844	340	1	4	0.8475	134.4	672.0	1.0
79845	126	0	5	0.3075	48.8	244.0	0.3333333333333333
79846	83	0	5	0.2	75.0	375.0	0.0
79847	48	0	5	0.1125	46.0	230.0	0.0
79848	133	0	5	0.325	131.0	655.0	0.0
79849	272	0	5	0.6725	212.2	1061.0	0.6666666666666666
79850	80	0	5	0.1925	64.6	323.0	0.3333333333333333
79851	100	0	5	0.2425	94.8	474.0	0.3333333333333333
79852	32	0	5	0.0725	30.0	150.0	0.0
79853	221	0	5	0.545	136.4	682.0	0.3333333333333333
79854	12	0	5	0.0225	10.0	50.0	0.0
79855	143	0	5	0.35	53.0	265.0	0.3333333333333333
79856	210	0	5	0.5175	140.8	704.0	0.3333333333333333
79857	252	0	5	0.6225	175.0	875.0	0.6666666666666666
79858	300	0	5	0.7425	184.8	924.0	0.6666666666666666
79859	152	0	5	0.3725	124.4	622.0	0.0
79860	150	0	5	0.3675	43.2	216.0	0.3333333333333333
79861	323	1	4	0.805	91.0	455.0	1.0
79862	378	0	5	0.9375	121.8	609.0	0.6666666666666666
79863	310	1	4	0.7725	192.6	963.0	1.0
79864	217	0	5	0.535	202.8	1014.0	0.3333333333333333
79865	269	0	5	0.665	85.4	427.0	0.6666666666666666
79866	381	1	4	0.95	124.2	621.0	1.0
79867	299	0	5	0.74	232.0	1160.0	0.6666666666666666
79868	287	0	5	0.71	153.6	768.0	0.3333333333333333
79869	4	0	5	0.0025	2.0	10.0	0.0
79870	15	0	5	0.03	9.8	49.0	0.3333333333333333
79871	172	0	5	0.4225	101.8	509.0	0.6666666666666666
79872	358	0	5	0.8875	199.6	998.0	0.6666666666666666
79873	280	0	5	0.6925	136.0	680.0	0.3333333333333333
79874	368	0	5	0.9125	226.0	1130.0	0.6666666666666666
79875	68	0	5	0.1625	48.0	240.0	0.3333333333333333
79876	220	0	5	0.5425	146.8	734.0	0.0
79877	280	0	5	0.6925	98.8	494.0	0.6666666666666666
79878	376	0	5	0.9325	233.6	1168.0	0.6666666666666666
79879	229	0	5	0.565	211.0	1055.0	0.3333333333333333
79880	44	0	5	0.1025	35.4	177.0	0.3333333333333333
79881	207	1	4	0.515	97.4	487.0	1.0
79882	334	0	5	0.8275	156.2	781.0	0.6666666666666666
79883	132	0	5	0.3225	114.4	572.0	0.3333333333333333
79884	223	0	5	0.55	172.8	864.0	0.6666666666666666
79885	70	0	5	0.1675	68.0	340.0	0.0
79886	50	0	5	0.1175	44.0	220.0	0.3333333333333333
79887	210	0	5	0.5175	173.6	868.0	0.3333333333333333
79888	124	0	5	0.3025	75.8	379.0	0.0
79889	308	1	4	0.7675	254.4	1272.0	1.0
79890	333	0	5	0.825	140.6	703.0	0.6666666666666666
79891	385	0	5	0.955	140.4	702.0	0.6666666666666666
79892	256	0	5	0.6325	108.4	542.0	0.6666666666666666
79893	115	0	5	0.28	91.4	457.0	0.3333333333333333
79894	351	0	5	0.87	329.2	1646.0	0.3333333333333333
79895	62	0	5	0.1475	56.2	281.0	0.0
79896	214	0	5	0.5275	86.6	433.0	0.3333333333333333
79897	286	0	5	0.7075	195.4	977.0	0.3333333333333333
79898	38	0	5	0.0875	36.0	180.0	0.0
79899	190	1	4	0.4725	84.8	424.0	1.0
79900	197	0	5	0.485	112.6	563.0	0.6666666666666666
79901	195	0	5	0.48	108.6	543.0	0.3333333333333333
79902	332	0	5	0.8225	151.8	759.0	0.6666666666666666
79903	66	0	5	0.1575	64.0	320.0	0.0
79904	41	0	5	0.095	15.0	75.0	0.3333333333333333
79905	168	0	5	0.4125	98.8	494.0	0.3333333333333333
79906	309	0	5	0.765	127.0	635.0	0.6666666666666666
79907	167	0	5	0.41	50.0	250.0	0.6666666666666666
79908	107	0	5	0.26	88.6	443.0	0.0
79909	198	0	5	0.4875	166.4	832.0	0.3333333333333333
79910	94	0	5	0.2275	80.0	400.0	0.0
79911	251	0	5	0.62	175.4	877.0	0.3333333333333333
79912	210	0	5	0.5175	208.0	1040.0	0.0
79913	119	0	5	0.29	89.6	448.0	0.6666666666666666
79914	295	0	5	0.73	169.4	847.0	0.6666666666666666
79915	261	1	4	0.65	211.8	1059.0	1.0
79916	275	0	5	0.68	138.2	691.0	0.6666666666666666
79917	126	0	5	0.3075	114.0	570.0	0.3333333333333333
79918	319	0	5	0.79	173.0	865.0	0.6666666666666666
79919	162	0	5	0.3975	160.0	800.0	0.0
79920	252	0	5	0.6225	143.2	716.0	0.3333333333333333
79921	164	0	5	0.4025	138.0	690.0	0.0
79922	210	0	5	0.5175	58.0	290.0	0.3333333333333333
79923	388	0	5	0.9625	201.0	1005.0	0.6666666666666666
79924	79	0	5	0.19	72.2	361.0	0.6666666666666666
79925	45	1	3	0.11	34.4	172.0	1.0
79926	7	0	5	0.01	5.0	25.0	0.0
79927	228	0	5	0.5625	110.8	554.0	0.0
79928	290	0	5	0.7175	171.2	856.0	0.6666666666666666
79929	48	0	5	0.1125	19.6	98.0	0.3333333333333333
79930	378	1	4	0.9425	180.4	902.0	1.0
79931	266	1	4	0.6625	122.0	610.0	1.0
79932	300	0	5	0.7425	221.2	1106.0	0.3333333333333333
79933	97	0	5	0.235	36.2	181.0	0.3333333333333333
79934	345	0	5	0.855	151.4	757.0	0.3333333333333333
79935	163	0	5	0.4	99.4	497.0	0.3333333333333333
79936	239	0	5	0.59	159.0	795.0	0.0
79937	307	0	5	0.76	232.6	1163.0	0.6666666666666666
79938	301	0	5	0.745	213.8	1069.0	0.6666666666666666
79939	196	0	5	0.4825	101.4	507.0	0.6666666666666666
79940	227	0	5	0.56	113.0	565.0	0.6666666666666666
79941	290	1	4	0.7225	130.6	653.0	1.0
79942	252	1	4	0.6275	97.8	489.0	1.0
79943	184	0	5	0.4525	142.4	712.0	0.0
79944	394	0	5	0.9775	138.4	692.0	0.6666666666666666
79945	109	0	5	0.265	67.0	335.0	0.0
79946	59	0	5	0.14	56.8	284.0	0.3333333333333333
79947	375	0	5	0.93	191.4	957.0	0.6666666666666666
79948	151	0	5	0.37	57.4	287.0	0.3333333333333333
79949	293	0	5	0.725	126.4	632.0	0.3333333333333333
79950	376	0	5	0.9325	186.8	934.0	0.3333333333333333
79951	318	0	5	0.7875	286.0	1430.0	0.0
79952	265	0	5	0.655	134.0	670.0	0.3333333333333333
79953	151	0	5	0.37	149.0	745.0	0.0
79954	105	0	5	0.255	50.0	250.0	0.0
79955	264	1	4	0.6575	219.2	1096.0	1.0
79956	124	0	5	0.3025	45.8	229.0	0.3333333333333333
79957	368	0	5	0.9125	244.8	1224.0	0.3333333333333333
79958	386	0	5	0.9575	108.8	544.0	0.6666666666666666
79959	107	0	5	0.26	78.6	393.0	0.3333333333333333
79960	340	1	4	0.8475	92.0	460.0	1.0
79961	346	0	5	0.8575	183.4	917.0	0.6666666666666666
79962	185	0	5	0.455	149.0	745.0	0.3333333333333333
79963	209	0	5	0.515	133.2	666.0	0.3333333333333333
79964	230	0	5	0.5675	214.0	1070.0	0.3333333333333333
79965	201	0	5	0.495	95.2	476.0	0.6666666666666666
79966	55	0	5	0.13	48.2	241.0	0.3333333333333333
79967	208	0	5	0.5125	129.8	649.0	0.6666666666666666
79968	283	1	4	0.705	155.8	779.0	1.0
79969	54	0	5	0.1275	52.0	260.0	0.0
79970	293	0	5	0.725	123.4	617.0	0.0
79971	268	1	4	0.6675	166.4	832.0	1.0
79972	348	0	5	0.8625	194.0	970.0	0.6666666666666666
79973	376	0	5	0.9325	156.4	782.0	0.6666666666666666
79974	88	0	5	0.2125	57.8	289.0	0.3333333333333333
79975	291	0	5	0.72	156.0	780.0	0.6666666666666666
79976	324	0	5	0.8025	232.2	1161.0	0.6666666666666666
79977	10	0	5	0.0175	8.0	40.0	0.0
79978	195	0	5	0.48	193.0	965.0	0.0
79979	166	0	5	0.4075	160.6	803.0	0.3333333333333333
79980	155	0	5	0.38	52.2	261.0	0.3333333333333333
79981	232	0	5	0.5725	85.2	426.0	0.0
79982	396	0	5	0.9825	224.8	1124.0	0.6666666666666666
79983	47	0	5	0.11	45.0	225.0	0.0
79984	277	0	5	0.685	232.4	1162.0	0.3333333333333333
79985	72	0	5	0.1725	44.4	222.0	0.3333333333333333
79986	150	0	5	0.3675	84.4	422.0	0.3333333333333333
79987	135	0	5	0.33	133.0	665.0	0.0
79988	309	0	5	0.765	136.0	680.0	0.6666666666666666
79989	294	0	5	0.7275	132.0	660.0	0.6666666666666666
79990	198	0	5	0.4875	143.2	716.0	0.3333333333333333
79991	172	0	5	0.4225	134.4	672.0	0.6666666666666666
79992	190	0	5	0.4675	129.8	649.0	0.3333333333333333
79993	166	0	5	0.4075	98.6	493.0	0.0
79994	351	0	5	0.87	198.2	991.0	0.3333333333333333
79995	8	0	5	0.0125	6.0	30.0	0.0
79996	186	0	5	0.4575	88.0	440.0	0.0
79997	145	0	5	0.355	128.2	641.0	0.3333333333333333
79998	390	0	5	0.9675	240.4	1202.0	0.6666666666666666
79999	217	0	5	0.535	146.2	731.0	0.0
80000	95	0	5	0.23	68.4	342.0	0.3333333333333333
80001	89	0	5	0.215	44.8	224.0	0.6666666666666666
80002	49	0	5	0.115	41.8	209.0	0.0
80003	165	0	5	0.405	145.6	728.0	0.3333333333333333
80004	131	0	5	0.32	106.6	533.0	0.3333333333333333
80005	361	0	5	0.895	304.2	1521.0	0.3333333333333333
80006	279	0	5	0.69	254.4	1272.0	0.3333333333333333
80007	370	0	5	0.9175	303.6	1518.0	0.6666666666666666
80008	147	0	5	0.36	133.4	667.0	0.3333333333333333
80009	90	0	5	0.2175	22.4	112.0	0.6666666666666666
80010	195	0	5	0.48	155.0	775.0	0.3333333333333333
80011	157	0	5	0.385	155.0	775.0	0.0
80012	124	0	5	0.3025	91.6	458.0	0.3333333333333333
80013	206	1	4	0.5125	143.2	716.0	1.0
80014	28	0	5	0.0625	26.0	130.0	0.0
80015	265	0	5	0.655	160.4	802.0	0.3333333333333333
80016	304	1	4	0.7575	228.0	1140.0	1.0
80017	351	1	4	0.875	173.6	868.0	1.0
80018	300	0	5	0.7425	215.0	1075.0	0.3333333333333333
80019	171	0	5	0.42	169.0	845.0	0.0
80020	355	0	5	0.88	93.0	465.0	0.6666666666666666
80021	2	0	5	0.0	0.0	0.0	0.0
80022	261	0	5	0.645	82.6	413.0	0.6666666666666666
80023	365	0	5	0.905	237.8	1189.0	0.6666666666666666
80024	32	0	5	0.0725	30.0	150.0	0.0
80025	137	0	5	0.335	108.8	544.0	0.3333333333333333
80026	394	0	5	0.9775	283.8	1419.0	0.6666666666666666
80027	93	0	5	0.225	61.0	305.0	0.3333333333333333
80028	238	0	5	0.5875	228.2	1141.0	0.3333333333333333
80029	32	0	5	0.0725	30.0	150.0	0.0
80030	102	0	5	0.2475	45.0	225.0	0.3333333333333333
80031	272	0	5	0.6725	202.4	1012.0	0.6666666666666666
80032	298	0	5	0.7375	252.0	1260.0	0.0
80033	261	0	5	0.645	85.4	427.0	0.6666666666666666
80034	373	0	5	0.925	347.8	1739.0	0.6666666666666666
80035	114	0	5	0.2775	69.4	347.0	0.0
80036	125	0	5	0.305	119.4	597.0	0.3333333333333333
80037	25	0	5	0.055	23.0	115.0	0.0
80038	107	0	5	0.26	75.6	378.0	0.3333333333333333
80039	64	0	5	0.1525	62.0	310.0	0.0
80040	292	0	5	0.7225	123.6	618.0	0.6666666666666666
80041	208	0	5	0.5125	192.8	964.0	0.3333333333333333
80042	262	0	5	0.6475	143.6	718.0	0.6666666666666666
80043	380	0	5	0.9425	141.2	706.0	0.6666666666666666
80044	332	0	5	0.8225	223.4	1117.0	0.6666666666666666
80045	344	0	5	0.8525	194.0	970.0	0.6666666666666666
80046	251	0	5	0.62	81.4	407.0	0.6666666666666666
80047	97	0	5	0.235	95.0	475.0	0.0
80048	102	0	5	0.2475	100.0	500.0	0.0
80049	337	0	5	0.835	170.6	853.0	0.6666666666666666
80050	398	0	5	0.9875	209.6	1048.0	0.6666666666666666
80051	47	0	5	0.11	45.0	225.0	0.0
80052	235	1	4	0.585	165.2	826.0	1.0
80053	125	0	5	0.305	118.6	593.0	0.3333333333333333
80054	46	0	5	0.1075	21.6	108.0	0.3333333333333333
80055	56	0	5	0.1325	19.6	98.0	0.3333333333333333
80056	168	1	4	0.4175	166.8	834.0	1.0
80057	222	0	5	0.5475	181.2	906.0	0.3333333333333333
80058	32	0	5	0.0725	30.0	150.0	0.0
80059	236	1	4	0.5875	144.4	722.0	1.0
80060	345	0	5	0.855	319.2	1596.0	0.0
80061	397	0	5	0.985	199.4	997.0	0.6666666666666666
80062	173	0	5	0.425	129.0	645.0	0.3333333333333333
80063	151	0	5	0.37	94.4	472.0	0.3333333333333333
80064	73	0	5	0.175	71.0	355.0	0.0
80065	160	0	5	0.3925	151.6	758.0	0.6666666666666666
80066	200	0	5	0.4925	136.8	684.0	0.3333333333333333
80067	203	0	5	0.5	125.6	628.0	0.6666666666666666
80068	328	0	5	0.8125	170.0	850.0	0.6666666666666666
80069	358	0	5	0.8875	184.0	920.0	0.6666666666666666
80070	355	0	5	0.88	217.4	1087.0	0.3333333333333333
80071	273	0	5	0.675	110.2	551.0	0.3333333333333333
80072	300	0	5	0.7425	161.0	805.0	0.3333333333333333
80073	170	0	5	0.4175	124.8	624.0	0.3333333333333333
80074	182	0	5	0.4475	93.6	468.0	0.3333333333333333
80075	353	0	5	0.875	96.2	481.0	0.6666666666666666
80076	58	0	5	0.1375	48.0	240.0	0.3333333333333333
80077	379	0	5	0.94	259.4	1297.0	0.6666666666666666
80078	334	0	5	0.8275	236.6	1183.0	0.6666666666666666
80079	294	1	4	0.7325	173.4	867.0	1.0
80080	330	0	5	0.8175	176.6	883.0	0.3333333333333333
80081	41	0	5	0.095	29.4	147.0	0.3333333333333333
80082	126	0	5	0.3075	124.0	620.0	0.0
80083	333	0	5	0.825	271.2	1356.0	0.6666666666666666
80084	170	0	5	0.4175	168.0	840.0	0.0
80085	237	1	3	0.59	162.0	810.0	1.0
80086	109	0	5	0.265	92.8	464.0	0.3333333333333333
80087	348	0	5	0.8625	182.4	912.0	0.6666666666666666
80088	358	0	5	0.8875	200.8	1004.0	0.6666666666666666
80089	172	0	5	0.4225	62.2	311.0	0.6666666666666666
80090	353	0	5	0.875	235.8	1179.0	0.3333333333333333
80091	75	0	5	0.18	48.4	242.0	0.3333333333333333
80092	244	0	5	0.6025	205.6	1028.0	0.3333333333333333
80093	327	0	5	0.81	215.0	1075.0	0.6666666666666666
80094	222	0	5	0.5475	165.6	828.0	0.3333333333333333
80095	67	0	5	0.16	65.0	325.0	0.0
80096	123	0	5	0.3	121.0	605.0	0.0
80097	255	0	5	0.63	212.4	1062.0	0.6666666666666666
80098	327	0	5	0.81	231.8	1159.0	0.3333333333333333
80099	252	0	5	0.6225	188.8	944.0	0.3333333333333333
80100	325	0	5	0.805	239.4	1197.0	0.3333333333333333
80101	382	0	5	0.9475	201.4	1007.0	0.6666666666666666
80102	293	0	5	0.725	225.4	1127.0	0.3333333333333333
80103	107	0	5	0.26	67.4	337.0	0.3333333333333333
80104	370	0	5	0.9175	93.4	467.0	0.6666666666666666
80105	188	0	5	0.4625	137.6	688.0	0.3333333333333333
80106	304	0	5	0.7525	206.2	1031.0	0.3333333333333333
80107	240	0	5	0.5925	183.4	917.0	0.0
80108	125	0	5	0.305	88.2	441.0	0.0
80109	353	0	5	0.875	240.2	1201.0	0.6666666666666666
80110	334	0	5	0.8275	264.6	1323.0	0.3333333333333333
80111	199	0	5	0.49	58.0	290.0	0.6666666666666666
80112	271	0	5	0.67	158.8	794.0	0.6666666666666666
80113	397	0	5	0.985	260.2	1301.0	0.6666666666666666
80114	226	1	4	0.5625	163.0	815.0	1.0
80115	393	0	5	0.975	103.0	515.0	0.6666666666666666
80116	320	0	5	0.7925	265.2	1326.0	0.6666666666666666
80117	316	0	5	0.7825	132.8	664.0	0.6666666666666666
80118	61	0	5	0.145	42.6	213.0	0.3333333333333333
80119	20	0	5	0.0425	18.0	90.0	0.0
80120	295	0	5	0.73	265.4	1327.0	0.3333333333333333
80121	342	0	5	0.8475	212.4	1062.0	0.6666666666666666
80122	159	0	5	0.39	89.0	445.0	0.6666666666666666
80123	390	0	5	0.9675	281.6	1408.0	0.3333333333333333
80124	187	0	5	0.46	89.8	449.0	0.6666666666666666
80125	287	0	5	0.71	184.0	920.0	0.3333333333333333
80126	384	1	4	0.9575	98.4	492.0	1.0
80127	290	0	5	0.7175	267.4	1337.0	0.3333333333333333
80128	342	0	5	0.8475	217.0	1085.0	0.6666666666666666
80129	272	0	5	0.6725	208.8	1044.0	0.3333333333333333
80130	385	1	4	0.96	202.4	1012.0	1.0
80131	234	0	5	0.5775	103.6	518.0	0.6666666666666666
80132	302	0	5	0.7475	177.6	888.0	0.3333333333333333
80133	175	0	5	0.43	135.8	679.0	0.6666666666666666
80134	54	0	5	0.1275	52.0	260.0	0.0
80135	286	0	5	0.7075	179.0	895.0	0.6666666666666666
80136	42	0	5	0.0975	40.0	200.0	0.0
80137	238	1	4	0.5925	207.8	1039.0	1.0
80138	147	0	5	0.36	87.8	439.0	0.3333333333333333
80139	2	0	5	0.0	0.0	0.0	0.0
80140	325	0	5	0.805	216.0	1080.0	0.6666666666666666
80141	244	0	5	0.6025	74.4	372.0	0.0
80142	238	0	5	0.5875	109.4	547.0	0.6666666666666666
80143	129	0	5	0.315	93.4	467.0	0.0
80144	245	0	5	0.605	211.4	1057.0	0.3333333333333333
80145	394	1	4	0.9825	265.8	1329.0	1.0
80146	148	1	4	0.3675	60.0	300.0	1.0
80147	154	0	5	0.3775	124.0	620.0	0.3333333333333333
80148	268	0	5	0.6625	121.4	607.0	0.3333333333333333
80149	243	1	4	0.605	113.8	569.0	1.0
80150	76	0	5	0.1825	72.2	361.0	0.3333333333333333
80151	138	0	5	0.3375	44.6	223.0	0.6666666666666666
80152	166	0	5	0.4075	69.8	349.0	0.0
80153	304	0	5	0.7525	195.8	979.0	0.6666666666666666
80154	350	0	5	0.8675	147.4	737.0	0.6666666666666666
80155	125	0	5	0.305	74.2	371.0	0.0
80156	312	0	5	0.7725	272.2	1361.0	0.0
80157	31	0	5	0.07	29.0	145.0	0.0
80158	209	0	5	0.515	150.6	753.0	0.0
80159	219	0	5	0.54	165.8	829.0	0.3333333333333333
80160	356	0	5	0.8825	238.4	1192.0	0.6666666666666666
80161	170	0	5	0.4175	157.2	786.0	0.3333333333333333
80162	9	0	5	0.015	7.0	35.0	0.0
80163	109	0	5	0.265	81.4	407.0	0.0
80164	8	0	5	0.0125	6.0	30.0	0.0
80165	350	0	5	0.8675	141.0	705.0	0.3333333333333333
80166	189	0	5	0.465	41.4	207.0	0.3333333333333333
80167	24	0	5	0.0525	22.0	110.0	0.0
80168	375	0	5	0.93	111.6	558.0	0.6666666666666666
80169	374	1	4	0.9325	222.8	1114.0	1.0
80170	114	0	5	0.2775	111.4	557.0	0.3333333333333333
80171	71	0	5	0.17	68.4	342.0	0.0
80172	372	0	5	0.9225	194.8	974.0	0.3333333333333333
80173	20	0	5	0.0425	4.0	20.0	0.3333333333333333
80174	254	0	5	0.6275	90.8	454.0	0.6666666666666666
80175	97	0	5	0.235	62.6	313.0	0.6666666666666666
80176	97	0	5	0.235	70.6	353.0	0.0
80177	221	0	5	0.545	194.2	971.0	0.3333333333333333
80178	336	0	5	0.8325	234.2	1171.0	0.3333333333333333
80179	227	0	5	0.56	172.0	860.0	0.3333333333333333
80180	100	0	5	0.2425	60.8	304.0	0.3333333333333333
80181	165	0	5	0.405	62.2	311.0	0.6666666666666666
80182	218	0	5	0.5375	102.8	514.0	0.3333333333333333
80183	72	0	5	0.1725	70.0	350.0	0.0
80184	131	0	5	0.32	73.8	369.0	0.3333333333333333
80185	142	0	5	0.3475	113.4	567.0	0.3333333333333333
80186	346	0	5	0.8575	192.0	960.0	0.6666666666666666
80187	159	0	5	0.39	136.0	680.0	0.3333333333333333
80188	76	0	5	0.1825	74.0	370.0	0.0
80189	256	0	5	0.6325	171.6	858.0	0.3333333333333333
80190	65	0	5	0.155	63.0	315.0	0.0
80191	131	0	5	0.32	129.0	645.0	0.0
80192	64	0	5	0.1525	61.0	305.0	0.0
80193	246	1	4	0.6125	141.6	708.0	1.0
80194	281	0	5	0.695	181.0	905.0	0.3333333333333333
80195	225	0	5	0.555	61.4	307.0	0.6666666666666666
80196	89	0	5	0.215	66.0	330.0	0.3333333333333333
80197	199	0	5	0.49	147.0	735.0	0.6666666666666666
80198	77	0	5	0.185	75.0	375.0	0.0
80199	54	0	5	0.1275	52.0	260.0	0.0
80200	284	1	4	0.7075	94.2	471.0	1.0
80201	257	0	5	0.635	167.0	835.0	0.6666666666666666
80202	237	0	5	0.585	204.2	1021.0	0.3333333333333333
80203	71	0	5	0.17	69.0	345.0	0.0
80204	366	0	5	0.9075	236.0	1180.0	0.6666666666666666
80205	80	0	5	0.1925	61.2	306.0	0.3333333333333333
80206	373	0	5	0.925	202.0	1010.0	0.6666666666666666
80207	19	0	5	0.04	12.6	63.0	0.0
80208	204	0	5	0.5025	98.0	490.0	0.3333333333333333
80209	172	0	5	0.4225	128.6	643.0	0.0
80210	190	0	5	0.4675	137.6	688.0	0.0
80211	121	0	5	0.295	84.2	421.0	0.3333333333333333
80212	279	0	5	0.69	128.0	640.0	0.3333333333333333
80213	154	0	5	0.3775	81.6	408.0	0.0
80214	10	0	5	0.0175	8.0	40.0	0.0
80215	125	0	5	0.305	86.6	433.0	0.3333333333333333
80216	95	0	5	0.23	90.4	452.0	0.6666666666666666
80217	140	0	5	0.3425	113.0	565.0	0.6666666666666666
80218	236	0	5	0.5825	85.2	426.0	0.6666666666666666
80219	41	0	5	0.095	39.0	195.0	0.0
80220	57	0	5	0.135	26.2	131.0	0.3333333333333333
80221	303	0	5	0.75	143.4	717.0	0.3333333333333333
80222	232	0	5	0.5725	145.2	726.0	0.6666666666666666
80223	127	0	5	0.31	88.2	441.0	0.0
80224	100	0	5	0.2425	59.0	295.0	0.3333333333333333
80225	251	1	4	0.625	242.4	1212.0	1.0
80226	23	0	5	0.05	21.0	105.0	0.0
80227	239	0	5	0.59	94.4	472.0	0.6666666666666666
80228	28	0	5	0.0625	26.0	130.0	0.0
80229	363	1	4	0.905	266.6	1333.0	1.0
80230	131	0	5	0.32	129.0	645.0	0.0
80231	210	0	5	0.5175	91.6	458.0	0.6666666666666666
80232	198	0	5	0.4875	181.2	906.0	0.3333333333333333
80233	243	0	5	0.6	146.2	731.0	0.6666666666666666
80234	290	0	5	0.7175	178.6	893.0	0.6666666666666666
80235	257	0	5	0.635	134.6	673.0	0.6666666666666666
80236	265	0	5	0.655	185.6	928.0	0.0
80237	208	0	5	0.5125	158.8	794.0	0.3333333333333333
80238	136	0	5	0.3325	77.2	386.0	0.3333333333333333
80239	377	0	5	0.935	238.8	1194.0	0.3333333333333333
80240	108	0	5	0.2625	87.6	438.0	0.3333333333333333
80241	157	0	5	0.385	140.6	703.0	0.0
80242	108	0	5	0.2625	70.8	354.0	0.3333333333333333
80243	282	0	5	0.6975	191.2	956.0	0.3333333333333333
80244	277	0	5	0.685	158.2	791.0	0.6666666666666666
80245	306	0	5	0.7575	268.2	1341.0	0.3333333333333333
80246	215	0	5	0.53	128.8	644.0	0.3333333333333333
80247	335	0	5	0.83	170.0	850.0	0.6666666666666666
80248	240	0	5	0.5925	206.0	1030.0	0.3333333333333333
80249	312	0	5	0.7725	195.8	979.0	0.6666666666666666
80250	285	0	5	0.705	57.0	285.0	0.0
80251	218	1	4	0.5425	54.8	274.0	1.0
80252	182	1	4	0.4525	72.2	361.0	1.0
80253	144	0	5	0.3525	101.6	508.0	0.0
80254	221	0	5	0.545	209.0	1045.0	0.0
80255	358	0	5	0.8875	328.0	1640.0	0.6666666666666666
80256	50	0	5	0.1175	31.2	156.0	0.3333333333333333
80257	113	0	5	0.275	78.6	393.0	0.3333333333333333
80258	260	0	5	0.6425	160.2	801.0	0.3333333333333333
80259	380	0	5	0.9425	142.8	714.0	0.6666666666666666
80260	351	0	5	0.87	246.0	1230.0	0.6666666666666666
80261	47	0	5	0.11	45.0	225.0	0.0
80262	318	0	5	0.7875	139.6	698.0	0.6666666666666666
80263	130	0	5	0.3175	99.2	496.0	0.3333333333333333
80264	316	0	5	0.7825	129.2	646.0	0.3333333333333333
80265	136	0	5	0.3325	110.8	554.0	0.3333333333333333
80266	109	0	5	0.265	92.0	460.0	0.0
80267	368	0	5	0.9125	267.4	1337.0	0.6666666666666666
80268	225	0	5	0.555	179.4	897.0	0.3333333333333333
80269	250	1	4	0.6225	160.8	804.0	1.0
80270	212	0	5	0.5225	101.2	506.0	0.0
80271	260	0	5	0.6425	90.0	450.0	0.6666666666666666
80272	269	0	5	0.665	66.2	331.0	0.6666666666666666
80273	230	0	5	0.5675	188.6	943.0	0.3333333333333333
80274	55	0	5	0.13	53.0	265.0	0.0
80275	270	0	5	0.6675	60.0	300.0	0.6666666666666666
80276	357	0	5	0.885	183.0	915.0	0.6666666666666666
80277	181	0	5	0.445	179.0	895.0	0.0
80278	67	0	5	0.16	62.0	310.0	0.3333333333333333
80279	390	0	5	0.9675	226.4	1132.0	0.6666666666666666
80280	35	0	5	0.08	20.6	103.0	0.0
80281	315	0	5	0.78	107.0	535.0	0.6666666666666666
80282	307	0	5	0.76	178.4	892.0	0.6666666666666666
80283	393	0	5	0.975	201.4	1007.0	0.6666666666666666
80284	369	1	4	0.92	147.4	737.0	1.0
80285	79	0	5	0.19	77.0	385.0	0.0
80286	97	0	5	0.235	77.4	387.0	0.0
80287	102	0	5	0.2475	77.2	386.0	0.3333333333333333
80288	86	0	5	0.2075	84.0	420.0	0.0
80289	109	0	5	0.265	92.2	461.0	0.3333333333333333
80290	103	0	5	0.25	41.6	208.0	0.3333333333333333
80291	272	1	4	0.6775	243.0	1215.0	1.0
80292	106	0	5	0.2575	102.8	514.0	0.0
80293	97	0	5	0.235	59.0	295.0	0.3333333333333333
80294	144	0	5	0.3525	142.0	710.0	0.0
80295	225	0	5	0.555	180.2	901.0	0.0
80296	44	0	5	0.1025	29.4	147.0	0.0
80297	79	0	5	0.19	70.0	350.0	0.3333333333333333
80298	347	0	5	0.86	208.6	1043.0	0.6666666666666666
80299	318	1	4	0.7925	145.6	728.0	1.0
80300	310	1	4	0.7725	201.2	1006.0	1.0
80301	16	0	5	0.0325	10.0	50.0	0.0
80302	248	1	4	0.6175	181.2	906.0	1.0
80303	380	0	5	0.9425	133.2	666.0	0.6666666666666666
80304	130	0	5	0.3175	120.8	604.0	0.3333333333333333
80305	393	0	5	0.975	181.4	907.0	0.6666666666666666
80306	245	0	5	0.605	208.6	1043.0	0.6666666666666666
80307	248	0	5	0.6125	112.6	563.0	0.6666666666666666
80308	62	0	5	0.1475	39.6	198.0	0.3333333333333333
80309	219	1	4	0.545	83.0	415.0	1.0
80310	305	1	4	0.76	192.2	961.0	1.0
80311	107	0	5	0.26	64.8	324.0	0.0
80312	124	0	5	0.3025	64.4	322.0	0.0
80313	234	0	5	0.5775	185.0	925.0	0.3333333333333333
80314	131	0	5	0.32	101.8	509.0	0.3333333333333333
80315	63	0	5	0.15	45.4	227.0	0.3333333333333333
80316	89	0	5	0.215	69.4	347.0	0.3333333333333333
80317	365	0	5	0.905	316.8	1584.0	0.6666666666666666
80318	166	0	5	0.4075	144.0	720.0	0.3333333333333333
80319	316	0	5	0.7825	156.6	783.0	0.3333333333333333
80320	150	0	5	0.3675	98.8	494.0	0.0
80321	144	0	5	0.3525	54.6	273.0	0.6666666666666666
80322	138	0	5	0.3375	130.4	652.0	0.3333333333333333
80323	173	0	5	0.425	137.6	688.0	0.6666666666666666
80324	167	0	5	0.41	136.2	681.0	0.6666666666666666
80325	328	0	5	0.8125	83.6	418.0	0.6666666666666666
80326	184	0	5	0.4525	162.8	814.0	0.6666666666666666
80327	42	0	5	0.0975	35.2	176.0	0.0
80328	218	0	5	0.5375	150.6	753.0	0.3333333333333333
80329	306	1	4	0.7625	136.8	684.0	1.0
80330	140	0	5	0.3425	114.8	574.0	0.0
80331	54	0	5	0.1275	52.0	260.0	0.0
80332	193	0	5	0.475	65.6	328.0	0.6666666666666666
80333	186	0	5	0.4575	178.6	893.0	0.0
80334	339	1	4	0.845	262.4	1312.0	1.0
80335	360	0	5	0.8925	203.6	1018.0	0.6666666666666666
80336	157	0	5	0.385	67.8	339.0	0.3333333333333333
80337	85	0	5	0.205	83.0	415.0	0.0
80338	357	1	4	0.89	266.8	1334.0	1.0
80339	383	1	4	0.955	135.0	675.0	1.0
80340	251	0	5	0.62	188.8	944.0	0.3333333333333333
80341	63	0	5	0.15	61.0	305.0	0.0
80342	368	0	5	0.9125	95.2	476.0	0.3333333333333333
80343	197	0	5	0.485	66.0	330.0	0.6666666666666666
80344	239	0	5	0.59	174.8	874.0	0.6666666666666666
80345	137	0	5	0.335	102.0	510.0	0.0
80346	314	0	5	0.7775	180.8	904.0	0.3333333333333333
80347	187	0	5	0.46	62.0	310.0	0.3333333333333333
80348	162	0	5	0.3975	144.8	724.0	0.3333333333333333
80349	340	1	4	0.8475	89.6	448.0	1.0
80350	274	0	5	0.6775	106.8	534.0	0.6666666666666666
80351	379	0	5	0.94	182.8	914.0	0.3333333333333333
80352	244	0	5	0.6025	115.6	578.0	0.3333333333333333
80353	78	0	5	0.1875	76.0	380.0	0.0
80354	99	0	5	0.24	55.8	279.0	0.3333333333333333
80355	325	0	5	0.805	191.4	957.0	0.6666666666666666
80356	126	0	5	0.3075	65.8	329.0	0.6666666666666666
80357	129	0	5	0.315	114.4	572.0	0.0
80358	292	0	5	0.7225	233.2	1166.0	0.6666666666666666
80359	44	0	5	0.1025	38.4	192.0	0.0
80360	182	0	5	0.4475	79.2	396.0	0.3333333333333333
80361	225	0	5	0.555	127.6	638.0	0.3333333333333333
80362	247	0	5	0.61	245.0	1225.0	0.3333333333333333
80363	228	0	5	0.5625	166.4	832.0	0.0
80364	134	0	5	0.3275	67.2	336.0	0.3333333333333333
80365	149	0	5	0.365	87.0	435.0	0.3333333333333333
80366	176	0	5	0.4325	100.4	502.0	0.0
80367	24	0	5	0.0525	6.0	30.0	0.0
80368	320	0	5	0.7925	154.0	770.0	0.6666666666666666
80369	252	0	5	0.6225	211.6	1058.0	0.3333333333333333
80370	226	1	4	0.5625	135.6	678.0	1.0
80371	173	0	5	0.425	139.4	697.0	0.3333333333333333
80372	239	0	5	0.59	179.0	895.0	0.3333333333333333
80373	55	0	5	0.13	53.0	265.0	0.0
80374	288	0	5	0.7125	118.8	594.0	0.6666666666666666
80375	90	0	5	0.2175	42.4	212.0	0.0
80376	270	0	5	0.6675	206.0	1030.0	0.6666666666666666
80377	197	0	5	0.485	103.8	519.0	0.3333333333333333
80378	294	0	5	0.7275	142.2	711.0	0.6666666666666666
80379	11	0	5	0.02	9.0	45.0	0.0
80380	191	1	3	0.475	151.6	758.0	1.0
80381	107	0	5	0.26	64.6	323.0	0.6666666666666666
80382	321	0	5	0.795	198.4	992.0	0.3333333333333333
80383	187	0	5	0.46	65.4	327.0	0.3333333333333333
80384	63	0	5	0.15	61.0	305.0	0.0
80385	301	0	5	0.745	143.0	715.0	0.6666666666666666
80386	230	0	5	0.5675	114.2	571.0	0.3333333333333333
80387	293	0	5	0.725	83.8	419.0	0.6666666666666666
80388	254	0	5	0.6275	216.0	1080.0	0.3333333333333333
80389	279	0	5	0.69	171.0	855.0	0.3333333333333333
80390	341	0	5	0.845	223.8	1119.0	0.6666666666666666
80391	140	0	5	0.3425	121.0	605.0	0.3333333333333333
80392	263	0	5	0.65	186.2	931.0	0.3333333333333333
80393	296	1	4	0.7375	210.4	1052.0	1.0
80394	308	1	4	0.7675	251.0	1255.0	1.0
80395	253	0	5	0.625	128.0	640.0	0.0
80396	332	0	5	0.8225	232.4	1162.0	0.3333333333333333
80397	186	0	5	0.4575	180.0	900.0	0.3333333333333333
80398	348	0	5	0.8625	232.4	1162.0	0.6666666666666666
80399	42	0	5	0.0975	40.0	200.0	0.0
80400	235	0	5	0.58	72.2	361.0	0.6666666666666666
80401	145	0	5	0.355	114.2	571.0	0.3333333333333333
80402	143	0	5	0.35	127.8	639.0	0.3333333333333333
80403	333	0	5	0.825	198.0	990.0	0.6666666666666666
80404	284	0	5	0.7025	159.6	798.0	0.3333333333333333
80405	50	0	5	0.1175	48.0	240.0	0.0
80406	181	0	5	0.445	125.6	628.0	0.3333333333333333
80407	234	0	5	0.5775	145.6	728.0	0.6666666666666666
80408	139	0	5	0.34	77.6	388.0	0.3333333333333333
80409	58	0	5	0.1375	56.0	280.0	0.0
80410	330	0	5	0.8175	254.8	1274.0	0.6666666666666666
80411	268	0	5	0.6625	174.0	870.0	0.6666666666666666
80412	331	0	5	0.82	282.2	1411.0	0.3333333333333333
80413	345	0	5	0.855	245.2	1226.0	0.6666666666666666
80414	112	0	5	0.2725	48.0	240.0	0.0
80415	143	0	5	0.35	140.2	701.0	0.3333333333333333
80416	40	0	5	0.0925	36.4	182.0	0.3333333333333333
80417	203	0	5	0.5	98.8	494.0	0.3333333333333333
80418	122	0	5	0.2975	43.8	219.0	0.3333333333333333
80419	52	0	5	0.1225	40.4	202.0	0.3333333333333333
80420	311	0	5	0.77	261.8	1309.0	0.3333333333333333
80421	89	0	5	0.215	73.4	367.0	0.3333333333333333
80422	45	0	5	0.105	20.8	104.0	0.0
80423	251	0	5	0.62	112.8	564.0	0.0
80424	398	1	4	0.9925	281.6	1408.0	1.0
80425	141	0	5	0.345	100.6	503.0	0.0
80426	256	0	5	0.6325	223.8	1119.0	0.6666666666666666
80427	118	0	5	0.2875	74.8	374.0	0.6666666666666666
80428	317	0	5	0.785	145.0	725.0	0.6666666666666666
80429	60	0	5	0.1425	29.2	146.0	0.3333333333333333
80430	6	0	5	0.0075	4.0	20.0	0.0
80431	281	1	4	0.7	269.4	1347.0	1.0
80432	145	0	5	0.355	75.4	377.0	0.6666666666666666
80433	121	0	5	0.295	71.6	358.0	0.3333333333333333
80434	188	0	5	0.4625	87.6	438.0	0.0
80435	251	0	5	0.62	153.4	767.0	0.3333333333333333
80436	22	0	5	0.0475	20.0	100.0	0.0
80437	315	0	5	0.78	268.6	1343.0	0.0
80438	401	0	4	0.9975	287.6	1438.0	0.6666666666666666
80439	142	0	5	0.3475	121.2	606.0	0.3333333333333333
80440	364	0	5	0.9025	156.4	782.0	0.6666666666666666
80441	377	1	4	0.94	316.2	1581.0	1.0
80442	131	0	5	0.32	97.2	486.0	0.3333333333333333
80443	196	0	5	0.4825	106.4	532.0	0.3333333333333333
80444	330	0	5	0.8175	140.6	703.0	0.6666666666666666
80445	244	0	5	0.6025	197.6	988.0	0.6666666666666666
80446	246	0	5	0.6075	140.2	701.0	0.3333333333333333
80447	313	1	4	0.78	121.8	609.0	1.0
80448	123	0	5	0.3	88.0	440.0	0.6666666666666666
80449	28	0	5	0.0625	26.0	130.0	0.0
80450	301	0	5	0.745	79.8	399.0	0.6666666666666666
80451	273	1	4	0.68	169.8	849.0	1.0
80452	80	0	5	0.1925	78.0	390.0	0.0
80453	210	0	5	0.5175	167.2	836.0	0.0
80454	220	0	5	0.5425	123.8	619.0	0.3333333333333333
80455	191	0	5	0.47	141.2	706.0	0.3333333333333333
80456	100	0	5	0.2425	98.0	490.0	0.0
80457	109	0	5	0.265	107.0	535.0	0.0
80458	370	0	5	0.9175	142.0	710.0	0.6666666666666666
80459	267	0	5	0.66	125.4	627.0	0.6666666666666666
80460	43	0	5	0.1	24.2	121.0	0.3333333333333333
80461	399	0	5	0.99	206.8	1034.0	0.6666666666666666
80462	19	0	5	0.04	17.0	85.0	0.0
80463	385	1	4	0.96	298.2	1491.0	1.0
80464	121	0	5	0.295	119.0	595.0	0.0
80465	120	0	5	0.2925	68.8	344.0	0.3333333333333333
80466	281	0	5	0.695	160.6	803.0	0.3333333333333333
80467	58	0	5	0.1375	50.0	250.0	0.0
80468	115	0	5	0.28	103.8	519.0	0.3333333333333333
80469	85	0	5	0.205	83.0	415.0	0.3333333333333333
80470	276	0	5	0.6825	238.0	1190.0	0.3333333333333333
80471	86	0	5	0.2075	54.0	270.0	0.0
80472	231	0	5	0.57	113.2	566.0	0.3333333333333333
80473	121	0	5	0.295	108.2	541.0	0.3333333333333333
80474	328	1	4	0.8175	137.0	685.0	1.0
80475	4	0	5	0.0025	2.0	10.0	0.0
80476	300	0	5	0.7425	187.6	938.0	0.3333333333333333
80477	395	0	5	0.98	217.4	1087.0	0.6666666666666666
80478	387	0	5	0.96	255.8	1279.0	0.6666666666666666
80479	245	0	5	0.605	114.4	572.0	0.6666666666666666
80480	220	0	5	0.5425	205.4	1027.0	0.3333333333333333
80481	97	0	5	0.235	92.2	461.0	0.3333333333333333
80482	17	0	5	0.035	3.0	15.0	0.3333333333333333
80483	126	0	5	0.3075	38.4	192.0	0.6666666666666666
80484	270	0	5	0.6675	194.8	974.0	0.3333333333333333
80485	384	0	5	0.9525	115.6	578.0	0.6666666666666666
80486	349	0	5	0.865	173.6	868.0	0.6666666666666666
80487	240	0	5	0.5925	126.4	632.0	0.0
80488	106	0	5	0.2575	67.6	338.0	0.0
80489	380	0	5	0.9425	339.8	1699.0	0.6666666666666666
80490	185	1	4	0.46	148.8	744.0	1.0
80491	71	0	5	0.17	29.8	149.0	0.0
80492	144	0	5	0.3525	140.2	701.0	0.0
80493	185	0	5	0.455	103.0	515.0	0.3333333333333333
80494	166	0	5	0.4075	95.0	475.0	0.0
80495	6	0	5	0.0075	4.0	20.0	0.0
80496	187	0	5	0.46	183.4	917.0	0.0
80497	315	0	5	0.78	123.2	616.0	0.3333333333333333
80498	129	0	5	0.315	127.0	635.0	0.0
80499	209	0	5	0.515	143.4	717.0	0.3333333333333333
80500	267	0	5	0.66	147.4	737.0	0.3333333333333333
80501	185	0	5	0.455	106.8	534.0	0.3333333333333333
80502	275	0	5	0.68	95.4	477.0	0.6666666666666666
80503	15	0	5	0.03	13.0	65.0	0.0
80504	180	0	5	0.4425	112.0	560.0	0.6666666666666666
80505	330	1	4	0.8225	133.4	667.0	1.0
80506	204	0	5	0.5025	157.6	788.0	0.3333333333333333
80507	220	0	5	0.5425	81.0	405.0	0.6666666666666666
80508	162	0	5	0.3975	60.4	302.0	0.0
80509	243	0	5	0.6	101.8	509.0	0.6666666666666666
80510	132	0	5	0.3225	65.2	326.0	0.3333333333333333
80511	351	0	5	0.87	192.0	960.0	0.3333333333333333
80512	138	0	5	0.3375	37.6	188.0	0.3333333333333333
80513	222	1	4	0.5525	103.4	517.0	1.0
80514	184	0	5	0.4525	84.0	420.0	0.3333333333333333
80515	269	1	4	0.67	85.0	425.0	1.0
80516	8	0	5	0.0125	6.0	30.0	0.0
80517	209	1	4	0.52	83.6	418.0	1.0
80518	42	0	5	0.0975	18.8	94.0	0.3333333333333333
80519	246	0	5	0.6075	52.4	262.0	0.3333333333333333
80520	190	0	5	0.4675	80.0	400.0	0.3333333333333333
80521	299	0	5	0.74	226.2	1131.0	0.6666666666666666
80522	132	0	5	0.3225	129.6	648.0	0.3333333333333333
80523	103	0	5	0.25	101.0	505.0	0.0
80524	361	1	4	0.9	272.8	1364.0	1.0
80525	235	0	5	0.58	184.0	920.0	0.0
80526	275	0	5	0.68	198.6	993.0	0.6666666666666666
80527	314	0	5	0.7775	209.4	1047.0	0.6666666666666666
80528	349	0	5	0.865	227.6	1138.0	0.6666666666666666
80529	188	0	5	0.4625	89.2	446.0	0.3333333333333333
80530	220	0	5	0.5425	218.0	1090.0	0.0
80531	212	1	4	0.5275	139.6	698.0	1.0
80532	79	0	5	0.19	77.0	385.0	0.0
80533	335	0	5	0.83	94.6	473.0	0.6666666666666666
80534	99	1	3	0.245	73.2	366.0	1.0
80535	223	0	5	0.55	148.6	743.0	0.3333333333333333
80536	200	0	5	0.4925	82.0	410.0	0.6666666666666666
80537	254	0	5	0.6275	216.4	1082.0	0.6666666666666666
80538	133	0	5	0.325	57.8	289.0	0.3333333333333333
80539	340	0	5	0.8425	254.6	1273.0	0.6666666666666666
80540	261	0	5	0.645	121.6	608.0	0.0
80541	304	0	5	0.7525	123.6	618.0	0.3333333333333333
80542	227	0	5	0.56	45.2	226.0	0.6666666666666666
80543	47	0	5	0.11	37.2	186.0	0.0
80544	98	0	5	0.2375	96.0	480.0	0.0
80545	189	0	5	0.465	113.0	565.0	0.3333333333333333
80546	313	0	5	0.775	262.2	1311.0	0.6666666666666666
80547	50	0	5	0.1175	39.2	196.0	0.3333333333333333
80548	66	0	5	0.1575	46.0	230.0	0.3333333333333333
80549	186	0	5	0.4575	182.8	914.0	0.0
80550	278	0	5	0.6875	132.6	663.0	0.6666666666666666
80551	50	0	5	0.1175	20.8	104.0	0.3333333333333333
80552	401	0	5	0.995	251.8	1259.0	0.6666666666666666
80553	302	0	5	0.7475	148.2	741.0	0.6666666666666666
80554	50	0	5	0.1175	48.0	240.0	0.0
80555	161	0	5	0.395	159.0	795.0	0.0
80556	188	0	5	0.4625	61.8	309.0	0.3333333333333333
80557	170	0	5	0.4175	166.4	832.0	0.6666666666666666
80558	243	0	5	0.6	118.6	593.0	0.6666666666666666
80559	169	0	5	0.415	90.2	451.0	0.3333333333333333
80560	214	0	5	0.5275	204.2	1021.0	0.3333333333333333
80561	240	0	5	0.5925	207.6	1038.0	0.0
80562	373	1	4	0.93	161.4	807.0	1.0
80563	242	1	4	0.6025	98.0	490.0	1.0
80564	273	0	5	0.675	186.6	933.0	0.3333333333333333
80565	187	0	5	0.46	118.2	591.0	0.0
80566	344	0	5	0.8525	317.2	1586.0	0.3333333333333333
80567	342	1	4	0.8525	201.6	1008.0	1.0
80568	144	0	5	0.3525	140.4	702.0	0.3333333333333333
80569	82	0	5	0.1975	80.0	400.0	0.0
80570	6	0	5	0.0075	4.0	20.0	0.0
80571	347	1	4	0.865	187.8	939.0	1.0
80572	304	0	5	0.7525	159.6	798.0	0.3333333333333333
80573	312	0	5	0.7725	255.2	1276.0	0.3333333333333333
80574	109	0	5	0.265	75.2	376.0	0.0
80575	376	0	5	0.9325	200.2	1001.0	0.6666666666666666
80576	77	0	5	0.185	30.2	151.0	0.3333333333333333
80577	321	0	5	0.795	245.4	1227.0	0.3333333333333333
80578	347	0	5	0.86	226.4	1132.0	0.6666666666666666
80579	245	0	5	0.605	229.6	1148.0	0.3333333333333333
80580	34	0	5	0.0775	32.0	160.0	0.0
80581	226	0	5	0.5575	72.0	360.0	0.3333333333333333
80582	276	1	4	0.6875	144.0	720.0	1.0
80583	262	0	5	0.6475	141.0	705.0	0.6666666666666666
80584	153	0	5	0.375	151.0	755.0	0.0
80585	6	0	5	0.0075	4.0	20.0	0.0
80586	209	0	5	0.515	106.8	534.0	0.6666666666666666
80587	362	0	5	0.8975	172.0	860.0	0.6666666666666666
80588	83	0	5	0.2	81.0	405.0	0.0
80589	303	0	5	0.75	117.4	587.0	0.6666666666666666
80590	369	0	5	0.915	211.2	1056.0	0.6666666666666666
80591	111	0	5	0.27	109.0	545.0	0.0
80592	299	0	5	0.74	187.8	939.0	0.3333333333333333
80593	291	0	5	0.72	256.4	1282.0	0.0
80594	257	0	5	0.635	78.4	392.0	0.3333333333333333
80595	241	0	5	0.595	232.4	1162.0	0.3333333333333333
80596	259	1	4	0.645	72.6	363.0	1.0
80597	292	0	5	0.7225	192.4	962.0	0.6666666666666666
80598	123	1	4	0.305	47.2	236.0	1.0
80599	190	0	5	0.4675	159.6	798.0	0.0
80600	377	0	5	0.935	301.2	1506.0	0.6666666666666666
80601	353	1	4	0.88	177.0	885.0	1.0
80602	264	0	5	0.6525	193.6	968.0	0.6666666666666666
80603	230	0	5	0.5675	60.0	300.0	0.3333333333333333
80604	98	0	5	0.2375	50.4	252.0	0.3333333333333333
80605	203	0	5	0.5	167.8	839.0	0.0
80606	375	0	5	0.93	129.8	649.0	0.6666666666666666
80607	203	0	5	0.5	125.8	629.0	0.3333333333333333
80608	210	0	5	0.5175	108.4	542.0	0.3333333333333333
80609	301	0	5	0.745	170.2	851.0	0.3333333333333333
80610	276	0	5	0.6825	246.2	1231.0	0.6666666666666666
80611	293	0	5	0.725	232.6	1163.0	0.6666666666666666
80612	26	0	5	0.0575	24.0	120.0	0.0
80613	83	0	5	0.2	81.0	405.0	0.3333333333333333
80614	177	1	4	0.44	93.0	465.0	1.0
80615	198	0	5	0.4875	100.8	504.0	0.6666666666666666
80616	285	0	5	0.705	167.6	838.0	0.0
80617	303	0	5	0.75	277.4	1387.0	0.3333333333333333
80618	80	0	5	0.1925	38.4	192.0	0.0
80619	215	0	5	0.53	111.0	555.0	0.6666666666666666
80620	174	0	5	0.4275	170.8	854.0	0.3333333333333333
80621	72	0	5	0.1725	40.2	201.0	0.3333333333333333
80622	31	0	5	0.07	22.0	110.0	0.0
80623	23	0	5	0.05	21.0	105.0	0.0
80624	198	0	5	0.4875	100.0	500.0	0.6666666666666666
80625	50	0	5	0.1175	48.0	240.0	0.0
80626	46	0	5	0.1075	22.4	112.0	0.0
80627	381	0	5	0.945	157.4	787.0	0.6666666666666666
80628	57	0	5	0.135	55.0	275.0	0.0
80629	316	1	4	0.7875	173.4	867.0	1.0
80630	249	1	4	0.62	135.8	679.0	1.0
80631	219	1	4	0.545	169.4	847.0	1.0
80632	211	0	5	0.52	157.8	789.0	0.0
80633	197	0	5	0.485	110.6	553.0	0.3333333333333333
80634	117	0	5	0.285	113.2	566.0	0.0
80635	245	0	5	0.605	132.0	660.0	0.3333333333333333
80636	321	0	5	0.795	207.0	1035.0	0.6666666666666666
80637	118	0	5	0.2875	27.2	136.0	0.3333333333333333
80638	383	0	5	0.95	281.4	1407.0	0.6666666666666666
80639	372	0	5	0.9225	217.2	1086.0	0.6666666666666666
80640	143	0	5	0.35	73.0	365.0	0.6666666666666666
80641	132	0	5	0.3225	102.4	512.0	0.3333333333333333
80642	318	0	5	0.7875	123.6	618.0	0.3333333333333333
80643	310	1	4	0.7725	134.4	672.0	1.0
80644	21	0	5	0.045	19.0	95.0	0.0
80645	182	0	5	0.4475	172.8	864.0	0.3333333333333333
80646	12	0	5	0.0225	10.0	50.0	0.0
80647	16	0	5	0.0325	14.0	70.0	0.0
80648	292	1	4	0.7275	190.6	953.0	1.0
80649	26	0	5	0.0575	21.6	108.0	0.0
80650	143	0	5	0.35	118.4	592.0	0.6666666666666666
80651	274	0	5	0.6775	181.0	905.0	0.3333333333333333
80652	227	0	5	0.56	74.6	373.0	0.6666666666666666
80653	201	0	5	0.495	96.6	483.0	0.6666666666666666
80654	206	0	5	0.5075	100.8	504.0	0.6666666666666666
80655	100	0	5	0.2425	73.2	366.0	0.3333333333333333
80656	353	0	5	0.875	115.2	576.0	0.6666666666666666
80657	242	1	4	0.6025	148.8	744.0	1.0
80658	21	0	5	0.045	19.0	95.0	0.0
80659	375	1	4	0.935	136.8	684.0	1.0
80660	208	1	4	0.5175	126.8	634.0	1.0
80661	173	0	5	0.425	119.4	597.0	0.3333333333333333
80662	314	0	5	0.7775	236.4	1182.0	0.0
80663	383	0	5	0.95	246.2	1231.0	0.6666666666666666
80664	107	0	5	0.26	99.4	497.0	0.3333333333333333
80665	358	1	4	0.8925	147.6	738.0	1.0
80666	41	0	5	0.095	39.0	195.0	0.0
80667	45	0	5	0.105	43.0	215.0	0.0
80668	364	0	5	0.9025	226.0	1130.0	0.6666666666666666
80669	308	0	5	0.7625	185.2	926.0	0.3333333333333333
80670	300	1	3	0.7475	156.4	782.0	1.0
80671	57	0	5	0.135	55.0	275.0	0.0
80672	251	1	4	0.625	188.6	943.0	1.0
80673	197	0	5	0.485	193.8	969.0	0.3333333333333333
80674	88	1	4	0.2175	32.8	164.0	1.0
80675	229	0	5	0.565	101.6	508.0	0.6666666666666666
80676	269	0	5	0.665	103.0	515.0	0.3333333333333333
80677	261	0	5	0.645	188.0	940.0	0.3333333333333333
80678	42	0	5	0.0975	40.0	200.0	0.0
80679	55	0	5	0.13	53.0	265.0	0.3333333333333333
80680	268	1	4	0.6675	181.6	908.0	1.0
80681	56	0	5	0.1325	47.2	236.0	0.0
80682	103	0	5	0.25	97.4	487.0	0.0
80683	251	0	5	0.62	167.0	835.0	0.3333333333333333
80684	256	0	5	0.6325	242.8	1214.0	0.3333333333333333
80685	271	0	5	0.67	150.6	753.0	0.3333333333333333
80686	315	0	5	0.78	168.4	842.0	0.6666666666666666
80687	356	0	5	0.8825	235.2	1176.0	0.6666666666666666
80688	71	0	5	0.17	69.0	345.0	0.0
80689	157	0	5	0.385	148.6	743.0	0.3333333333333333
80690	190	0	5	0.4675	71.2	356.0	0.3333333333333333
80691	196	0	5	0.4825	194.0	970.0	0.0
80692	230	0	5	0.5675	173.0	865.0	0.6666666666666666
80693	173	0	5	0.425	69.8	349.0	0.3333333333333333
80694	59	0	5	0.14	55.8	279.0	0.3333333333333333
80695	168	0	5	0.4125	147.6	738.0	0.6666666666666666
80696	130	0	5	0.3175	44.0	220.0	0.6666666666666666
80697	18	0	5	0.0375	16.0	80.0	0.0
80698	136	0	5	0.3325	116.4	582.0	0.0
80699	313	0	5	0.775	128.6	643.0	0.6666666666666666
80700	247	0	5	0.61	156.2	781.0	0.3333333333333333
80701	220	0	5	0.5425	186.2	931.0	0.3333333333333333
80702	225	0	5	0.555	198.2	991.0	0.0
80703	94	0	5	0.2275	71.8	359.0	0.0
80704	304	0	5	0.7525	221.0	1105.0	0.6666666666666666
80705	19	0	5	0.04	11.0	55.0	0.0
80706	389	1	4	0.97	78.2	391.0	1.0
80707	298	1	4	0.7425	153.4	767.0	1.0
80708	271	0	5	0.67	117.0	585.0	0.3333333333333333
80709	94	1	4	0.2325	67.4	337.0	1.0
80710	108	0	5	0.2625	88.6	443.0	0.0
80711	175	0	5	0.43	153.6	768.0	0.0
80712	38	0	5	0.0875	36.0	180.0	0.0
80713	267	0	5	0.66	183.4	917.0	0.3333333333333333
80714	200	0	5	0.4925	112.2	561.0	0.3333333333333333
80715	260	0	5	0.6425	143.6	718.0	0.6666666666666666
80716	345	0	5	0.855	124.2	621.0	0.6666666666666666
80717	339	1	4	0.845	92.6	463.0	1.0
80718	250	1	4	0.6225	150.4	752.0	1.0
80719	299	0	5	0.74	189.2	946.0	0.6666666666666666
80720	207	0	5	0.51	164.6	823.0	0.6666666666666666
80721	276	0	5	0.6825	184.6	923.0	0.3333333333333333
80722	94	0	5	0.2275	44.6	223.0	0.3333333333333333
80723	244	0	5	0.6025	242.0	1210.0	0.3333333333333333
80724	118	0	5	0.2875	92.0	460.0	0.3333333333333333
80725	188	0	5	0.4625	139.6	698.0	0.0
80726	285	0	5	0.705	71.0	355.0	0.6666666666666666
80727	235	0	5	0.58	170.2	851.0	0.6666666666666666
80728	264	1	4	0.6575	103.0	515.0	1.0
80729	270	1	4	0.6725	126.0	630.0	1.0
80730	147	0	5	0.36	145.0	725.0	0.0
80731	340	1	4	0.8475	162.4	812.0	1.0
80732	78	0	5	0.1875	63.6	318.0	0.3333333333333333
80733	24	0	5	0.0525	22.0	110.0	0.0
80734	118	0	5	0.2875	110.0	550.0	0.0
80735	73	0	5	0.175	54.2	271.0	0.3333333333333333
80736	224	0	5	0.5525	153.2	766.0	0.3333333333333333
80737	392	0	5	0.9725	109.6	548.0	0.6666666666666666
80738	230	0	5	0.5675	95.2	476.0	0.3333333333333333
80739	220	0	5	0.5425	111.2	556.0	0.3333333333333333
80740	361	0	5	0.895	159.2	796.0	0.6666666666666666
80741	161	0	5	0.395	129.6	648.0	0.3333333333333333
80742	67	0	5	0.16	56.2	281.0	0.3333333333333333
80743	53	0	5	0.125	51.0	255.0	0.0
80744	322	0	5	0.7975	116.4	582.0	0.6666666666666666
80745	171	0	5	0.42	122.6	613.0	0.3333333333333333
80746	22	0	5	0.0475	11.2	56.0	0.3333333333333333
80747	153	0	5	0.375	138.8	694.0	0.3333333333333333
80748	388	0	5	0.9625	122.8	614.0	0.6666666666666666
80749	362	1	4	0.9025	245.2	1226.0	1.0
80750	113	0	5	0.275	111.0	555.0	0.0
80751	392	0	5	0.9725	208.8	1044.0	0.6666666666666666
80752	241	0	5	0.595	74.6	373.0	0.6666666666666666
80753	67	0	5	0.16	65.0	325.0	0.0
80754	199	0	5	0.49	191.6	958.0	0.3333333333333333
80755	27	0	5	0.06	25.0	125.0	0.0
80756	389	0	5	0.965	229.4	1147.0	0.6666666666666666
80757	206	0	5	0.5075	194.6	973.0	0.3333333333333333
80758	160	0	5	0.3925	110.0	550.0	0.3333333333333333
80759	141	0	5	0.345	45.4	227.0	0.3333333333333333
80760	45	0	5	0.105	37.0	185.0	0.0
80761	82	0	5	0.1975	64.0	320.0	0.0
80762	156	0	5	0.3825	104.4	522.0	0.6666666666666666
80763	116	0	5	0.2825	35.6	178.0	0.3333333333333333
80764	399	0	5	0.99	294.4	1472.0	0.6666666666666666
80765	325	0	5	0.805	105.6	528.0	0.3333333333333333
80766	120	0	5	0.2925	72.4	362.0	0.0
80767	126	0	5	0.3075	78.8	394.0	0.3333333333333333
80768	236	0	5	0.5825	143.6	718.0	0.3333333333333333
80769	119	1	4	0.295	45.4	227.0	1.0
80770	94	0	5	0.2275	75.2	376.0	0.3333333333333333
80771	158	0	5	0.3875	94.4	472.0	0.3333333333333333
80772	251	0	5	0.62	175.6	878.0	0.6666666666666666
80773	56	0	5	0.1325	54.0	270.0	0.0
80774	305	0	5	0.755	260.2	1301.0	0.6666666666666666
80775	55	0	5	0.13	53.0	265.0	0.0
80776	205	0	5	0.505	122.0	610.0	0.6666666666666666
80777	229	0	5	0.565	121.0	605.0	0.3333333333333333
80778	98	0	5	0.2375	96.0	480.0	0.3333333333333333
80779	131	0	5	0.32	118.8	594.0	0.3333333333333333
80780	359	1	4	0.895	162.2	811.0	1.0
80781	383	0	5	0.95	252.0	1260.0	0.6666666666666666
80782	111	0	5	0.27	48.8	244.0	0.3333333333333333
80783	319	0	5	0.79	108.4	542.0	0.3333333333333333
80784	38	0	5	0.0875	36.0	180.0	0.0
80785	350	0	5	0.8675	192.0	960.0	0.3333333333333333
80786	120	0	5	0.2925	64.8	324.0	0.6666666666666666
80787	199	1	4	0.495	109.4	547.0	1.0
80788	92	1	3	0.2275	46.4	232.0	1.0
80789	213	0	5	0.525	85.4	427.0	0.3333333333333333
80790	147	0	5	0.36	83.2	416.0	0.3333333333333333
80791	247	1	4	0.615	148.0	740.0	1.0
80792	231	0	5	0.57	193.4	967.0	0.0
80793	224	0	5	0.5525	97.6	488.0	0.3333333333333333
80794	139	0	5	0.34	67.0	335.0	0.3333333333333333
80795	343	0	5	0.85	200.6	1003.0	0.6666666666666666
80796	308	1	4	0.7675	229.0	1145.0	1.0
80797	276	1	4	0.6875	121.2	606.0	1.0
80798	207	0	5	0.51	113.6	568.0	0.3333333333333333
80799	23	0	5	0.05	21.0	105.0	0.0
80800	186	0	5	0.4575	109.2	546.0	0.3333333333333333
80801	379	0	5	0.94	167.4	837.0	0.3333333333333333
80802	331	0	5	0.82	241.6	1208.0	0.6666666666666666
80803	137	0	5	0.335	29.8	149.0	0.3333333333333333
80804	19	0	5	0.04	17.0	85.0	0.0
80805	162	1	4	0.4025	34.8	174.0	1.0
80806	39	0	5	0.09	37.0	185.0	0.0
80807	315	0	5	0.78	238.2	1191.0	0.3333333333333333
80808	211	0	5	0.52	130.6	653.0	0.3333333333333333
80809	207	0	5	0.51	152.2	761.0	0.3333333333333333
80810	324	0	5	0.8025	201.2	1006.0	0.6666666666666666
80811	350	0	5	0.8675	167.8	839.0	0.6666666666666666
80812	232	0	5	0.5725	196.2	981.0	0.3333333333333333
80813	165	0	5	0.405	140.6	703.0	0.3333333333333333
80814	349	0	5	0.865	165.8	829.0	0.6666666666666666
80815	140	0	5	0.3425	30.0	150.0	0.3333333333333333
80816	258	0	5	0.6375	217.8	1089.0	0.6666666666666666
80817	373	1	4	0.93	227.0	1135.0	1.0
80818	94	0	5	0.2275	68.8	344.0	0.0
80819	279	1	4	0.695	225.8	1129.0	1.0
80820	282	0	5	0.6975	228.6	1143.0	0.3333333333333333
80821	249	0	5	0.615	223.6	1118.0	0.3333333333333333
80822	211	0	5	0.52	72.2	361.0	0.3333333333333333
80823	278	0	5	0.6875	122.8	614.0	0.6666666666666666
80824	61	0	5	0.145	43.0	215.0	0.0
80825	125	0	5	0.305	123.0	615.0	0.0
80826	228	0	5	0.5625	216.8	1084.0	0.3333333333333333
80827	43	0	5	0.1	41.0	205.0	0.0
80828	336	0	5	0.8325	122.0	610.0	0.3333333333333333
80829	378	1	4	0.9425	198.4	992.0	1.0
80830	362	1	4	0.9025	264.8	1324.0	1.0
80831	255	0	5	0.63	201.8	1009.0	0.0
80832	265	0	5	0.655	94.2	471.0	0.3333333333333333
80833	380	1	3	0.9475	216.2	1081.0	1.0
80834	320	0	5	0.7925	134.2	671.0	0.3333333333333333
80835	7	0	5	0.01	5.0	25.0	0.0
80836	300	0	5	0.7425	241.6	1208.0	0.3333333333333333
80837	339	1	4	0.845	338.0	1690.0	1.0
80838	271	0	5	0.67	269.0	1345.0	0.0
80839	228	0	5	0.5625	221.6	1108.0	0.3333333333333333
80840	40	0	5	0.0925	33.6	168.0	0.3333333333333333
80841	3	0	5	0.0025	0.2	1.0	0.3333333333333333
80842	83	0	5	0.2	34.6	173.0	0.3333333333333333
80843	310	1	4	0.7725	76.4	382.0	1.0
80844	84	0	5	0.2025	82.0	410.0	0.0
80845	104	0	5	0.2525	90.8	454.0	0.3333333333333333
80846	384	0	5	0.9525	348.0	1740.0	0.6666666666666666
80847	73	1	4	0.18	18.6	93.0	1.0
80848	19	0	5	0.04	17.0	85.0	0.0
80849	169	0	5	0.415	71.0	355.0	0.3333333333333333
80850	261	0	5	0.645	160.6	803.0	0.3333333333333333
80851	69	0	5	0.165	67.0	335.0	0.0
80852	298	0	5	0.7375	186.0	930.0	0.3333333333333333
80853	42	0	5	0.0975	40.0	200.0	0.0
80854	238	0	5	0.5875	203.6	1018.0	0.3333333333333333
80855	136	0	5	0.3325	71.6	358.0	0.0
80856	171	0	5	0.42	93.0	465.0	0.6666666666666666
80857	316	0	5	0.7825	155.2	776.0	0.6666666666666666
80858	268	0	5	0.6625	177.4	887.0	0.3333333333333333
80859	195	1	4	0.485	113.0	565.0	1.0
80860	240	0	5	0.5925	127.4	637.0	0.6666666666666666
80861	198	0	5	0.4875	75.2	376.0	0.3333333333333333
80862	337	0	5	0.835	82.4	412.0	0.0
80863	374	1	4	0.9325	169.8	849.0	1.0
80864	233	0	5	0.575	155.6	778.0	0.3333333333333333
80865	323	0	5	0.8	260.6	1303.0	0.0
80866	319	0	5	0.79	205.6	1028.0	0.6666666666666666
80867	54	0	5	0.1275	37.6	188.0	0.0
80868	280	0	5	0.6925	223.4	1117.0	0.3333333333333333
80869	212	0	5	0.5225	144.0	720.0	0.6666666666666666
80870	330	0	5	0.8175	199.0	995.0	0.6666666666666666
80871	206	0	5	0.5075	174.4	872.0	0.6666666666666666
80872	83	0	5	0.2	81.0	405.0	0.0
80873	4	0	5	0.0025	2.0	10.0	0.0
80874	40	0	5	0.0925	37.6	188.0	0.0
80875	285	1	4	0.71	133.8	669.0	1.0
80876	334	1	4	0.8325	217.4	1087.0	1.0
80877	75	0	5	0.18	27.2	136.0	0.3333333333333333
80878	219	0	5	0.54	178.6	893.0	0.0
80879	63	0	5	0.15	61.0	305.0	0.0
80880	136	0	5	0.3325	34.0	170.0	0.0
80881	310	0	5	0.7675	300.0	1500.0	0.6666666666666666
80882	325	0	5	0.805	264.8	1324.0	0.6666666666666666
80883	260	0	5	0.6425	65.2	326.0	0.6666666666666666
80884	186	0	5	0.4575	135.2	676.0	0.6666666666666666
80885	399	0	5	0.99	142.6	713.0	0.6666666666666666
80886	180	0	5	0.4425	153.4	767.0	0.6666666666666666
80887	191	0	5	0.47	89.4	447.0	0.0
80888	289	0	5	0.715	68.0	340.0	0.3333333333333333
80889	301	0	5	0.745	106.2	531.0	0.6666666666666666
80890	188	0	5	0.4625	114.6	573.0	0.6666666666666666
80891	73	0	5	0.175	71.0	355.0	0.0
80892	203	1	4	0.505	187.4	937.0	1.0
80893	342	0	5	0.8475	248.6	1243.0	0.3333333333333333
80894	292	0	5	0.7225	204.4	1022.0	0.3333333333333333
80895	135	0	5	0.33	44.2	221.0	0.3333333333333333
80896	187	0	5	0.46	94.4	472.0	0.6666666666666666
80897	20	0	5	0.0425	18.0	90.0	0.0
80898	270	1	4	0.6725	193.2	966.0	1.0
80899	244	0	5	0.6025	87.0	435.0	0.6666666666666666
80900	63	0	5	0.15	61.0	305.0	0.0
80901	151	0	5	0.37	115.8	579.0	0.6666666666666666
80902	248	0	5	0.6125	95.6	478.0	0.3333333333333333
80903	279	0	5	0.69	138.8	694.0	0.3333333333333333
80904	329	0	5	0.815	137.8	689.0	0.6666666666666666
80905	137	0	5	0.335	76.8	384.0	0.6666666666666666
80906	212	0	5	0.5225	127.2	636.0	0.3333333333333333
80907	306	0	5	0.7575	103.0	515.0	0.6666666666666666
80908	184	0	5	0.4525	141.8	709.0	0.3333333333333333
80909	269	0	5	0.665	174.2	871.0	0.6666666666666666
80910	175	1	4	0.435	72.6	363.0	1.0
80911	206	1	4	0.5125	104.4	522.0	1.0
80912	51	0	5	0.12	39.4	197.0	0.3333333333333333
80913	267	0	5	0.66	122.6	613.0	0.6666666666666666
80914	114	0	5	0.2775	101.8	509.0	0.3333333333333333
80915	260	1	4	0.6475	135.2	676.0	1.0
80916	244	0	5	0.6025	65.2	326.0	0.6666666666666666
80917	315	0	5	0.78	130.0	650.0	0.3333333333333333
80918	43	0	5	0.1	41.0	205.0	0.0
80919	391	1	4	0.975	211.0	1055.0	1.0
80920	72	0	5	0.1725	70.0	350.0	0.3333333333333333
80921	66	0	5	0.1575	64.0	320.0	0.0
80922	257	0	5	0.635	151.8	759.0	0.3333333333333333
80923	275	0	5	0.68	110.6	553.0	0.6666666666666666
80924	278	1	4	0.6925	129.2	646.0	1.0
80925	291	0	5	0.72	157.2	786.0	0.3333333333333333
80926	113	0	5	0.275	46.2	231.0	0.3333333333333333
80927	103	0	5	0.25	82.2	411.0	0.6666666666666666
80928	332	0	5	0.8225	252.0	1260.0	0.0
80929	322	0	5	0.7975	178.6	893.0	0.6666666666666666
80930	339	0	5	0.84	280.8	1404.0	0.6666666666666666
80931	89	0	5	0.215	84.6	423.0	0.3333333333333333
80932	391	1	4	0.975	200.6	1003.0	1.0
80933	139	0	5	0.34	137.0	685.0	0.0
80934	136	0	5	0.3325	81.6	408.0	0.0
80935	247	0	5	0.61	185.8	929.0	0.3333333333333333
80936	66	0	5	0.1575	64.0	320.0	0.0
80937	250	0	5	0.6175	177.0	885.0	0.6666666666666666
80938	106	0	5	0.2575	76.0	380.0	0.3333333333333333
80939	382	0	5	0.9475	184.6	923.0	0.6666666666666666
80940	108	0	5	0.2625	95.6	478.0	0.3333333333333333
80941	120	0	5	0.2925	118.0	590.0	0.0
80942	331	1	4	0.825	152.4	762.0	1.0
80943	295	0	5	0.73	113.4	567.0	0.6666666666666666
80944	145	0	5	0.355	33.4	167.0	0.3333333333333333
80945	260	0	5	0.6425	139.6	698.0	0.6666666666666666
80946	38	0	5	0.0875	34.0	170.0	0.0
80947	200	0	5	0.4925	139.8	699.0	0.3333333333333333
80948	134	0	5	0.3275	55.8	279.0	0.0
80949	399	0	5	0.99	245.8	1229.0	0.6666666666666666
80950	185	0	5	0.455	86.0	430.0	0.3333333333333333
80951	304	0	5	0.7525	302.0	1510.0	0.3333333333333333
80952	200	0	5	0.4925	120.6	603.0	0.6666666666666666
80953	314	0	5	0.7775	243.6	1218.0	0.3333333333333333
80954	209	0	5	0.515	164.6	823.0	0.0
80955	78	0	5	0.1875	74.4	372.0	0.0
80956	194	0	5	0.4775	155.8	779.0	0.6666666666666666
80957	134	0	5	0.3275	98.0	490.0	0.0
80958	78	0	5	0.1875	76.0	380.0	0.0
80959	94	0	5	0.2275	92.0	460.0	0.0
80960	40	0	5	0.0925	10.8	54.0	0.3333333333333333
80961	379	0	5	0.94	258.6	1293.0	0.6666666666666666
80962	214	0	5	0.5275	189.2	946.0	0.0
80963	244	0	5	0.6025	108.4	542.0	0.6666666666666666
80964	338	1	4	0.8425	86.8	434.0	1.0
80965	311	0	5	0.77	189.8	949.0	0.6666666666666666
80966	175	0	5	0.43	61.8	309.0	0.6666666666666666
80967	31	0	5	0.07	29.0	145.0	0.0
80968	228	0	5	0.5625	137.2	686.0	0.3333333333333333
80969	360	1	4	0.8975	191.0	955.0	1.0
80970	391	0	5	0.97	96.2	481.0	0.6666666666666666
80971	184	0	5	0.4525	182.0	910.0	0.0
80972	338	0	5	0.8375	194.4	972.0	0.3333333333333333
80973	31	0	5	0.07	29.0	145.0	0.0
80974	54	0	5	0.1275	45.4	227.0	0.3333333333333333
80975	253	0	5	0.625	140.2	701.0	0.3333333333333333
80976	9	0	5	0.015	7.0	35.0	0.0
80977	316	0	5	0.7825	195.6	978.0	0.3333333333333333
80978	322	1	4	0.8025	276.8	1384.0	1.0
80979	60	0	5	0.1425	58.0	290.0	0.0
80980	118	0	5	0.2875	78.0	390.0	0.0
80981	98	0	5	0.2375	96.0	480.0	0.3333333333333333
80982	226	0	5	0.5575	164.0	820.0	0.3333333333333333
80983	12	0	5	0.0225	10.0	50.0	0.0
80984	364	1	4	0.9075	120.2	601.0	1.0
80985	318	1	4	0.7925	225.0	1125.0	1.0
80986	351	0	5	0.87	180.6	903.0	0.6666666666666666
80987	361	0	5	0.895	218.4	1092.0	0.6666666666666666
80988	189	0	5	0.465	114.2	571.0	0.3333333333333333
80989	346	0	5	0.8575	257.6	1288.0	0.6666666666666666
80990	154	0	5	0.3775	123.8	619.0	0.3333333333333333
80991	225	0	5	0.555	105.6	528.0	0.3333333333333333
80992	148	0	5	0.3625	112.4	562.0	0.0
80993	157	0	5	0.385	132.6	663.0	0.0
80994	187	0	5	0.46	146.4	732.0	0.6666666666666666
80995	50	0	5	0.1175	48.0	240.0	0.0
80996	55	0	5	0.13	53.0	265.0	0.0
80997	295	0	5	0.73	227.0	1135.0	0.3333333333333333
80998	236	0	5	0.5825	152.4	762.0	0.3333333333333333
80999	266	0	5	0.6575	239.2	1196.0	0.6666666666666666
81000	146	0	5	0.3575	68.8	344.0	0.3333333333333333
81001	169	0	5	0.415	167.0	835.0	0.0
81002	317	1	4	0.79	244.8	1224.0	1.0
81003	350	0	5	0.8675	204.4	1022.0	0.6666666666666666
81004	210	0	5	0.5175	175.8	879.0	0.3333333333333333
81005	203	0	5	0.5	127.8	639.0	0.6666666666666666
81006	178	0	5	0.4375	122.8	614.0	0.6666666666666666
81007	37	0	5	0.085	35.0	175.0	0.0
81008	235	0	5	0.58	151.6	758.0	0.3333333333333333
81009	217	1	4	0.54	130.4	652.0	1.0
81010	263	0	5	0.65	146.6	733.0	0.3333333333333333
81011	73	0	5	0.175	71.0	355.0	0.0
81012	279	1	4	0.695	122.2	611.0	1.0
81013	311	0	5	0.77	203.0	1015.0	0.6666666666666666
81014	231	0	5	0.57	106.6	533.0	0.3333333333333333
81015	193	0	5	0.475	118.6	593.0	0.3333333333333333
81016	96	0	5	0.2325	84.4	422.0	0.3333333333333333
81017	352	0	5	0.8725	248.6	1243.0	0.6666666666666666
81018	222	0	5	0.5475	175.8	879.0	0.3333333333333333
81019	224	0	5	0.5525	209.0	1045.0	0.3333333333333333
81020	284	0	5	0.7025	94.4	472.0	0.3333333333333333
81021	285	0	5	0.705	220.4	1102.0	0.3333333333333333
81022	138	0	5	0.3375	113.2	566.0	0.0
81023	361	0	5	0.895	302.0	1510.0	0.6666666666666666
81024	13	0	5	0.025	11.0	55.0	0.0
81025	384	0	5	0.9525	127.6	638.0	0.6666666666666666
81026	281	0	5	0.695	118.2	591.0	0.6666666666666666
81027	114	0	5	0.2775	101.8	509.0	0.0
81028	194	1	4	0.4825	65.2	326.0	1.0
81029	235	0	5	0.58	154.4	772.0	0.3333333333333333
81030	346	0	5	0.8575	323.4	1617.0	0.3333333333333333
81031	152	0	5	0.3725	122.8	614.0	0.3333333333333333
81032	212	0	5	0.5225	84.2	421.0	0.3333333333333333
81033	277	0	5	0.685	182.4	912.0	0.3333333333333333
81034	396	0	5	0.9825	195.2	976.0	0.6666666666666666
81035	218	0	5	0.5375	179.8	899.0	0.6666666666666666
81036	345	0	5	0.855	249.0	1245.0	0.3333333333333333
81037	323	0	5	0.8	218.8	1094.0	0.3333333333333333
81038	400	0	5	0.9925	281.2	1406.0	0.6666666666666666
81039	319	0	5	0.79	251.6	1258.0	0.3333333333333333
81040	108	0	5	0.2625	76.4	382.0	0.3333333333333333
81041	345	0	5	0.855	234.2	1171.0	0.6666666666666666
81042	8	0	5	0.0125	6.0	30.0	0.0
81043	207	0	5	0.51	163.0	815.0	0.3333333333333333
81044	221	0	5	0.545	157.0	785.0	0.6666666666666666
81045	79	0	5	0.19	59.0	295.0	0.0
81046	192	0	5	0.4725	162.8	814.0	0.3333333333333333
81047	3	0	5	0.0025	0.2	1.0	0.3333333333333333
81048	12	0	5	0.0225	10.0	50.0	0.0
81049	297	0	5	0.735	238.4	1192.0	0.3333333333333333
81050	81	0	5	0.195	37.0	185.0	0.6666666666666666
81051	198	0	5	0.4875	45.8	229.0	0.3333333333333333
81052	89	0	5	0.215	87.0	435.0	0.0
81053	379	0	5	0.94	185.4	927.0	0.3333333333333333
81054	306	0	5	0.7575	196.8	984.0	0.6666666666666666
81055	125	0	5	0.305	85.2	426.0	0.3333333333333333
81056	23	0	5	0.05	21.0	105.0	0.0
81057	329	0	5	0.815	199.8	999.0	0.3333333333333333
81058	26	0	5	0.0575	21.2	106.0	0.3333333333333333
81059	192	0	5	0.4725	135.6	678.0	0.6666666666666666
81060	342	0	5	0.8475	215.6	1078.0	0.6666666666666666
81061	382	1	4	0.9525	164.0	820.0	1.0
81062	220	0	5	0.5425	157.6	788.0	0.6666666666666666
81063	343	0	5	0.85	139.4	697.0	0.3333333333333333
81064	301	0	5	0.745	252.6	1263.0	0.3333333333333333
81065	231	1	4	0.575	66.2	331.0	1.0
81066	240	1	4	0.5975	70.8	354.0	1.0
81067	188	0	5	0.4625	41.2	206.0	0.6666666666666666
81068	145	0	5	0.355	106.4	532.0	0.3333333333333333
81069	202	0	5	0.4975	87.2	436.0	0.3333333333333333
81070	274	0	5	0.6775	137.4	687.0	0.3333333333333333
81071	354	0	5	0.8775	276.8	1384.0	0.3333333333333333
81072	244	0	5	0.6025	178.6	893.0	0.6666666666666666
81073	106	0	5	0.2575	104.0	520.0	0.0
81074	46	0	5	0.1075	44.0	220.0	0.0
81075	333	1	4	0.83	130.4	652.0	1.0
81076	6	0	5	0.0075	4.0	20.0	0.0
81077	2	0	5	0.0	0.0	0.0	0.0
81078	66	0	5	0.1575	64.0	320.0	0.0
81079	368	0	5	0.9125	145.2	726.0	0.3333333333333333
81080	309	0	5	0.765	209.8	1049.0	0.6666666666666666
81081	3	0	5	0.0025	0.2	1.0	0.3333333333333333
81082	66	0	5	0.1575	64.0	320.0	0.0
81083	193	0	5	0.475	112.6	563.0	0.3333333333333333
81084	289	0	5	0.715	260.0	1300.0	0.0
81085	226	0	5	0.5575	78.8	394.0	0.6666666666666666
81086	96	0	5	0.2325	61.4	307.0	0.3333333333333333
81087	284	0	5	0.7025	157.0	785.0	0.3333333333333333
81088	307	0	5	0.76	69.0	345.0	0.3333333333333333
81089	22	0	5	0.0475	20.0	100.0	0.0
81090	248	1	3	0.6175	220.6	1103.0	1.0
81091	381	0	5	0.945	214.2	1071.0	0.6666666666666666
81092	2	0	5	0.0	0.0	0.0	0.0
81093	11	0	5	0.02	9.0	45.0	0.0
81094	112	0	5	0.2725	84.4	422.0	0.6666666666666666
81095	12	0	5	0.0225	10.0	50.0	0.0
81096	6	0	5	0.0075	4.0	20.0	0.0
81097	104	0	5	0.2525	89.4	447.0	0.3333333333333333
81098	116	0	5	0.2825	112.8	564.0	0.0
81099	331	0	5	0.82	156.8	784.0	0.6666666666666666
81100	376	0	5	0.9325	197.0	985.0	0.3333333333333333
81101	215	0	5	0.53	202.2	1011.0	0.3333333333333333
81102	89	1	4	0.22	71.4	357.0	1.0
81103	135	0	5	0.33	115.4	577.0	0.3333333333333333
81104	48	0	5	0.1125	46.0	230.0	0.0
81105	251	0	5	0.62	226.2	1131.0	0.3333333333333333
81106	122	0	5	0.2975	97.8	489.0	0.3333333333333333
81107	393	0	5	0.975	268.6	1343.0	0.6666666666666666
81108	34	0	5	0.0775	32.0	160.0	0.0
81109	353	1	4	0.88	72.2	361.0	1.0
81110	362	0	5	0.8975	122.8	614.0	0.6666666666666666
81111	282	0	5	0.6975	164.8	824.0	0.3333333333333333
81112	12	0	5	0.0225	10.0	50.0	0.0
81113	154	0	5	0.3775	152.0	760.0	0.0
81114	288	0	5	0.7125	135.2	676.0	0.6666666666666666
81115	271	0	5	0.67	72.6	363.0	0.6666666666666666
81116	137	0	5	0.335	119.4	597.0	0.0
81117	371	0	5	0.92	240.2	1201.0	0.6666666666666666
81118	260	0	5	0.6425	103.2	516.0	0.6666666666666666
81119	353	0	5	0.875	237.8	1189.0	0.6666666666666666
81120	195	0	5	0.48	142.6	713.0	0.3333333333333333
81121	226	0	5	0.5575	171.4	857.0	0.3333333333333333
81122	196	0	5	0.4825	156.6	783.0	0.0
81123	32	0	5	0.0725	15.0	75.0	0.6666666666666666
81124	91	0	5	0.22	89.0	445.0	0.3333333333333333
81125	325	0	5	0.805	76.6	383.0	0.6666666666666666
81126	119	0	5	0.29	48.0	240.0	0.3333333333333333
81127	197	0	5	0.485	168.0	840.0	0.6666666666666666
81128	246	0	5	0.6075	99.8	499.0	0.3333333333333333
81129	152	0	5	0.3725	101.0	505.0	0.6666666666666666
81130	221	0	5	0.545	207.6	1038.0	0.3333333333333333
81131	247	0	5	0.61	114.2	571.0	0.6666666666666666
81132	66	0	5	0.1575	64.0	320.0	0.0
81133	90	0	5	0.2175	88.0	440.0	0.0
81134	247	0	5	0.61	165.4	827.0	0.3333333333333333
81135	54	0	5	0.1275	37.2	186.0	0.3333333333333333
81136	115	0	5	0.28	113.0	565.0	0.0
81137	48	0	5	0.1125	46.0	230.0	0.0
81138	173	0	5	0.425	120.6	603.0	0.3333333333333333
81139	122	0	5	0.2975	114.4	572.0	0.3333333333333333
81140	160	0	5	0.3925	158.0	790.0	0.0
81141	27	0	5	0.06	25.0	125.0	0.0
81142	77	0	5	0.185	48.6	243.0	0.3333333333333333
81143	336	1	4	0.8375	223.8	1119.0	1.0
81144	394	0	5	0.9775	307.0	1535.0	0.6666666666666666
81145	338	0	5	0.8375	277.2	1386.0	0.3333333333333333
81146	230	0	5	0.5675	115.4	577.0	0.3333333333333333
81147	190	0	5	0.4675	110.8	554.0	0.3333333333333333
81148	281	0	5	0.695	148.8	744.0	0.3333333333333333
81149	331	0	5	0.82	157.4	787.0	0.6666666666666666
81150	22	0	5	0.0475	20.0	100.0	0.0
81151	52	0	5	0.1225	50.0	250.0	0.0
81152	276	0	5	0.6825	138.0	690.0	0.3333333333333333
81153	129	0	5	0.315	120.4	602.0	0.3333333333333333
81154	133	0	5	0.325	81.4	407.0	0.3333333333333333
81155	302	0	5	0.7475	155.0	775.0	0.6666666666666666
81156	138	0	5	0.3375	136.0	680.0	0.0
81157	201	0	5	0.495	160.2	801.0	0.3333333333333333
81158	326	0	5	0.8075	202.4	1012.0	0.6666666666666666
81159	28	0	5	0.0625	26.0	130.0	0.0
81160	145	0	5	0.355	57.6	288.0	0.3333333333333333
81161	215	0	5	0.53	144.6	723.0	0.3333333333333333
81162	62	0	5	0.1475	49.6	248.0	0.3333333333333333
81163	126	0	5	0.3075	78.4	392.0	0.6666666666666666
81164	152	0	5	0.3725	114.8	574.0	0.3333333333333333
81165	342	0	5	0.8475	221.8	1109.0	0.6666666666666666
81166	76	0	5	0.1825	50.0	250.0	0.0
81167	80	0	5	0.1925	62.0	310.0	0.3333333333333333
81168	216	0	5	0.5325	105.2	526.0	0.0
81169	227	0	5	0.56	142.0	710.0	0.3333333333333333
81170	196	0	5	0.4825	134.8	674.0	0.3333333333333333
81171	201	0	5	0.495	106.0	530.0	0.3333333333333333
81172	65	0	5	0.155	28.2	141.0	0.3333333333333333
81173	306	0	5	0.7575	258.0	1290.0	0.3333333333333333
81174	162	0	5	0.3975	131.6	658.0	0.3333333333333333
81175	226	0	5	0.5575	178.8	894.0	0.3333333333333333
81176	78	0	5	0.1875	59.2	296.0	0.0
81177	321	0	5	0.795	183.0	915.0	0.3333333333333333
81178	277	0	5	0.685	178.4	892.0	0.3333333333333333
81179	308	0	5	0.7625	184.2	921.0	0.0
81180	346	0	5	0.8575	208.2	1041.0	0.3333333333333333
81181	393	1	4	0.98	272.2	1361.0	1.0
81182	304	0	5	0.7525	201.8	1009.0	0.6666666666666666
81183	157	0	5	0.385	84.2	421.0	0.6666666666666666
81184	387	0	5	0.96	219.4	1097.0	0.6666666666666666
81185	133	0	5	0.325	127.8	639.0	0.3333333333333333
81186	320	0	5	0.7925	142.0	710.0	0.0
81187	160	0	5	0.3925	123.2	616.0	0.0
81188	211	0	5	0.52	141.8	709.0	0.3333333333333333
81189	132	0	5	0.3225	47.0	235.0	0.6666666666666666
81190	321	0	5	0.795	262.2	1311.0	0.3333333333333333
81191	332	0	5	0.8225	324.8	1624.0	0.6666666666666666
81192	306	0	5	0.7575	176.4	882.0	0.6666666666666666
81193	294	0	5	0.7275	194.0	970.0	0.6666666666666666
81194	330	0	5	0.8175	108.0	540.0	0.3333333333333333
81195	136	0	5	0.3325	101.0	505.0	0.6666666666666666
81196	93	0	5	0.225	74.8	374.0	0.0
81197	174	0	5	0.4275	44.0	220.0	0.6666666666666666
81198	393	1	4	0.98	172.2	861.0	1.0
81199	148	0	5	0.3625	53.2	266.0	0.3333333333333333
81200	117	0	5	0.285	55.6	278.0	0.3333333333333333
81201	141	0	5	0.345	72.8	364.0	0.3333333333333333
81202	6	0	5	0.0075	4.0	20.0	0.0
81203	185	0	5	0.455	95.4	477.0	0.6666666666666666
81204	226	0	5	0.5575	191.2	956.0	0.6666666666666666
81205	288	0	5	0.7125	120.2	601.0	0.6666666666666666
81206	288	1	4	0.7175	212.6	1063.0	1.0
81207	181	0	5	0.445	179.0	895.0	0.0
81208	273	0	5	0.675	177.4	887.0	0.0
81209	168	0	5	0.4125	78.8	394.0	0.6666666666666666
81210	85	0	5	0.205	44.6	223.0	0.3333333333333333
81211	100	0	5	0.2425	51.2	256.0	0.3333333333333333
81212	339	0	5	0.84	205.0	1025.0	0.6666666666666666
81213	54	0	5	0.1275	50.0	250.0	0.6666666666666666
81214	221	0	5	0.545	150.0	750.0	0.3333333333333333
81215	61	0	5	0.145	49.4	247.0	0.3333333333333333
81216	374	0	5	0.9275	330.8	1654.0	0.6666666666666666
81217	161	0	5	0.395	141.2	706.0	0.3333333333333333
81218	88	0	5	0.2125	41.6	208.0	0.3333333333333333
81219	38	0	5	0.0875	36.0	180.0	0.0
81220	4	0	5	0.0025	2.0	10.0	0.0
81221	43	0	5	0.1	34.4	172.0	0.0
81222	225	0	5	0.555	134.6	673.0	0.3333333333333333
81223	242	0	5	0.5975	167.6	838.0	0.3333333333333333
81224	211	0	5	0.52	108.6	543.0	0.6666666666666666
81225	29	0	5	0.065	21.4	107.0	0.0
81226	239	0	5	0.59	180.2	901.0	0.3333333333333333
81227	323	1	4	0.805	242.6	1213.0	1.0
81228	194	0	5	0.4775	163.2	816.0	0.0
81229	220	0	5	0.5425	202.0	1010.0	0.3333333333333333
81230	148	0	5	0.3625	146.0	730.0	0.0
81231	244	0	5	0.6025	173.2	866.0	0.6666666666666666
81232	27	0	5	0.06	15.8	79.0	0.3333333333333333
81233	45	0	5	0.105	41.6	208.0	0.0
81234	213	1	4	0.53	123.0	615.0	1.0
81235	358	0	5	0.8875	153.2	766.0	0.6666666666666666
81236	229	0	5	0.565	111.2	556.0	0.3333333333333333
81237	24	0	5	0.0525	22.0	110.0	0.0
81238	246	0	5	0.6075	163.2	816.0	0.3333333333333333
81239	363	0	5	0.9	245.0	1225.0	0.3333333333333333
81240	174	0	5	0.4275	139.4	697.0	0.3333333333333333
81241	237	0	5	0.585	195.4	977.0	0.3333333333333333
81242	315	1	4	0.785	278.6	1393.0	1.0
81243	41	0	5	0.095	39.0	195.0	0.0
81244	205	0	5	0.505	184.2	921.0	0.3333333333333333
81245	273	0	5	0.675	99.8	499.0	0.6666666666666666
81246	354	0	5	0.8775	293.8	1469.0	0.3333333333333333
81247	242	0	5	0.5975	104.4	522.0	0.6666666666666666
81248	241	0	5	0.595	117.2	586.0	0.6666666666666666
81249	91	0	5	0.22	88.0	440.0	0.3333333333333333
81250	88	0	5	0.2125	20.4	102.0	0.3333333333333333
81251	37	0	5	0.085	35.0	175.0	0.0
81252	78	0	5	0.1875	65.4	327.0	0.0
81253	397	1	4	0.99	283.0	1415.0	1.0
81254	151	0	5	0.37	143.4	717.0	0.0
81255	197	0	5	0.485	84.2	421.0	0.6666666666666666
81256	74	0	5	0.1775	63.2	316.0	0.3333333333333333
81257	319	0	5	0.79	187.4	937.0	0.6666666666666666
81258	277	0	5	0.685	141.2	706.0	0.6666666666666666
81259	248	0	5	0.6125	143.0	715.0	0.0
81260	269	0	5	0.665	251.4	1257.0	0.3333333333333333
81261	143	0	5	0.35	87.6	438.0	0.0
81262	56	0	5	0.1325	21.8	109.0	0.3333333333333333
81263	294	1	4	0.7325	150.0	750.0	1.0
81264	346	1	4	0.8625	106.8	534.0	1.0
81265	285	0	5	0.705	196.8	984.0	0.3333333333333333
81266	244	0	5	0.6025	242.0	1210.0	0.0
81267	243	0	5	0.6	85.0	425.0	0.3333333333333333
81268	349	0	5	0.865	151.2	756.0	0.6666666666666666
81269	334	0	5	0.8275	263.8	1319.0	0.6666666666666666
81270	310	0	5	0.7675	245.2	1226.0	0.3333333333333333
81271	128	0	5	0.3125	78.6	393.0	0.3333333333333333
81272	318	0	5	0.7875	248.4	1242.0	0.3333333333333333
81273	172	0	5	0.4225	117.4	587.0	0.6666666666666666
81274	160	0	5	0.3925	75.4	377.0	0.6666666666666666
81275	145	0	5	0.355	116.0	580.0	0.0
81276	30	0	5	0.0675	28.0	140.0	0.0
81277	75	0	5	0.18	73.0	365.0	0.0
81278	7	0	5	0.01	5.0	25.0	0.0
81279	128	0	5	0.3125	51.6	258.0	0.3333333333333333
81280	22	0	5	0.0475	18.8	94.0	0.3333333333333333
81281	329	1	4	0.82	266.6	1333.0	1.0
81282	107	0	5	0.26	104.6	523.0	0.0
81283	300	0	5	0.7425	86.8	434.0	0.6666666666666666
81284	198	0	5	0.4875	196.0	980.0	0.0
81285	160	0	5	0.3925	143.0	715.0	0.3333333333333333
81286	190	0	5	0.4675	48.0	240.0	0.6666666666666666
81287	369	1	4	0.92	175.6	878.0	1.0
81288	176	0	5	0.4325	77.6	388.0	0.6666666666666666
81289	117	0	5	0.285	71.8	359.0	0.3333333333333333
81290	285	0	5	0.705	167.8	839.0	0.3333333333333333
81291	59	0	5	0.14	43.2	216.0	0.3333333333333333
81292	292	0	5	0.7225	199.2	996.0	0.3333333333333333
81293	157	0	5	0.385	155.0	775.0	0.0
81294	247	0	5	0.61	144.8	724.0	0.3333333333333333
81295	249	0	5	0.615	213.0	1065.0	0.3333333333333333
81296	224	0	5	0.5525	167.8	839.0	0.3333333333333333
81297	205	0	5	0.505	123.8	619.0	0.3333333333333333
81298	192	0	5	0.4725	184.4	922.0	0.6666666666666666
81299	121	0	5	0.295	119.0	595.0	0.0
81300	63	0	5	0.15	61.0	305.0	0.0
81301	371	0	5	0.92	270.2	1351.0	0.3333333333333333
81302	88	0	5	0.2125	69.6	348.0	0.3333333333333333
81303	148	0	5	0.3625	78.0	390.0	0.3333333333333333
81304	140	0	5	0.3425	29.2	146.0	0.6666666666666666
81305	326	0	5	0.8075	108.8	544.0	0.6666666666666666
81306	192	0	5	0.4725	145.2	726.0	0.3333333333333333
81307	183	0	5	0.45	159.0	795.0	0.3333333333333333
81308	365	0	5	0.905	154.4	772.0	0.6666666666666666
81309	53	0	5	0.125	34.2	171.0	0.0
81310	401	0	5	0.995	146.6	733.0	0.6666666666666666
81311	211	0	5	0.52	195.6	978.0	0.3333333333333333
81312	66	0	5	0.1575	56.0	280.0	0.3333333333333333
81313	177	0	5	0.435	145.0	725.0	0.6666666666666666
81314	247	0	5	0.61	153.8	769.0	0.3333333333333333
81315	79	0	5	0.19	48.6	243.0	0.0
81316	110	0	5	0.2675	108.0	540.0	0.0
81317	144	0	5	0.3525	142.0	710.0	0.0
81318	79	0	5	0.19	77.0	385.0	0.0
81319	347	0	5	0.86	239.8	1199.0	0.6666666666666666
81320	338	0	5	0.8375	223.2	1116.0	0.6666666666666666
81321	148	0	5	0.3625	142.0	710.0	0.3333333333333333
81322	249	0	5	0.615	222.6	1113.0	0.3333333333333333
81323	148	0	5	0.3625	80.0	400.0	0.3333333333333333
81324	99	0	5	0.24	73.8	369.0	0.0
81325	188	0	5	0.4625	94.8	474.0	0.3333333333333333
81326	334	0	5	0.8275	116.2	581.0	0.6666666666666666
81327	303	0	5	0.75	125.6	628.0	0.6666666666666666
81328	295	1	4	0.735	217.4	1087.0	1.0
81329	210	0	5	0.5175	208.0	1040.0	0.0
81330	65	0	5	0.155	41.8	209.0	0.3333333333333333
81331	109	0	5	0.265	65.0	325.0	0.0
81332	250	0	5	0.6175	204.8	1024.0	0.3333333333333333
81333	388	0	5	0.9625	131.4	657.0	0.6666666666666666
81334	81	0	5	0.195	37.6	188.0	0.3333333333333333
81335	274	0	5	0.6775	110.4	552.0	0.3333333333333333
81336	332	1	4	0.8275	174.8	874.0	1.0
81337	132	0	5	0.3225	109.2	546.0	0.0
81338	194	0	5	0.4775	101.6	508.0	0.0
81339	279	0	5	0.69	217.8	1089.0	0.3333333333333333
81340	56	0	5	0.1325	36.4	182.0	0.3333333333333333
81341	78	0	5	0.1875	68.0	340.0	0.3333333333333333
81342	389	1	4	0.97	249.6	1248.0	1.0
81343	337	0	5	0.835	220.4	1102.0	0.3333333333333333
81344	216	0	5	0.5325	146.4	732.0	0.3333333333333333
81345	86	0	5	0.2075	84.0	420.0	0.0
81346	154	0	5	0.3775	90.2	451.0	0.3333333333333333
81347	309	0	5	0.765	286.6	1433.0	0.3333333333333333
81348	44	0	5	0.1025	37.2	186.0	0.3333333333333333
81349	108	0	5	0.2625	106.0	530.0	0.0
81350	344	1	4	0.8575	295.0	1475.0	1.0
81351	241	0	5	0.595	172.6	863.0	0.6666666666666666
81352	353	1	4	0.88	145.8	729.0	1.0
81353	283	0	5	0.7	184.0	920.0	0.6666666666666666
81354	9	0	5	0.015	7.0	35.0	0.0
81355	45	0	5	0.105	19.8	99.0	0.3333333333333333
81356	41	0	5	0.095	29.4	147.0	0.3333333333333333
81357	31	0	5	0.07	29.0	145.0	0.0
81358	101	0	5	0.245	74.6	373.0	0.0
81359	277	0	5	0.685	107.8	539.0	0.3333333333333333
81360	212	0	5	0.5225	170.4	852.0	0.0
81361	210	1	4	0.5225	157.8	789.0	1.0
81362	179	1	4	0.445	40.0	200.0	1.0
81363	273	0	5	0.675	219.0	1095.0	0.3333333333333333
81364	109	0	5	0.265	86.6	433.0	0.6666666666666666
81365	243	0	5	0.6	80.2	401.0	0.6666666666666666
81366	170	0	5	0.4175	72.6	363.0	0.3333333333333333
81367	259	0	5	0.64	137.8	689.0	0.3333333333333333
81368	66	0	5	0.1575	64.0	320.0	0.0
81369	234	0	5	0.5775	139.2	696.0	0.6666666666666666
81370	124	0	5	0.3025	98.2	491.0	0.0
81371	307	0	5	0.76	212.8	1064.0	0.0
81372	296	1	4	0.7375	184.6	923.0	1.0
81373	63	0	5	0.15	61.0	305.0	0.0
81374	278	0	5	0.6875	166.8	834.0	0.6666666666666666
81375	237	0	5	0.585	156.2	781.0	0.3333333333333333
81376	223	0	5	0.55	106.2	531.0	0.3333333333333333
81377	246	0	5	0.6075	148.0	740.0	0.6666666666666666
81378	34	0	5	0.0775	28.4	142.0	0.3333333333333333
81379	393	0	5	0.975	107.6	538.0	0.6666666666666666
81380	316	0	5	0.7825	278.4	1392.0	0.3333333333333333
81381	153	1	4	0.38	61.8	309.0	1.0
81382	285	0	5	0.705	187.2	936.0	0.6666666666666666
81383	163	0	5	0.4	161.0	805.0	0.0
81384	244	0	5	0.6025	171.8	859.0	0.0
81385	144	0	5	0.3525	64.0	320.0	0.6666666666666666
81386	350	0	5	0.8675	290.0	1450.0	0.6666666666666666
81387	318	0	5	0.7875	215.2	1076.0	0.3333333333333333
81388	287	0	5	0.71	135.0	675.0	0.3333333333333333
81389	173	0	5	0.425	96.6	483.0	0.0
81390	351	0	5	0.87	236.4	1182.0	0.6666666666666666
81391	311	0	5	0.77	264.6	1323.0	0.6666666666666666
81392	312	0	5	0.7725	183.6	918.0	0.3333333333333333
81393	342	0	5	0.8475	195.4	977.0	0.3333333333333333
81394	240	1	4	0.5975	80.0	400.0	1.0
81395	396	1	4	0.9875	158.0	790.0	1.0
81396	305	0	5	0.755	146.4	732.0	0.3333333333333333
81397	171	0	5	0.42	132.6	663.0	0.3333333333333333
81398	257	0	5	0.635	197.4	987.0	0.6666666666666666
81399	112	0	5	0.2725	56.4	282.0	0.0
81400	37	0	5	0.085	35.0	175.0	0.0
81401	309	0	5	0.765	144.6	723.0	0.6666666666666666
81402	294	1	4	0.7325	240.0	1200.0	1.0
81403	187	1	4	0.465	157.6	788.0	1.0
81404	196	0	5	0.4825	182.0	910.0	0.3333333333333333
81405	235	0	5	0.58	233.0	1165.0	0.0
81406	104	0	5	0.2525	64.4	322.0	0.6666666666666666
81407	111	0	5	0.27	34.6	173.0	0.3333333333333333
81408	223	0	5	0.55	104.6	523.0	0.6666666666666666
81409	63	0	5	0.15	61.0	305.0	0.0
81410	94	0	5	0.2275	92.0	460.0	0.0
81411	15	0	5	0.03	13.0	65.0	0.0
81412	157	0	5	0.385	73.4	367.0	0.3333333333333333
81413	145	0	5	0.355	47.8	239.0	0.6666666666666666
81414	341	1	4	0.85	126.6	633.0	1.0
81415	105	0	5	0.255	31.0	155.0	0.3333333333333333
81416	258	0	5	0.6375	64.0	320.0	0.0
81417	309	0	5	0.765	276.0	1380.0	0.3333333333333333
81418	295	0	5	0.73	212.8	1064.0	0.3333333333333333
81419	328	0	5	0.8125	135.0	675.0	0.6666666666666666
81420	193	0	5	0.475	95.0	475.0	0.3333333333333333
81421	149	0	5	0.365	147.0	735.0	0.0
81422	176	0	5	0.4325	123.6	618.0	0.3333333333333333
81423	253	0	5	0.625	169.0	845.0	0.0
81424	178	0	5	0.4375	137.4	687.0	0.3333333333333333
81425	229	0	5	0.565	162.6	813.0	0.6666666666666666
81426	204	0	5	0.5025	195.2	976.0	0.3333333333333333
81427	372	0	5	0.9225	111.0	555.0	0.6666666666666666
81428	198	0	5	0.4875	136.8	684.0	0.6666666666666666
81429	309	0	5	0.765	128.4	642.0	0.6666666666666666
81430	28	0	5	0.0625	25.2	126.0	0.3333333333333333
81431	99	0	5	0.24	25.0	125.0	0.0
81432	251	0	5	0.62	115.0	575.0	0.6666666666666666
81433	226	0	5	0.5575	129.4	647.0	0.3333333333333333
81434	293	1	4	0.73	134.6	673.0	1.0
81435	39	0	5	0.09	12.2	61.0	0.3333333333333333
81436	172	0	5	0.4225	68.4	342.0	0.6666666666666666
81437	315	0	5	0.78	214.0	1070.0	0.6666666666666666
81438	256	0	5	0.6325	131.8	659.0	0.3333333333333333
81439	240	0	5	0.5925	149.2	746.0	0.6666666666666666
81440	322	0	5	0.7975	140.8	704.0	0.6666666666666666
81441	377	1	4	0.94	220.4	1102.0	1.0
81442	32	0	5	0.0725	30.0	150.0	0.0
81443	47	0	5	0.11	21.0	105.0	0.3333333333333333
81444	310	0	5	0.7675	269.0	1345.0	0.3333333333333333
81445	345	0	5	0.855	222.2	1111.0	0.6666666666666666
81446	371	1	4	0.925	112.2	561.0	1.0
81447	364	0	5	0.9025	240.6	1203.0	0.3333333333333333
81448	63	0	5	0.15	61.0	305.0	0.0
81449	308	0	5	0.7625	183.6	918.0	0.6666666666666666
81450	138	0	5	0.3375	86.4	432.0	0.0
81451	393	0	5	0.975	128.6	643.0	0.6666666666666666
81452	351	0	5	0.87	255.0	1275.0	0.3333333333333333
81453	366	0	5	0.9075	173.8	869.0	0.6666666666666666
81454	143	0	5	0.35	115.8	579.0	0.3333333333333333
81455	263	0	5	0.65	207.6	1038.0	0.6666666666666666
81456	390	1	4	0.9725	209.4	1047.0	1.0
81457	12	0	5	0.0225	10.0	50.0	0.0
81458	51	0	5	0.12	49.0	245.0	0.0
81459	66	0	5	0.1575	29.8	149.0	0.0
81460	189	0	5	0.465	115.2	576.0	0.6666666666666666
81461	398	0	5	0.9875	268.0	1340.0	0.6666666666666666
81462	112	0	5	0.2725	110.0	550.0	0.0
81463	53	0	5	0.125	33.6	168.0	0.0
81464	291	0	5	0.72	249.6	1248.0	0.3333333333333333
81465	17	0	5	0.035	15.0	75.0	0.0
81466	126	0	5	0.3075	121.2	606.0	0.0
81467	77	0	5	0.185	64.6	323.0	0.3333333333333333
81468	374	0	5	0.9275	188.8	944.0	0.6666666666666666
81469	266	0	5	0.6575	190.6	953.0	0.3333333333333333
81470	380	0	5	0.9425	244.8	1224.0	0.6666666666666666
81471	185	0	5	0.455	99.0	495.0	0.0
81472	254	0	5	0.6275	197.2	986.0	0.0
81473	243	1	3	0.605	156.0	780.0	1.0
81474	348	0	5	0.8625	225.8	1129.0	0.6666666666666666
81475	109	0	5	0.265	37.4	187.0	0.6666666666666666
81476	185	0	5	0.455	173.0	865.0	0.3333333333333333
81477	318	0	5	0.7875	146.4	732.0	0.6666666666666666
81478	286	0	5	0.7075	89.6	448.0	0.3333333333333333
81479	163	0	5	0.4	149.8	749.0	0.3333333333333333
81480	88	0	5	0.2125	86.0	430.0	0.0
81481	37	0	5	0.085	35.0	175.0	0.0
81482	323	0	5	0.8	187.4	937.0	0.6666666666666666
81483	52	0	5	0.1225	50.0	250.0	0.0
81484	300	0	5	0.7425	169.6	848.0	0.6666666666666666
81485	332	0	5	0.8225	282.8	1414.0	0.6666666666666666
81486	274	0	5	0.6775	205.6	1028.0	0.3333333333333333
81487	188	0	5	0.4625	77.0	385.0	0.6666666666666666
81488	178	0	5	0.4375	175.2	876.0	0.3333333333333333
81489	92	0	5	0.2225	78.0	390.0	0.0
81490	193	0	5	0.475	134.2	671.0	0.6666666666666666
81491	273	0	5	0.675	129.4	647.0	0.0
81492	278	1	4	0.6925	147.2	736.0	1.0
81493	269	0	5	0.665	135.4	677.0	0.3333333333333333
81494	20	0	5	0.0425	18.0	90.0	0.0
81495	210	0	5	0.5175	99.2	496.0	0.3333333333333333
81496	48	0	5	0.1125	46.0	230.0	0.0
81497	119	0	5	0.29	102.6	513.0	0.3333333333333333
81498	167	0	5	0.41	117.4	587.0	0.3333333333333333
81499	343	0	5	0.85	137.4	687.0	0.6666666666666666
81500	126	0	5	0.3075	92.8	464.0	0.0
81501	154	0	5	0.3775	30.6	153.0	0.6666666666666666
81502	365	0	5	0.905	224.6	1123.0	0.6666666666666666
81503	101	0	5	0.245	66.0	330.0	0.3333333333333333
81504	77	0	5	0.185	46.2	231.0	0.3333333333333333
81505	156	0	5	0.3825	154.0	770.0	0.0
81506	17	0	5	0.035	15.0	75.0	0.0
81507	248	0	5	0.6125	161.6	808.0	0.3333333333333333
81508	152	0	5	0.3725	109.2	546.0	0.0
81509	254	0	5	0.6275	180.0	900.0	0.3333333333333333
81510	333	0	5	0.825	254.2	1271.0	0.3333333333333333
81511	293	0	5	0.725	180.6	903.0	0.6666666666666666
81512	250	0	5	0.6175	243.2	1216.0	0.0
81513	69	0	5	0.165	67.0	335.0	0.0
81514	392	0	5	0.9725	126.8	634.0	0.6666666666666666
81515	94	0	5	0.2275	42.8	214.0	0.3333333333333333
81516	151	0	5	0.37	128.8	644.0	0.3333333333333333
81517	328	0	5	0.8125	298.2	1491.0	0.3333333333333333
81518	374	0	5	0.9275	196.0	980.0	0.6666666666666666
81519	92	0	5	0.2225	90.0	450.0	0.0
81520	49	0	5	0.115	29.4	147.0	0.0
81521	102	1	4	0.2525	76.0	380.0	1.0
81522	115	0	5	0.28	95.4	477.0	0.3333333333333333
81523	237	1	4	0.59	205.8	1029.0	1.0
81524	215	0	5	0.53	167.4	837.0	0.3333333333333333
81525	49	0	5	0.115	45.8	229.0	0.0
81526	311	0	5	0.77	276.2	1381.0	0.3333333333333333
81527	344	1	4	0.8575	110.4	552.0	1.0
81528	372	1	4	0.9275	219.0	1095.0	1.0
81529	185	0	5	0.455	115.8	579.0	0.3333333333333333
81530	345	0	5	0.855	101.4	507.0	0.6666666666666666
81531	374	0	5	0.9275	265.0	1325.0	0.3333333333333333
81532	169	0	5	0.415	155.0	775.0	0.3333333333333333
81533	22	0	5	0.0475	20.0	100.0	0.0
81534	311	1	4	0.775	222.0	1110.0	1.0
81535	59	0	5	0.14	57.0	285.0	0.0
81536	196	0	5	0.4825	121.4	607.0	0.3333333333333333
81537	85	0	5	0.205	83.0	415.0	0.0
81538	305	1	4	0.76	130.8	654.0	1.0
81539	327	0	5	0.81	193.2	966.0	0.6666666666666666
81540	308	1	4	0.7675	163.2	816.0	1.0
81541	399	0	5	0.99	161.8	809.0	0.6666666666666666
81542	338	0	5	0.8375	176.8	884.0	0.6666666666666666
81543	262	1	4	0.6525	115.8	579.0	1.0
81544	26	0	5	0.0575	24.0	120.0	0.0
81545	314	1	4	0.7825	144.0	720.0	1.0
81546	187	0	5	0.46	157.4	787.0	0.0
81547	316	0	5	0.7825	184.8	924.0	0.6666666666666666
81548	288	0	5	0.7125	252.4	1262.0	0.0
81549	159	0	5	0.39	108.2	541.0	0.3333333333333333
81550	136	0	5	0.3325	97.6	488.0	0.3333333333333333
81551	283	0	5	0.7	108.2	541.0	0.6666666666666666
81552	113	0	5	0.275	111.0	555.0	0.0
81553	351	0	5	0.87	349.0	1745.0	0.0
81554	221	0	5	0.545	177.8	889.0	0.0
81555	304	0	5	0.7525	211.8	1059.0	0.6666666666666666
81556	329	0	5	0.815	176.4	882.0	0.3333333333333333
81557	74	0	5	0.1775	72.0	360.0	0.0
81558	59	0	5	0.14	57.0	285.0	0.0
81559	19	0	5	0.04	17.0	85.0	0.0
81560	359	0	5	0.89	284.0	1420.0	0.6666666666666666
81561	256	0	5	0.6325	186.2	931.0	0.6666666666666666
81562	306	0	5	0.7575	173.8	869.0	0.6666666666666666
81563	264	0	5	0.6525	237.6	1188.0	0.3333333333333333
81564	354	0	5	0.8775	298.2	1491.0	0.6666666666666666
81565	22	0	5	0.0475	18.2	91.0	0.3333333333333333
81566	121	0	5	0.295	53.8	269.0	0.3333333333333333
81567	71	0	5	0.17	69.0	345.0	0.0
81568	98	0	5	0.2375	44.4	222.0	0.3333333333333333
81569	214	0	5	0.5275	171.8	859.0	0.3333333333333333
81570	8	0	5	0.0125	6.0	30.0	0.0
81571	320	0	5	0.7925	262.8	1314.0	0.3333333333333333
81572	131	0	5	0.32	55.2	276.0	0.3333333333333333
81573	342	0	5	0.8475	152.0	760.0	0.3333333333333333
81574	237	1	4	0.59	123.8	619.0	1.0
81575	218	0	5	0.5375	180.4	902.0	0.3333333333333333
81576	251	0	5	0.62	240.8	1204.0	0.0
81577	197	0	5	0.485	91.0	455.0	0.6666666666666666
81578	341	1	4	0.85	149.8	749.0	1.0
81579	356	0	5	0.8825	280.4	1402.0	0.6666666666666666
81580	240	0	5	0.5925	72.4	362.0	0.3333333333333333
81581	122	0	5	0.2975	84.4	422.0	0.3333333333333333
81582	69	0	5	0.165	67.0	335.0	0.0
81583	86	0	5	0.2075	39.2	196.0	0.3333333333333333
81584	10	0	5	0.0175	8.0	40.0	0.0
81585	130	0	5	0.3175	36.8	184.0	0.6666666666666666
81586	385	0	5	0.955	261.8	1309.0	0.6666666666666666
81587	337	0	5	0.835	238.0	1190.0	0.6666666666666666
81588	20	0	5	0.0425	18.0	90.0	0.0
81589	294	0	5	0.7275	286.6	1433.0	0.3333333333333333
81590	377	0	5	0.935	206.4	1032.0	0.6666666666666666
81591	329	0	5	0.815	226.6	1133.0	0.3333333333333333
81592	232	0	5	0.5725	152.0	760.0	0.3333333333333333
81593	348	0	5	0.8625	121.0	605.0	0.6666666666666666
81594	243	0	5	0.6	153.4	767.0	0.3333333333333333
81595	229	0	5	0.565	129.2	646.0	0.3333333333333333
81596	203	0	5	0.5	127.2	636.0	0.6666666666666666
81597	257	0	5	0.635	126.2	631.0	0.3333333333333333
81598	194	0	5	0.4775	192.0	960.0	0.0
81599	180	0	5	0.4425	154.8	774.0	0.3333333333333333
81600	152	0	5	0.3725	100.8	504.0	0.3333333333333333
81601	395	1	4	0.985	343.2	1716.0	1.0
81602	154	0	5	0.3775	120.8	604.0	0.3333333333333333
81603	166	0	5	0.4075	144.0	720.0	0.3333333333333333
81604	303	0	5	0.75	212.0	1060.0	0.3333333333333333
81605	12	0	5	0.0225	10.0	50.0	0.0
81606	11	0	5	0.02	9.0	45.0	0.0
81607	100	0	5	0.2425	32.4	162.0	0.0
81608	317	0	5	0.785	166.4	832.0	0.3333333333333333
81609	384	0	5	0.9525	224.6	1123.0	0.6666666666666666
81610	130	0	5	0.3175	106.8	534.0	0.3333333333333333
81611	233	0	5	0.575	199.2	996.0	0.6666666666666666
81612	251	0	5	0.62	181.0	905.0	0.6666666666666666
81613	136	0	5	0.3325	106.4	532.0	0.0
81614	342	0	5	0.8475	263.6	1318.0	0.3333333333333333
81615	223	0	5	0.55	174.2	871.0	0.3333333333333333
81616	387	0	5	0.96	282.8	1414.0	0.6666666666666666
81617	40	0	5	0.0925	38.0	190.0	0.0
81618	101	0	5	0.245	64.2	321.0	0.3333333333333333
81619	258	0	5	0.6375	154.2	771.0	0.3333333333333333
81620	173	0	5	0.425	156.2	781.0	0.3333333333333333
81621	163	0	5	0.4	71.4	357.0	0.3333333333333333
81622	283	1	4	0.705	154.8	774.0	1.0
81623	223	0	5	0.55	157.6	788.0	0.3333333333333333
81624	328	1	4	0.8175	163.2	816.0	1.0
81625	271	0	5	0.67	115.0	575.0	0.3333333333333333
81626	311	0	5	0.77	193.4	967.0	0.6666666666666666
81627	221	0	5	0.545	158.6	793.0	0.6666666666666666
81628	234	0	5	0.5775	163.6	818.0	0.3333333333333333
81629	187	0	5	0.46	185.0	925.0	0.0
81630	307	0	5	0.76	91.0	455.0	0.6666666666666666
81631	315	0	5	0.78	191.0	955.0	0.6666666666666666
81632	278	0	5	0.6875	175.6	878.0	0.3333333333333333
81633	249	0	5	0.615	113.4	567.0	0.6666666666666666
81634	379	1	4	0.945	141.8	709.0	1.0
81635	170	0	5	0.4175	122.8	614.0	0.0
81636	80	0	5	0.1925	74.4	372.0	0.6666666666666666
81637	242	0	5	0.5975	185.2	926.0	0.0
81638	278	0	5	0.6875	112.4	562.0	0.6666666666666666
81639	271	0	5	0.67	231.4	1157.0	0.0
81640	273	0	5	0.675	216.6	1083.0	0.3333333333333333
81641	378	0	5	0.9375	317.0	1585.0	0.6666666666666666
81642	230	0	5	0.5675	136.8	684.0	0.6666666666666666
81643	185	0	5	0.455	183.0	915.0	0.0
81644	27	0	5	0.06	25.0	125.0	0.0
81645	9	0	5	0.015	4.2	21.0	0.3333333333333333
81646	51	0	5	0.12	40.0	200.0	0.3333333333333333
81647	224	0	5	0.5525	88.2	441.0	0.6666666666666666
81648	250	0	5	0.6175	187.0	935.0	0.3333333333333333
81649	106	0	5	0.2575	57.4	287.0	0.3333333333333333
81650	201	0	5	0.495	132.6	663.0	0.3333333333333333
81651	341	0	5	0.845	174.8	874.0	0.6666666666666666
81652	156	0	5	0.3825	154.0	770.0	0.0
81653	172	1	4	0.4275	64.0	320.0	1.0
81654	197	0	5	0.485	89.8	449.0	0.6666666666666666
81655	291	0	5	0.72	201.6	1008.0	0.6666666666666666
81656	32	0	5	0.0725	30.0	150.0	0.0
81657	191	0	5	0.47	126.8	634.0	0.3333333333333333
81658	360	1	4	0.8975	257.2	1286.0	1.0
81659	222	0	5	0.5475	130.4	652.0	0.3333333333333333
81660	182	0	5	0.4475	144.2	721.0	0.3333333333333333
81661	264	0	5	0.6525	147.4	737.0	0.3333333333333333
81662	261	0	5	0.645	135.0	675.0	0.3333333333333333
81663	13	0	5	0.025	11.0	55.0	0.0
81664	208	0	5	0.5125	136.4	682.0	0.0
81665	80	0	5	0.1925	64.2	321.0	0.3333333333333333
81666	106	0	5	0.2575	101.0	505.0	0.3333333333333333
81667	222	0	5	0.5475	177.0	885.0	0.0
81668	170	0	5	0.4175	92.4	462.0	0.3333333333333333
81669	160	0	5	0.3925	156.8	784.0	0.0
81670	228	0	5	0.5625	132.6	663.0	0.3333333333333333
81671	177	0	5	0.435	134.2	671.0	0.3333333333333333
81672	221	0	5	0.545	111.6	558.0	0.3333333333333333
81673	45	0	5	0.105	43.0	215.0	0.0
81674	41	1	4	0.1	25.8	129.0	1.0
81675	127	0	5	0.31	121.4	607.0	0.3333333333333333
81676	364	1	4	0.9075	217.2	1086.0	1.0
81677	323	0	5	0.8	211.8	1059.0	0.6666666666666666
81678	83	0	5	0.2	69.8	349.0	0.3333333333333333
81679	392	0	5	0.9725	291.8	1459.0	0.3333333333333333
81680	189	0	5	0.465	134.4	672.0	0.0
81681	259	0	5	0.64	165.0	825.0	0.6666666666666666
81682	159	0	5	0.39	123.2	616.0	0.3333333333333333
81683	267	0	5	0.66	192.4	962.0	0.3333333333333333
81684	186	0	5	0.4575	112.0	560.0	0.6666666666666666
81685	73	0	5	0.175	63.0	315.0	0.3333333333333333
81686	165	0	5	0.405	140.4	702.0	0.6666666666666666
81687	369	0	5	0.915	165.0	825.0	0.6666666666666666
81688	292	0	5	0.7225	126.8	634.0	0.6666666666666666
81689	227	0	5	0.56	135.8	679.0	0.3333333333333333
81690	157	0	5	0.385	134.6	673.0	0.0
81691	147	0	5	0.36	68.2	341.0	0.3333333333333333
81692	142	0	5	0.3475	138.4	692.0	0.3333333333333333
81693	330	0	5	0.8175	247.8	1239.0	0.3333333333333333
81694	278	0	5	0.6875	74.0	370.0	0.3333333333333333
81695	71	0	5	0.17	69.0	345.0	0.0
81696	325	1	4	0.81	93.2	466.0	1.0
81697	254	0	5	0.6275	99.8	499.0	0.6666666666666666
81698	376	0	5	0.9325	145.6	728.0	0.6666666666666666
81699	266	0	5	0.6575	193.0	965.0	0.6666666666666666
81700	400	1	4	0.9975	210.4	1052.0	1.0
81701	42	0	5	0.0975	36.8	184.0	0.0
81702	216	1	4	0.5375	185.0	925.0	1.0
81703	270	0	5	0.6675	96.0	480.0	0.6666666666666666
81704	378	0	5	0.9375	282.2	1411.0	0.6666666666666666
81705	339	0	5	0.84	313.4	1567.0	0.3333333333333333
81706	118	0	5	0.2875	112.4	562.0	0.3333333333333333
81707	308	0	5	0.7625	147.6	738.0	0.3333333333333333
81708	267	1	4	0.665	132.4	662.0	1.0
81709	293	0	5	0.725	138.0	690.0	0.6666666666666666
81710	218	1	4	0.5425	74.0	370.0	1.0
81711	84	0	5	0.2025	58.0	290.0	0.3333333333333333
81712	234	0	5	0.5775	123.6	618.0	0.6666666666666666
81713	321	0	5	0.795	136.0	680.0	0.3333333333333333
81714	45	0	5	0.105	27.0	135.0	0.3333333333333333
81715	250	0	5	0.6175	154.8	774.0	0.0
81716	276	0	5	0.6825	170.0	850.0	0.3333333333333333
81717	116	0	5	0.2825	96.4	482.0	0.3333333333333333
81718	324	0	5	0.8025	165.8	829.0	0.6666666666666666
81719	250	0	5	0.6175	198.0	990.0	0.3333333333333333
81720	369	0	5	0.915	298.8	1494.0	0.6666666666666666
81721	255	0	5	0.63	103.4	517.0	0.0
81722	67	0	5	0.16	54.8	274.0	0.0
81723	243	0	5	0.6	55.4	277.0	0.6666666666666666
81724	160	0	5	0.3925	105.0	525.0	0.3333333333333333
81725	249	0	5	0.615	204.4	1022.0	0.6666666666666666
81726	247	0	5	0.61	127.4	637.0	0.3333333333333333
81727	69	0	5	0.165	38.2	191.0	0.3333333333333333
81728	119	0	5	0.29	56.0	280.0	0.3333333333333333
81729	368	1	4	0.9175	259.8	1299.0	1.0
81730	369	1	4	0.92	97.2	486.0	1.0
81731	236	1	4	0.5875	169.0	845.0	1.0
81732	303	0	5	0.75	237.2	1186.0	0.6666666666666666
81733	175	0	5	0.43	124.4	622.0	0.3333333333333333
81734	296	0	5	0.7325	212.6	1063.0	0.0
81735	251	0	5	0.62	127.4	637.0	0.3333333333333333
81736	340	0	5	0.8425	108.6	543.0	0.6666666666666666
81737	396	1	3	0.9875	273.8	1369.0	1.0
81738	174	0	5	0.4275	139.6	698.0	0.3333333333333333
81739	248	1	4	0.6175	64.8	324.0	1.0
81740	255	0	5	0.63	139.8	699.0	0.3333333333333333
81741	371	0	5	0.92	125.6	628.0	0.6666666666666666
81742	311	0	5	0.77	172.2	861.0	0.6666666666666666
81743	32	0	5	0.0725	28.2	141.0	0.0
81744	363	1	4	0.905	293.6	1468.0	1.0
81745	350	0	5	0.8675	121.2	606.0	0.6666666666666666
81746	220	0	5	0.5425	52.4	262.0	0.3333333333333333
81747	205	0	5	0.505	203.0	1015.0	0.0
81748	217	1	4	0.54	193.6	968.0	1.0
81749	149	0	5	0.365	122.4	612.0	0.3333333333333333
81750	397	0	5	0.985	257.4	1287.0	0.6666666666666666
81751	74	0	5	0.1775	67.2	336.0	0.0
81752	132	0	5	0.3225	130.0	650.0	0.0
81753	226	0	5	0.5575	197.8	989.0	0.3333333333333333
81754	256	0	5	0.6325	223.8	1119.0	0.6666666666666666
81755	113	0	5	0.275	57.4	287.0	0.3333333333333333
81756	152	0	5	0.3725	93.2	466.0	0.3333333333333333
81757	328	0	5	0.8125	142.0	710.0	0.6666666666666666
81758	396	0	5	0.9825	253.2	1266.0	0.6666666666666666
81759	253	0	5	0.625	108.8	544.0	0.3333333333333333
81760	303	0	5	0.75	142.6	713.0	0.3333333333333333
81761	59	0	5	0.14	40.8	204.0	0.0
81762	273	0	5	0.675	208.8	1044.0	0.6666666666666666
81763	115	0	5	0.28	82.6	413.0	0.3333333333333333
81764	205	0	5	0.505	129.8	649.0	0.3333333333333333
81765	382	0	5	0.9475	89.6	448.0	0.6666666666666666
81766	176	1	4	0.4375	60.8	304.0	1.0
81767	267	0	5	0.66	176.8	884.0	0.6666666666666666
81768	327	1	3	0.815	153.0	765.0	1.0
81769	157	0	5	0.385	138.6	693.0	0.0
81770	89	0	5	0.215	52.4	262.0	0.0
81771	9	0	5	0.015	7.0	35.0	0.0
81772	354	0	5	0.8775	172.6	863.0	0.6666666666666666
81773	22	0	5	0.0475	20.0	100.0	0.0
81774	132	0	5	0.3225	95.6	478.0	0.3333333333333333
81775	105	1	4	0.26	91.6	458.0	1.0
81776	381	0	5	0.945	123.0	615.0	0.6666666666666666
81777	141	0	5	0.345	85.0	425.0	0.3333333333333333
81778	231	0	5	0.57	57.0	285.0	0.6666666666666666
81779	237	0	5	0.585	231.0	1155.0	0.3333333333333333
81780	349	1	4	0.87	133.8	669.0	1.0
81781	58	0	5	0.1375	51.2	256.0	0.3333333333333333
81782	280	0	5	0.6925	218.8	1094.0	0.6666666666666666
81783	387	0	5	0.96	215.6	1078.0	0.6666666666666666
81784	231	0	5	0.57	107.6	538.0	0.3333333333333333
81785	208	0	5	0.5125	146.6	733.0	0.6666666666666666
81786	56	0	5	0.1325	21.8	109.0	0.3333333333333333
81787	97	0	5	0.235	89.4	447.0	0.3333333333333333
81788	97	0	5	0.235	54.2	271.0	0.3333333333333333
81789	92	0	5	0.2225	82.4	412.0	0.3333333333333333
81790	257	1	4	0.64	60.2	301.0	1.0
81791	395	0	5	0.98	294.8	1474.0	0.6666666666666666
81792	26	0	5	0.0575	24.0	120.0	0.0
81793	71	0	5	0.17	56.2	281.0	0.0
81794	18	0	5	0.0375	16.0	80.0	0.0
81795	144	0	5	0.3525	116.6	583.0	0.3333333333333333
81796	144	0	5	0.3525	106.8	534.0	0.3333333333333333
81797	157	1	4	0.39	92.6	463.0	1.0
81798	242	0	5	0.5975	139.2	696.0	0.3333333333333333
81799	163	0	5	0.4	143.4	717.0	0.3333333333333333
81800	239	0	5	0.59	198.0	990.0	0.0
81801	398	0	5	0.9875	234.0	1170.0	0.6666666666666666
81802	279	0	5	0.69	233.2	1166.0	0.0
81803	334	0	5	0.8275	240.8	1204.0	0.3333333333333333
81804	192	0	5	0.4725	182.0	910.0	0.0
81805	356	0	5	0.8825	111.8	559.0	0.6666666666666666
81806	356	0	5	0.8825	197.8	989.0	0.6666666666666666
81807	227	0	5	0.56	172.0	860.0	0.6666666666666666
81808	341	0	5	0.845	164.6	823.0	0.6666666666666666
81809	250	0	5	0.6175	192.8	964.0	0.3333333333333333
81810	162	0	5	0.3975	92.8	464.0	0.3333333333333333
81811	147	0	5	0.36	100.2	501.0	0.3333333333333333
81812	397	1	4	0.99	170.4	852.0	1.0
81813	64	0	5	0.1525	50.8	254.0	0.3333333333333333
81814	316	0	5	0.7825	209.6	1048.0	0.6666666666666666
81815	206	0	5	0.5075	119.6	598.0	0.3333333333333333
81816	150	0	5	0.3675	84.2	421.0	0.0
81817	309	0	5	0.765	182.2	911.0	0.6666666666666666
81818	335	0	5	0.83	235.0	1175.0	0.3333333333333333
81819	127	0	5	0.31	61.4	307.0	0.3333333333333333
81820	344	0	5	0.8525	104.4	522.0	0.6666666666666666
81821	290	0	5	0.7175	275.8	1379.0	0.3333333333333333
81822	290	0	5	0.7175	162.0	810.0	0.6666666666666666
81823	221	0	5	0.545	152.8	764.0	0.6666666666666666
81824	244	0	5	0.6025	154.4	772.0	0.6666666666666666
81825	275	1	4	0.685	86.8	434.0	1.0
81826	248	0	5	0.6125	127.6	638.0	0.3333333333333333
81827	138	0	5	0.3375	83.8	419.0	0.6666666666666666
81828	272	0	5	0.6725	168.8	844.0	0.3333333333333333
81829	285	1	4	0.71	151.0	755.0	1.0
81830	291	0	5	0.72	100.6	503.0	0.6666666666666666
81831	70	0	5	0.1675	54.2	271.0	0.6666666666666666
81832	144	0	5	0.3525	82.4	412.0	0.3333333333333333
81833	199	1	4	0.495	118.0	590.0	1.0
81834	117	0	5	0.285	41.6	208.0	0.3333333333333333
81835	69	0	5	0.165	57.4	287.0	0.0
81836	250	0	5	0.6175	229.6	1148.0	0.0
81837	112	0	5	0.2725	98.8	494.0	0.3333333333333333
81838	373	0	5	0.925	215.2	1076.0	0.3333333333333333
81839	353	0	5	0.875	172.6	863.0	0.3333333333333333
81840	110	0	5	0.2675	108.0	540.0	0.0
81841	138	0	5	0.3375	68.8	344.0	0.3333333333333333
81842	55	0	5	0.13	45.8	229.0	0.3333333333333333
81843	277	0	5	0.685	169.4	847.0	0.3333333333333333
81844	346	0	5	0.8575	146.4	732.0	0.6666666666666666
81845	92	0	5	0.2225	58.8	294.0	0.3333333333333333
81846	300	0	5	0.7425	273.8	1369.0	0.3333333333333333
81847	156	0	5	0.3825	148.4	742.0	0.3333333333333333
81848	194	0	5	0.4775	97.2	486.0	0.3333333333333333
81849	257	0	5	0.635	148.6	743.0	0.3333333333333333
81850	237	0	5	0.585	203.0	1015.0	0.3333333333333333
81851	345	0	5	0.855	219.8	1099.0	0.3333333333333333
81852	115	0	5	0.28	113.0	565.0	0.0
81853	340	0	5	0.8425	239.2	1196.0	0.6666666666666666
81854	331	0	5	0.82	174.6	873.0	0.6666666666666666
81855	136	0	5	0.3325	74.8	374.0	0.3333333333333333
81856	157	0	5	0.385	43.8	219.0	0.3333333333333333
81857	159	0	5	0.39	155.8	779.0	0.3333333333333333
81858	120	0	5	0.2925	68.4	342.0	0.3333333333333333
81859	382	0	5	0.9475	249.4	1247.0	0.6666666666666666
81860	331	0	5	0.82	173.4	867.0	0.6666666666666666
81861	74	0	5	0.1775	40.2	201.0	0.0
81862	229	0	5	0.565	123.0	615.0	0.6666666666666666
81863	173	0	5	0.425	96.6	483.0	0.3333333333333333
81864	203	0	5	0.5	185.0	925.0	0.3333333333333333
81865	355	0	5	0.88	235.0	1175.0	0.3333333333333333
81866	172	0	5	0.4225	104.8	524.0	0.3333333333333333
81867	183	0	5	0.45	116.2	581.0	0.0
81868	59	0	5	0.14	18.6	93.0	0.3333333333333333
81869	14	0	5	0.0275	12.0	60.0	0.0
81870	280	0	5	0.6925	100.0	500.0	0.6666666666666666
81871	104	0	5	0.2525	51.6	258.0	0.0
81872	250	0	5	0.6175	156.4	782.0	0.6666666666666666
81873	372	0	5	0.9225	104.2	521.0	0.6666666666666666
81874	218	0	5	0.5375	62.4	312.0	0.3333333333333333
81875	369	0	5	0.915	203.0	1015.0	0.3333333333333333
81876	319	0	5	0.79	74.6	373.0	0.6666666666666666
81877	70	0	5	0.1675	38.0	190.0	0.3333333333333333
81878	27	0	5	0.06	25.0	125.0	0.0
81879	64	0	5	0.1525	27.6	138.0	0.6666666666666666
81880	295	0	5	0.73	293.0	1465.0	0.0
81881	143	1	4	0.355	118.2	591.0	1.0
81882	235	0	5	0.58	75.2	376.0	0.3333333333333333
81883	29	0	5	0.065	24.0	120.0	0.3333333333333333
81884	28	0	5	0.0625	26.0	130.0	0.0
81885	32	0	5	0.0725	27.6	138.0	0.0
81886	23	0	5	0.05	21.0	105.0	0.0
81887	366	1	4	0.9125	180.6	903.0	1.0
81888	127	0	5	0.31	119.4	597.0	0.3333333333333333
81889	374	0	5	0.9275	224.2	1121.0	0.6666666666666666
81890	285	0	5	0.705	161.4	807.0	0.6666666666666666
81891	275	0	5	0.68	176.8	884.0	0.0
81892	401	0	4	0.9975	222.0	1110.0	0.6666666666666666
81893	240	0	5	0.5925	160.0	800.0	0.0
81894	21	0	5	0.045	19.0	95.0	0.0
81895	119	0	5	0.29	117.0	585.0	0.0
81896	334	0	5	0.8275	268.0	1340.0	0.6666666666666666
81897	68	0	5	0.1625	66.0	330.0	0.0
81898	165	0	5	0.405	38.2	191.0	0.6666666666666666
81899	317	0	5	0.785	168.8	844.0	0.6666666666666666
81900	170	0	5	0.4175	134.0	670.0	0.3333333333333333
81901	301	1	4	0.75	140.8	704.0	1.0
81902	130	0	5	0.3175	128.0	640.0	0.0
81903	118	0	5	0.2875	93.2	466.0	0.0
81904	202	0	5	0.4975	63.6	318.0	0.6666666666666666
81905	348	1	3	0.8675	252.0	1260.0	1.0
81906	246	0	5	0.6075	74.6	373.0	0.6666666666666666
81907	397	0	5	0.985	151.0	755.0	0.6666666666666666
81908	127	0	5	0.31	103.4	517.0	0.3333333333333333
81909	359	0	5	0.89	165.0	825.0	0.6666666666666666
81910	117	0	5	0.285	104.2	521.0	0.3333333333333333
81911	332	0	5	0.8225	278.0	1390.0	0.3333333333333333
81912	278	1	4	0.6925	178.4	892.0	1.0
81913	84	0	5	0.2025	69.2	346.0	0.0
81914	121	0	5	0.295	80.6	403.0	0.3333333333333333
81915	312	0	5	0.7725	179.2	896.0	0.3333333333333333
81916	54	0	5	0.1275	30.4	152.0	0.3333333333333333
81917	247	0	5	0.61	152.8	764.0	0.6666666666666666
81918	158	0	5	0.3875	100.0	500.0	0.6666666666666666
81919	184	0	5	0.4525	156.8	784.0	0.3333333333333333
81920	127	0	5	0.31	118.0	590.0	0.3333333333333333
81921	175	0	5	0.43	105.0	525.0	0.0
81922	297	0	5	0.735	120.2	601.0	0.6666666666666666
81923	109	0	5	0.265	32.0	160.0	0.3333333333333333
81924	104	0	5	0.2525	32.4	162.0	0.3333333333333333
81925	369	0	5	0.915	178.2	891.0	0.6666666666666666
81926	237	0	5	0.585	182.6	913.0	0.0
81927	215	0	5	0.53	138.2	691.0	0.3333333333333333
81928	72	0	5	0.1725	70.0	350.0	0.0
81929	54	0	5	0.1275	52.0	260.0	0.0
81930	353	0	5	0.875	221.0	1105.0	0.3333333333333333
81931	130	0	5	0.3175	126.6	633.0	0.3333333333333333
81932	212	0	5	0.5225	48.6	243.0	0.6666666666666666
81933	129	0	5	0.315	108.6	543.0	0.0
81934	28	0	5	0.0625	26.0	130.0	0.0
81935	145	0	5	0.355	143.0	715.0	0.0
81936	83	0	5	0.2	38.0	190.0	0.3333333333333333
81937	67	0	5	0.16	62.6	313.0	0.3333333333333333
81938	154	0	5	0.3775	61.0	305.0	0.6666666666666666
81939	166	0	5	0.4075	139.6	698.0	0.3333333333333333
81940	319	0	5	0.79	264.0	1320.0	0.3333333333333333
81941	156	0	5	0.3825	130.4	652.0	0.3333333333333333
81942	338	1	4	0.8425	231.2	1156.0	1.0
81943	310	0	5	0.7675	63.8	319.0	0.6666666666666666
81944	160	0	5	0.3925	57.0	285.0	0.3333333333333333
81945	191	0	5	0.47	125.4	627.0	0.0
81946	92	0	5	0.2225	25.4	127.0	0.3333333333333333
81947	152	0	5	0.3725	120.0	600.0	0.6666666666666666
81948	338	0	5	0.8375	234.4	1172.0	0.6666666666666666
81949	233	0	5	0.575	89.0	445.0	0.6666666666666666
81950	351	0	5	0.87	239.0	1195.0	0.6666666666666666
81951	224	0	5	0.5525	135.6	678.0	0.3333333333333333
81952	47	0	5	0.11	38.2	191.0	0.3333333333333333
81953	241	0	5	0.595	183.2	916.0	0.3333333333333333
81954	326	0	5	0.8075	224.8	1124.0	0.3333333333333333
81955	81	0	5	0.195	65.4	327.0	0.3333333333333333
81956	254	1	4	0.6325	172.4	862.0	1.0
81957	201	0	5	0.495	181.0	905.0	0.3333333333333333
81958	218	0	5	0.5375	160.0	800.0	0.3333333333333333
81959	66	0	5	0.1575	63.0	315.0	0.0
81960	363	0	5	0.9	143.4	717.0	0.6666666666666666
81961	147	0	5	0.36	66.6	333.0	0.0
81962	317	0	5	0.785	201.2	1006.0	0.6666666666666666
81963	102	0	5	0.2475	70.8	354.0	0.0
81964	141	0	5	0.345	51.8	259.0	0.3333333333333333
81965	364	0	5	0.9025	237.6	1188.0	0.6666666666666666
81966	146	0	5	0.3575	78.0	390.0	0.3333333333333333
81967	169	0	5	0.415	167.0	835.0	0.0
81968	315	0	5	0.78	226.0	1130.0	0.6666666666666666
81969	335	0	5	0.83	209.2	1046.0	0.6666666666666666
81970	332	0	5	0.8225	140.4	702.0	0.6666666666666666
81971	241	0	5	0.595	149.0	745.0	0.3333333333333333
81972	314	0	5	0.7775	246.2	1231.0	0.6666666666666666
81973	309	0	5	0.765	243.8	1219.0	0.0
81974	290	0	5	0.7175	225.2	1126.0	0.3333333333333333
81975	217	0	5	0.535	135.0	675.0	0.3333333333333333
81976	63	0	5	0.15	61.0	305.0	0.0
81977	204	0	5	0.5025	151.4	757.0	0.6666666666666666
81978	53	0	5	0.125	35.8	179.0	0.3333333333333333
81979	387	0	5	0.96	146.2	731.0	0.6666666666666666
81980	280	1	4	0.6975	149.6	748.0	1.0
81981	315	0	5	0.78	169.6	848.0	0.6666666666666666
81982	252	0	5	0.6225	219.0	1095.0	0.0
81983	57	0	5	0.135	54.6	273.0	0.0
81984	208	0	5	0.5125	83.8	419.0	0.6666666666666666
81985	168	0	5	0.4125	136.8	684.0	0.3333333333333333
81986	221	0	5	0.545	89.2	446.0	0.3333333333333333
81987	204	0	5	0.5025	155.2	776.0	0.3333333333333333
81988	165	0	5	0.405	98.8	494.0	0.6666666666666666
81989	217	0	5	0.535	135.8	679.0	0.6666666666666666
81990	239	0	5	0.59	140.6	703.0	0.6666666666666666
81991	326	0	5	0.8075	214.2	1071.0	0.3333333333333333
81992	179	0	5	0.44	177.0	885.0	0.0
81993	316	1	4	0.7875	155.6	778.0	1.0
81994	300	0	5	0.7425	193.4	967.0	0.3333333333333333
81995	284	0	5	0.7025	121.6	608.0	0.3333333333333333
81996	330	1	4	0.8225	225.6	1128.0	1.0
81997	258	1	4	0.6425	100.0	500.0	1.0
81998	104	0	5	0.2525	58.8	294.0	0.3333333333333333
81999	184	0	5	0.4525	74.0	370.0	0.3333333333333333
82000	154	0	5	0.3775	84.4	422.0	0.3333333333333333
82001	173	0	5	0.425	113.0	565.0	0.3333333333333333
82002	15	0	5	0.03	13.0	65.0	0.0
82003	295	0	5	0.73	235.8	1179.0	0.6666666666666666
82004	107	0	5	0.26	65.0	325.0	0.0
82005	18	0	5	0.0375	16.0	80.0	0.0
82006	390	0	5	0.9675	168.0	840.0	0.6666666666666666
82007	373	1	4	0.93	207.8	1039.0	1.0
82008	114	0	5	0.2775	74.2	371.0	0.0
82009	86	0	5	0.2075	66.6	333.0	0.0
82010	257	0	5	0.635	91.0	455.0	0.3333333333333333
82011	137	0	5	0.335	132.6	663.0	0.3333333333333333
82012	261	0	5	0.645	81.4	407.0	0.6666666666666666
82013	193	0	5	0.475	149.8	749.0	0.3333333333333333
82014	328	0	5	0.8125	193.2	966.0	0.6666666666666666
82015	207	0	5	0.51	205.0	1025.0	0.0
82016	208	0	5	0.5125	170.0	850.0	0.6666666666666666
82017	221	0	5	0.545	183.6	918.0	0.0
82018	116	0	5	0.2825	82.6	413.0	0.6666666666666666
82019	279	0	5	0.69	188.6	943.0	0.3333333333333333
82020	167	0	5	0.41	142.8	714.0	0.3333333333333333
82021	369	0	5	0.915	319.8	1599.0	0.6666666666666666
82022	139	0	5	0.34	94.4	472.0	0.3333333333333333
82023	89	0	5	0.215	87.0	435.0	0.3333333333333333
82024	363	0	5	0.9	206.2	1031.0	0.6666666666666666
82025	221	0	5	0.545	153.4	767.0	0.3333333333333333
82026	12	0	5	0.0225	10.0	50.0	0.0
82027	275	0	5	0.68	131.4	657.0	0.3333333333333333
82028	49	0	5	0.115	47.0	235.0	0.0
82029	21	0	5	0.045	19.0	95.0	0.0
82030	27	0	5	0.06	24.4	122.0	0.3333333333333333
82031	115	0	5	0.28	98.6	493.0	0.3333333333333333
82032	235	0	5	0.58	146.4	732.0	0.3333333333333333
82033	26	0	5	0.0575	24.0	120.0	0.0
82034	376	1	4	0.9375	315.6	1578.0	1.0
82035	396	0	5	0.9825	106.0	530.0	0.6666666666666666
82036	176	0	5	0.4325	95.6	478.0	0.3333333333333333
82037	271	0	5	0.67	156.2	781.0	0.6666666666666666
82038	131	0	5	0.32	97.4	487.0	0.0
82039	257	0	5	0.635	145.4	727.0	0.3333333333333333
82040	193	0	5	0.475	117.8	589.0	0.3333333333333333
82041	97	0	5	0.235	40.6	203.0	0.3333333333333333
82042	34	0	5	0.0775	32.0	160.0	0.0
82043	186	0	5	0.4575	78.8	394.0	0.3333333333333333
82044	124	0	5	0.3025	102.8	514.0	0.3333333333333333
82045	401	0	3	0.9975	265.4	1327.0	0.6666666666666666
82046	222	0	5	0.5475	136.0	680.0	0.0
82047	175	0	5	0.43	66.8	334.0	0.6666666666666666
82048	129	0	5	0.315	98.2	491.0	0.3333333333333333
82049	378	0	5	0.9375	194.4	972.0	0.6666666666666666
82050	237	0	5	0.585	83.0	415.0	0.3333333333333333
82051	27	0	5	0.06	25.0	125.0	0.0
82052	135	0	5	0.33	125.0	625.0	0.3333333333333333
82053	355	0	5	0.88	227.6	1138.0	0.6666666666666666
82054	213	0	5	0.525	211.0	1055.0	0.0
82055	56	0	5	0.1325	25.2	126.0	0.0
82056	86	0	5	0.2075	30.4	152.0	0.3333333333333333
82057	354	0	5	0.8775	300.8	1504.0	0.6666666666666666
82058	126	1	4	0.3125	91.2	456.0	1.0
82059	146	0	5	0.3575	88.4	442.0	0.3333333333333333
82060	184	0	5	0.4525	115.0	575.0	0.6666666666666666
82061	36	0	5	0.0825	34.0	170.0	0.0
82062	393	1	4	0.98	224.0	1120.0	1.0
82063	308	0	5	0.7625	155.6	778.0	0.3333333333333333
82064	384	1	4	0.9575	155.2	776.0	1.0
82065	272	0	5	0.6725	146.0	730.0	0.6666666666666666
82066	276	0	5	0.6825	132.8	664.0	0.3333333333333333
82067	191	0	5	0.47	127.0	635.0	0.3333333333333333
82068	177	0	5	0.435	91.0	455.0	0.0
82069	208	0	5	0.5125	156.8	784.0	0.6666666666666666
82070	257	1	4	0.64	109.8	549.0	1.0
82071	274	0	5	0.6775	203.6	1018.0	0.6666666666666666
82072	330	0	5	0.8175	215.6	1078.0	0.6666666666666666
82073	106	0	5	0.2575	101.8	509.0	0.3333333333333333
82074	28	0	5	0.0625	26.0	130.0	0.0
82075	203	0	5	0.5	101.8	509.0	0.3333333333333333
82076	302	0	5	0.7475	249.8	1249.0	0.3333333333333333
82077	233	0	5	0.575	194.6	973.0	0.3333333333333333
82078	218	0	5	0.5375	204.0	1020.0	0.3333333333333333
82079	392	0	5	0.9725	189.4	947.0	0.6666666666666666
82080	101	0	5	0.245	99.0	495.0	0.0
82081	52	0	5	0.1225	36.8	184.0	0.0
82082	269	0	5	0.665	111.0	555.0	0.3333333333333333
82083	49	0	5	0.115	16.6	83.0	0.3333333333333333
82084	67	0	5	0.16	65.0	325.0	0.0
82085	145	0	5	0.355	116.8	584.0	0.0
82086	395	0	5	0.98	211.0	1055.0	0.6666666666666666
82087	368	1	4	0.9175	197.4	987.0	1.0
82088	333	1	4	0.83	189.8	949.0	1.0
82089	157	0	5	0.385	39.0	195.0	0.3333333333333333
82090	218	0	5	0.5375	135.2	676.0	0.6666666666666666
82091	43	0	5	0.1	41.0	205.0	0.0
82092	333	0	5	0.825	269.0	1345.0	0.6666666666666666
82093	292	0	5	0.7225	61.2	306.0	0.6666666666666666
82094	164	0	5	0.4025	78.0	390.0	0.6666666666666666
82095	305	0	5	0.755	140.6	703.0	0.6666666666666666
82096	171	0	5	0.42	65.6	328.0	0.3333333333333333
82097	31	0	5	0.07	29.0	145.0	0.0
82098	91	0	5	0.22	73.8	369.0	0.0
82099	82	0	5	0.1975	51.6	258.0	0.6666666666666666
82100	315	0	5	0.78	259.4	1297.0	0.3333333333333333
82101	114	0	5	0.2775	112.0	560.0	0.0
82102	153	0	5	0.375	119.0	595.0	0.3333333333333333
82103	83	0	5	0.2	54.2	271.0	0.3333333333333333
82104	256	0	5	0.6325	254.0	1270.0	0.0
82105	214	0	5	0.5275	128.8	644.0	0.6666666666666666
82106	278	0	5	0.6875	139.0	695.0	0.6666666666666666
82107	191	0	5	0.47	179.4	897.0	0.0
82108	388	0	5	0.9625	304.0	1520.0	0.6666666666666666
82109	100	0	5	0.2425	98.0	490.0	0.0
82110	329	0	5	0.815	299.6	1498.0	0.3333333333333333
82111	287	1	4	0.715	148.4	742.0	1.0
82112	98	0	5	0.2375	96.0	480.0	0.0
82113	229	0	5	0.565	63.0	315.0	0.3333333333333333
82114	342	0	5	0.8475	70.4	352.0	0.3333333333333333
82115	106	0	5	0.2575	82.8	414.0	0.3333333333333333
82116	100	0	5	0.2425	79.6	398.0	0.3333333333333333
82117	136	0	5	0.3325	106.8	534.0	0.0
82118	168	0	5	0.4125	158.8	794.0	0.0
82119	15	0	5	0.03	13.0	65.0	0.0
82120	291	0	5	0.72	166.6	833.0	0.6666666666666666
82121	301	0	5	0.745	84.6	423.0	0.3333333333333333
82122	196	0	5	0.4825	139.4	697.0	0.0
82123	358	0	5	0.8875	166.8	834.0	0.6666666666666666
82124	247	0	5	0.61	187.2	936.0	0.3333333333333333
82125	332	0	5	0.8225	255.8	1279.0	0.6666666666666666
82126	105	0	5	0.255	93.4	467.0	0.0
82127	17	0	5	0.035	15.0	75.0	0.0
82128	400	1	3	0.9975	185.8	929.0	1.0
82129	307	0	5	0.76	177.4	887.0	0.3333333333333333
82130	165	0	5	0.405	87.4	437.0	0.3333333333333333
82131	390	1	4	0.9725	188.0	940.0	1.0
82132	82	0	5	0.1975	75.2	376.0	0.3333333333333333
82133	302	0	5	0.7475	179.8	899.0	0.3333333333333333
82134	310	1	4	0.7725	270.8	1354.0	1.0
82135	167	0	5	0.41	57.6	288.0	0.6666666666666666
82136	3	0	5	0.0025	0.2	1.0	0.3333333333333333
82137	245	0	5	0.605	167.4	837.0	0.6666666666666666
82138	35	0	5	0.08	27.4	137.0	0.3333333333333333
82139	248	0	5	0.6125	117.4	587.0	0.3333333333333333
82140	268	0	5	0.6625	253.4	1267.0	0.3333333333333333
82141	105	0	5	0.255	63.8	319.0	0.0
82142	363	1	4	0.905	155.8	779.0	1.0
82143	316	1	4	0.7875	83.2	416.0	1.0
82144	148	0	5	0.3625	108.4	542.0	0.3333333333333333
82145	366	0	5	0.9075	178.6	893.0	0.6666666666666666
82146	365	0	5	0.905	228.6	1143.0	0.6666666666666666
82147	108	0	5	0.2625	79.8	399.0	0.3333333333333333
82148	164	0	5	0.4025	70.2	351.0	0.6666666666666666
82149	374	0	5	0.9275	229.6	1148.0	0.6666666666666666
82150	31	0	5	0.07	29.0	145.0	0.0
82151	43	0	5	0.1	41.0	205.0	0.0
82152	337	0	5	0.835	203.0	1015.0	0.3333333333333333
82153	82	0	5	0.1975	80.0	400.0	0.0
82154	130	0	5	0.3175	103.6	518.0	0.0
82155	394	0	5	0.9775	187.4	937.0	0.6666666666666666
82156	93	0	5	0.225	91.0	455.0	0.0
82157	399	0	5	0.99	255.2	1276.0	0.6666666666666666
82158	185	0	5	0.455	110.4	552.0	0.0
82159	327	0	5	0.81	144.2	721.0	0.6666666666666666
82160	186	0	5	0.4575	49.6	248.0	0.3333333333333333
82161	304	0	5	0.7525	173.0	865.0	0.3333333333333333
82162	401	0	4	0.9975	279.6	1398.0	0.6666666666666666
82163	315	0	5	0.78	128.6	643.0	0.6666666666666666
82164	159	0	5	0.39	112.0	560.0	0.0
82165	244	0	5	0.6025	188.0	940.0	0.6666666666666666
82166	29	0	5	0.065	27.0	135.0	0.0
82167	296	0	5	0.7325	189.0	945.0	0.6666666666666666
82168	234	0	5	0.5775	171.2	856.0	0.6666666666666666
82169	21	0	5	0.045	8.6	43.0	0.3333333333333333
82170	399	0	5	0.99	198.4	992.0	0.6666666666666666
82171	325	0	5	0.805	213.8	1069.0	0.6666666666666666
82172	199	0	5	0.49	89.0	445.0	0.6666666666666666
82173	154	0	5	0.3775	151.4	757.0	0.3333333333333333
82174	309	0	5	0.765	157.8	789.0	0.3333333333333333
82175	43	0	5	0.1	41.0	205.0	0.0
82176	375	0	5	0.93	208.4	1042.0	0.6666666666666666
82177	192	0	5	0.4725	166.4	832.0	0.0
82178	208	0	5	0.5125	169.6	848.0	0.6666666666666666
82179	236	0	5	0.5825	195.0	975.0	0.0
82180	73	0	5	0.175	69.8	349.0	0.3333333333333333
82181	219	0	5	0.54	138.2	691.0	0.3333333333333333
82182	257	0	5	0.635	111.8	559.0	0.6666666666666666
82183	307	0	5	0.76	171.8	859.0	0.6666666666666666
82184	238	0	5	0.5875	169.2	846.0	0.3333333333333333
82185	364	1	4	0.9075	230.0	1150.0	1.0
82186	280	0	5	0.6925	194.0	970.0	0.3333333333333333
82187	312	1	4	0.7775	243.0	1215.0	1.0
82188	80	0	5	0.1925	52.0	260.0	0.3333333333333333
82189	205	0	5	0.505	73.4	367.0	0.3333333333333333
82190	350	0	5	0.8675	174.0	870.0	0.6666666666666666
82191	317	0	5	0.785	138.6	693.0	0.6666666666666666
82192	123	0	5	0.3	96.6	483.0	0.3333333333333333
82193	218	0	5	0.5375	102.8	514.0	0.6666666666666666
82194	290	0	5	0.7175	179.4	897.0	0.3333333333333333
82195	71	0	5	0.17	56.4	282.0	0.0
82196	63	0	5	0.15	61.0	305.0	0.0
82197	99	0	5	0.24	60.2	301.0	0.6666666666666666
82198	330	0	5	0.8175	247.6	1238.0	0.3333333333333333
82199	93	0	5	0.225	66.2	331.0	0.0
82200	283	1	4	0.705	259.6	1298.0	1.0
82201	262	0	5	0.6475	226.2	1131.0	0.3333333333333333
82202	233	0	5	0.575	90.2	451.0	0.0
82203	256	0	5	0.6325	116.8	584.0	0.3333333333333333
82204	45	0	5	0.105	13.4	67.0	0.3333333333333333
82205	68	0	5	0.1625	66.0	330.0	0.0
82206	323	0	5	0.8	142.4	712.0	0.6666666666666666
82207	173	0	5	0.425	108.8	544.0	0.6666666666666666
82208	220	0	5	0.5425	154.4	772.0	0.3333333333333333
82209	16	0	5	0.0325	14.0	70.0	0.0
82210	195	1	3	0.485	115.6	578.0	1.0
82211	29	0	5	0.065	27.0	135.0	0.0
82212	166	0	5	0.4075	124.4	622.0	0.0
82213	122	0	5	0.2975	70.4	352.0	0.6666666666666666
82214	175	0	5	0.43	168.2	841.0	0.3333333333333333
82215	48	0	5	0.1125	44.4	222.0	0.3333333333333333
82216	263	0	5	0.65	163.4	817.0	0.6666666666666666
82217	369	0	5	0.915	85.4	427.0	0.6666666666666666
82218	339	0	5	0.84	150.6	753.0	0.6666666666666666
82219	148	0	5	0.3625	101.2	506.0	0.6666666666666666
82220	119	0	5	0.29	78.6	393.0	0.3333333333333333
82221	127	0	5	0.31	76.6	383.0	0.6666666666666666
82222	77	0	5	0.185	68.4	342.0	0.3333333333333333
82223	210	0	5	0.5175	157.4	787.0	0.3333333333333333
82224	41	0	5	0.095	39.0	195.0	0.0
82225	107	0	5	0.26	105.0	525.0	0.0
82226	246	1	4	0.6125	117.8	589.0	1.0
82227	204	0	5	0.5025	146.8	734.0	0.3333333333333333
82228	35	0	5	0.08	32.0	160.0	0.0
82229	227	0	5	0.56	132.2	661.0	0.6666666666666666
82230	255	1	4	0.635	173.6	868.0	1.0
82231	90	0	5	0.2175	86.4	432.0	0.3333333333333333
82232	161	1	4	0.4	141.8	709.0	1.0
82233	387	0	5	0.96	120.0	600.0	0.6666666666666666
82234	365	0	5	0.905	204.2	1021.0	0.6666666666666666
82235	220	0	5	0.5425	175.6	878.0	0.3333333333333333
82236	185	0	5	0.455	132.0	660.0	0.0
82237	231	1	4	0.575	160.8	804.0	1.0
82238	167	0	5	0.41	150.8	754.0	0.6666666666666666
82239	186	0	5	0.4575	174.4	872.0	0.3333333333333333
82240	25	0	5	0.055	8.6	43.0	0.3333333333333333
82241	280	0	5	0.6925	108.6	543.0	0.6666666666666666
82242	236	0	5	0.5825	179.2	896.0	0.3333333333333333
82243	52	0	5	0.1225	50.0	250.0	0.0
82244	125	0	5	0.305	82.4	412.0	0.6666666666666666
82245	228	0	5	0.5625	189.2	946.0	0.3333333333333333
82246	64	0	5	0.1525	62.0	310.0	0.0
82247	308	1	4	0.7675	208.0	1040.0	1.0
82248	304	0	5	0.7525	139.4	697.0	0.6666666666666666
82249	265	0	5	0.655	155.0	775.0	0.6666666666666666
82250	152	0	5	0.3725	85.8	429.0	0.3333333333333333
82251	246	0	5	0.6075	177.0	885.0	0.3333333333333333
82252	141	0	5	0.345	139.0	695.0	0.0
82253	311	0	5	0.77	295.8	1479.0	0.3333333333333333
82254	211	0	5	0.52	46.6	233.0	0.3333333333333333
82255	356	0	5	0.8825	325.8	1629.0	0.6666666666666666
82256	279	0	5	0.69	191.8	959.0	0.6666666666666666
82257	242	0	5	0.5975	205.2	1026.0	0.3333333333333333
82258	343	0	5	0.85	258.2	1291.0	0.6666666666666666
82259	171	0	5	0.42	109.8	549.0	0.3333333333333333
82260	383	1	4	0.955	176.8	884.0	1.0
82261	170	0	5	0.4175	40.0	200.0	0.3333333333333333
82262	164	1	4	0.4075	84.0	420.0	1.0
82263	144	0	5	0.3525	124.2	621.0	0.3333333333333333
82264	203	0	5	0.5	163.2	816.0	0.3333333333333333
82265	179	0	5	0.44	40.2	201.0	0.6666666666666666
82266	111	0	5	0.27	103.4	517.0	0.0
82267	53	0	5	0.125	51.0	255.0	0.0
82268	352	0	5	0.8725	238.0	1190.0	0.6666666666666666
82269	75	0	5	0.18	70.4	352.0	0.3333333333333333
82270	52	0	5	0.1225	50.0	250.0	0.0
82271	63	0	5	0.15	61.0	305.0	0.0
82272	186	0	5	0.4575	161.8	809.0	0.0
82273	374	1	4	0.9325	212.8	1064.0	1.0
82274	272	0	5	0.6725	115.8	579.0	0.6666666666666666
82275	143	0	5	0.35	100.6	503.0	0.0
82276	72	0	5	0.1725	45.4	227.0	0.6666666666666666
82277	36	0	5	0.0825	34.0	170.0	0.0
82278	67	0	5	0.16	65.0	325.0	0.0
82279	156	0	5	0.3825	34.8	174.0	0.6666666666666666
82280	130	0	5	0.3175	80.8	404.0	0.3333333333333333
82281	220	0	5	0.5425	70.0	350.0	0.3333333333333333
82282	212	0	5	0.5225	162.4	812.0	0.6666666666666666
82283	136	0	5	0.3325	89.6	448.0	0.3333333333333333
82284	88	0	5	0.2125	57.2	286.0	0.3333333333333333
82285	288	0	5	0.7125	105.4	527.0	0.6666666666666666
82286	15	0	5	0.03	9.4	47.0	0.3333333333333333
82287	190	0	5	0.4675	125.2	626.0	0.3333333333333333
82288	164	0	5	0.4025	65.2	326.0	0.6666666666666666
82289	15	0	5	0.03	10.6	53.0	0.3333333333333333
82290	374	1	4	0.9325	260.6	1303.0	1.0
82291	173	0	5	0.425	118.2	591.0	0.3333333333333333
82292	228	0	5	0.5625	70.2	351.0	0.6666666666666666
82293	248	0	5	0.6125	102.4	512.0	0.6666666666666666
82294	306	0	5	0.7575	106.2	531.0	0.6666666666666666
82295	390	1	4	0.9725	196.6	983.0	1.0
82296	397	0	5	0.985	258.6	1293.0	0.6666666666666666
82297	281	1	4	0.7	208.2	1041.0	1.0
82298	108	0	5	0.2625	46.6	233.0	0.3333333333333333
82299	377	0	5	0.935	198.2	991.0	0.6666666666666666
82300	397	0	5	0.985	195.2	976.0	0.6666666666666666
82301	328	0	5	0.8125	244.2	1221.0	0.6666666666666666
82302	282	0	5	0.6975	105.8	529.0	0.3333333333333333
82303	45	0	5	0.105	37.4	187.0	0.3333333333333333
82304	196	0	5	0.4825	134.8	674.0	0.3333333333333333
82305	337	1	4	0.84	233.0	1165.0	1.0
82306	304	0	5	0.7525	80.8	404.0	0.0
82307	225	1	4	0.56	222.0	1110.0	1.0
82308	167	0	5	0.41	145.8	729.0	0.0
82309	75	0	5	0.18	49.8	249.0	0.0
82310	104	0	5	0.2525	102.0	510.0	0.0
82311	292	0	5	0.7225	89.0	445.0	0.6666666666666666
82312	139	0	5	0.34	137.0	685.0	0.0
82313	250	0	5	0.6175	166.0	830.0	0.3333333333333333
82314	68	0	5	0.1625	41.2	206.0	0.3333333333333333
82315	230	0	5	0.5675	136.8	684.0	0.3333333333333333
82316	4	0	5	0.0025	2.0	10.0	0.0
82317	155	0	5	0.38	83.4	417.0	0.3333333333333333
82318	285	0	5	0.705	177.6	888.0	0.6666666666666666
82319	122	0	5	0.2975	88.8	444.0	0.0
82320	136	0	5	0.3325	123.8	619.0	0.3333333333333333
82321	102	0	5	0.2475	80.0	400.0	0.3333333333333333
82322	182	0	5	0.4475	109.6	548.0	0.3333333333333333
82323	243	0	5	0.6	71.4	357.0	0.0
82324	234	0	5	0.5775	90.8	454.0	0.3333333333333333
82325	260	0	5	0.6425	191.4	957.0	0.6666666666666666
82326	239	0	5	0.59	209.6	1048.0	0.6666666666666666
82327	395	0	5	0.98	134.2	671.0	0.6666666666666666
82328	8	0	5	0.0125	6.0	30.0	0.0
82329	350	0	5	0.8675	130.4	652.0	0.6666666666666666
82330	308	0	5	0.7625	190.4	952.0	0.6666666666666666
82331	265	0	5	0.655	177.6	888.0	0.3333333333333333
82332	401	0	4	0.9975	93.2	466.0	0.6666666666666666
82333	182	0	5	0.4475	86.0	430.0	0.6666666666666666
82334	166	0	5	0.4075	96.2	481.0	0.3333333333333333
82335	314	0	5	0.7775	233.8	1169.0	0.3333333333333333
82336	95	0	5	0.23	93.0	465.0	0.0
82337	199	0	5	0.49	173.0	865.0	0.3333333333333333
82338	96	0	5	0.2325	32.4	162.0	0.3333333333333333
82339	55	0	5	0.13	53.0	265.0	0.0
82340	202	0	5	0.4975	165.0	825.0	0.6666666666666666
82341	233	1	4	0.58	58.6	293.0	1.0
82342	247	0	5	0.61	129.4	647.0	0.6666666666666666
82343	329	1	4	0.82	288.2	1441.0	1.0
82344	185	0	5	0.455	162.0	810.0	0.0
82345	96	0	5	0.2325	82.0	410.0	0.3333333333333333
82346	103	0	5	0.25	101.0	505.0	0.0
82347	179	0	5	0.44	160.0	800.0	0.6666666666666666
82348	205	1	4	0.51	52.8	264.0	1.0
82349	89	0	5	0.215	22.2	111.0	0.3333333333333333
82350	254	0	5	0.6275	202.2	1011.0	0.3333333333333333
82351	78	0	5	0.1875	48.0	240.0	0.0
82352	118	0	5	0.2875	96.0	480.0	0.3333333333333333
82353	375	0	5	0.93	246.6	1233.0	0.3333333333333333
82354	60	0	5	0.1425	58.0	290.0	0.0
82355	163	0	5	0.4	142.2	711.0	0.0
82356	327	0	5	0.81	144.6	723.0	0.6666666666666666
82357	155	0	5	0.38	115.0	575.0	0.6666666666666666
82358	8	0	5	0.0125	6.0	30.0	0.0
82359	152	0	5	0.3725	113.6	568.0	0.6666666666666666
82360	123	0	5	0.3	78.2	391.0	0.6666666666666666
82361	368	0	5	0.9125	77.2	386.0	0.6666666666666666
82362	155	0	5	0.38	129.0	645.0	0.3333333333333333
82363	287	0	5	0.71	173.8	869.0	0.3333333333333333
82364	293	1	3	0.73	267.2	1336.0	1.0
82365	90	0	5	0.2175	71.4	357.0	0.0
82366	189	0	5	0.465	176.8	884.0	0.0
82367	260	0	5	0.6425	254.8	1274.0	0.3333333333333333
82368	252	0	5	0.6225	214.4	1072.0	0.6666666666666666
82369	400	0	5	0.9925	252.2	1261.0	0.6666666666666666
82370	235	0	5	0.58	116.6	583.0	0.0
82371	301	0	5	0.745	212.6	1063.0	0.3333333333333333
82372	221	0	5	0.545	124.6	623.0	0.3333333333333333
82373	218	0	5	0.5375	190.0	950.0	0.6666666666666666
82374	65	0	5	0.155	58.6	293.0	0.0
82375	181	0	5	0.445	179.0	895.0	0.0
82376	328	0	5	0.8125	252.4	1262.0	0.3333333333333333
82377	224	0	5	0.5525	81.6	408.0	0.6666666666666666
82378	112	0	5	0.2725	97.6	488.0	0.3333333333333333
82379	251	0	5	0.62	228.2	1141.0	0.0
82380	159	0	5	0.39	137.0	685.0	0.3333333333333333
82381	194	0	5	0.4775	95.2	476.0	0.6666666666666666
82382	302	0	5	0.7475	247.6	1238.0	0.3333333333333333
82383	348	1	4	0.8675	184.6	923.0	1.0
82384	216	0	5	0.5325	150.2	751.0	0.3333333333333333
82385	188	0	5	0.4625	147.0	735.0	0.0
82386	133	0	5	0.325	107.8	539.0	0.3333333333333333
82387	63	0	5	0.15	61.0	305.0	0.0
82388	339	0	5	0.84	81.8	409.0	0.6666666666666666
82389	199	0	5	0.49	173.8	869.0	0.3333333333333333
82390	8	0	5	0.0125	6.0	30.0	0.0
82391	45	0	5	0.105	43.0	215.0	0.0
82392	89	0	5	0.215	73.6	368.0	0.0
82393	336	0	5	0.8325	181.4	907.0	0.3333333333333333
82394	329	0	5	0.815	173.6	868.0	0.6666666666666666
82395	240	0	5	0.5925	129.2	646.0	0.0
82396	184	0	5	0.4525	179.0	895.0	0.3333333333333333
82397	168	0	5	0.4125	93.4	467.0	0.3333333333333333
82398	85	0	5	0.205	49.4	247.0	0.3333333333333333
82399	307	0	5	0.76	257.6	1288.0	0.0
82400	103	0	5	0.25	68.8	344.0	0.3333333333333333
82401	49	0	5	0.115	44.6	223.0	0.3333333333333333
82402	71	0	5	0.17	57.2	286.0	0.6666666666666666
82403	394	0	5	0.9775	259.2	1296.0	0.6666666666666666
82404	258	0	5	0.6375	237.2	1186.0	0.6666666666666666
82405	244	0	5	0.6025	129.2	646.0	0.6666666666666666
82406	270	0	5	0.6675	160.6	803.0	0.3333333333333333
82407	54	0	5	0.1275	38.0	190.0	0.0
82408	350	0	5	0.8675	310.2	1551.0	0.6666666666666666
82409	56	0	5	0.1325	54.0	270.0	0.0
82410	148	0	5	0.3625	101.6	508.0	0.0
82411	205	0	5	0.505	77.6	388.0	0.3333333333333333
82412	45	0	5	0.105	34.2	171.0	0.3333333333333333
82413	91	0	5	0.22	85.8	429.0	0.3333333333333333
82414	260	0	5	0.6425	131.4	657.0	0.3333333333333333
82415	379	0	5	0.94	231.0	1155.0	0.6666666666666666
82416	176	0	5	0.4325	161.2	806.0	0.3333333333333333
82417	81	0	5	0.195	59.8	299.0	0.6666666666666666
82418	242	0	5	0.5975	216.8	1084.0	0.3333333333333333
82419	175	0	5	0.43	105.2	526.0	0.6666666666666666
82420	143	0	5	0.35	134.6	673.0	0.6666666666666666
82421	97	0	5	0.235	63.8	319.0	0.3333333333333333
82422	115	0	5	0.28	78.2	391.0	0.0
82423	242	0	5	0.5975	211.0	1055.0	0.0
82424	137	0	5	0.335	56.4	282.0	0.6666666666666666
82425	133	0	5	0.325	112.4	562.0	0.0
82426	313	1	4	0.78	157.4	787.0	1.0
82427	153	0	5	0.375	34.2	171.0	0.0
82428	138	0	5	0.3375	130.4	652.0	0.3333333333333333
82429	40	0	5	0.0925	30.2	151.0	0.3333333333333333
82430	294	0	5	0.7275	223.8	1119.0	0.6666666666666666
82431	334	0	5	0.8275	148.2	741.0	0.3333333333333333
82432	87	0	5	0.21	67.0	335.0	0.0
82433	153	0	5	0.375	50.0	250.0	0.6666666666666666
82434	274	0	5	0.6775	166.0	830.0	0.3333333333333333
82435	312	0	5	0.7725	154.4	772.0	0.6666666666666666
82436	15	0	5	0.03	13.0	65.0	0.0
82437	277	0	5	0.685	101.6	508.0	0.6666666666666666
82438	349	0	5	0.865	251.0	1255.0	0.6666666666666666
82439	120	0	5	0.2925	114.6	573.0	0.3333333333333333
82440	340	0	5	0.8425	108.4	542.0	0.6666666666666666
82441	257	0	5	0.635	93.4	467.0	0.3333333333333333
82442	349	0	5	0.865	231.8	1159.0	0.3333333333333333
82443	336	0	5	0.8325	170.8	854.0	0.6666666666666666
82444	211	0	5	0.52	141.4	707.0	0.3333333333333333
82445	227	0	5	0.56	54.6	273.0	0.6666666666666666
82446	76	0	5	0.1825	30.0	150.0	0.3333333333333333
82447	372	0	5	0.9225	261.8	1309.0	0.6666666666666666
82448	251	0	5	0.62	61.0	305.0	0.6666666666666666
82449	57	0	5	0.135	55.0	275.0	0.0
82450	111	0	5	0.27	88.2	441.0	0.3333333333333333
82451	293	1	4	0.73	164.6	823.0	1.0
82452	274	0	5	0.6775	204.2	1021.0	0.6666666666666666
82453	183	0	5	0.45	169.2	846.0	0.6666666666666666
82454	165	0	5	0.405	71.0	355.0	0.6666666666666666
82455	209	0	5	0.515	159.0	795.0	0.3333333333333333
82456	376	1	4	0.9375	156.0	780.0	1.0
82457	331	0	5	0.82	189.0	945.0	0.3333333333333333
82458	182	0	5	0.4475	112.8	564.0	0.3333333333333333
82459	141	0	5	0.345	34.2	171.0	0.3333333333333333
82460	233	0	5	0.575	148.8	744.0	0.6666666666666666
82461	226	0	5	0.5575	53.0	265.0	0.6666666666666666
82462	4	0	5	0.0025	2.0	10.0	0.0
82463	50	0	5	0.1175	48.0	240.0	0.0
82464	296	0	5	0.7325	138.6	693.0	0.6666666666666666
82465	372	0	5	0.9225	246.8	1234.0	0.3333333333333333
82466	192	0	5	0.4725	172.6	863.0	0.6666666666666666
82467	151	0	5	0.37	41.0	205.0	0.6666666666666666
82468	133	0	5	0.325	123.0	615.0	0.0
82469	153	0	5	0.375	63.8	319.0	0.3333333333333333
82470	361	0	5	0.895	208.6	1043.0	0.6666666666666666
82471	281	0	5	0.695	128.6	643.0	0.6666666666666666
82472	133	0	5	0.325	79.8	399.0	0.3333333333333333
82473	146	0	5	0.3575	129.6	648.0	0.6666666666666666
82474	65	0	5	0.155	43.0	215.0	0.3333333333333333
82475	98	0	5	0.2375	75.4	377.0	0.6666666666666666
82476	331	1	4	0.825	192.2	961.0	1.0
82477	84	0	5	0.2025	82.0	410.0	0.0
82478	265	0	5	0.655	116.6	583.0	0.6666666666666666
82479	219	0	5	0.54	199.6	998.0	0.6666666666666666
82480	53	0	5	0.125	51.0	255.0	0.0
82481	142	0	5	0.3475	131.6	658.0	0.0
82482	213	0	5	0.525	116.2	581.0	0.3333333333333333
82483	186	0	5	0.4575	151.6	758.0	0.3333333333333333
82484	350	0	5	0.8675	148.0	740.0	0.3333333333333333
82485	383	0	5	0.95	223.4	1117.0	0.6666666666666666
82486	207	0	5	0.51	194.8	974.0	0.3333333333333333
82487	67	0	5	0.16	63.8	319.0	0.0
82488	276	0	5	0.6825	143.4	717.0	0.6666666666666666
82489	347	0	5	0.86	260.6	1303.0	0.3333333333333333
82490	18	0	5	0.0375	16.0	80.0	0.0
82491	195	0	5	0.48	166.4	832.0	0.3333333333333333
82492	205	0	5	0.505	68.6	343.0	0.6666666666666666
82493	227	1	4	0.565	88.6	443.0	1.0
82494	148	0	5	0.3625	133.4	667.0	0.0
82495	76	0	5	0.1825	69.2	346.0	0.3333333333333333
82496	264	0	5	0.6525	132.6	663.0	0.6666666666666666
82497	178	0	5	0.4375	88.4	442.0	0.3333333333333333
82498	16	0	5	0.0325	14.0	70.0	0.0
82499	154	1	4	0.3825	68.6	343.0	1.0
82500	386	0	5	0.9575	227.8	1139.0	0.6666666666666666
82501	291	0	5	0.72	238.2	1191.0	0.6666666666666666
82502	285	0	5	0.705	68.4	342.0	0.6666666666666666
82503	394	0	5	0.9775	292.0	1460.0	0.6666666666666666
82504	119	0	5	0.29	29.8	149.0	0.3333333333333333
82505	139	0	5	0.34	92.2	461.0	0.0
82506	34	0	5	0.0775	32.0	160.0	0.0
82507	293	0	5	0.725	141.6	708.0	0.6666666666666666
82508	218	1	4	0.5425	113.6	568.0	1.0
82509	203	0	5	0.5	156.6	783.0	0.3333333333333333
82510	364	1	4	0.9075	224.0	1120.0	1.0
82511	389	0	5	0.965	186.0	930.0	0.6666666666666666
82512	334	0	5	0.8275	276.0	1380.0	0.3333333333333333
82513	156	0	5	0.3825	60.4	302.0	0.3333333333333333
82514	66	0	5	0.1575	43.6	218.0	0.6666666666666666
82515	360	0	5	0.8925	132.2	661.0	0.6666666666666666
82516	76	0	5	0.1825	61.2	306.0	0.3333333333333333
82517	143	0	5	0.35	57.8	289.0	0.3333333333333333
82518	315	0	5	0.78	133.6	668.0	0.6666666666666666
82519	72	0	5	0.1725	27.8	139.0	0.6666666666666666
82520	203	0	5	0.5	143.8	719.0	0.6666666666666666
82521	10	0	5	0.0175	8.0	40.0	0.0
82522	182	0	5	0.4475	166.4	832.0	0.3333333333333333
82523	58	0	5	0.1375	56.0	280.0	0.0
82524	154	0	5	0.3775	112.4	562.0	0.6666666666666666
82525	54	0	5	0.1275	43.8	219.0	0.0
82526	78	0	5	0.1875	76.0	380.0	0.0
82527	130	0	5	0.3175	93.8	469.0	0.6666666666666666
82528	101	0	5	0.245	68.4	342.0	0.3333333333333333
82529	357	0	5	0.885	297.8	1489.0	0.3333333333333333
82530	216	0	5	0.5325	166.2	831.0	0.6666666666666666
82531	246	0	5	0.6075	149.6	748.0	0.3333333333333333
82532	32	0	5	0.0725	30.0	150.0	0.0
82533	92	0	5	0.2225	90.0	450.0	0.0
82534	320	1	4	0.7975	103.2	516.0	1.0
82535	280	0	5	0.6925	119.8	599.0	0.6666666666666666
82536	160	0	5	0.3925	100.4	502.0	0.3333333333333333
82537	364	1	4	0.9075	246.0	1230.0	1.0
82538	153	1	4	0.38	142.6	713.0	1.0
82539	232	0	5	0.5725	170.0	850.0	0.3333333333333333
82540	229	0	5	0.565	182.4	912.0	0.6666666666666666
82541	334	0	5	0.8275	66.6	333.0	0.6666666666666666
82542	191	0	5	0.47	146.0	730.0	0.3333333333333333
82543	301	0	5	0.745	210.2	1051.0	0.3333333333333333
82544	357	1	4	0.89	253.4	1267.0	1.0
82545	391	0	5	0.97	148.8	744.0	0.6666666666666666
82546	33	0	5	0.075	31.0	155.0	0.0
82547	163	0	5	0.4	132.6	663.0	0.3333333333333333
82548	264	0	5	0.6525	120.6	603.0	0.6666666666666666
82549	198	0	5	0.4875	156.8	784.0	0.3333333333333333
82550	279	0	5	0.69	233.8	1169.0	0.3333333333333333
82551	390	1	4	0.9725	232.4	1162.0	1.0
82552	53	0	5	0.125	51.0	255.0	0.0
82553	304	0	5	0.7525	97.2	486.0	0.6666666666666666
82554	347	0	5	0.86	246.6	1233.0	0.6666666666666666
82555	267	1	4	0.665	62.2	311.0	1.0
82556	126	0	5	0.3075	124.0	620.0	0.0
82557	205	0	5	0.505	45.4	227.0	0.3333333333333333
82558	132	0	5	0.3225	120.8	604.0	0.3333333333333333
82559	310	0	5	0.7675	109.2	546.0	0.6666666666666666
82560	79	0	5	0.19	34.6	173.0	0.3333333333333333
82561	276	0	5	0.6825	187.4	937.0	0.6666666666666666
82562	263	0	5	0.65	221.4	1107.0	0.3333333333333333
82563	312	0	5	0.7725	219.6	1098.0	0.3333333333333333
82564	318	0	5	0.7875	240.4	1202.0	0.6666666666666666
82565	30	0	5	0.0675	11.6	58.0	0.0
82566	399	0	5	0.99	259.6	1298.0	0.6666666666666666
82567	54	0	5	0.1275	52.0	260.0	0.0
82568	175	0	5	0.43	95.2	476.0	0.6666666666666666
82569	376	0	5	0.9325	93.4	467.0	0.6666666666666666
82570	254	0	5	0.6275	95.2	476.0	0.3333333333333333
82571	180	0	5	0.4425	44.0	220.0	0.6666666666666666
82572	368	0	5	0.9125	338.8	1694.0	0.6666666666666666
82573	302	0	5	0.7475	241.6	1208.0	0.6666666666666666
82574	30	0	5	0.0675	28.0	140.0	0.0
82575	317	0	5	0.785	250.0	1250.0	0.6666666666666666
82576	354	0	5	0.8775	130.8	654.0	0.6666666666666666
82577	9	0	5	0.015	7.0	35.0	0.0
82578	261	0	5	0.645	158.6	793.0	0.3333333333333333
82579	330	0	5	0.8175	183.8	919.0	0.3333333333333333
82580	309	0	5	0.765	271.2	1356.0	0.3333333333333333
82581	130	0	5	0.3175	120.0	600.0	0.3333333333333333
82582	396	0	5	0.9825	164.4	822.0	0.6666666666666666
82583	386	0	5	0.9575	232.6	1163.0	0.6666666666666666
82584	391	0	5	0.97	169.8	849.0	0.6666666666666666
82585	369	0	5	0.915	188.6	943.0	0.6666666666666666
82586	83	0	5	0.2	80.0	400.0	0.3333333333333333
82587	218	0	5	0.5375	185.0	925.0	0.3333333333333333
82588	360	0	5	0.8925	238.6	1193.0	0.6666666666666666
82589	244	0	5	0.6025	174.4	872.0	0.3333333333333333
82590	40	0	5	0.0925	35.6	178.0	0.0
82591	268	0	5	0.6625	255.0	1275.0	0.3333333333333333
82592	274	0	5	0.6775	143.6	718.0	0.3333333333333333
82593	232	0	5	0.5725	163.2	816.0	0.0
82594	328	0	5	0.8125	220.4	1102.0	0.6666666666666666
82595	399	0	5	0.99	225.8	1129.0	0.6666666666666666
82596	357	0	5	0.885	149.2	746.0	0.6666666666666666
82597	162	0	5	0.3975	40.0	200.0	0.3333333333333333
82598	166	0	5	0.4075	164.0	820.0	0.0
82599	105	0	5	0.255	93.8	469.0	0.3333333333333333
82600	326	0	5	0.8075	204.2	1021.0	0.3333333333333333
82601	314	0	5	0.7775	105.4	527.0	0.6666666666666666
82602	356	0	5	0.8825	181.6	908.0	0.6666666666666666
82603	76	0	5	0.1825	37.2	186.0	0.6666666666666666
82604	259	0	5	0.64	91.8	459.0	0.6666666666666666
82605	185	0	5	0.455	102.0	510.0	0.0
82606	167	0	5	0.41	114.8	574.0	0.3333333333333333
82607	271	1	4	0.675	119.2	596.0	1.0
82608	196	0	5	0.4825	88.4	442.0	0.6666666666666666
82609	99	0	5	0.24	78.2	391.0	0.0
82610	125	0	5	0.305	104.0	520.0	0.0
82611	326	0	5	0.8075	142.4	712.0	0.6666666666666666
82612	45	0	5	0.105	43.0	215.0	0.0
82613	399	0	5	0.99	240.6	1203.0	0.6666666666666666
82614	223	0	5	0.55	187.0	935.0	0.6666666666666666
82615	126	0	5	0.3075	73.6	368.0	0.3333333333333333
82616	69	0	5	0.165	55.0	275.0	0.0
82617	337	1	4	0.84	107.4	537.0	1.0
82618	341	0	5	0.845	174.6	873.0	0.6666666666666666
82619	74	0	5	0.1775	72.0	360.0	0.3333333333333333
82620	81	0	5	0.195	37.6	188.0	0.0
82621	172	0	5	0.4225	122.4	612.0	0.6666666666666666
82622	313	0	5	0.775	187.4	937.0	0.6666666666666666
82623	240	0	5	0.5925	145.6	728.0	0.3333333333333333
82624	88	0	5	0.2125	72.4	362.0	0.0
82625	166	0	5	0.4075	91.2	456.0	0.0
82626	210	0	5	0.5175	152.4	762.0	0.0
82627	14	0	5	0.0275	12.0	60.0	0.0
82628	214	0	5	0.5275	179.4	897.0	0.3333333333333333
82629	115	0	5	0.28	68.4	342.0	0.3333333333333333
82630	55	0	5	0.13	21.0	105.0	0.3333333333333333
82631	125	0	5	0.305	123.0	615.0	0.0
82632	300	1	4	0.7475	174.6	873.0	1.0
82633	361	0	5	0.895	207.0	1035.0	0.6666666666666666
82634	143	0	5	0.35	68.6	343.0	0.3333333333333333
82635	218	0	5	0.5375	216.0	1080.0	0.3333333333333333
82636	158	0	5	0.3875	156.0	780.0	0.0
82637	373	1	4	0.93	162.8	814.0	1.0
82638	319	0	5	0.79	225.6	1128.0	0.6666666666666666
82639	117	0	5	0.285	49.4	247.0	0.6666666666666666
82640	397	1	3	0.99	226.8	1134.0	1.0
82641	151	0	5	0.37	136.4	682.0	0.3333333333333333
82642	79	0	5	0.19	76.2	381.0	0.0
82643	314	0	5	0.7775	218.0	1090.0	0.6666666666666666
82644	214	0	5	0.5275	75.8	379.0	0.6666666666666666
82645	177	0	5	0.435	160.0	800.0	0.3333333333333333
82646	367	0	5	0.91	293.0	1465.0	0.6666666666666666
82647	326	0	5	0.8075	311.0	1555.0	0.3333333333333333
82648	200	0	5	0.4925	154.2	771.0	0.3333333333333333
82649	319	0	5	0.79	170.2	851.0	0.6666666666666666
82650	145	0	5	0.355	91.4	457.0	0.3333333333333333
82651	104	0	5	0.2525	60.8	304.0	0.0
82652	249	0	5	0.615	129.0	645.0	0.3333333333333333
82653	85	0	5	0.205	71.0	355.0	0.3333333333333333
82654	354	0	5	0.8775	273.8	1369.0	0.3333333333333333
82655	246	0	5	0.6075	93.6	468.0	0.3333333333333333
82656	41	0	5	0.095	39.0	195.0	0.0
82657	165	0	5	0.405	163.0	815.0	0.0
82658	308	0	5	0.7625	120.2	601.0	0.6666666666666666
82659	80	1	4	0.1975	60.0	300.0	1.0
82660	370	0	5	0.9175	335.8	1679.0	0.6666666666666666
82661	69	0	5	0.165	67.0	335.0	0.0
82662	323	1	4	0.805	252.0	1260.0	1.0
82663	384	0	5	0.9525	324.2	1621.0	0.6666666666666666
82664	367	0	5	0.91	231.8	1159.0	0.6666666666666666
82665	280	0	5	0.6925	255.6	1278.0	0.0
82666	209	0	5	0.515	179.8	899.0	0.0
82667	195	0	5	0.48	103.4	517.0	0.6666666666666666
82668	149	0	5	0.365	101.0	505.0	0.3333333333333333
82669	260	0	5	0.6425	218.4	1092.0	0.3333333333333333
82670	277	0	5	0.685	220.4	1102.0	0.3333333333333333
82671	147	0	5	0.36	79.0	395.0	0.6666666666666666
82672	178	0	5	0.4375	156.8	784.0	0.3333333333333333
82673	339	0	5	0.84	254.2	1271.0	0.3333333333333333
82674	65	0	5	0.155	46.2	231.0	0.3333333333333333
82675	60	0	5	0.1425	58.0	290.0	0.0
82676	237	1	4	0.59	151.6	758.0	1.0
82677	390	0	5	0.9675	218.0	1090.0	0.6666666666666666
82678	267	0	5	0.66	214.2	1071.0	0.3333333333333333
82679	241	0	5	0.595	88.6	443.0	0.3333333333333333
82680	112	0	5	0.2725	89.2	446.0	0.0
82681	273	0	5	0.675	191.4	957.0	0.6666666666666666
82682	183	0	5	0.45	139.0	695.0	0.3333333333333333
82683	164	0	5	0.4025	139.8	699.0	0.3333333333333333
82684	309	1	4	0.77	81.8	409.0	1.0
82685	194	0	5	0.4775	127.2	636.0	0.0
82686	299	0	5	0.74	181.8	909.0	0.3333333333333333
82687	230	0	5	0.5675	133.6	668.0	0.6666666666666666
82688	277	0	5	0.685	203.4	1017.0	0.6666666666666666
82689	277	0	5	0.685	204.4	1022.0	0.3333333333333333
82690	106	0	5	0.2575	67.6	338.0	0.0
82691	127	0	5	0.31	114.8	574.0	0.0
82692	92	0	5	0.2225	90.0	450.0	0.0
82693	336	0	5	0.8325	216.0	1080.0	0.3333333333333333
82694	338	0	5	0.8375	214.0	1070.0	0.6666666666666666
82695	256	0	5	0.6325	181.4	907.0	0.3333333333333333
82696	132	0	5	0.3225	69.8	349.0	0.0
82697	246	1	4	0.6125	197.2	986.0	1.0
82698	257	0	5	0.635	144.8	724.0	0.6666666666666666
82699	350	0	5	0.8675	277.0	1385.0	0.6666666666666666
82700	236	0	5	0.5825	189.0	945.0	0.0
82701	226	0	5	0.5575	175.2	876.0	0.0
82702	151	0	5	0.37	134.0	670.0	0.0
82703	55	0	5	0.13	53.0	265.0	0.0
82704	265	0	5	0.655	122.0	610.0	0.6666666666666666
82705	66	0	5	0.1575	39.2	196.0	0.3333333333333333
82706	224	0	5	0.5525	199.2	996.0	0.6666666666666666
82707	301	0	5	0.745	179.0	895.0	0.6666666666666666
82708	315	0	5	0.78	145.0	725.0	0.6666666666666666
82709	153	0	5	0.375	148.6	743.0	0.3333333333333333
82710	168	0	5	0.4125	130.0	650.0	0.6666666666666666
82711	187	1	3	0.465	133.0	665.0	1.0
82712	353	0	5	0.875	178.8	894.0	0.6666666666666666
82713	55	0	5	0.13	53.0	265.0	0.0
82714	345	0	5	0.855	170.8	854.0	0.6666666666666666
82715	150	0	5	0.3675	90.0	450.0	0.6666666666666666
82716	37	0	5	0.085	17.0	85.0	0.0
82717	355	0	5	0.88	203.8	1019.0	0.6666666666666666
82718	172	0	5	0.4225	166.8	834.0	0.6666666666666666
82719	326	0	5	0.8075	125.6	628.0	0.6666666666666666
82720	396	1	4	0.9875	137.2	686.0	1.0
82721	67	0	5	0.16	65.0	325.0	0.0
82722	145	0	5	0.355	143.0	715.0	0.0
82723	152	0	5	0.3725	142.8	714.0	0.3333333333333333
82724	187	0	5	0.46	120.2	601.0	0.3333333333333333
82725	231	1	4	0.575	188.6	943.0	1.0
82726	195	0	5	0.48	86.8	434.0	0.6666666666666666
82727	98	0	5	0.2375	96.0	480.0	0.0
82728	217	0	5	0.535	172.6	863.0	0.6666666666666666
82729	266	0	5	0.6575	140.2	701.0	0.6666666666666666
82730	300	0	5	0.7425	147.4	737.0	0.3333333333333333
82731	21	0	5	0.045	18.4	92.0	0.0
82732	273	0	5	0.675	72.2	361.0	0.3333333333333333
82733	180	0	5	0.4425	122.4	612.0	0.3333333333333333
82734	178	0	5	0.4375	134.0	670.0	0.0
82735	115	0	5	0.28	66.4	332.0	0.3333333333333333
82736	240	0	5	0.5925	183.0	915.0	0.3333333333333333
82737	149	0	5	0.365	109.4	547.0	0.3333333333333333
82738	264	0	5	0.6525	184.2	921.0	0.3333333333333333
82739	353	0	5	0.875	149.4	747.0	0.6666666666666666
82740	344	0	5	0.8525	254.6	1273.0	0.3333333333333333
82741	178	0	5	0.4375	100.4	502.0	0.3333333333333333
82742	104	0	5	0.2525	102.0	510.0	0.3333333333333333
82743	244	0	5	0.6025	201.0	1005.0	0.3333333333333333
82744	345	0	5	0.855	119.6	598.0	0.6666666666666666
82745	75	0	5	0.18	50.6	253.0	0.0
82746	226	0	5	0.5575	107.6	538.0	0.6666666666666666
82747	196	0	5	0.4825	65.6	328.0	0.3333333333333333
82748	264	0	5	0.6525	204.4	1022.0	0.6666666666666666
82749	148	0	5	0.3625	81.2	406.0	0.3333333333333333
82750	295	0	5	0.73	273.8	1369.0	0.3333333333333333
82751	65	0	5	0.155	55.4	277.0	0.3333333333333333
82752	130	0	5	0.3175	96.8	484.0	0.3333333333333333
82753	286	0	5	0.7075	173.8	869.0	0.3333333333333333
82754	389	1	4	0.97	318.0	1590.0	1.0
82755	181	0	5	0.445	80.6	403.0	0.3333333333333333
82756	166	0	5	0.4075	121.2	606.0	0.0
82757	247	0	5	0.61	192.2	961.0	0.6666666666666666
82758	249	0	5	0.615	158.4	792.0	0.6666666666666666
82759	210	0	5	0.5175	163.0	815.0	0.0
82760	109	0	5	0.265	43.0	215.0	0.0
82761	73	0	5	0.175	66.0	330.0	0.0
82762	64	0	5	0.1525	54.8	274.0	0.0
82763	289	0	5	0.715	150.2	751.0	0.3333333333333333
82764	255	0	5	0.63	135.4	677.0	0.6666666666666666
82765	397	0	5	0.985	166.2	831.0	0.6666666666666666
82766	284	0	5	0.7025	191.2	956.0	0.3333333333333333
82767	148	0	5	0.3625	102.8	514.0	0.3333333333333333
82768	376	0	5	0.9325	256.8	1284.0	0.6666666666666666
82769	285	0	5	0.705	177.0	885.0	0.6666666666666666
82770	24	0	5	0.0525	14.8	74.0	0.3333333333333333
82771	341	0	5	0.845	173.0	865.0	0.6666666666666666
82772	340	0	5	0.8425	257.6	1288.0	0.6666666666666666
82773	198	0	5	0.4875	117.4	587.0	0.0
82774	180	0	5	0.4425	113.6	568.0	0.3333333333333333
82775	213	0	5	0.525	180.2	901.0	0.3333333333333333
82776	219	1	4	0.545	73.0	365.0	1.0
82777	5	0	5	0.005	3.0	15.0	0.0
82778	168	0	5	0.4125	106.6	533.0	0.0
82779	2	0	5	0.0	0.0	0.0	0.0
82780	71	0	5	0.17	45.8	229.0	0.3333333333333333
82781	313	1	4	0.78	128.2	641.0	1.0
82782	303	0	5	0.75	86.6	433.0	0.6666666666666666
82783	364	1	4	0.9075	277.6	1388.0	1.0
82784	169	0	5	0.415	134.6	673.0	0.3333333333333333
82785	62	0	5	0.1475	35.2	176.0	0.0
82786	185	0	5	0.455	121.8	609.0	0.6666666666666666
82787	141	0	5	0.345	62.0	310.0	0.3333333333333333
82788	242	0	5	0.5975	182.6	913.0	0.6666666666666666
82789	231	0	5	0.57	106.2	531.0	0.6666666666666666
82790	156	0	5	0.3825	124.0	620.0	0.3333333333333333
82791	80	0	5	0.1925	40.8	204.0	0.3333333333333333
82792	184	0	5	0.4525	182.0	910.0	0.0
82793	22	0	5	0.0475	10.4	52.0	0.0
82794	36	0	5	0.0825	34.0	170.0	0.0
82795	273	0	5	0.675	247.8	1239.0	0.3333333333333333
82796	348	0	5	0.8625	200.2	1001.0	0.3333333333333333
82797	56	0	5	0.1325	54.0	270.0	0.0
82798	304	0	5	0.7525	168.8	844.0	0.6666666666666666
82799	204	0	5	0.5025	152.4	762.0	0.3333333333333333
82800	248	0	5	0.6125	199.6	998.0	0.0
82801	117	0	5	0.285	115.0	575.0	0.0
82802	223	0	5	0.55	165.2	826.0	0.0
82803	235	0	5	0.58	152.2	761.0	0.3333333333333333
82804	248	0	5	0.6125	178.4	892.0	0.6666666666666666
82805	41	0	5	0.095	35.8	179.0	0.0
82806	118	0	5	0.2875	77.0	385.0	0.3333333333333333
82807	90	0	5	0.2175	31.2	156.0	0.3333333333333333
82808	59	0	5	0.14	57.0	285.0	0.0
82809	63	0	5	0.15	25.8	129.0	0.3333333333333333
82810	88	0	5	0.2125	86.0	430.0	0.0
82811	108	0	5	0.2625	58.2	291.0	0.0
82812	218	0	5	0.5375	150.0	750.0	0.3333333333333333
82813	225	0	5	0.555	100.0	500.0	0.3333333333333333
82814	277	0	5	0.685	179.8	899.0	0.3333333333333333
82815	128	0	5	0.3125	63.0	315.0	0.3333333333333333
82816	180	0	5	0.4425	71.6	358.0	0.3333333333333333
82817	147	0	5	0.36	82.6	413.0	0.3333333333333333
82818	301	0	5	0.745	185.0	925.0	0.6666666666666666
82819	361	1	4	0.9	170.0	850.0	1.0
82820	120	0	5	0.2925	114.8	574.0	0.0
82821	191	0	5	0.47	55.4	277.0	0.3333333333333333
82822	215	0	5	0.53	132.8	664.0	0.3333333333333333
82823	120	0	5	0.2925	101.2	506.0	0.0
82824	196	0	5	0.4825	91.2	456.0	0.6666666666666666
82825	300	0	5	0.7425	208.6	1043.0	0.3333333333333333
82826	266	0	5	0.6575	162.6	813.0	0.3333333333333333
82827	323	0	5	0.8	262.8	1314.0	0.3333333333333333
82828	156	0	5	0.3825	108.2	541.0	0.6666666666666666
82829	396	0	5	0.9825	157.2	786.0	0.6666666666666666
82830	251	0	5	0.62	164.6	823.0	0.3333333333333333
82831	290	0	5	0.7175	196.6	983.0	0.6666666666666666
82832	277	1	4	0.69	191.6	958.0	1.0
82833	394	0	5	0.9775	216.2	1081.0	0.6666666666666666
82834	175	0	5	0.43	144.0	720.0	0.3333333333333333
82835	223	0	5	0.55	68.2	341.0	0.6666666666666666
82836	323	1	4	0.805	147.4	737.0	1.0
82837	52	0	5	0.1225	50.0	250.0	0.0
82838	40	0	5	0.0925	17.0	85.0	0.3333333333333333
82839	308	0	5	0.7625	124.2	621.0	0.6666666666666666
82840	49	0	5	0.115	31.8	159.0	0.6666666666666666
82841	119	0	5	0.29	100.2	501.0	0.3333333333333333
82842	396	0	5	0.9825	178.6	893.0	0.6666666666666666
82843	235	0	5	0.58	134.6	673.0	0.6666666666666666
82844	95	0	5	0.23	93.0	465.0	0.0
82845	263	0	5	0.65	173.8	869.0	0.3333333333333333
82846	233	0	5	0.575	132.6	663.0	0.3333333333333333
82847	200	0	5	0.4925	89.2	446.0	0.3333333333333333
82848	356	0	5	0.8825	233.6	1168.0	0.6666666666666666
82849	377	0	5	0.935	191.0	955.0	0.6666666666666666
82850	256	0	5	0.6325	91.4	457.0	0.3333333333333333
82851	373	0	5	0.925	226.4	1132.0	0.3333333333333333
82852	266	0	5	0.6575	217.6	1088.0	0.0
82853	214	0	5	0.5275	148.0	740.0	0.0
82854	210	0	5	0.5175	146.8	734.0	0.3333333333333333
82855	172	0	5	0.4225	146.0	730.0	0.3333333333333333
82856	70	0	5	0.1675	58.8	294.0	0.3333333333333333
82857	128	0	5	0.3125	86.8	434.0	0.6666666666666666
82858	197	0	5	0.485	109.2	546.0	0.0
82859	234	0	5	0.5775	175.6	878.0	0.3333333333333333
82860	43	0	5	0.1	41.0	205.0	0.0
82861	338	0	5	0.8375	258.4	1292.0	0.3333333333333333
82862	101	0	5	0.245	93.8	469.0	0.0
82863	100	0	5	0.2425	98.0	490.0	0.0
82864	387	0	5	0.96	137.4	687.0	0.6666666666666666
82865	278	0	5	0.6875	196.0	980.0	0.0
82866	202	0	5	0.4975	146.4	732.0	0.0
82867	207	0	5	0.51	167.8	839.0	0.3333333333333333
82868	315	0	5	0.78	235.6	1178.0	0.6666666666666666
82869	47	0	5	0.11	45.0	225.0	0.0
82870	39	0	5	0.09	37.0	185.0	0.0
82871	305	0	5	0.755	291.0	1455.0	0.3333333333333333
82872	52	0	5	0.1225	48.0	240.0	0.3333333333333333
82873	382	1	4	0.9525	170.6	853.0	1.0
82874	244	0	5	0.6025	109.4	547.0	0.3333333333333333
82875	354	0	5	0.8775	185.2	926.0	0.6666666666666666
82876	104	0	5	0.2525	78.4	392.0	0.3333333333333333
82877	109	0	5	0.265	44.4	222.0	0.3333333333333333
82878	73	0	5	0.175	67.0	335.0	0.0
82879	324	0	5	0.8025	182.2	911.0	0.6666666666666666
82880	115	0	5	0.28	113.0	565.0	0.0
82881	147	0	5	0.36	97.2	486.0	0.6666666666666666
82882	312	0	5	0.7725	130.0	650.0	0.3333333333333333
82883	292	0	5	0.7225	147.8	739.0	0.6666666666666666
82884	129	0	5	0.315	87.8	439.0	0.3333333333333333
82885	235	0	5	0.58	173.8	869.0	0.3333333333333333
82886	276	0	5	0.6825	161.6	808.0	0.6666666666666666
82887	77	0	5	0.185	37.4	187.0	0.3333333333333333
82888	58	0	5	0.1375	40.8	204.0	0.3333333333333333
82889	181	0	5	0.445	125.4	627.0	0.3333333333333333
82890	111	0	5	0.27	100.2	501.0	0.0
82891	116	0	5	0.2825	114.0	570.0	0.0
82892	98	0	5	0.2375	96.0	480.0	0.0
82893	160	0	5	0.3925	103.8	519.0	0.6666666666666666
82894	253	0	5	0.625	152.6	763.0	0.3333333333333333
82895	57	0	5	0.135	55.0	275.0	0.0
82896	339	0	5	0.84	198.4	992.0	0.3333333333333333
82897	136	0	5	0.3325	90.0	450.0	0.0
82898	241	0	5	0.595	190.0	950.0	0.6666666666666666
82899	268	0	5	0.6625	148.4	742.0	0.3333333333333333
82900	261	0	5	0.645	105.4	527.0	0.6666666666666666
82901	73	0	5	0.175	62.0	310.0	0.3333333333333333
82902	249	0	5	0.615	138.0	690.0	0.6666666666666666
82903	398	0	5	0.9875	344.8	1724.0	0.6666666666666666
82904	278	0	5	0.6875	227.8	1139.0	0.3333333333333333
82905	107	0	5	0.26	86.8	434.0	0.0
82906	356	0	5	0.8825	219.4	1097.0	0.6666666666666666
82907	339	1	4	0.845	193.0	965.0	1.0
82908	254	0	5	0.6275	252.0	1260.0	0.3333333333333333
82909	266	0	5	0.6575	234.0	1170.0	0.3333333333333333
82910	307	0	5	0.76	81.0	405.0	0.6666666666666666
82911	192	0	5	0.4725	135.4	677.0	0.6666666666666666
82912	375	0	5	0.93	249.8	1249.0	0.6666666666666666
82913	36	0	5	0.0825	28.0	140.0	0.3333333333333333
82914	290	0	5	0.7175	211.4	1057.0	0.3333333333333333
82915	70	0	5	0.1675	20.0	100.0	0.3333333333333333
82916	103	0	5	0.25	90.8	454.0	0.3333333333333333
82917	227	0	5	0.56	111.4	557.0	0.6666666666666666
82918	279	0	5	0.69	144.2	721.0	0.6666666666666666
82919	255	0	5	0.63	221.4	1107.0	0.6666666666666666
82920	348	1	4	0.8675	260.8	1304.0	1.0
82921	135	0	5	0.33	81.4	407.0	0.6666666666666666
82922	10	0	5	0.0175	8.0	40.0	0.0
82923	126	1	4	0.3125	74.8	374.0	1.0
82924	115	0	5	0.28	73.4	367.0	0.3333333333333333
82925	252	0	5	0.6225	86.6	433.0	0.6666666666666666
82926	289	1	4	0.72	183.8	919.0	1.0
82927	268	0	5	0.6625	244.0	1220.0	0.3333333333333333
82928	273	0	5	0.675	87.0	435.0	0.6666666666666666
82929	205	0	5	0.505	174.6	873.0	0.3333333333333333
82930	296	0	5	0.7325	239.0	1195.0	0.3333333333333333
82931	278	0	5	0.6875	141.6	708.0	0.3333333333333333
82932	96	0	5	0.2325	94.0	470.0	0.0
82933	193	0	5	0.475	183.2	916.0	0.0
82934	215	0	5	0.53	107.4	537.0	0.3333333333333333
82935	32	0	5	0.0725	21.0	105.0	0.0
82936	278	0	5	0.6875	81.6	408.0	0.6666666666666666
82937	132	0	5	0.3225	97.6	488.0	0.3333333333333333
82938	30	0	5	0.0675	28.0	140.0	0.0
82939	238	0	5	0.5875	87.0	435.0	0.0
82940	94	0	5	0.2275	36.0	180.0	0.6666666666666666
82941	218	0	5	0.5375	178.4	892.0	0.3333333333333333
82942	198	0	5	0.4875	128.2	641.0	0.6666666666666666
82943	10	0	5	0.0175	8.0	40.0	0.0
82944	97	0	5	0.235	95.0	475.0	0.0
82945	214	0	5	0.5275	176.4	882.0	0.6666666666666666
82946	313	0	5	0.775	193.8	969.0	0.3333333333333333
82947	22	0	5	0.0475	20.0	100.0	0.0
82948	79	0	5	0.19	77.0	385.0	0.0
82949	33	0	5	0.075	25.0	125.0	0.0
82950	289	0	5	0.715	257.8	1289.0	0.6666666666666666
82951	67	0	5	0.16	57.0	285.0	0.0
82952	67	0	5	0.16	57.0	285.0	0.3333333333333333
82953	263	0	5	0.65	129.6	648.0	0.3333333333333333
82954	382	0	5	0.9475	178.8	894.0	0.6666666666666666
82955	248	0	5	0.6125	176.8	884.0	0.3333333333333333
82956	193	0	5	0.475	169.4	847.0	0.3333333333333333
82957	95	0	5	0.23	65.8	329.0	0.3333333333333333
82958	397	1	4	0.99	181.8	909.0	1.0
82959	136	0	5	0.3325	81.4	407.0	0.0
82960	224	1	4	0.5575	99.2	496.0	1.0
82961	298	0	5	0.7375	178.6	893.0	0.6666666666666666
82962	169	0	5	0.415	93.0	465.0	0.3333333333333333
82963	204	0	5	0.5025	160.0	800.0	0.3333333333333333
82964	203	0	5	0.5	201.0	1005.0	0.0
82965	287	0	5	0.71	200.6	1003.0	0.0
82966	182	0	5	0.4475	122.4	612.0	0.6666666666666666
82967	252	1	4	0.6275	225.4	1127.0	1.0
82968	54	0	5	0.1275	36.8	184.0	0.3333333333333333
82969	207	0	5	0.51	191.6	958.0	0.3333333333333333
82970	65	0	5	0.155	63.0	315.0	0.0
82971	72	0	5	0.1725	70.0	350.0	0.0
82972	260	0	5	0.6425	90.0	450.0	0.3333333333333333
82973	181	0	5	0.445	68.6	343.0	0.3333333333333333
82974	143	0	5	0.35	120.0	600.0	0.0
82975	217	0	5	0.535	184.0	920.0	0.6666666666666666
82976	318	0	5	0.7875	122.8	614.0	0.6666666666666666
82977	98	0	5	0.2375	96.0	480.0	0.3333333333333333
82978	31	0	5	0.07	29.0	145.0	0.0
82979	292	0	5	0.7225	144.4	722.0	0.6666666666666666
82980	250	1	4	0.6225	192.0	960.0	1.0
82981	378	0	5	0.9375	204.2	1021.0	0.6666666666666666
82982	395	0	5	0.98	188.6	943.0	0.6666666666666666
82983	153	0	5	0.375	133.4	667.0	0.3333333333333333
82984	208	0	5	0.5125	107.2	536.0	0.6666666666666666
82985	67	0	5	0.16	48.8	244.0	0.3333333333333333
82986	93	0	5	0.225	48.0	240.0	0.3333333333333333
82987	176	0	5	0.4325	129.2	646.0	0.3333333333333333
82988	203	0	5	0.5	52.8	264.0	0.3333333333333333
82989	153	0	5	0.375	79.0	395.0	0.6666666666666666
82990	258	1	4	0.6425	232.0	1160.0	1.0
82991	167	0	5	0.41	165.0	825.0	0.0
82992	191	0	5	0.47	92.6	463.0	0.3333333333333333
82993	255	0	5	0.63	201.8	1009.0	0.3333333333333333
82994	349	0	5	0.865	238.6	1193.0	0.6666666666666666
82995	86	0	5	0.2075	36.8	184.0	0.6666666666666666
82996	83	0	5	0.2	81.0	405.0	0.0
82997	218	1	4	0.5425	162.0	810.0	1.0
82998	312	0	5	0.7725	190.8	954.0	0.3333333333333333
82999	199	0	5	0.49	125.0	625.0	0.3333333333333333
83000	56	0	5	0.1325	54.0	270.0	0.0
83001	395	0	5	0.98	158.8	794.0	0.6666666666666666
83002	339	0	5	0.84	212.0	1060.0	0.6666666666666666
83003	71	0	5	0.17	57.8	289.0	0.3333333333333333
83004	64	0	5	0.1525	62.0	310.0	0.0
83005	174	0	5	0.4275	48.0	240.0	0.0
83006	365	1	3	0.91	229.2	1146.0	1.0
83007	207	0	5	0.51	72.2	361.0	0.3333333333333333
83008	295	0	5	0.73	185.6	928.0	0.3333333333333333
83009	246	0	5	0.6075	180.0	900.0	0.6666666666666666
83010	106	0	5	0.2575	104.0	520.0	0.0
83011	245	0	5	0.605	134.0	670.0	0.6666666666666666
83012	219	0	5	0.54	113.0	565.0	0.3333333333333333
83013	362	1	3	0.9025	235.4	1177.0	1.0
83014	67	0	5	0.16	57.8	289.0	0.0
83015	346	1	4	0.8625	211.6	1058.0	1.0
83016	291	0	5	0.72	73.8	369.0	0.6666666666666666
83017	361	1	4	0.9	301.8	1509.0	1.0
83018	363	1	4	0.905	229.0	1145.0	1.0
83019	277	0	5	0.685	92.0	460.0	0.6666666666666666
83020	278	0	5	0.6875	198.0	990.0	0.3333333333333333
83021	210	0	5	0.5175	110.2	551.0	0.3333333333333333
83022	301	0	5	0.745	213.2	1066.0	0.6666666666666666
83023	199	0	5	0.49	76.2	381.0	0.3333333333333333
83024	355	0	5	0.88	242.4	1212.0	0.6666666666666666
83025	293	0	5	0.725	213.6	1068.0	0.6666666666666666
83026	332	0	5	0.8225	157.8	789.0	0.6666666666666666
83027	82	0	5	0.1975	37.6	188.0	0.0
83028	306	0	5	0.7575	156.6	783.0	0.6666666666666666
83029	320	0	5	0.7925	85.2	426.0	0.6666666666666666
83030	285	0	5	0.705	232.6	1163.0	0.6666666666666666
83031	235	0	5	0.58	163.8	819.0	0.3333333333333333
83032	195	0	5	0.48	103.4	517.0	0.3333333333333333
83033	60	0	5	0.1425	58.0	290.0	0.0
83034	215	0	5	0.53	197.4	987.0	0.3333333333333333
83035	56	0	5	0.1325	36.4	182.0	0.0
83036	308	0	5	0.7625	298.0	1490.0	0.0
83037	39	0	5	0.09	37.0	185.0	0.0
83038	70	0	5	0.1675	53.0	265.0	0.3333333333333333
83039	25	0	5	0.055	23.0	115.0	0.0
83040	111	0	5	0.27	53.8	269.0	0.6666666666666666
83041	386	1	4	0.9625	110.0	550.0	1.0
83042	242	0	5	0.5975	76.8	384.0	0.3333333333333333
83043	389	0	5	0.965	231.4	1157.0	0.6666666666666666
83044	352	0	5	0.8725	153.6	768.0	0.3333333333333333
83045	397	0	5	0.985	115.0	575.0	0.6666666666666666
83046	270	0	5	0.6675	229.4	1147.0	0.0
83047	145	1	4	0.36	73.4	367.0	1.0
83048	209	0	5	0.515	127.6	638.0	0.6666666666666666
83049	401	0	4	0.9975	339.4	1697.0	0.6666666666666666
83050	330	0	5	0.8175	251.4	1257.0	0.6666666666666666
83051	64	0	5	0.1525	62.0	310.0	0.0
83052	248	0	5	0.6125	167.4	837.0	0.3333333333333333
83053	211	0	5	0.52	179.2	896.0	0.0
83054	235	0	5	0.58	93.2	466.0	0.6666666666666666
83055	350	1	4	0.8725	199.8	999.0	1.0
83056	132	0	5	0.3225	64.6	323.0	0.3333333333333333
83057	17	0	5	0.035	15.0	75.0	0.0
83058	117	0	5	0.285	62.8	314.0	0.0
83059	37	0	5	0.085	35.0	175.0	0.0
83060	383	0	5	0.95	270.6	1353.0	0.6666666666666666
83061	255	1	4	0.635	160.0	800.0	1.0
83062	356	0	5	0.8825	306.8	1534.0	0.6666666666666666
83063	2	0	5	0.0	0.0	0.0	0.0
83064	198	0	5	0.4875	48.8	244.0	0.3333333333333333
83065	68	0	5	0.1625	40.8	204.0	0.0
83066	142	0	5	0.3475	56.4	282.0	0.0
83067	73	0	5	0.175	31.4	157.0	0.3333333333333333
83068	367	0	5	0.91	148.6	743.0	0.6666666666666666
83069	165	0	5	0.405	151.4	757.0	0.3333333333333333
83070	78	0	5	0.1875	52.0	260.0	0.3333333333333333
83071	401	0	5	0.995	122.0	610.0	0.6666666666666666
83072	173	0	5	0.425	165.8	829.0	0.3333333333333333
83073	278	0	5	0.6875	155.0	775.0	0.3333333333333333
83074	330	0	5	0.8175	304.8	1524.0	0.6666666666666666
83075	321	1	4	0.8	279.4	1397.0	1.0
83076	231	0	5	0.57	113.8	569.0	0.0
83077	394	0	5	0.9775	183.4	917.0	0.6666666666666666
83078	267	0	5	0.66	153.4	767.0	0.6666666666666666
83079	155	0	5	0.38	140.2	701.0	0.0
83080	307	0	5	0.76	254.8	1274.0	0.6666666666666666
83081	280	0	5	0.6925	98.0	490.0	0.3333333333333333
83082	90	0	5	0.2175	71.8	359.0	0.3333333333333333
83083	378	0	5	0.9375	232.2	1161.0	0.6666666666666666
83084	250	0	5	0.6175	181.6	908.0	0.6666666666666666
83085	134	0	5	0.3275	79.6	398.0	0.3333333333333333
83086	55	0	5	0.13	40.4	202.0	0.0
83087	49	0	5	0.115	24.2	121.0	0.3333333333333333
83088	67	0	5	0.16	55.0	275.0	0.6666666666666666
83089	108	0	5	0.2625	44.4	222.0	0.3333333333333333
83090	167	0	5	0.41	165.0	825.0	0.0
83091	31	0	5	0.07	25.4	127.0	0.0
83092	211	0	5	0.52	189.4	947.0	0.0
83093	247	0	5	0.61	176.0	880.0	0.3333333333333333
83094	252	0	5	0.6225	177.2	886.0	0.6666666666666666
83095	185	0	5	0.455	164.2	821.0	0.3333333333333333
83096	364	0	5	0.9025	325.6	1628.0	0.6666666666666666
83097	254	0	5	0.6275	165.6	828.0	0.3333333333333333
83098	259	0	5	0.64	219.8	1099.0	0.3333333333333333
83099	128	0	5	0.3125	108.8	544.0	0.6666666666666666
83100	37	1	4	0.09	32.2	161.0	1.0
83101	193	0	5	0.475	128.2	641.0	0.0
83102	99	0	5	0.24	82.8	414.0	0.3333333333333333
83103	317	0	5	0.785	195.4	977.0	0.3333333333333333
83104	46	0	5	0.1075	44.0	220.0	0.0
83105	256	0	5	0.6325	199.2	996.0	0.0
83106	383	1	4	0.955	252.4	1262.0	1.0
83107	187	0	5	0.46	173.8	869.0	0.3333333333333333
83108	308	0	5	0.7625	124.8	624.0	0.6666666666666666
83109	376	0	5	0.9325	155.2	776.0	0.3333333333333333
83110	207	0	5	0.51	184.6	923.0	0.0
83111	11	0	5	0.02	9.0	45.0	0.0
83112	262	1	4	0.6525	161.0	805.0	1.0
83113	355	0	5	0.88	183.2	916.0	0.6666666666666666
83114	286	0	5	0.7075	238.0	1190.0	0.3333333333333333
83115	299	0	5	0.74	182.0	910.0	0.3333333333333333
83116	283	0	5	0.7	72.2	361.0	0.6666666666666666
83117	143	0	5	0.35	90.6	453.0	0.3333333333333333
83118	196	0	5	0.4825	143.6	718.0	0.0
83119	87	0	5	0.21	61.6	308.0	0.0
83120	184	0	5	0.4525	86.6	433.0	0.6666666666666666
83121	72	0	5	0.1725	70.0	350.0	0.0
83122	135	0	5	0.33	86.8	434.0	0.3333333333333333
83123	264	0	5	0.6525	132.0	660.0	0.0
83124	358	0	5	0.8875	182.0	910.0	0.6666666666666666
83125	266	0	5	0.6575	142.6	713.0	0.6666666666666666
83126	24	0	5	0.0525	15.2	76.0	0.3333333333333333
83127	63	0	5	0.15	44.6	223.0	0.0
83128	95	0	5	0.23	76.6	383.0	0.3333333333333333
83129	148	0	5	0.3625	121.2	606.0	0.0
83130	378	0	5	0.9375	280.0	1400.0	0.3333333333333333
83131	114	0	5	0.2775	102.0	510.0	0.0
83132	401	0	5	0.995	177.0	885.0	0.6666666666666666
83133	352	0	5	0.8725	283.6	1418.0	0.3333333333333333
83134	203	0	5	0.5	75.8	379.0	0.6666666666666666
83135	210	0	5	0.5175	138.8	694.0	0.3333333333333333
83136	17	0	5	0.035	15.0	75.0	0.0
83137	330	0	5	0.8175	136.0	680.0	0.6666666666666666
83138	9	0	5	0.015	7.0	35.0	0.0
83139	181	0	5	0.445	179.0	895.0	0.0
83140	222	0	5	0.5475	202.8	1014.0	0.0
83141	331	0	5	0.82	232.8	1164.0	0.3333333333333333
83142	242	0	5	0.5975	114.6	573.0	0.6666666666666666
83143	27	0	5	0.06	18.6	93.0	0.3333333333333333
83144	215	0	5	0.53	122.4	612.0	0.6666666666666666
83145	138	0	5	0.3375	64.4	322.0	0.0
83146	345	0	5	0.855	116.2	581.0	0.6666666666666666
83147	75	0	5	0.18	44.0	220.0	0.3333333333333333
83148	184	0	5	0.4525	155.6	778.0	0.6666666666666666
83149	176	0	5	0.4325	86.0	430.0	0.3333333333333333
83150	317	0	5	0.785	193.4	967.0	0.6666666666666666
83151	137	0	5	0.335	130.2	651.0	0.3333333333333333
83152	176	0	5	0.4325	174.0	870.0	0.0
83153	288	0	5	0.7125	196.0	980.0	0.3333333333333333
83154	235	0	5	0.58	167.2	836.0	0.3333333333333333
83155	265	0	5	0.655	246.2	1231.0	0.0
83156	219	0	5	0.54	127.4	637.0	0.3333333333333333
83157	397	0	5	0.985	286.2	1431.0	0.6666666666666666
83158	235	0	5	0.58	90.2	451.0	0.6666666666666666
83159	215	0	5	0.53	154.6	773.0	0.6666666666666666
83160	374	0	5	0.9275	161.0	805.0	0.6666666666666666
83161	98	0	5	0.2375	67.4	337.0	0.3333333333333333
83162	370	0	5	0.9175	112.8	564.0	0.6666666666666666
83163	339	0	5	0.84	155.4	777.0	0.3333333333333333
83164	166	0	5	0.4075	117.2	586.0	0.3333333333333333
83165	386	0	5	0.9575	179.6	898.0	0.6666666666666666
83166	297	0	5	0.735	125.2	626.0	0.6666666666666666
83167	125	0	5	0.305	112.4	562.0	0.0
83168	330	1	4	0.8225	215.6	1078.0	1.0
83169	319	0	5	0.79	105.0	525.0	0.6666666666666666
83170	256	1	4	0.6375	194.0	970.0	1.0
83171	258	1	4	0.6425	130.8	654.0	1.0
83172	141	0	5	0.345	63.4	317.0	0.6666666666666666
83173	159	0	5	0.39	83.2	416.0	0.3333333333333333
83174	21	0	5	0.045	19.0	95.0	0.0
83175	393	0	5	0.975	165.6	828.0	0.6666666666666666
83176	121	0	5	0.295	119.0	595.0	0.0
83177	275	0	5	0.68	193.0	965.0	0.3333333333333333
83178	362	1	4	0.9025	89.6	448.0	1.0
83179	136	0	5	0.3325	86.0	430.0	0.0
83180	219	1	4	0.545	124.6	623.0	1.0
83181	296	0	5	0.7325	168.4	842.0	0.3333333333333333
83182	50	0	5	0.1175	48.0	240.0	0.0
83183	135	0	5	0.33	108.2	541.0	0.3333333333333333
83184	186	0	5	0.4575	79.4	397.0	0.3333333333333333
83185	348	0	5	0.8625	222.2	1111.0	0.6666666666666666
83186	263	0	5	0.65	249.6	1248.0	0.0
83187	275	0	5	0.68	148.6	743.0	0.6666666666666666
83188	132	0	5	0.3225	79.4	397.0	0.3333333333333333
83189	76	0	5	0.1825	58.4	292.0	0.3333333333333333
83190	240	0	5	0.5925	235.4	1177.0	0.0
83191	252	1	4	0.6275	191.8	959.0	1.0
83192	52	0	5	0.1225	50.0	250.0	0.3333333333333333
83193	240	0	5	0.5925	140.2	701.0	0.3333333333333333
83194	233	0	5	0.575	106.2	531.0	0.3333333333333333
83195	318	0	5	0.7875	227.2	1136.0	0.0
83196	391	0	5	0.97	215.2	1076.0	0.6666666666666666
83197	154	0	5	0.3775	112.4	562.0	0.3333333333333333
83198	385	0	5	0.955	253.4	1267.0	0.6666666666666666
83199	121	0	5	0.295	119.0	595.0	0.0
83200	329	0	5	0.815	281.6	1408.0	0.6666666666666666
83201	230	0	5	0.5675	170.0	850.0	0.0
83202	122	0	5	0.2975	78.4	392.0	0.3333333333333333
83203	226	0	5	0.5575	156.8	784.0	0.0
83204	401	0	4	0.9975	126.6	633.0	0.6666666666666666
83205	130	0	5	0.3175	67.4	337.0	0.3333333333333333
83206	334	0	5	0.8275	115.0	575.0	0.6666666666666666
83207	229	0	5	0.565	93.6	468.0	0.3333333333333333
83208	340	1	4	0.8475	120.6	603.0	1.0
83209	64	0	5	0.1525	62.0	310.0	0.3333333333333333
83210	335	1	4	0.835	152.4	762.0	1.0
83211	379	0	5	0.94	200.6	1003.0	0.6666666666666666
83212	50	0	5	0.1175	32.8	164.0	0.0
83213	337	0	5	0.835	231.8	1159.0	0.6666666666666666
83214	357	1	4	0.89	242.2	1211.0	1.0
83215	343	0	5	0.85	273.2	1366.0	0.3333333333333333
83216	280	0	5	0.6925	147.4	737.0	0.6666666666666666
83217	397	0	5	0.985	173.0	865.0	0.6666666666666666
83218	109	0	5	0.265	61.4	307.0	0.0
83219	16	0	5	0.0325	14.0	70.0	0.0
83220	329	0	5	0.815	299.4	1497.0	0.6666666666666666
83221	7	0	5	0.01	5.0	25.0	0.0
83222	238	0	5	0.5875	236.0	1180.0	0.0
83223	245	0	5	0.605	212.2	1061.0	0.0
83224	143	0	5	0.35	100.2	501.0	0.3333333333333333
83225	76	0	5	0.1825	64.4	322.0	0.3333333333333333
83226	18	0	5	0.0375	16.0	80.0	0.0
83227	92	0	5	0.2225	60.0	300.0	0.0
83228	44	0	5	0.1025	40.2	201.0	0.0
83229	170	0	5	0.4175	132.0	660.0	0.3333333333333333
83230	157	0	5	0.385	110.6	553.0	0.3333333333333333
83231	345	0	5	0.855	169.2	846.0	0.6666666666666666
83232	134	0	5	0.3275	108.6	543.0	0.3333333333333333
83233	201	0	5	0.495	93.4	467.0	0.3333333333333333
83234	351	0	5	0.87	113.0	565.0	0.3333333333333333
83235	288	0	5	0.7125	203.6	1018.0	0.6666666666666666
83236	226	0	5	0.5575	168.8	844.0	0.3333333333333333
83237	324	0	5	0.8025	122.4	612.0	0.6666666666666666
83238	315	1	4	0.785	141.4	707.0	1.0
83239	8	0	5	0.0125	6.0	30.0	0.0
83240	52	0	5	0.1225	26.8	134.0	0.3333333333333333
83241	34	0	5	0.0775	32.0	160.0	0.0
83242	298	0	5	0.7375	223.4	1117.0	0.3333333333333333
83243	114	0	5	0.2775	112.0	560.0	0.0
83244	216	0	5	0.5325	152.4	762.0	0.3333333333333333
83245	112	0	5	0.2725	40.4	202.0	0.3333333333333333
83246	41	0	5	0.095	31.0	155.0	0.3333333333333333
83247	351	0	5	0.87	140.0	700.0	0.6666666666666666
83248	338	0	5	0.8375	196.4	982.0	0.6666666666666666
83249	241	1	4	0.6	217.0	1085.0	1.0
83250	158	0	5	0.3875	40.4	202.0	0.6666666666666666
83251	179	1	4	0.445	137.0	685.0	1.0
83252	136	0	5	0.3325	110.0	550.0	0.3333333333333333
83253	148	0	5	0.3625	69.6	348.0	0.6666666666666666
83254	391	0	5	0.97	240.4	1202.0	0.6666666666666666
83255	362	0	5	0.8975	185.6	928.0	0.6666666666666666
83256	59	0	5	0.14	25.0	125.0	0.6666666666666666
83257	227	1	4	0.565	132.8	664.0	1.0
83258	320	0	5	0.7925	184.0	920.0	0.3333333333333333
83259	139	0	5	0.34	37.8	189.0	0.3333333333333333
83260	294	0	5	0.7275	193.6	968.0	0.0
83261	315	1	4	0.785	251.6	1258.0	1.0
83262	78	0	5	0.1875	51.4	257.0	0.3333333333333333
83263	91	0	5	0.22	89.0	445.0	0.0
83264	37	0	5	0.085	33.8	169.0	0.3333333333333333
83265	91	0	5	0.22	30.6	153.0	0.3333333333333333
83266	256	0	5	0.6325	197.2	986.0	0.6666666666666666
83267	285	0	5	0.705	104.4	522.0	0.6666666666666666
83268	25	0	5	0.055	17.4	87.0	0.3333333333333333
83269	369	1	4	0.92	215.2	1076.0	1.0
83270	310	0	5	0.7675	175.2	876.0	0.3333333333333333
83271	142	0	5	0.3475	63.2	316.0	0.3333333333333333
83272	102	0	5	0.2475	52.0	260.0	0.0
83273	160	0	5	0.3925	140.4	702.0	0.3333333333333333
83274	148	0	5	0.3625	111.6	558.0	0.3333333333333333
83275	4	0	5	0.0025	2.0	10.0	0.0
83276	242	0	5	0.5975	109.6	548.0	0.6666666666666666
83277	210	0	5	0.5175	107.2	536.0	0.6666666666666666
83278	136	0	5	0.3325	127.6	638.0	0.3333333333333333
83279	382	0	5	0.9475	94.6	473.0	0.6666666666666666
83280	267	0	5	0.66	124.6	623.0	0.0
83281	216	0	5	0.5325	190.4	952.0	0.3333333333333333
83282	296	0	5	0.7325	128.0	640.0	0.6666666666666666
83283	309	0	5	0.765	277.8	1389.0	0.3333333333333333
83284	198	0	5	0.4875	115.4	577.0	0.3333333333333333
83285	360	0	5	0.8925	127.0	635.0	0.6666666666666666
83286	193	0	5	0.475	108.6	543.0	0.6666666666666666
83287	242	0	5	0.5975	220.6	1103.0	0.6666666666666666
83288	193	0	5	0.475	95.0	475.0	0.3333333333333333
83289	128	0	5	0.3125	56.4	282.0	0.3333333333333333
83290	263	1	3	0.655	165.8	829.0	1.0
83291	69	0	5	0.165	44.0	220.0	0.6666666666666666
83292	113	0	5	0.275	101.4	507.0	0.3333333333333333
83293	115	0	5	0.28	68.0	340.0	0.3333333333333333
83294	371	1	4	0.925	91.4	457.0	1.0
83295	13	0	5	0.025	11.0	55.0	0.0
83296	71	0	5	0.17	59.4	297.0	0.0
83297	138	0	5	0.3375	76.0	380.0	0.0
83298	103	0	5	0.25	69.0	345.0	0.3333333333333333
83299	80	0	5	0.1925	58.4	292.0	0.0
83300	127	0	5	0.31	121.0	605.0	0.3333333333333333
83301	178	0	5	0.4375	132.6	663.0	0.3333333333333333
83302	241	0	5	0.595	119.8	599.0	0.0
83303	16	0	5	0.0325	14.0	70.0	0.0
83304	149	0	5	0.365	76.4	382.0	0.6666666666666666
83305	139	0	5	0.34	79.6	398.0	0.3333333333333333
83306	126	0	5	0.3075	100.8	504.0	0.3333333333333333
83307	136	0	5	0.3325	117.2	586.0	0.3333333333333333
83308	400	0	5	0.9925	213.6	1068.0	0.6666666666666666
83309	177	0	5	0.435	154.2	771.0	0.3333333333333333
83310	322	0	5	0.7975	264.4	1322.0	0.3333333333333333
83311	29	0	5	0.065	23.8	119.0	0.0
83312	128	0	5	0.3125	56.4	282.0	0.0
83313	401	0	5	0.995	208.8	1044.0	0.6666666666666666
83314	233	0	5	0.575	72.6	363.0	0.6666666666666666
83315	298	0	5	0.7375	121.2	606.0	0.3333333333333333
83316	118	0	5	0.2875	106.8	534.0	0.0
83317	319	0	5	0.79	296.2	1481.0	0.6666666666666666
83318	127	0	5	0.31	83.6	418.0	0.0
83319	128	0	5	0.3125	82.0	410.0	0.3333333333333333
83320	32	0	5	0.0725	30.0	150.0	0.0
83321	98	0	5	0.2375	89.4	447.0	0.6666666666666666
83322	323	0	5	0.8	275.4	1377.0	0.6666666666666666
83323	11	0	5	0.02	9.0	45.0	0.0
83324	215	0	5	0.53	119.8	599.0	0.3333333333333333
83325	73	0	5	0.175	71.0	355.0	0.0
83326	261	0	5	0.645	95.2	476.0	0.6666666666666666
83327	333	0	5	0.825	247.0	1235.0	0.6666666666666666
83328	26	0	5	0.0575	24.0	120.0	0.0
83329	239	1	3	0.595	204.2	1021.0	1.0
83330	144	1	4	0.3575	92.8	464.0	1.0
83331	311	0	5	0.77	101.4	507.0	0.3333333333333333
83332	53	0	5	0.125	51.0	255.0	0.0
83333	382	0	5	0.9475	270.6	1353.0	0.6666666666666666
83334	41	0	5	0.095	39.0	195.0	0.0
83335	244	0	5	0.6025	242.0	1210.0	0.0
83336	296	0	5	0.7325	111.2	556.0	0.6666666666666666
83337	322	1	3	0.8025	161.6	808.0	1.0
83338	367	0	5	0.91	276.4	1382.0	0.6666666666666666
83339	258	0	5	0.6375	155.6	778.0	0.3333333333333333
83340	195	0	5	0.48	44.6	223.0	0.6666666666666666
83341	372	0	5	0.9225	253.0	1265.0	0.6666666666666666
83342	274	0	5	0.6775	81.6	408.0	0.3333333333333333
83343	255	0	5	0.63	123.2	616.0	0.6666666666666666
83344	291	0	5	0.72	201.4	1007.0	0.6666666666666666
83345	147	0	5	0.36	101.8	509.0	0.3333333333333333
83346	142	0	5	0.3475	94.0	470.0	0.6666666666666666
83347	80	0	5	0.1925	78.0	390.0	0.0
83348	277	0	5	0.685	166.2	831.0	0.3333333333333333
83349	221	0	5	0.545	98.8	494.0	0.3333333333333333
83350	58	0	5	0.1375	53.0	265.0	0.0
83351	280	1	4	0.6975	166.8	834.0	1.0
83352	358	0	5	0.8875	214.4	1072.0	0.3333333333333333
83353	368	1	4	0.9175	200.2	1001.0	1.0
83354	133	0	5	0.325	84.8	424.0	0.0
83355	209	0	5	0.515	169.8	849.0	0.3333333333333333
83356	202	0	5	0.4975	146.8	734.0	0.3333333333333333
83357	217	1	4	0.54	111.6	558.0	1.0
83358	300	0	5	0.7425	136.6	683.0	0.3333333333333333
83359	326	1	4	0.8125	127.8	639.0	1.0
83360	232	0	5	0.5725	105.2	526.0	0.3333333333333333
83361	125	0	5	0.305	123.0	615.0	0.0
83362	168	0	5	0.4125	34.8	174.0	0.3333333333333333
83363	85	0	5	0.205	79.6	398.0	0.3333333333333333
83364	190	0	5	0.4675	97.4	487.0	0.3333333333333333
83365	400	1	4	0.9975	196.0	980.0	1.0
83366	158	0	5	0.3875	125.4	627.0	0.3333333333333333
83367	64	0	5	0.1525	60.8	304.0	0.0
83368	340	0	5	0.8425	194.2	971.0	0.6666666666666666
83369	230	0	5	0.5675	156.6	783.0	0.3333333333333333
83370	327	1	4	0.815	120.6	603.0	1.0
83371	231	0	5	0.57	95.0	475.0	0.6666666666666666
83372	94	0	5	0.2275	46.8	234.0	0.6666666666666666
83373	189	0	5	0.465	182.6	913.0	0.3333333333333333
83374	14	0	5	0.0275	12.0	60.0	0.0
83375	261	0	5	0.645	109.4	547.0	0.6666666666666666
83376	265	0	5	0.655	184.4	922.0	0.0
83377	279	0	5	0.69	231.6	1158.0	0.6666666666666666
83378	233	0	5	0.575	111.0	555.0	0.6666666666666666
83379	291	0	5	0.72	197.0	985.0	0.3333333333333333
83380	309	0	5	0.765	238.4	1192.0	0.6666666666666666
83381	252	0	5	0.6225	86.2	431.0	0.6666666666666666
83382	231	0	5	0.57	94.0	470.0	0.6666666666666666
83383	363	0	5	0.9	213.0	1065.0	0.3333333333333333
83384	381	0	5	0.945	310.8	1554.0	0.3333333333333333
83385	285	0	5	0.705	207.8	1039.0	0.0
83386	260	0	5	0.6425	109.2	546.0	0.3333333333333333
83387	279	0	5	0.69	184.8	924.0	0.3333333333333333
83388	356	0	5	0.8825	254.8	1274.0	0.3333333333333333
83389	273	0	5	0.675	216.4	1082.0	0.6666666666666666
83390	153	0	5	0.375	121.4	607.0	0.0
83391	368	1	4	0.9175	239.2	1196.0	1.0
83392	301	0	5	0.745	148.4	742.0	0.3333333333333333
83393	97	0	5	0.235	74.6	373.0	0.0
83394	174	0	5	0.4275	94.0	470.0	0.6666666666666666
83395	91	0	5	0.22	89.0	445.0	0.0
83396	256	0	5	0.6325	253.2	1266.0	0.3333333333333333
83397	75	0	5	0.18	71.8	359.0	0.0
83398	212	0	5	0.5225	87.6	438.0	0.6666666666666666
83399	247	0	5	0.61	232.8	1164.0	0.0
83400	393	0	5	0.975	242.6	1213.0	0.6666666666666666
83401	273	0	5	0.675	172.4	862.0	0.6666666666666666
83402	317	0	5	0.785	219.8	1099.0	0.6666666666666666
83403	248	0	5	0.6125	122.0	610.0	0.6666666666666666
83404	57	0	5	0.135	54.2	271.0	0.3333333333333333
83405	256	0	5	0.6325	211.2	1056.0	0.6666666666666666
83406	212	0	5	0.5225	155.0	775.0	0.3333333333333333
83407	97	0	5	0.235	77.8	389.0	0.3333333333333333
83408	279	0	5	0.69	214.0	1070.0	0.3333333333333333
83409	237	1	4	0.59	135.4	677.0	1.0
83410	212	0	5	0.5225	128.0	640.0	0.3333333333333333
83411	309	0	5	0.765	101.0	505.0	0.6666666666666666
83412	353	0	5	0.875	200.2	1001.0	0.6666666666666666
83413	182	0	5	0.4475	97.6	488.0	0.3333333333333333
83414	32	0	5	0.0725	30.0	150.0	0.0
83415	139	0	5	0.34	50.2	251.0	0.3333333333333333
83416	304	0	5	0.7525	175.4	877.0	0.3333333333333333
83417	33	0	5	0.075	31.0	155.0	0.0
83418	171	0	5	0.42	125.4	627.0	0.3333333333333333
83419	26	0	5	0.0575	20.4	102.0	0.0
83420	329	0	5	0.815	258.8	1294.0	0.6666666666666666
83421	184	0	5	0.4525	47.6	238.0	0.3333333333333333
83422	270	0	5	0.6675	209.0	1045.0	0.3333333333333333
83423	312	0	5	0.7725	173.8	869.0	0.6666666666666666
83424	149	0	5	0.365	66.6	333.0	0.3333333333333333
83425	198	0	5	0.4875	125.6	628.0	0.3333333333333333
83426	300	0	5	0.7425	94.0	470.0	0.3333333333333333
83427	282	1	4	0.7025	115.0	575.0	1.0
83428	10	0	5	0.0175	8.0	40.0	0.0
83429	378	0	5	0.9375	118.6	593.0	0.6666666666666666
83430	16	0	5	0.0325	14.0	70.0	0.0
83431	52	0	5	0.1225	36.4	182.0	0.0
83432	381	0	5	0.945	219.4	1097.0	0.6666666666666666
83433	115	0	5	0.28	64.2	321.0	0.3333333333333333
83434	365	1	4	0.91	136.0	680.0	1.0
83435	90	0	5	0.2175	66.8	334.0	0.3333333333333333
83436	195	0	5	0.48	122.6	613.0	0.3333333333333333
83437	364	0	5	0.9025	146.8	734.0	0.3333333333333333
83438	257	0	5	0.635	166.4	832.0	0.6666666666666666
83439	275	0	5	0.68	142.0	710.0	0.3333333333333333
83440	205	0	5	0.505	93.8	469.0	0.0
83441	30	0	5	0.0675	28.0	140.0	0.0
83442	181	0	5	0.445	94.6	473.0	0.3333333333333333
83443	275	0	5	0.68	105.0	525.0	0.3333333333333333
83444	119	0	5	0.29	46.2	231.0	0.6666666666666666
83445	172	0	5	0.4225	143.6	718.0	0.0
83446	81	0	5	0.195	59.4	297.0	0.3333333333333333
83447	353	0	5	0.875	177.6	888.0	0.6666666666666666
83448	182	0	5	0.4475	81.4	407.0	0.3333333333333333
83449	353	0	5	0.875	202.4	1012.0	0.3333333333333333
83450	104	0	5	0.2525	102.0	510.0	0.0
83451	156	0	5	0.3825	118.8	594.0	0.3333333333333333
83452	278	0	5	0.6875	135.4	677.0	0.6666666666666666
83453	298	0	5	0.7375	162.8	814.0	0.6666666666666666
83454	28	0	5	0.0625	26.0	130.0	0.0
83455	261	0	5	0.645	183.8	919.0	0.6666666666666666
83456	72	0	5	0.1725	70.0	350.0	0.0
83457	41	0	5	0.095	20.4	102.0	0.0
83458	45	0	5	0.105	36.2	181.0	0.0
83459	184	0	5	0.4525	106.8	534.0	0.3333333333333333
83460	249	0	5	0.615	200.2	1001.0	0.3333333333333333
83461	118	0	5	0.2875	84.0	420.0	0.0
83462	383	1	4	0.955	125.2	626.0	1.0
83463	329	1	4	0.82	203.6	1018.0	1.0
83464	114	0	5	0.2775	87.0	435.0	0.6666666666666666
83465	64	0	5	0.1525	62.0	310.0	0.0
83466	166	1	4	0.4125	144.0	720.0	1.0
83467	134	0	5	0.3275	113.6	568.0	0.3333333333333333
83468	171	0	5	0.42	41.8	209.0	0.3333333333333333
83469	312	0	5	0.7725	193.0	965.0	0.6666666666666666
83470	393	0	5	0.975	94.2	471.0	0.6666666666666666
83471	288	0	5	0.7125	148.8	744.0	0.3333333333333333
83472	191	0	5	0.47	181.8	909.0	0.3333333333333333
83473	229	0	5	0.565	143.6	718.0	0.6666666666666666
83474	394	0	5	0.9775	156.0	780.0	0.6666666666666666
83475	394	0	5	0.9775	140.4	702.0	0.6666666666666666
83476	298	0	5	0.7375	211.8	1059.0	0.6666666666666666
83477	162	0	5	0.3975	160.0	800.0	0.3333333333333333
83478	10	0	5	0.0175	8.0	40.0	0.0
83479	178	0	5	0.4375	114.8	574.0	0.3333333333333333
83480	104	0	5	0.2525	63.2	316.0	0.6666666666666666
83481	215	0	5	0.53	56.2	281.0	0.6666666666666666
83482	202	0	5	0.4975	152.8	764.0	0.6666666666666666
83483	332	0	5	0.8225	145.2	726.0	0.6666666666666666
83484	73	0	5	0.175	58.0	290.0	0.0
83485	117	0	5	0.285	104.2	521.0	0.0
83486	348	0	5	0.8625	271.0	1355.0	0.6666666666666666
83487	203	0	5	0.5	138.6	693.0	0.6666666666666666
83488	255	0	5	0.63	134.4	672.0	0.3333333333333333
83489	181	0	5	0.445	74.2	371.0	0.0
83490	216	1	4	0.5375	142.4	712.0	1.0
83491	309	0	5	0.765	207.8	1039.0	0.3333333333333333
83492	326	0	5	0.8075	180.4	902.0	0.3333333333333333
83493	87	0	5	0.21	55.8	279.0	0.3333333333333333
83494	176	0	5	0.4325	174.0	870.0	0.0
83495	13	0	5	0.025	11.0	55.0	0.0
83496	136	0	5	0.3325	104.0	520.0	0.3333333333333333
83497	277	0	5	0.685	221.6	1108.0	0.6666666666666666
83498	327	1	4	0.815	249.0	1245.0	1.0
83499	58	0	5	0.1375	51.6	258.0	0.3333333333333333
83500	282	0	5	0.6975	68.8	344.0	0.6666666666666666
83501	181	0	5	0.445	74.2	371.0	0.6666666666666666
83502	360	0	5	0.8925	216.0	1080.0	0.6666666666666666
83503	128	0	5	0.3125	100.8	504.0	0.3333333333333333
83504	49	0	5	0.115	47.0	235.0	0.0
83505	70	0	5	0.1675	58.4	292.0	0.0
83506	226	0	5	0.5575	199.6	998.0	0.3333333333333333
83507	354	1	3	0.8825	305.2	1526.0	1.0
83508	280	1	4	0.6975	160.8	804.0	1.0
83509	47	0	5	0.11	29.8	149.0	0.3333333333333333
83510	168	0	5	0.4125	141.4	707.0	0.3333333333333333
83511	203	0	5	0.5	62.6	313.0	0.3333333333333333
83512	184	0	5	0.4525	113.2	566.0	0.3333333333333333
83513	339	0	5	0.84	196.2	981.0	0.6666666666666666
83514	220	0	5	0.5425	137.0	685.0	0.6666666666666666
83515	163	0	5	0.4	84.8	424.0	0.3333333333333333
83516	286	0	5	0.7075	87.6	438.0	0.3333333333333333
83517	292	0	5	0.7225	173.6	868.0	0.3333333333333333
83518	227	0	5	0.56	101.2	506.0	0.3333333333333333
83519	3	0	5	0.0025	0.4	2.0	0.0
83520	251	0	5	0.62	69.0	345.0	0.3333333333333333
83521	386	1	4	0.9625	165.4	827.0	1.0
83522	299	0	5	0.74	252.2	1261.0	0.3333333333333333
83523	30	0	5	0.0675	24.0	120.0	0.0
83524	154	0	5	0.3775	152.0	760.0	0.0
83525	203	0	5	0.5	96.0	480.0	0.6666666666666666
83526	250	0	5	0.6175	82.4	412.0	0.6666666666666666
83527	267	0	5	0.66	180.0	900.0	0.6666666666666666
83528	198	0	5	0.4875	180.8	904.0	0.3333333333333333
83529	86	0	5	0.2075	60.4	302.0	0.6666666666666666
83530	200	0	5	0.4925	183.0	915.0	0.3333333333333333
83531	265	0	5	0.655	202.4	1012.0	0.6666666666666666
83532	47	0	5	0.11	27.8	139.0	0.0
83533	89	0	5	0.215	50.2	251.0	0.3333333333333333
83534	54	0	5	0.1275	42.4	212.0	0.0
83535	109	0	5	0.265	51.2	256.0	0.3333333333333333
83536	358	0	5	0.8875	220.4	1102.0	0.3333333333333333
83537	218	0	5	0.5375	214.4	1072.0	0.3333333333333333
83538	268	0	5	0.6625	199.8	999.0	0.6666666666666666
83539	161	0	5	0.395	81.0	405.0	0.0
83540	89	0	5	0.215	85.4	427.0	0.3333333333333333
83541	271	0	5	0.67	163.8	819.0	0.3333333333333333
83542	319	0	5	0.79	100.4	502.0	0.6666666666666666
83543	45	0	5	0.105	43.0	215.0	0.0
83544	401	0	5	0.995	165.8	829.0	0.6666666666666666
83545	216	0	5	0.5325	86.6	433.0	0.3333333333333333
83546	176	1	4	0.4375	152.6	763.0	1.0
83547	137	0	5	0.335	89.0	445.0	0.3333333333333333
83548	33	0	5	0.075	31.0	155.0	0.0
83549	283	0	5	0.7	88.2	441.0	0.3333333333333333
83550	295	0	5	0.73	199.0	995.0	0.3333333333333333
83551	214	0	5	0.5275	143.2	716.0	0.3333333333333333
83552	258	1	4	0.6425	156.8	784.0	1.0
83553	153	0	5	0.375	55.0	275.0	0.3333333333333333
83554	128	0	5	0.3125	125.2	626.0	0.3333333333333333
83555	189	0	5	0.465	137.2	686.0	0.6666666666666666
83556	328	0	5	0.8125	147.0	735.0	0.3333333333333333
83557	290	0	5	0.7175	192.8	964.0	0.6666666666666666
83558	210	0	5	0.5175	97.6	488.0	0.3333333333333333
83559	290	1	4	0.7225	103.6	518.0	1.0
83560	213	0	5	0.525	102.6	513.0	0.6666666666666666
83561	170	0	5	0.4175	60.0	300.0	0.3333333333333333
83562	381	0	5	0.945	160.0	800.0	0.3333333333333333
83563	148	0	5	0.3625	139.2	696.0	0.3333333333333333
83564	326	0	5	0.8075	142.8	714.0	0.3333333333333333
83565	58	0	5	0.1375	12.8	64.0	0.3333333333333333
83566	156	0	5	0.3825	117.6	588.0	0.6666666666666666
83567	69	0	5	0.165	67.0	335.0	0.0
83568	128	0	5	0.3125	70.2	351.0	0.3333333333333333
83569	54	0	5	0.1275	44.2	221.0	0.3333333333333333
83570	290	0	5	0.7175	134.8	674.0	0.3333333333333333
83571	95	0	5	0.23	34.2	171.0	0.3333333333333333
83572	279	0	5	0.69	231.4	1157.0	0.3333333333333333
83573	297	0	5	0.735	201.8	1009.0	0.6666666666666666
83574	251	0	5	0.62	185.8	929.0	0.6666666666666666
83575	349	0	5	0.865	111.8	559.0	0.6666666666666666
83576	198	0	5	0.4875	196.0	980.0	0.3333333333333333
83577	86	0	5	0.2075	82.4	412.0	0.0
83578	156	0	5	0.3825	91.6	458.0	0.3333333333333333
83579	324	1	4	0.8075	151.2	756.0	1.0
83580	330	0	5	0.8175	190.4	952.0	0.6666666666666666
83581	89	1	4	0.22	23.0	115.0	1.0
83582	338	1	4	0.8425	189.2	946.0	1.0
83583	6	0	5	0.0075	4.0	20.0	0.0
83584	277	0	5	0.685	200.4	1002.0	0.0
83585	232	0	5	0.5725	205.4	1027.0	0.3333333333333333
83586	16	0	5	0.0325	12.4	62.0	0.3333333333333333
83587	136	0	5	0.3325	105.6	528.0	0.3333333333333333
83588	278	0	5	0.6875	68.4	342.0	0.6666666666666666
83589	112	0	5	0.2725	110.0	550.0	0.0
83590	303	1	4	0.755	174.2	871.0	1.0
83591	79	0	5	0.19	58.4	292.0	0.0
83592	369	0	5	0.915	152.8	764.0	0.0
83593	388	0	5	0.9625	224.8	1124.0	0.6666666666666666
83594	362	0	5	0.8975	347.8	1739.0	0.0
83595	323	1	4	0.805	157.6	788.0	1.0
83596	85	0	5	0.205	83.0	415.0	0.0
83597	13	0	5	0.025	11.0	55.0	0.0
83598	143	0	5	0.35	33.8	169.0	0.3333333333333333
83599	382	0	5	0.9475	253.8	1269.0	0.6666666666666666
83600	389	1	4	0.97	328.8	1644.0	1.0
83601	49	0	5	0.115	45.4	227.0	0.0
83602	78	0	5	0.1875	23.2	116.0	0.3333333333333333
83603	69	0	5	0.165	41.2	206.0	0.6666666666666666
83604	217	0	5	0.535	95.8	479.0	0.3333333333333333
83605	99	0	5	0.24	21.0	105.0	0.3333333333333333
83606	62	0	5	0.1475	55.8	279.0	0.3333333333333333
83607	328	0	5	0.8125	253.2	1266.0	0.3333333333333333
83608	5	0	5	0.005	3.0	15.0	0.0
83609	24	0	5	0.0525	19.6	98.0	0.3333333333333333
83610	385	0	5	0.955	206.0	1030.0	0.6666666666666666
83611	26	0	5	0.0575	21.6	108.0	0.0
83612	112	0	5	0.2725	92.8	464.0	0.3333333333333333
83613	237	0	5	0.585	71.2	356.0	0.6666666666666666
83614	83	0	5	0.2	81.0	405.0	0.0
83615	316	1	4	0.7875	131.2	656.0	1.0
83616	199	0	5	0.49	99.8	499.0	0.3333333333333333
83617	331	0	5	0.82	239.4	1197.0	0.6666666666666666
83618	298	0	5	0.7375	224.8	1124.0	0.6666666666666666
83619	392	0	5	0.9725	215.6	1078.0	0.6666666666666666
83620	82	0	5	0.1975	80.0	400.0	0.0
83621	269	1	4	0.67	232.6	1163.0	1.0
83622	46	0	5	0.1075	43.4	217.0	0.0
83623	338	0	5	0.8375	268.6	1343.0	0.6666666666666666
83624	341	1	4	0.85	256.4	1282.0	1.0
83625	294	1	4	0.7325	102.2	511.0	1.0
83626	195	1	4	0.485	126.4	632.0	1.0
83627	313	0	5	0.775	143.8	719.0	0.3333333333333333
83628	189	0	5	0.465	165.2	826.0	0.3333333333333333
83629	315	0	5	0.78	161.6	808.0	0.6666666666666666
83630	111	0	5	0.27	95.2	476.0	0.3333333333333333
83631	128	0	5	0.3125	107.8	539.0	0.6666666666666666
83632	228	0	5	0.5625	180.0	900.0	0.3333333333333333
83633	58	0	5	0.1375	56.0	280.0	0.0
83634	233	0	5	0.575	111.2	556.0	0.3333333333333333
83635	162	0	5	0.3975	139.6	698.0	0.0
83636	275	1	4	0.685	155.4	777.0	1.0
83637	290	1	4	0.7225	178.4	892.0	1.0
83638	400	0	5	0.9925	356.0	1780.0	0.3333333333333333
83639	327	0	5	0.81	185.6	928.0	0.6666666666666666
83640	391	0	5	0.97	207.6	1038.0	0.6666666666666666
83641	83	0	5	0.2	44.0	220.0	0.0
83642	342	0	5	0.8475	172.8	864.0	0.6666666666666666
83643	359	0	5	0.89	151.4	757.0	0.6666666666666666
83644	204	0	5	0.5025	102.8	514.0	0.3333333333333333
83645	173	0	5	0.425	168.6	843.0	0.3333333333333333
83646	285	0	5	0.705	191.8	959.0	0.6666666666666666
83647	286	1	4	0.7125	219.0	1095.0	1.0
83648	146	0	5	0.3575	70.8	354.0	0.6666666666666666
83649	162	0	5	0.3975	74.4	372.0	0.3333333333333333
83650	236	0	5	0.5825	95.2	476.0	0.0
83651	233	0	5	0.575	231.0	1155.0	0.0
83652	265	0	5	0.655	156.6	783.0	0.3333333333333333
83653	384	1	4	0.9575	185.8	929.0	1.0
83654	239	0	5	0.59	127.6	638.0	0.6666666666666666
83655	127	0	5	0.31	78.6	393.0	0.0
83656	222	0	5	0.5475	136.8	684.0	0.6666666666666666
83657	157	0	5	0.385	92.2	461.0	0.3333333333333333
83658	295	0	5	0.73	251.6	1258.0	0.3333333333333333
83659	273	0	5	0.675	187.0	935.0	0.0
83660	345	0	5	0.855	282.8	1414.0	0.0
83661	28	0	5	0.0625	23.0	115.0	0.0
83662	146	0	5	0.3575	128.0	640.0	0.0
83663	236	0	5	0.5825	184.8	924.0	0.3333333333333333
83664	307	0	5	0.76	185.4	927.0	0.3333333333333333
83665	170	0	5	0.4175	92.8	464.0	0.6666666666666666
83666	87	0	5	0.21	43.4	217.0	0.3333333333333333
83667	173	0	5	0.425	171.0	855.0	0.0
83668	233	0	5	0.575	76.6	383.0	0.0
83669	72	0	5	0.1725	26.8	134.0	0.3333333333333333
83670	370	0	5	0.9175	334.4	1672.0	0.3333333333333333
83671	381	0	5	0.945	124.2	621.0	0.6666666666666666
83672	55	0	5	0.13	44.2	221.0	0.0
83673	280	0	5	0.6925	105.8	529.0	0.6666666666666666
83674	23	0	5	0.05	21.0	105.0	0.0
83675	339	0	5	0.84	224.0	1120.0	0.6666666666666666
83676	358	0	5	0.8875	194.2	971.0	0.6666666666666666
83677	173	0	5	0.425	98.4	492.0	0.3333333333333333
83678	352	1	4	0.8775	114.4	572.0	1.0
83679	154	0	5	0.3775	106.8	534.0	0.0
83680	209	0	5	0.515	162.2	811.0	0.3333333333333333
83681	280	0	5	0.6925	233.0	1165.0	0.0
83682	128	0	5	0.3125	115.4	577.0	0.0
83683	203	0	5	0.5	160.2	801.0	0.6666666666666666
83684	172	0	5	0.4225	170.0	850.0	0.0
83685	253	0	5	0.625	117.4	587.0	0.6666666666666666
83686	201	0	5	0.495	161.0	805.0	0.3333333333333333
83687	164	0	5	0.4025	130.2	651.0	0.3333333333333333
83688	29	0	5	0.065	23.0	115.0	0.3333333333333333
83689	304	0	5	0.7525	122.0	610.0	0.3333333333333333
83690	82	0	5	0.1975	68.4	342.0	0.0
83691	174	0	5	0.4275	133.2	666.0	0.3333333333333333
83692	249	0	5	0.615	211.8	1059.0	0.0
83693	262	0	5	0.6475	160.0	800.0	0.3333333333333333
83694	40	0	5	0.0925	28.8	144.0	0.3333333333333333
83695	133	0	5	0.325	78.2	391.0	0.3333333333333333
83696	216	0	5	0.5325	141.8	709.0	0.3333333333333333
83697	289	0	5	0.715	234.2	1171.0	0.6666666666666666
83698	226	0	5	0.5575	129.0	645.0	0.3333333333333333
83699	378	0	5	0.9375	86.4	432.0	0.6666666666666666
83700	196	0	5	0.4825	50.4	252.0	0.3333333333333333
83701	301	0	5	0.745	204.2	1021.0	0.3333333333333333
83702	313	0	5	0.775	161.4	807.0	0.6666666666666666
83703	284	0	5	0.7025	107.0	535.0	0.6666666666666666
83704	302	0	5	0.7475	95.2	476.0	0.6666666666666666
83705	207	0	5	0.51	119.8	599.0	0.3333333333333333
83706	238	0	5	0.5875	136.4	682.0	0.3333333333333333
83707	177	0	5	0.435	154.8	774.0	0.0
83708	176	0	5	0.4325	87.0	435.0	0.3333333333333333
83709	303	0	5	0.75	185.2	926.0	0.3333333333333333
83710	269	0	5	0.665	183.2	916.0	0.3333333333333333
83711	137	0	5	0.335	113.2	566.0	0.3333333333333333
83712	146	0	5	0.3575	126.4	632.0	0.0
83713	336	0	5	0.8325	103.2	516.0	0.6666666666666666
83714	156	0	5	0.3825	154.0	770.0	0.0
83715	206	0	5	0.5075	112.8	564.0	0.6666666666666666
83716	81	0	5	0.195	68.0	340.0	0.0
83717	299	0	5	0.74	250.2	1251.0	0.3333333333333333
83718	284	0	5	0.7025	171.6	858.0	0.3333333333333333
83719	216	0	5	0.5325	209.6	1048.0	0.3333333333333333
83720	187	0	5	0.46	126.2	631.0	0.6666666666666666
83721	244	0	5	0.6025	101.2	506.0	0.6666666666666666
83722	221	0	5	0.545	65.4	327.0	0.0
83723	171	0	5	0.42	55.4	277.0	0.6666666666666666
83724	101	0	5	0.245	79.8	399.0	0.3333333333333333
83725	73	0	5	0.175	71.0	355.0	0.0
83726	124	0	5	0.3025	122.0	610.0	0.0
83727	348	0	5	0.8625	237.4	1187.0	0.6666666666666666
83728	172	0	5	0.4225	114.0	570.0	0.6666666666666666
83729	168	0	5	0.4125	131.2	656.0	0.3333333333333333
83730	88	0	5	0.2125	51.6	258.0	0.0
83731	401	0	4	0.9975	195.8	979.0	0.6666666666666666
83732	274	0	5	0.6775	185.6	928.0	0.3333333333333333
83733	80	0	5	0.1925	51.4	257.0	0.3333333333333333
83734	53	1	3	0.13	34.4	172.0	1.0
83735	89	0	5	0.215	49.0	245.0	0.3333333333333333
83736	342	0	5	0.8475	186.0	930.0	0.3333333333333333
83737	329	0	5	0.815	226.8	1134.0	0.3333333333333333
83738	192	0	5	0.4725	169.0	845.0	0.3333333333333333
83739	340	0	5	0.8425	109.4	547.0	0.6666666666666666
83740	58	0	5	0.1375	46.8	234.0	0.3333333333333333
83741	400	1	4	0.9975	274.0	1370.0	1.0
83742	72	1	4	0.1775	26.0	130.0	1.0
83743	36	0	5	0.0825	30.6	153.0	0.3333333333333333
83744	212	0	5	0.5225	138.0	690.0	0.6666666666666666
83745	153	0	5	0.375	114.2	571.0	0.3333333333333333
83746	147	0	5	0.36	82.6	413.0	0.3333333333333333
83747	35	0	5	0.08	33.0	165.0	0.0
83748	258	0	5	0.6375	223.2	1116.0	0.3333333333333333
83749	226	0	5	0.5575	172.4	862.0	0.0
83750	238	1	4	0.5925	68.4	342.0	1.0
83751	105	0	5	0.255	39.4	197.0	0.3333333333333333
83752	206	0	5	0.5075	192.0	960.0	0.3333333333333333
83753	261	0	5	0.645	181.0	905.0	0.6666666666666666
83754	152	0	5	0.3725	140.6	703.0	0.3333333333333333
83755	204	0	5	0.5025	181.4	907.0	0.3333333333333333
83756	295	0	5	0.73	263.8	1319.0	0.0
83757	210	0	5	0.5175	104.2	521.0	0.0
83758	242	0	5	0.5975	154.2	771.0	0.6666666666666666
83759	223	0	5	0.55	192.4	962.0	0.6666666666666666
83760	377	0	5	0.935	339.4	1697.0	0.6666666666666666
83761	31	0	5	0.07	29.0	145.0	0.0
83762	139	0	5	0.34	137.0	685.0	0.0
83763	117	0	5	0.285	76.0	380.0	0.6666666666666666
83764	374	0	5	0.9275	317.8	1589.0	0.6666666666666666
83765	67	0	5	0.16	65.0	325.0	0.0
83766	163	0	5	0.4	131.4	657.0	0.3333333333333333
83767	227	1	4	0.565	68.6	343.0	1.0
83768	98	0	5	0.2375	26.4	132.0	0.3333333333333333
83769	193	0	5	0.475	69.0	345.0	0.6666666666666666
83770	23	0	5	0.05	21.0	105.0	0.0
83771	384	0	5	0.9525	199.6	998.0	0.6666666666666666
83772	65	0	5	0.155	43.6	218.0	0.3333333333333333
83773	396	1	4	0.9875	299.6	1498.0	1.0
83774	14	0	5	0.0275	12.0	60.0	0.0
83775	79	0	5	0.19	77.0	385.0	0.0
83776	232	0	5	0.5725	128.8	644.0	0.3333333333333333
83777	307	0	5	0.76	171.0	855.0	0.6666666666666666
83778	326	0	5	0.8075	146.0	730.0	0.6666666666666666
83779	13	0	5	0.025	4.8	24.0	0.3333333333333333
83780	115	0	5	0.28	113.0	565.0	0.0
83781	192	0	5	0.4725	162.0	810.0	0.3333333333333333
83782	103	0	5	0.25	57.2	286.0	0.3333333333333333
83783	182	0	5	0.4475	180.0	900.0	0.0
83784	308	0	5	0.7625	102.0	510.0	0.3333333333333333
83785	331	0	5	0.82	314.2	1571.0	0.3333333333333333
83786	79	0	5	0.19	51.8	259.0	0.0
83787	136	0	5	0.3325	76.4	382.0	0.6666666666666666
83788	401	0	5	0.995	162.8	814.0	0.6666666666666666
83789	289	0	5	0.715	85.8	429.0	0.6666666666666666
83790	276	0	5	0.6825	274.0	1370.0	0.0
83791	195	0	5	0.48	77.2	386.0	0.3333333333333333
83792	364	0	5	0.9025	163.6	818.0	0.6666666666666666
83793	75	0	5	0.18	67.6	338.0	0.3333333333333333
83794	298	0	5	0.7375	74.4	372.0	0.6666666666666666
83795	45	0	5	0.105	43.0	215.0	0.0
83796	367	0	5	0.91	192.8	964.0	0.6666666666666666
83797	91	0	5	0.22	89.0	445.0	0.0
83798	18	0	5	0.0375	16.0	80.0	0.0
83799	301	0	5	0.745	268.6	1343.0	0.3333333333333333
83800	113	0	5	0.275	111.0	555.0	0.0
83801	363	0	5	0.9	308.6	1543.0	0.6666666666666666
83802	347	0	5	0.86	104.6	523.0	0.6666666666666666
83803	241	0	5	0.595	219.6	1098.0	0.3333333333333333
83804	252	0	5	0.6225	154.0	770.0	0.3333333333333333
83805	18	0	5	0.0375	16.0	80.0	0.0
83806	146	0	5	0.3575	102.4	512.0	0.3333333333333333
83807	258	0	5	0.6375	54.4	272.0	0.6666666666666666
83808	70	0	5	0.1675	68.0	340.0	0.0
83809	248	0	5	0.6125	78.6	393.0	0.3333333333333333
83810	358	0	5	0.8875	306.0	1530.0	0.3333333333333333
83811	183	0	5	0.45	83.2	416.0	0.6666666666666666
83812	293	0	5	0.725	182.6	913.0	0.6666666666666666
83813	115	0	5	0.28	70.6	353.0	0.3333333333333333
83814	250	0	5	0.6175	176.4	882.0	0.3333333333333333
83815	177	0	5	0.435	106.6	533.0	0.3333333333333333
83816	196	0	5	0.4825	166.4	832.0	0.3333333333333333
83817	12	0	5	0.0225	10.0	50.0	0.0
83818	43	0	5	0.1	41.0	205.0	0.3333333333333333
83819	207	1	4	0.515	157.6	788.0	1.0
83820	45	0	5	0.105	43.0	215.0	0.0
83821	158	0	5	0.3875	150.8	754.0	0.0
83822	176	0	5	0.4325	130.6	653.0	0.6666666666666666
83823	82	0	5	0.1975	63.2	316.0	0.6666666666666666
83824	155	0	5	0.38	124.4	622.0	0.3333333333333333
83825	168	0	5	0.4125	92.8	464.0	0.6666666666666666
83826	206	0	5	0.5075	131.2	656.0	0.6666666666666666
83827	270	0	5	0.6675	220.0	1100.0	0.3333333333333333
83828	262	0	5	0.6475	149.0	745.0	0.3333333333333333
83829	259	0	5	0.64	93.8	469.0	0.6666666666666666
83830	156	0	5	0.3825	58.4	292.0	0.3333333333333333
83831	340	0	5	0.8425	124.4	622.0	0.6666666666666666
83832	170	0	5	0.4175	168.0	840.0	0.0
83833	258	0	5	0.6375	135.4	677.0	0.6666666666666666
83834	30	0	5	0.0675	28.0	140.0	0.0
83835	366	0	5	0.9075	193.0	965.0	0.6666666666666666
83836	159	0	5	0.39	45.0	225.0	0.3333333333333333
83837	245	0	5	0.605	166.6	833.0	0.6666666666666666
83838	288	1	4	0.7175	181.4	907.0	1.0
83839	393	0	5	0.975	250.4	1252.0	0.6666666666666666
83840	29	0	5	0.065	27.0	135.0	0.0
83841	272	1	4	0.6775	203.6	1018.0	1.0
83842	155	0	5	0.38	134.6	673.0	0.3333333333333333
83843	282	0	5	0.6975	197.6	988.0	0.6666666666666666
83844	19	0	5	0.04	17.0	85.0	0.0
83845	5	0	5	0.005	3.0	15.0	0.0
83846	308	0	5	0.7625	248.8	1244.0	0.3333333333333333
83847	373	0	5	0.925	265.0	1325.0	0.6666666666666666
83848	222	0	5	0.5475	220.0	1100.0	0.0
83849	302	0	5	0.7475	107.2	536.0	0.3333333333333333
83850	239	0	5	0.59	201.2	1006.0	0.3333333333333333
83851	372	0	5	0.9225	205.6	1028.0	0.6666666666666666
83852	176	0	5	0.4325	153.0	765.0	0.3333333333333333
83853	353	0	5	0.875	166.6	833.0	0.6666666666666666
83854	30	0	5	0.0675	24.8	124.0	0.3333333333333333
83855	108	0	5	0.2625	106.0	530.0	0.0
83856	223	0	5	0.55	92.2	461.0	0.6666666666666666
83857	22	0	5	0.0475	20.0	100.0	0.0
83858	287	0	5	0.71	153.4	767.0	0.6666666666666666
83859	4	0	5	0.0025	2.0	10.0	0.0
83860	56	0	5	0.1325	54.0	270.0	0.0
83861	221	0	5	0.545	159.8	799.0	0.0
83862	308	0	5	0.7625	189.4	947.0	0.6666666666666666
83863	183	0	5	0.45	153.4	767.0	0.3333333333333333
83864	227	0	5	0.56	219.0	1095.0	0.0
83865	348	0	5	0.8625	120.8	604.0	0.6666666666666666
83866	223	0	5	0.55	175.0	875.0	0.6666666666666666
83867	60	0	5	0.1425	58.0	290.0	0.0
83868	297	0	5	0.735	148.2	741.0	0.6666666666666666
83869	218	0	5	0.5375	154.8	774.0	0.3333333333333333
83870	239	0	5	0.59	171.8	859.0	0.3333333333333333
83871	217	0	5	0.535	169.4	847.0	0.3333333333333333
83872	23	0	5	0.05	21.0	105.0	0.0
83873	358	0	5	0.8875	150.4	752.0	0.6666666666666666
83874	14	0	5	0.0275	5.6	28.0	0.3333333333333333
83875	194	0	5	0.4775	162.8	814.0	0.3333333333333333
83876	194	0	5	0.4775	153.2	766.0	0.0
83877	363	0	5	0.9	286.6	1433.0	0.6666666666666666
83878	51	1	4	0.125	38.2	191.0	1.0
83879	132	0	5	0.3225	71.8	359.0	0.3333333333333333
83880	106	0	5	0.2575	49.4	247.0	0.6666666666666666
83881	162	0	5	0.3975	153.4	767.0	0.3333333333333333
83882	262	0	5	0.6475	183.2	916.0	0.6666666666666666
83883	282	0	5	0.6975	231.2	1156.0	0.3333333333333333
83884	69	0	5	0.165	31.0	155.0	0.3333333333333333
83885	194	0	5	0.4775	82.4	412.0	0.6666666666666666
83886	284	1	4	0.7075	116.0	580.0	1.0
83887	78	0	5	0.1875	44.8	224.0	0.3333333333333333
83888	91	0	5	0.22	53.0	265.0	0.0
83889	23	0	5	0.05	21.0	105.0	0.0
83890	367	0	5	0.91	218.2	1091.0	0.6666666666666666
83891	24	0	5	0.0525	20.4	102.0	0.0
83892	389	1	4	0.97	322.0	1610.0	1.0
83893	190	0	5	0.4675	71.6	358.0	0.3333333333333333
83894	234	0	5	0.5775	63.0	315.0	0.3333333333333333
83895	299	0	5	0.74	194.0	970.0	0.3333333333333333
83896	299	0	5	0.74	165.2	826.0	0.6666666666666666
83897	134	0	5	0.3275	117.6	588.0	0.0
83898	15	0	5	0.03	13.0	65.0	0.0
83899	56	0	5	0.1325	33.8	169.0	0.3333333333333333
83900	168	0	5	0.4125	127.2	636.0	0.6666666666666666
83901	42	0	5	0.0975	39.6	198.0	0.0
83902	359	0	5	0.89	247.6	1238.0	0.6666666666666666
83903	128	0	5	0.3125	45.6	228.0	0.6666666666666666
83904	137	0	5	0.335	84.6	423.0	0.3333333333333333
83905	341	0	5	0.845	249.8	1249.0	0.3333333333333333
83906	160	0	5	0.3925	148.8	744.0	0.0
83907	138	0	5	0.3375	136.0	680.0	0.0
83908	246	0	5	0.6075	222.8	1114.0	0.3333333333333333
83909	68	0	5	0.1625	66.0	330.0	0.0
83910	24	0	5	0.0525	22.0	110.0	0.3333333333333333
83911	336	0	5	0.8325	157.0	785.0	0.3333333333333333
83912	345	0	5	0.855	203.4	1017.0	0.6666666666666666
83913	371	0	5	0.92	245.8	1229.0	0.3333333333333333
83914	318	0	5	0.7875	111.4	557.0	0.6666666666666666
83915	152	0	5	0.3725	126.0	630.0	0.3333333333333333
83916	253	0	5	0.625	251.0	1255.0	0.0
83917	8	0	5	0.0125	6.0	30.0	0.0
83918	187	1	4	0.465	90.2	451.0	1.0
83919	364	0	5	0.9025	249.0	1245.0	0.3333333333333333
83920	311	1	4	0.775	180.8	904.0	1.0
83921	88	0	5	0.2125	77.2	386.0	0.3333333333333333
83922	349	0	5	0.865	218.8	1094.0	0.3333333333333333
83923	247	0	5	0.61	111.2	556.0	0.3333333333333333
83924	28	0	5	0.0625	26.0	130.0	0.0
83925	163	0	5	0.4	147.8	739.0	0.3333333333333333
83926	230	0	5	0.5675	62.4	312.0	0.3333333333333333
83927	184	0	5	0.4525	147.4	737.0	0.3333333333333333
83928	345	0	5	0.855	194.8	974.0	0.6666666666666666
83929	120	0	5	0.2925	80.2	401.0	0.3333333333333333
83930	169	0	5	0.415	140.6	703.0	0.0
83931	329	0	5	0.815	206.8	1034.0	0.3333333333333333
83932	152	1	4	0.3775	44.0	220.0	1.0
83933	203	0	5	0.5	155.8	779.0	0.3333333333333333
83934	202	0	5	0.4975	149.6	748.0	0.0
83935	131	0	5	0.32	129.0	645.0	0.0
83936	54	0	5	0.1275	42.8	214.0	0.3333333333333333
83937	126	0	5	0.3075	36.8	184.0	0.6666666666666666
83938	305	0	5	0.755	246.6	1233.0	0.3333333333333333
83939	246	0	5	0.6075	211.6	1058.0	0.0
83940	210	0	5	0.5175	120.0	600.0	0.3333333333333333
83941	10	0	5	0.0175	8.0	40.0	0.0
83942	62	0	5	0.1475	60.0	300.0	0.0
83943	143	0	5	0.35	103.4	517.0	0.3333333333333333
83944	54	0	5	0.1275	52.0	260.0	0.0
83945	272	0	5	0.6725	209.2	1046.0	0.3333333333333333
83946	401	0	4	0.9975	154.2	771.0	0.6666666666666666
83947	117	0	5	0.285	72.6	363.0	0.3333333333333333
83948	190	0	5	0.4675	92.4	462.0	0.3333333333333333
83949	356	0	5	0.8825	198.8	994.0	0.6666666666666666
83950	134	0	5	0.3275	73.2	366.0	0.3333333333333333
83951	260	1	4	0.6475	139.6	698.0	1.0
83952	110	1	4	0.2725	31.6	158.0	1.0
83953	7	0	5	0.01	5.0	25.0	0.0
83954	139	0	5	0.34	107.8	539.0	0.0
83955	182	0	5	0.4475	81.2	406.0	0.6666666666666666
83956	106	0	5	0.2575	102.6	513.0	0.0
83957	272	0	5	0.6725	99.8	499.0	0.6666666666666666
83958	301	0	5	0.745	299.0	1495.0	0.0
83959	108	0	5	0.2625	106.0	530.0	0.0
83960	313	0	5	0.775	231.2	1156.0	0.3333333333333333
83961	167	0	5	0.41	85.2	426.0	0.3333333333333333
83962	141	0	5	0.345	135.2	676.0	0.3333333333333333
83963	226	0	5	0.5575	196.0	980.0	0.3333333333333333
83964	40	0	5	0.0925	38.0	190.0	0.0
83965	173	0	5	0.425	139.8	699.0	0.3333333333333333
83966	74	0	5	0.1775	53.6	268.0	0.3333333333333333
83967	344	0	5	0.8525	214.0	1070.0	0.6666666666666666
83968	163	0	5	0.4	36.2	181.0	0.3333333333333333
83969	124	0	5	0.3025	80.8	404.0	0.6666666666666666
83970	356	0	5	0.8825	192.6	963.0	0.6666666666666666
83971	153	0	5	0.375	118.2	591.0	0.3333333333333333
83972	311	0	5	0.77	196.0	980.0	0.3333333333333333
83973	272	0	5	0.6725	129.2	646.0	0.6666666666666666
83974	286	0	5	0.7075	227.0	1135.0	0.3333333333333333
83975	202	0	5	0.4975	181.2	906.0	0.3333333333333333
83976	133	0	5	0.325	85.0	425.0	0.0
83977	341	0	5	0.845	199.0	995.0	0.6666666666666666
83978	147	0	5	0.36	116.2	581.0	0.0
83979	192	0	5	0.4725	76.2	381.0	0.3333333333333333
83980	178	0	5	0.4375	105.0	525.0	0.3333333333333333
83981	348	0	5	0.8625	308.2	1541.0	0.3333333333333333
83982	120	0	5	0.2925	73.6	368.0	0.0
83983	255	1	4	0.635	162.0	810.0	1.0
83984	185	1	4	0.46	91.0	455.0	1.0
83985	136	0	5	0.3325	99.6	498.0	0.6666666666666666
83986	133	0	5	0.325	131.0	655.0	0.0
83987	285	0	5	0.705	256.4	1282.0	0.3333333333333333
83988	170	0	5	0.4175	79.2	396.0	0.6666666666666666
83989	85	0	5	0.205	83.0	415.0	0.6666666666666666
83990	281	0	5	0.695	95.0	475.0	0.6666666666666666
83991	167	0	5	0.41	132.2	661.0	0.3333333333333333
83992	336	0	5	0.8325	84.4	422.0	0.6666666666666666
83993	141	0	5	0.345	130.2	651.0	0.0
83994	217	0	5	0.535	139.6	698.0	0.6666666666666666
83995	222	0	5	0.5475	110.2	551.0	0.6666666666666666
83996	328	0	5	0.8125	250.8	1254.0	0.6666666666666666
83997	174	0	5	0.4275	98.4	492.0	0.3333333333333333
83998	385	0	5	0.955	131.8	659.0	0.6666666666666666
83999	22	0	5	0.0475	20.0	100.0	0.0
84000	248	0	5	0.6125	228.0	1140.0	0.0
84001	18	0	5	0.0375	16.0	80.0	0.0
84002	392	0	5	0.9725	131.2	656.0	0.6666666666666666
84003	264	0	5	0.6525	97.2	486.0	0.6666666666666666
84004	342	0	5	0.8475	176.8	884.0	0.6666666666666666
84005	228	0	5	0.5625	155.4	777.0	0.3333333333333333
84006	329	0	5	0.815	193.8	969.0	0.6666666666666666
84007	267	1	4	0.665	214.2	1071.0	1.0
84008	313	0	5	0.775	249.0	1245.0	0.3333333333333333
84009	132	0	5	0.3225	120.4	602.0	0.3333333333333333
84010	179	0	5	0.44	103.4	517.0	0.6666666666666666
84011	290	1	4	0.7225	238.0	1190.0	1.0
84012	110	0	5	0.2675	84.6	423.0	0.3333333333333333
84013	244	0	5	0.6025	205.8	1029.0	0.3333333333333333
84014	233	0	5	0.575	176.8	884.0	0.6666666666666666
84015	385	0	5	0.955	370.8	1854.0	0.3333333333333333
84016	96	0	5	0.2325	94.0	470.0	0.0
84017	302	0	5	0.7475	176.2	881.0	0.3333333333333333
84018	38	0	5	0.0875	36.0	180.0	0.0
84019	39	0	5	0.09	28.8	144.0	0.3333333333333333
84020	32	0	5	0.0725	30.0	150.0	0.0
84021	212	0	5	0.5225	85.6	428.0	0.0
84022	350	1	4	0.8725	275.0	1375.0	1.0
84023	390	0	5	0.9675	113.4	567.0	0.6666666666666666
84024	161	0	5	0.395	125.4	627.0	0.0
84025	318	0	5	0.7875	224.6	1123.0	0.6666666666666666
84026	153	0	5	0.375	66.6	333.0	0.3333333333333333
84027	63	0	5	0.15	61.0	305.0	0.0
84028	168	0	5	0.4125	102.4	512.0	0.3333333333333333
84029	234	0	5	0.5775	150.6	753.0	0.3333333333333333
84030	246	0	5	0.6075	190.8	954.0	0.3333333333333333
84031	302	0	5	0.7475	267.8	1339.0	0.3333333333333333
84032	401	0	4	0.9975	302.6	1513.0	0.6666666666666666
84033	354	0	5	0.8775	302.4	1512.0	0.3333333333333333
84034	222	0	5	0.5475	75.2	376.0	0.3333333333333333
84035	32	0	5	0.0725	25.2	126.0	0.0
84036	331	0	5	0.82	245.0	1225.0	0.6666666666666666
84037	94	0	5	0.2275	18.6	93.0	0.3333333333333333
84038	196	0	5	0.4825	194.0	970.0	0.0
84039	400	0	5	0.9925	261.6	1308.0	0.6666666666666666
84040	165	0	5	0.405	111.4	557.0	0.0
84041	394	1	4	0.9825	260.6	1303.0	1.0
84042	300	0	5	0.7425	156.8	784.0	0.6666666666666666
84043	51	0	5	0.12	49.0	245.0	0.0
84044	151	0	5	0.37	134.4	672.0	0.3333333333333333
84045	398	0	5	0.9875	342.0	1710.0	0.6666666666666666
84046	220	0	5	0.5425	81.6	408.0	0.6666666666666666
84047	365	0	5	0.905	150.6	753.0	0.3333333333333333
84048	221	0	5	0.545	161.8	809.0	0.3333333333333333
84049	153	0	5	0.375	151.0	755.0	0.0
84050	247	0	5	0.61	226.6	1133.0	0.3333333333333333
84051	391	0	5	0.97	305.0	1525.0	0.6666666666666666
84052	74	0	5	0.1775	60.0	300.0	0.3333333333333333
84053	169	0	5	0.415	79.6	398.0	0.3333333333333333
84054	34	0	5	0.0775	32.0	160.0	0.0
84055	232	0	5	0.5725	112.2	561.0	0.3333333333333333
84056	300	0	5	0.7425	171.2	856.0	0.3333333333333333
84057	191	0	5	0.47	151.4	757.0	0.3333333333333333
84058	76	0	5	0.1825	74.0	370.0	0.0
84059	229	0	5	0.565	87.0	435.0	0.3333333333333333
84060	51	0	5	0.12	40.0	200.0	0.3333333333333333
84061	370	0	5	0.9175	304.4	1522.0	0.6666666666666666
84062	287	0	5	0.71	232.4	1162.0	0.6666666666666666
84063	253	0	5	0.625	86.2	431.0	0.6666666666666666
84064	322	0	5	0.7975	140.0	700.0	0.3333333333333333
84065	236	0	5	0.5825	159.8	799.0	0.3333333333333333
84066	56	0	5	0.1325	54.0	270.0	0.0
84067	174	0	5	0.4275	104.2	521.0	0.3333333333333333
84068	154	0	5	0.3775	77.6	388.0	0.0
84069	45	0	5	0.105	43.0	215.0	0.0
84070	330	0	5	0.8175	196.0	980.0	0.3333333333333333
84071	335	1	4	0.835	144.0	720.0	1.0
84072	274	0	5	0.6775	156.2	781.0	0.3333333333333333
84073	164	0	5	0.4025	153.2	766.0	0.6666666666666666
84074	128	0	5	0.3125	126.0	630.0	0.0
84075	323	0	5	0.8	205.0	1025.0	0.3333333333333333
84076	339	0	5	0.84	243.2	1216.0	0.6666666666666666
84077	253	0	5	0.625	110.6	553.0	0.3333333333333333
84078	181	0	5	0.445	94.4	472.0	0.6666666666666666
84079	125	0	5	0.305	109.8	549.0	0.3333333333333333
84080	250	0	5	0.6175	179.8	899.0	0.6666666666666666
84081	331	0	5	0.82	164.6	823.0	0.3333333333333333
84082	186	0	5	0.4575	80.2	401.0	0.3333333333333333
84083	305	0	5	0.755	253.8	1269.0	0.0
84084	9	0	5	0.015	7.0	35.0	0.0
84085	182	0	5	0.4475	116.0	580.0	0.3333333333333333
84086	166	0	5	0.4075	130.4	652.0	0.3333333333333333
84087	256	0	5	0.6325	163.8	819.0	0.6666666666666666
84088	27	0	5	0.06	25.0	125.0	0.0
84089	147	0	5	0.36	86.6	433.0	0.3333333333333333
84090	248	0	5	0.6125	115.6	578.0	0.3333333333333333
84091	347	0	5	0.86	293.8	1469.0	0.6666666666666666
84092	189	0	5	0.465	186.0	930.0	0.0
84093	13	0	5	0.025	11.0	55.0	0.0
84094	219	0	5	0.54	86.6	433.0	0.6666666666666666
84095	176	0	5	0.4325	157.2	786.0	0.3333333333333333
84096	113	0	5	0.275	87.8	439.0	0.0
84097	113	0	5	0.275	48.2	241.0	0.3333333333333333
84098	233	0	5	0.575	231.0	1155.0	0.0
84099	336	0	5	0.8325	187.2	936.0	0.6666666666666666
84100	395	0	5	0.98	208.2	1041.0	0.6666666666666666
84101	305	0	5	0.755	150.2	751.0	0.6666666666666666
84102	339	1	4	0.845	236.8	1184.0	1.0
84103	86	0	5	0.2075	19.2	96.0	0.3333333333333333
84104	209	0	5	0.515	132.4	662.0	0.3333333333333333
84105	396	0	5	0.9825	322.6	1613.0	0.6666666666666666
84106	189	0	5	0.465	168.0	840.0	0.3333333333333333
84107	118	1	4	0.2925	76.4	382.0	1.0
84108	88	0	5	0.2125	28.4	142.0	0.3333333333333333
84109	286	0	5	0.7075	140.0	700.0	0.6666666666666666
84110	121	0	5	0.295	78.2	391.0	0.3333333333333333
84111	310	0	5	0.7675	257.6	1288.0	0.6666666666666666
84112	141	0	5	0.345	71.2	356.0	0.6666666666666666
84113	121	0	5	0.295	61.4	307.0	0.6666666666666666
84114	305	0	5	0.755	84.4	422.0	0.6666666666666666
84115	350	0	5	0.8675	172.8	864.0	0.6666666666666666
84116	73	0	5	0.175	71.0	355.0	0.0
84117	155	0	5	0.38	87.4	437.0	0.3333333333333333
84118	393	0	5	0.975	220.0	1100.0	0.6666666666666666
84119	215	0	5	0.53	125.0	625.0	0.0
84120	224	0	5	0.5525	177.6	888.0	0.3333333333333333
84121	297	0	5	0.735	161.4	807.0	0.6666666666666666
84122	47	0	5	0.11	30.6	153.0	0.3333333333333333
84123	271	0	5	0.67	141.4	707.0	0.6666666666666666
84124	338	1	4	0.8425	101.2	506.0	1.0
84125	152	0	5	0.3725	150.0	750.0	0.0
84126	174	0	5	0.4275	87.4	437.0	0.3333333333333333
84127	332	0	5	0.8225	139.2	696.0	0.6666666666666666
84128	347	0	5	0.86	98.2	491.0	0.3333333333333333
84129	217	0	5	0.535	129.2	646.0	0.6666666666666666
84130	139	0	5	0.34	135.0	675.0	0.3333333333333333
84131	123	0	5	0.3	82.2	411.0	0.3333333333333333
84132	64	0	5	0.1525	62.0	310.0	0.0
84133	345	0	5	0.855	150.8	754.0	0.6666666666666666
84134	52	0	5	0.1225	41.6	208.0	0.0
84135	27	0	5	0.06	25.0	125.0	0.0
84136	169	0	5	0.415	149.2	746.0	0.0
84137	153	0	5	0.375	57.6	288.0	0.3333333333333333
84138	365	0	5	0.905	336.6	1683.0	0.3333333333333333
84139	337	0	5	0.835	122.0	610.0	0.6666666666666666
84140	184	0	5	0.4525	137.8	689.0	0.6666666666666666
84141	217	0	5	0.535	165.0	825.0	0.6666666666666666
84142	128	0	5	0.3125	126.0	630.0	0.0
84143	277	0	5	0.685	228.4	1142.0	0.3333333333333333
84144	309	1	4	0.77	137.0	685.0	1.0
84145	161	0	5	0.395	155.0	775.0	0.0
84146	153	0	5	0.375	103.8	519.0	0.3333333333333333
84147	325	0	5	0.805	131.8	659.0	0.6666666666666666
84148	401	0	3	0.9975	300.6	1503.0	0.6666666666666666
84149	128	0	5	0.3125	115.2	576.0	0.3333333333333333
84150	253	0	5	0.625	177.2	886.0	0.3333333333333333
84151	188	0	5	0.4625	90.4	452.0	0.3333333333333333
84152	309	0	5	0.765	137.2	686.0	0.6666666666666666
84153	147	0	5	0.36	82.6	413.0	0.3333333333333333
84154	46	0	5	0.1075	23.6	118.0	0.0
84155	212	0	5	0.5225	176.2	881.0	0.3333333333333333
84156	210	0	5	0.5175	135.4	677.0	0.3333333333333333
84157	112	0	5	0.2725	90.6	453.0	0.3333333333333333
84158	182	0	5	0.4475	84.0	420.0	0.6666666666666666
84159	64	0	5	0.1525	62.0	310.0	0.0
84160	355	0	5	0.88	208.4	1042.0	0.6666666666666666
84161	49	0	5	0.115	47.0	235.0	0.0
84162	78	1	4	0.1925	46.2	231.0	1.0
84163	163	0	5	0.4	67.4	337.0	0.3333333333333333
84164	392	1	4	0.9775	220.2	1101.0	1.0
84165	219	0	5	0.54	183.4	917.0	0.3333333333333333
84166	233	0	5	0.575	167.4	837.0	0.3333333333333333
84167	10	0	5	0.0175	8.0	40.0	0.0
84168	166	0	5	0.4075	131.6	658.0	0.0
84169	328	0	5	0.8125	205.6	1028.0	0.6666666666666666
84170	77	0	5	0.185	22.2	111.0	0.3333333333333333
84171	144	1	4	0.3575	98.8	494.0	1.0
84172	244	0	5	0.6025	198.8	994.0	0.6666666666666666
84173	303	0	5	0.75	247.8	1239.0	0.3333333333333333
84174	168	0	5	0.4125	116.8	584.0	0.6666666666666666
84175	334	0	5	0.8275	82.4	412.0	0.6666666666666666
84176	229	0	5	0.565	191.0	955.0	0.6666666666666666
84177	177	0	5	0.435	133.6	668.0	0.3333333333333333
84178	212	0	5	0.5225	72.8	364.0	0.6666666666666666
84179	27	0	5	0.06	22.2	111.0	0.0
84180	323	0	5	0.8	232.0	1160.0	0.6666666666666666
84181	156	0	5	0.3825	119.2	596.0	0.3333333333333333
84182	114	0	5	0.2775	89.6	448.0	0.0
84183	107	0	5	0.26	61.0	305.0	0.0
84184	274	0	5	0.6775	148.0	740.0	0.3333333333333333
84185	154	1	3	0.3825	99.4	497.0	1.0
84186	169	0	5	0.415	167.0	835.0	0.0
84187	239	0	5	0.59	83.4	417.0	0.3333333333333333
84188	207	0	5	0.51	119.4	597.0	0.6666666666666666
84189	347	0	5	0.86	189.8	949.0	0.6666666666666666
84190	71	0	5	0.17	69.0	345.0	0.0
84191	329	0	5	0.815	276.6	1383.0	0.6666666666666666
84192	111	0	5	0.27	109.0	545.0	0.0
84193	147	0	5	0.36	100.6	503.0	0.3333333333333333
84194	221	0	5	0.545	153.4	767.0	0.3333333333333333
84195	401	0	5	0.995	173.8	869.0	0.6666666666666666
84196	281	0	5	0.695	152.2	761.0	0.6666666666666666
84197	43	0	5	0.1	41.0	205.0	0.0
84198	262	0	5	0.6475	76.0	380.0	0.6666666666666666
84199	353	0	5	0.875	166.2	831.0	0.3333333333333333
84200	362	0	5	0.8975	237.6	1188.0	0.6666666666666666
84201	166	0	5	0.4075	121.0	605.0	0.3333333333333333
84202	19	0	5	0.04	17.0	85.0	0.0
84203	110	0	5	0.2675	48.0	240.0	0.3333333333333333
84204	230	0	5	0.5675	96.0	480.0	0.3333333333333333
84205	373	0	5	0.925	216.8	1084.0	0.3333333333333333
84206	195	0	5	0.48	119.4	597.0	0.6666666666666666
84207	15	0	5	0.03	13.0	65.0	0.0
84208	360	0	5	0.8925	281.2	1406.0	0.3333333333333333
84209	250	1	4	0.6225	162.8	814.0	1.0
84210	134	0	5	0.3275	87.0	435.0	0.3333333333333333
84211	150	0	5	0.3675	31.2	156.0	0.3333333333333333
84212	197	0	5	0.485	113.2	566.0	0.6666666666666666
84213	202	0	5	0.4975	185.6	928.0	0.0
84214	186	0	5	0.4575	154.4	772.0	0.3333333333333333
84215	313	0	5	0.775	251.0	1255.0	0.3333333333333333
84216	64	0	5	0.1525	34.0	170.0	0.3333333333333333
84217	318	0	5	0.7875	84.8	424.0	0.6666666666666666
84218	310	0	5	0.7675	185.6	928.0	0.3333333333333333
84219	280	0	5	0.6925	238.2	1191.0	0.3333333333333333
84220	374	1	4	0.9325	239.8	1199.0	1.0
84221	329	0	5	0.815	161.2	806.0	0.3333333333333333
84222	337	0	5	0.835	183.8	919.0	0.6666666666666666
84223	168	0	5	0.4125	166.0	830.0	0.0
84224	167	0	5	0.41	142.8	714.0	0.3333333333333333
84225	29	0	5	0.065	27.0	135.0	0.0
84226	233	0	5	0.575	66.0	330.0	0.6666666666666666
84227	88	0	5	0.2125	54.8	274.0	0.3333333333333333
84228	99	0	5	0.24	50.4	252.0	0.6666666666666666
84229	195	0	5	0.48	151.8	759.0	0.3333333333333333
84230	274	0	5	0.6775	236.4	1182.0	0.3333333333333333
84231	265	0	5	0.655	215.8	1079.0	0.3333333333333333
84232	165	0	5	0.405	139.0	695.0	0.3333333333333333
84233	373	0	5	0.925	115.8	579.0	0.6666666666666666
84234	228	0	5	0.5625	96.4	482.0	0.6666666666666666
84235	278	0	5	0.6875	233.6	1168.0	0.3333333333333333
84236	296	0	5	0.7325	164.4	822.0	0.6666666666666666
84237	255	0	5	0.63	97.2	486.0	0.3333333333333333
84238	276	0	5	0.6825	186.8	934.0	0.6666666666666666
84239	379	0	5	0.94	288.0	1440.0	0.3333333333333333
84240	119	0	5	0.29	73.4	367.0	0.3333333333333333
84241	76	0	5	0.1825	60.6	303.0	0.0
84242	151	0	5	0.37	95.0	475.0	0.3333333333333333
84243	108	0	5	0.2625	51.6	258.0	0.0
84244	121	0	5	0.295	119.0	595.0	0.0
84245	265	0	5	0.655	175.6	878.0	0.6666666666666666
84246	312	0	5	0.7725	227.8	1139.0	0.6666666666666666
84247	241	0	5	0.595	192.6	963.0	0.3333333333333333
84248	330	0	5	0.8175	80.8	404.0	0.6666666666666666
84249	350	0	5	0.8675	204.0	1020.0	0.6666666666666666
84250	144	0	5	0.3525	42.0	210.0	0.6666666666666666
84251	74	0	5	0.1775	43.2	216.0	0.3333333333333333
84252	189	1	4	0.47	150.2	751.0	1.0
84253	191	0	5	0.47	121.8	609.0	0.0
84254	387	0	5	0.96	256.4	1282.0	0.6666666666666666
84255	391	0	5	0.97	273.4	1367.0	0.6666666666666666
84256	157	0	5	0.385	92.6	463.0	0.3333333333333333
84257	213	0	5	0.525	155.8	779.0	0.3333333333333333
84258	200	0	5	0.4925	117.2	586.0	0.6666666666666666
84259	294	0	5	0.7275	184.0	920.0	0.3333333333333333
84260	197	0	5	0.485	155.4	777.0	0.3333333333333333
84261	254	0	5	0.6275	168.8	844.0	0.3333333333333333
84262	136	1	4	0.3375	59.0	295.0	1.0
84263	8	0	5	0.0125	6.0	30.0	0.0
84264	204	0	5	0.5025	202.0	1010.0	0.0
84265	336	0	5	0.8325	244.0	1220.0	0.6666666666666666
84266	376	1	4	0.9375	155.6	778.0	1.0
84267	133	0	5	0.325	67.2	336.0	0.3333333333333333
84268	312	0	5	0.7725	173.2	866.0	0.6666666666666666
84269	311	0	5	0.77	195.2	976.0	0.3333333333333333
84270	293	0	5	0.725	194.2	971.0	0.3333333333333333
84271	185	0	5	0.455	103.8	519.0	0.6666666666666666
84272	372	0	5	0.9225	229.2	1146.0	0.6666666666666666
84273	9	0	5	0.015	7.0	35.0	0.0
84274	317	0	5	0.785	192.6	963.0	0.6666666666666666
84275	198	0	5	0.4875	87.4	437.0	0.3333333333333333
84276	96	0	5	0.2325	94.0	470.0	0.0
84277	43	0	5	0.1	41.0	205.0	0.0
84278	219	0	5	0.54	115.0	575.0	0.3333333333333333
84279	279	0	5	0.69	170.2	851.0	0.6666666666666666
84280	219	0	5	0.54	164.0	820.0	0.3333333333333333
84281	307	0	5	0.76	133.4	667.0	0.3333333333333333
84282	173	0	5	0.425	109.8	549.0	0.3333333333333333
84283	292	0	5	0.7225	100.2	501.0	0.6666666666666666
84284	286	0	5	0.7075	184.6	923.0	0.6666666666666666
84285	224	0	5	0.5525	116.4	582.0	0.3333333333333333
84286	196	0	5	0.4825	77.4	387.0	0.3333333333333333
84287	21	0	5	0.045	19.0	95.0	0.0
84288	180	0	5	0.4425	178.0	890.0	0.0
84289	281	1	4	0.7	151.2	756.0	1.0
84290	382	0	5	0.9475	151.6	758.0	0.6666666666666666
84291	279	0	5	0.69	168.8	844.0	0.6666666666666666
84292	228	0	5	0.5625	165.2	826.0	0.3333333333333333
84293	399	1	4	0.995	149.4	747.0	1.0
84294	300	0	5	0.7425	190.6	953.0	0.6666666666666666
84295	262	0	5	0.6475	105.2	526.0	0.3333333333333333
84296	111	0	5	0.27	92.4	462.0	0.3333333333333333
84297	371	0	5	0.92	226.2	1131.0	0.6666666666666666
84298	365	1	3	0.91	358.8	1794.0	1.0
84299	401	0	4	0.9975	282.0	1410.0	0.6666666666666666
84300	296	0	5	0.7325	176.4	882.0	0.3333333333333333
84301	7	0	5	0.01	5.0	25.0	0.0
84302	189	0	5	0.465	58.6	293.0	0.0
84303	302	0	5	0.7475	207.2	1036.0	0.3333333333333333
84304	274	0	5	0.6775	244.0	1220.0	0.3333333333333333
84305	371	0	5	0.92	185.4	927.0	0.3333333333333333
84306	373	0	5	0.925	134.0	670.0	0.6666666666666666
84307	264	1	4	0.6575	76.6	383.0	1.0
84308	32	0	5	0.0725	30.0	150.0	0.0
84309	176	0	5	0.4325	174.0	870.0	0.0
84310	282	1	4	0.7025	157.2	786.0	1.0
84311	183	0	5	0.45	181.0	905.0	0.0
84312	179	0	5	0.44	153.0	765.0	0.3333333333333333
84313	250	1	4	0.6225	109.2	546.0	1.0
84314	254	0	5	0.6275	170.4	852.0	0.6666666666666666
84315	279	0	5	0.69	92.4	462.0	0.6666666666666666
84316	250	0	5	0.6175	201.2	1006.0	0.3333333333333333
84317	77	0	5	0.185	63.4	317.0	0.3333333333333333
84318	387	0	5	0.96	201.4	1007.0	0.6666666666666666
84319	340	0	5	0.8425	286.6	1433.0	0.6666666666666666
84320	24	0	5	0.0525	22.0	110.0	0.0
84321	144	0	5	0.3525	87.2	436.0	0.3333333333333333
84322	172	0	5	0.4225	106.4	532.0	0.3333333333333333
84323	383	0	5	0.95	250.2	1251.0	0.6666666666666666
84324	247	0	5	0.61	127.4	637.0	0.6666666666666666
84325	142	0	5	0.3475	134.4	672.0	0.0
84326	174	0	5	0.4275	59.2	296.0	0.3333333333333333
84327	126	0	5	0.3075	112.8	564.0	0.0
84328	306	0	5	0.7575	181.4	907.0	0.6666666666666666
84329	107	0	5	0.26	87.4	437.0	0.3333333333333333
84330	350	0	5	0.8675	282.4	1412.0	0.6666666666666666
84331	183	0	5	0.45	181.0	905.0	0.0
84332	5	0	5	0.005	3.0	15.0	0.0
84333	226	0	5	0.5575	213.6	1068.0	0.3333333333333333
84334	164	0	5	0.4025	143.6	718.0	0.0
84335	108	0	5	0.2625	75.2	376.0	0.3333333333333333
84336	295	0	5	0.73	225.2	1126.0	0.3333333333333333
84337	316	1	4	0.7875	117.6	588.0	1.0
84338	118	0	5	0.2875	114.8	574.0	0.0
84339	192	0	5	0.4725	119.4	597.0	0.3333333333333333
84340	320	0	5	0.7925	242.8	1214.0	0.3333333333333333
84341	37	0	5	0.085	17.4	87.0	0.3333333333333333
84342	176	0	5	0.4325	172.8	864.0	0.3333333333333333
84343	228	0	5	0.5625	68.2	341.0	0.6666666666666666
84344	100	0	5	0.2425	93.2	466.0	0.3333333333333333
84345	159	0	5	0.39	73.6	368.0	0.6666666666666666
84346	322	0	5	0.7975	204.4	1022.0	0.6666666666666666
84347	108	1	4	0.2675	72.0	360.0	1.0
84348	73	0	5	0.175	71.0	355.0	0.0
84349	351	0	5	0.87	276.8	1384.0	0.3333333333333333
84350	43	0	5	0.1	41.0	205.0	0.0
84351	216	0	5	0.5325	210.8	1054.0	0.3333333333333333
84352	312	0	5	0.7725	114.4	572.0	0.6666666666666666
84353	82	0	5	0.1975	69.6	348.0	0.3333333333333333
84354	20	0	5	0.0425	18.0	90.0	0.0
84355	290	0	5	0.7175	136.2	681.0	0.6666666666666666
84356	4	0	5	0.0025	2.0	10.0	0.0
84357	211	1	4	0.525	98.2	491.0	1.0
84358	175	0	5	0.43	127.4	637.0	0.0
84359	161	0	5	0.395	87.0	435.0	0.6666666666666666
84360	389	0	5	0.965	235.8	1179.0	0.6666666666666666
84361	165	0	5	0.405	117.8	589.0	0.3333333333333333
84362	205	0	5	0.505	140.8	704.0	0.3333333333333333
84363	201	0	5	0.495	156.6	783.0	0.3333333333333333
84364	203	0	5	0.5	201.0	1005.0	0.0
84365	380	1	4	0.9475	184.4	922.0	1.0
84366	132	0	5	0.3225	57.2	286.0	0.3333333333333333
84367	229	0	5	0.565	227.0	1135.0	0.0
84368	101	0	5	0.245	79.6	398.0	0.3333333333333333
84369	115	0	5	0.28	34.6	173.0	0.3333333333333333
84370	75	0	5	0.18	73.0	365.0	0.0
84371	167	0	5	0.41	75.4	377.0	0.3333333333333333
84372	339	0	5	0.84	229.8	1149.0	0.6666666666666666
84373	362	0	5	0.8975	288.0	1440.0	0.6666666666666666
84374	274	0	5	0.6775	134.4	672.0	0.6666666666666666
84375	216	0	5	0.5325	190.8	954.0	0.0
84376	140	1	4	0.3475	63.4	317.0	1.0
84377	3	0	5	0.0025	0.6	3.0	0.3333333333333333
84378	282	0	5	0.6975	87.4	437.0	0.6666666666666666
84379	271	0	5	0.67	266.2	1331.0	0.3333333333333333
84380	144	0	5	0.3525	135.6	678.0	0.3333333333333333
84381	11	0	5	0.02	9.0	45.0	0.0
84382	100	0	5	0.2425	54.2	271.0	0.0
84383	378	0	5	0.9375	170.8	854.0	0.6666666666666666
84384	2	0	5	0.0	0.0	0.0	0.0
84385	141	0	5	0.345	119.4	597.0	0.0
84386	125	0	5	0.305	120.6	603.0	0.0
84387	100	0	5	0.2425	50.4	252.0	0.3333333333333333
84388	222	0	5	0.5475	106.8	534.0	0.6666666666666666
84389	310	0	5	0.7675	249.2	1246.0	0.3333333333333333
84390	130	0	5	0.3175	42.2	211.0	0.0
84391	155	0	5	0.38	93.8	469.0	0.3333333333333333
84392	336	0	5	0.8325	225.8	1129.0	0.6666666666666666
84393	386	0	5	0.9575	266.4	1332.0	0.6666666666666666
84394	212	0	5	0.5225	148.8	744.0	0.0
84395	235	0	5	0.58	209.0	1045.0	0.0
84396	208	0	5	0.5125	156.4	782.0	0.0
84397	240	0	5	0.5925	114.8	574.0	0.6666666666666666
84398	180	0	5	0.4425	158.8	794.0	0.3333333333333333
84399	401	0	4	0.9975	261.6	1308.0	0.6666666666666666
84400	22	0	5	0.0475	20.0	100.0	0.0
84401	47	0	5	0.11	15.4	77.0	0.3333333333333333
84402	116	0	5	0.2825	51.6	258.0	0.3333333333333333
84403	158	1	4	0.3925	118.0	590.0	1.0
84404	188	0	5	0.4625	123.2	616.0	0.0
84405	138	0	5	0.3375	116.6	583.0	0.3333333333333333
84406	227	0	5	0.56	141.0	705.0	0.6666666666666666
84407	36	0	5	0.0825	14.8	74.0	0.6666666666666666
84408	330	0	5	0.8175	211.4	1057.0	0.3333333333333333
84409	213	0	5	0.525	142.2	711.0	0.6666666666666666
84410	79	0	5	0.19	66.2	331.0	0.3333333333333333
84411	220	0	5	0.5425	120.0	600.0	0.3333333333333333
84412	35	0	5	0.08	33.0	165.0	0.0
84413	101	1	4	0.25	78.6	393.0	1.0
84414	140	0	5	0.3425	120.0	600.0	0.0
84415	106	0	5	0.2575	75.6	378.0	0.0
84416	256	0	5	0.6325	214.0	1070.0	0.6666666666666666
84417	187	0	5	0.46	113.8	569.0	0.3333333333333333
84418	214	0	5	0.5275	181.6	908.0	0.3333333333333333
84419	396	0	5	0.9825	130.0	650.0	0.6666666666666666
84420	77	0	5	0.185	56.4	282.0	0.6666666666666666
84421	161	0	5	0.395	115.4	577.0	0.3333333333333333
84422	36	0	5	0.0825	28.0	140.0	0.3333333333333333
84423	350	0	5	0.8675	191.6	958.0	0.6666666666666666
84424	19	0	5	0.04	17.0	85.0	0.0
84425	213	1	4	0.53	113.8	569.0	1.0
84426	61	0	5	0.145	28.4	142.0	0.0
84427	60	0	5	0.1425	58.0	290.0	0.0
84428	316	1	4	0.7875	235.0	1175.0	1.0
84429	76	0	5	0.1825	39.2	196.0	0.3333333333333333
84430	232	0	5	0.5725	206.6	1033.0	0.0
84431	193	0	5	0.475	191.0	955.0	0.0
84432	70	0	5	0.1675	43.4	217.0	0.3333333333333333
84433	9	0	5	0.015	7.0	35.0	0.0
84434	259	1	4	0.645	186.8	934.0	1.0
84435	43	0	5	0.1	29.4	147.0	0.0
84436	116	0	5	0.2825	114.0	570.0	0.0
84437	397	0	5	0.985	179.0	895.0	0.6666666666666666
84438	138	0	5	0.3375	119.4	597.0	0.0
84439	193	0	5	0.475	107.0	535.0	0.6666666666666666
84440	361	0	5	0.895	135.8	679.0	0.6666666666666666
84441	312	0	5	0.7725	265.8	1329.0	0.6666666666666666
84442	208	0	5	0.5125	190.2	951.0	0.3333333333333333
84443	251	0	5	0.62	145.0	725.0	0.6666666666666666
84444	345	0	5	0.855	143.8	719.0	0.3333333333333333
84445	141	0	5	0.345	39.0	195.0	0.3333333333333333
84446	141	0	5	0.345	94.6	473.0	0.0
84447	374	1	4	0.9325	119.6	598.0	1.0
84448	349	1	4	0.87	296.4	1482.0	1.0
84449	225	0	5	0.555	200.6	1003.0	0.0
84450	197	0	5	0.485	140.2	701.0	0.6666666666666666
84451	79	0	5	0.19	54.6	273.0	0.3333333333333333
84452	80	0	5	0.1925	51.6	258.0	0.0
84453	20	0	5	0.0425	18.0	90.0	0.0
84454	46	0	5	0.1075	37.2	186.0	0.3333333333333333
84455	233	0	5	0.575	153.8	769.0	0.3333333333333333
84456	174	0	5	0.4275	117.4	587.0	0.3333333333333333
84457	309	0	5	0.765	166.4	832.0	0.3333333333333333
84458	301	0	5	0.745	102.2	511.0	0.6666666666666666
84459	148	0	5	0.3625	66.0	330.0	0.6666666666666666
84460	348	1	4	0.8675	219.2	1096.0	1.0
84461	115	0	5	0.28	113.0	565.0	0.0
84462	206	0	5	0.5075	112.6	563.0	0.6666666666666666
84463	244	0	5	0.6025	213.0	1065.0	0.3333333333333333
84464	69	0	5	0.165	27.2	136.0	0.3333333333333333
84465	157	0	5	0.385	80.2	401.0	0.3333333333333333
84466	47	0	5	0.11	35.4	177.0	0.3333333333333333
84467	356	1	4	0.8875	120.0	600.0	1.0
84468	235	0	5	0.58	79.8	399.0	0.6666666666666666
84469	35	0	5	0.08	33.0	165.0	0.0
84470	30	0	5	0.0675	28.0	140.0	0.0
84471	199	0	5	0.49	151.2	756.0	0.3333333333333333
84472	128	0	5	0.3125	73.0	365.0	0.3333333333333333
84473	260	0	5	0.6425	126.2	631.0	0.6666666666666666
84474	146	0	5	0.3575	144.0	720.0	0.0
84475	369	0	5	0.915	246.8	1234.0	0.3333333333333333
84476	102	0	5	0.2475	58.2	291.0	0.3333333333333333
84477	291	0	5	0.72	145.8	729.0	0.6666666666666666
84478	236	0	5	0.5825	122.8	614.0	0.6666666666666666
84479	40	0	5	0.0925	15.4	77.0	0.0
84480	128	0	5	0.3125	78.0	390.0	0.0
84481	46	0	5	0.1075	44.0	220.0	0.0
84482	314	0	5	0.7775	163.2	816.0	0.6666666666666666
84483	156	0	5	0.3825	83.8	419.0	0.6666666666666666
84484	342	1	4	0.8525	117.8	589.0	1.0
84485	133	0	5	0.325	131.0	655.0	0.0
84486	245	0	5	0.605	154.2	771.0	0.6666666666666666
84487	162	0	5	0.3975	160.0	800.0	0.0
84488	200	0	5	0.4925	46.4	232.0	0.3333333333333333
84489	116	0	5	0.2825	73.4	367.0	0.3333333333333333
84490	185	0	5	0.455	120.6	603.0	0.0
84491	237	0	5	0.585	157.0	785.0	0.0
84492	67	0	5	0.16	39.8	199.0	0.3333333333333333
84493	71	0	5	0.17	13.8	69.0	0.0
84494	95	0	5	0.23	76.2	381.0	0.3333333333333333
84495	64	0	5	0.1525	56.4	282.0	0.3333333333333333
84496	159	0	5	0.39	157.0	785.0	0.0
84497	295	0	5	0.73	211.4	1057.0	0.6666666666666666
84498	373	0	5	0.925	141.6	708.0	0.6666666666666666
84499	106	0	5	0.2575	87.8	439.0	0.3333333333333333
84500	48	0	5	0.1125	43.2	216.0	0.3333333333333333
84501	43	0	5	0.1	19.4	97.0	0.3333333333333333
84502	338	0	5	0.8375	225.0	1125.0	0.3333333333333333
84503	26	0	5	0.0575	18.6	93.0	0.0
84504	303	0	5	0.75	101.4	507.0	0.6666666666666666
84505	177	0	5	0.435	91.0	455.0	0.6666666666666666
84506	281	0	5	0.695	246.6	1233.0	0.3333333333333333
84507	371	0	5	0.92	179.8	899.0	0.6666666666666666
84508	26	0	5	0.0575	24.0	120.0	0.0
84509	289	0	5	0.715	123.0	615.0	0.0
84510	209	0	5	0.515	53.6	268.0	0.6666666666666666
84511	386	0	5	0.9575	194.2	971.0	0.6666666666666666
84512	110	0	5	0.2675	85.2	426.0	0.0
84513	60	0	5	0.1425	58.0	290.0	0.0
84514	395	0	5	0.98	349.4	1747.0	0.6666666666666666
84515	271	1	4	0.675	99.8	499.0	1.0
84516	287	0	5	0.71	197.8	989.0	0.3333333333333333
84517	159	0	5	0.39	105.8	529.0	0.6666666666666666
84518	246	1	4	0.6125	137.2	686.0	1.0
84519	265	0	5	0.655	185.8	929.0	0.3333333333333333
84520	166	0	5	0.4075	117.8	589.0	0.3333333333333333
84521	93	0	5	0.225	91.0	455.0	0.0
84522	393	0	5	0.975	345.4	1727.0	0.6666666666666666
84523	85	0	5	0.205	55.0	275.0	0.3333333333333333
84524	239	1	4	0.595	183.0	915.0	1.0
84525	97	0	5	0.235	95.0	475.0	0.0
84526	76	0	5	0.1825	72.2	361.0	0.3333333333333333
84527	207	0	5	0.51	196.6	983.0	0.3333333333333333
84528	266	0	5	0.6575	140.2	701.0	0.6666666666666666
84529	278	1	4	0.6925	127.6	638.0	1.0
84530	210	0	5	0.5175	171.0	855.0	0.3333333333333333
84531	203	0	5	0.5	136.2	681.0	0.3333333333333333
84532	123	0	5	0.3	77.8	389.0	0.0
84533	193	0	5	0.475	174.2	871.0	0.6666666666666666
84534	276	1	4	0.6875	86.4	432.0	1.0
84535	107	0	5	0.26	93.0	465.0	0.0
84536	287	0	5	0.71	143.4	717.0	0.6666666666666666
84537	195	0	5	0.48	158.0	790.0	0.0
84538	92	1	4	0.2275	27.2	136.0	1.0
84539	202	1	4	0.5025	157.4	787.0	1.0
84540	100	0	5	0.2425	78.8	394.0	0.0
84541	338	0	5	0.8375	151.6	758.0	0.6666666666666666
84542	220	0	5	0.5425	191.8	959.0	0.6666666666666666
84543	19	0	5	0.04	9.8	49.0	0.3333333333333333
84544	235	0	5	0.58	102.2	511.0	0.3333333333333333
84545	193	0	5	0.475	99.6	498.0	0.3333333333333333
84546	52	0	5	0.1225	26.2	131.0	0.3333333333333333
84547	166	0	5	0.4075	136.8	684.0	0.3333333333333333
84548	310	0	5	0.7675	72.0	360.0	0.6666666666666666
84549	238	0	5	0.5875	161.6	808.0	0.3333333333333333
84550	164	1	3	0.4075	140.2	701.0	1.0
84551	218	0	5	0.5375	139.6	698.0	0.6666666666666666
84552	40	0	5	0.0925	16.8	84.0	0.3333333333333333
84553	351	0	5	0.87	206.0	1030.0	0.6666666666666666
84554	348	0	5	0.8625	198.8	994.0	0.6666666666666666
84555	187	0	5	0.46	130.6	653.0	0.0
84556	182	0	5	0.4475	151.2	756.0	0.6666666666666666
84557	46	0	5	0.1075	37.2	186.0	0.0
84558	249	0	5	0.615	150.2	751.0	0.3333333333333333
84559	192	0	5	0.4725	138.0	690.0	0.0
84560	400	0	5	0.9925	236.4	1182.0	0.6666666666666666
84561	211	0	5	0.52	102.4	512.0	0.3333333333333333
84562	83	0	5	0.2	81.0	405.0	0.0
84563	110	0	5	0.2675	95.0	475.0	0.0
84564	77	0	5	0.185	39.0	195.0	0.0
84565	78	0	5	0.1875	71.2	356.0	0.3333333333333333
84566	238	0	5	0.5875	152.0	760.0	0.3333333333333333
84567	176	0	5	0.4325	118.2	591.0	0.3333333333333333
84568	73	0	5	0.175	56.6	283.0	0.3333333333333333
84569	84	0	5	0.2025	82.0	410.0	0.0
84570	92	0	5	0.2225	88.0	440.0	0.3333333333333333
84571	155	0	5	0.38	53.8	269.0	0.3333333333333333
84572	204	0	5	0.5025	181.6	908.0	0.0
84573	276	0	5	0.6825	221.8	1109.0	0.6666666666666666
84574	218	0	5	0.5375	174.8	874.0	0.3333333333333333
84575	387	0	5	0.96	142.0	710.0	0.6666666666666666
84576	396	0	5	0.9825	355.0	1775.0	0.6666666666666666
84577	338	0	5	0.8375	220.0	1100.0	0.6666666666666666
84578	101	0	5	0.245	86.0	430.0	0.3333333333333333
84579	48	0	5	0.1125	35.2	176.0	0.0
84580	64	0	5	0.1525	59.6	298.0	0.0
84581	101	0	5	0.245	99.0	495.0	0.0
84582	175	0	5	0.43	103.4	517.0	0.3333333333333333
84583	44	0	5	0.1025	42.0	210.0	0.0
84584	168	0	5	0.4125	102.2	511.0	0.3333333333333333
84585	195	0	5	0.48	170.6	853.0	0.0
84586	128	0	5	0.3125	126.0	630.0	0.0
84587	126	0	5	0.3075	101.2	506.0	0.0
84588	282	0	5	0.6975	119.0	595.0	0.6666666666666666
84589	158	0	5	0.3875	134.0	670.0	0.3333333333333333
84590	45	0	5	0.105	17.4	87.0	0.3333333333333333
84591	387	0	5	0.96	129.8	649.0	0.6666666666666666
84592	307	0	5	0.76	276.4	1382.0	0.6666666666666666
84593	275	0	5	0.68	244.6	1223.0	0.3333333333333333
84594	209	0	5	0.515	166.2	831.0	0.6666666666666666
84595	245	0	5	0.605	206.6	1033.0	0.3333333333333333
84596	74	0	5	0.1775	72.0	360.0	0.0
84597	394	1	4	0.9825	176.8	884.0	1.0
84598	345	0	5	0.855	133.4	667.0	0.6666666666666666
84599	240	0	5	0.5925	135.6	678.0	0.3333333333333333
84600	180	0	5	0.4425	145.6	728.0	0.3333333333333333
84601	92	0	5	0.2225	90.0	450.0	0.0
84602	343	0	5	0.85	267.2	1336.0	0.6666666666666666
84603	196	0	5	0.4825	162.8	814.0	0.0
84604	101	0	5	0.245	96.4	482.0	0.3333333333333333
84605	69	0	5	0.165	67.0	335.0	0.0
84606	148	0	5	0.3625	64.0	320.0	0.6666666666666666
84607	369	0	5	0.915	200.4	1002.0	0.6666666666666666
84608	175	0	5	0.43	103.4	517.0	0.6666666666666666
84609	63	0	5	0.15	28.2	141.0	0.3333333333333333
84610	266	0	5	0.6575	217.2	1086.0	0.6666666666666666
84611	147	0	5	0.36	133.6	668.0	0.0
84612	272	1	4	0.6775	126.0	630.0	1.0
84613	320	0	5	0.7925	297.2	1486.0	0.6666666666666666
84614	391	1	4	0.975	245.6	1228.0	1.0
84615	182	0	5	0.4475	62.8	314.0	0.3333333333333333
84616	364	0	5	0.9025	171.6	858.0	0.0
84617	196	1	4	0.4875	126.2	631.0	1.0
84618	344	0	5	0.8525	152.8	764.0	0.3333333333333333
84619	286	1	4	0.7125	247.6	1238.0	1.0
84620	326	0	5	0.8075	192.0	960.0	0.6666666666666666
84621	144	0	5	0.3525	118.0	590.0	0.0
84622	350	0	5	0.8675	205.6	1028.0	0.6666666666666666
84623	17	0	5	0.035	15.0	75.0	0.0
84624	250	0	5	0.6175	115.6	578.0	0.6666666666666666
84625	28	0	5	0.0625	14.6	73.0	0.3333333333333333
84626	255	1	3	0.635	233.0	1165.0	1.0
84627	8	0	5	0.0125	6.0	30.0	0.0
84628	193	0	5	0.475	143.0	715.0	0.3333333333333333
84629	312	0	5	0.7725	176.2	881.0	0.6666666666666666
84630	78	0	5	0.1875	72.2	361.0	0.0
84631	363	0	5	0.9	207.6	1038.0	0.6666666666666666
84632	278	0	5	0.6875	257.2	1286.0	0.3333333333333333
84633	355	0	5	0.88	136.8	684.0	0.6666666666666666
84634	203	0	5	0.5	111.2	556.0	0.6666666666666666
84635	6	0	5	0.0075	4.0	20.0	0.0
84636	185	0	5	0.455	145.8	729.0	0.6666666666666666
84637	223	0	5	0.55	110.6	553.0	0.6666666666666666
84638	166	0	5	0.4075	164.0	820.0	0.0
84639	281	0	5	0.695	206.4	1032.0	0.3333333333333333
84640	187	0	5	0.46	105.2	526.0	0.6666666666666666
84641	283	1	3	0.705	128.8	644.0	1.0
84642	313	0	5	0.775	211.4	1057.0	0.3333333333333333
84643	215	0	5	0.53	147.2	736.0	0.3333333333333333
84644	399	0	5	0.99	139.2	696.0	0.6666666666666666
84645	320	0	5	0.7925	204.6	1023.0	0.3333333333333333
84646	177	0	5	0.435	140.8	704.0	0.3333333333333333
84647	140	0	5	0.3425	50.8	254.0	0.3333333333333333
84648	82	0	5	0.1975	80.0	400.0	0.0
84649	198	0	5	0.4875	99.2	496.0	0.3333333333333333
84650	370	0	5	0.9175	296.4	1482.0	0.6666666666666666
84651	51	0	5	0.12	49.0	245.0	0.0
84652	378	0	5	0.9375	230.0	1150.0	0.6666666666666666
84653	267	1	4	0.665	90.4	452.0	1.0
84654	337	0	5	0.835	245.2	1226.0	0.3333333333333333
84655	200	0	5	0.4925	128.8	644.0	0.3333333333333333
84656	327	1	4	0.815	231.2	1156.0	1.0
84657	115	0	5	0.28	95.4	477.0	0.3333333333333333
84658	371	0	5	0.92	309.2	1546.0	0.6666666666666666
84659	318	0	5	0.7875	211.2	1056.0	0.3333333333333333
84660	344	0	5	0.8525	207.6	1038.0	0.6666666666666666
84661	223	0	5	0.55	117.0	585.0	0.3333333333333333
84662	37	0	5	0.085	35.0	175.0	0.0
84663	258	0	5	0.6375	190.8	954.0	0.3333333333333333
84664	269	0	5	0.665	217.0	1085.0	0.3333333333333333
84665	171	0	5	0.42	120.2	601.0	0.0
84666	400	0	5	0.9925	126.2	631.0	0.6666666666666666
84667	91	0	5	0.22	89.0	445.0	0.0
84668	249	0	5	0.615	128.8	644.0	0.3333333333333333
84669	139	0	5	0.34	137.0	685.0	0.0
84670	278	0	5	0.6875	237.8	1189.0	0.6666666666666666
84671	278	0	5	0.6875	75.2	376.0	0.6666666666666666
84672	401	0	5	0.995	201.6	1008.0	0.6666666666666666
84673	336	0	5	0.8325	222.6	1113.0	0.3333333333333333
84674	89	0	5	0.215	87.0	435.0	0.0
84675	191	0	5	0.47	113.4	567.0	0.3333333333333333
84676	290	0	5	0.7175	122.6	613.0	0.6666666666666666
84677	249	0	5	0.615	218.2	1091.0	0.3333333333333333
84678	322	0	5	0.7975	213.6	1068.0	0.6666666666666666
84679	273	0	5	0.675	127.2	636.0	0.6666666666666666
84680	170	0	5	0.4175	168.0	840.0	0.0
84681	312	0	5	0.7725	206.4	1032.0	0.3333333333333333
84682	309	0	5	0.765	194.2	971.0	0.3333333333333333
84683	24	0	5	0.0525	20.4	102.0	0.3333333333333333
84684	159	0	5	0.39	49.0	245.0	0.6666666666666666
84685	235	0	5	0.58	77.0	385.0	0.3333333333333333
84686	105	0	5	0.255	96.6	483.0	0.0
84687	223	0	5	0.55	146.0	730.0	0.3333333333333333
84688	325	0	5	0.805	311.0	1555.0	0.3333333333333333
84689	236	0	5	0.5825	198.2	991.0	0.3333333333333333
84690	94	0	5	0.2275	83.6	418.0	0.3333333333333333
84691	97	0	5	0.235	81.8	409.0	0.0
84692	272	0	5	0.6725	154.8	774.0	0.6666666666666666
84693	400	1	4	0.9975	320.4	1602.0	1.0
84694	82	0	5	0.1975	56.0	280.0	0.3333333333333333
84695	79	0	5	0.19	77.0	385.0	0.0
84696	62	0	5	0.1475	60.0	300.0	0.0
84697	194	0	5	0.4775	192.0	960.0	0.0
84698	126	0	5	0.3075	96.8	484.0	0.3333333333333333
84699	52	0	5	0.1225	38.0	190.0	0.3333333333333333
84700	297	0	5	0.735	235.0	1175.0	0.3333333333333333
84701	297	1	4	0.74	167.4	837.0	1.0
84702	101	0	5	0.245	95.0	475.0	0.3333333333333333
84703	194	0	5	0.4775	162.0	810.0	0.6666666666666666
84704	198	0	5	0.4875	126.4	632.0	0.6666666666666666
84705	133	0	5	0.325	70.2	351.0	0.6666666666666666
84706	167	0	5	0.41	50.6	253.0	0.3333333333333333
84707	243	0	5	0.6	161.4	807.0	0.3333333333333333
84708	371	1	3	0.925	207.0	1035.0	1.0
84709	130	0	5	0.3175	128.0	640.0	0.0
84710	341	0	5	0.845	138.2	691.0	0.6666666666666666
84711	195	0	5	0.48	99.2	496.0	0.3333333333333333
84712	315	0	5	0.78	285.0	1425.0	0.3333333333333333
84713	105	0	5	0.255	103.0	515.0	0.0
84714	290	0	5	0.7175	288.0	1440.0	0.0
84715	81	0	5	0.195	73.0	365.0	0.3333333333333333
84716	66	0	5	0.1575	48.4	242.0	0.3333333333333333
84717	290	0	5	0.7175	265.8	1329.0	0.6666666666666666
84718	348	1	4	0.8675	134.2	671.0	1.0
84719	238	0	5	0.5875	106.2	531.0	0.3333333333333333
84720	118	0	5	0.2875	100.6	503.0	0.6666666666666666
84721	301	1	3	0.75	217.0	1085.0	1.0
84722	268	0	5	0.6625	228.0	1140.0	0.6666666666666666
84723	156	0	5	0.3825	87.0	435.0	0.0
84724	178	0	5	0.4375	168.8	844.0	0.0
84725	150	0	5	0.3675	148.0	740.0	0.0
84726	23	0	5	0.05	21.0	105.0	0.0
84727	224	0	5	0.5525	222.0	1110.0	0.0
84728	147	0	5	0.36	145.0	725.0	0.0
84729	59	0	5	0.14	39.4	197.0	0.3333333333333333
84730	118	1	4	0.2925	97.2	486.0	1.0
84731	120	0	5	0.2925	108.4	542.0	0.0
84732	210	0	5	0.5175	53.6	268.0	0.6666666666666666
84733	9	0	5	0.015	7.0	35.0	0.0
84734	380	0	5	0.9425	281.8	1409.0	0.6666666666666666
84735	107	0	5	0.26	102.0	510.0	0.6666666666666666
84736	387	0	5	0.96	233.6	1168.0	0.6666666666666666
84737	172	0	5	0.4225	114.6	573.0	0.6666666666666666
84738	343	0	5	0.85	233.2	1166.0	0.6666666666666666
84739	297	0	5	0.735	166.2	831.0	0.6666666666666666
84740	10	0	5	0.0175	7.6	38.0	0.3333333333333333
84741	283	0	5	0.7	266.6	1333.0	0.3333333333333333
84742	109	0	5	0.265	65.0	325.0	0.3333333333333333
84743	173	0	5	0.425	167.4	837.0	0.3333333333333333
84744	342	0	5	0.8475	240.6	1203.0	0.6666666666666666
84745	253	0	5	0.625	173.8	869.0	0.3333333333333333
84746	175	0	5	0.43	81.2	406.0	0.3333333333333333
84747	160	0	5	0.3925	66.4	332.0	0.3333333333333333
84748	83	0	5	0.2	73.0	365.0	0.3333333333333333
84749	255	0	5	0.63	142.8	714.0	0.3333333333333333
84750	207	0	5	0.51	196.0	980.0	0.3333333333333333
84751	163	0	5	0.4	160.6	803.0	0.0
84752	318	0	5	0.7875	204.8	1024.0	0.0
84753	289	1	4	0.72	228.2	1141.0	1.0
84754	203	0	5	0.5	114.2	571.0	0.6666666666666666
84755	178	0	5	0.4375	134.0	670.0	0.3333333333333333
84756	255	1	4	0.635	88.6	443.0	1.0
84757	359	0	5	0.89	179.4	897.0	0.6666666666666666
84758	270	0	5	0.6675	213.2	1066.0	0.3333333333333333
84759	46	0	5	0.1075	44.0	220.0	0.0
84760	87	0	5	0.21	85.0	425.0	0.0
84761	106	0	5	0.2575	104.0	520.0	0.0
84762	355	0	5	0.88	204.8	1024.0	0.6666666666666666
84763	6	0	5	0.0075	4.0	20.0	0.0
84764	337	0	5	0.835	181.8	909.0	0.3333333333333333
84765	111	0	5	0.27	22.4	112.0	0.0
84766	401	0	5	0.995	146.6	733.0	0.6666666666666666
84767	339	0	5	0.84	164.2	821.0	0.6666666666666666
84768	298	0	5	0.7375	149.8	749.0	0.6666666666666666
84769	145	0	5	0.355	99.0	495.0	0.6666666666666666
84770	75	0	5	0.18	49.0	245.0	0.6666666666666666
84771	270	0	5	0.6675	198.6	993.0	0.6666666666666666
84772	261	0	5	0.645	78.2	391.0	0.3333333333333333
84773	285	0	5	0.705	165.8	829.0	0.3333333333333333
84774	66	0	5	0.1575	64.0	320.0	0.0
84775	202	0	5	0.4975	122.0	610.0	0.3333333333333333
84776	90	0	5	0.2175	26.2	131.0	0.6666666666666666
84777	84	0	5	0.2025	62.8	314.0	0.3333333333333333
84778	80	0	5	0.1925	78.0	390.0	0.0
84779	175	0	5	0.43	97.0	485.0	0.6666666666666666
84780	169	1	4	0.42	127.8	639.0	1.0
84781	284	0	5	0.7025	224.0	1120.0	0.3333333333333333
84782	239	0	5	0.59	170.4	852.0	0.6666666666666666
84783	258	0	5	0.6375	126.0	630.0	0.3333333333333333
84784	266	0	5	0.6575	147.0	735.0	0.3333333333333333
84785	81	0	5	0.195	49.8	249.0	0.0
84786	117	0	5	0.285	28.4	142.0	0.6666666666666666
84787	214	0	5	0.5275	152.4	762.0	0.6666666666666666
84788	235	0	5	0.58	205.0	1025.0	0.3333333333333333
84789	199	0	5	0.49	83.0	415.0	0.3333333333333333
84790	268	0	5	0.6625	153.6	768.0	0.6666666666666666
84791	78	0	5	0.1875	46.8	234.0	0.0
84792	231	0	5	0.57	70.6	353.0	0.3333333333333333
84793	97	0	5	0.235	95.0	475.0	0.0
84794	274	0	5	0.6775	143.4	717.0	0.6666666666666666
84795	102	0	5	0.2475	100.0	500.0	0.0
84796	216	0	5	0.5325	173.2	866.0	0.6666666666666666
84797	35	0	5	0.08	33.0	165.0	0.0
84798	301	0	5	0.745	177.0	885.0	0.6666666666666666
84799	224	0	5	0.5525	92.4	462.0	0.6666666666666666
84800	202	0	5	0.4975	94.2	471.0	0.3333333333333333
84801	351	0	5	0.87	280.8	1404.0	0.3333333333333333
84802	70	0	5	0.1675	51.6	258.0	0.3333333333333333
84803	277	0	5	0.685	219.6	1098.0	0.6666666666666666
84804	92	0	5	0.2225	81.6	408.0	0.3333333333333333
84805	64	0	5	0.1525	59.6	298.0	0.3333333333333333
84806	238	0	5	0.5875	148.0	740.0	0.3333333333333333
84807	288	0	5	0.7125	192.4	962.0	0.6666666666666666
84808	110	0	5	0.2675	90.2	451.0	0.3333333333333333
84809	68	0	5	0.1625	33.6	168.0	0.6666666666666666
84810	158	0	5	0.3875	129.6	648.0	0.3333333333333333
84811	280	0	5	0.6925	102.8	514.0	0.3333333333333333
84812	302	0	5	0.7475	186.8	934.0	0.6666666666666666
84813	205	0	5	0.505	157.8	789.0	0.3333333333333333
84814	278	0	5	0.6875	273.6	1368.0	0.3333333333333333
84815	148	0	5	0.3625	107.2	536.0	0.6666666666666666
84816	309	0	5	0.765	269.0	1345.0	0.3333333333333333
84817	244	0	5	0.6025	201.2	1006.0	0.3333333333333333
84818	164	0	5	0.4025	60.4	302.0	0.6666666666666666
84819	220	0	5	0.5425	80.8	404.0	0.6666666666666666
84820	242	0	5	0.5975	181.6	908.0	0.6666666666666666
84821	347	0	5	0.86	299.4	1497.0	0.6666666666666666
84822	314	0	5	0.7775	243.2	1216.0	0.3333333333333333
84823	14	0	5	0.0275	12.0	60.0	0.0
84824	358	0	5	0.8875	280.8	1404.0	0.0
84825	305	0	5	0.755	224.6	1123.0	0.3333333333333333
84826	103	0	5	0.25	101.0	505.0	0.0
84827	206	0	5	0.5075	204.0	1020.0	0.0
84828	234	0	5	0.5775	59.2	296.0	0.3333333333333333
84829	335	0	5	0.83	196.8	984.0	0.6666666666666666
84830	274	0	5	0.6775	221.4	1107.0	0.3333333333333333
84831	95	0	5	0.23	84.0	420.0	0.3333333333333333
84832	310	0	5	0.7675	202.0	1010.0	0.6666666666666666
84833	170	0	5	0.4175	168.0	840.0	0.0
84834	97	0	5	0.235	25.4	127.0	0.3333333333333333
84835	303	0	5	0.75	108.0	540.0	0.6666666666666666
84836	266	0	5	0.6575	151.2	756.0	0.3333333333333333
84837	334	1	4	0.8325	229.2	1146.0	1.0
84838	399	0	5	0.99	173.0	865.0	0.6666666666666666
84839	287	0	5	0.71	118.2	591.0	0.3333333333333333
84840	209	0	5	0.515	177.8	889.0	0.3333333333333333
84841	304	1	4	0.7575	69.6	348.0	1.0
84842	36	0	5	0.0825	34.0	170.0	0.0
84843	386	0	5	0.9575	215.0	1075.0	0.6666666666666666
84844	210	0	5	0.5175	168.0	840.0	0.0
84845	368	0	5	0.9125	230.0	1150.0	0.6666666666666666
84846	230	0	5	0.5675	86.0	430.0	0.3333333333333333
84847	286	0	5	0.7075	95.8	479.0	0.3333333333333333
84848	164	0	5	0.4025	102.8	514.0	0.0
84849	257	0	5	0.635	159.0	795.0	0.6666666666666666
84850	196	0	5	0.4825	194.0	970.0	0.3333333333333333
84851	111	0	5	0.27	89.0	445.0	0.3333333333333333
84852	145	0	5	0.355	97.4	487.0	0.0
84853	308	0	5	0.7625	197.8	989.0	0.6666666666666666
84854	365	0	5	0.905	196.6	983.0	0.6666666666666666
84855	163	0	5	0.4	125.0	625.0	0.3333333333333333
84856	6	0	5	0.0075	4.0	20.0	0.0
84857	258	0	5	0.6375	162.8	814.0	0.3333333333333333
84858	341	1	4	0.85	274.2	1371.0	1.0
84859	68	0	5	0.1625	66.0	330.0	0.0
84860	41	0	5	0.095	39.0	195.0	0.0
84861	83	0	5	0.2	80.4	402.0	0.3333333333333333
84862	229	0	5	0.565	213.0	1065.0	0.3333333333333333
84863	119	0	5	0.29	115.8	579.0	0.3333333333333333
84864	175	0	5	0.43	170.8	854.0	0.3333333333333333
84865	315	0	5	0.78	231.8	1159.0	0.6666666666666666
84866	27	0	5	0.06	25.0	125.0	0.0
84867	382	1	4	0.9525	156.2	781.0	1.0
84868	78	0	5	0.1875	49.6	248.0	0.3333333333333333
84869	363	0	5	0.9	224.4	1122.0	0.6666666666666666
84870	129	0	5	0.315	109.4	547.0	0.3333333333333333
84871	52	0	5	0.1225	50.0	250.0	0.0
84872	154	0	5	0.3775	104.0	520.0	0.3333333333333333
84873	257	0	5	0.635	77.8	389.0	0.0
84874	353	0	5	0.875	108.0	540.0	0.3333333333333333
84875	201	0	5	0.495	107.6	538.0	0.6666666666666666
84876	237	0	5	0.585	123.0	615.0	0.6666666666666666
84877	243	0	5	0.6	83.4	417.0	0.6666666666666666
84878	364	0	5	0.9025	163.8	819.0	0.6666666666666666
84879	277	0	5	0.685	143.4	717.0	0.3333333333333333
84880	387	0	5	0.96	255.8	1279.0	0.6666666666666666
84881	198	0	5	0.4875	196.0	980.0	0.0
84882	66	1	4	0.1625	20.4	102.0	1.0
84883	184	0	5	0.4525	158.0	790.0	0.0
84884	29	0	5	0.065	27.0	135.0	0.0
84885	91	0	5	0.22	84.0	420.0	0.0
84886	339	0	5	0.84	188.2	941.0	0.3333333333333333
84887	328	0	5	0.8125	243.6	1218.0	0.6666666666666666
84888	377	0	5	0.935	190.4	952.0	0.6666666666666666
84889	388	1	4	0.9675	179.6	898.0	1.0
84890	115	0	5	0.28	94.2	471.0	0.0
84891	42	0	5	0.0975	40.0	200.0	0.0
84892	63	0	5	0.15	26.6	133.0	0.0
84893	319	0	5	0.79	113.0	565.0	0.3333333333333333
84894	159	0	5	0.39	65.6	328.0	0.6666666666666666
84895	296	1	4	0.7375	130.4	652.0	1.0
84896	388	1	4	0.9675	177.6	888.0	1.0
84897	268	0	5	0.6625	108.8	544.0	0.3333333333333333
84898	278	0	5	0.6875	112.4	562.0	0.6666666666666666
84899	392	0	5	0.9725	155.2	776.0	0.6666666666666666
84900	163	0	5	0.4	143.0	715.0	0.0
84901	186	0	5	0.4575	102.4	512.0	0.3333333333333333
84902	48	0	5	0.1125	46.0	230.0	0.0
84903	385	0	5	0.955	213.0	1065.0	0.6666666666666666
84904	277	0	5	0.685	159.0	795.0	0.6666666666666666
84905	87	0	5	0.21	75.4	377.0	0.3333333333333333
84906	189	0	5	0.465	187.0	935.0	0.0
84907	88	0	5	0.2125	86.0	430.0	0.0
84908	218	0	5	0.5375	134.4	672.0	0.6666666666666666
84909	321	0	5	0.795	170.0	850.0	0.6666666666666666
84910	329	0	5	0.815	141.8	709.0	0.3333333333333333
84911	277	0	5	0.685	275.0	1375.0	0.3333333333333333
84912	359	0	5	0.89	305.0	1525.0	0.6666666666666666
84913	89	0	5	0.215	61.6	308.0	0.3333333333333333
84914	252	0	5	0.6225	159.8	799.0	0.3333333333333333
84915	197	0	5	0.485	161.4	807.0	0.3333333333333333
84916	23	0	5	0.05	21.0	105.0	0.0
84917	183	0	5	0.45	110.0	550.0	0.3333333333333333
84918	251	0	5	0.62	178.2	891.0	0.6666666666666666
84919	189	0	5	0.465	134.6	673.0	0.6666666666666666
84920	258	0	5	0.6375	192.0	960.0	0.6666666666666666
84921	224	0	5	0.5525	79.6	398.0	0.6666666666666666
84922	189	0	5	0.465	187.0	935.0	0.3333333333333333
84923	242	0	5	0.5975	216.8	1084.0	0.3333333333333333
84924	138	0	5	0.3375	56.0	280.0	0.6666666666666666
84925	220	0	5	0.5425	143.6	718.0	0.3333333333333333
84926	62	0	5	0.1475	60.0	300.0	0.0
84927	290	0	5	0.7175	154.0	770.0	0.6666666666666666
84928	338	0	5	0.8375	278.8	1394.0	0.3333333333333333
84929	356	0	5	0.8825	244.8	1224.0	0.6666666666666666
84930	377	0	5	0.935	245.8	1229.0	0.6666666666666666
84931	384	0	5	0.9525	166.6	833.0	0.6666666666666666
84932	27	0	5	0.06	23.4	117.0	0.3333333333333333
84933	192	0	5	0.4725	179.6	898.0	0.0
84934	328	1	4	0.8175	120.0	600.0	1.0
84935	204	0	5	0.5025	127.4	637.0	0.3333333333333333
84936	101	0	5	0.245	54.2	271.0	0.3333333333333333
84937	269	0	5	0.665	70.6	353.0	0.6666666666666666
84938	239	0	5	0.59	172.2	861.0	0.6666666666666666
84939	162	0	5	0.3975	79.8	399.0	0.3333333333333333
84940	398	0	5	0.9875	176.0	880.0	0.6666666666666666
84941	396	0	5	0.9825	148.4	742.0	0.6666666666666666
84942	371	0	5	0.92	178.6	893.0	0.6666666666666666
84943	72	0	5	0.1725	63.8	319.0	0.3333333333333333
84944	181	0	5	0.445	124.6	623.0	0.3333333333333333
84945	269	0	5	0.665	231.8	1159.0	0.3333333333333333
84946	234	0	5	0.5775	211.8	1059.0	0.3333333333333333
84947	57	0	5	0.135	55.0	275.0	0.0
84948	156	0	5	0.3825	116.0	580.0	0.0
84949	43	0	5	0.1	41.0	205.0	0.0
84950	386	0	5	0.9575	269.6	1348.0	0.6666666666666666
84951	248	0	5	0.6125	61.2	306.0	0.3333333333333333
84952	332	0	5	0.8225	262.0	1310.0	0.3333333333333333
84953	316	0	5	0.7825	258.8	1294.0	0.3333333333333333
84954	80	0	5	0.1925	34.8	174.0	0.0
84955	6	0	5	0.0075	4.0	20.0	0.0
84956	211	0	5	0.52	145.0	725.0	0.3333333333333333
84957	244	0	5	0.6025	179.0	895.0	0.3333333333333333
84958	339	1	4	0.845	202.6	1013.0	1.0
84959	265	0	5	0.655	244.0	1220.0	0.3333333333333333
84960	121	0	5	0.295	108.4	542.0	0.0
84961	367	0	5	0.91	217.6	1088.0	0.6666666666666666
84962	280	0	5	0.6925	137.6	688.0	0.3333333333333333
84963	246	0	5	0.6075	168.8	844.0	0.6666666666666666
84964	308	0	5	0.7625	228.0	1140.0	0.3333333333333333
84965	398	0	5	0.9875	348.4	1742.0	0.6666666666666666
84966	134	0	5	0.3275	57.2	286.0	0.3333333333333333
84967	285	0	5	0.705	160.8	804.0	0.3333333333333333
84968	302	0	5	0.7475	247.4	1237.0	0.6666666666666666
84969	221	0	5	0.545	124.8	624.0	0.6666666666666666
84970	103	0	5	0.25	93.6	468.0	0.0
84971	83	0	5	0.2	81.0	405.0	0.0
84972	226	0	5	0.5575	108.8	544.0	0.6666666666666666
84973	149	0	5	0.365	118.8	594.0	0.6666666666666666
84974	113	1	4	0.28	90.4	452.0	1.0
84975	276	0	5	0.6825	146.8	734.0	0.3333333333333333
84976	207	0	5	0.51	135.4	677.0	0.0
84977	258	0	5	0.6375	214.4	1072.0	0.3333333333333333
84978	60	0	5	0.1425	38.8	194.0	0.3333333333333333
84979	315	0	5	0.78	121.8	609.0	0.6666666666666666
84980	119	0	5	0.29	117.0	585.0	0.0
84981	186	0	5	0.4575	164.8	824.0	0.3333333333333333
84982	251	0	5	0.62	106.8	534.0	0.6666666666666666
84983	401	0	5	0.995	194.2	971.0	0.6666666666666666
84984	35	0	5	0.08	15.6	78.0	0.3333333333333333
84985	285	0	5	0.705	171.4	857.0	0.3333333333333333
84986	367	0	5	0.91	259.2	1296.0	0.3333333333333333
84987	275	0	5	0.68	139.4	697.0	0.0
84988	376	0	5	0.9325	230.2	1151.0	0.3333333333333333
84989	131	0	5	0.32	82.2	411.0	0.6666666666666666
84990	93	0	5	0.225	67.0	335.0	0.0
84991	53	0	5	0.125	19.8	99.0	0.6666666666666666
84992	230	1	4	0.5725	142.2	711.0	1.0
84993	227	0	5	0.56	191.8	959.0	0.3333333333333333
84994	136	0	5	0.3325	43.6	218.0	0.6666666666666666
84995	283	0	5	0.7	133.0	665.0	0.6666666666666666
84996	146	0	5	0.3575	121.2	606.0	0.0
84997	232	0	5	0.5725	220.6	1103.0	0.0
84998	296	0	5	0.7325	132.0	660.0	0.3333333333333333
84999	296	1	4	0.7375	232.0	1160.0	1.0
85000	372	0	5	0.9225	182.6	913.0	0.6666666666666666
85001	218	1	3	0.5425	192.4	962.0	1.0
85002	106	0	5	0.2575	66.0	330.0	0.0
85003	386	0	5	0.9575	139.8	699.0	0.6666666666666666
85004	381	0	5	0.945	267.0	1335.0	0.6666666666666666
85005	52	0	5	0.1225	50.0	250.0	0.0
85006	244	0	5	0.6025	66.8	334.0	0.3333333333333333
85007	219	0	5	0.54	182.0	910.0	0.3333333333333333
85008	17	0	5	0.035	10.2	51.0	0.3333333333333333
85009	236	1	4	0.5875	180.0	900.0	1.0
85010	184	0	5	0.4525	60.0	300.0	0.6666666666666666
85011	387	0	5	0.96	163.6	818.0	0.6666666666666666
85012	301	1	4	0.75	208.0	1040.0	1.0
85013	389	0	5	0.965	222.6	1113.0	0.3333333333333333
85014	159	0	5	0.39	89.4	447.0	0.3333333333333333
85015	168	0	5	0.4125	114.0	570.0	0.3333333333333333
85016	310	1	4	0.7725	105.8	529.0	1.0
85017	61	0	5	0.145	48.8	244.0	0.0
85018	322	0	5	0.7975	106.4	532.0	0.6666666666666666
85019	369	1	4	0.92	254.6	1273.0	1.0
85020	132	0	5	0.3225	70.4	352.0	0.3333333333333333
85021	342	0	5	0.8475	116.2	581.0	0.3333333333333333
85022	107	0	5	0.26	50.2	251.0	0.3333333333333333
85023	253	0	5	0.625	112.0	560.0	0.3333333333333333
85024	208	0	5	0.5125	147.2	736.0	0.3333333333333333
85025	392	0	5	0.9725	267.6	1338.0	0.6666666666666666
85026	212	0	5	0.5225	181.2	906.0	0.3333333333333333
85027	327	0	5	0.81	130.2	651.0	0.6666666666666666
85028	264	0	5	0.6525	201.4	1007.0	0.3333333333333333
85029	393	0	5	0.975	132.6	663.0	0.6666666666666666
85030	360	0	5	0.8925	194.2	971.0	0.6666666666666666
85031	266	0	5	0.6575	234.4	1172.0	0.3333333333333333
85032	48	0	5	0.1125	16.4	82.0	0.0
85033	234	0	5	0.5775	78.8	394.0	0.6666666666666666
85034	12	0	5	0.0225	10.0	50.0	0.0
85035	335	0	5	0.83	116.8	584.0	0.3333333333333333
85036	361	0	5	0.895	203.2	1016.0	0.6666666666666666
85037	121	0	5	0.295	75.0	375.0	0.3333333333333333
85038	63	0	5	0.15	37.4	187.0	0.0
85039	216	1	4	0.5375	71.6	358.0	1.0
85040	264	0	5	0.6525	199.2	996.0	0.6666666666666666
85041	307	0	5	0.76	156.2	781.0	0.6666666666666666
85042	210	0	5	0.5175	109.6	548.0	0.3333333333333333
85043	364	0	5	0.9025	190.2	951.0	0.6666666666666666
85044	171	0	5	0.42	161.4	807.0	0.0
85045	286	0	5	0.7075	113.2	566.0	0.3333333333333333
85046	385	0	5	0.955	256.6	1283.0	0.6666666666666666
85047	138	0	5	0.3375	136.0	680.0	0.0
85048	178	0	5	0.4375	57.6	288.0	0.3333333333333333
85049	134	0	5	0.3275	90.8	454.0	0.3333333333333333
85050	138	0	5	0.3375	67.2	336.0	0.0
85051	269	0	5	0.665	241.2	1206.0	0.3333333333333333
85052	26	0	5	0.0575	24.0	120.0	0.0
85053	115	0	5	0.28	56.6	283.0	0.0
85054	64	0	5	0.1525	22.8	114.0	0.0
85055	51	0	5	0.12	32.2	161.0	0.3333333333333333
85056	237	0	5	0.585	140.2	701.0	0.6666666666666666
85057	156	0	5	0.3825	130.8	654.0	0.3333333333333333
85058	56	0	5	0.1325	54.0	270.0	0.0
85059	352	0	5	0.8725	202.2	1011.0	0.3333333333333333
85060	105	0	5	0.255	100.4	502.0	0.3333333333333333
85061	352	0	5	0.8725	291.2	1456.0	0.3333333333333333
85062	374	0	5	0.9275	154.4	772.0	0.6666666666666666
85063	20	0	5	0.0425	11.6	58.0	0.0
85064	290	0	5	0.7175	269.4	1347.0	0.6666666666666666
85065	328	0	5	0.8125	274.6	1373.0	0.6666666666666666
85066	84	0	5	0.2025	82.0	410.0	0.0
85067	224	0	5	0.5525	179.8	899.0	0.3333333333333333
85068	250	0	5	0.6175	124.8	624.0	0.3333333333333333
85069	228	0	5	0.5625	120.8	604.0	0.3333333333333333
85070	278	0	5	0.6875	185.2	926.0	0.3333333333333333
85071	263	0	5	0.65	123.8	619.0	0.6666666666666666
85072	401	0	5	0.995	200.2	1001.0	0.6666666666666666
85073	166	0	5	0.4075	125.8	629.0	0.3333333333333333
85074	215	0	5	0.53	83.0	415.0	0.6666666666666666
85075	315	1	4	0.785	151.0	755.0	1.0
85076	332	0	5	0.8225	214.8	1074.0	0.3333333333333333
85077	110	0	5	0.2675	55.2	276.0	0.3333333333333333
85078	384	0	5	0.9525	133.6	668.0	0.6666666666666666
85079	316	0	5	0.7825	234.6	1173.0	0.6666666666666666
85080	17	0	5	0.035	15.0	75.0	0.0
85081	19	0	5	0.04	17.0	85.0	0.0
85082	32	0	5	0.0725	30.0	150.0	0.0
85083	239	0	5	0.59	87.0	435.0	0.3333333333333333
85084	155	1	4	0.385	80.6	403.0	1.0
85085	161	0	5	0.395	67.8	339.0	0.0
85086	140	0	5	0.3425	72.4	362.0	0.3333333333333333
85087	255	0	5	0.63	54.6	273.0	0.3333333333333333
85088	228	0	5	0.5625	173.2	866.0	0.6666666666666666
85089	290	0	5	0.7175	122.0	610.0	0.6666666666666666
85090	315	0	5	0.78	187.4	937.0	0.6666666666666666
85091	284	0	5	0.7025	164.4	822.0	0.6666666666666666
85092	74	0	5	0.1775	52.2	261.0	0.3333333333333333
85093	260	1	4	0.6475	101.6	508.0	1.0
85094	212	0	5	0.5225	163.0	815.0	0.3333333333333333
85095	228	0	5	0.5625	140.0	700.0	0.0
85096	248	0	5	0.6125	235.2	1176.0	0.0
85097	399	1	4	0.995	263.0	1315.0	1.0
85098	231	0	5	0.57	69.0	345.0	0.3333333333333333
85099	203	0	5	0.5	157.0	785.0	0.0
85100	188	0	5	0.4625	164.4	822.0	0.0
85101	144	0	5	0.3525	124.2	621.0	0.0
85102	206	0	5	0.5075	190.4	952.0	0.3333333333333333
85103	70	0	5	0.1675	59.6	298.0	0.3333333333333333
85104	157	0	5	0.385	150.6	753.0	0.3333333333333333
85105	153	0	5	0.375	108.4	542.0	0.0
85106	112	0	5	0.2725	106.4	532.0	0.3333333333333333
85107	193	0	5	0.475	165.2	826.0	0.3333333333333333
85108	97	0	5	0.235	95.0	475.0	0.0
85109	171	0	5	0.42	156.2	781.0	0.0
85110	96	0	5	0.2325	28.4	142.0	0.6666666666666666
85111	381	0	5	0.945	203.8	1019.0	0.6666666666666666
85112	91	0	5	0.22	42.2	211.0	0.6666666666666666
85113	398	1	4	0.9925	149.0	745.0	1.0
85114	354	0	5	0.8775	179.2	896.0	0.6666666666666666
85115	68	0	5	0.1625	66.0	330.0	0.0
85116	322	0	5	0.7975	179.6	898.0	0.6666666666666666
85117	279	0	5	0.69	126.6	633.0	0.6666666666666666
85118	370	1	4	0.9225	272.6	1363.0	1.0
85119	347	0	5	0.86	235.6	1178.0	0.6666666666666666
85120	110	0	5	0.2675	52.2	261.0	0.3333333333333333
85121	374	0	5	0.9275	164.0	820.0	0.3333333333333333
85122	60	0	5	0.1425	58.0	290.0	0.0
85123	291	0	5	0.72	232.4	1162.0	0.3333333333333333
85124	116	0	5	0.2825	30.8	154.0	0.6666666666666666
85125	88	0	5	0.2125	81.6	408.0	0.0
85126	273	0	5	0.675	263.2	1316.0	0.3333333333333333
85127	319	0	5	0.79	219.2	1096.0	0.6666666666666666
85128	310	0	5	0.7675	173.6	868.0	0.3333333333333333
85129	192	0	5	0.4725	98.0	490.0	0.3333333333333333
85130	167	0	5	0.41	113.0	565.0	0.3333333333333333
85131	158	0	5	0.3875	99.2	496.0	0.3333333333333333
85132	49	0	5	0.115	47.0	235.0	0.0
85133	34	0	5	0.0775	32.0	160.0	0.0
85134	154	0	5	0.3775	66.4	332.0	0.3333333333333333
85135	337	0	5	0.835	114.0	570.0	0.6666666666666666
85136	95	0	5	0.23	53.0	265.0	0.3333333333333333
85137	322	0	5	0.7975	128.0	640.0	0.6666666666666666
85138	262	0	5	0.6475	96.6	483.0	0.3333333333333333
85139	142	0	5	0.3475	95.2	476.0	0.6666666666666666
85140	188	0	5	0.4625	117.2	586.0	0.0
85141	386	0	5	0.9575	362.0	1810.0	0.6666666666666666
85142	170	0	5	0.4175	148.8	744.0	0.0
85143	242	0	5	0.5975	114.4	572.0	0.3333333333333333
85144	20	0	5	0.0425	18.0	90.0	0.0
85145	105	0	5	0.255	84.6	423.0	0.0
85146	329	0	5	0.815	138.6	693.0	0.3333333333333333
85147	222	0	5	0.5475	148.2	741.0	0.3333333333333333
85148	393	0	5	0.975	318.2	1591.0	0.6666666666666666
85149	155	0	5	0.38	93.4	467.0	0.3333333333333333
85150	209	1	4	0.52	65.2	326.0	1.0
85151	153	0	5	0.375	114.4	572.0	0.3333333333333333
85152	344	0	5	0.8525	322.0	1610.0	0.3333333333333333
85153	367	0	5	0.91	213.4	1067.0	0.6666666666666666
85154	93	0	5	0.225	91.0	455.0	0.3333333333333333
85155	114	0	5	0.2775	57.6	288.0	0.3333333333333333
85156	314	0	5	0.7775	156.8	784.0	0.6666666666666666
85157	248	0	5	0.6125	80.0	400.0	0.6666666666666666
85158	47	0	5	0.11	45.0	225.0	0.0
85159	161	0	5	0.395	68.6	343.0	0.3333333333333333
85160	266	0	5	0.6575	114.6	573.0	0.0
85161	335	0	5	0.83	252.0	1260.0	0.6666666666666666
85162	326	1	4	0.8125	184.0	920.0	1.0
85163	104	0	5	0.2525	48.6	243.0	0.0
85164	343	0	5	0.85	207.6	1038.0	0.6666666666666666
85165	285	0	5	0.705	152.6	763.0	0.3333333333333333
85166	369	0	5	0.915	169.8	849.0	0.6666666666666666
85167	315	1	4	0.785	233.2	1166.0	1.0
85168	310	0	5	0.7675	116.0	580.0	0.6666666666666666
85169	206	0	5	0.5075	73.6	368.0	0.3333333333333333
85170	110	0	5	0.2675	108.0	540.0	0.0
85171	377	0	5	0.935	147.2	736.0	0.6666666666666666
85172	305	1	4	0.76	125.4	627.0	1.0
85173	203	0	5	0.5	99.0	495.0	0.3333333333333333
85174	221	0	5	0.545	95.2	476.0	0.6666666666666666
85175	26	0	5	0.0575	24.0	120.0	0.0
85176	136	0	5	0.3325	38.8	194.0	0.0
85177	312	0	5	0.7725	204.0	1020.0	0.3333333333333333
85178	367	0	5	0.91	176.4	882.0	0.6666666666666666
85179	176	0	5	0.4325	174.0	870.0	0.0
85180	184	0	5	0.4525	154.0	770.0	0.3333333333333333
85181	22	0	5	0.0475	20.0	100.0	0.0
85182	211	0	5	0.52	209.0	1045.0	0.0
85183	129	0	5	0.315	41.4	207.0	0.6666666666666666
85184	222	0	5	0.5475	112.2	561.0	0.3333333333333333
85185	255	0	5	0.63	185.2	926.0	0.3333333333333333
85186	252	0	5	0.6225	240.8	1204.0	0.3333333333333333
85187	381	0	5	0.945	335.4	1677.0	0.6666666666666666
85188	108	0	5	0.2625	46.6	233.0	0.3333333333333333
85189	6	0	5	0.0075	4.0	20.0	0.0
85190	373	0	5	0.925	297.2	1486.0	0.6666666666666666
85191	184	0	5	0.4525	182.0	910.0	0.0
85192	171	0	5	0.42	114.6	573.0	0.3333333333333333
85193	200	1	4	0.4975	152.0	760.0	1.0
85194	268	0	5	0.6625	145.2	726.0	0.0
85195	390	1	4	0.9725	205.8	1029.0	1.0
85196	323	0	5	0.8	259.4	1297.0	0.6666666666666666
85197	342	0	5	0.8475	186.0	930.0	0.6666666666666666
85198	89	0	5	0.215	23.8	119.0	0.0
85199	171	0	5	0.42	132.6	663.0	0.0
85200	288	0	5	0.7125	247.2	1236.0	0.6666666666666666
85201	279	0	5	0.69	135.4	677.0	0.3333333333333333
85202	23	0	5	0.05	21.0	105.0	0.0
85203	135	0	5	0.33	110.6	553.0	0.0
85204	304	0	5	0.7525	178.8	894.0	0.6666666666666666
85205	326	0	5	0.8075	227.8	1139.0	0.3333333333333333
85206	67	0	5	0.16	65.0	325.0	0.0
85207	198	0	5	0.4875	145.8	729.0	0.3333333333333333
85208	22	0	5	0.0475	20.0	100.0	0.0
85209	197	0	5	0.485	156.8	784.0	0.3333333333333333
85210	171	0	5	0.42	66.8	334.0	0.3333333333333333
85211	139	0	5	0.34	137.0	685.0	0.0
85212	197	0	5	0.485	129.2	646.0	0.6666666666666666
85213	65	0	5	0.155	45.8	229.0	0.0
85214	273	1	4	0.68	212.6	1063.0	1.0
85215	129	0	5	0.315	80.6	403.0	0.0
85216	252	0	5	0.6225	160.0	800.0	0.0
85217	41	0	5	0.095	19.8	99.0	0.3333333333333333
85218	323	1	4	0.805	289.0	1445.0	1.0
85219	307	0	5	0.76	129.0	645.0	0.3333333333333333
85220	314	1	4	0.7825	73.2	366.0	1.0
85221	352	0	5	0.8725	163.4	817.0	0.6666666666666666
85222	98	0	5	0.2375	88.0	440.0	0.3333333333333333
85223	342	0	5	0.8475	205.6	1028.0	0.6666666666666666
85224	208	0	5	0.5125	171.2	856.0	0.3333333333333333
85225	285	0	5	0.705	153.2	766.0	0.6666666666666666
85226	65	0	5	0.155	61.6	308.0	0.3333333333333333
85227	350	0	5	0.8675	268.8	1344.0	0.6666666666666666
85228	324	0	5	0.8025	194.8	974.0	0.3333333333333333
85229	96	1	4	0.2375	65.6	328.0	1.0
85230	156	0	5	0.3825	76.6	383.0	0.3333333333333333
85231	234	0	5	0.5775	86.4	432.0	0.3333333333333333
85232	54	0	5	0.1275	34.4	172.0	0.0
85233	368	0	5	0.9125	170.6	853.0	0.6666666666666666
85234	194	0	5	0.4775	176.8	884.0	0.0
85235	99	0	5	0.24	97.0	485.0	0.0
85236	357	0	5	0.885	186.4	932.0	0.6666666666666666
85237	310	0	5	0.7675	206.0	1030.0	0.6666666666666666
85238	193	0	5	0.475	156.6	783.0	0.3333333333333333
85239	396	1	4	0.9875	261.4	1307.0	1.0
85240	224	0	5	0.5525	140.0	700.0	0.3333333333333333
85241	336	0	5	0.8325	136.8	684.0	0.6666666666666666
85242	285	0	5	0.705	173.0	865.0	0.6666666666666666
85243	401	0	5	0.995	211.2	1056.0	0.6666666666666666
85244	180	0	5	0.4425	122.8	614.0	0.3333333333333333
85245	298	0	5	0.7375	168.4	842.0	0.6666666666666666
85246	384	0	5	0.9525	251.8	1259.0	0.6666666666666666
85247	246	0	5	0.6075	172.4	862.0	0.3333333333333333
85248	268	0	5	0.6625	132.4	662.0	0.3333333333333333
85249	299	1	4	0.745	147.2	736.0	1.0
85250	113	0	5	0.275	53.4	267.0	0.0
85251	147	0	5	0.36	115.4	577.0	0.3333333333333333
85252	274	0	5	0.6775	201.6	1008.0	0.0
85253	206	0	5	0.5075	196.4	982.0	0.0
85254	365	1	4	0.91	164.2	821.0	1.0
85255	282	1	4	0.7025	200.2	1001.0	1.0
85256	134	0	5	0.3275	123.0	615.0	0.3333333333333333
85257	392	1	4	0.9775	282.8	1414.0	1.0
85258	197	0	5	0.485	145.0	725.0	0.3333333333333333
85259	240	0	5	0.5925	195.2	976.0	0.6666666666666666
85260	148	0	5	0.3625	70.4	352.0	0.3333333333333333
85261	232	0	5	0.5725	201.6	1008.0	0.3333333333333333
85262	201	0	5	0.495	142.6	713.0	0.0
85263	252	0	5	0.6225	135.4	677.0	0.6666666666666666
85264	335	0	5	0.83	124.2	621.0	0.6666666666666666
85265	146	0	5	0.3575	90.6	453.0	0.3333333333333333
85266	60	0	5	0.1425	58.0	290.0	0.0
85267	167	0	5	0.41	165.0	825.0	0.0
85268	307	0	5	0.76	202.2	1011.0	0.6666666666666666
85269	135	0	5	0.33	94.6	473.0	0.0
85270	149	0	5	0.365	60.8	304.0	0.6666666666666666
85271	47	0	5	0.11	36.6	183.0	0.0
85272	47	0	5	0.11	45.0	225.0	0.3333333333333333
85273	229	0	5	0.565	139.2	696.0	0.6666666666666666
85274	238	0	5	0.5875	147.0	735.0	0.3333333333333333
85275	114	0	5	0.2775	56.8	284.0	0.6666666666666666
85276	169	0	5	0.415	121.4	607.0	0.3333333333333333
85277	167	0	5	0.41	103.0	515.0	0.3333333333333333
85278	206	1	4	0.5125	53.2	266.0	1.0
85279	92	0	5	0.2225	90.0	450.0	0.0
85280	260	0	5	0.6425	242.0	1210.0	0.3333333333333333
85281	159	1	4	0.395	114.2	571.0	1.0
85282	8	0	5	0.0125	6.0	30.0	0.0
85283	159	0	5	0.39	96.4	482.0	0.3333333333333333
85284	354	0	5	0.8775	278.4	1392.0	0.3333333333333333
85285	279	0	5	0.69	136.2	681.0	0.6666666666666666
85286	315	0	5	0.78	265.2	1326.0	0.6666666666666666
85287	200	1	4	0.4975	84.6	423.0	1.0
85288	48	0	5	0.1125	26.8	134.0	0.3333333333333333
85289	112	0	5	0.2725	76.2	381.0	0.3333333333333333
85290	61	0	5	0.145	29.0	145.0	0.0
85291	14	0	5	0.0275	8.8	44.0	0.3333333333333333
85292	336	1	4	0.8375	102.2	511.0	1.0
85293	386	0	5	0.9575	191.2	956.0	0.6666666666666666
85294	192	0	5	0.4725	85.4	427.0	0.6666666666666666
85295	238	0	5	0.5875	121.4	607.0	0.3333333333333333
85296	156	0	5	0.3825	145.6	728.0	0.0
85297	256	0	5	0.6325	240.4	1202.0	0.3333333333333333
85298	231	0	5	0.57	100.6	503.0	0.3333333333333333
85299	318	0	5	0.7875	144.6	723.0	0.6666666666666666
85300	104	0	5	0.2525	102.0	510.0	0.0
85301	124	0	5	0.3025	107.6	538.0	0.0
85302	3	0	5	0.0025	0.2	1.0	0.3333333333333333
85303	173	0	5	0.425	137.4	687.0	0.0
85304	400	0	5	0.9925	216.6	1083.0	0.6666666666666666
85305	377	1	4	0.94	329.4	1647.0	1.0
85306	329	0	5	0.815	235.2	1176.0	0.3333333333333333
85307	93	0	5	0.225	56.0	280.0	0.3333333333333333
85308	170	0	5	0.4175	166.0	830.0	0.0
85309	121	0	5	0.295	119.0	595.0	0.0
85310	88	0	5	0.2125	38.0	190.0	0.0
85311	201	0	5	0.495	118.0	590.0	0.3333333333333333
85312	134	0	5	0.3275	90.6	453.0	0.0
85313	184	0	5	0.4525	104.4	522.0	0.3333333333333333
85314	142	0	5	0.3475	57.6	288.0	0.3333333333333333
85315	352	0	5	0.8725	165.2	826.0	0.3333333333333333
85316	349	1	4	0.87	106.8	534.0	1.0
85317	154	0	5	0.3775	99.0	495.0	0.3333333333333333
85318	397	0	5	0.985	201.2	1006.0	0.6666666666666666
85319	62	0	5	0.1475	56.4	282.0	0.0
85320	109	0	5	0.265	67.8	339.0	0.3333333333333333
85321	187	0	5	0.46	143.0	715.0	0.3333333333333333
85322	317	0	5	0.785	222.6	1113.0	0.3333333333333333
85323	85	0	5	0.205	67.4	337.0	0.0
85324	158	0	5	0.3875	104.4	522.0	0.3333333333333333
85325	118	0	5	0.2875	104.2	521.0	0.3333333333333333
85326	40	0	5	0.0925	38.0	190.0	0.0
85327	229	0	5	0.565	131.4	657.0	0.3333333333333333
85328	156	0	5	0.3825	70.0	350.0	0.3333333333333333
85329	327	0	5	0.81	121.8	609.0	0.6666666666666666
85330	306	0	5	0.7575	211.2	1056.0	0.6666666666666666
85331	237	0	5	0.585	85.0	425.0	0.3333333333333333
85332	142	0	5	0.3475	108.2	541.0	0.0
85333	243	0	5	0.6	111.8	559.0	0.3333333333333333
85334	196	0	5	0.4825	186.8	934.0	0.3333333333333333
85335	49	0	5	0.115	47.0	235.0	0.0
85336	4	0	5	0.0025	2.0	10.0	0.0
85337	340	1	4	0.8475	152.6	763.0	1.0
85338	193	0	5	0.475	188.2	941.0	0.0
85339	327	0	5	0.81	257.6	1288.0	0.3333333333333333
85340	63	0	5	0.15	61.0	305.0	0.0
85341	81	0	5	0.195	59.8	299.0	0.0
85342	96	0	5	0.2325	70.0	350.0	0.3333333333333333
85343	218	0	5	0.5375	160.0	800.0	0.3333333333333333
85344	149	0	5	0.365	143.8	719.0	0.0
85345	293	0	5	0.725	221.2	1106.0	0.6666666666666666
85346	398	0	5	0.9875	196.4	982.0	0.6666666666666666
85347	310	0	5	0.7675	163.4	817.0	0.6666666666666666
85348	298	0	5	0.7375	115.0	575.0	0.3333333333333333
85349	338	0	5	0.8375	254.4	1272.0	0.3333333333333333
85350	150	0	5	0.3675	101.0	505.0	0.0
85351	47	0	5	0.11	45.0	225.0	0.0
85352	330	0	5	0.8175	249.2	1246.0	0.3333333333333333
85353	177	0	5	0.435	101.6	508.0	0.3333333333333333
85354	248	0	5	0.6125	122.6	613.0	0.6666666666666666
85355	252	0	5	0.6225	62.0	310.0	0.6666666666666666
85356	374	1	4	0.9325	257.4	1287.0	1.0
85357	235	0	5	0.58	82.4	412.0	0.6666666666666666
85358	236	0	5	0.5825	185.2	926.0	0.3333333333333333
85359	210	0	5	0.5175	161.2	806.0	0.6666666666666666
85360	297	0	5	0.735	151.8	759.0	0.3333333333333333
85361	6	0	5	0.0075	4.0	20.0	0.0
85362	228	0	5	0.5625	126.8	634.0	0.3333333333333333
85363	321	0	5	0.795	201.6	1008.0	0.3333333333333333
85364	190	0	5	0.4675	150.2	751.0	0.6666666666666666
85365	190	0	5	0.4675	92.6	463.0	0.3333333333333333
85366	346	1	4	0.8625	106.0	530.0	1.0
85367	268	0	5	0.6625	136.4	682.0	0.3333333333333333
85368	147	0	5	0.36	145.0	725.0	0.0
85369	83	0	5	0.2	81.0	405.0	0.0
85370	234	1	4	0.5825	133.6	668.0	1.0
85371	381	1	4	0.95	201.8	1009.0	1.0
85372	260	0	5	0.6425	86.0	430.0	0.6666666666666666
85373	378	0	5	0.9375	272.8	1364.0	0.3333333333333333
85374	358	0	5	0.8875	217.6	1088.0	0.6666666666666666
85375	72	0	5	0.1725	70.0	350.0	0.0
85376	202	0	5	0.4975	187.6	938.0	0.6666666666666666
85377	190	0	5	0.4675	122.6	613.0	0.3333333333333333
85378	244	0	5	0.6025	184.4	922.0	0.3333333333333333
85379	266	1	4	0.6625	219.4	1097.0	1.0
85380	359	0	5	0.89	316.8	1584.0	0.3333333333333333
85381	306	1	3	0.7625	177.0	885.0	1.0
85382	355	0	5	0.88	211.0	1055.0	0.6666666666666666
85383	246	1	4	0.6125	208.2	1041.0	1.0
85384	272	0	5	0.6725	166.2	831.0	0.0
85385	349	0	5	0.865	123.8	619.0	0.6666666666666666
85386	33	0	5	0.075	7.8	39.0	0.3333333333333333
85387	193	0	5	0.475	81.4	407.0	0.3333333333333333
85388	222	0	5	0.5475	136.6	683.0	0.6666666666666666
85389	157	0	5	0.385	118.6	593.0	0.3333333333333333
85390	306	1	4	0.7625	106.8	534.0	1.0
85391	270	0	5	0.6675	192.8	964.0	0.3333333333333333
85392	179	0	5	0.44	164.6	823.0	0.3333333333333333
85393	306	0	5	0.7575	189.6	948.0	0.6666666666666666
85394	366	0	5	0.9075	121.2	606.0	0.6666666666666666
85395	401	0	4	0.9975	239.2	1196.0	0.6666666666666666
85396	196	0	5	0.4825	77.8	389.0	0.6666666666666666
85397	296	0	5	0.7325	227.2	1136.0	0.6666666666666666
85398	53	0	5	0.125	37.0	185.0	0.3333333333333333
85399	140	0	5	0.3425	138.0	690.0	0.0
85400	140	0	5	0.3425	112.8	564.0	0.0
85401	263	0	5	0.65	93.2	466.0	0.6666666666666666
85402	57	0	5	0.135	33.4	167.0	0.3333333333333333
85403	170	0	5	0.4175	139.2	696.0	0.3333333333333333
85404	218	0	5	0.5375	132.8	664.0	0.6666666666666666
85405	334	0	5	0.8275	80.0	400.0	0.6666666666666666
85406	290	0	5	0.7175	207.0	1035.0	0.3333333333333333
85407	35	0	5	0.08	25.2	126.0	0.3333333333333333
85408	127	0	5	0.31	97.4	487.0	0.3333333333333333
85409	148	0	5	0.3625	146.0	730.0	0.0
85410	101	0	5	0.245	88.6	443.0	0.3333333333333333
85411	283	0	5	0.7	236.4	1182.0	0.3333333333333333
85412	284	0	5	0.7025	209.2	1046.0	0.3333333333333333
85413	280	0	5	0.6925	116.6	583.0	0.3333333333333333
85414	399	0	5	0.99	142.0	710.0	0.6666666666666666
85415	4	0	5	0.0025	2.0	10.0	0.0
85416	172	0	5	0.4225	69.8	349.0	0.6666666666666666
85417	89	0	5	0.215	74.4	372.0	0.0
85418	254	0	5	0.6275	222.8	1114.0	0.0
85419	303	0	5	0.75	178.6	893.0	0.3333333333333333
85420	257	1	4	0.64	132.4	662.0	1.0
85421	399	0	5	0.99	141.4	707.0	0.6666666666666666
85422	189	0	5	0.465	162.4	812.0	0.3333333333333333
85423	235	0	5	0.58	179.8	899.0	0.3333333333333333
85424	291	0	5	0.72	144.0	720.0	0.6666666666666666
85425	211	0	5	0.52	95.0	475.0	0.3333333333333333
85426	372	0	5	0.9225	175.2	876.0	0.6666666666666666
85427	83	0	5	0.2	48.0	240.0	0.3333333333333333
85428	331	0	5	0.82	76.2	381.0	0.6666666666666666
85429	65	0	5	0.155	57.0	285.0	0.3333333333333333
85430	306	0	5	0.7575	108.0	540.0	0.6666666666666666
85431	132	0	5	0.3225	80.2	401.0	0.3333333333333333
85432	363	0	5	0.9	174.4	872.0	0.3333333333333333
85433	124	0	5	0.3025	72.4	362.0	0.3333333333333333
85434	308	0	5	0.7625	175.8	879.0	0.3333333333333333
85435	360	0	5	0.8925	277.2	1386.0	0.6666666666666666
85436	326	0	5	0.8075	125.6	628.0	0.6666666666666666
85437	36	0	5	0.0825	32.0	160.0	0.3333333333333333
85438	362	1	4	0.9025	213.6	1068.0	1.0
85439	264	0	5	0.6525	205.2	1026.0	0.3333333333333333
85440	242	0	5	0.5975	119.4	597.0	0.3333333333333333
85441	332	0	5	0.8225	119.6	598.0	0.6666666666666666
85442	268	0	5	0.6625	92.0	460.0	0.3333333333333333
85443	190	0	5	0.4675	40.8	204.0	0.6666666666666666
85444	85	0	5	0.205	75.6	378.0	0.0
85445	95	0	5	0.23	43.4	217.0	0.3333333333333333
85446	196	1	4	0.4875	56.0	280.0	1.0
85447	227	0	5	0.56	191.8	959.0	0.3333333333333333
85448	386	0	5	0.9575	100.8	504.0	0.6666666666666666
85449	227	0	5	0.56	79.4	397.0	0.3333333333333333
85450	75	0	5	0.18	73.0	365.0	0.0
85451	247	0	5	0.61	215.4	1077.0	0.6666666666666666
85452	73	0	5	0.175	71.0	355.0	0.0
85453	309	0	5	0.765	146.8	734.0	0.6666666666666666
85454	153	0	5	0.375	109.0	545.0	0.6666666666666666
85455	336	0	5	0.8325	239.2	1196.0	0.3333333333333333
85456	223	0	5	0.55	104.8	524.0	0.3333333333333333
85457	75	0	5	0.18	31.0	155.0	0.3333333333333333
85458	220	0	5	0.5425	122.0	610.0	0.6666666666666666
85459	237	0	5	0.585	170.2	851.0	0.6666666666666666
85460	400	1	3	0.9975	265.0	1325.0	1.0
85461	175	0	5	0.43	124.2	621.0	0.6666666666666666
85462	83	0	5	0.2	80.4	402.0	0.0
85463	73	0	5	0.175	71.0	355.0	0.0
85464	197	0	5	0.485	52.6	263.0	0.3333333333333333
85465	176	0	5	0.4325	99.8	499.0	0.3333333333333333
85466	128	0	5	0.3125	32.4	162.0	0.3333333333333333
85467	266	0	5	0.6575	163.6	818.0	0.3333333333333333
85468	124	0	5	0.3025	89.0	445.0	0.0
85469	348	0	5	0.8625	125.2	626.0	0.6666666666666666
85470	240	0	5	0.5925	174.4	872.0	0.3333333333333333
85471	153	0	5	0.375	93.0	465.0	0.3333333333333333
85472	372	1	4	0.9275	231.4	1157.0	1.0
85473	93	0	5	0.225	37.6	188.0	0.3333333333333333
85474	193	0	5	0.475	76.0	380.0	0.6666666666666666
85475	234	0	5	0.5775	205.2	1026.0	0.0
85476	209	0	5	0.515	111.4	557.0	0.3333333333333333
85477	268	0	5	0.6625	64.4	322.0	0.3333333333333333
85478	20	0	5	0.0425	18.0	90.0	0.0
85479	326	0	5	0.8075	151.6	758.0	0.3333333333333333
85480	401	0	5	0.995	271.0	1355.0	0.6666666666666666
85481	375	1	4	0.935	209.4	1047.0	1.0
85482	172	0	5	0.4225	170.0	850.0	0.0
85483	178	0	5	0.4375	94.8	474.0	0.6666666666666666
85484	292	1	4	0.7275	202.0	1010.0	1.0
85485	81	1	4	0.2	60.2	301.0	1.0
85486	242	0	5	0.5975	90.0	450.0	0.6666666666666666
85487	344	0	5	0.8525	280.8	1404.0	0.3333333333333333
85488	125	0	5	0.305	93.6	468.0	0.0
85489	305	0	5	0.755	251.0	1255.0	0.3333333333333333
85490	95	0	5	0.23	84.2	421.0	0.3333333333333333
85491	266	0	5	0.6575	200.8	1004.0	0.3333333333333333
85492	144	0	5	0.3525	128.8	644.0	0.0
85493	204	0	5	0.5025	121.2	606.0	0.3333333333333333
85494	5	0	5	0.005	3.0	15.0	0.0
85495	324	1	4	0.8075	214.4	1072.0	1.0
85496	335	0	5	0.83	123.4	617.0	0.6666666666666666
85497	200	0	5	0.4925	148.0	740.0	0.3333333333333333
85498	338	0	5	0.8375	167.8	839.0	0.6666666666666666
85499	235	0	5	0.58	124.4	622.0	0.0
85500	302	0	5	0.7475	85.6	428.0	0.6666666666666666
85501	196	0	5	0.4825	76.0	380.0	0.3333333333333333
85502	122	0	5	0.2975	107.8	539.0	0.3333333333333333
85503	400	0	5	0.9925	241.6	1208.0	0.6666666666666666
85504	243	0	5	0.6	117.2	586.0	0.6666666666666666
85505	341	0	5	0.845	147.2	736.0	0.6666666666666666
85506	390	0	5	0.9675	320.4	1602.0	0.6666666666666666
85507	263	0	5	0.65	202.2	1011.0	0.3333333333333333
85508	3	0	5	0.0025	0.2	1.0	0.3333333333333333
85509	372	0	5	0.9225	232.0	1160.0	0.6666666666666666
85510	244	0	5	0.6025	210.2	1051.0	0.6666666666666666
85511	97	0	5	0.235	84.8	424.0	0.0
85512	270	0	5	0.6675	182.8	914.0	0.6666666666666666
85513	400	0	5	0.9925	270.6	1353.0	0.6666666666666666
85514	328	0	5	0.8125	102.0	510.0	0.6666666666666666
85515	312	0	5	0.7725	288.0	1440.0	0.6666666666666666
85516	268	0	5	0.6625	82.8	414.0	0.3333333333333333
85517	362	1	4	0.9025	161.2	806.0	1.0
85518	297	0	5	0.735	272.4	1362.0	0.6666666666666666
85519	257	0	5	0.635	165.6	828.0	0.3333333333333333
85520	200	0	5	0.4925	100.2	501.0	0.6666666666666666
85521	149	0	5	0.365	112.6	563.0	0.0
85522	228	0	5	0.5625	112.8	564.0	0.6666666666666666
85523	392	0	5	0.9725	238.4	1192.0	0.6666666666666666
85524	106	0	5	0.2575	104.0	520.0	0.0
85525	51	0	5	0.12	49.0	245.0	0.0
85526	280	0	5	0.6925	200.4	1002.0	0.3333333333333333
85527	286	0	5	0.7075	170.4	852.0	0.6666666666666666
85528	268	0	5	0.6625	199.4	997.0	0.0
85529	207	0	5	0.51	192.2	961.0	0.0
85530	166	0	5	0.4075	89.0	445.0	0.3333333333333333
85531	289	0	5	0.715	223.4	1117.0	0.3333333333333333
85532	65	0	5	0.155	63.0	315.0	0.0
85533	40	0	5	0.0925	38.0	190.0	0.0
85534	174	0	5	0.4275	67.2	336.0	0.3333333333333333
85535	132	0	5	0.3225	130.0	650.0	0.0
85536	307	1	4	0.765	208.0	1040.0	1.0
85537	153	0	5	0.375	136.6	683.0	0.3333333333333333
85538	251	0	5	0.62	222.6	1113.0	0.3333333333333333
85539	280	0	5	0.6925	235.8	1179.0	0.3333333333333333
85540	301	1	4	0.75	138.2	691.0	1.0
85541	254	0	5	0.6275	136.8	684.0	0.3333333333333333
85542	172	0	5	0.4225	143.2	716.0	0.0
85543	274	0	5	0.6775	144.2	721.0	0.6666666666666666
85544	235	0	5	0.58	125.0	625.0	0.3333333333333333
85545	155	0	5	0.38	152.2	761.0	0.3333333333333333
85546	189	0	5	0.465	110.2	551.0	0.6666666666666666
85547	211	0	5	0.52	107.2	536.0	0.6666666666666666
85548	64	0	5	0.1525	62.0	310.0	0.0
85549	241	0	5	0.595	71.0	355.0	0.3333333333333333
85550	324	0	5	0.8025	227.2	1136.0	0.6666666666666666
85551	361	0	5	0.895	100.6	503.0	0.6666666666666666
85552	364	0	5	0.9025	100.4	502.0	0.6666666666666666
85553	377	0	5	0.935	261.2	1306.0	0.6666666666666666
85554	164	0	5	0.4025	152.4	762.0	0.0
85555	203	0	5	0.5	69.0	345.0	0.3333333333333333
85556	121	0	5	0.295	104.2	521.0	0.0
85557	33	0	5	0.075	31.0	155.0	0.0
85558	186	0	5	0.4575	116.4	582.0	0.3333333333333333
85559	205	0	5	0.505	192.6	963.0	0.3333333333333333
85560	65	0	5	0.155	63.0	315.0	0.0
85561	130	0	5	0.3175	91.2	456.0	0.0
85562	372	0	5	0.9225	255.6	1278.0	0.6666666666666666
85563	138	0	5	0.3375	95.2	476.0	0.3333333333333333
85564	174	0	5	0.4275	48.8	244.0	0.6666666666666666
85565	50	0	5	0.1175	48.0	240.0	0.0
85566	126	0	5	0.3075	124.0	620.0	0.0
85567	142	0	5	0.3475	67.8	339.0	0.3333333333333333
85568	303	0	5	0.75	87.2	436.0	0.6666666666666666
85569	379	0	5	0.94	141.8	709.0	0.6666666666666666
85570	195	0	5	0.48	165.8	829.0	0.6666666666666666
85571	331	0	5	0.82	193.0	965.0	0.6666666666666666
85572	82	0	5	0.1975	53.0	265.0	0.0
85573	16	0	5	0.0325	14.0	70.0	0.0
85574	186	1	4	0.4625	78.8	394.0	1.0
85575	271	1	4	0.675	152.0	760.0	1.0
85576	223	1	4	0.555	154.2	771.0	1.0
85577	346	0	5	0.8575	212.6	1063.0	0.6666666666666666
85578	301	1	4	0.75	81.2	406.0	1.0
85579	374	0	5	0.9275	156.0	780.0	0.6666666666666666
85580	161	0	5	0.395	118.8	594.0	0.0
85581	31	0	5	0.07	29.0	145.0	0.0
85582	41	0	5	0.095	23.4	117.0	0.0
85583	322	0	5	0.7975	183.4	917.0	0.6666666666666666
85584	101	0	5	0.245	76.4	382.0	0.3333333333333333
85585	96	0	5	0.2325	94.0	470.0	0.0
85586	229	1	4	0.57	202.6	1013.0	1.0
85587	200	0	5	0.4925	133.8	669.0	0.3333333333333333
85588	231	0	5	0.57	196.0	980.0	0.0
85589	348	0	5	0.8625	216.6	1083.0	0.6666666666666666
85590	145	0	5	0.355	95.2	476.0	0.3333333333333333
85591	279	0	5	0.69	99.6	498.0	0.6666666666666666
85592	178	0	5	0.4375	167.0	835.0	0.0
85593	48	0	5	0.1125	34.8	174.0	0.3333333333333333
85594	187	0	5	0.46	101.8	509.0	0.6666666666666666
85595	224	0	5	0.5525	125.4	627.0	0.6666666666666666
85596	81	0	5	0.195	26.6	133.0	0.3333333333333333
85597	228	0	5	0.5625	129.0	645.0	0.3333333333333333
85598	32	0	5	0.0725	30.0	150.0	0.0
85599	308	0	5	0.7625	102.8	514.0	0.3333333333333333
85600	159	0	5	0.39	119.8	599.0	0.3333333333333333
85601	160	0	5	0.3925	76.4	382.0	0.6666666666666666
85602	377	0	5	0.935	113.8	569.0	0.6666666666666666
85603	354	0	5	0.8775	234.4	1172.0	0.6666666666666666
85604	210	1	4	0.5225	131.6	658.0	1.0
85605	277	0	5	0.685	194.4	972.0	0.3333333333333333
85606	192	0	5	0.4725	102.4	512.0	0.0
85607	92	0	5	0.2225	31.8	159.0	0.6666666666666666
85608	282	1	4	0.7025	164.4	822.0	1.0
85609	163	0	5	0.4	85.4	427.0	0.3333333333333333
85610	384	0	5	0.9525	189.2	946.0	0.3333333333333333
85611	173	0	5	0.425	116.2	581.0	0.0
85612	303	0	5	0.75	169.0	845.0	0.6666666666666666
85613	52	0	5	0.1225	41.6	208.0	0.3333333333333333
85614	43	0	5	0.1	41.0	205.0	0.0
85615	306	0	5	0.7575	193.0	965.0	0.6666666666666666
85616	293	1	4	0.73	220.6	1103.0	1.0
85617	184	0	5	0.4525	71.6	358.0	0.3333333333333333
85618	71	0	5	0.17	63.8	319.0	0.0
85619	251	0	5	0.62	168.2	841.0	0.6666666666666666
85620	204	0	5	0.5025	70.4	352.0	0.3333333333333333
85621	359	0	5	0.89	177.8	889.0	0.3333333333333333
85622	36	0	5	0.0825	24.4	122.0	0.3333333333333333
85623	311	0	5	0.77	208.6	1043.0	0.6666666666666666
85624	155	0	5	0.38	69.0	345.0	0.0
85625	128	0	5	0.3125	97.6	488.0	0.3333333333333333
85626	369	1	4	0.92	189.6	948.0	1.0
85627	109	0	5	0.265	61.0	305.0	0.3333333333333333
85628	160	0	5	0.3925	67.6	338.0	0.0
85629	380	0	5	0.9425	188.8	944.0	0.6666666666666666
85630	62	0	5	0.1475	60.0	300.0	0.0
85631	291	0	5	0.72	212.2	1061.0	0.3333333333333333
85632	140	0	5	0.3425	71.2	356.0	0.6666666666666666
85633	284	0	5	0.7025	171.4	857.0	0.6666666666666666
85634	303	0	5	0.75	183.4	917.0	0.3333333333333333
85635	330	0	5	0.8175	209.6	1048.0	0.3333333333333333
85636	367	0	5	0.91	176.6	883.0	0.6666666666666666
85637	36	0	5	0.0825	34.0	170.0	0.0
85638	184	0	5	0.4525	124.4	622.0	0.3333333333333333
85639	82	0	5	0.1975	78.0	390.0	0.3333333333333333
85640	227	0	5	0.56	177.8	889.0	0.3333333333333333
85641	280	0	5	0.6925	193.4	967.0	0.3333333333333333
85642	159	0	5	0.39	115.8	579.0	0.3333333333333333
85643	266	0	5	0.6575	178.0	890.0	0.0
85644	346	0	5	0.8575	116.4	582.0	0.6666666666666666
85645	35	0	5	0.08	33.0	165.0	0.0
85646	67	0	5	0.16	43.8	219.0	0.3333333333333333
85647	160	0	5	0.3925	96.6	483.0	0.3333333333333333
85648	5	0	5	0.005	3.0	15.0	0.0
85649	126	0	5	0.3075	98.8	494.0	0.0
85650	320	0	5	0.7925	177.0	885.0	0.6666666666666666
85651	78	0	5	0.1875	62.2	311.0	0.3333333333333333
85652	230	0	5	0.5675	88.8	444.0	0.6666666666666666
85653	377	0	5	0.935	157.8	789.0	0.6666666666666666
85654	45	0	5	0.105	43.0	215.0	0.0
85655	67	0	5	0.16	58.6	293.0	0.3333333333333333
85656	158	0	5	0.3875	112.8	564.0	0.3333333333333333
85657	70	0	5	0.1675	17.6	88.0	0.3333333333333333
85658	331	0	5	0.82	95.4	477.0	0.3333333333333333
85659	352	0	5	0.8725	254.0	1270.0	0.6666666666666666
85660	165	0	5	0.405	114.2	571.0	0.3333333333333333
85661	115	0	5	0.28	35.0	175.0	0.3333333333333333
85662	211	0	5	0.52	189.0	945.0	0.0
85663	379	0	5	0.94	130.8	654.0	0.6666666666666666
85664	378	0	5	0.9375	188.8	944.0	0.6666666666666666
85665	313	0	5	0.775	156.6	783.0	0.3333333333333333
85666	223	1	4	0.555	113.0	565.0	1.0
85667	344	0	5	0.8525	287.8	1439.0	0.3333333333333333
85668	363	0	5	0.9	186.2	931.0	0.6666666666666666
85669	211	0	5	0.52	109.0	545.0	0.6666666666666666
85670	130	0	5	0.3175	128.0	640.0	0.0
85671	233	0	5	0.575	169.8	849.0	0.3333333333333333
85672	341	0	5	0.845	163.8	819.0	0.6666666666666666
85673	305	0	5	0.755	145.4	727.0	0.3333333333333333
85674	218	0	5	0.5375	82.4	412.0	0.3333333333333333
85675	320	0	5	0.7925	255.4	1277.0	0.6666666666666666
85676	328	0	5	0.8125	272.4	1362.0	0.3333333333333333
85677	21	0	5	0.045	11.8	59.0	0.3333333333333333
85678	179	0	5	0.44	108.2	541.0	0.3333333333333333
85679	187	0	5	0.46	77.8	389.0	0.6666666666666666
85680	63	0	5	0.15	61.0	305.0	0.0
85681	170	0	5	0.4175	125.6	628.0	0.3333333333333333
85682	286	1	4	0.7125	137.4	687.0	1.0
85683	145	0	5	0.355	143.0	715.0	0.0
85684	30	0	5	0.0675	27.0	135.0	0.3333333333333333
85685	271	0	5	0.67	132.6	663.0	0.6666666666666666
85686	320	0	5	0.7925	132.6	663.0	0.0
85687	365	0	5	0.905	255.8	1279.0	0.3333333333333333
85688	81	0	5	0.195	79.0	395.0	0.0
85689	301	0	5	0.745	125.4	627.0	0.3333333333333333
85690	141	0	5	0.345	63.4	317.0	0.0
85691	150	0	5	0.3675	80.0	400.0	0.3333333333333333
85692	335	0	5	0.83	146.0	730.0	0.6666666666666666
85693	288	0	5	0.7125	225.6	1128.0	0.3333333333333333
85694	65	0	5	0.155	41.6	208.0	0.6666666666666666
85695	178	0	5	0.4375	106.4	532.0	0.3333333333333333
85696	165	0	5	0.405	68.2	341.0	0.3333333333333333
85697	54	0	5	0.1275	36.0	180.0	0.0
85698	348	0	5	0.8625	90.8	454.0	0.6666666666666666
85699	245	0	5	0.605	89.0	445.0	0.6666666666666666
85700	94	0	5	0.2275	87.2	436.0	0.0
85701	302	0	5	0.7475	206.4	1032.0	0.6666666666666666
85702	135	0	5	0.33	115.6	578.0	0.3333333333333333
85703	151	0	5	0.37	142.2	711.0	0.0
85704	3	0	5	0.0025	0.6	3.0	0.3333333333333333
85705	232	0	5	0.5725	191.0	955.0	0.6666666666666666
85706	242	0	5	0.5975	116.2	581.0	0.6666666666666666
85707	210	0	5	0.5175	98.8	494.0	0.6666666666666666
85708	162	0	5	0.3975	133.0	665.0	0.3333333333333333
85709	341	0	5	0.845	232.4	1162.0	0.3333333333333333
85710	60	0	5	0.1425	58.0	290.0	0.0
85711	128	0	5	0.3125	124.8	624.0	0.3333333333333333
85712	228	0	5	0.5625	67.8	339.0	0.3333333333333333
85713	285	0	5	0.705	198.6	993.0	0.3333333333333333
85714	250	0	5	0.6175	187.8	939.0	0.3333333333333333
85715	204	0	5	0.5025	98.2	491.0	0.3333333333333333
85716	230	1	4	0.5725	143.2	716.0	1.0
85717	384	0	5	0.9525	242.8	1214.0	0.6666666666666666
85718	238	0	5	0.5875	131.2	656.0	0.3333333333333333
85719	293	0	5	0.725	146.8	734.0	0.3333333333333333
85720	43	0	5	0.1	41.0	205.0	0.0
85721	373	0	5	0.925	235.0	1175.0	0.6666666666666666
85722	131	0	5	0.32	119.8	599.0	0.0
85723	16	0	5	0.0325	14.0	70.0	0.0
85724	46	0	5	0.1075	44.0	220.0	0.0
85725	399	1	4	0.995	318.6	1593.0	1.0
85726	270	0	5	0.6675	166.2	831.0	0.6666666666666666
85727	285	0	5	0.705	222.4	1112.0	0.3333333333333333
85728	267	0	5	0.66	132.0	660.0	0.3333333333333333
85729	194	0	5	0.4775	102.4	512.0	0.3333333333333333
85730	14	0	5	0.0275	12.0	60.0	0.0
85731	199	0	5	0.49	120.2	601.0	0.3333333333333333
85732	122	0	5	0.2975	33.6	168.0	0.3333333333333333
85733	281	0	5	0.695	119.0	595.0	0.3333333333333333
85734	219	0	5	0.54	191.4	957.0	0.6666666666666666
85735	235	0	5	0.58	171.0	855.0	0.3333333333333333
85736	154	1	4	0.3825	46.4	232.0	1.0
85737	365	1	4	0.91	165.6	828.0	1.0
85738	326	0	5	0.8075	271.8	1359.0	0.3333333333333333
85739	367	0	5	0.91	268.6	1343.0	0.3333333333333333
85740	338	1	4	0.8425	213.6	1068.0	1.0
85741	162	0	5	0.3975	72.8	364.0	0.3333333333333333
85742	56	0	5	0.1325	50.4	252.0	0.3333333333333333
85743	239	0	5	0.59	109.8	549.0	0.6666666666666666
85744	38	0	5	0.0875	27.0	135.0	0.0
85745	340	0	5	0.8425	204.8	1024.0	0.6666666666666666
85746	337	0	5	0.835	264.6	1323.0	0.3333333333333333
85747	102	0	5	0.2475	100.0	500.0	0.0
85748	360	1	4	0.8975	259.0	1295.0	1.0
85749	39	0	5	0.09	37.0	185.0	0.0
85750	392	0	5	0.9725	234.0	1170.0	0.6666666666666666
85751	327	0	5	0.81	173.0	865.0	0.6666666666666666
85752	326	1	4	0.8125	69.6	348.0	1.0
85753	246	0	5	0.6075	205.6	1028.0	0.3333333333333333
85754	401	0	4	0.9975	216.4	1082.0	0.6666666666666666
85755	264	0	5	0.6525	143.8	719.0	0.6666666666666666
85756	111	1	4	0.275	75.8	379.0	1.0
85757	261	1	4	0.65	119.0	595.0	1.0
85758	126	0	5	0.3075	69.0	345.0	0.3333333333333333
85759	192	0	5	0.4725	132.6	663.0	0.3333333333333333
85760	327	1	4	0.815	189.0	945.0	1.0
85761	171	0	5	0.42	107.4	537.0	0.0
85762	304	0	5	0.7525	291.8	1459.0	0.6666666666666666
85763	51	0	5	0.12	45.0	225.0	0.3333333333333333
85764	86	0	5	0.2075	17.2	86.0	0.3333333333333333
85765	150	0	5	0.3675	132.4	662.0	0.3333333333333333
85766	309	0	5	0.765	221.0	1105.0	0.3333333333333333
85767	345	1	4	0.86	306.0	1530.0	1.0
85768	373	1	4	0.93	125.0	625.0	1.0
85769	49	0	5	0.115	47.0	235.0	0.0
85770	351	0	5	0.87	224.2	1121.0	0.3333333333333333
85771	204	0	5	0.5025	79.6	398.0	0.0
85772	265	0	5	0.655	144.6	723.0	0.6666666666666666
85773	78	0	5	0.1875	76.0	380.0	0.0
85774	288	0	5	0.7125	145.4	727.0	0.6666666666666666
85775	359	0	5	0.89	214.8	1074.0	0.3333333333333333
85776	356	1	4	0.8875	104.0	520.0	1.0
85777	58	0	5	0.1375	56.0	280.0	0.0
85778	312	0	5	0.7725	189.4	947.0	0.6666666666666666
85779	36	0	5	0.0825	28.0	140.0	0.3333333333333333
85780	316	0	5	0.7825	151.4	757.0	0.3333333333333333
85781	357	0	5	0.885	84.6	423.0	0.6666666666666666
85782	230	0	5	0.5675	166.6	833.0	0.3333333333333333
85783	282	0	5	0.6975	130.2	651.0	0.3333333333333333
85784	184	0	5	0.4525	163.0	815.0	0.3333333333333333
85785	292	0	5	0.7225	200.6	1003.0	0.3333333333333333
85786	2	0	5	0.0	0.0	0.0	0.0
85787	231	0	5	0.57	186.0	930.0	0.3333333333333333
85788	219	0	5	0.54	197.4	987.0	0.0
85789	198	0	5	0.4875	164.2	821.0	0.6666666666666666
85790	219	0	5	0.54	95.0	475.0	0.3333333333333333
85791	22	0	5	0.0475	20.0	100.0	0.0
85792	138	0	5	0.3375	112.4	562.0	0.6666666666666666
85793	309	1	4	0.77	255.2	1276.0	1.0
85794	171	0	5	0.42	62.2	311.0	0.3333333333333333
85795	305	0	5	0.755	191.4	957.0	0.3333333333333333
85796	324	1	4	0.8075	186.8	934.0	1.0
85797	214	0	5	0.5275	112.8	564.0	0.3333333333333333
85798	234	1	4	0.5825	86.0	430.0	1.0
85799	401	0	5	0.995	301.6	1508.0	0.6666666666666666
85800	309	0	5	0.765	146.2	731.0	0.3333333333333333
85801	365	0	5	0.905	175.6	878.0	0.6666666666666666
85802	141	0	5	0.345	78.6	393.0	0.3333333333333333
85803	140	0	5	0.3425	63.6	318.0	0.6666666666666666
85804	368	0	5	0.9125	106.0	530.0	0.6666666666666666
85805	82	0	5	0.1975	80.0	400.0	0.0
85806	146	0	5	0.3575	120.8	604.0	0.3333333333333333
85807	166	0	5	0.4075	92.0	460.0	0.3333333333333333
85808	11	0	5	0.02	9.0	45.0	0.0
85809	198	0	5	0.4875	196.0	980.0	0.0
85810	272	0	5	0.6725	121.8	609.0	0.3333333333333333
85811	228	0	5	0.5625	110.2	551.0	0.6666666666666666
85812	359	0	5	0.89	257.6	1288.0	0.6666666666666666
85813	215	1	4	0.535	75.0	375.0	1.0
85814	356	0	5	0.8825	214.8	1074.0	0.6666666666666666
85815	316	0	5	0.7825	162.0	810.0	0.6666666666666666
85816	95	0	5	0.23	51.8	259.0	0.3333333333333333
85817	314	0	5	0.7775	177.2	886.0	0.6666666666666666
85818	257	0	5	0.635	199.0	995.0	0.3333333333333333
85819	122	0	5	0.2975	102.8	514.0	0.3333333333333333
85820	222	0	5	0.5475	220.0	1100.0	0.6666666666666666
85821	170	0	5	0.4175	150.0	750.0	0.6666666666666666
85822	4	0	5	0.0025	2.0	10.0	0.0
85823	340	0	5	0.8425	215.8	1079.0	0.6666666666666666
85824	19	0	5	0.04	17.0	85.0	0.0
85825	306	0	5	0.7575	151.8	759.0	0.0
85826	342	0	5	0.8475	234.8	1174.0	0.6666666666666666
85827	267	0	5	0.66	209.0	1045.0	0.3333333333333333
85828	120	0	5	0.2925	118.0	590.0	0.0
85829	281	0	5	0.695	131.2	656.0	0.3333333333333333
85830	325	0	5	0.805	225.6	1128.0	0.3333333333333333
85831	261	0	5	0.645	140.6	703.0	0.6666666666666666
85832	272	0	5	0.6725	172.0	860.0	0.3333333333333333
85833	143	0	5	0.35	102.2	511.0	0.6666666666666666
85834	301	1	3	0.75	264.6	1323.0	1.0
85835	229	0	5	0.565	190.6	953.0	0.3333333333333333
85836	37	0	5	0.085	29.4	147.0	0.0
85837	8	0	5	0.0125	6.0	30.0	0.0
85838	194	0	5	0.4775	123.2	616.0	0.3333333333333333
85839	78	0	5	0.1875	44.8	224.0	0.6666666666666666
85840	46	0	5	0.1075	44.0	220.0	0.0
85841	168	0	5	0.4125	126.0	630.0	0.6666666666666666
85842	142	0	5	0.3475	140.0	700.0	0.0
85843	213	0	5	0.525	172.4	862.0	0.3333333333333333
85844	180	0	5	0.4425	73.2	366.0	0.6666666666666666
85845	57	0	5	0.135	55.0	275.0	0.0
85846	104	0	5	0.2525	84.8	424.0	0.0
85847	170	0	5	0.4175	90.0	450.0	0.6666666666666666
85848	221	0	5	0.545	99.0	495.0	0.0
85849	223	0	5	0.55	130.6	653.0	0.6666666666666666
85850	42	0	5	0.0975	32.8	164.0	0.0
85851	388	0	5	0.9625	312.0	1560.0	0.6666666666666666
85852	254	0	5	0.6275	155.4	777.0	0.3333333333333333
85853	347	0	5	0.86	242.6	1213.0	0.6666666666666666
85854	262	1	4	0.6525	159.6	798.0	1.0
85855	222	0	5	0.5475	150.8	754.0	0.0
85856	120	0	5	0.2925	101.2	506.0	0.0
85857	223	0	5	0.55	140.6	703.0	0.6666666666666666
85858	325	0	5	0.805	173.6	868.0	0.6666666666666666
85859	104	0	5	0.2525	79.4	397.0	0.3333333333333333
85860	395	0	5	0.98	205.0	1025.0	0.6666666666666666
85861	308	0	5	0.7625	226.8	1134.0	0.3333333333333333
85862	159	0	5	0.39	78.4	392.0	0.0
85863	178	0	5	0.4375	172.4	862.0	0.0
85864	241	0	5	0.595	199.4	997.0	0.6666666666666666
85865	123	0	5	0.3	97.8	489.0	0.3333333333333333
85866	173	0	5	0.425	96.8	484.0	0.6666666666666666
85867	327	0	5	0.81	172.4	862.0	0.6666666666666666
85868	257	0	5	0.635	189.8	949.0	0.6666666666666666
85869	134	0	5	0.3275	132.0	660.0	0.0
85870	26	0	5	0.0575	24.0	120.0	0.0
85871	235	1	4	0.585	113.4	567.0	1.0
85872	202	1	4	0.5025	113.6	568.0	1.0
85873	290	0	5	0.7175	136.8	684.0	0.6666666666666666
85874	347	0	5	0.86	156.6	783.0	0.6666666666666666
85875	396	0	5	0.9825	248.6	1243.0	0.6666666666666666
85876	292	1	4	0.7275	110.6	553.0	1.0
85877	294	1	4	0.7325	164.4	822.0	1.0
85878	61	0	5	0.145	59.0	295.0	0.0
85879	173	0	5	0.425	124.2	621.0	0.3333333333333333
85880	253	0	5	0.625	229.8	1149.0	0.3333333333333333
85881	228	0	5	0.5625	172.0	860.0	0.6666666666666666
85882	276	0	5	0.6825	138.4	692.0	0.3333333333333333
85883	378	1	4	0.9425	228.4	1142.0	1.0
85884	9	0	5	0.015	7.0	35.0	0.0
85885	293	0	5	0.725	92.2	461.0	0.6666666666666666
85886	189	0	5	0.465	141.4	707.0	0.0
85887	215	0	5	0.53	111.0	555.0	0.3333333333333333
85888	208	0	5	0.5125	118.4	592.0	0.6666666666666666
85889	359	0	5	0.89	218.6	1093.0	0.6666666666666666
85890	132	0	5	0.3225	130.0	650.0	0.0
85891	372	0	5	0.9225	76.4	382.0	0.6666666666666666
85892	223	0	5	0.55	117.2	586.0	0.6666666666666666
85893	62	0	5	0.1475	60.0	300.0	0.0
85894	186	0	5	0.4575	87.2	436.0	0.6666666666666666
85895	195	0	5	0.48	193.0	965.0	0.3333333333333333
85896	380	0	5	0.9425	252.0	1260.0	0.6666666666666666
85897	183	0	5	0.45	134.6	673.0	0.3333333333333333
85898	326	0	5	0.8075	111.0	555.0	0.3333333333333333
85899	125	0	5	0.305	123.0	615.0	0.0
85900	333	0	5	0.825	149.4	747.0	0.3333333333333333
85901	138	0	5	0.3375	103.8	519.0	0.3333333333333333
85902	16	0	5	0.0325	14.0	70.0	0.0
85903	144	0	5	0.3525	142.0	710.0	0.0
85904	110	0	5	0.2675	98.2	491.0	0.3333333333333333
85905	209	0	5	0.515	193.8	969.0	0.0
85906	161	0	5	0.395	44.6	223.0	0.6666666666666666
85907	374	0	5	0.9275	289.8	1449.0	0.6666666666666666
85908	131	0	5	0.32	118.4	592.0	0.0
85909	45	0	5	0.105	43.0	215.0	0.0
85910	245	0	5	0.605	211.8	1059.0	0.3333333333333333
85911	231	0	5	0.57	229.0	1145.0	0.0
85912	259	0	5	0.64	101.8	509.0	0.6666666666666666
85913	336	0	5	0.8325	189.0	945.0	0.6666666666666666
85914	148	0	5	0.3625	88.4	442.0	0.3333333333333333
85915	156	0	5	0.3825	154.0	770.0	0.0
85916	97	0	5	0.235	75.8	379.0	0.0
85917	87	0	5	0.21	70.0	350.0	0.3333333333333333
85918	371	0	5	0.92	260.2	1301.0	0.6666666666666666
85919	170	0	5	0.4175	127.6	638.0	0.3333333333333333
85920	193	0	5	0.475	119.0	595.0	0.3333333333333333
85921	306	0	5	0.7575	187.6	938.0	0.3333333333333333
85922	279	0	5	0.69	112.0	560.0	0.3333333333333333
85923	16	0	5	0.0325	14.0	70.0	0.0
85924	261	0	5	0.645	104.8	524.0	0.3333333333333333
85925	199	0	5	0.49	106.6	533.0	0.6666666666666666
85926	226	0	5	0.5575	202.0	1010.0	0.3333333333333333
85927	76	0	5	0.1825	71.2	356.0	0.3333333333333333
85928	113	0	5	0.275	95.4	477.0	0.3333333333333333
85929	41	0	5	0.095	31.0	155.0	0.3333333333333333
85930	15	0	5	0.03	13.0	65.0	0.0
85931	149	1	4	0.37	78.6	393.0	1.0
85932	284	0	5	0.7025	273.4	1367.0	0.3333333333333333
85933	163	0	5	0.4	126.4	632.0	0.3333333333333333
85934	393	1	4	0.98	366.4	1832.0	1.0
85935	263	0	5	0.65	95.2	476.0	0.6666666666666666
85936	367	0	5	0.91	232.2	1161.0	0.6666666666666666
85937	331	1	3	0.825	266.4	1332.0	1.0
85938	196	0	5	0.4825	118.0	590.0	0.3333333333333333
85939	40	0	5	0.0925	33.2	166.0	0.0
85940	147	0	5	0.36	100.2	501.0	0.6666666666666666
85941	218	0	5	0.5375	195.0	975.0	0.3333333333333333
85942	183	0	5	0.45	133.0	665.0	0.6666666666666666
85943	92	0	5	0.2225	37.2	186.0	0.0
85944	10	0	5	0.0175	8.0	40.0	0.0
85945	279	0	5	0.69	277.0	1385.0	0.3333333333333333
85946	363	1	4	0.905	90.6	453.0	1.0
85947	98	0	5	0.2375	67.6	338.0	0.3333333333333333
85948	197	0	5	0.485	153.2	766.0	0.3333333333333333
85949	142	0	5	0.3475	123.2	616.0	0.3333333333333333
85950	212	0	5	0.5225	204.0	1020.0	0.3333333333333333
85951	149	0	5	0.365	61.4	307.0	0.3333333333333333
85952	61	0	5	0.145	19.0	95.0	0.3333333333333333
85953	280	0	5	0.6925	190.2	951.0	0.0
85954	270	1	4	0.6725	220.4	1102.0	1.0
85955	92	0	5	0.2225	58.0	290.0	0.3333333333333333
85956	183	0	5	0.45	125.8	629.0	0.6666666666666666
85957	132	0	5	0.3225	70.4	352.0	0.3333333333333333
85958	113	0	5	0.275	25.4	127.0	0.3333333333333333
85959	208	0	5	0.5125	48.4	242.0	0.3333333333333333
85960	267	0	5	0.66	147.4	737.0	0.3333333333333333
85961	157	0	5	0.385	38.8	194.0	0.6666666666666666
85962	396	0	5	0.9825	214.0	1070.0	0.6666666666666666
85963	224	0	5	0.5525	100.8	504.0	0.3333333333333333
85964	55	0	5	0.13	53.0	265.0	0.0
85965	146	0	5	0.3575	143.6	718.0	0.0
85966	220	0	5	0.5425	207.2	1036.0	0.3333333333333333
85967	187	0	5	0.46	131.4	657.0	0.3333333333333333
85968	183	0	5	0.45	105.8	529.0	0.3333333333333333
85969	271	1	4	0.675	182.4	912.0	1.0
85970	309	0	5	0.765	176.2	881.0	0.6666666666666666
85971	167	0	5	0.41	95.4	477.0	0.3333333333333333
85972	199	0	5	0.49	117.0	585.0	0.3333333333333333
85973	232	0	5	0.5725	118.6	593.0	0.6666666666666666
85974	165	0	5	0.405	76.4	382.0	0.3333333333333333
85975	351	0	5	0.87	218.8	1094.0	0.6666666666666666
85976	231	0	5	0.57	133.0	665.0	0.6666666666666666
85977	342	0	5	0.8475	290.0	1450.0	0.0
85978	279	0	5	0.69	151.4	757.0	0.3333333333333333
85979	259	0	5	0.64	79.4	397.0	0.6666666666666666
85980	118	0	5	0.2875	116.0	580.0	0.0
85981	92	0	5	0.2225	68.8	344.0	0.6666666666666666
85982	48	0	5	0.1125	37.6	188.0	0.3333333333333333
85983	289	0	5	0.715	140.8	704.0	0.3333333333333333
85984	155	0	5	0.38	153.0	765.0	0.0
85985	313	0	5	0.775	159.8	799.0	0.6666666666666666
85986	312	0	5	0.7725	84.4	422.0	0.3333333333333333
85987	190	0	5	0.4675	166.0	830.0	0.3333333333333333
85988	116	0	5	0.2825	93.4	467.0	0.3333333333333333
85989	166	0	5	0.4075	114.0	570.0	0.6666666666666666
85990	116	0	5	0.2825	114.0	570.0	0.0
85991	302	0	5	0.7475	124.2	621.0	0.6666666666666666
85992	297	0	5	0.735	224.0	1120.0	0.6666666666666666
85993	144	0	5	0.3525	79.6	398.0	0.3333333333333333
85994	194	0	5	0.4775	88.0	440.0	0.3333333333333333
85995	97	0	5	0.235	48.6	243.0	0.3333333333333333
85996	270	0	5	0.6675	190.2	951.0	0.0
85997	358	1	4	0.8925	161.8	809.0	1.0
85998	203	0	5	0.5	138.8	694.0	0.3333333333333333
85999	357	0	5	0.885	140.8	704.0	0.3333333333333333
86000	224	1	4	0.5575	60.6	303.0	1.0
86001	362	0	5	0.8975	252.0	1260.0	0.6666666666666666
86002	288	0	5	0.7125	269.6	1348.0	0.3333333333333333
86003	199	0	5	0.49	197.0	985.0	0.0
86004	190	0	5	0.4675	65.6	328.0	0.6666666666666666
86005	332	0	5	0.8225	122.0	610.0	0.3333333333333333
86006	347	0	5	0.86	309.6	1548.0	0.0
86007	360	0	5	0.8925	147.6	738.0	0.6666666666666666
86008	354	0	5	0.8775	236.4	1182.0	0.6666666666666666
86009	159	0	5	0.39	116.6	583.0	0.3333333333333333
86010	400	0	5	0.9925	135.0	675.0	0.6666666666666666
86011	155	0	5	0.38	108.6	543.0	0.0
86012	394	1	4	0.9825	146.0	730.0	1.0
86013	283	0	5	0.7	170.8	854.0	0.6666666666666666
86014	351	0	5	0.87	189.4	947.0	0.6666666666666666
86015	203	0	5	0.5	184.0	920.0	0.3333333333333333
86016	341	1	4	0.85	128.6	643.0	1.0
86017	354	0	5	0.8775	160.6	803.0	0.0
86018	8	0	5	0.0125	6.0	30.0	0.0
86019	225	0	5	0.555	204.2	1021.0	0.3333333333333333
86020	355	0	5	0.88	156.2	781.0	0.6666666666666666
86021	150	0	5	0.3675	91.8	459.0	0.3333333333333333
86022	398	0	5	0.9875	248.8	1244.0	0.6666666666666666
86023	380	0	5	0.9425	118.0	590.0	0.6666666666666666
86024	115	0	5	0.28	89.8	449.0	0.3333333333333333
86025	35	0	5	0.08	33.0	165.0	0.0
86026	229	0	5	0.565	131.0	655.0	0.3333333333333333
86027	235	1	4	0.585	123.0	615.0	1.0
86028	76	1	4	0.1875	46.0	230.0	1.0
86029	255	1	4	0.635	61.4	307.0	1.0
86030	64	0	5	0.1525	52.8	264.0	0.0
86031	111	0	5	0.27	75.4	377.0	0.3333333333333333
86032	332	0	5	0.8225	253.0	1265.0	0.6666666666666666
86033	51	0	5	0.12	31.4	157.0	0.3333333333333333
86034	393	0	5	0.975	266.2	1331.0	0.3333333333333333
86035	354	1	4	0.8825	225.6	1128.0	1.0
86036	39	0	5	0.09	36.0	180.0	0.3333333333333333
86037	131	0	5	0.32	129.0	645.0	0.0
86038	170	0	5	0.4175	97.6	488.0	0.6666666666666666
86039	317	0	5	0.785	296.8	1484.0	0.6666666666666666
86040	79	0	5	0.19	67.8	339.0	0.0
86041	71	0	5	0.17	31.6	158.0	0.3333333333333333
86042	300	0	5	0.7425	230.6	1153.0	0.6666666666666666
86043	290	0	5	0.7175	64.0	320.0	0.3333333333333333
86044	4	0	5	0.0025	2.0	10.0	0.0
86045	107	0	5	0.26	55.8	279.0	0.0
86046	63	0	5	0.15	50.8	254.0	0.0
86047	283	0	5	0.7	243.2	1216.0	0.0
86048	80	0	5	0.1925	78.0	390.0	0.3333333333333333
86049	263	1	4	0.655	177.0	885.0	1.0
86050	259	0	5	0.64	195.8	979.0	0.3333333333333333
86051	196	0	5	0.4825	93.2	466.0	0.6666666666666666
86052	11	0	5	0.02	9.0	45.0	0.0
86053	336	0	5	0.8325	215.2	1076.0	0.6666666666666666
86054	300	0	5	0.7425	180.4	902.0	0.0
86055	37	0	5	0.085	19.8	99.0	0.3333333333333333
86056	22	0	5	0.0475	20.0	100.0	0.0
86057	45	0	5	0.105	34.8	174.0	0.0
86058	112	0	5	0.2725	90.8	454.0	0.0
86059	115	0	5	0.28	113.0	565.0	0.0
86060	184	0	5	0.4525	114.8	574.0	0.3333333333333333
86061	267	0	5	0.66	239.8	1199.0	0.3333333333333333
86062	124	0	5	0.3025	59.0	295.0	0.3333333333333333
86063	143	1	4	0.355	107.4	537.0	1.0
86064	237	0	5	0.585	200.2	1001.0	0.6666666666666666
86065	84	0	5	0.2025	26.8	134.0	0.3333333333333333
86066	26	0	5	0.0575	12.0	60.0	0.0
86067	335	0	5	0.83	99.6	498.0	0.3333333333333333
86068	342	0	5	0.8475	222.2	1111.0	0.6666666666666666
86069	179	0	5	0.44	177.0	885.0	0.0
86070	87	0	5	0.21	85.0	425.0	0.0
86071	187	0	5	0.46	119.6	598.0	0.3333333333333333
86072	345	0	5	0.855	332.4	1662.0	0.0
86073	390	0	5	0.9675	209.2	1046.0	0.6666666666666666
86074	246	0	5	0.6075	228.0	1140.0	0.3333333333333333
86075	265	0	5	0.655	211.8	1059.0	0.3333333333333333
86076	248	0	5	0.6125	239.4	1197.0	0.0
86077	236	1	4	0.5875	106.8	534.0	1.0
86078	24	0	5	0.0525	22.0	110.0	0.0
86079	101	0	5	0.245	91.6	458.0	0.3333333333333333
86080	373	0	5	0.925	110.0	550.0	0.6666666666666666
86081	17	0	5	0.035	10.6	53.0	0.3333333333333333
86082	99	0	5	0.24	73.0	365.0	0.3333333333333333
86083	200	0	5	0.4925	118.8	594.0	0.3333333333333333
86084	246	0	5	0.6075	228.2	1141.0	0.0
86085	138	0	5	0.3375	75.6	378.0	0.0
86086	6	0	5	0.0075	3.2	16.0	0.3333333333333333
86087	6	0	5	0.0075	4.0	20.0	0.0
86088	226	0	5	0.5575	146.0	730.0	0.6666666666666666
86089	137	0	5	0.335	117.4	587.0	0.0
86090	152	0	5	0.3725	96.4	482.0	0.3333333333333333
86091	163	0	5	0.4	114.6	573.0	0.3333333333333333
86092	152	0	5	0.3725	98.4	492.0	0.3333333333333333
86093	138	0	5	0.3375	97.2	486.0	0.3333333333333333
86094	239	0	5	0.59	119.2	596.0	0.0
86095	212	0	5	0.5225	146.8	734.0	0.6666666666666666
86096	182	0	5	0.4475	104.8	524.0	0.0
86097	213	0	5	0.525	52.6	263.0	0.3333333333333333
86098	207	0	5	0.51	137.2	686.0	0.6666666666666666
86099	137	0	5	0.335	98.2	491.0	0.3333333333333333
86100	306	0	5	0.7575	127.2	636.0	0.6666666666666666
86101	279	0	5	0.69	121.6	608.0	0.6666666666666666
86102	61	0	5	0.145	59.0	295.0	0.0
86103	80	0	5	0.1925	78.0	390.0	0.0
86104	319	0	5	0.79	168.0	840.0	0.6666666666666666
86105	179	0	5	0.44	136.2	681.0	0.3333333333333333
86106	146	0	5	0.3575	137.6	688.0	0.0
86107	77	0	5	0.185	75.0	375.0	0.0
86108	106	0	5	0.2575	99.2	496.0	0.0
86109	279	0	5	0.69	172.8	864.0	0.3333333333333333
86110	185	0	5	0.455	93.0	465.0	0.3333333333333333
86111	200	0	5	0.4925	163.6	818.0	0.3333333333333333
86112	117	0	5	0.285	82.8	414.0	0.3333333333333333
86113	120	0	5	0.2925	70.8	354.0	0.3333333333333333
86114	150	0	5	0.3675	90.4	452.0	0.6666666666666666
86115	21	0	5	0.045	19.0	95.0	0.0
86116	347	0	5	0.86	260.6	1303.0	0.3333333333333333
86117	286	0	5	0.7075	99.8	499.0	0.6666666666666666
86118	113	0	5	0.275	101.8	509.0	0.3333333333333333
86119	386	0	5	0.9575	175.2	876.0	0.6666666666666666
86120	201	0	5	0.495	120.8	604.0	0.6666666666666666
86121	276	1	4	0.6875	149.6	748.0	1.0
86122	302	0	5	0.7475	247.6	1238.0	0.3333333333333333
86123	343	1	4	0.855	150.2	751.0	1.0
86124	300	0	5	0.7425	228.4	1142.0	0.6666666666666666
86125	293	0	5	0.725	148.6	743.0	0.3333333333333333
86126	208	0	5	0.5125	92.4	462.0	0.0
86127	127	0	5	0.31	77.0	385.0	0.3333333333333333
86128	252	0	5	0.6225	152.8	764.0	0.3333333333333333
86129	294	0	5	0.7275	120.8	604.0	0.6666666666666666
86130	309	0	5	0.765	190.8	954.0	0.6666666666666666
86131	217	0	5	0.535	160.6	803.0	0.3333333333333333
86132	290	0	5	0.7175	106.8	534.0	0.3333333333333333
86133	194	1	4	0.4825	51.6	258.0	1.0
86134	10	0	5	0.0175	8.0	40.0	0.0
86135	51	0	5	0.12	49.0	245.0	0.0
86136	85	0	5	0.205	83.0	415.0	0.0
86137	67	0	5	0.16	56.2	281.0	0.0
86138	226	0	5	0.5575	159.8	799.0	0.3333333333333333
86139	282	0	5	0.6975	78.4	392.0	0.6666666666666666
86140	24	0	5	0.0525	22.0	110.0	0.0
86141	141	0	5	0.345	130.0	650.0	0.0
86142	297	0	5	0.735	82.0	410.0	0.3333333333333333
86143	250	0	5	0.6175	167.6	838.0	0.6666666666666666
86144	219	0	5	0.54	120.6	603.0	0.3333333333333333
86145	368	0	5	0.9125	158.0	790.0	0.6666666666666666
86146	220	0	5	0.5425	188.2	941.0	0.6666666666666666
86147	313	1	4	0.78	161.8	809.0	1.0
86148	314	0	5	0.7775	222.4	1112.0	0.3333333333333333
86149	148	0	5	0.3625	131.8	659.0	0.3333333333333333
86150	391	0	5	0.97	224.2	1121.0	0.6666666666666666
86151	87	0	5	0.21	85.0	425.0	0.3333333333333333
86152	279	0	5	0.69	260.2	1301.0	0.3333333333333333
86153	231	1	4	0.575	187.2	936.0	1.0
86154	360	1	4	0.8975	76.0	380.0	1.0
86155	234	0	5	0.5775	74.0	370.0	0.3333333333333333
86156	213	0	5	0.525	185.4	927.0	0.0
86157	378	0	5	0.9375	288.8	1444.0	0.3333333333333333
86158	130	0	5	0.3175	128.0	640.0	0.3333333333333333
86159	317	0	5	0.785	182.4	912.0	0.6666666666666666
86160	150	0	5	0.3675	60.8	304.0	0.6666666666666666
86161	173	0	5	0.425	133.4	667.0	0.3333333333333333
86162	200	0	5	0.4925	113.6	568.0	0.3333333333333333
86163	281	0	5	0.695	255.6	1278.0	0.3333333333333333
86164	295	0	5	0.73	184.4	922.0	0.3333333333333333
86165	401	0	4	0.9975	211.6	1058.0	0.6666666666666666
86166	283	0	5	0.7	156.2	781.0	0.6666666666666666
86167	12	0	5	0.0225	10.0	50.0	0.0
86168	395	0	5	0.98	234.0	1170.0	0.6666666666666666
86169	136	0	5	0.3325	111.8	559.0	0.3333333333333333
86170	39	0	5	0.09	22.8	114.0	0.3333333333333333
86171	279	0	5	0.69	195.4	977.0	0.6666666666666666
86172	309	0	5	0.765	249.8	1249.0	0.3333333333333333
86173	13	0	5	0.025	11.0	55.0	0.0
86174	61	0	5	0.145	35.8	179.0	0.3333333333333333
86175	367	0	5	0.91	323.8	1619.0	0.3333333333333333
86176	148	0	5	0.3625	132.0	660.0	0.3333333333333333
86177	19	0	5	0.04	17.0	85.0	0.0
86178	208	0	5	0.5125	87.6	438.0	0.3333333333333333
86179	66	0	5	0.1575	64.0	320.0	0.0
86180	319	1	4	0.795	197.8	989.0	1.0
86181	121	0	5	0.295	82.0	410.0	0.3333333333333333
86182	158	0	5	0.3875	92.4	462.0	0.3333333333333333
86183	227	0	5	0.56	118.6	593.0	0.3333333333333333
86184	97	0	5	0.235	40.6	203.0	0.3333333333333333
86185	296	0	5	0.7325	205.0	1025.0	0.6666666666666666
86186	290	0	5	0.7175	231.4	1157.0	0.6666666666666666
86187	364	0	5	0.9025	232.4	1162.0	0.6666666666666666
86188	374	0	5	0.9275	191.6	958.0	0.6666666666666666
86189	100	0	5	0.2425	74.0	370.0	0.3333333333333333
86190	35	0	5	0.08	21.8	109.0	0.3333333333333333
86191	160	0	5	0.3925	85.4	427.0	0.6666666666666666
86192	358	0	5	0.8875	249.8	1249.0	0.3333333333333333
86193	258	0	5	0.6375	136.0	680.0	0.6666666666666666
86194	296	1	4	0.7375	111.2	556.0	1.0
86195	165	0	5	0.405	150.2	751.0	0.0
86196	355	1	4	0.885	209.8	1049.0	1.0
86197	273	0	5	0.675	130.0	650.0	0.3333333333333333
86198	239	0	5	0.59	127.4	637.0	0.6666666666666666
86199	66	0	5	0.1575	64.0	320.0	0.0
86200	137	0	5	0.335	130.2	651.0	0.0
86201	17	0	5	0.035	15.0	75.0	0.0
86202	183	0	5	0.45	151.2	756.0	0.3333333333333333
86203	166	0	5	0.4075	41.8	209.0	0.6666666666666666
86204	80	0	5	0.1925	78.0	390.0	0.0
86205	289	0	5	0.715	188.0	940.0	0.3333333333333333
86206	109	0	5	0.265	67.0	335.0	0.3333333333333333
86207	396	0	5	0.9825	154.8	774.0	0.6666666666666666
86208	256	0	5	0.6325	179.4	897.0	0.0
86209	352	0	5	0.8725	220.8	1104.0	0.3333333333333333
86210	229	1	4	0.57	142.2	711.0	1.0
86211	138	0	5	0.3375	73.2	366.0	0.3333333333333333
86212	98	0	5	0.2375	20.8	104.0	0.3333333333333333
86213	27	0	5	0.06	20.2	101.0	0.3333333333333333
86214	280	0	5	0.6925	182.6	913.0	0.3333333333333333
86215	64	0	5	0.1525	44.8	224.0	0.0
86216	58	0	5	0.1375	48.4	242.0	0.3333333333333333
86217	323	1	3	0.805	213.4	1067.0	1.0
86218	132	0	5	0.3225	130.0	650.0	0.0
86219	81	0	5	0.195	71.0	355.0	0.3333333333333333
86220	302	0	5	0.7475	185.2	926.0	0.3333333333333333
86221	265	0	5	0.655	236.6	1183.0	0.0
86222	124	0	5	0.3025	87.6	438.0	0.3333333333333333
86223	4	0	5	0.0025	2.0	10.0	0.0
86224	97	0	5	0.235	39.2	196.0	0.3333333333333333
86225	253	0	5	0.625	251.0	1255.0	0.3333333333333333
86226	139	0	5	0.34	122.6	613.0	0.3333333333333333
86227	193	0	5	0.475	164.2	821.0	0.3333333333333333
86228	289	0	5	0.715	180.6	903.0	0.3333333333333333
86229	332	0	5	0.8225	161.4	807.0	0.6666666666666666
86230	111	0	5	0.27	91.6	458.0	0.3333333333333333
86231	218	0	5	0.5375	180.2	901.0	0.0
86232	303	0	5	0.75	134.8	674.0	0.3333333333333333
86233	356	1	4	0.8875	118.6	593.0	1.0
86234	166	0	5	0.4075	128.8	644.0	0.3333333333333333
86235	161	0	5	0.395	91.8	459.0	0.3333333333333333
86236	213	0	5	0.525	103.0	515.0	0.6666666666666666
86237	175	0	5	0.43	157.8	789.0	0.3333333333333333
86238	332	0	5	0.8225	192.6	963.0	0.6666666666666666
86239	120	0	5	0.2925	118.0	590.0	0.0
86240	357	1	3	0.89	186.0	930.0	1.0
86241	207	0	5	0.51	134.6	673.0	0.6666666666666666
86242	64	0	5	0.1525	62.0	310.0	0.0
86243	265	0	5	0.655	171.6	858.0	0.6666666666666666
86244	314	0	5	0.7775	108.8	544.0	0.6666666666666666
86245	213	0	5	0.525	180.6	903.0	0.3333333333333333
86246	58	0	5	0.1375	56.0	280.0	0.0
86247	313	0	5	0.775	147.0	735.0	0.3333333333333333
86248	62	0	5	0.1475	44.0	220.0	0.3333333333333333
86249	122	0	5	0.2975	96.4	482.0	0.3333333333333333
86250	148	0	5	0.3625	35.6	178.0	0.6666666666666666
86251	207	0	5	0.51	205.0	1025.0	0.3333333333333333
86252	154	0	5	0.3775	144.4	722.0	0.0
86253	174	0	5	0.4275	171.4	857.0	0.3333333333333333
86254	257	0	5	0.635	144.2	721.0	0.3333333333333333
86255	161	0	5	0.395	159.0	795.0	0.3333333333333333
86256	135	0	5	0.33	109.4	547.0	0.0
86257	146	0	5	0.3575	119.6	598.0	0.3333333333333333
86258	255	0	5	0.63	177.4	887.0	0.6666666666666666
86259	121	0	5	0.295	118.6	593.0	0.3333333333333333
86260	160	0	5	0.3925	143.2	716.0	0.6666666666666666
86261	282	0	5	0.6975	111.6	558.0	0.3333333333333333
86262	266	1	4	0.6625	132.4	662.0	1.0
86263	92	0	5	0.2225	86.2	431.0	0.0
86264	218	0	5	0.5375	106.6	533.0	0.6666666666666666
86265	38	0	5	0.0875	34.4	172.0	0.0
86266	244	0	5	0.6025	172.8	864.0	0.3333333333333333
86267	344	0	5	0.8525	277.2	1386.0	0.3333333333333333
86268	329	0	5	0.815	275.4	1377.0	0.3333333333333333
86269	24	0	5	0.0525	22.0	110.0	0.0
86270	393	1	4	0.98	149.0	745.0	1.0
86271	362	0	5	0.8975	148.2	741.0	0.3333333333333333
86272	84	0	5	0.2025	48.4	242.0	0.6666666666666666
86273	188	1	4	0.4675	41.6	208.0	1.0
86274	159	0	5	0.39	120.4	602.0	0.3333333333333333
86275	290	0	5	0.7175	199.2	996.0	0.0
86276	158	0	5	0.3875	126.2	631.0	0.3333333333333333
86277	243	0	5	0.6	71.4	357.0	0.6666666666666666
86278	270	0	5	0.6675	191.8	959.0	0.6666666666666666
86279	196	0	5	0.4825	133.8	669.0	0.3333333333333333
86280	367	0	5	0.91	163.4	817.0	0.3333333333333333
86281	252	0	5	0.6225	201.8	1009.0	0.3333333333333333
86282	190	0	5	0.4675	134.0	670.0	0.3333333333333333
86283	263	1	4	0.655	219.4	1097.0	1.0
86284	11	0	5	0.02	9.0	45.0	0.0
86285	277	0	5	0.685	153.4	767.0	0.6666666666666666
86286	180	0	5	0.4425	152.0	760.0	0.3333333333333333
86287	338	0	5	0.8375	129.0	645.0	0.6666666666666666
86288	120	0	5	0.2925	98.8	494.0	0.3333333333333333
86289	202	0	5	0.4975	52.8	264.0	0.3333333333333333
86290	354	1	4	0.8825	167.6	838.0	1.0
86291	387	0	5	0.96	178.8	894.0	0.6666666666666666
86292	12	0	5	0.0225	10.0	50.0	0.0
86293	313	0	5	0.775	252.0	1260.0	0.3333333333333333
86294	238	0	5	0.5875	192.0	960.0	0.6666666666666666
86295	328	1	4	0.8175	117.6	588.0	1.0
86296	397	0	5	0.985	168.0	840.0	0.6666666666666666
86297	363	1	4	0.905	136.6	683.0	1.0
86298	220	0	5	0.5425	64.4	322.0	0.3333333333333333
86299	283	0	5	0.7	87.4	437.0	0.6666666666666666
86300	161	0	5	0.395	83.8	419.0	0.3333333333333333
86301	188	0	5	0.4625	152.0	760.0	0.3333333333333333
86302	391	0	5	0.97	265.8	1329.0	0.6666666666666666
86303	321	0	5	0.795	153.4	767.0	0.6666666666666666
86304	247	0	5	0.61	219.0	1095.0	0.0
86305	20	0	5	0.0425	15.6	78.0	0.3333333333333333
86306	153	0	5	0.375	51.6	258.0	0.3333333333333333
86307	278	0	5	0.6875	110.4	552.0	0.0
86308	302	0	5	0.7475	164.4	822.0	0.6666666666666666
86309	304	0	5	0.7525	194.0	970.0	0.6666666666666666
86310	186	0	5	0.4575	79.0	395.0	0.6666666666666666
86311	156	0	5	0.3825	146.0	730.0	0.3333333333333333
86312	62	0	5	0.1475	60.0	300.0	0.0
86313	339	0	5	0.84	81.8	409.0	0.6666666666666666
86314	73	0	5	0.175	36.6	183.0	0.3333333333333333
86315	125	0	5	0.305	74.2	371.0	0.3333333333333333
86316	120	0	5	0.2925	70.6	353.0	0.3333333333333333
86317	187	0	5	0.46	131.8	659.0	0.3333333333333333
86318	297	0	5	0.735	242.2	1211.0	0.3333333333333333
86319	181	0	5	0.445	99.8	499.0	0.3333333333333333
86320	104	0	5	0.2525	64.6	323.0	0.6666666666666666
86321	102	0	5	0.2475	100.0	500.0	0.0
86322	374	0	5	0.9275	158.8	794.0	0.6666666666666666
86323	20	0	5	0.0425	18.0	90.0	0.0
86324	290	0	5	0.7175	65.6	328.0	0.6666666666666666
86325	193	0	5	0.475	138.2	691.0	0.3333333333333333
86326	191	0	5	0.47	97.6	488.0	0.3333333333333333
86327	137	0	5	0.335	81.4	407.0	0.3333333333333333
86328	360	0	5	0.8925	235.4	1177.0	0.6666666666666666
86329	159	0	5	0.39	105.6	528.0	0.3333333333333333
86330	294	0	5	0.7275	91.6	458.0	0.6666666666666666
86331	378	0	5	0.9375	140.2	701.0	0.6666666666666666
86332	114	0	5	0.2775	64.4	322.0	0.6666666666666666
86333	98	0	5	0.2375	65.2	326.0	0.3333333333333333
86334	372	0	5	0.9225	184.2	921.0	0.6666666666666666
86335	7	0	5	0.01	5.0	25.0	0.0
86336	247	0	5	0.61	101.8	509.0	0.3333333333333333
86337	247	0	5	0.61	131.4	657.0	0.3333333333333333
86338	321	0	5	0.795	275.8	1379.0	0.6666666666666666
86339	74	0	5	0.1775	54.2	271.0	0.0
86340	173	0	5	0.425	105.0	525.0	0.3333333333333333
86341	62	0	5	0.1475	50.6	253.0	0.3333333333333333
86342	257	0	5	0.635	156.8	784.0	0.3333333333333333
86343	347	0	5	0.86	269.4	1347.0	0.6666666666666666
86344	322	0	5	0.7975	78.0	390.0	0.6666666666666666
86345	301	0	5	0.745	217.4	1087.0	0.3333333333333333
86346	354	0	5	0.8775	289.8	1449.0	0.3333333333333333
86347	169	0	5	0.415	152.2	761.0	0.0
86348	119	0	5	0.29	100.0	500.0	0.3333333333333333
86349	323	0	5	0.8	190.6	953.0	0.6666666666666666
86350	226	0	5	0.5575	85.2	426.0	0.3333333333333333
86351	154	0	5	0.3775	152.0	760.0	0.0
86352	52	0	5	0.1225	40.8	204.0	0.0
86353	220	0	5	0.5425	143.6	718.0	0.6666666666666666
86354	70	0	5	0.1675	68.0	340.0	0.0
86355	345	0	5	0.855	293.2	1466.0	0.6666666666666666
86356	385	0	5	0.955	223.8	1119.0	0.6666666666666666
86357	326	1	4	0.8125	73.6	368.0	1.0
86358	70	0	5	0.1675	42.2	211.0	0.0
86359	107	0	5	0.26	83.4	417.0	0.0
86360	346	0	5	0.8575	145.6	728.0	0.3333333333333333
86361	319	0	5	0.79	246.0	1230.0	0.3333333333333333
86362	243	0	5	0.6	133.4	667.0	0.6666666666666666
86363	320	1	4	0.7975	132.4	662.0	1.0
86364	291	0	5	0.72	113.4	567.0	0.6666666666666666
86365	25	0	5	0.055	23.0	115.0	0.0
86366	378	0	5	0.9375	159.2	796.0	0.6666666666666666
86367	364	0	5	0.9025	85.4	427.0	0.6666666666666666
86368	274	0	5	0.6775	238.4	1192.0	0.0
86369	117	0	5	0.285	104.6	523.0	0.3333333333333333
86370	250	0	5	0.6175	200.0	1000.0	0.3333333333333333
86371	277	0	5	0.685	163.4	817.0	0.3333333333333333
86372	170	0	5	0.4175	40.8	204.0	0.6666666666666666
86373	189	0	5	0.465	74.8	374.0	0.0
86374	108	0	5	0.2625	106.0	530.0	0.0
86375	128	1	4	0.3175	83.0	415.0	1.0
86376	161	0	5	0.395	82.8	414.0	0.3333333333333333
86377	188	0	5	0.4625	186.0	930.0	0.3333333333333333
86378	45	0	5	0.105	43.0	215.0	0.0
86379	174	0	5	0.4275	85.0	425.0	0.3333333333333333
86380	42	0	5	0.0975	40.0	200.0	0.0
86381	231	0	5	0.57	191.8	959.0	0.3333333333333333
86382	150	0	5	0.3675	148.0	740.0	0.0
86383	190	0	5	0.4675	136.4	682.0	0.3333333333333333
86384	151	0	5	0.37	136.2	681.0	0.6666666666666666
86385	131	0	5	0.32	116.6	583.0	0.0
86386	281	0	5	0.695	145.6	728.0	0.6666666666666666
86387	21	0	5	0.045	19.0	95.0	0.0
86388	395	1	4	0.985	176.6	883.0	1.0
86389	154	0	5	0.3775	96.4	482.0	0.3333333333333333
86390	306	0	5	0.7575	304.0	1520.0	0.0
86391	157	1	4	0.39	100.0	500.0	1.0
86392	267	0	5	0.66	189.0	945.0	0.3333333333333333
86393	319	0	5	0.79	112.6	563.0	0.6666666666666666
86394	54	0	5	0.1275	52.0	260.0	0.0
86395	340	0	5	0.8425	230.4	1152.0	0.3333333333333333
86396	357	0	5	0.885	136.0	680.0	0.6666666666666666
86397	65	0	5	0.155	59.2	296.0	0.3333333333333333
86398	51	0	5	0.12	37.0	185.0	0.3333333333333333
86399	3	0	5	0.0025	0.2	1.0	0.3333333333333333
86400	66	0	5	0.1575	64.0	320.0	0.0
86401	205	0	5	0.505	148.6	743.0	0.3333333333333333
86402	147	0	5	0.36	145.0	725.0	0.0
86403	229	0	5	0.565	151.0	755.0	0.3333333333333333
86404	258	0	5	0.6375	134.8	674.0	0.3333333333333333
86405	218	0	5	0.5375	208.8	1044.0	0.3333333333333333
86406	220	0	5	0.5425	149.6	748.0	0.3333333333333333
86407	226	0	5	0.5575	83.4	417.0	0.3333333333333333
86408	48	0	5	0.1125	19.2	96.0	0.6666666666666666
86409	65	0	5	0.155	50.2	251.0	0.3333333333333333
86410	59	0	5	0.14	21.8	109.0	0.3333333333333333
86411	126	0	5	0.3075	124.0	620.0	0.0
86412	394	0	5	0.9775	152.4	762.0	0.6666666666666666
86413	201	0	5	0.495	145.8	729.0	0.3333333333333333
86414	336	0	5	0.8325	86.8	434.0	0.3333333333333333
86415	147	0	5	0.36	77.4	387.0	0.3333333333333333
86416	234	0	5	0.5775	177.2	886.0	0.3333333333333333
86417	31	0	5	0.07	29.0	145.0	0.0
86418	222	0	5	0.5475	215.2	1076.0	0.3333333333333333
86419	56	0	5	0.1325	28.8	144.0	0.3333333333333333
86420	111	0	5	0.27	81.0	405.0	0.0
86421	93	0	5	0.225	53.8	269.0	0.0
86422	22	0	5	0.0475	8.4	42.0	0.3333333333333333
86423	107	0	5	0.26	105.0	525.0	0.3333333333333333
86424	178	0	5	0.4375	69.2	346.0	0.6666666666666666
86425	77	0	5	0.185	45.8	229.0	0.0
86426	18	0	5	0.0375	12.4	62.0	0.0
86427	267	0	5	0.66	232.6	1163.0	0.3333333333333333
86428	219	0	5	0.54	217.0	1085.0	0.3333333333333333
86429	121	0	5	0.295	104.0	520.0	0.3333333333333333
86430	319	0	5	0.79	112.2	561.0	0.3333333333333333
86431	340	0	5	0.8425	195.4	977.0	0.3333333333333333
86432	155	0	5	0.38	153.0	765.0	0.0
86433	395	0	5	0.98	298.2	1491.0	0.6666666666666666
86434	367	0	5	0.91	248.6	1243.0	0.6666666666666666
86435	325	1	4	0.81	92.2	461.0	1.0
86436	331	0	5	0.82	166.2	831.0	0.3333333333333333
86437	122	0	5	0.2975	120.0	600.0	0.0
86438	288	0	5	0.7125	107.6	538.0	0.3333333333333333
86439	139	0	5	0.34	44.2	221.0	0.6666666666666666
86440	191	0	5	0.47	106.2	531.0	0.0
86441	84	0	5	0.2025	34.4	172.0	0.3333333333333333
86442	22	0	5	0.0475	19.4	97.0	0.3333333333333333
86443	227	0	5	0.56	141.6	708.0	0.3333333333333333
86444	347	0	5	0.86	100.8	504.0	0.6666666666666666
86445	148	0	5	0.3625	89.0	445.0	0.3333333333333333
86446	374	1	4	0.9325	130.8	654.0	1.0
86447	79	0	5	0.19	77.0	385.0	0.0
86448	275	0	5	0.68	153.8	769.0	0.6666666666666666
86449	397	0	5	0.985	242.8	1214.0	0.6666666666666666
86450	196	0	5	0.4825	47.6	238.0	0.6666666666666666
86451	315	0	5	0.78	259.0	1295.0	0.3333333333333333
86452	30	0	5	0.0675	28.0	140.0	0.0
86453	277	0	5	0.685	162.2	811.0	0.3333333333333333
86454	268	0	5	0.6625	227.8	1139.0	0.6666666666666666
86455	199	0	5	0.49	149.2	746.0	0.3333333333333333
86456	277	1	4	0.69	114.6	573.0	1.0
86457	393	0	5	0.975	189.6	948.0	0.6666666666666666
86458	210	1	4	0.5225	53.8	269.0	1.0
86459	232	1	4	0.5775	144.6	723.0	1.0
86460	228	0	5	0.5625	110.0	550.0	0.3333333333333333
86461	104	0	5	0.2525	71.2	356.0	0.3333333333333333
86462	190	0	5	0.4675	188.0	940.0	0.0
86463	269	0	5	0.665	201.6	1008.0	0.6666666666666666
86464	389	0	5	0.965	137.6	688.0	0.6666666666666666
86465	220	0	5	0.5425	183.6	918.0	0.3333333333333333
86466	36	0	5	0.0825	28.0	140.0	0.0
86467	11	0	5	0.02	9.0	45.0	0.0
86468	256	0	5	0.6325	158.2	791.0	0.6666666666666666
86469	15	0	5	0.03	13.0	65.0	0.0
86470	165	0	5	0.405	102.2	511.0	0.3333333333333333
86471	213	0	5	0.525	92.2	461.0	0.6666666666666666
86472	245	0	5	0.605	115.0	575.0	0.3333333333333333
86473	79	0	5	0.19	77.0	385.0	0.0
86474	178	1	4	0.4425	131.4	657.0	1.0
86475	77	0	5	0.185	52.2	261.0	0.3333333333333333
86476	348	0	5	0.8625	170.8	854.0	0.3333333333333333
86477	323	0	5	0.8	166.8	834.0	0.6666666666666666
86478	189	0	5	0.465	174.4	872.0	0.0
86479	185	1	4	0.46	122.2	611.0	1.0
86480	323	1	3	0.805	243.0	1215.0	1.0
86481	390	1	4	0.9725	156.4	782.0	1.0
86482	285	0	5	0.705	166.6	833.0	0.3333333333333333
86483	37	0	5	0.085	35.0	175.0	0.0
86484	232	0	5	0.5725	131.2	656.0	0.3333333333333333
86485	49	0	5	0.115	36.2	181.0	0.3333333333333333
86486	98	0	5	0.2375	82.0	410.0	0.3333333333333333
86487	161	0	5	0.395	49.4	247.0	0.6666666666666666
86488	222	0	5	0.5475	128.8	644.0	0.3333333333333333
86489	60	0	5	0.1425	58.0	290.0	0.0
86490	282	0	5	0.6975	206.4	1032.0	0.6666666666666666
86491	179	0	5	0.44	53.8	269.0	0.3333333333333333
86492	49	0	5	0.115	47.0	235.0	0.0
86493	174	0	5	0.4275	112.0	560.0	0.3333333333333333
86494	82	0	5	0.1975	80.0	400.0	0.0
86495	193	0	5	0.475	117.6	588.0	0.6666666666666666
86496	192	0	5	0.4725	186.8	934.0	0.3333333333333333
86497	243	0	5	0.6	175.8	879.0	0.3333333333333333
86498	381	0	5	0.945	198.4	992.0	0.6666666666666666
86499	224	0	5	0.5525	107.4	537.0	0.6666666666666666
86500	72	0	5	0.1725	63.6	318.0	0.0
86501	193	0	5	0.475	93.8	469.0	0.3333333333333333
86502	363	0	5	0.9	267.4	1337.0	0.6666666666666666
86503	220	0	5	0.5425	111.6	558.0	0.3333333333333333
86504	249	0	5	0.615	140.2	701.0	0.6666666666666666
86505	334	0	5	0.8275	315.6	1578.0	0.3333333333333333
86506	310	0	5	0.7675	308.0	1540.0	0.0
86507	379	0	5	0.94	115.4	577.0	0.6666666666666666
86508	175	0	5	0.43	129.4	647.0	0.3333333333333333
86509	171	0	5	0.42	143.0	715.0	0.6666666666666666
86510	134	0	5	0.3275	68.0	340.0	0.3333333333333333
86511	96	0	5	0.2325	94.0	470.0	0.0
86512	209	0	5	0.515	77.4	387.0	0.3333333333333333
86513	146	0	5	0.3575	121.2	606.0	0.6666666666666666
86514	223	0	5	0.55	163.8	819.0	0.0
86515	117	0	5	0.285	93.0	465.0	0.3333333333333333
86516	164	0	5	0.4025	52.4	262.0	0.0
86517	275	0	5	0.68	135.8	679.0	0.6666666666666666
86518	15	0	5	0.03	9.8	49.0	0.3333333333333333
86519	105	0	5	0.255	81.4	407.0	0.0
86520	195	0	5	0.48	181.6	908.0	0.3333333333333333
86521	53	0	5	0.125	51.0	255.0	0.0
86522	294	0	5	0.7275	155.6	778.0	0.3333333333333333
86523	130	0	5	0.3175	119.2	596.0	0.3333333333333333
86524	342	1	4	0.8525	198.0	990.0	1.0
86525	284	0	5	0.7025	189.2	946.0	0.6666666666666666
86526	391	0	5	0.97	154.0	770.0	0.6666666666666666
86527	333	1	4	0.83	180.2	901.0	1.0
86528	41	0	5	0.095	39.0	195.0	0.0
86529	187	0	5	0.46	100.0	500.0	0.0
86530	257	0	5	0.635	148.4	742.0	0.3333333333333333
86531	305	0	5	0.755	214.8	1074.0	0.3333333333333333
86532	341	1	4	0.85	248.6	1243.0	1.0
86533	291	1	4	0.725	184.4	922.0	1.0
86534	368	0	5	0.9125	325.2	1626.0	0.3333333333333333
86535	145	0	5	0.355	143.0	715.0	0.3333333333333333
86536	300	0	5	0.7425	232.8	1164.0	0.3333333333333333
86537	234	0	5	0.5775	211.0	1055.0	0.6666666666666666
86538	293	0	5	0.725	181.4	907.0	0.6666666666666666
86539	44	0	5	0.1025	25.4	127.0	0.3333333333333333
86540	162	0	5	0.3975	131.0	655.0	0.0
86541	399	0	5	0.99	220.2	1101.0	0.6666666666666666
86542	335	0	5	0.83	94.8	474.0	0.6666666666666666
86543	316	1	4	0.7875	77.6	388.0	1.0
86544	299	0	5	0.74	230.0	1150.0	0.6666666666666666
86545	399	0	5	0.99	209.8	1049.0	0.6666666666666666
86546	192	0	5	0.4725	151.2	756.0	0.6666666666666666
86547	159	0	5	0.39	154.8	774.0	0.3333333333333333
86548	65	0	5	0.155	43.2	216.0	0.0
86549	165	0	5	0.405	99.4	497.0	0.3333333333333333
86550	315	0	5	0.78	171.4	857.0	0.3333333333333333
86551	43	0	5	0.1	41.0	205.0	0.0
86552	380	0	5	0.9425	299.0	1495.0	0.3333333333333333
86553	303	0	5	0.75	190.6	953.0	0.3333333333333333
86554	54	0	5	0.1275	45.2	226.0	0.0
86555	398	1	4	0.9925	255.6	1278.0	1.0
86556	209	1	4	0.52	142.8	714.0	1.0
86557	85	0	5	0.205	55.0	275.0	0.3333333333333333
86558	250	0	5	0.6175	142.0	710.0	0.3333333333333333
86559	261	1	4	0.65	85.8	429.0	1.0
86560	53	0	5	0.125	51.0	255.0	0.0
86561	315	0	5	0.78	226.8	1134.0	0.6666666666666666
86562	186	0	5	0.4575	184.0	920.0	0.0
86563	401	0	5	0.995	259.8	1299.0	0.6666666666666666
86564	191	0	5	0.47	189.0	945.0	0.0
86565	80	0	5	0.1925	78.0	390.0	0.0
86566	310	0	5	0.7675	220.4	1102.0	0.6666666666666666
86567	78	0	5	0.1875	62.0	310.0	0.0
86568	344	0	5	0.8525	284.0	1420.0	0.6666666666666666
86569	348	0	5	0.8625	184.4	922.0	0.6666666666666666
86570	47	0	5	0.11	41.4	207.0	0.0
86571	383	1	4	0.955	273.0	1365.0	1.0
86572	122	0	5	0.2975	97.4	487.0	0.0
86573	196	1	4	0.4875	139.0	695.0	1.0
86574	5	0	5	0.005	3.0	15.0	0.0
86575	240	0	5	0.5925	183.4	917.0	0.3333333333333333
86576	250	0	5	0.6175	205.6	1028.0	0.3333333333333333
86577	313	0	5	0.775	209.2	1046.0	0.6666666666666666
86578	190	0	5	0.4675	178.4	892.0	0.0
86579	11	0	5	0.02	9.0	45.0	0.0
86580	297	0	5	0.735	281.8	1409.0	0.3333333333333333
86581	79	0	5	0.19	77.0	385.0	0.0
86582	43	0	5	0.1	32.0	160.0	0.0
86583	366	0	5	0.9075	160.6	803.0	0.6666666666666666
86584	121	0	5	0.295	119.0	595.0	0.0
86585	93	0	5	0.225	61.8	309.0	0.0
86586	344	1	4	0.8575	139.2	696.0	1.0
86587	69	0	5	0.165	67.0	335.0	0.0
86588	190	0	5	0.4675	81.6	408.0	0.3333333333333333
86589	245	1	4	0.61	200.6	1003.0	1.0
86590	53	0	5	0.125	31.0	155.0	0.3333333333333333
86591	166	0	5	0.4075	118.4	592.0	0.6666666666666666
86592	306	1	4	0.7625	87.6	438.0	1.0
86593	243	0	5	0.6	134.2	671.0	0.0
86594	12	0	5	0.0225	10.0	50.0	0.0
86595	128	0	5	0.3125	80.6	403.0	0.3333333333333333
86596	319	0	5	0.79	309.0	1545.0	0.6666666666666666
86597	210	1	4	0.5225	197.0	985.0	1.0
86598	260	1	4	0.6475	227.2	1136.0	1.0
86599	106	0	5	0.2575	93.2	466.0	0.0
86600	342	0	5	0.8475	119.6	598.0	0.6666666666666666
86601	73	0	5	0.175	20.6	103.0	0.0
86602	181	0	5	0.445	124.4	622.0	0.0
86603	207	0	5	0.51	112.6	563.0	0.6666666666666666
86604	132	0	5	0.3225	75.4	377.0	0.3333333333333333
86605	78	0	5	0.1875	76.0	380.0	0.0
86606	149	0	5	0.365	59.2	296.0	0.3333333333333333
86607	162	0	5	0.3975	126.2	631.0	0.3333333333333333
86608	301	0	5	0.745	148.6	743.0	0.6666666666666666
86609	352	0	5	0.8725	332.8	1664.0	0.6666666666666666
86610	239	0	5	0.59	108.4	542.0	0.6666666666666666
86611	10	0	5	0.0175	8.0	40.0	0.0
86612	220	1	4	0.5475	71.0	355.0	1.0
86613	358	0	5	0.8875	154.0	770.0	0.3333333333333333
86614	340	0	5	0.8425	231.8	1159.0	0.6666666666666666
86615	209	0	5	0.515	160.8	804.0	0.6666666666666666
86616	380	1	4	0.9475	164.2	821.0	1.0
86617	165	0	5	0.405	37.4	187.0	0.3333333333333333
86618	334	0	5	0.8275	200.4	1002.0	0.6666666666666666
86619	71	0	5	0.17	61.8	309.0	0.3333333333333333
86620	360	0	5	0.8925	132.4	662.0	0.6666666666666666
86621	342	0	5	0.8475	251.8	1259.0	0.6666666666666666
86622	175	0	5	0.43	173.0	865.0	0.0
86623	205	0	5	0.505	128.6	643.0	0.6666666666666666
86624	265	0	5	0.655	180.8	904.0	0.6666666666666666
86625	13	0	5	0.025	11.0	55.0	0.3333333333333333
86626	197	0	5	0.485	79.8	399.0	0.3333333333333333
86627	320	0	5	0.7925	230.4	1152.0	0.6666666666666666
86628	148	0	5	0.3625	116.4	582.0	0.3333333333333333
86629	207	0	5	0.51	185.4	927.0	0.0
86630	82	0	5	0.1975	80.0	400.0	0.0
86631	362	0	5	0.8975	239.8	1199.0	0.6666666666666666
86632	75	0	5	0.18	54.6	273.0	0.6666666666666666
86633	397	0	5	0.985	197.8	989.0	0.6666666666666666
86634	83	0	5	0.2	81.0	405.0	0.0
86635	51	0	5	0.12	49.0	245.0	0.0
86636	28	0	5	0.0625	26.0	130.0	0.0
86637	202	1	4	0.5025	112.0	560.0	1.0
86638	226	0	5	0.5575	181.2	906.0	0.0
86639	244	1	4	0.6075	149.6	748.0	1.0
86640	219	0	5	0.54	127.2	636.0	0.6666666666666666
86641	171	0	5	0.42	110.4	552.0	0.0
86642	162	0	5	0.3975	49.0	245.0	0.3333333333333333
86643	272	0	5	0.6725	86.8	434.0	0.3333333333333333
86644	354	0	5	0.8775	266.4	1332.0	0.6666666666666666
86645	224	0	5	0.5525	215.8	1079.0	0.0
86646	102	0	5	0.2475	100.0	500.0	0.0
86647	186	0	5	0.4575	109.8	549.0	0.3333333333333333
86648	340	0	5	0.8425	207.8	1039.0	0.6666666666666666
86649	394	0	5	0.9775	266.4	1332.0	0.6666666666666666
86650	140	0	5	0.3425	138.0	690.0	0.0
86651	325	0	5	0.805	242.4	1212.0	0.6666666666666666
86652	301	0	5	0.745	239.6	1198.0	0.3333333333333333
86653	139	0	5	0.34	82.2	411.0	0.0
86654	354	1	4	0.8825	245.4	1227.0	1.0
86655	321	0	5	0.795	183.4	917.0	0.6666666666666666
86656	145	0	5	0.355	92.2	461.0	0.3333333333333333
86657	248	0	5	0.6125	154.6	773.0	0.3333333333333333
86658	230	0	5	0.5675	105.2	526.0	0.6666666666666666
86659	15	0	5	0.03	13.0	65.0	0.0
86660	176	0	5	0.4325	154.2	771.0	0.3333333333333333
86661	120	0	5	0.2925	86.8	434.0	0.0
86662	223	0	5	0.55	85.4	427.0	0.6666666666666666
86663	117	0	5	0.285	115.0	575.0	0.0
86664	381	1	4	0.95	85.0	425.0	1.0
86665	88	0	5	0.2125	57.2	286.0	0.0
86666	50	0	5	0.1175	24.8	124.0	0.3333333333333333
86667	130	0	5	0.3175	118.8	594.0	0.0
86668	319	0	5	0.79	254.6	1273.0	0.6666666666666666
86669	315	0	5	0.78	215.2	1076.0	0.3333333333333333
86670	389	0	5	0.965	163.8	819.0	0.6666666666666666
86671	258	0	5	0.6375	130.8	654.0	0.3333333333333333
86672	67	0	5	0.16	62.6	313.0	0.3333333333333333
86673	48	0	5	0.1125	37.2	186.0	0.0
86674	332	0	5	0.8225	178.0	890.0	0.6666666666666666
86675	156	0	5	0.3825	122.0	610.0	0.0
86676	133	0	5	0.325	131.0	655.0	0.0
86677	314	0	5	0.7775	109.2	546.0	0.6666666666666666
86678	317	0	5	0.785	221.6	1108.0	0.3333333333333333
86679	119	0	5	0.29	117.0	585.0	0.0
86680	313	0	5	0.775	151.0	755.0	0.3333333333333333
86681	310	0	5	0.7675	201.4	1007.0	0.6666666666666666
86682	9	0	5	0.015	7.0	35.0	0.0
86683	398	0	5	0.9875	229.2	1146.0	0.6666666666666666
86684	400	1	4	0.9975	314.4	1572.0	1.0
86685	198	0	5	0.4875	124.8	624.0	0.3333333333333333
86686	307	1	4	0.765	164.6	823.0	1.0
86687	170	0	5	0.4175	129.6	648.0	0.3333333333333333
86688	5	0	5	0.005	3.0	15.0	0.0
86689	35	0	5	0.08	29.0	145.0	0.3333333333333333
86690	72	0	5	0.1725	70.0	350.0	0.0
86691	6	0	5	0.0075	4.0	20.0	0.0
86692	351	0	5	0.87	130.0	650.0	0.6666666666666666
86693	217	0	5	0.535	212.2	1061.0	0.6666666666666666
86694	190	0	5	0.4675	132.2	661.0	0.3333333333333333
86695	42	0	5	0.0975	40.0	200.0	0.0
86696	255	0	5	0.63	124.8	624.0	0.3333333333333333
86697	216	0	5	0.5325	208.4	1042.0	0.3333333333333333
86698	294	0	5	0.7275	228.0	1140.0	0.3333333333333333
86699	354	1	4	0.8825	306.4	1532.0	1.0
86700	394	0	5	0.9775	258.4	1292.0	0.6666666666666666
86701	177	1	4	0.44	113.0	565.0	1.0
86702	298	0	5	0.7375	231.0	1155.0	0.6666666666666666
86703	239	0	5	0.59	169.2	846.0	0.3333333333333333
86704	9	0	5	0.015	7.0	35.0	0.0
86705	116	0	5	0.2825	90.0	450.0	0.3333333333333333
86706	8	0	5	0.0125	6.0	30.0	0.0
86707	245	0	5	0.605	149.6	748.0	0.0
86708	369	0	5	0.915	181.0	905.0	0.6666666666666666
86709	368	1	4	0.9175	303.4	1517.0	1.0
86710	12	0	5	0.0225	10.0	50.0	0.0
86711	361	0	5	0.895	244.6	1223.0	0.3333333333333333
86712	78	0	5	0.1875	76.0	380.0	0.0
86713	162	0	5	0.3975	80.0	400.0	0.3333333333333333
86714	199	0	5	0.49	90.2	451.0	0.0
86715	357	0	5	0.885	174.4	872.0	0.6666666666666666
86716	14	0	5	0.0275	12.0	60.0	0.0
86717	354	1	4	0.8825	208.6	1043.0	1.0
86718	108	0	5	0.2625	86.8	434.0	0.0
86719	276	0	5	0.6825	201.0	1005.0	0.6666666666666666
86720	123	0	5	0.3	121.0	605.0	0.3333333333333333
86721	263	0	5	0.65	211.4	1057.0	0.0
86722	245	0	5	0.605	193.2	966.0	0.3333333333333333
86723	162	0	5	0.3975	136.2	681.0	0.0
86724	198	0	5	0.4875	115.2	576.0	0.3333333333333333
86725	20	0	5	0.0425	18.0	90.0	0.0
86726	314	0	5	0.7775	273.8	1369.0	0.3333333333333333
86727	48	0	5	0.1125	40.0	200.0	0.3333333333333333
86728	122	1	4	0.3025	56.0	280.0	1.0
86729	149	0	5	0.365	96.2	481.0	0.0
86730	61	0	5	0.145	59.0	295.0	0.3333333333333333
86731	125	1	4	0.31	101.8	509.0	1.0
86732	92	0	5	0.2225	61.8	309.0	0.3333333333333333
86733	226	0	5	0.5575	208.0	1040.0	0.3333333333333333
86734	299	0	5	0.74	147.0	735.0	0.0
86735	301	1	4	0.75	177.8	889.0	1.0
86736	226	0	5	0.5575	131.6	658.0	0.3333333333333333
86737	326	1	4	0.8125	231.4	1157.0	1.0
86738	350	0	5	0.8675	226.2	1131.0	0.0
86739	10	0	5	0.0175	8.0	40.0	0.0
86740	376	1	4	0.9375	266.0	1330.0	1.0
86741	114	0	5	0.2775	32.6	163.0	0.3333333333333333
86742	89	0	5	0.215	57.4	287.0	0.0
86743	234	0	5	0.5775	136.4	682.0	0.6666666666666666
86744	305	0	5	0.755	242.2	1211.0	0.6666666666666666
86745	293	0	5	0.725	201.8	1009.0	0.3333333333333333
86746	211	0	5	0.52	148.6	743.0	0.3333333333333333
86747	225	0	5	0.555	117.4	587.0	0.3333333333333333
86748	385	0	5	0.955	164.4	822.0	0.6666666666666666
86749	131	0	5	0.32	126.6	633.0	0.3333333333333333
86750	155	0	5	0.38	126.2	631.0	0.3333333333333333
86751	35	0	5	0.08	33.0	165.0	0.0
86752	274	0	5	0.6775	197.2	986.0	0.3333333333333333
86753	83	0	5	0.2	76.6	383.0	0.0
86754	167	0	5	0.41	144.2	721.0	0.3333333333333333
86755	132	0	5	0.3225	72.4	362.0	0.6666666666666666
86756	299	0	5	0.74	185.4	927.0	0.3333333333333333
86757	243	0	5	0.6	111.2	556.0	0.3333333333333333
86758	207	0	5	0.51	203.4	1017.0	0.0
86759	302	0	5	0.7475	159.8	799.0	0.3333333333333333
86760	365	0	5	0.905	279.0	1395.0	0.3333333333333333
86761	333	0	5	0.825	113.4	567.0	0.6666666666666666
86762	3	0	5	0.0025	0.2	1.0	0.3333333333333333
86763	216	0	5	0.5325	214.0	1070.0	0.0
86764	229	1	4	0.57	200.0	1000.0	1.0
86765	30	0	5	0.0675	16.0	80.0	0.3333333333333333
86766	380	0	5	0.9425	200.2	1001.0	0.3333333333333333
86767	256	0	5	0.6325	95.2	476.0	0.6666666666666666
86768	223	0	5	0.55	102.6	513.0	0.3333333333333333
86769	47	0	5	0.11	39.0	195.0	0.6666666666666666
86770	27	0	5	0.06	25.0	125.0	0.0
86771	90	0	5	0.2175	64.0	320.0	0.0
86772	259	1	4	0.645	135.8	679.0	1.0
86773	41	0	5	0.095	39.0	195.0	0.0
86774	231	0	5	0.57	173.0	865.0	0.3333333333333333
86775	345	0	5	0.855	206.8	1034.0	0.6666666666666666
86776	52	0	5	0.1225	44.8	224.0	0.3333333333333333
86777	250	0	5	0.6175	168.8	844.0	0.3333333333333333
86778	221	0	5	0.545	175.0	875.0	0.6666666666666666
86779	357	0	5	0.885	206.2	1031.0	0.6666666666666666
86780	350	1	4	0.8725	105.4	527.0	1.0
86781	47	0	5	0.11	45.0	225.0	0.0
86782	361	1	4	0.9	221.2	1106.0	1.0
86783	377	0	5	0.935	310.8	1554.0	0.6666666666666666
86784	322	1	4	0.8025	152.2	761.0	1.0
86785	62	0	5	0.1475	60.0	300.0	0.0
86786	82	0	5	0.1975	76.2	381.0	0.3333333333333333
86787	64	0	5	0.1525	62.0	310.0	0.0
86788	80	0	5	0.1925	78.0	390.0	0.0
86789	87	0	5	0.21	75.4	377.0	0.3333333333333333
86790	345	0	5	0.855	283.2	1416.0	0.3333333333333333
86791	149	0	5	0.365	147.0	735.0	0.0
86792	256	0	5	0.6325	88.0	440.0	0.3333333333333333
86793	281	0	5	0.695	229.6	1148.0	0.6666666666666666
86794	162	0	5	0.3975	112.4	562.0	0.3333333333333333
86795	347	0	5	0.86	184.8	924.0	0.0
86796	252	0	5	0.6225	164.2	821.0	0.3333333333333333
86797	94	0	5	0.2275	92.0	460.0	0.0
86798	339	0	5	0.84	281.2	1406.0	0.3333333333333333
86799	151	0	5	0.37	123.4	617.0	0.3333333333333333
86800	288	0	5	0.7125	158.6	793.0	0.3333333333333333
86801	22	0	5	0.0475	20.0	100.0	0.0
86802	2	0	5	0.0	0.0	0.0	0.0
86803	187	1	4	0.465	130.8	654.0	1.0
86804	388	0	5	0.9625	270.8	1354.0	0.3333333333333333
86805	159	1	4	0.395	92.6	463.0	1.0
86806	263	0	5	0.65	101.8	509.0	0.3333333333333333
86807	225	0	5	0.555	121.8	609.0	0.3333333333333333
86808	20	0	5	0.0425	18.0	90.0	0.0
86809	97	0	5	0.235	95.0	475.0	0.0
86810	83	0	5	0.2	32.2	161.0	0.6666666666666666
86811	185	0	5	0.455	86.0	430.0	0.3333333333333333
86812	183	0	5	0.45	119.4	597.0	0.6666666666666666
86813	290	0	5	0.7175	91.2	456.0	0.6666666666666666
86814	248	0	5	0.6125	135.0	675.0	0.0
86815	177	0	5	0.435	136.0	680.0	0.0
86816	313	0	5	0.775	227.2	1136.0	0.0
86817	301	0	5	0.745	62.2	311.0	0.3333333333333333
86818	284	0	5	0.7025	129.4	647.0	0.6666666666666666
86819	155	0	5	0.38	138.6	693.0	0.0
86820	205	1	4	0.51	104.8	524.0	1.0
86821	62	0	5	0.1475	60.0	300.0	0.0
86822	82	0	5	0.1975	34.4	172.0	0.3333333333333333
86823	92	0	5	0.2225	75.8	379.0	0.3333333333333333
86824	222	0	5	0.5475	153.0	765.0	0.3333333333333333
86825	201	0	5	0.495	103.8	519.0	0.3333333333333333
86826	273	0	5	0.675	87.0	435.0	0.6666666666666666
86827	288	0	5	0.7125	182.2	911.0	0.3333333333333333
86828	120	0	5	0.2925	101.2	506.0	0.3333333333333333
86829	12	0	5	0.0225	10.0	50.0	0.0
86830	314	0	5	0.7775	185.8	929.0	0.3333333333333333
86831	288	1	4	0.7175	143.2	716.0	1.0
86832	119	0	5	0.29	94.8	474.0	0.3333333333333333
86833	301	0	5	0.745	209.4	1047.0	0.6666666666666666
86834	106	0	5	0.2575	92.4	462.0	0.3333333333333333
86835	109	0	5	0.265	83.0	415.0	0.3333333333333333
86836	64	0	5	0.1525	52.2	261.0	0.3333333333333333
86837	242	0	5	0.5975	96.8	484.0	0.3333333333333333
86838	196	0	5	0.4825	130.0	650.0	0.3333333333333333
86839	348	0	5	0.8625	343.0	1715.0	0.0
86840	137	0	5	0.335	68.2	341.0	0.6666666666666666
86841	55	0	5	0.13	40.6	203.0	0.3333333333333333
86842	226	1	4	0.5625	153.6	768.0	1.0
86843	372	0	5	0.9225	162.8	814.0	0.3333333333333333
86844	137	0	5	0.335	135.0	675.0	0.0
86845	84	0	5	0.2025	53.4	267.0	0.6666666666666666
86846	120	0	5	0.2925	62.6	313.0	0.6666666666666666
86847	138	0	5	0.3375	103.6	518.0	0.3333333333333333
86848	272	0	5	0.6725	197.8	989.0	0.6666666666666666
86849	63	0	5	0.15	61.0	305.0	0.0
86850	323	0	5	0.8	149.8	749.0	0.6666666666666666
86851	252	0	5	0.6225	154.8	774.0	0.6666666666666666
86852	274	0	5	0.6775	134.0	670.0	0.0
86853	46	0	5	0.1075	12.0	60.0	0.3333333333333333
86854	119	0	5	0.29	111.8	559.0	0.0
86855	213	0	5	0.525	168.6	843.0	0.3333333333333333
86856	53	0	5	0.125	51.0	255.0	0.0
86857	33	0	5	0.075	31.0	155.0	0.0
86858	238	0	5	0.5875	182.4	912.0	0.6666666666666666
86859	376	0	5	0.9325	306.2	1531.0	0.6666666666666666
86860	142	0	5	0.3475	71.8	359.0	0.3333333333333333
86861	327	0	5	0.81	161.4	807.0	0.6666666666666666
86862	40	0	5	0.0925	38.0	190.0	0.0
86863	22	0	5	0.0475	20.0	100.0	0.0
86864	302	0	5	0.7475	147.0	735.0	0.3333333333333333
86865	265	0	5	0.655	117.0	585.0	0.3333333333333333
86866	188	0	5	0.4625	148.4	742.0	0.3333333333333333
86867	303	0	5	0.75	171.0	855.0	0.3333333333333333
86868	399	0	5	0.99	252.4	1262.0	0.6666666666666666
86869	204	0	5	0.5025	105.8	529.0	0.3333333333333333
86870	16	0	5	0.0325	14.0	70.0	0.0
86871	124	0	5	0.3025	99.8	499.0	0.3333333333333333
86872	222	1	4	0.5525	48.4	242.0	1.0
86873	345	0	5	0.855	126.2	631.0	0.3333333333333333
86874	401	0	5	0.995	238.6	1193.0	0.6666666666666666
86875	359	0	5	0.89	86.6	433.0	0.6666666666666666
86876	77	0	5	0.185	72.0	360.0	0.3333333333333333
86877	397	1	4	0.99	284.2	1421.0	1.0
86878	286	0	5	0.7075	211.4	1057.0	0.3333333333333333
86879	227	1	4	0.565	171.8	859.0	1.0
86880	69	0	5	0.165	45.8	229.0	0.3333333333333333
86881	251	0	5	0.62	222.6	1113.0	0.3333333333333333
86882	335	1	4	0.835	160.4	802.0	1.0
86883	59	0	5	0.14	57.0	285.0	0.0
86884	336	0	5	0.8325	141.0	705.0	0.6666666666666666
86885	118	0	5	0.2875	116.0	580.0	0.0
86886	213	1	4	0.53	111.0	555.0	1.0
86887	267	1	4	0.665	222.6	1113.0	1.0
86888	288	0	5	0.7125	172.2	861.0	0.6666666666666666
86889	269	0	5	0.665	189.0	945.0	0.3333333333333333
86890	249	0	5	0.615	113.4	567.0	0.6666666666666666
86891	336	0	5	0.8325	204.8	1024.0	0.3333333333333333
86892	160	0	5	0.3925	116.0	580.0	0.0
86893	158	0	5	0.3875	69.6	348.0	0.0
86894	246	0	5	0.6075	78.8	394.0	0.3333333333333333
86895	176	0	5	0.4325	118.8	594.0	0.3333333333333333
86896	51	0	5	0.12	49.0	245.0	0.0
86897	140	0	5	0.3425	116.6	583.0	0.3333333333333333
86898	350	0	5	0.8675	252.4	1262.0	0.6666666666666666
86899	381	0	5	0.945	151.8	759.0	0.6666666666666666
86900	275	1	4	0.685	99.0	495.0	1.0
86901	92	0	5	0.2225	60.0	300.0	0.3333333333333333
86902	182	0	5	0.4475	160.0	800.0	0.3333333333333333
86903	264	0	5	0.6525	77.2	386.0	0.3333333333333333
86904	176	0	5	0.4325	94.8	474.0	0.6666666666666666
86905	227	0	5	0.56	150.0	750.0	0.6666666666666666
86906	93	0	5	0.225	68.4	342.0	0.3333333333333333
86907	317	1	4	0.79	96.2	481.0	1.0
86908	124	0	5	0.3025	116.8	584.0	0.0
86909	34	0	5	0.0775	18.8	94.0	0.0
86910	67	1	4	0.165	47.8	239.0	1.0
86911	135	1	4	0.335	77.4	387.0	1.0
86912	198	0	5	0.4875	60.0	300.0	0.6666666666666666
86913	313	0	5	0.775	109.4	547.0	0.3333333333333333
86914	82	0	5	0.1975	76.4	382.0	0.0
86915	304	1	4	0.7575	201.0	1005.0	1.0
86916	333	0	5	0.825	75.8	379.0	0.6666666666666666
86917	335	0	5	0.83	169.0	845.0	0.6666666666666666
86918	343	0	5	0.85	241.8	1209.0	0.6666666666666666
86919	83	0	5	0.2	76.6	383.0	0.3333333333333333
86920	378	0	5	0.9375	172.4	862.0	0.6666666666666666
86921	173	0	5	0.425	112.8	564.0	0.0
86922	292	0	5	0.7225	135.6	678.0	0.6666666666666666
86923	364	0	5	0.9025	251.4	1257.0	0.6666666666666666
86924	391	1	4	0.975	271.8	1359.0	1.0
86925	303	0	5	0.75	191.8	959.0	0.0
86926	90	0	5	0.2175	88.0	440.0	0.0
86927	360	0	5	0.8925	222.2	1111.0	0.6666666666666666
86928	129	0	5	0.315	110.0	550.0	0.3333333333333333
86929	230	0	5	0.5675	218.2	1091.0	0.3333333333333333
86930	143	0	5	0.35	141.0	705.0	0.3333333333333333
86931	90	1	4	0.2225	68.8	344.0	1.0
86932	87	0	5	0.21	85.0	425.0	0.0
86933	146	0	5	0.3575	111.2	556.0	0.3333333333333333
86934	160	0	5	0.3925	142.8	714.0	0.3333333333333333
86935	318	1	4	0.7925	89.2	446.0	1.0
86936	230	0	5	0.5675	124.8	624.0	0.3333333333333333
86937	309	0	5	0.765	216.0	1080.0	0.6666666666666666
86938	309	0	5	0.765	246.6	1233.0	0.3333333333333333
86939	236	0	5	0.5825	174.0	870.0	0.3333333333333333
86940	26	0	5	0.0575	24.0	120.0	0.0
86941	88	0	5	0.2125	86.0	430.0	0.0
86942	23	0	5	0.05	21.0	105.0	0.0
86943	235	0	5	0.58	127.0	635.0	0.6666666666666666
86944	47	0	5	0.11	45.0	225.0	0.0
86945	355	0	5	0.88	216.0	1080.0	0.6666666666666666
86946	171	0	5	0.42	121.8	609.0	0.0
86947	243	0	5	0.6	154.2	771.0	0.6666666666666666
86948	93	0	5	0.225	49.0	245.0	0.0
86949	196	0	5	0.4825	123.2	616.0	0.3333333333333333
86950	47	0	5	0.11	45.0	225.0	0.0
86951	401	0	4	0.9975	218.2	1091.0	0.6666666666666666
86952	239	0	5	0.59	174.8	874.0	0.6666666666666666
86953	389	0	5	0.965	197.4	987.0	0.6666666666666666
86954	240	0	5	0.5925	208.8	1044.0	0.0
86955	281	0	5	0.695	201.0	1005.0	0.3333333333333333
86956	126	0	5	0.3075	84.4	422.0	0.0
86957	172	0	5	0.4225	108.4	542.0	0.3333333333333333
86958	386	0	5	0.9575	229.0	1145.0	0.3333333333333333
86959	334	1	4	0.8325	153.2	766.0	1.0
86960	218	0	5	0.5375	170.6	853.0	0.3333333333333333
86961	378	0	5	0.9375	213.6	1068.0	0.6666666666666666
86962	255	0	5	0.63	165.0	825.0	0.6666666666666666
86963	252	0	5	0.6225	70.8	354.0	0.6666666666666666
86964	100	0	5	0.2425	95.6	478.0	0.3333333333333333
86965	313	1	4	0.78	278.0	1390.0	1.0
86966	244	0	5	0.6025	172.8	864.0	0.0
86967	100	0	5	0.2425	98.0	490.0	0.0
86968	64	0	5	0.1525	28.8	144.0	0.3333333333333333
86969	332	0	5	0.8225	144.6	723.0	0.3333333333333333
86970	161	0	5	0.395	146.2	731.0	0.0
86971	181	0	5	0.445	75.8	379.0	0.0
86972	289	1	4	0.72	194.4	972.0	1.0
86973	338	0	5	0.8375	110.8	554.0	0.6666666666666666
86974	279	0	5	0.69	141.4	707.0	0.6666666666666666
86975	188	0	5	0.4625	186.0	930.0	0.0
86976	267	0	5	0.66	123.4	617.0	0.3333333333333333
86977	184	0	5	0.4525	81.8	409.0	0.3333333333333333
86978	213	0	5	0.525	88.0	440.0	0.3333333333333333
86979	217	0	5	0.535	114.8	574.0	0.3333333333333333
86980	70	0	5	0.1675	53.6	268.0	0.6666666666666666
86981	249	0	5	0.615	200.8	1004.0	0.3333333333333333
86982	341	0	5	0.845	215.4	1077.0	0.6666666666666666
86983	168	0	5	0.4125	113.0	565.0	0.6666666666666666
86984	273	0	5	0.675	182.2	911.0	0.6666666666666666
86985	65	0	5	0.155	43.2	216.0	0.3333333333333333
86986	361	1	4	0.9	252.4	1262.0	1.0
86987	176	0	5	0.4325	152.2	761.0	0.3333333333333333
86988	151	1	4	0.375	134.8	674.0	1.0
86989	92	0	5	0.2225	90.0	450.0	0.0
86990	260	0	5	0.6425	196.0	980.0	0.0
86991	115	0	5	0.28	101.8	509.0	0.3333333333333333
86992	51	0	5	0.12	25.0	125.0	0.3333333333333333
86993	248	0	5	0.6125	120.0	600.0	0.6666666666666666
86994	283	1	4	0.705	249.8	1249.0	1.0
86995	387	0	5	0.96	104.2	521.0	0.6666666666666666
86996	250	1	4	0.6225	144.2	721.0	1.0
86997	344	0	5	0.8525	159.8	799.0	0.6666666666666666
86998	214	0	5	0.5275	190.4	952.0	0.6666666666666666
86999	80	0	5	0.1925	69.4	347.0	0.0
87000	113	0	5	0.275	111.0	555.0	0.0
87001	50	0	5	0.1175	46.4	232.0	0.3333333333333333
87002	269	0	5	0.665	129.8	649.0	0.3333333333333333
87003	131	0	5	0.32	100.4	502.0	0.3333333333333333
87004	111	0	5	0.27	109.0	545.0	0.0
87005	255	1	4	0.635	95.0	475.0	1.0
87006	182	1	4	0.4525	115.6	578.0	1.0
87007	136	0	5	0.3325	134.0	670.0	0.0
87008	136	1	4	0.3375	120.8	604.0	1.0
87009	161	0	5	0.395	96.0	480.0	0.3333333333333333
87010	203	0	5	0.5	162.8	814.0	0.3333333333333333
87011	318	1	4	0.7925	152.0	760.0	1.0
87012	84	0	5	0.2025	82.0	410.0	0.0
87013	101	0	5	0.245	75.0	375.0	0.3333333333333333
87014	291	0	5	0.72	135.4	677.0	0.3333333333333333
87015	337	1	3	0.84	318.4	1592.0	1.0
87016	291	0	5	0.72	195.8	979.0	0.6666666666666666
87017	156	0	5	0.3825	93.6	468.0	0.6666666666666666
87018	271	0	5	0.67	147.6	738.0	0.6666666666666666
87019	14	0	5	0.0275	8.8	44.0	0.3333333333333333
87020	350	0	5	0.8675	165.6	828.0	0.3333333333333333
87021	192	0	5	0.4725	84.0	420.0	0.3333333333333333
87022	314	0	5	0.7775	168.0	840.0	0.6666666666666666
87023	195	0	5	0.48	158.6	793.0	0.3333333333333333
87024	326	0	5	0.8075	265.8	1329.0	0.3333333333333333
87025	182	0	5	0.4475	79.0	395.0	0.3333333333333333
87026	176	1	4	0.4375	107.0	535.0	1.0
87027	115	0	5	0.28	91.4	457.0	0.3333333333333333
87028	49	0	5	0.115	35.4	177.0	0.3333333333333333
87029	195	0	5	0.48	155.8	779.0	0.3333333333333333
87030	258	0	5	0.6375	134.4	672.0	0.3333333333333333
87031	395	0	5	0.98	103.4	517.0	0.6666666666666666
87032	216	0	5	0.5325	153.8	769.0	0.3333333333333333
87033	128	0	5	0.3125	118.8	594.0	0.3333333333333333
87034	174	0	5	0.4275	141.0	705.0	0.3333333333333333
87035	182	0	5	0.4475	166.2	831.0	0.0
87036	242	0	5	0.5975	178.4	892.0	0.3333333333333333
87037	16	0	5	0.0325	11.2	56.0	0.0
87038	236	0	5	0.5825	101.2	506.0	0.6666666666666666
87039	48	0	5	0.1125	46.0	230.0	0.0
87040	10	0	5	0.0175	8.0	40.0	0.0
87041	382	1	4	0.9525	162.8	814.0	1.0
87042	99	0	5	0.24	71.0	355.0	0.0
87043	395	0	5	0.98	219.0	1095.0	0.6666666666666666
87044	82	0	5	0.1975	73.6	368.0	0.0
87045	50	0	5	0.1175	44.0	220.0	0.3333333333333333
87046	346	0	5	0.8575	95.2	476.0	0.6666666666666666
87047	285	0	5	0.705	169.8	849.0	0.6666666666666666
87048	374	0	5	0.9275	306.0	1530.0	0.6666666666666666
87049	275	0	5	0.68	257.4	1287.0	0.3333333333333333
87050	245	0	5	0.605	73.4	367.0	0.3333333333333333
87051	254	0	5	0.6275	88.6	443.0	0.3333333333333333
87052	282	1	4	0.7025	141.0	705.0	1.0
87053	314	1	4	0.7825	204.4	1022.0	1.0
87054	283	0	5	0.7	129.2	646.0	0.6666666666666666
87055	273	0	5	0.675	165.2	826.0	0.3333333333333333
87056	301	0	5	0.745	221.2	1106.0	0.6666666666666666
87057	154	0	5	0.3775	124.4	622.0	0.0
87058	126	0	5	0.3075	90.4	452.0	0.3333333333333333
87059	260	0	5	0.6425	197.2	986.0	0.0
87060	116	0	5	0.2825	70.0	350.0	0.6666666666666666
87061	99	0	5	0.24	96.8	484.0	0.0
87062	213	0	5	0.525	146.4	732.0	0.6666666666666666
87063	292	0	5	0.7225	220.6	1103.0	0.3333333333333333
87064	115	0	5	0.28	81.8	409.0	0.0
87065	269	0	5	0.665	78.2	391.0	0.3333333333333333
87066	344	0	5	0.8525	197.0	985.0	0.6666666666666666
87067	401	0	3	0.9975	235.0	1175.0	0.6666666666666666
87068	253	0	5	0.625	133.0	665.0	0.3333333333333333
87069	323	0	5	0.8	223.8	1119.0	0.6666666666666666
87070	138	0	5	0.3375	67.6	338.0	0.6666666666666666
87071	297	1	4	0.74	149.0	745.0	1.0
87072	96	0	5	0.2325	79.6	398.0	0.0
87073	83	0	5	0.2	81.0	405.0	0.0
87074	262	0	5	0.6475	118.0	590.0	0.6666666666666666
87075	389	1	4	0.97	224.0	1120.0	1.0
87076	234	1	4	0.5825	162.4	812.0	1.0
87077	383	0	5	0.95	117.0	585.0	0.6666666666666666
87078	389	1	4	0.97	142.0	710.0	1.0
87079	116	0	5	0.2825	111.2	556.0	0.0
87080	276	1	4	0.6875	151.2	756.0	1.0
87081	192	0	5	0.4725	155.4	777.0	0.0
87082	291	1	4	0.725	208.0	1040.0	1.0
87083	73	0	5	0.175	71.0	355.0	0.0
87084	77	0	5	0.185	57.0	285.0	0.3333333333333333
87085	391	0	5	0.97	268.6	1343.0	0.6666666666666666
87086	287	1	4	0.715	132.6	663.0	1.0
87087	182	0	5	0.4475	112.4	562.0	0.3333333333333333
87088	162	0	5	0.3975	146.2	731.0	0.3333333333333333
87089	68	0	5	0.1625	66.0	330.0	0.3333333333333333
87090	112	0	5	0.2725	63.2	316.0	0.3333333333333333
87091	318	0	5	0.7875	93.2	466.0	0.3333333333333333
87092	117	0	5	0.285	30.2	151.0	0.0
87093	52	0	5	0.1225	47.6	238.0	0.0
87094	111	0	5	0.27	71.0	355.0	0.3333333333333333
87095	24	0	5	0.0525	22.0	110.0	0.0
87096	229	0	5	0.565	102.2	511.0	0.3333333333333333
87097	365	0	5	0.905	363.0	1815.0	0.6666666666666666
87098	272	0	5	0.6725	112.4	562.0	0.3333333333333333
87099	381	1	4	0.95	227.6	1138.0	1.0
87100	237	0	5	0.585	161.4	807.0	0.3333333333333333
87101	259	0	5	0.64	176.2	881.0	0.3333333333333333
87102	24	0	5	0.0525	22.0	110.0	0.0
87103	354	1	4	0.8825	122.8	614.0	1.0
87104	359	1	4	0.895	291.0	1455.0	1.0
87105	212	0	5	0.5225	62.8	314.0	0.3333333333333333
87106	7	0	5	0.01	5.0	25.0	0.0
87107	294	0	5	0.7275	197.0	985.0	0.6666666666666666
87108	384	1	4	0.9575	162.6	813.0	1.0
87109	197	0	5	0.485	85.4	427.0	0.3333333333333333
87110	359	0	5	0.89	81.8	409.0	0.6666666666666666
87111	137	0	5	0.335	71.8	359.0	0.3333333333333333
87112	80	1	4	0.1975	72.0	360.0	1.0
87113	83	0	5	0.2	81.0	405.0	0.0
87114	283	0	5	0.7	138.6	693.0	0.3333333333333333
87115	162	0	5	0.3975	103.6	518.0	0.3333333333333333
87116	36	0	5	0.0825	21.2	106.0	0.0
87117	20	0	5	0.0425	6.8	34.0	0.3333333333333333
87118	157	0	5	0.385	103.8	519.0	0.3333333333333333
87119	272	0	5	0.6725	223.2	1116.0	0.3333333333333333
87120	190	0	5	0.4675	162.2	811.0	0.0
87121	247	0	5	0.61	116.0	580.0	0.6666666666666666
87122	132	0	5	0.3225	82.2	411.0	0.3333333333333333
87123	398	1	4	0.9925	160.8	804.0	1.0
87124	173	0	5	0.425	110.6	553.0	0.6666666666666666
87125	81	0	5	0.195	21.4	107.0	0.3333333333333333
87126	149	0	5	0.365	112.0	560.0	0.3333333333333333
87127	151	0	5	0.37	149.0	745.0	0.3333333333333333
87128	207	0	5	0.51	171.8	859.0	0.3333333333333333
87129	223	0	5	0.55	161.8	809.0	0.6666666666666666
87130	354	0	5	0.8775	169.2	846.0	0.6666666666666666
87131	234	0	5	0.5775	148.8	744.0	0.3333333333333333
87132	146	0	5	0.3575	131.4	657.0	0.3333333333333333
87133	164	0	5	0.4025	94.8	474.0	0.0
87134	216	0	5	0.5325	162.0	810.0	0.3333333333333333
87135	338	0	5	0.8375	238.8	1194.0	0.6666666666666666
87136	374	1	4	0.9325	139.2	696.0	1.0
87137	240	0	5	0.5925	124.8	624.0	0.6666666666666666
87138	195	0	5	0.48	166.2	831.0	0.0
87139	385	0	5	0.955	209.6	1048.0	0.6666666666666666
87140	133	0	5	0.325	82.2	411.0	0.6666666666666666
87141	193	0	5	0.475	89.0	445.0	0.3333333333333333
87142	137	0	5	0.335	113.4	567.0	0.0
87143	90	1	4	0.2225	65.6	328.0	1.0
87144	50	0	5	0.1175	42.6	213.0	0.3333333333333333
87145	178	0	5	0.4375	117.6	588.0	0.3333333333333333
87146	292	0	5	0.7225	214.8	1074.0	0.3333333333333333
87147	18	0	5	0.0375	16.0	80.0	0.0
87148	169	1	4	0.42	115.0	575.0	1.0
87149	186	0	5	0.4575	90.2	451.0	0.0
87150	160	0	5	0.3925	147.8	739.0	0.0
87151	291	0	5	0.72	285.4	1427.0	0.6666666666666666
87152	249	0	5	0.615	216.4	1082.0	0.3333333333333333
87153	200	0	5	0.4925	196.8	984.0	0.3333333333333333
87154	386	0	5	0.9575	220.6	1103.0	0.3333333333333333
87155	150	0	5	0.3675	147.0	735.0	0.0
87156	306	0	5	0.7575	166.0	830.0	0.0
87157	380	0	5	0.9425	257.8	1289.0	0.6666666666666666
87158	221	0	5	0.545	177.4	887.0	0.3333333333333333
87159	151	0	5	0.37	84.2	421.0	0.6666666666666666
87160	284	0	5	0.7025	81.0	405.0	0.3333333333333333
87161	301	0	5	0.745	162.6	813.0	0.6666666666666666
87162	318	0	5	0.7875	231.4	1157.0	0.3333333333333333
87163	220	0	5	0.5425	147.8	739.0	0.3333333333333333
87164	198	1	4	0.4925	62.0	310.0	1.0
87165	80	0	5	0.1925	77.6	388.0	0.0
87166	337	0	5	0.835	89.4	447.0	0.6666666666666666
87167	93	0	5	0.225	89.0	445.0	0.0
87168	139	1	4	0.345	90.4	452.0	1.0
87169	251	0	5	0.62	121.4	607.0	0.6666666666666666
87170	330	0	5	0.8175	135.2	676.0	0.6666666666666666
87171	313	0	5	0.775	285.4	1427.0	0.6666666666666666
87172	328	0	5	0.8125	211.4	1057.0	0.6666666666666666
87173	47	0	5	0.11	33.8	169.0	0.3333333333333333
87174	398	0	5	0.9875	195.4	977.0	0.6666666666666666
87175	234	0	5	0.5775	128.8	644.0	0.3333333333333333
87176	203	0	5	0.5	122.4	612.0	0.3333333333333333
87177	386	1	4	0.9625	186.8	934.0	1.0
87178	191	0	5	0.47	97.0	485.0	0.3333333333333333
87179	205	0	5	0.505	178.4	892.0	0.0
87180	162	0	5	0.3975	63.6	318.0	0.3333333333333333
87181	153	0	5	0.375	73.0	365.0	0.6666666666666666
87182	389	0	5	0.965	136.0	680.0	0.6666666666666666
87183	21	0	5	0.045	3.8	19.0	0.3333333333333333
87184	38	0	5	0.0875	36.0	180.0	0.0
87185	329	0	5	0.815	184.8	924.0	0.6666666666666666
87186	100	0	5	0.2425	42.8	214.0	0.0
87187	384	0	5	0.9525	209.0	1045.0	0.6666666666666666
87188	52	0	5	0.1225	50.0	250.0	0.0
87189	338	0	5	0.8375	207.2	1036.0	0.3333333333333333
87190	164	0	5	0.4025	100.8	504.0	0.3333333333333333
87191	267	0	5	0.66	175.0	875.0	0.6666666666666666
87192	155	0	5	0.38	112.4	562.0	0.0
87193	120	0	5	0.2925	49.4	247.0	0.6666666666666666
87194	124	0	5	0.3025	90.2	451.0	0.3333333333333333
87195	271	0	5	0.67	70.6	353.0	0.6666666666666666
87196	173	1	4	0.43	106.0	530.0	1.0
87197	362	0	5	0.8975	268.4	1342.0	0.3333333333333333
87198	197	0	5	0.485	145.8	729.0	0.0
87199	184	0	5	0.4525	154.8	774.0	0.3333333333333333
87200	291	0	5	0.72	231.4	1157.0	0.6666666666666666
87201	267	1	4	0.665	96.6	483.0	1.0
87202	131	0	5	0.32	125.2	626.0	0.0
87203	379	1	4	0.945	197.0	985.0	1.0
87204	292	0	5	0.7225	64.0	320.0	0.6666666666666666
87205	234	0	5	0.5775	157.6	788.0	0.3333333333333333
87206	260	0	5	0.6425	206.4	1032.0	0.3333333333333333
87207	52	0	5	0.1225	50.0	250.0	0.0
87208	388	1	4	0.9675	192.2	961.0	1.0
87209	177	0	5	0.435	132.6	663.0	0.3333333333333333
87210	10	0	5	0.0175	8.0	40.0	0.0
87211	265	0	5	0.655	175.8	879.0	0.3333333333333333
87212	351	0	5	0.87	128.2	641.0	0.6666666666666666
87213	365	0	5	0.905	272.8	1364.0	0.6666666666666666
87214	370	0	5	0.9175	246.4	1232.0	0.6666666666666666
87215	282	0	5	0.6975	223.8	1119.0	0.6666666666666666
87216	318	0	5	0.7875	250.4	1252.0	0.3333333333333333
87217	146	0	5	0.3575	124.0	620.0	0.6666666666666666
87218	222	0	5	0.5475	91.4	457.0	0.6666666666666666
87219	209	0	5	0.515	113.4	567.0	0.3333333333333333
87220	276	0	5	0.6825	135.4	677.0	0.6666666666666666
87221	160	0	5	0.3925	143.0	715.0	0.3333333333333333
87222	263	0	5	0.65	189.4	947.0	0.6666666666666666
87223	360	0	5	0.8925	274.8	1374.0	0.6666666666666666
87224	230	0	5	0.5675	119.6	598.0	0.3333333333333333
87225	123	0	5	0.3	89.4	447.0	0.0
87226	40	0	5	0.0925	36.4	182.0	0.0
87227	154	0	5	0.3775	144.4	722.0	0.0
87228	253	0	5	0.625	65.8	329.0	0.6666666666666666
87229	375	0	5	0.93	201.6	1008.0	0.6666666666666666
87230	256	0	5	0.6325	170.8	854.0	0.3333333333333333
87231	335	0	5	0.83	109.0	545.0	0.6666666666666666
87232	100	0	5	0.2425	54.2	271.0	0.0
87233	362	0	5	0.8975	156.8	784.0	0.6666666666666666
87234	172	0	5	0.4225	154.4	772.0	0.3333333333333333
87235	323	0	5	0.8	277.0	1385.0	0.6666666666666666
87236	204	0	5	0.5025	151.2	756.0	0.3333333333333333
87237	234	0	5	0.5775	211.0	1055.0	0.6666666666666666
87238	249	0	5	0.615	199.0	995.0	0.3333333333333333
87239	61	0	5	0.145	59.0	295.0	0.0
87240	179	0	5	0.44	163.4	817.0	0.0
87241	128	0	5	0.3125	46.0	230.0	0.3333333333333333
87242	110	0	5	0.2675	108.0	540.0	0.0
87243	78	0	5	0.1875	63.0	315.0	0.3333333333333333
87244	400	1	3	0.9975	273.6	1368.0	1.0
87245	171	0	5	0.42	119.8	599.0	0.3333333333333333
87246	323	0	5	0.8	175.8	879.0	0.3333333333333333
87247	61	0	5	0.145	56.0	280.0	0.3333333333333333
87248	81	0	5	0.195	76.4	382.0	0.3333333333333333
87249	122	0	5	0.2975	81.0	405.0	0.3333333333333333
87250	331	1	4	0.825	187.0	935.0	1.0
87251	391	0	5	0.97	362.2	1811.0	0.6666666666666666
87252	378	0	5	0.9375	191.2	956.0	0.6666666666666666
87253	235	0	5	0.58	138.0	690.0	0.6666666666666666
87254	175	0	5	0.43	141.0	705.0	0.6666666666666666
87255	205	0	5	0.505	165.6	828.0	0.3333333333333333
87256	383	0	5	0.95	177.2	886.0	0.6666666666666666
87257	282	0	5	0.6975	144.4	722.0	0.6666666666666666
87258	118	0	5	0.2875	54.0	270.0	0.3333333333333333
87259	304	1	4	0.7575	126.8	634.0	1.0
87260	216	0	5	0.5325	134.8	674.0	0.3333333333333333
87261	46	0	5	0.1075	26.6	133.0	0.0
87262	160	0	5	0.3925	135.4	677.0	0.3333333333333333
87263	359	1	4	0.895	169.6	848.0	1.0
87264	62	0	5	0.1475	36.6	183.0	0.0
87265	184	0	5	0.4525	141.8	709.0	0.3333333333333333
87266	97	0	5	0.235	54.4	272.0	0.6666666666666666
87267	50	0	5	0.1175	24.0	120.0	0.3333333333333333
87268	141	0	5	0.345	93.6	468.0	0.6666666666666666
87269	294	0	5	0.7275	200.8	1004.0	0.0
87270	147	0	5	0.36	73.6	368.0	0.3333333333333333
87271	136	0	5	0.3325	82.0	410.0	0.3333333333333333
87272	103	0	5	0.25	39.0	195.0	0.3333333333333333
87273	113	0	5	0.275	111.0	555.0	0.0
87274	188	1	4	0.4675	95.2	476.0	1.0
87275	77	0	5	0.185	75.0	375.0	0.0
87276	94	0	5	0.2275	51.8	259.0	0.3333333333333333
87277	124	0	5	0.3025	66.8	334.0	0.3333333333333333
87278	338	0	5	0.8375	79.8	399.0	0.6666666666666666
87279	148	0	5	0.3625	89.6	448.0	0.3333333333333333
87280	201	0	5	0.495	155.4	777.0	0.6666666666666666
87281	167	0	5	0.41	80.6	403.0	0.6666666666666666
87282	229	0	5	0.565	136.0	680.0	0.3333333333333333
87283	87	0	5	0.21	77.0	385.0	0.3333333333333333
87284	149	0	5	0.365	78.2	391.0	0.0
87285	280	0	5	0.6925	248.6	1243.0	0.6666666666666666
87286	40	0	5	0.0925	26.8	134.0	0.3333333333333333
87287	250	0	5	0.6175	164.6	823.0	0.3333333333333333
87288	166	0	5	0.4075	164.0	820.0	0.0
87289	48	0	5	0.1125	41.2	206.0	0.3333333333333333
87290	152	0	5	0.3725	121.6	608.0	0.0
87291	316	0	5	0.7825	110.0	550.0	0.6666666666666666
87292	91	0	5	0.22	46.4	232.0	0.3333333333333333
87293	8	0	5	0.0125	6.0	30.0	0.0
87294	144	0	5	0.3525	118.2	591.0	0.3333333333333333
87295	78	0	5	0.1875	48.4	242.0	0.0
87296	204	0	5	0.5025	147.4	737.0	0.3333333333333333
87297	46	0	5	0.1075	32.0	160.0	0.0
87298	48	0	5	0.1125	46.0	230.0	0.0
87299	179	0	5	0.44	67.2	336.0	0.6666666666666666
87300	268	0	5	0.6625	149.6	748.0	0.6666666666666666
87301	231	1	4	0.575	178.8	894.0	1.0
87302	171	1	4	0.425	67.0	335.0	1.0
87303	330	0	5	0.8175	221.0	1105.0	0.3333333333333333
87304	282	0	5	0.6975	262.2	1311.0	0.6666666666666666
87305	376	1	4	0.9375	107.2	536.0	1.0
87306	267	0	5	0.66	105.0	525.0	0.6666666666666666
87307	260	0	5	0.6425	142.8	714.0	0.6666666666666666
87308	208	0	5	0.5125	163.2	816.0	0.3333333333333333
87309	166	0	5	0.4075	140.4	702.0	0.0
87310	187	0	5	0.46	100.2	501.0	0.3333333333333333
87311	99	0	5	0.24	82.6	413.0	0.3333333333333333
87312	339	0	5	0.84	156.4	782.0	0.6666666666666666
87313	234	0	5	0.5775	225.4	1127.0	0.0
87314	92	0	5	0.2225	72.0	360.0	0.0
87315	279	0	5	0.69	269.2	1346.0	0.3333333333333333
87316	347	0	5	0.86	211.6	1058.0	0.6666666666666666
87317	149	0	5	0.365	133.6	668.0	0.3333333333333333
87318	187	0	5	0.46	116.6	583.0	0.3333333333333333
87319	168	0	5	0.4125	122.4	612.0	0.3333333333333333
87320	107	0	5	0.26	42.8	214.0	0.3333333333333333
87321	215	0	5	0.53	205.8	1029.0	0.3333333333333333
87322	76	0	5	0.1825	71.0	355.0	0.0
87323	77	0	5	0.185	75.0	375.0	0.0
87324	140	0	5	0.3425	86.4	432.0	0.3333333333333333
87325	161	0	5	0.395	100.4	502.0	0.3333333333333333
87326	294	1	4	0.7325	274.6	1373.0	1.0
87327	235	0	5	0.58	148.2	741.0	0.3333333333333333
87328	177	0	5	0.435	125.0	625.0	0.6666666666666666
87329	126	0	5	0.3075	94.8	474.0	0.3333333333333333
87330	104	0	5	0.2525	102.0	510.0	0.0
87331	236	0	5	0.5825	148.0	740.0	0.3333333333333333
87332	90	0	5	0.2175	88.0	440.0	0.0
87333	192	0	5	0.4725	80.4	402.0	0.0
87334	376	0	5	0.9325	169.6	848.0	0.6666666666666666
87335	41	0	5	0.095	39.0	195.0	0.0
87336	398	0	5	0.9875	221.4	1107.0	0.6666666666666666
87337	196	0	5	0.4825	170.4	852.0	0.6666666666666666
87338	176	0	5	0.4325	114.4	572.0	0.3333333333333333
87339	368	0	5	0.9125	195.6	978.0	0.6666666666666666
87340	78	0	5	0.1875	75.2	376.0	0.3333333333333333
87341	327	0	5	0.81	141.8	709.0	0.6666666666666666
87342	107	0	5	0.26	49.4	247.0	0.0
87343	344	0	5	0.8525	292.8	1464.0	0.6666666666666666
87344	316	0	5	0.7825	203.0	1015.0	0.6666666666666666
87345	179	0	5	0.44	139.8	699.0	0.3333333333333333
87346	145	0	5	0.355	118.4	592.0	0.3333333333333333
87347	341	0	5	0.845	177.4	887.0	0.6666666666666666
87348	129	0	5	0.315	113.6	568.0	0.3333333333333333
87349	81	0	5	0.195	39.0	195.0	0.3333333333333333
87350	335	0	5	0.83	124.0	620.0	0.6666666666666666
87351	342	0	5	0.8475	99.6	498.0	0.3333333333333333
87352	205	1	4	0.51	151.0	755.0	1.0
87353	81	0	5	0.195	61.0	305.0	0.6666666666666666
87354	186	0	5	0.4575	150.0	750.0	0.3333333333333333
87355	118	0	5	0.2875	63.8	319.0	0.3333333333333333
87356	248	0	5	0.6125	184.6	923.0	0.0
87357	271	1	4	0.675	146.2	731.0	1.0
87358	136	0	5	0.3325	29.2	146.0	0.3333333333333333
87359	92	0	5	0.2225	79.0	395.0	0.0
87360	131	0	5	0.32	73.2	366.0	0.6666666666666666
87361	168	0	5	0.4125	138.4	692.0	0.3333333333333333
87362	251	0	5	0.62	183.2	916.0	0.3333333333333333
87363	338	0	5	0.8375	222.8	1114.0	0.6666666666666666
87364	13	0	5	0.025	11.0	55.0	0.0
87365	234	0	5	0.5775	224.8	1124.0	0.0
87366	170	0	5	0.4175	168.0	840.0	0.0
87367	67	0	5	0.16	36.8	184.0	0.3333333333333333
87368	21	0	5	0.045	19.0	95.0	0.0
87369	179	0	5	0.44	113.8	569.0	0.3333333333333333
87370	251	0	5	0.62	156.2	781.0	0.6666666666666666
87371	274	0	5	0.6775	199.2	996.0	0.3333333333333333
87372	347	1	4	0.865	142.6	713.0	1.0
87373	205	0	5	0.505	95.8	479.0	0.3333333333333333
87374	173	0	5	0.425	76.6	383.0	0.3333333333333333
87375	197	0	5	0.485	175.4	877.0	0.3333333333333333
87376	232	0	5	0.5725	119.6	598.0	0.6666666666666666
87377	71	0	5	0.17	60.8	304.0	0.0
87378	181	0	5	0.445	91.8	459.0	0.3333333333333333
87379	142	0	5	0.3475	80.6	403.0	0.3333333333333333
87380	281	0	5	0.695	197.4	987.0	0.6666666666666666
87381	270	0	5	0.6675	170.8	854.0	0.3333333333333333
87382	313	0	5	0.775	180.2	901.0	0.6666666666666666
87383	303	0	5	0.75	104.4	522.0	0.6666666666666666
87384	328	0	5	0.8125	257.0	1285.0	0.6666666666666666
87385	61	0	5	0.145	42.2	211.0	0.3333333333333333
87386	196	0	5	0.4825	98.8	494.0	0.6666666666666666
87387	278	1	4	0.6925	178.0	890.0	1.0
87388	261	0	5	0.645	187.8	939.0	0.3333333333333333
87389	243	0	5	0.6	147.6	738.0	0.6666666666666666
87390	364	0	5	0.9025	204.0	1020.0	0.6666666666666666
87391	73	0	5	0.175	59.6	298.0	0.3333333333333333
87392	32	0	5	0.0725	23.4	117.0	0.0
87393	222	0	5	0.5475	170.6	853.0	0.3333333333333333
87394	96	0	5	0.2325	78.4	392.0	0.0
87395	286	0	5	0.7075	156.6	783.0	0.0
87396	294	0	5	0.7275	232.8	1164.0	0.6666666666666666
87397	41	0	5	0.095	39.0	195.0	0.0
87398	368	0	5	0.9125	231.0	1155.0	0.6666666666666666
87399	48	0	5	0.1125	26.8	134.0	0.3333333333333333
87400	76	1	4	0.1875	26.4	132.0	1.0
87401	197	0	5	0.485	149.0	745.0	0.6666666666666666
87402	181	0	5	0.445	168.4	842.0	0.3333333333333333
87403	143	0	5	0.35	86.6	433.0	0.3333333333333333
87404	136	0	5	0.3325	134.0	670.0	0.0
87405	175	0	5	0.43	97.8	489.0	0.3333333333333333
87406	126	0	5	0.3075	84.8	424.0	0.3333333333333333
87407	383	0	5	0.95	236.6	1183.0	0.6666666666666666
87408	196	0	5	0.4825	170.6	853.0	0.3333333333333333
87409	274	0	5	0.6775	189.2	946.0	0.3333333333333333
87410	223	0	5	0.55	175.4	877.0	0.0
87411	128	0	5	0.3125	109.2	546.0	0.3333333333333333
87412	260	0	5	0.6425	237.2	1186.0	0.3333333333333333
87413	197	1	4	0.49	123.4	617.0	1.0
87414	209	0	5	0.515	148.8	744.0	0.6666666666666666
87415	243	0	5	0.6	194.6	973.0	0.3333333333333333
87416	68	0	5	0.1625	36.0	180.0	0.0
87417	26	0	5	0.0575	24.0	120.0	0.0
87418	166	0	5	0.4075	41.6	208.0	0.6666666666666666
87419	38	0	5	0.0875	36.0	180.0	0.0
87420	167	0	5	0.41	92.2	461.0	0.3333333333333333
87421	120	0	5	0.2925	85.2	426.0	0.6666666666666666
87422	74	0	5	0.1775	72.0	360.0	0.0
87423	35	0	5	0.08	33.0	165.0	0.0
87424	215	0	5	0.53	105.8	529.0	0.6666666666666666
87425	288	1	4	0.7175	93.2	466.0	1.0
87426	349	0	5	0.865	223.6	1118.0	0.6666666666666666
87427	153	0	5	0.375	139.0	695.0	0.6666666666666666
87428	23	0	5	0.05	21.0	105.0	0.0
87429	166	0	5	0.4075	156.8	784.0	0.0
87430	29	0	5	0.065	27.0	135.0	0.0
87431	354	0	5	0.8775	242.0	1210.0	0.6666666666666666
87432	26	0	5	0.0575	18.8	94.0	0.0
87433	270	0	5	0.6675	80.0	400.0	0.3333333333333333
87434	322	0	5	0.7975	250.6	1253.0	0.3333333333333333
87435	92	0	5	0.2225	90.0	450.0	0.0
87436	396	0	5	0.9825	253.0	1265.0	0.6666666666666666
87437	356	0	5	0.8825	216.6	1083.0	0.6666666666666666
87438	87	0	5	0.21	84.4	422.0	0.0
87439	199	0	5	0.49	176.6	883.0	0.3333333333333333
87440	271	0	5	0.67	152.0	760.0	0.6666666666666666
87441	115	0	5	0.28	108.2	541.0	0.3333333333333333
87442	214	0	5	0.5275	113.6	568.0	0.3333333333333333
87443	231	0	5	0.57	131.6	658.0	0.6666666666666666
87444	145	0	5	0.355	143.0	715.0	0.0
87445	197	0	5	0.485	58.8	294.0	0.6666666666666666
87446	82	0	5	0.1975	78.0	390.0	0.3333333333333333
87447	100	0	5	0.2425	85.2	426.0	0.3333333333333333
87448	349	0	5	0.865	197.2	986.0	0.6666666666666666
87449	250	0	5	0.6175	219.0	1095.0	0.3333333333333333
87450	386	0	5	0.9575	194.8	974.0	0.6666666666666666
87451	132	0	5	0.3225	122.8	614.0	0.3333333333333333
87452	135	0	5	0.33	124.4	622.0	0.0
87453	116	0	5	0.2825	77.4	387.0	0.3333333333333333
87454	199	0	5	0.49	117.4	587.0	0.6666666666666666
87455	90	0	5	0.2175	88.0	440.0	0.0
87456	336	1	4	0.8375	94.8	474.0	1.0
87457	190	0	5	0.4675	188.0	940.0	0.0
87458	196	0	5	0.4825	89.0	445.0	0.3333333333333333
87459	212	0	5	0.5225	133.2	666.0	0.3333333333333333
87460	358	1	4	0.8925	305.0	1525.0	1.0
87461	177	0	5	0.435	97.4	487.0	0.3333333333333333
87462	330	0	5	0.8175	208.8	1044.0	0.3333333333333333
87463	107	0	5	0.26	71.0	355.0	0.6666666666666666
87464	156	0	5	0.3825	105.4	527.0	0.3333333333333333
87465	297	1	4	0.74	149.8	749.0	1.0
87466	215	0	5	0.53	178.6	893.0	0.6666666666666666
87467	182	0	5	0.4475	153.6	768.0	0.3333333333333333
87468	285	0	5	0.705	195.2	976.0	0.6666666666666666
87469	282	0	5	0.6975	208.6	1043.0	0.3333333333333333
87470	262	0	5	0.6475	159.4	797.0	0.3333333333333333
87471	391	0	5	0.97	301.0	1505.0	0.6666666666666666
87472	230	0	5	0.5675	172.0	860.0	0.3333333333333333
87473	332	0	5	0.8225	311.2	1556.0	0.3333333333333333
87474	383	0	5	0.95	224.6	1123.0	0.6666666666666666
87475	108	0	5	0.2625	92.2	461.0	0.3333333333333333
87476	138	0	5	0.3375	136.0	680.0	0.3333333333333333
87477	139	0	5	0.34	101.8	509.0	0.3333333333333333
87478	15	0	5	0.03	13.0	65.0	0.0
87479	162	0	5	0.3975	56.8	284.0	0.0
87480	120	0	5	0.2925	70.0	350.0	0.3333333333333333
87481	398	0	5	0.9875	118.2	591.0	0.6666666666666666
87482	67	0	5	0.16	65.0	325.0	0.0
87483	345	0	5	0.855	158.0	790.0	0.6666666666666666
87484	188	0	5	0.4625	92.8	464.0	0.3333333333333333
87485	149	0	5	0.365	88.4	442.0	0.0
87486	340	1	4	0.8475	162.6	813.0	1.0
87487	64	0	5	0.1525	62.0	310.0	0.0
87488	127	0	5	0.31	125.0	625.0	0.0
87489	353	0	5	0.875	158.4	792.0	0.3333333333333333
87490	280	0	5	0.6925	189.4	947.0	0.6666666666666666
87491	35	0	5	0.08	22.6	113.0	0.3333333333333333
87492	322	0	5	0.7975	218.6	1093.0	0.6666666666666666
87493	54	1	4	0.1325	22.8	114.0	1.0
87494	257	0	5	0.635	103.8	519.0	0.6666666666666666
87495	101	1	4	0.25	88.0	440.0	1.0
87496	102	0	5	0.2475	100.0	500.0	0.0
87497	387	1	4	0.965	215.0	1075.0	1.0
87498	202	0	5	0.4975	121.6	608.0	0.3333333333333333
87499	196	0	5	0.4825	136.4	682.0	0.6666666666666666
87500	347	1	4	0.865	202.4	1012.0	1.0
87501	294	0	5	0.7275	239.2	1196.0	0.6666666666666666
87502	349	0	5	0.865	91.0	455.0	0.6666666666666666
87503	292	0	5	0.7225	239.8	1199.0	0.3333333333333333
87504	237	0	5	0.585	115.0	575.0	0.6666666666666666
87505	20	0	5	0.0425	18.0	90.0	0.0
87506	297	0	5	0.735	119.8	599.0	0.3333333333333333
87507	222	0	5	0.5475	196.6	983.0	0.3333333333333333
87508	334	0	5	0.8275	191.4	957.0	0.6666666666666666
87509	132	0	5	0.3225	112.0	560.0	0.3333333333333333
87510	217	0	5	0.535	132.0	660.0	0.6666666666666666
87511	173	0	5	0.425	54.6	273.0	0.6666666666666666
87512	116	0	5	0.2825	114.0	570.0	0.0
87513	328	0	5	0.8125	98.4	492.0	0.6666666666666666
87514	42	0	5	0.0975	16.4	82.0	0.0
87515	128	0	5	0.3125	126.0	630.0	0.0
87516	316	0	5	0.7825	266.0	1330.0	0.3333333333333333
87517	126	0	5	0.3075	66.4	332.0	0.3333333333333333
87518	342	0	5	0.8475	178.0	890.0	0.3333333333333333
87519	168	0	5	0.4125	44.4	222.0	0.6666666666666666
87520	169	0	5	0.415	100.6	503.0	0.0
87521	205	0	5	0.505	186.4	932.0	0.3333333333333333
87522	74	0	5	0.1775	72.0	360.0	0.3333333333333333
87523	370	0	5	0.9175	162.6	813.0	0.6666666666666666
87524	213	0	5	0.525	141.6	708.0	0.3333333333333333
87525	108	0	5	0.2625	75.6	378.0	0.3333333333333333
87526	62	0	5	0.1475	60.0	300.0	0.0
87527	245	0	5	0.605	148.8	744.0	0.3333333333333333
87528	327	0	5	0.81	136.6	683.0	0.3333333333333333
87529	398	0	5	0.9875	141.6	708.0	0.6666666666666666
87530	207	0	5	0.51	125.8	629.0	0.0
87531	6	0	5	0.0075	4.0	20.0	0.0
87532	31	0	5	0.07	29.0	145.0	0.0
87533	206	0	5	0.5075	62.0	310.0	0.3333333333333333
87534	50	0	5	0.1175	48.0	240.0	0.0
87535	114	0	5	0.2775	83.2	416.0	0.3333333333333333
87536	199	0	5	0.49	76.6	383.0	0.6666666666666666
87537	345	0	5	0.855	131.0	655.0	0.6666666666666666
87538	213	0	5	0.525	128.2	641.0	0.6666666666666666
87539	193	0	5	0.475	158.0	790.0	0.0
87540	94	0	5	0.2275	48.2	241.0	0.6666666666666666
87541	129	0	5	0.315	99.8	499.0	0.0
87542	207	0	5	0.51	70.0	350.0	0.3333333333333333
87543	97	0	5	0.235	49.4	247.0	0.3333333333333333
87544	183	0	5	0.45	129.4	647.0	0.6666666666666666
87545	99	0	5	0.24	91.4	457.0	0.3333333333333333
87546	270	0	5	0.6675	213.6	1068.0	0.3333333333333333
87547	300	0	5	0.7425	130.6	653.0	0.3333333333333333
87548	315	1	4	0.785	111.0	555.0	1.0
87549	119	0	5	0.29	96.6	483.0	0.3333333333333333
87550	192	0	5	0.4725	160.4	802.0	0.3333333333333333
87551	35	0	5	0.08	25.8	129.0	0.0
87552	126	0	5	0.3075	75.2	376.0	0.3333333333333333
87553	37	0	5	0.085	35.0	175.0	0.0
87554	401	0	4	0.9975	185.2	926.0	0.6666666666666666
87555	130	0	5	0.3175	128.0	640.0	0.0
87556	244	1	4	0.6075	89.6	448.0	1.0
87557	37	0	5	0.085	30.4	152.0	0.3333333333333333
87558	369	1	4	0.92	268.8	1344.0	1.0
87559	207	0	5	0.51	130.2	651.0	0.3333333333333333
87560	19	0	5	0.04	17.0	85.0	0.0
87561	129	0	5	0.315	127.0	635.0	0.0
87562	85	1	4	0.21	66.2	331.0	1.0
87563	289	0	5	0.715	86.6	433.0	0.6666666666666666
87564	281	0	5	0.695	154.2	771.0	0.6666666666666666
87565	122	0	5	0.2975	24.0	120.0	0.0
87566	376	0	5	0.9325	162.8	814.0	0.6666666666666666
87567	327	0	5	0.81	173.4	867.0	0.6666666666666666
87568	196	0	5	0.4825	127.4	637.0	0.6666666666666666
87569	367	0	5	0.91	220.2	1101.0	0.3333333333333333
87570	361	0	5	0.895	171.2	856.0	0.6666666666666666
87571	285	0	5	0.705	201.8	1009.0	0.6666666666666666
87572	216	0	5	0.5325	48.4	242.0	0.6666666666666666
87573	310	0	5	0.7675	250.4	1252.0	0.3333333333333333
87574	202	0	5	0.4975	153.4	767.0	0.0
87575	222	0	5	0.5475	108.4	542.0	0.0
87576	300	0	5	0.7425	180.8	904.0	0.3333333333333333
87577	57	0	5	0.135	40.0	200.0	0.3333333333333333
87578	219	0	5	0.54	202.2	1011.0	0.0
87579	39	0	5	0.09	18.6	93.0	0.3333333333333333
87580	294	0	5	0.7275	208.2	1041.0	0.6666666666666666
87581	237	0	5	0.585	197.8	989.0	0.3333333333333333
87582	354	0	5	0.8775	231.0	1155.0	0.6666666666666666
87583	32	0	5	0.0725	30.0	150.0	0.0
87584	124	0	5	0.3025	58.2	291.0	0.6666666666666666
87585	216	0	5	0.5325	170.0	850.0	0.3333333333333333
87586	144	0	5	0.3525	94.8	474.0	0.6666666666666666
87587	59	0	5	0.14	57.0	285.0	0.0
87588	350	0	5	0.8675	112.8	564.0	0.6666666666666666
87589	356	0	5	0.8825	232.4	1162.0	0.6666666666666666
87590	96	0	5	0.2325	58.8	294.0	0.0
87591	261	0	5	0.645	231.6	1158.0	0.3333333333333333
87592	68	0	5	0.1625	66.0	330.0	0.3333333333333333
87593	25	0	5	0.055	19.2	96.0	0.3333333333333333
87594	332	0	5	0.8225	234.0	1170.0	0.6666666666666666
87595	172	0	5	0.4225	137.6	688.0	0.0
87596	380	0	5	0.9425	118.0	590.0	0.6666666666666666
87597	279	0	5	0.69	277.0	1385.0	0.0
87598	222	0	5	0.5475	109.6	548.0	0.6666666666666666
87599	321	0	5	0.795	280.2	1401.0	0.6666666666666666
87600	201	0	5	0.495	199.0	995.0	0.0
87601	123	0	5	0.3	92.6	463.0	0.0
87602	261	0	5	0.645	147.6	738.0	0.3333333333333333
87603	291	0	5	0.72	178.4	892.0	0.6666666666666666
87604	283	1	4	0.705	99.4	497.0	1.0
87605	138	0	5	0.3375	99.8	499.0	0.3333333333333333
87606	214	0	5	0.5275	212.0	1060.0	0.0
87607	297	0	5	0.735	193.8	969.0	0.6666666666666666
87608	65	0	5	0.155	63.0	315.0	0.0
87609	2	0	5	0.0	0.0	0.0	0.0
87610	68	1	4	0.1675	23.2	116.0	1.0
87611	7	0	5	0.01	5.0	25.0	0.0
87612	234	0	5	0.5775	113.4	567.0	0.3333333333333333
87613	57	0	5	0.135	29.8	149.0	0.3333333333333333
87614	286	0	5	0.7075	247.2	1236.0	0.3333333333333333
87615	110	0	5	0.2675	108.0	540.0	0.0
87616	92	0	5	0.2225	90.0	450.0	0.0
87617	266	0	5	0.6575	234.8	1174.0	0.0
87618	93	0	5	0.225	91.0	455.0	0.0
87619	124	0	5	0.3025	122.0	610.0	0.0
87620	218	0	5	0.5375	130.8	654.0	0.6666666666666666
87621	100	0	5	0.2425	43.6	218.0	0.3333333333333333
87622	199	0	5	0.49	110.0	550.0	0.3333333333333333
87623	270	0	5	0.6675	204.2	1021.0	0.6666666666666666
87624	304	0	5	0.7525	255.2	1276.0	0.6666666666666666
87625	77	0	5	0.185	75.0	375.0	0.0
87626	238	0	5	0.5875	67.0	335.0	0.6666666666666666
87627	262	0	5	0.6475	257.6	1288.0	0.0
87628	242	0	5	0.5975	150.4	752.0	0.3333333333333333
87629	330	0	5	0.8175	282.8	1414.0	0.3333333333333333
87630	272	0	5	0.6725	88.6	443.0	0.3333333333333333
87631	334	0	5	0.8275	150.8	754.0	0.6666666666666666
87632	189	0	5	0.465	136.0	680.0	0.3333333333333333
87633	156	0	5	0.3825	125.2	626.0	0.3333333333333333
87634	387	0	5	0.96	207.4	1037.0	0.3333333333333333
87635	180	0	5	0.4425	178.0	890.0	0.0
87636	72	0	5	0.1725	70.0	350.0	0.0
87637	361	0	5	0.895	171.0	855.0	0.6666666666666666
87638	37	0	5	0.085	12.6	63.0	0.3333333333333333
87639	27	0	5	0.06	25.0	125.0	0.0
87640	59	0	5	0.14	57.0	285.0	0.0
87641	260	0	5	0.6425	179.4	897.0	0.6666666666666666
87642	317	1	4	0.79	233.0	1165.0	1.0
87643	283	0	5	0.7	201.8	1009.0	0.3333333333333333
87644	333	0	5	0.825	161.4	807.0	0.6666666666666666
87645	374	0	5	0.9275	134.4	672.0	0.6666666666666666
87646	103	0	5	0.25	101.0	505.0	0.0
87647	244	0	5	0.6025	125.0	625.0	0.3333333333333333
87648	330	0	5	0.8175	220.0	1100.0	0.3333333333333333
87649	286	0	5	0.7075	119.6	598.0	0.3333333333333333
87650	53	0	5	0.125	23.0	115.0	0.3333333333333333
87651	96	0	5	0.2325	94.0	470.0	0.0
87652	293	0	5	0.725	211.6	1058.0	0.3333333333333333
87653	32	0	5	0.0725	30.0	150.0	0.0
87654	349	0	5	0.865	299.4	1497.0	0.3333333333333333
87655	166	0	5	0.4075	114.6	573.0	0.3333333333333333
87656	182	0	5	0.4475	119.4	597.0	0.3333333333333333
87657	90	0	5	0.2175	45.4	227.0	0.0
87658	197	0	5	0.485	102.0	510.0	0.3333333333333333
87659	211	0	5	0.52	100.2	501.0	0.6666666666666666
87660	197	0	5	0.485	131.4	657.0	0.6666666666666666
87661	302	0	5	0.7475	132.6	663.0	0.3333333333333333
87662	308	0	5	0.7625	72.0	360.0	0.3333333333333333
87663	300	0	5	0.7425	162.4	812.0	0.6666666666666666
87664	102	0	5	0.2475	81.6	408.0	0.3333333333333333
87665	123	0	5	0.3	63.4	317.0	0.6666666666666666
87666	291	0	5	0.72	211.8	1059.0	0.6666666666666666
87667	166	1	4	0.4125	124.8	624.0	1.0
87668	127	0	5	0.31	95.4	477.0	0.3333333333333333
87669	227	0	5	0.56	118.0	590.0	0.0
87670	350	0	5	0.8675	244.0	1220.0	0.3333333333333333
87671	241	0	5	0.595	123.8	619.0	0.0
87672	182	0	5	0.4475	114.4	572.0	0.3333333333333333
87673	57	0	5	0.135	55.0	275.0	0.0
87674	130	0	5	0.3175	128.0	640.0	0.0
87675	194	0	5	0.4775	127.2	636.0	0.6666666666666666
87676	256	0	5	0.6325	82.0	410.0	0.3333333333333333
87677	35	0	5	0.08	21.8	109.0	0.3333333333333333
87678	389	0	5	0.965	94.2	471.0	0.6666666666666666
87679	386	0	5	0.9575	321.6	1608.0	0.6666666666666666
87680	374	0	5	0.9275	226.8	1134.0	0.6666666666666666
87681	128	0	5	0.3125	81.2	406.0	0.3333333333333333
87682	118	0	5	0.2875	116.0	580.0	0.3333333333333333
87683	401	0	4	0.9975	245.2	1226.0	0.6666666666666666
87684	389	0	5	0.965	172.2	861.0	0.6666666666666666
87685	123	0	5	0.3	103.6	518.0	0.0
87686	284	0	5	0.7025	172.0	860.0	0.6666666666666666
87687	57	0	5	0.135	40.6	203.0	0.3333333333333333
87688	292	1	4	0.7275	200.8	1004.0	1.0
87689	307	0	5	0.76	168.2	841.0	0.6666666666666666
87690	207	1	4	0.515	56.2	281.0	1.0
87691	85	0	5	0.205	83.0	415.0	0.0
87692	127	0	5	0.31	62.2	311.0	0.3333333333333333
87693	361	0	5	0.895	233.4	1167.0	0.6666666666666666
87694	340	0	5	0.8425	72.4	362.0	0.3333333333333333
87695	391	0	5	0.97	171.4	857.0	0.6666666666666666
87696	109	0	5	0.265	78.2	391.0	0.3333333333333333
87697	286	1	4	0.7125	106.8	534.0	1.0
87698	346	0	5	0.8575	235.4	1177.0	0.6666666666666666
87699	52	0	5	0.1225	50.0	250.0	0.0
87700	128	0	5	0.3125	120.0	600.0	0.3333333333333333
87701	320	0	5	0.7925	157.6	788.0	0.6666666666666666
87702	22	0	5	0.0475	20.0	100.0	0.0
87703	349	0	5	0.865	204.6	1023.0	0.6666666666666666
87704	75	0	5	0.18	72.4	362.0	0.3333333333333333
87705	320	0	5	0.7925	203.6	1018.0	0.6666666666666666
87706	396	0	5	0.9825	123.4	617.0	0.6666666666666666
87707	255	0	5	0.63	154.4	772.0	0.3333333333333333
87708	349	0	5	0.865	223.6	1118.0	0.3333333333333333
87709	389	0	5	0.965	345.6	1728.0	0.6666666666666666
87710	366	0	5	0.9075	229.6	1148.0	0.3333333333333333
87711	323	0	5	0.8	214.6	1073.0	0.6666666666666666
87712	103	0	5	0.25	81.6	408.0	0.3333333333333333
87713	182	0	5	0.4475	40.0	200.0	0.6666666666666666
87714	370	0	5	0.9175	181.2	906.0	0.3333333333333333
87715	28	0	5	0.0625	21.8	109.0	0.3333333333333333
87716	55	0	5	0.13	53.0	265.0	0.0
87717	260	1	4	0.6475	83.6	418.0	1.0
87718	325	0	5	0.805	164.0	820.0	0.6666666666666666
87719	217	0	5	0.535	181.4	907.0	0.0
87720	70	0	5	0.1675	58.8	294.0	0.3333333333333333
87721	314	0	5	0.7775	81.6	408.0	0.6666666666666666
87722	40	0	5	0.0925	35.6	178.0	0.3333333333333333
87723	201	1	4	0.5	50.6	253.0	1.0
87724	82	0	5	0.1975	50.0	250.0	0.3333333333333333
87725	235	0	5	0.58	171.8	859.0	0.3333333333333333
87726	97	0	5	0.235	67.0	335.0	0.3333333333333333
87727	34	0	5	0.0775	32.0	160.0	0.0
87728	76	0	5	0.1825	15.0	75.0	0.3333333333333333
87729	2	0	5	0.0	0.0	0.0	0.0
87730	260	0	5	0.6425	192.6	963.0	0.3333333333333333
87731	232	1	4	0.5775	149.6	748.0	1.0
87732	253	0	5	0.625	113.4	567.0	0.6666666666666666
87733	149	0	5	0.365	133.6	668.0	0.0
87734	341	1	4	0.85	168.0	840.0	1.0
87735	257	0	5	0.635	102.2	511.0	0.3333333333333333
87736	153	0	5	0.375	104.2	521.0	0.3333333333333333
87737	269	0	5	0.665	241.8	1209.0	0.3333333333333333
87738	107	0	5	0.26	76.2	381.0	0.6666666666666666
87739	296	0	5	0.7325	188.0	940.0	0.6666666666666666
87740	214	0	5	0.5275	211.0	1055.0	0.0
87741	57	0	5	0.135	34.6	173.0	0.0
87742	172	0	5	0.4225	137.8	689.0	0.3333333333333333
87743	308	0	5	0.7625	110.4	552.0	0.6666666666666666
87744	396	0	5	0.9825	109.4	547.0	0.6666666666666666
87745	4	0	5	0.0025	2.0	10.0	0.0
87746	382	1	4	0.9525	236.0	1180.0	1.0
87747	193	0	5	0.475	162.8	814.0	0.6666666666666666
87748	283	0	5	0.7	263.0	1315.0	0.3333333333333333
87749	367	0	5	0.91	156.8	784.0	0.6666666666666666
87750	303	0	5	0.75	206.8	1034.0	0.6666666666666666
87751	312	0	5	0.7725	261.2	1306.0	0.6666666666666666
87752	109	0	5	0.265	97.0	485.0	0.3333333333333333
87753	94	0	5	0.2275	92.0	460.0	0.0
87754	253	0	5	0.625	205.2	1026.0	0.6666666666666666
87755	191	0	5	0.47	144.2	721.0	0.6666666666666666
87756	268	0	5	0.6625	219.6	1098.0	0.0
87757	3	0	5	0.0025	0.2	1.0	0.3333333333333333
87758	111	0	5	0.27	109.0	545.0	0.0
87759	370	1	4	0.9225	221.2	1106.0	1.0
87760	20	0	5	0.0425	18.0	90.0	0.0
87761	395	0	5	0.98	194.0	970.0	0.6666666666666666
87762	97	0	5	0.235	51.8	259.0	0.3333333333333333
87763	232	0	5	0.5725	141.4	707.0	0.6666666666666666
87764	220	0	5	0.5425	182.8	914.0	0.0
87765	311	0	5	0.77	185.0	925.0	0.3333333333333333
87766	354	0	5	0.8775	156.6	783.0	0.3333333333333333
87767	299	1	4	0.745	205.4	1027.0	1.0
87768	251	0	5	0.62	136.8	684.0	0.3333333333333333
87769	162	0	5	0.3975	142.0	710.0	0.0
87770	395	1	4	0.985	248.4	1242.0	1.0
87771	141	0	5	0.345	61.6	308.0	0.3333333333333333
87772	119	0	5	0.29	44.2	221.0	0.3333333333333333
87773	41	0	5	0.095	39.0	195.0	0.0
87774	197	0	5	0.485	169.6	848.0	0.3333333333333333
87775	155	0	5	0.38	37.8	189.0	0.6666666666666666
87776	378	0	5	0.9375	248.6	1243.0	0.3333333333333333
87777	271	1	4	0.675	211.0	1055.0	1.0
87778	290	1	4	0.7225	202.4	1012.0	1.0
87779	303	0	5	0.75	91.0	455.0	0.6666666666666666
87780	321	0	5	0.795	207.0	1035.0	0.6666666666666666
87781	55	0	5	0.13	53.0	265.0	0.0
87782	273	1	4	0.68	223.6	1118.0	1.0
87783	138	0	5	0.3375	112.4	562.0	0.6666666666666666
87784	151	0	5	0.37	116.2	581.0	0.0
87785	17	0	5	0.035	15.0	75.0	0.0
87786	187	0	5	0.46	174.4	872.0	0.6666666666666666
87787	54	0	5	0.1275	52.0	260.0	0.0
87788	140	0	5	0.3425	91.0	455.0	0.3333333333333333
87789	260	0	5	0.6425	99.6	498.0	0.6666666666666666
87790	91	0	5	0.22	89.0	445.0	0.0
87791	166	0	5	0.4075	148.4	742.0	0.3333333333333333
87792	331	1	4	0.825	212.6	1063.0	1.0
87793	218	0	5	0.5375	150.0	750.0	0.6666666666666666
87794	114	0	5	0.2775	83.2	416.0	0.3333333333333333
87795	202	0	5	0.4975	176.2	881.0	0.6666666666666666
87796	294	0	5	0.7275	90.0	450.0	0.3333333333333333
87797	106	0	5	0.2575	104.0	520.0	0.0
87798	368	1	4	0.9175	346.6	1733.0	1.0
87799	388	1	4	0.9675	152.8	764.0	1.0
87800	204	0	5	0.5025	101.8	509.0	0.0
87801	57	0	5	0.135	55.0	275.0	0.0
87802	142	0	5	0.3475	140.0	700.0	0.0
87803	323	0	5	0.8	267.0	1335.0	0.6666666666666666
87804	54	0	5	0.1275	35.8	179.0	0.0
87805	162	0	5	0.3975	81.0	405.0	0.3333333333333333
87806	205	0	5	0.505	203.0	1015.0	0.0
87807	285	0	5	0.705	124.4	622.0	0.6666666666666666
87808	103	0	5	0.25	69.4	347.0	0.3333333333333333
87809	68	0	5	0.1625	37.2	186.0	0.3333333333333333
87810	259	1	4	0.645	163.0	815.0	1.0
87811	267	0	5	0.66	87.6	438.0	0.3333333333333333
87812	388	0	5	0.9625	219.2	1096.0	0.6666666666666666
87813	173	0	5	0.425	152.6	763.0	0.3333333333333333
87814	244	0	5	0.6025	106.4	532.0	0.3333333333333333
87815	290	0	5	0.7175	132.4	662.0	0.0
87816	295	0	5	0.73	286.0	1430.0	0.3333333333333333
87817	205	0	5	0.505	165.0	825.0	0.3333333333333333
87818	323	0	5	0.8	178.6	893.0	0.6666666666666666
87819	7	0	5	0.01	5.0	25.0	0.0
87820	248	1	4	0.6175	101.0	505.0	1.0
87821	256	0	5	0.6325	254.0	1270.0	0.3333333333333333
87822	16	0	5	0.0325	12.4	62.0	0.3333333333333333
87823	236	0	5	0.5825	165.6	828.0	0.6666666666666666
87824	277	0	5	0.685	239.6	1198.0	0.0
87825	308	1	4	0.7675	240.0	1200.0	1.0
87826	51	0	5	0.12	49.0	245.0	0.0
87827	331	0	5	0.82	227.8	1139.0	0.3333333333333333
87828	230	0	5	0.5675	207.0	1035.0	0.6666666666666666
87829	381	0	5	0.945	216.2	1081.0	0.6666666666666666
87830	135	0	5	0.33	133.0	665.0	0.0
87831	377	0	5	0.935	163.0	815.0	0.6666666666666666
87832	82	0	5	0.1975	80.0	400.0	0.0
87833	349	0	5	0.865	229.0	1145.0	0.6666666666666666
87834	199	0	5	0.49	158.2	791.0	0.0
87835	211	1	4	0.525	96.6	483.0	1.0
87836	184	0	5	0.4525	168.4	842.0	0.6666666666666666
87837	119	0	5	0.29	91.4	457.0	0.3333333333333333
87838	310	0	5	0.7675	259.0	1295.0	0.3333333333333333
87839	315	0	5	0.78	114.6	573.0	0.3333333333333333
87840	242	0	5	0.5975	118.0	590.0	0.3333333333333333
87841	233	0	5	0.575	153.6	768.0	0.6666666666666666
87842	283	0	5	0.7	100.2	501.0	0.6666666666666666
87843	43	0	5	0.1	41.0	205.0	0.0
87844	162	0	5	0.3975	90.4	452.0	0.0
87845	386	0	5	0.9575	326.0	1630.0	0.6666666666666666
87846	36	0	5	0.0825	34.0	170.0	0.0
87847	233	0	5	0.575	90.6	453.0	0.6666666666666666
87848	137	0	5	0.335	61.6	308.0	0.3333333333333333
87849	399	0	5	0.99	266.6	1333.0	0.6666666666666666
87850	242	0	5	0.5975	240.0	1200.0	0.0
87851	66	0	5	0.1575	34.4	172.0	0.6666666666666666
87852	197	0	5	0.485	88.2	441.0	0.0
87853	269	0	5	0.665	192.8	964.0	0.6666666666666666
87854	373	0	5	0.925	184.8	924.0	0.6666666666666666
87855	223	0	5	0.55	124.2	621.0	0.6666666666666666
87856	130	1	4	0.3225	27.6	138.0	1.0
87857	135	0	5	0.33	116.2	581.0	0.3333333333333333
87858	277	1	4	0.69	90.6	453.0	1.0
87859	83	0	5	0.2	42.8	214.0	0.3333333333333333
87860	305	0	5	0.755	123.0	615.0	0.3333333333333333
87861	26	0	5	0.0575	24.0	120.0	0.0
87862	374	0	5	0.9275	252.4	1262.0	0.6666666666666666
87863	246	1	4	0.6125	62.2	311.0	1.0
87864	102	0	5	0.2475	100.0	500.0	0.3333333333333333
87865	291	0	5	0.72	207.8	1039.0	0.6666666666666666
87866	225	0	5	0.555	138.2	691.0	0.3333333333333333
87867	4	0	5	0.0025	2.0	10.0	0.0
87868	108	0	5	0.2625	73.2	366.0	0.0
87869	276	0	5	0.6825	155.6	778.0	0.3333333333333333
87870	54	0	5	0.1275	50.8	254.0	0.3333333333333333
87871	387	0	5	0.96	288.6	1443.0	0.6666666666666666
87872	299	0	5	0.74	148.8	744.0	0.6666666666666666
87873	159	0	5	0.39	157.0	785.0	0.0
87874	322	0	5	0.7975	246.6	1233.0	0.3333333333333333
87875	186	0	5	0.4575	129.2	646.0	0.6666666666666666
87876	156	0	5	0.3825	110.8	554.0	0.0
87877	116	0	5	0.2825	89.6	448.0	0.6666666666666666
87878	273	0	5	0.675	173.2	866.0	0.6666666666666666
87879	228	0	5	0.5625	211.4	1057.0	0.3333333333333333
87880	329	0	5	0.815	287.8	1439.0	0.6666666666666666
87881	355	0	5	0.88	279.4	1397.0	0.3333333333333333
87882	222	0	5	0.5475	144.8	724.0	0.3333333333333333
87883	281	1	3	0.7	194.2	971.0	1.0
87884	131	0	5	0.32	41.6	208.0	0.0
87885	156	0	5	0.3825	117.8	589.0	0.6666666666666666
87886	142	0	5	0.3475	128.4	642.0	0.0
87887	119	0	5	0.29	76.6	383.0	0.6666666666666666
87888	351	0	5	0.87	233.2	1166.0	0.6666666666666666
87889	209	0	5	0.515	142.4	712.0	0.6666666666666666
87890	326	1	4	0.8125	164.8	824.0	1.0
87891	74	0	5	0.1775	41.8	209.0	0.3333333333333333
87892	160	0	5	0.3925	141.8	709.0	0.0
87893	137	0	5	0.335	37.0	185.0	0.3333333333333333
87894	364	0	5	0.9025	146.0	730.0	0.6666666666666666
87895	122	0	5	0.2975	63.4	317.0	0.3333333333333333
87896	41	0	5	0.095	39.0	195.0	0.0
87897	48	0	5	0.1125	46.0	230.0	0.0
87898	205	0	5	0.505	86.6	433.0	0.3333333333333333
87899	177	0	5	0.435	159.0	795.0	0.3333333333333333
87900	95	0	5	0.23	63.0	315.0	0.3333333333333333
87901	124	0	5	0.3025	80.0	400.0	0.0
87902	368	0	5	0.9125	177.2	886.0	0.6666666666666666
87903	393	0	5	0.975	226.6	1133.0	0.6666666666666666
87904	319	1	4	0.795	246.6	1233.0	1.0
87905	378	0	5	0.9375	338.4	1692.0	0.3333333333333333
87906	289	0	5	0.715	143.4	717.0	0.3333333333333333
87907	399	1	4	0.995	258.4	1292.0	1.0
87908	229	0	5	0.565	168.4	842.0	0.3333333333333333
87909	315	0	5	0.78	185.4	927.0	0.3333333333333333
87910	83	0	5	0.2	48.6	243.0	0.6666666666666666
87911	118	0	5	0.2875	108.2	541.0	0.3333333333333333
87912	238	0	5	0.5875	85.6	428.0	0.3333333333333333
87913	96	0	5	0.2325	92.6	463.0	0.3333333333333333
87914	284	0	5	0.7025	116.4	582.0	0.3333333333333333
87915	9	0	5	0.015	7.0	35.0	0.0
87916	264	0	5	0.6525	227.2	1136.0	0.3333333333333333
87917	81	0	5	0.195	73.8	369.0	0.3333333333333333
87918	256	0	5	0.6325	236.8	1184.0	0.3333333333333333
87919	223	0	5	0.55	192.2	961.0	0.3333333333333333
87920	280	1	4	0.6975	92.4	462.0	1.0
87921	93	0	5	0.225	55.0	275.0	0.3333333333333333
87922	212	0	5	0.5225	122.8	614.0	0.6666666666666666
87923	190	0	5	0.4675	114.6	573.0	0.3333333333333333
87924	272	0	5	0.6725	186.4	932.0	0.6666666666666666
87925	114	0	5	0.2775	30.4	152.0	0.6666666666666666
87926	159	0	5	0.39	157.0	785.0	0.0
87927	287	0	5	0.71	122.2	611.0	0.6666666666666666
87928	232	0	5	0.5725	109.6	548.0	0.0
87929	22	0	5	0.0475	20.0	100.0	0.0
87930	400	0	5	0.9925	156.6	783.0	0.6666666666666666
87931	207	0	5	0.51	138.2	691.0	0.0
87932	67	0	5	0.16	40.6	203.0	0.0
87933	234	0	5	0.5775	119.6	598.0	0.6666666666666666
87934	119	0	5	0.29	113.0	565.0	0.3333333333333333
87935	275	1	4	0.685	117.4	587.0	1.0
87936	80	0	5	0.1925	71.0	355.0	0.3333333333333333
87937	262	0	5	0.6475	130.8	654.0	0.3333333333333333
87938	125	0	5	0.305	117.2	586.0	0.3333333333333333
87939	139	0	5	0.34	38.6	193.0	0.3333333333333333
87940	143	0	5	0.35	123.8	619.0	0.3333333333333333
87941	285	1	3	0.71	198.4	992.0	1.0
87942	147	0	5	0.36	84.4	422.0	0.0
87943	293	0	5	0.725	209.2	1046.0	0.3333333333333333
87944	147	0	5	0.36	145.0	725.0	0.0
87945	160	0	5	0.3925	85.6	428.0	0.3333333333333333
87946	161	0	5	0.395	159.0	795.0	0.0
87947	164	1	4	0.4075	126.0	630.0	1.0
87948	147	0	5	0.36	119.0	595.0	0.0
87949	148	1	4	0.3675	40.0	200.0	1.0
87950	401	0	5	0.995	340.2	1701.0	0.6666666666666666
87951	246	0	5	0.6075	203.4	1017.0	0.3333333333333333
87952	30	0	5	0.0675	22.8	114.0	0.0
87953	89	0	5	0.215	48.6	243.0	0.3333333333333333
87954	326	0	5	0.8075	166.4	832.0	0.3333333333333333
87955	273	0	5	0.675	183.4	917.0	0.0
87956	167	0	5	0.41	163.4	817.0	0.3333333333333333
87957	95	0	5	0.23	83.8	419.0	0.0
87958	86	0	5	0.2075	77.6	388.0	0.3333333333333333
87959	204	0	5	0.5025	147.2	736.0	0.3333333333333333
87960	102	0	5	0.2475	100.0	500.0	0.0
87961	330	0	5	0.8175	114.0	570.0	0.3333333333333333
87962	16	0	5	0.0325	14.0	70.0	0.0
87963	363	0	5	0.9	220.8	1104.0	0.6666666666666666
87964	125	0	5	0.305	69.4	347.0	0.3333333333333333
87965	389	0	5	0.965	287.8	1439.0	0.6666666666666666
87966	318	0	5	0.7875	179.4	897.0	0.3333333333333333
87967	227	0	5	0.56	217.8	1089.0	0.3333333333333333
87968	93	0	5	0.225	63.8	319.0	0.3333333333333333
87969	366	0	5	0.9075	138.4	692.0	0.6666666666666666
87970	3	0	5	0.0025	0.2	1.0	0.3333333333333333
87971	285	0	5	0.705	280.6	1403.0	0.3333333333333333
87972	33	0	5	0.075	20.8	104.0	0.3333333333333333
87973	74	0	5	0.1775	63.6	318.0	0.3333333333333333
87974	40	0	5	0.0925	38.0	190.0	0.0
87975	120	0	5	0.2925	30.4	152.0	0.6666666666666666
87976	78	0	5	0.1875	76.0	380.0	0.0
87977	389	1	4	0.97	295.8	1479.0	1.0
87978	159	0	5	0.39	107.2	536.0	0.6666666666666666
87979	170	0	5	0.4175	145.2	726.0	0.3333333333333333
87980	147	0	5	0.36	106.0	530.0	0.3333333333333333
87981	294	0	5	0.7275	206.8	1034.0	0.3333333333333333
87982	207	0	5	0.51	62.2	311.0	0.6666666666666666
87983	321	0	5	0.795	239.4	1197.0	0.3333333333333333
87984	287	0	5	0.71	186.0	930.0	0.3333333333333333
87985	349	0	5	0.865	96.4	482.0	0.6666666666666666
87986	111	0	5	0.27	90.8	454.0	0.0
87987	226	0	5	0.5575	132.2	661.0	0.6666666666666666
87988	66	0	5	0.1575	32.0	160.0	0.3333333333333333
87989	69	0	5	0.165	30.2	151.0	0.3333333333333333
87990	5	0	5	0.005	3.0	15.0	0.0
87991	17	0	5	0.035	15.0	75.0	0.0
87992	166	0	5	0.4075	114.4	572.0	0.3333333333333333
87993	96	1	3	0.2375	69.0	345.0	1.0
87994	218	0	5	0.5375	166.0	830.0	0.3333333333333333
87995	147	0	5	0.36	145.0	725.0	0.0
87996	178	0	5	0.4375	52.0	260.0	0.6666666666666666
87997	176	0	5	0.4325	121.8	609.0	0.3333333333333333
87998	188	0	5	0.4625	88.2	441.0	0.3333333333333333
87999	275	0	5	0.68	268.8	1344.0	0.0
88000	245	0	5	0.605	214.6	1073.0	0.3333333333333333
88001	247	0	5	0.61	106.4	532.0	0.0
88002	145	0	5	0.355	143.0	715.0	0.0
88003	93	0	5	0.225	72.6	363.0	0.0
88004	220	0	5	0.5425	215.6	1078.0	0.0
88005	144	0	5	0.3525	66.8	334.0	0.3333333333333333
88006	37	0	5	0.085	35.0	175.0	0.0
88007	318	0	5	0.7875	70.0	350.0	0.6666666666666666
88008	301	0	5	0.745	119.6	598.0	0.6666666666666666
88009	272	0	5	0.6725	186.0	930.0	0.3333333333333333
88010	180	0	5	0.4425	148.0	740.0	0.0
88011	105	0	5	0.255	81.4	407.0	0.6666666666666666
88012	354	0	5	0.8775	135.6	678.0	0.6666666666666666
88013	321	0	5	0.795	137.4	687.0	0.3333333333333333
88014	10	0	5	0.0175	8.0	40.0	0.0
88015	229	0	5	0.565	152.6	763.0	0.3333333333333333
88016	105	0	5	0.255	77.8	389.0	0.6666666666666666
88017	161	0	5	0.395	145.2	726.0	0.3333333333333333
88018	207	0	5	0.51	143.8	719.0	0.6666666666666666
88019	256	0	5	0.6325	204.4	1022.0	0.3333333333333333
88020	158	0	5	0.3875	87.2	436.0	0.3333333333333333
88021	301	0	5	0.745	177.2	886.0	0.3333333333333333
88022	364	0	5	0.9025	166.0	830.0	0.6666666666666666
88023	205	0	5	0.505	203.0	1015.0	0.0
88024	336	0	5	0.8325	149.0	745.0	0.6666666666666666
88025	259	0	5	0.64	65.8	329.0	0.6666666666666666
88026	130	0	5	0.3175	67.4	337.0	0.3333333333333333
88027	181	0	5	0.445	137.4	687.0	0.6666666666666666
88028	398	0	5	0.9875	142.8	714.0	0.6666666666666666
88029	388	0	5	0.9625	238.6	1193.0	0.6666666666666666
88030	224	0	5	0.5525	211.0	1055.0	0.3333333333333333
88031	359	0	5	0.89	236.2	1181.0	0.3333333333333333
88032	302	0	5	0.7475	171.4	857.0	0.3333333333333333
88033	260	0	5	0.6425	196.4	982.0	0.0
88034	149	0	5	0.365	116.0	580.0	0.3333333333333333
88035	181	0	5	0.445	41.4	207.0	0.6666666666666666
88036	392	0	5	0.9725	363.6	1818.0	0.6666666666666666
88037	273	0	5	0.675	229.8	1149.0	0.3333333333333333
88038	28	0	5	0.0625	15.2	76.0	0.3333333333333333
88039	388	0	5	0.9625	172.4	862.0	0.6666666666666666
88040	330	1	4	0.8225	223.6	1118.0	1.0
88041	49	0	5	0.115	47.0	235.0	0.0
88042	95	0	5	0.23	31.0	155.0	0.6666666666666666
88043	145	0	5	0.355	95.0	475.0	0.3333333333333333
88044	342	0	5	0.8475	126.8	634.0	0.6666666666666666
88045	378	1	4	0.9425	173.8	869.0	1.0
88046	220	0	5	0.5425	195.4	977.0	0.3333333333333333
88047	119	0	5	0.29	90.2	451.0	0.6666666666666666
88048	335	0	5	0.83	143.0	715.0	0.6666666666666666
88049	129	0	5	0.315	127.0	635.0	0.3333333333333333
88050	307	0	5	0.76	151.8	759.0	0.6666666666666666
88051	95	0	5	0.23	61.0	305.0	0.3333333333333333
88052	142	0	5	0.3475	140.0	700.0	0.0
88053	374	0	5	0.9275	290.4	1452.0	0.6666666666666666
88054	40	0	5	0.0925	24.8	124.0	0.0
88055	312	0	5	0.7725	127.0	635.0	0.6666666666666666
88056	211	1	4	0.525	98.6	493.0	1.0
88057	273	0	5	0.675	192.6	963.0	0.6666666666666666
88058	250	0	5	0.6175	148.8	744.0	0.3333333333333333
88059	124	0	5	0.3025	86.8	434.0	0.3333333333333333
88060	375	1	4	0.935	161.4	807.0	1.0
88061	13	0	5	0.025	9.8	49.0	0.3333333333333333
88062	229	0	5	0.565	168.4	842.0	0.3333333333333333
88063	91	0	5	0.22	54.6	273.0	0.6666666666666666
88064	204	0	5	0.5025	179.6	898.0	0.3333333333333333
88065	318	0	5	0.7875	220.4	1102.0	0.6666666666666666
88066	221	0	5	0.545	50.0	250.0	0.3333333333333333
88067	117	0	5	0.285	55.8	279.0	0.6666666666666666
88068	276	0	5	0.6825	170.2	851.0	0.6666666666666666
88069	259	0	5	0.64	237.8	1189.0	0.3333333333333333
88070	43	0	5	0.1	35.2	176.0	0.3333333333333333
88071	245	0	5	0.605	160.4	802.0	0.3333333333333333
88072	394	0	5	0.9775	230.8	1154.0	0.6666666666666666
88073	396	1	4	0.9875	214.8	1074.0	1.0
88074	85	0	5	0.205	75.8	379.0	0.3333333333333333
88075	379	0	5	0.94	193.6	968.0	0.3333333333333333
88076	310	0	5	0.7675	231.6	1158.0	0.3333333333333333
88077	61	0	5	0.145	19.8	99.0	0.3333333333333333
88078	301	0	5	0.745	115.0	575.0	0.3333333333333333
88079	284	0	5	0.7025	195.6	978.0	0.3333333333333333
88080	277	0	5	0.685	201.4	1007.0	0.6666666666666666
88081	118	0	5	0.2875	43.0	215.0	0.3333333333333333
88082	190	0	5	0.4675	107.0	535.0	0.0
88083	331	0	5	0.82	97.0	485.0	0.3333333333333333
88084	46	0	5	0.1075	37.2	186.0	0.3333333333333333
88085	173	0	5	0.425	142.2	711.0	0.3333333333333333
88086	317	0	5	0.785	190.4	952.0	0.3333333333333333
88087	99	0	5	0.24	97.0	485.0	0.0
88088	287	0	5	0.71	222.4	1112.0	0.3333333333333333
88089	128	0	5	0.3125	101.6	508.0	0.0
88090	331	0	5	0.82	257.0	1285.0	0.6666666666666666
88091	371	0	5	0.92	267.2	1336.0	0.6666666666666666
88092	291	0	5	0.72	202.6	1013.0	0.3333333333333333
88093	320	0	5	0.7925	96.0	480.0	0.3333333333333333
88094	150	0	5	0.3675	129.2	646.0	0.0
88095	231	0	5	0.57	162.6	813.0	0.3333333333333333
88096	89	0	5	0.215	87.0	435.0	0.0
88097	77	0	5	0.185	75.0	375.0	0.0
88098	54	0	5	0.1275	45.6	228.0	0.0
88099	288	0	5	0.7125	186.8	934.0	0.0
88100	348	0	5	0.8625	198.8	994.0	0.6666666666666666
88101	13	0	5	0.025	11.0	55.0	0.0
88102	197	0	5	0.485	140.4	702.0	0.3333333333333333
88103	55	0	5	0.13	53.0	265.0	0.0
88104	184	0	5	0.4525	151.6	758.0	0.0
88105	139	0	5	0.34	57.0	285.0	0.3333333333333333
88106	58	0	5	0.1375	55.4	277.0	0.0
88107	314	0	5	0.7775	224.4	1122.0	0.3333333333333333
88108	294	0	5	0.7275	224.2	1121.0	0.6666666666666666
88109	305	0	5	0.755	276.6	1383.0	0.3333333333333333
88110	156	0	5	0.3825	66.0	330.0	0.3333333333333333
88111	272	1	4	0.6775	62.4	312.0	1.0
88112	55	0	5	0.13	53.0	265.0	0.0
88113	225	0	5	0.555	192.2	961.0	0.3333333333333333
88114	63	0	5	0.15	61.0	305.0	0.0
88115	58	0	5	0.1375	46.8	234.0	0.3333333333333333
88116	355	0	5	0.88	224.4	1122.0	0.3333333333333333
88117	372	0	5	0.9225	120.6	603.0	0.3333333333333333
88118	6	0	5	0.0075	4.0	20.0	0.0
88119	243	0	5	0.6	85.8	429.0	0.0
88120	116	0	5	0.2825	59.4	297.0	0.3333333333333333
88121	39	0	5	0.09	37.0	185.0	0.0
88122	329	1	4	0.82	155.8	779.0	1.0
88123	223	0	5	0.55	124.2	621.0	0.3333333333333333
88124	246	0	5	0.6075	115.0	575.0	0.0
88125	204	0	5	0.5025	152.6	763.0	0.3333333333333333
88126	166	0	5	0.4075	104.0	520.0	0.6666666666666666
88127	285	0	5	0.705	136.6	683.0	0.3333333333333333
88128	258	0	5	0.6375	127.2	636.0	0.6666666666666666
88129	34	0	5	0.0775	14.4	72.0	0.3333333333333333
88130	367	1	4	0.915	229.2	1146.0	1.0
88131	258	1	4	0.6425	154.8	774.0	1.0
88132	131	0	5	0.32	82.8	414.0	0.0
88133	357	0	5	0.885	197.8	989.0	0.6666666666666666
88134	365	0	5	0.905	259.0	1295.0	0.6666666666666666
88135	18	0	5	0.0375	16.0	80.0	0.0
88136	170	0	5	0.4175	146.0	730.0	0.3333333333333333
88137	253	0	5	0.625	134.2	671.0	0.6666666666666666
88138	243	0	5	0.6	181.2	906.0	0.0
88139	129	0	5	0.315	67.6	338.0	0.0
88140	309	0	5	0.765	140.4	702.0	0.6666666666666666
88141	84	0	5	0.2025	82.0	410.0	0.0
88142	113	0	5	0.275	108.0	540.0	0.3333333333333333
88143	192	0	5	0.4725	121.4	607.0	0.0
88144	229	0	5	0.565	201.0	1005.0	0.0
88145	379	0	5	0.94	239.8	1199.0	0.3333333333333333
88146	285	0	5	0.705	102.2	511.0	0.6666666666666666
88147	170	0	5	0.4175	119.8	599.0	0.6666666666666666
88148	359	1	4	0.895	248.6	1243.0	1.0
88149	154	1	4	0.3825	79.8	399.0	1.0
88150	269	0	5	0.665	178.8	894.0	0.3333333333333333
88151	368	0	5	0.9125	308.6	1543.0	0.6666666666666666
88152	210	0	5	0.5175	168.2	841.0	0.6666666666666666
88153	203	0	5	0.5	181.2	906.0	0.0
88154	179	0	5	0.44	177.0	885.0	0.0
88155	304	0	5	0.7525	268.2	1341.0	0.6666666666666666
88156	21	0	5	0.045	19.0	95.0	0.0
88157	185	0	5	0.455	129.8	649.0	0.3333333333333333
88158	267	0	5	0.66	183.0	915.0	0.3333333333333333
88159	132	0	5	0.3225	93.0	465.0	0.0
88160	232	0	5	0.5725	117.4	587.0	0.3333333333333333
88161	173	0	5	0.425	48.2	241.0	0.6666666666666666
88162	311	0	5	0.77	181.0	905.0	0.6666666666666666
88163	207	0	5	0.51	172.2	861.0	0.3333333333333333
88164	153	1	4	0.38	78.2	391.0	1.0
88165	109	0	5	0.265	52.4	262.0	0.0
88166	393	0	5	0.975	193.6	968.0	0.6666666666666666
88167	112	0	5	0.2725	96.4	482.0	0.3333333333333333
88168	169	0	5	0.415	140.6	703.0	0.3333333333333333
88169	294	0	5	0.7275	198.4	992.0	0.3333333333333333
88170	131	0	5	0.32	129.0	645.0	0.0
88171	47	0	5	0.11	45.0	225.0	0.0
88172	222	0	5	0.5475	186.4	932.0	0.0
88173	385	0	5	0.955	253.0	1265.0	0.6666666666666666
88174	66	0	5	0.1575	59.2	296.0	0.0
88175	145	0	5	0.355	143.0	715.0	0.0
88176	294	0	5	0.7275	178.2	891.0	0.6666666666666666
88177	31	0	5	0.07	29.0	145.0	0.0
88178	99	0	5	0.24	40.0	200.0	0.0
88179	360	0	5	0.8925	191.2	956.0	0.6666666666666666
88180	204	0	5	0.5025	79.6	398.0	0.6666666666666666
88181	398	1	4	0.9925	193.0	965.0	1.0
88182	31	0	5	0.07	29.0	145.0	0.0
88183	281	0	5	0.695	199.8	999.0	0.3333333333333333
88184	163	0	5	0.4	140.0	700.0	0.3333333333333333
88185	154	0	5	0.3775	152.0	760.0	0.0
88186	216	0	5	0.5325	167.6	838.0	0.6666666666666666
88187	294	0	5	0.7275	90.0	450.0	0.3333333333333333
88188	105	0	5	0.255	93.4	467.0	0.0
88189	110	0	5	0.2675	57.6	288.0	0.6666666666666666
88190	269	1	4	0.67	220.6	1103.0	1.0
88191	286	0	5	0.7075	206.2	1031.0	0.3333333333333333
88192	142	0	5	0.3475	89.8	449.0	0.3333333333333333
88193	139	1	4	0.345	97.6	488.0	1.0
88194	263	0	5	0.65	193.0	965.0	0.3333333333333333
88195	80	0	5	0.1925	78.0	390.0	0.0
88196	249	1	4	0.62	182.6	913.0	1.0
88197	53	0	5	0.125	51.0	255.0	0.0
88198	372	0	5	0.9225	338.4	1692.0	0.6666666666666666
88199	250	0	5	0.6175	64.8	324.0	0.6666666666666666
88200	40	0	5	0.0925	25.2	126.0	0.3333333333333333
88201	92	0	5	0.2225	74.8	374.0	0.0
88202	272	0	5	0.6725	215.6	1078.0	0.3333333333333333
88203	145	0	5	0.355	115.8	579.0	0.0
88204	239	0	5	0.59	131.8	659.0	0.6666666666666666
88205	48	0	5	0.1125	27.4	137.0	0.6666666666666666
88206	371	1	4	0.925	293.2	1466.0	1.0
88207	293	0	5	0.725	136.6	683.0	0.6666666666666666
88208	396	0	5	0.9825	112.6	563.0	0.3333333333333333
88209	124	0	5	0.3025	91.2	456.0	0.3333333333333333
88210	166	0	5	0.4075	132.8	664.0	0.3333333333333333
88211	193	0	5	0.475	58.2	291.0	0.3333333333333333
88212	218	0	5	0.5375	109.6	548.0	0.3333333333333333
88213	222	0	5	0.5475	208.0	1040.0	0.3333333333333333
88214	165	0	5	0.405	142.8	714.0	0.0
88215	250	0	5	0.6175	105.4	527.0	0.3333333333333333
88216	328	0	5	0.8125	236.8	1184.0	0.6666666666666666
88217	241	0	5	0.595	207.8	1039.0	0.6666666666666666
88218	198	0	5	0.4875	90.2	451.0	0.0
88219	182	0	5	0.4475	48.0	240.0	0.3333333333333333
88220	329	0	5	0.815	197.4	987.0	0.6666666666666666
88221	196	0	5	0.4825	81.6	408.0	0.3333333333333333
88222	190	0	5	0.4675	86.4	432.0	0.3333333333333333
88223	121	0	5	0.295	119.0	595.0	0.0
88224	286	0	5	0.7075	204.8	1024.0	0.6666666666666666
88225	121	0	5	0.295	58.6	293.0	0.6666666666666666
88226	222	1	4	0.5525	149.8	749.0	1.0
88227	131	0	5	0.32	129.0	645.0	0.0
88228	133	0	5	0.325	117.8	589.0	0.3333333333333333
88229	118	0	5	0.2875	116.0	580.0	0.0
88230	238	0	5	0.5875	112.0	560.0	0.6666666666666666
88231	126	0	5	0.3075	60.0	300.0	0.0
88232	140	0	5	0.3425	128.0	640.0	0.3333333333333333
88233	308	1	4	0.7675	161.8	809.0	1.0
88234	351	0	5	0.87	216.8	1084.0	0.6666666666666666
88235	79	0	5	0.19	77.0	385.0	0.0
88236	374	1	4	0.9325	218.0	1090.0	1.0
88237	286	0	5	0.7075	113.2	566.0	0.6666666666666666
88238	316	0	5	0.7825	124.4	622.0	0.6666666666666666
88239	293	0	5	0.725	186.8	934.0	0.6666666666666666
88240	71	0	5	0.17	57.0	285.0	0.0
88241	121	0	5	0.295	119.0	595.0	0.0
88242	263	0	5	0.65	130.6	653.0	0.6666666666666666
88243	8	0	5	0.0125	6.0	30.0	0.0
88244	62	0	5	0.1475	60.0	300.0	0.0
88245	229	0	5	0.565	138.6	693.0	0.3333333333333333
88246	187	0	5	0.46	161.2	806.0	0.6666666666666666
88247	371	0	5	0.92	182.6	913.0	0.3333333333333333
88248	130	0	5	0.3175	128.0	640.0	0.0
88249	236	0	5	0.5825	198.2	991.0	0.3333333333333333
88250	299	0	5	0.74	108.2	541.0	0.3333333333333333
88251	306	0	5	0.7575	117.8	589.0	0.3333333333333333
88252	273	0	5	0.675	139.6	698.0	0.0
88253	217	0	5	0.535	215.0	1075.0	0.0
88254	190	0	5	0.4675	132.4	662.0	0.3333333333333333
88255	177	0	5	0.435	151.0	755.0	0.3333333333333333
88256	289	0	5	0.715	239.2	1196.0	0.0
88257	93	0	5	0.225	78.0	390.0	0.3333333333333333
88258	138	0	5	0.3375	55.8	279.0	0.6666666666666666
88259	36	0	5	0.0825	34.0	170.0	0.0
88260	359	0	5	0.89	288.2	1441.0	0.6666666666666666
88261	151	0	5	0.37	112.6	563.0	0.6666666666666666
88262	146	0	5	0.3575	144.0	720.0	0.0
88263	58	0	5	0.1375	38.8	194.0	0.3333333333333333
88264	229	0	5	0.565	92.6	463.0	0.3333333333333333
88265	362	1	4	0.9025	276.4	1382.0	1.0
88266	116	0	5	0.2825	62.8	314.0	0.3333333333333333
88267	94	0	5	0.2275	32.8	164.0	0.3333333333333333
88268	77	0	5	0.185	69.0	345.0	0.3333333333333333
88269	200	0	5	0.4925	115.2	576.0	0.6666666666666666
88270	364	0	5	0.9025	293.0	1465.0	0.3333333333333333
88271	166	1	4	0.4125	77.0	385.0	1.0
88272	55	0	5	0.13	23.8	119.0	0.3333333333333333
88273	192	0	5	0.4725	149.2	746.0	0.3333333333333333
88274	2	0	5	0.0	0.0	0.0	0.0
88275	329	0	5	0.815	213.8	1069.0	0.6666666666666666
88276	336	0	5	0.8325	129.6	648.0	0.6666666666666666
88277	266	0	5	0.6575	120.0	600.0	0.6666666666666666
88278	168	0	5	0.4125	118.8	594.0	0.6666666666666666
88279	162	0	5	0.3975	118.8	594.0	0.0
88280	148	0	5	0.3625	65.2	326.0	0.3333333333333333
88281	145	0	5	0.355	49.6	248.0	0.6666666666666666
88282	89	0	5	0.215	87.0	435.0	0.0
88283	196	0	5	0.4825	61.0	305.0	0.3333333333333333
88284	322	0	5	0.7975	92.8	464.0	0.6666666666666666
88285	163	0	5	0.4	161.0	805.0	0.0
88286	164	0	5	0.4025	99.8	499.0	0.3333333333333333
88287	256	0	5	0.6325	192.0	960.0	0.6666666666666666
88288	286	0	5	0.7075	183.2	916.0	0.3333333333333333
88289	199	0	5	0.49	131.4	657.0	0.3333333333333333
88290	243	0	5	0.6	207.8	1039.0	0.3333333333333333
88291	101	0	5	0.245	46.2	231.0	0.3333333333333333
88292	397	0	5	0.985	244.0	1220.0	0.3333333333333333
88293	330	0	5	0.8175	328.0	1640.0	0.3333333333333333
88294	243	0	5	0.6	93.8	469.0	0.3333333333333333
88295	221	0	5	0.545	129.4	647.0	0.6666666666666666
88296	401	0	3	0.9975	201.8	1009.0	0.6666666666666666
88297	103	0	5	0.25	80.6	403.0	0.3333333333333333
88298	92	0	5	0.2225	69.0	345.0	0.3333333333333333
88299	42	0	5	0.0975	40.0	200.0	0.0
88300	106	0	5	0.2575	104.0	520.0	0.0
88301	329	0	5	0.815	261.8	1309.0	0.3333333333333333
88302	179	0	5	0.44	88.6	443.0	0.6666666666666666
88303	153	0	5	0.375	116.6	583.0	0.3333333333333333
88304	104	0	5	0.2525	102.0	510.0	0.0
88305	207	0	5	0.51	156.2	781.0	0.6666666666666666
88306	289	0	5	0.715	225.6	1128.0	0.3333333333333333
88307	49	0	5	0.115	47.0	235.0	0.0
88308	93	0	5	0.225	91.0	455.0	0.0
88309	142	0	5	0.3475	99.0	495.0	0.3333333333333333
88310	290	0	5	0.7175	286.2	1431.0	0.3333333333333333
88311	312	0	5	0.7725	207.4	1037.0	0.3333333333333333
88312	377	0	5	0.935	196.0	980.0	0.6666666666666666
88313	352	0	5	0.8725	267.6	1338.0	0.3333333333333333
88314	308	0	5	0.7625	190.8	954.0	0.6666666666666666
88315	280	0	5	0.6925	173.2	866.0	0.3333333333333333
88316	400	0	5	0.9925	81.2	406.0	0.6666666666666666
88317	242	0	5	0.5975	240.0	1200.0	0.0
88318	191	0	5	0.47	146.6	733.0	0.6666666666666666
88319	292	0	5	0.7225	234.6	1173.0	0.6666666666666666
88320	320	0	5	0.7925	106.8	534.0	0.6666666666666666
88321	277	0	5	0.685	105.4	527.0	0.3333333333333333
88322	231	0	5	0.57	113.4	567.0	0.3333333333333333
88323	398	0	5	0.9875	208.4	1042.0	0.6666666666666666
88324	383	0	5	0.95	128.6	643.0	0.6666666666666666
88325	73	0	5	0.175	71.0	355.0	0.0
88326	315	0	5	0.78	83.4	417.0	0.6666666666666666
88327	163	0	5	0.4	91.0	455.0	0.3333333333333333
88328	369	0	5	0.915	269.0	1345.0	0.6666666666666666
88329	336	0	5	0.8325	143.2	716.0	0.3333333333333333
88330	234	0	5	0.5775	176.8	884.0	0.6666666666666666
88331	364	0	5	0.9025	150.8	754.0	0.6666666666666666
88332	401	0	5	0.995	347.6	1738.0	0.6666666666666666
88333	279	0	5	0.69	153.6	768.0	0.3333333333333333
88334	187	1	4	0.465	78.2	391.0	1.0
88335	133	0	5	0.325	56.6	283.0	0.3333333333333333
88336	353	0	5	0.875	182.4	912.0	0.6666666666666666
88337	284	0	5	0.7025	115.4	577.0	0.6666666666666666
88338	368	0	5	0.9125	188.8	944.0	0.6666666666666666
88339	279	0	5	0.69	153.8	769.0	0.6666666666666666
88340	93	0	5	0.225	70.0	350.0	0.3333333333333333
88341	77	0	5	0.185	62.6	313.0	0.3333333333333333
88342	136	0	5	0.3325	131.2	656.0	0.3333333333333333
88343	337	0	5	0.835	245.0	1225.0	0.6666666666666666
88344	162	0	5	0.3975	92.0	460.0	0.3333333333333333
88345	44	0	5	0.1025	20.4	102.0	0.3333333333333333
88346	357	0	5	0.885	195.4	977.0	0.6666666666666666
88347	236	0	5	0.5825	115.2	576.0	0.3333333333333333
88348	86	0	5	0.2075	66.0	330.0	0.3333333333333333
88349	244	0	5	0.6025	92.8	464.0	0.3333333333333333
88350	207	0	5	0.51	45.8	229.0	0.3333333333333333
88351	174	0	5	0.4275	139.6	698.0	0.3333333333333333
88352	94	0	5	0.2275	64.4	322.0	0.3333333333333333
88353	214	0	5	0.5275	147.2	736.0	0.0
88354	10	0	5	0.0175	8.0	40.0	0.0
88355	103	0	5	0.25	30.4	152.0	0.0
88356	121	0	5	0.295	119.0	595.0	0.3333333333333333
88357	176	0	5	0.4325	72.8	364.0	0.6666666666666666
88358	245	0	5	0.605	88.0	440.0	0.6666666666666666
88359	153	0	5	0.375	92.6	463.0	0.3333333333333333
88360	227	0	5	0.56	82.6	413.0	0.3333333333333333
88361	401	0	4	0.9975	124.2	621.0	0.6666666666666666
88362	193	0	5	0.475	127.8	639.0	0.3333333333333333
88363	250	1	4	0.6225	92.6	463.0	1.0
88364	49	0	5	0.115	47.0	235.0	0.0
88365	144	0	5	0.3525	68.2	341.0	0.0
88366	235	1	3	0.585	126.4	632.0	1.0
88367	88	0	5	0.2125	46.0	230.0	0.3333333333333333
88368	109	0	5	0.265	95.0	475.0	0.3333333333333333
88369	277	0	5	0.685	180.0	900.0	0.6666666666666666
88370	389	0	5	0.965	146.2	731.0	0.6666666666666666
88371	349	1	4	0.87	217.8	1089.0	1.0
88372	258	1	4	0.6425	191.6	958.0	1.0
88373	28	0	5	0.0625	26.0	130.0	0.0
88374	376	1	4	0.9375	285.0	1425.0	1.0
88375	113	1	4	0.28	89.4	447.0	1.0
88376	346	1	4	0.8625	173.2	866.0	1.0
88377	262	0	5	0.6475	203.2	1016.0	0.0
88378	353	0	5	0.875	148.6	743.0	0.6666666666666666
88379	302	1	4	0.7525	199.8	999.0	1.0
88380	207	0	5	0.51	152.4	762.0	0.6666666666666666
88381	367	1	4	0.915	234.0	1170.0	1.0
88382	106	0	5	0.2575	64.6	323.0	0.3333333333333333
88383	378	0	5	0.9375	291.0	1455.0	0.6666666666666666
88384	54	0	5	0.1275	23.2	116.0	0.3333333333333333
88385	355	0	5	0.88	139.4	697.0	0.3333333333333333
88386	256	0	5	0.6325	167.2	836.0	0.6666666666666666
88387	343	0	5	0.85	75.8	379.0	0.6666666666666666
88388	109	0	5	0.265	72.6	363.0	0.3333333333333333
88389	136	0	5	0.3325	96.6	483.0	0.6666666666666666
88390	128	0	5	0.3125	117.2	586.0	0.3333333333333333
88391	122	0	5	0.2975	91.2	456.0	0.3333333333333333
88392	222	0	5	0.5475	119.2	596.0	0.3333333333333333
88393	236	0	5	0.5825	234.0	1170.0	0.0
88394	38	0	5	0.0875	36.0	180.0	0.0
88395	67	0	5	0.16	56.0	280.0	0.0
88396	54	0	5	0.1275	19.2	96.0	0.3333333333333333
88397	307	0	5	0.76	134.6	673.0	0.3333333333333333
88398	108	0	5	0.2625	106.0	530.0	0.0
88399	265	0	5	0.655	159.6	798.0	0.6666666666666666
88400	289	1	4	0.72	197.2	986.0	1.0
88401	395	1	4	0.985	307.4	1537.0	1.0
88402	277	0	5	0.685	149.4	747.0	0.3333333333333333
88403	316	0	5	0.7825	143.6	718.0	0.3333333333333333
88404	328	0	5	0.8125	126.8	634.0	0.6666666666666666
88405	44	0	5	0.1025	42.0	210.0	0.0
88406	396	0	5	0.9825	261.0	1305.0	0.6666666666666666
88407	191	0	5	0.47	84.0	420.0	0.3333333333333333
88408	179	0	5	0.44	131.0	655.0	0.3333333333333333
88409	194	0	5	0.4775	188.4	942.0	0.0
88410	337	0	5	0.835	68.6	343.0	0.6666666666666666
88411	160	0	5	0.3925	129.0	645.0	0.3333333333333333
88412	49	0	5	0.115	47.0	235.0	0.0
88413	359	0	5	0.89	250.4	1252.0	0.6666666666666666
88414	100	0	5	0.2425	44.4	222.0	0.3333333333333333
88415	3	0	5	0.0025	0.2	1.0	0.3333333333333333
88416	68	0	5	0.1625	66.0	330.0	0.0
88417	143	0	5	0.35	67.4	337.0	0.3333333333333333
88418	156	0	5	0.3825	148.0	740.0	0.3333333333333333
88419	397	0	5	0.985	199.0	995.0	0.6666666666666666
88420	150	0	5	0.3675	74.8	374.0	0.3333333333333333
88421	335	0	5	0.83	74.2	371.0	0.6666666666666666
88422	400	0	5	0.9925	210.0	1050.0	0.6666666666666666
88423	246	0	5	0.6075	206.0	1030.0	0.0
88424	95	0	5	0.23	93.0	465.0	0.0
88425	109	0	5	0.265	68.6	343.0	0.3333333333333333
88426	318	1	4	0.7925	177.0	885.0	1.0
88427	392	1	4	0.9775	127.6	638.0	1.0
88428	56	0	5	0.1325	38.0	190.0	0.3333333333333333
88429	51	0	5	0.12	49.0	245.0	0.0
88430	118	0	5	0.2875	83.6	418.0	0.0
88431	204	0	5	0.5025	71.0	355.0	0.3333333333333333
88432	343	1	4	0.855	285.6	1428.0	1.0
88433	91	0	5	0.22	67.4	337.0	0.3333333333333333
88434	107	0	5	0.26	91.8	459.0	0.3333333333333333
88435	278	0	5	0.6875	167.6	838.0	0.3333333333333333
88436	36	0	5	0.0825	34.0	170.0	0.0
88437	314	0	5	0.7775	77.2	386.0	0.6666666666666666
88438	326	0	5	0.8075	153.8	769.0	0.6666666666666666
88439	281	0	5	0.695	215.4	1077.0	0.6666666666666666
88440	282	0	5	0.6975	144.0	720.0	0.3333333333333333
88441	287	0	5	0.71	241.2	1206.0	0.0
88442	231	0	5	0.57	81.4	407.0	0.3333333333333333
88443	373	0	5	0.925	290.4	1452.0	0.6666666666666666
88444	334	0	5	0.8275	261.0	1305.0	0.3333333333333333
88445	353	1	4	0.88	240.6	1203.0	1.0
88446	267	0	5	0.66	187.2	936.0	0.3333333333333333
88447	130	0	5	0.3175	102.8	514.0	0.3333333333333333
88448	311	0	5	0.77	130.2	651.0	0.3333333333333333
88449	274	0	5	0.6775	131.8	659.0	0.6666666666666666
88450	328	1	4	0.8175	190.6	953.0	1.0
88451	193	1	4	0.48	143.4	717.0	1.0
88452	120	0	5	0.2925	63.4	317.0	0.6666666666666666
88453	90	0	5	0.2175	23.2	116.0	0.3333333333333333
88454	102	0	5	0.2475	53.2	266.0	0.3333333333333333
88455	282	0	5	0.6975	145.0	725.0	0.3333333333333333
88456	392	1	4	0.9775	244.2	1221.0	1.0
88457	186	0	5	0.4575	118.0	590.0	0.3333333333333333
88458	296	1	4	0.7375	208.2	1041.0	1.0
88459	95	0	5	0.23	25.0	125.0	0.3333333333333333
88460	277	0	5	0.685	180.6	903.0	0.6666666666666666
88461	302	1	4	0.7525	141.2	706.0	1.0
88462	203	0	5	0.5	98.6	493.0	0.3333333333333333
88463	156	0	5	0.3825	100.8	504.0	0.3333333333333333
88464	359	1	3	0.895	177.8	889.0	1.0
88465	261	0	5	0.645	119.8	599.0	0.6666666666666666
88466	155	0	5	0.38	92.6	463.0	0.0
88467	138	0	5	0.3375	77.8	389.0	0.0
88468	400	0	5	0.9925	212.6	1063.0	0.6666666666666666
88469	254	0	5	0.6275	128.8	644.0	0.0
88470	109	0	5	0.265	85.8	429.0	0.0
88471	301	0	5	0.745	156.6	783.0	0.6666666666666666
88472	286	0	5	0.7075	157.6	788.0	0.6666666666666666
88473	285	1	4	0.71	125.6	628.0	1.0
88474	64	0	5	0.1525	62.0	310.0	0.0
88475	380	0	5	0.9425	102.0	510.0	0.6666666666666666
88476	85	0	5	0.205	69.0	345.0	0.0
88477	324	0	5	0.8025	231.4	1157.0	0.3333333333333333
88478	309	0	5	0.765	209.6	1048.0	0.6666666666666666
88479	237	0	5	0.585	195.8	979.0	0.3333333333333333
88480	237	0	5	0.585	217.2	1086.0	0.3333333333333333
88481	40	0	5	0.0925	27.0	135.0	0.3333333333333333
88482	184	0	5	0.4525	118.4	592.0	0.3333333333333333
88483	386	0	5	0.9575	303.2	1516.0	0.3333333333333333
88484	209	0	5	0.515	196.2	981.0	0.0
88485	148	0	5	0.3625	87.2	436.0	0.3333333333333333
88486	14	0	5	0.0275	12.0	60.0	0.0
88487	175	0	5	0.43	157.8	789.0	0.3333333333333333
88488	94	0	5	0.2275	88.4	442.0	0.3333333333333333
88489	340	0	5	0.8425	217.4	1087.0	0.3333333333333333
88490	175	0	5	0.43	39.4	197.0	0.3333333333333333
88491	164	0	5	0.4025	55.4	277.0	0.3333333333333333
88492	114	0	5	0.2775	65.4	327.0	0.3333333333333333
88493	163	0	5	0.4	75.0	375.0	0.3333333333333333
88494	2	0	5	0.0	0.0	0.0	0.0
88495	49	0	5	0.115	47.0	235.0	0.0
88496	330	0	5	0.8175	197.0	985.0	0.3333333333333333
88497	226	0	5	0.5575	111.2	556.0	0.6666666666666666
88498	317	0	5	0.785	134.4	672.0	0.3333333333333333
88499	51	0	5	0.12	49.0	245.0	0.0
88500	206	0	5	0.5075	146.4	732.0	0.6666666666666666
88501	56	0	5	0.1325	38.4	192.0	0.0
88502	166	0	5	0.4075	135.2	676.0	0.3333333333333333
88503	245	0	5	0.605	122.0	610.0	0.3333333333333333
88504	395	0	5	0.98	188.4	942.0	0.6666666666666666
88505	39	0	5	0.09	37.0	185.0	0.0
88506	176	0	5	0.4325	84.4	422.0	0.6666666666666666
88507	258	0	5	0.6375	110.8	554.0	0.3333333333333333
88508	43	0	5	0.1	41.0	205.0	0.0
88509	325	0	5	0.805	217.2	1086.0	0.3333333333333333
88510	281	0	5	0.695	225.8	1129.0	0.3333333333333333
88511	166	0	5	0.4075	95.4	477.0	0.3333333333333333
88512	287	0	5	0.71	219.0	1095.0	0.3333333333333333
88513	97	0	5	0.235	95.0	475.0	0.0
88514	61	0	5	0.145	45.8	229.0	0.0
88515	304	0	5	0.7525	134.4	672.0	0.6666666666666666
88516	223	0	5	0.55	209.6	1048.0	0.6666666666666666
88517	278	0	5	0.6875	135.4	677.0	0.6666666666666666
88518	43	0	5	0.1	41.0	205.0	0.0
88519	236	0	5	0.5825	200.6	1003.0	0.3333333333333333
88520	295	0	5	0.73	242.4	1212.0	0.3333333333333333
88521	295	0	5	0.73	186.6	933.0	0.3333333333333333
88522	168	0	5	0.4125	149.8	749.0	0.0
88523	64	0	5	0.1525	36.8	184.0	0.3333333333333333
88524	193	0	5	0.475	188.2	941.0	0.3333333333333333
88525	263	0	5	0.65	116.2	581.0	0.3333333333333333
88526	123	0	5	0.3	105.6	528.0	0.0
88527	197	0	5	0.485	135.0	675.0	0.3333333333333333
88528	176	0	5	0.4325	60.8	304.0	0.6666666666666666
88529	291	0	5	0.72	169.4	847.0	0.6666666666666666
88530	177	0	5	0.435	69.6	348.0	0.3333333333333333
88531	168	0	5	0.4125	81.4	407.0	0.3333333333333333
88532	391	1	4	0.975	141.4	707.0	1.0
88533	355	0	5	0.88	293.8	1469.0	0.6666666666666666
88534	172	0	5	0.4225	146.6	733.0	0.3333333333333333
88535	176	0	5	0.4325	149.8	749.0	0.6666666666666666
88536	70	0	5	0.1675	56.0	280.0	0.3333333333333333
88537	188	0	5	0.4625	180.4	902.0	0.3333333333333333
88538	24	0	5	0.0525	20.6	103.0	0.0
88539	234	0	5	0.5775	183.2	916.0	0.3333333333333333
88540	317	0	5	0.785	227.8	1139.0	0.6666666666666666
88541	186	0	5	0.4575	180.6	903.0	0.0
88542	67	0	5	0.16	59.4	297.0	0.0
88543	297	0	5	0.735	248.6	1243.0	0.3333333333333333
88544	217	0	5	0.535	146.6	733.0	0.3333333333333333
88545	357	1	4	0.89	241.0	1205.0	1.0
88546	181	0	5	0.445	131.8	659.0	0.3333333333333333
88547	344	0	5	0.8525	142.8	714.0	0.6666666666666666
88548	37	0	5	0.085	21.6	108.0	0.3333333333333333
88549	303	1	4	0.755	129.4	647.0	1.0
88550	325	0	5	0.805	226.6	1133.0	0.3333333333333333
88551	241	0	5	0.595	239.0	1195.0	0.0
88552	105	0	5	0.255	71.0	355.0	0.3333333333333333
88553	205	0	5	0.505	126.8	634.0	0.6666666666666666
88554	372	1	4	0.9275	224.0	1120.0	1.0
88555	242	0	5	0.5975	124.8	624.0	0.6666666666666666
88556	143	0	5	0.35	52.8	264.0	0.3333333333333333
88557	370	0	5	0.9175	116.8	584.0	0.6666666666666666
88558	183	1	4	0.455	79.0	395.0	1.0
88559	144	0	5	0.3525	120.8	604.0	0.3333333333333333
88560	116	0	5	0.2825	75.2	376.0	0.0
88561	29	0	5	0.065	27.0	135.0	0.3333333333333333
88562	53	0	5	0.125	31.4	157.0	0.3333333333333333
88563	211	0	5	0.52	176.2	881.0	0.0
88564	92	0	5	0.2225	66.8	334.0	0.3333333333333333
88565	55	0	5	0.13	53.0	265.0	0.0
88566	308	0	5	0.7625	144.2	721.0	0.6666666666666666
88567	355	0	5	0.88	179.2	896.0	0.6666666666666666
88568	84	0	5	0.2025	77.2	386.0	0.0
88569	84	0	5	0.2025	73.4	367.0	0.3333333333333333
88570	172	1	4	0.4275	68.8	344.0	1.0
88571	253	0	5	0.625	73.4	367.0	0.3333333333333333
88572	378	1	4	0.9425	189.0	945.0	1.0
88573	192	0	5	0.4725	90.0	450.0	0.6666666666666666
88574	285	0	5	0.705	172.6	863.0	0.6666666666666666
88575	161	0	5	0.395	65.4	327.0	0.3333333333333333
88576	307	0	5	0.76	118.6	593.0	0.0
88577	111	0	5	0.27	70.0	350.0	0.3333333333333333
88578	209	0	5	0.515	181.4	907.0	0.3333333333333333
88579	127	0	5	0.31	106.2	531.0	0.3333333333333333
88580	180	0	5	0.4425	96.4	482.0	0.3333333333333333
88581	187	0	5	0.46	168.8	844.0	0.3333333333333333
88582	34	0	5	0.0775	32.0	160.0	0.0
88583	301	0	5	0.745	285.0	1425.0	0.6666666666666666
88584	297	1	4	0.74	184.6	923.0	1.0
88585	289	0	5	0.715	252.8	1264.0	0.0
88586	169	0	5	0.415	148.8	744.0	0.3333333333333333
88587	98	0	5	0.2375	88.4	442.0	0.0
88588	247	0	5	0.61	206.4	1032.0	0.3333333333333333
88589	339	0	5	0.84	178.2	891.0	0.6666666666666666
88590	320	0	5	0.7925	198.8	994.0	0.3333333333333333
88591	381	1	4	0.95	172.2	861.0	1.0
88592	248	0	5	0.6125	180.4	902.0	0.6666666666666666
88593	169	0	5	0.415	89.4	447.0	0.3333333333333333
88594	201	0	5	0.495	137.8	689.0	0.6666666666666666
88595	362	0	5	0.8975	143.0	715.0	0.6666666666666666
88596	47	0	5	0.11	34.0	170.0	0.3333333333333333
88597	382	0	5	0.9475	122.0	610.0	0.6666666666666666
88598	244	1	4	0.6075	119.0	595.0	1.0
88599	297	0	5	0.735	149.2	746.0	0.3333333333333333
88600	315	0	5	0.78	167.8	839.0	0.3333333333333333
88601	332	0	5	0.8225	221.6	1108.0	0.6666666666666666
88602	328	0	5	0.8125	177.6	888.0	0.6666666666666666
88603	38	0	5	0.0875	36.0	180.0	0.0
88604	388	1	4	0.9675	229.8	1149.0	1.0
88605	293	1	4	0.73	239.0	1195.0	1.0
88606	52	0	5	0.1225	29.6	148.0	0.6666666666666666
88607	175	0	5	0.43	41.0	205.0	0.6666666666666666
88608	397	1	4	0.99	191.4	957.0	1.0
88609	187	0	5	0.46	174.0	870.0	0.3333333333333333
88610	156	0	5	0.3825	39.6	198.0	0.3333333333333333
88611	162	0	5	0.3975	92.8	464.0	0.3333333333333333
88612	41	0	5	0.095	39.0	195.0	0.0
88613	306	0	5	0.7575	245.8	1229.0	0.3333333333333333
88614	202	0	5	0.4975	59.8	299.0	0.6666666666666666
88615	63	0	5	0.15	61.0	305.0	0.0
88616	140	0	5	0.3425	138.0	690.0	0.0
88617	390	1	4	0.9725	303.4	1517.0	1.0
88618	317	1	4	0.79	256.8	1284.0	1.0
88619	306	0	5	0.7575	64.8	324.0	0.6666666666666666
88620	78	0	5	0.1875	51.2	256.0	0.3333333333333333
88621	397	0	5	0.985	258.6	1293.0	0.6666666666666666
88622	308	0	5	0.7625	85.6	428.0	0.3333333333333333
88623	311	0	5	0.77	212.8	1064.0	0.3333333333333333
88624	200	0	5	0.4925	138.0	690.0	0.3333333333333333
88625	224	0	5	0.5525	179.4	897.0	0.3333333333333333
88626	66	0	5	0.1575	58.6	293.0	0.0
88627	15	0	5	0.03	13.0	65.0	0.0
88628	308	0	5	0.7625	183.6	918.0	0.3333333333333333
88629	374	1	3	0.9325	255.8	1279.0	1.0
88630	162	0	5	0.3975	152.2	761.0	0.3333333333333333
88631	12	0	5	0.0225	7.6	38.0	0.0
88632	155	0	5	0.38	70.8	354.0	0.0
88633	318	0	5	0.7875	101.6	508.0	0.3333333333333333
88634	130	0	5	0.3175	88.2	441.0	0.3333333333333333
88635	2	0	5	0.0	0.0	0.0	0.0
88636	338	1	4	0.8425	139.6	698.0	1.0
88637	35	0	5	0.08	33.0	165.0	0.0
88638	34	0	5	0.0775	32.0	160.0	0.0
88639	352	0	5	0.8725	210.2	1051.0	0.6666666666666666
88640	70	0	5	0.1675	61.2	306.0	0.3333333333333333
88641	209	0	5	0.515	117.6	588.0	0.6666666666666666
88642	236	1	4	0.5875	130.8	654.0	1.0
88643	394	0	5	0.9775	302.4	1512.0	0.6666666666666666
88644	286	0	5	0.7075	148.8	744.0	0.3333333333333333
88645	50	0	5	0.1175	42.0	210.0	0.0
88646	236	0	5	0.5825	87.2	436.0	0.6666666666666666
88647	361	0	5	0.895	115.0	575.0	0.6666666666666666
88648	255	0	5	0.63	193.4	967.0	0.6666666666666666
88649	36	0	5	0.0825	34.0	170.0	0.0
88650	280	0	5	0.6925	121.0	605.0	0.6666666666666666
88651	171	0	5	0.42	98.0	490.0	0.3333333333333333
88652	299	0	5	0.74	235.8	1179.0	0.3333333333333333
88653	233	0	5	0.575	177.4	887.0	0.3333333333333333
88654	169	0	5	0.415	144.4	722.0	0.6666666666666666
88655	350	0	5	0.8675	171.4	857.0	0.6666666666666666
88656	324	0	5	0.8025	244.8	1224.0	0.3333333333333333
88657	389	0	5	0.965	298.8	1494.0	0.6666666666666666
88658	84	0	5	0.2025	59.8	299.0	0.3333333333333333
88659	339	0	5	0.84	229.0	1145.0	0.6666666666666666
88660	141	0	5	0.345	116.8	584.0	0.3333333333333333
88661	287	0	5	0.71	110.2	551.0	0.6666666666666666
88662	381	0	5	0.945	136.6	683.0	0.6666666666666666
88663	218	0	5	0.5375	175.0	875.0	0.6666666666666666
88664	228	0	5	0.5625	94.0	470.0	0.6666666666666666
88665	142	0	5	0.3475	140.0	700.0	0.0
88666	256	0	5	0.6325	200.4	1002.0	0.3333333333333333
88667	311	0	5	0.77	166.6	833.0	0.6666666666666666
88668	139	0	5	0.34	137.0	685.0	0.0
88669	390	1	4	0.9725	240.6	1203.0	1.0
88670	112	0	5	0.2725	70.0	350.0	0.3333333333333333
88671	193	0	5	0.475	67.4	337.0	0.6666666666666666
88672	368	0	5	0.9125	126.8	634.0	0.6666666666666666
88673	160	0	5	0.3925	35.6	178.0	0.6666666666666666
88674	303	0	5	0.75	228.6	1143.0	0.6666666666666666
88675	138	0	5	0.3375	136.0	680.0	0.0
88676	78	0	5	0.1875	76.0	380.0	0.0
88677	201	0	5	0.495	161.2	806.0	0.3333333333333333
88678	374	0	5	0.9275	247.2	1236.0	0.6666666666666666
88679	176	0	5	0.4325	157.4	787.0	0.3333333333333333
88680	96	0	5	0.2325	84.4	422.0	0.3333333333333333
88681	160	0	5	0.3925	116.0	580.0	0.3333333333333333
88682	35	0	5	0.08	33.0	165.0	0.0
88683	318	0	5	0.7875	270.8	1354.0	0.3333333333333333
88684	214	0	5	0.5275	171.0	855.0	0.3333333333333333
88685	370	0	5	0.9175	85.6	428.0	0.6666666666666666
88686	375	0	5	0.93	114.6	573.0	0.3333333333333333
88687	268	0	5	0.6625	157.0	785.0	0.6666666666666666
88688	104	0	5	0.2525	85.4	427.0	0.0
88689	39	0	5	0.09	17.0	85.0	0.3333333333333333
88690	368	1	4	0.9175	255.2	1276.0	1.0
88691	109	0	5	0.265	79.4	397.0	0.0
88692	212	0	5	0.5225	100.6	503.0	0.3333333333333333
88693	211	0	5	0.52	193.4	967.0	0.3333333333333333
88694	258	0	5	0.6375	215.2	1076.0	0.3333333333333333
88695	57	0	5	0.135	23.0	115.0	0.3333333333333333
88696	167	0	5	0.41	86.4	432.0	0.3333333333333333
88697	352	1	4	0.8775	185.6	928.0	1.0
88698	353	0	5	0.875	166.6	833.0	0.6666666666666666
88699	152	0	5	0.3725	132.0	660.0	0.0
88700	357	0	5	0.885	228.8	1144.0	0.6666666666666666
88701	267	0	5	0.66	136.0	680.0	0.3333333333333333
88702	243	0	5	0.6	179.8	899.0	0.3333333333333333
88703	186	0	5	0.4575	154.8	774.0	0.3333333333333333
88704	358	0	5	0.8875	87.8	439.0	0.6666666666666666
88705	52	0	5	0.1225	19.6	98.0	0.3333333333333333
88706	297	1	4	0.74	262.6	1313.0	1.0
88707	329	0	5	0.815	261.8	1309.0	0.6666666666666666
88708	337	0	5	0.835	272.8	1364.0	0.6666666666666666
88709	317	0	5	0.785	161.4	807.0	0.6666666666666666
88710	151	0	5	0.37	114.4	572.0	0.0
88711	198	0	5	0.4875	124.4	622.0	0.6666666666666666
88712	192	0	5	0.4725	62.4	312.0	0.6666666666666666
88713	133	0	5	0.325	80.0	400.0	0.3333333333333333
88714	312	0	5	0.7725	141.6	708.0	0.6666666666666666
88715	367	0	5	0.91	163.6	818.0	0.6666666666666666
88716	237	0	5	0.585	209.4	1047.0	0.3333333333333333
88717	287	0	5	0.71	244.0	1220.0	0.3333333333333333
88718	379	0	5	0.94	283.8	1419.0	0.6666666666666666
88719	100	0	5	0.2425	66.8	334.0	0.0
88720	111	0	5	0.27	77.8	389.0	0.0
88721	158	0	5	0.3875	137.2	686.0	0.0
88722	325	0	5	0.805	137.6	688.0	0.6666666666666666
88723	74	0	5	0.1775	72.0	360.0	0.0
88724	294	0	5	0.7275	178.2	891.0	0.3333333333333333
88725	270	0	5	0.6675	183.2	916.0	0.3333333333333333
88726	305	0	5	0.755	209.8	1049.0	0.6666666666666666
88727	306	0	5	0.7575	175.6	878.0	0.6666666666666666
88728	371	0	5	0.92	208.0	1040.0	0.3333333333333333
88729	281	0	5	0.695	207.8	1039.0	0.6666666666666666
88730	138	0	5	0.3375	113.2	566.0	0.6666666666666666
88731	239	0	5	0.59	199.6	998.0	0.0
88732	305	1	4	0.76	159.8	799.0	1.0
88733	106	0	5	0.2575	104.0	520.0	0.0
88734	285	0	5	0.705	168.0	840.0	0.6666666666666666
88735	324	0	5	0.8025	86.0	430.0	0.3333333333333333
88736	296	1	4	0.7375	91.6	458.0	1.0
88737	281	0	5	0.695	83.8	419.0	0.6666666666666666
88738	362	0	5	0.8975	197.4	987.0	0.6666666666666666
88739	306	0	5	0.7575	245.0	1225.0	0.6666666666666666
88740	38	0	5	0.0875	36.0	180.0	0.0
88741	51	0	5	0.12	47.4	237.0	0.0
88742	350	0	5	0.8675	167.6	838.0	0.6666666666666666
88743	145	0	5	0.355	86.0	430.0	0.3333333333333333
88744	335	0	5	0.83	239.0	1195.0	0.6666666666666666
88745	87	0	5	0.21	72.0	360.0	0.3333333333333333
88746	343	0	5	0.85	108.2	541.0	0.3333333333333333
88747	2	0	5	0.0	0.0	0.0	0.0
88748	262	0	5	0.6475	227.6	1138.0	0.3333333333333333
88749	146	0	5	0.3575	122.2	611.0	0.0
88750	24	0	5	0.0525	22.0	110.0	0.0
88751	106	0	5	0.2575	79.8	399.0	0.0
88752	269	0	5	0.665	108.6	543.0	0.3333333333333333
88753	80	0	5	0.1925	78.0	390.0	0.0
88754	195	0	5	0.48	60.2	301.0	0.3333333333333333
88755	221	0	5	0.545	189.0	945.0	0.3333333333333333
88756	339	0	5	0.84	155.6	778.0	0.6666666666666666
88757	330	0	5	0.8175	136.2	681.0	0.6666666666666666
88758	62	0	5	0.1475	60.0	300.0	0.0
88759	212	0	5	0.5225	163.2	816.0	0.3333333333333333
88760	291	0	5	0.72	172.0	860.0	0.6666666666666666
88761	107	0	5	0.26	69.0	345.0	0.6666666666666666
88762	3	0	5	0.0025	0.4	2.0	0.3333333333333333
88763	297	0	5	0.735	230.6	1153.0	0.3333333333333333
88764	225	0	5	0.555	159.8	799.0	0.3333333333333333
88765	315	0	5	0.78	228.6	1143.0	0.6666666666666666
88766	359	0	5	0.89	238.2	1191.0	0.6666666666666666
88767	20	0	5	0.0425	18.0	90.0	0.0
88768	310	0	5	0.7675	181.2	906.0	0.3333333333333333
88769	365	0	5	0.905	124.4	622.0	0.6666666666666666
88770	186	0	5	0.4575	173.2	866.0	0.0
88771	115	0	5	0.28	89.8	449.0	0.3333333333333333
88772	281	0	5	0.695	154.4	772.0	0.3333333333333333
88773	256	0	5	0.6325	171.8	859.0	0.0
88774	157	0	5	0.385	62.6	313.0	0.6666666666666666
88775	273	0	5	0.675	256.8	1284.0	0.6666666666666666
88776	171	0	5	0.42	45.8	229.0	0.6666666666666666
88777	335	0	5	0.83	275.4	1377.0	0.6666666666666666
88778	45	0	5	0.105	43.0	215.0	0.0
88779	257	0	5	0.635	67.6	338.0	0.6666666666666666
88780	385	0	5	0.955	248.4	1242.0	0.6666666666666666
88781	91	0	5	0.22	89.0	445.0	0.0
88782	197	0	5	0.485	117.0	585.0	0.6666666666666666
88783	7	0	5	0.01	5.0	25.0	0.0
88784	111	0	5	0.27	31.4	157.0	0.3333333333333333
88785	285	0	5	0.705	102.2	511.0	0.6666666666666666
88786	245	0	5	0.605	100.2	501.0	0.0
88787	300	0	5	0.7425	158.4	792.0	0.6666666666666666
88788	206	0	5	0.5075	135.2	676.0	0.6666666666666666
88789	211	0	5	0.52	202.6	1013.0	0.0
88790	110	0	5	0.2675	108.0	540.0	0.0
88791	142	0	5	0.3475	61.0	305.0	0.6666666666666666
88792	196	0	5	0.4825	127.4	637.0	0.6666666666666666
88793	215	0	5	0.53	177.8	889.0	0.0
88794	319	0	5	0.79	213.0	1065.0	0.3333333333333333
88795	276	0	5	0.6825	204.0	1020.0	0.3333333333333333
88796	142	0	5	0.3475	100.4	502.0	0.3333333333333333
88797	346	0	5	0.8575	203.4	1017.0	0.3333333333333333
88798	304	0	5	0.7525	93.4	467.0	0.3333333333333333
88799	157	0	5	0.385	104.6	523.0	0.0
88800	79	0	5	0.19	47.0	235.0	0.3333333333333333
88801	242	0	5	0.5975	195.6	978.0	0.0
88802	87	0	5	0.21	77.8	389.0	0.3333333333333333
88803	32	0	5	0.0725	23.6	118.0	0.3333333333333333
88804	247	0	5	0.61	159.4	797.0	0.6666666666666666
88805	26	0	5	0.0575	19.2	96.0	0.0
88806	87	0	5	0.21	44.4	222.0	0.3333333333333333
88807	100	0	5	0.2425	50.8	254.0	0.6666666666666666
88808	376	1	4	0.9375	177.4	887.0	1.0
88809	106	0	5	0.2575	91.8	459.0	0.0
88810	115	0	5	0.28	48.2	241.0	0.3333333333333333
88811	316	0	5	0.7825	266.8	1334.0	0.3333333333333333
88812	333	0	5	0.825	253.0	1265.0	0.6666666666666666
88813	287	0	5	0.71	111.0	555.0	0.6666666666666666
88814	65	0	5	0.155	34.2	171.0	0.3333333333333333
88815	134	0	5	0.3275	114.6	573.0	0.0
88816	374	1	4	0.9325	172.4	862.0	1.0
88817	103	0	5	0.25	86.4	432.0	0.0
88818	373	0	5	0.925	267.0	1335.0	0.3333333333333333
88819	360	0	5	0.8925	145.6	728.0	0.6666666666666666
88820	341	0	5	0.845	258.6	1293.0	0.3333333333333333
88821	155	0	5	0.38	118.6	593.0	0.3333333333333333
88822	40	0	5	0.0925	36.0	180.0	0.0
88823	38	0	5	0.0875	36.0	180.0	0.0
88824	379	0	5	0.94	247.4	1237.0	0.6666666666666666
88825	198	0	5	0.4875	125.8	629.0	0.3333333333333333
88826	59	0	5	0.14	57.0	285.0	0.0
88827	23	0	5	0.05	21.0	105.0	0.0
88828	360	0	5	0.8925	235.8	1179.0	0.6666666666666666
88829	208	0	5	0.5125	48.4	242.0	0.6666666666666666
88830	229	0	5	0.565	129.6	648.0	0.6666666666666666
88831	202	0	5	0.4975	110.8	554.0	0.3333333333333333
88832	135	0	5	0.33	131.6	658.0	0.3333333333333333
88833	379	0	5	0.94	217.0	1085.0	0.6666666666666666
88834	354	0	5	0.8775	266.4	1332.0	0.6666666666666666
88835	130	0	5	0.3175	56.6	283.0	0.3333333333333333
88836	390	0	5	0.9675	232.4	1162.0	0.6666666666666666
88837	285	0	5	0.705	184.0	920.0	0.6666666666666666
88838	150	0	5	0.3675	99.6	498.0	0.3333333333333333
88839	372	0	5	0.9225	282.6	1413.0	0.6666666666666666
88840	179	0	5	0.44	171.8	859.0	0.0
88841	149	0	5	0.365	147.0	735.0	0.0
88842	179	0	5	0.44	58.6	293.0	0.6666666666666666
88843	4	0	5	0.0025	2.0	10.0	0.0
88844	228	0	5	0.5625	144.0	720.0	0.3333333333333333
88845	100	0	5	0.2425	98.0	490.0	0.0
88846	131	0	5	0.32	97.8	489.0	0.3333333333333333
88847	147	0	5	0.36	105.0	525.0	0.0
88848	295	1	4	0.735	215.4	1077.0	1.0
88849	264	0	5	0.6525	118.0	590.0	0.3333333333333333
88850	96	0	5	0.2325	81.2	406.0	0.3333333333333333
88851	47	0	5	0.11	45.0	225.0	0.0
88852	59	0	5	0.14	32.4	162.0	0.0
88853	269	0	5	0.665	125.6	628.0	0.6666666666666666
88854	287	0	5	0.71	133.8	669.0	0.6666666666666666
88855	251	1	4	0.625	201.4	1007.0	1.0
88856	35	0	5	0.08	33.0	165.0	0.0
88857	344	0	5	0.8525	251.0	1255.0	0.6666666666666666
88858	369	0	5	0.915	221.6	1108.0	0.6666666666666666
88859	298	0	5	0.7375	255.2	1276.0	0.3333333333333333
88860	357	0	5	0.885	207.2	1036.0	0.6666666666666666
88861	378	1	4	0.9425	246.0	1230.0	1.0
88862	334	1	4	0.8325	70.0	350.0	1.0
88863	342	0	5	0.8475	238.4	1192.0	0.6666666666666666
88864	291	0	5	0.72	187.4	937.0	0.3333333333333333
88865	221	0	5	0.545	164.4	822.0	0.6666666666666666
88866	174	0	5	0.4275	92.2	461.0	0.6666666666666666
88867	253	0	5	0.625	123.2	616.0	0.6666666666666666
88868	102	0	5	0.2475	100.0	500.0	0.0
88869	336	0	5	0.8325	277.8	1389.0	0.6666666666666666
88870	297	0	5	0.735	213.4	1067.0	0.3333333333333333
88871	289	0	5	0.715	153.8	769.0	0.6666666666666666
88872	37	0	5	0.085	35.0	175.0	0.0
88873	9	0	5	0.015	7.0	35.0	0.0
88874	222	0	5	0.5475	75.2	376.0	0.0
88875	372	0	5	0.9225	191.6	958.0	0.6666666666666666
88876	186	0	5	0.4575	81.6	408.0	0.6666666666666666
88877	136	0	5	0.3325	120.0	600.0	0.3333333333333333
88878	181	0	5	0.445	74.6	373.0	0.3333333333333333
88879	61	0	5	0.145	59.0	295.0	0.0
88880	106	0	5	0.2575	104.0	520.0	0.0
88881	258	1	4	0.6425	174.0	870.0	1.0
88882	337	0	5	0.835	263.0	1315.0	0.3333333333333333
88883	235	0	5	0.58	202.8	1014.0	0.3333333333333333
88884	135	0	5	0.33	133.0	665.0	0.0
88885	337	0	5	0.835	258.0	1290.0	0.6666666666666666
88886	158	0	5	0.3875	156.0	780.0	0.0
88887	345	1	4	0.86	79.4	397.0	1.0
88888	195	0	5	0.48	156.8	784.0	0.3333333333333333
88889	301	0	5	0.745	211.2	1056.0	0.3333333333333333
88890	319	0	5	0.79	93.6	468.0	0.6666666666666666
88891	205	1	3	0.51	131.0	655.0	1.0
88892	18	0	5	0.0375	16.0	80.0	0.0
88893	180	0	5	0.4425	39.6	198.0	0.6666666666666666
88894	300	0	5	0.7425	147.6	738.0	0.6666666666666666
88895	274	1	4	0.6825	89.8	449.0	1.0
88896	210	0	5	0.5175	172.0	860.0	0.3333333333333333
88897	54	0	5	0.1275	52.0	260.0	0.0
88898	123	0	5	0.3	104.8	524.0	0.0
88899	144	0	5	0.3525	142.0	710.0	0.0
88900	117	0	5	0.285	100.2	501.0	0.3333333333333333
88901	297	0	5	0.735	118.4	592.0	0.3333333333333333
88902	210	0	5	0.5175	146.4	732.0	0.3333333333333333
88903	94	0	5	0.2275	39.2	196.0	0.3333333333333333
88904	48	0	5	0.1125	38.8	194.0	0.3333333333333333
88905	165	0	5	0.405	105.4	527.0	0.3333333333333333
88906	231	0	5	0.57	125.2	626.0	0.3333333333333333
88907	283	0	5	0.7	123.2	616.0	0.3333333333333333
88908	141	0	5	0.345	139.0	695.0	0.0
88909	245	0	5	0.605	134.8	674.0	0.6666666666666666
88910	256	0	5	0.6325	220.4	1102.0	0.3333333333333333
88911	333	0	5	0.825	224.0	1120.0	0.6666666666666666
88912	259	0	5	0.64	139.0	695.0	0.6666666666666666
88913	181	0	5	0.445	168.4	842.0	0.3333333333333333
88914	197	0	5	0.485	91.8	459.0	0.3333333333333333
88915	241	1	4	0.6	85.6	428.0	1.0
88916	171	0	5	0.42	114.8	574.0	0.6666666666666666
88917	239	0	5	0.59	228.6	1143.0	0.0
88918	291	0	5	0.72	97.8	489.0	0.3333333333333333
88919	104	0	5	0.2525	62.6	313.0	0.3333333333333333
88920	223	1	4	0.555	166.2	831.0	1.0
88921	82	0	5	0.1975	75.6	378.0	0.3333333333333333
88922	65	0	5	0.155	63.0	315.0	0.0
88923	202	0	5	0.4975	80.8	404.0	0.3333333333333333
88924	392	0	5	0.9725	315.6	1578.0	0.3333333333333333
88925	334	1	4	0.8325	178.8	894.0	1.0
88926	315	0	5	0.78	194.4	972.0	0.6666666666666666
88927	345	0	5	0.855	240.8	1204.0	0.3333333333333333
88928	336	0	5	0.8325	157.2	786.0	0.6666666666666666
88929	304	0	5	0.7525	214.4	1072.0	0.3333333333333333
88930	343	0	5	0.85	77.0	385.0	0.6666666666666666
88931	116	0	5	0.2825	78.0	390.0	0.3333333333333333
88932	128	0	5	0.3125	112.4	562.0	0.3333333333333333
88933	272	0	5	0.6725	124.4	622.0	0.6666666666666666
88934	275	0	5	0.68	229.4	1147.0	0.6666666666666666
88935	191	0	5	0.47	142.4	712.0	0.6666666666666666
88936	187	1	4	0.465	71.8	359.0	1.0
88937	291	0	5	0.72	251.0	1255.0	0.3333333333333333
88938	137	0	5	0.335	34.2	171.0	0.3333333333333333
88939	265	0	5	0.655	101.2	506.0	0.6666666666666666
88940	182	0	5	0.4475	141.2	706.0	0.3333333333333333
88941	147	0	5	0.36	51.4	257.0	0.3333333333333333
88942	354	0	5	0.8775	159.0	795.0	0.6666666666666666
88943	182	0	5	0.4475	146.0	730.0	0.0
88944	53	0	5	0.125	51.0	255.0	0.0
88945	291	0	5	0.72	125.4	627.0	0.3333333333333333
88946	147	0	5	0.36	131.6	658.0	0.3333333333333333
88947	285	0	5	0.705	198.8	994.0	0.6666666666666666
88948	242	0	5	0.5975	208.6	1043.0	0.3333333333333333
88949	270	0	5	0.6675	167.2	836.0	0.3333333333333333
88950	240	0	5	0.5925	135.8	679.0	0.6666666666666666
88951	265	0	5	0.655	219.8	1099.0	0.6666666666666666
88952	306	0	5	0.7575	100.6	503.0	0.6666666666666666
88953	262	0	5	0.6475	92.4	462.0	0.6666666666666666
88954	228	0	5	0.5625	169.6	848.0	0.6666666666666666
88955	217	0	5	0.535	190.4	952.0	0.3333333333333333
88956	219	0	5	0.54	122.8	614.0	0.3333333333333333
88957	196	0	5	0.4825	86.6	433.0	0.6666666666666666
88958	168	0	5	0.4125	114.6	573.0	0.3333333333333333
88959	299	0	5	0.74	290.8	1454.0	0.3333333333333333
88960	155	1	4	0.385	131.0	655.0	1.0
88961	188	0	5	0.4625	110.4	552.0	0.3333333333333333
88962	231	0	5	0.57	161.8	809.0	0.3333333333333333
88963	144	0	5	0.3525	135.2	676.0	0.0
88964	216	0	5	0.5325	145.8	729.0	0.0
88965	255	0	5	0.63	50.8	254.0	0.0
88966	223	0	5	0.55	178.2	891.0	0.3333333333333333
88967	394	1	4	0.9825	267.6	1338.0	1.0
88968	237	1	4	0.59	130.6	653.0	1.0
88969	116	0	5	0.2825	69.2	346.0	0.3333333333333333
88970	388	0	5	0.9625	103.6	518.0	0.6666666666666666
88971	390	1	4	0.9725	198.6	993.0	1.0
88972	257	0	5	0.635	184.2	921.0	0.3333333333333333
88973	287	1	4	0.715	192.0	960.0	1.0
88974	23	0	5	0.05	21.0	105.0	0.0
88975	27	0	5	0.06	25.0	125.0	0.0
88976	193	0	5	0.475	152.8	764.0	0.6666666666666666
88977	167	0	5	0.41	70.2	351.0	0.3333333333333333
88978	286	0	5	0.7075	210.2	1051.0	0.6666666666666666
88979	374	0	5	0.9275	181.4	907.0	0.6666666666666666
88980	390	0	5	0.9675	256.4	1282.0	0.6666666666666666
88981	133	0	5	0.325	105.8	529.0	0.0
88982	224	0	5	0.5525	163.0	815.0	0.6666666666666666
88983	171	0	5	0.42	160.0	800.0	0.3333333333333333
88984	126	0	5	0.3075	68.8	344.0	0.3333333333333333
88985	105	0	5	0.255	28.6	143.0	0.3333333333333333
88986	229	0	5	0.565	227.0	1135.0	0.0
88987	77	0	5	0.185	65.8	329.0	0.3333333333333333
88988	110	0	5	0.2675	104.6	523.0	0.0
88989	218	0	5	0.5375	175.2	876.0	0.6666666666666666
88990	109	0	5	0.265	107.0	535.0	0.0
88991	229	0	5	0.565	120.2	601.0	0.3333333333333333
88992	5	0	5	0.005	3.0	15.0	0.0
88993	86	0	5	0.2075	79.2	396.0	0.0
88994	27	0	5	0.06	25.0	125.0	0.0
88995	209	0	5	0.515	153.8	769.0	0.3333333333333333
88996	317	0	5	0.785	182.8	914.0	0.6666666666666666
88997	271	1	4	0.675	137.0	685.0	1.0
88998	142	0	5	0.3475	102.2	511.0	0.0
88999	249	0	5	0.615	195.8	979.0	0.3333333333333333
89000	162	0	5	0.3975	66.4	332.0	0.3333333333333333
89001	45	0	5	0.105	43.0	215.0	0.0
89002	279	0	5	0.69	243.0	1215.0	0.6666666666666666
89003	142	0	5	0.3475	79.2	396.0	0.3333333333333333
89004	115	0	5	0.28	113.0	565.0	0.0
89005	84	0	5	0.2025	82.0	410.0	0.0
89006	17	0	5	0.035	15.0	75.0	0.0
89007	279	0	5	0.69	133.2	666.0	0.3333333333333333
89008	251	0	5	0.62	113.4	567.0	0.3333333333333333
89009	109	0	5	0.265	98.8	494.0	0.3333333333333333
89010	123	0	5	0.3	104.8	524.0	0.0
89011	101	0	5	0.245	52.6	263.0	0.3333333333333333
89012	238	0	5	0.5875	150.4	752.0	0.6666666666666666
89013	271	0	5	0.67	121.4	607.0	0.6666666666666666
89014	294	1	4	0.7325	112.4	562.0	1.0
89015	129	0	5	0.315	42.8	214.0	0.6666666666666666
89016	150	0	5	0.3675	148.0	740.0	0.0
89017	48	0	5	0.1125	40.8	204.0	0.0
89018	362	0	5	0.8975	201.0	1005.0	0.6666666666666666
89019	101	0	5	0.245	58.2	291.0	0.6666666666666666
89020	294	0	5	0.7275	150.8	754.0	0.3333333333333333
89021	87	0	5	0.21	72.8	364.0	0.3333333333333333
89022	255	0	5	0.63	230.0	1150.0	0.3333333333333333
89023	175	0	5	0.43	44.2	221.0	0.3333333333333333
89024	279	0	5	0.69	230.6	1153.0	0.3333333333333333
89025	161	0	5	0.395	65.2	326.0	0.3333333333333333
89026	94	0	5	0.2275	24.0	120.0	0.3333333333333333
89027	256	0	5	0.6325	156.2	781.0	0.3333333333333333
89028	334	0	5	0.8275	210.0	1050.0	0.6666666666666666
89029	284	0	5	0.7025	130.8	654.0	0.3333333333333333
89030	155	0	5	0.38	131.2	656.0	0.3333333333333333
89031	303	0	5	0.75	203.8	1019.0	0.3333333333333333
89032	261	0	5	0.645	200.8	1004.0	0.3333333333333333
89033	21	0	5	0.045	19.0	95.0	0.0
89034	395	0	5	0.98	96.8	484.0	0.6666666666666666
89035	202	0	5	0.4975	107.2	536.0	0.3333333333333333
89036	64	0	5	0.1525	62.0	310.0	0.0
89037	310	0	5	0.7675	214.8	1074.0	0.3333333333333333
89038	199	0	5	0.49	164.4	822.0	0.6666666666666666
89039	398	0	5	0.9875	227.8	1139.0	0.6666666666666666
89040	41	0	5	0.095	39.0	195.0	0.0
89041	203	1	4	0.505	67.8	339.0	1.0
89042	73	0	5	0.175	50.2	251.0	0.3333333333333333
89043	185	0	5	0.455	135.0	675.0	0.0
89044	145	0	5	0.355	63.0	315.0	0.0
89045	66	0	5	0.1575	45.2	226.0	0.3333333333333333
89046	262	0	5	0.6475	242.0	1210.0	0.0
89047	380	0	5	0.9425	233.4	1167.0	0.6666666666666666
89048	283	1	4	0.705	188.6	943.0	1.0
89049	219	0	5	0.54	159.0	795.0	0.3333333333333333
89050	341	0	5	0.845	190.6	953.0	0.6666666666666666
89051	346	0	5	0.8575	293.4	1467.0	0.3333333333333333
89052	252	1	4	0.6275	193.2	966.0	1.0
89053	392	1	4	0.9775	294.8	1474.0	1.0
89054	43	0	5	0.1	18.6	93.0	0.3333333333333333
89055	377	0	5	0.935	186.0	930.0	0.3333333333333333
89056	274	0	5	0.6775	163.6	818.0	0.3333333333333333
89057	342	0	5	0.8475	189.2	946.0	0.3333333333333333
89058	138	0	5	0.3375	98.8	494.0	0.0
89059	23	0	5	0.05	21.0	105.0	0.0
89060	176	0	5	0.4325	156.4	782.0	0.3333333333333333
89061	91	0	5	0.22	88.4	442.0	0.3333333333333333
89062	332	0	5	0.8225	188.8	944.0	0.3333333333333333
89063	343	0	5	0.85	208.8	1044.0	0.6666666666666666
89064	183	0	5	0.45	98.8	494.0	0.6666666666666666
89065	51	0	5	0.12	41.4	207.0	0.3333333333333333
89066	191	0	5	0.47	145.8	729.0	0.3333333333333333
89067	338	0	5	0.8375	155.4	777.0	0.6666666666666666
89068	84	0	5	0.2025	80.2	401.0	0.0
89069	184	0	5	0.4525	119.0	595.0	0.0
89070	91	0	5	0.22	77.6	388.0	0.0
89071	311	1	4	0.775	198.4	992.0	1.0
89072	219	0	5	0.54	47.4	237.0	0.6666666666666666
89073	62	0	5	0.1475	60.0	300.0	0.0
89074	139	0	5	0.34	76.2	381.0	0.3333333333333333
89075	353	0	5	0.875	265.8	1329.0	0.6666666666666666
89076	75	0	5	0.18	64.6	323.0	0.3333333333333333
89077	365	0	5	0.905	163.6	818.0	0.6666666666666666
89078	185	0	5	0.455	146.2	731.0	0.6666666666666666
89079	152	0	5	0.3725	112.8	564.0	0.0
89080	202	0	5	0.4975	169.2	846.0	0.3333333333333333
89081	118	0	5	0.2875	62.0	310.0	0.0
89082	23	0	5	0.05	21.0	105.0	0.0
89083	212	0	5	0.5225	137.2	686.0	0.6666666666666666
89084	328	0	5	0.8125	241.4	1207.0	0.0
89085	202	0	5	0.4975	173.2	866.0	0.3333333333333333
89086	77	0	5	0.185	67.0	335.0	0.0
89087	372	0	5	0.9225	270.8	1354.0	0.6666666666666666
89088	162	0	5	0.3975	105.2	526.0	0.3333333333333333
89089	75	0	5	0.18	64.8	324.0	0.3333333333333333
89090	388	1	4	0.9675	151.6	758.0	1.0
89091	323	0	5	0.8	130.4	652.0	0.6666666666666666
89092	386	0	5	0.9575	287.2	1436.0	0.6666666666666666
89093	31	0	5	0.07	29.0	145.0	0.0
89094	330	0	5	0.8175	134.8	674.0	0.6666666666666666
89095	384	1	4	0.9575	192.6	963.0	1.0
89096	118	0	5	0.2875	81.8	409.0	0.6666666666666666
89097	164	0	5	0.4025	82.0	410.0	0.3333333333333333
89098	74	0	5	0.1775	72.0	360.0	0.0
89099	332	0	5	0.8225	169.0	845.0	0.3333333333333333
89100	164	0	5	0.4025	133.2	666.0	0.3333333333333333
89101	322	0	5	0.7975	219.6	1098.0	0.3333333333333333
89102	111	0	5	0.27	73.0	365.0	0.0
89103	111	0	5	0.27	41.0	205.0	0.3333333333333333
89104	132	0	5	0.3225	130.0	650.0	0.0
89105	232	0	5	0.5725	168.8	844.0	0.6666666666666666
89106	304	0	5	0.7525	165.6	828.0	0.6666666666666666
89107	390	0	5	0.9675	311.4	1557.0	0.6666666666666666
89108	394	1	4	0.9825	143.6	718.0	1.0
89109	226	1	4	0.5625	135.0	675.0	1.0
89110	114	0	5	0.2775	86.8	434.0	0.3333333333333333
89111	115	0	5	0.28	37.0	185.0	0.3333333333333333
89112	298	0	5	0.7375	241.0	1205.0	0.3333333333333333
89113	274	0	5	0.6775	176.0	880.0	0.3333333333333333
89114	185	0	5	0.455	153.0	765.0	0.6666666666666666
89115	126	0	5	0.3075	121.0	605.0	0.0
89116	202	0	5	0.4975	83.8	419.0	0.6666666666666666
89117	174	0	5	0.4275	93.2	466.0	0.3333333333333333
89118	51	0	5	0.12	49.0	245.0	0.0
89119	188	0	5	0.4625	186.0	930.0	0.0
89120	290	0	5	0.7175	259.8	1299.0	0.3333333333333333
89121	115	0	5	0.28	113.0	565.0	0.0
89122	184	0	5	0.4525	117.8	589.0	0.3333333333333333
89123	20	0	5	0.0425	5.2	26.0	0.3333333333333333
89124	287	0	5	0.71	136.6	683.0	0.6666666666666666
89125	399	0	5	0.99	189.4	947.0	0.6666666666666666
89126	142	0	5	0.3475	140.0	700.0	0.0
89127	320	0	5	0.7925	191.4	957.0	0.6666666666666666
89128	124	0	5	0.3025	109.0	545.0	0.3333333333333333
89129	121	0	5	0.295	119.0	595.0	0.3333333333333333
89130	309	1	4	0.77	76.2	381.0	1.0
89131	309	0	5	0.765	140.6	703.0	0.3333333333333333
89132	147	0	5	0.36	81.4	407.0	0.3333333333333333
89133	322	0	5	0.7975	88.8	444.0	0.6666666666666666
89134	266	0	5	0.6575	211.4	1057.0	0.6666666666666666
89135	255	0	5	0.63	131.0	655.0	0.6666666666666666
89136	322	1	4	0.8025	97.2	486.0	1.0
89137	73	0	5	0.175	61.8	309.0	0.0
89138	166	0	5	0.4075	83.2	416.0	0.0
89139	23	0	5	0.05	18.4	92.0	0.0
89140	107	0	5	0.26	36.4	182.0	0.3333333333333333
89141	264	0	5	0.6525	240.6	1203.0	0.3333333333333333
89142	359	0	5	0.89	273.0	1365.0	0.6666666666666666
89143	107	0	5	0.26	75.8	379.0	0.3333333333333333
89144	204	0	5	0.5025	75.6	378.0	0.3333333333333333
89145	204	0	5	0.5025	189.4	947.0	0.6666666666666666
89146	6	0	5	0.0075	4.0	20.0	0.0
89147	311	0	5	0.77	229.4	1147.0	0.3333333333333333
89148	107	0	5	0.26	105.0	525.0	0.0
89149	365	0	5	0.905	182.2	911.0	0.6666666666666666
89150	199	0	5	0.49	145.6	728.0	0.3333333333333333
89151	328	0	5	0.8125	261.6	1308.0	0.3333333333333333
89152	365	0	5	0.905	299.6	1498.0	0.3333333333333333
89153	193	0	5	0.475	127.8	639.0	0.3333333333333333
89154	127	0	5	0.31	122.4	612.0	0.3333333333333333
89155	376	0	5	0.9325	113.2	566.0	0.3333333333333333
89156	232	0	5	0.5725	160.6	803.0	0.3333333333333333
89157	334	0	5	0.8275	243.8	1219.0	0.3333333333333333
89158	381	0	5	0.945	132.0	660.0	0.6666666666666666
89159	37	0	5	0.085	35.0	175.0	0.0
89160	361	0	5	0.895	187.2	936.0	0.6666666666666666
89161	388	0	5	0.9625	141.8	709.0	0.6666666666666666
89162	25	0	5	0.055	23.0	115.0	0.0
89163	95	0	5	0.23	38.6	193.0	0.6666666666666666
89164	235	0	5	0.58	170.8	854.0	0.6666666666666666
89165	141	0	5	0.345	124.4	622.0	0.0
89166	326	0	5	0.8075	232.2	1161.0	0.6666666666666666
89167	125	0	5	0.305	122.6	613.0	0.3333333333333333
89168	185	0	5	0.455	127.8	639.0	0.6666666666666666
89169	295	0	5	0.73	159.0	795.0	0.3333333333333333
89170	367	0	5	0.91	231.6	1158.0	0.3333333333333333
89171	237	0	5	0.585	173.6	868.0	0.6666666666666666
89172	390	0	5	0.9675	245.6	1228.0	0.6666666666666666
89173	85	0	5	0.205	35.2	176.0	0.3333333333333333
89174	363	0	5	0.9	80.2	401.0	0.6666666666666666
89175	60	0	5	0.1425	57.2	286.0	0.3333333333333333
89176	138	0	5	0.3375	128.4	642.0	0.0
89177	247	1	4	0.615	93.4	467.0	1.0
89178	294	0	5	0.7275	148.2	741.0	0.6666666666666666
89179	292	0	5	0.7225	129.8	649.0	0.3333333333333333
89180	331	0	5	0.82	262.8	1314.0	0.6666666666666666
89181	299	0	5	0.74	152.6	763.0	0.6666666666666666
89182	252	0	5	0.6225	139.0	695.0	0.6666666666666666
89183	162	0	5	0.3975	122.2	611.0	0.6666666666666666
89184	359	0	5	0.89	200.8	1004.0	0.3333333333333333
89185	193	0	5	0.475	95.8	479.0	0.3333333333333333
89186	289	0	5	0.715	166.6	833.0	0.6666666666666666
89187	32	0	5	0.0725	30.0	150.0	0.0
89188	211	0	5	0.52	119.8	599.0	0.3333333333333333
89189	156	0	5	0.3825	50.6	253.0	0.3333333333333333
89190	94	0	5	0.2275	54.8	274.0	0.6666666666666666
89191	167	0	5	0.41	121.8	609.0	0.3333333333333333
89192	141	0	5	0.345	139.0	695.0	0.0
89193	247	0	5	0.61	78.6	393.0	0.6666666666666666
89194	61	0	5	0.145	48.8	244.0	0.3333333333333333
89195	93	0	5	0.225	65.8	329.0	0.6666666666666666
89196	36	0	5	0.0825	22.4	112.0	0.3333333333333333
89197	40	0	5	0.0925	38.0	190.0	0.0
89198	122	0	5	0.2975	100.8	504.0	0.0
89199	198	0	5	0.4875	163.6	818.0	0.0
89200	302	0	5	0.7475	177.0	885.0	0.3333333333333333
89201	388	0	5	0.9625	338.4	1692.0	0.3333333333333333
89202	27	0	5	0.06	24.8	124.0	0.3333333333333333
89203	197	0	5	0.485	81.0	405.0	0.3333333333333333
89204	206	0	5	0.5075	92.8	464.0	0.3333333333333333
89205	353	0	5	0.875	149.8	749.0	0.3333333333333333
89206	107	0	5	0.26	68.4	342.0	0.3333333333333333
89207	184	0	5	0.4525	117.2	586.0	0.0
89208	331	0	5	0.82	278.4	1392.0	0.3333333333333333
89209	86	0	5	0.2075	56.4	282.0	0.3333333333333333
89210	32	0	5	0.0725	30.0	150.0	0.0
89211	306	0	5	0.7575	78.6	393.0	0.6666666666666666
89212	352	0	5	0.8725	155.2	776.0	0.6666666666666666
89213	89	0	5	0.215	87.0	435.0	0.0
89214	328	1	4	0.8175	163.2	816.0	1.0
89215	379	0	5	0.94	117.2	586.0	0.6666666666666666
89216	223	0	5	0.55	128.4	642.0	0.3333333333333333
89217	37	0	5	0.085	31.8	159.0	0.3333333333333333
89218	339	1	4	0.845	166.6	833.0	1.0
89219	278	0	5	0.6875	189.4	947.0	0.3333333333333333
89220	13	0	5	0.025	9.6	48.0	0.3333333333333333
89221	80	0	5	0.1925	65.2	326.0	0.0
89222	102	0	5	0.2475	73.6	368.0	0.3333333333333333
89223	134	0	5	0.3275	61.6	308.0	0.0
89224	197	0	5	0.485	62.2	311.0	0.3333333333333333
89225	253	0	5	0.625	228.0	1140.0	0.3333333333333333
89226	270	0	5	0.6675	182.4	912.0	0.3333333333333333
89227	245	0	5	0.605	135.4	677.0	0.6666666666666666
89228	93	0	5	0.225	89.8	449.0	0.3333333333333333
89229	51	0	5	0.12	49.0	245.0	0.0
89230	336	1	3	0.8375	134.8	674.0	1.0
89231	273	0	5	0.675	194.6	973.0	0.6666666666666666
89232	124	0	5	0.3025	68.6	343.0	0.0
89233	115	0	5	0.28	103.2	516.0	0.0
89234	3	0	5	0.0025	0.2	1.0	0.3333333333333333
89235	140	0	5	0.3425	53.2	266.0	0.3333333333333333
89236	375	0	5	0.93	241.4	1207.0	0.6666666666666666
89237	128	0	5	0.3125	97.8	489.0	0.0
89238	10	0	5	0.0175	8.0	40.0	0.0
89239	164	0	5	0.4025	122.0	610.0	0.6666666666666666
89240	343	0	5	0.85	222.0	1110.0	0.3333333333333333
89241	380	1	3	0.9475	258.2	1291.0	1.0
89242	234	0	5	0.5775	118.6	593.0	0.3333333333333333
89243	212	0	5	0.5225	170.8	854.0	0.3333333333333333
89244	296	0	5	0.7325	143.0	715.0	0.3333333333333333
89245	336	1	4	0.8375	210.0	1050.0	1.0
89246	215	0	5	0.53	125.0	625.0	0.3333333333333333
89247	106	0	5	0.2575	73.2	366.0	0.0
89248	268	0	5	0.6625	144.2	721.0	0.3333333333333333
89249	61	0	5	0.145	43.8	219.0	0.3333333333333333
89250	244	0	5	0.6025	152.4	762.0	0.0
89251	222	0	5	0.5475	194.0	970.0	0.6666666666666666
89252	370	1	4	0.9225	216.8	1084.0	1.0
89253	200	0	5	0.4925	124.2	621.0	0.6666666666666666
89254	235	0	5	0.58	223.8	1119.0	0.0
89255	300	1	4	0.7475	252.4	1262.0	1.0
89256	227	0	5	0.56	95.4	477.0	0.6666666666666666
89257	368	0	5	0.9125	150.0	750.0	0.6666666666666666
89258	184	0	5	0.4525	122.6	613.0	0.0
89259	213	0	5	0.525	186.2	931.0	0.3333333333333333
89260	380	0	5	0.9425	109.0	545.0	0.6666666666666666
89261	5	0	5	0.005	3.0	15.0	0.0
89262	171	0	5	0.42	125.0	625.0	0.3333333333333333
89263	395	0	5	0.98	238.2	1191.0	0.6666666666666666
89264	340	0	5	0.8425	128.6	643.0	0.6666666666666666
89265	230	1	4	0.5725	81.2	406.0	1.0
89266	211	0	5	0.52	179.4	897.0	0.3333333333333333
89267	70	0	5	0.1675	39.2	196.0	0.3333333333333333
89268	179	0	5	0.44	103.2	516.0	0.3333333333333333
89269	308	0	5	0.7625	125.2	626.0	0.3333333333333333
89270	211	0	5	0.52	107.8	539.0	0.3333333333333333
89271	249	0	5	0.615	174.6	873.0	0.3333333333333333
89272	144	0	5	0.3525	135.6	678.0	0.3333333333333333
89273	329	0	5	0.815	213.4	1067.0	0.6666666666666666
89274	372	0	5	0.9225	163.2	816.0	0.6666666666666666
89275	119	0	5	0.29	77.0	385.0	0.3333333333333333
89276	182	0	5	0.4475	60.0	300.0	0.6666666666666666
89277	305	0	5	0.755	127.6	638.0	0.6666666666666666
89278	33	0	5	0.075	31.0	155.0	0.0
89279	292	0	5	0.7225	143.8	719.0	0.6666666666666666
89280	216	0	5	0.5325	128.0	640.0	0.0
89281	40	0	5	0.0925	38.0	190.0	0.0
89282	326	0	5	0.8075	163.6	818.0	0.6666666666666666
89283	197	1	4	0.49	105.2	526.0	1.0
89284	154	0	5	0.3775	114.8	574.0	0.3333333333333333
89285	31	0	5	0.07	29.0	145.0	0.0
89286	384	0	5	0.9525	192.0	960.0	0.6666666666666666
89287	178	0	5	0.4375	61.8	309.0	0.3333333333333333
89288	384	1	4	0.9575	268.4	1342.0	1.0
89289	309	0	5	0.765	215.6	1078.0	0.6666666666666666
89290	240	0	5	0.5925	181.0	905.0	0.6666666666666666
89291	265	1	4	0.66	200.8	1004.0	1.0
89292	112	0	5	0.2725	47.6	238.0	0.3333333333333333
89293	355	1	4	0.885	222.6	1113.0	1.0
89294	251	0	5	0.62	112.8	564.0	0.3333333333333333
89295	268	1	4	0.6675	222.4	1112.0	1.0
89296	99	0	5	0.24	89.4	447.0	0.3333333333333333
89297	399	1	4	0.995	147.0	735.0	1.0
89298	397	1	4	0.99	170.6	853.0	1.0
89299	325	1	4	0.81	180.2	901.0	1.0
89300	50	0	5	0.1175	41.4	207.0	0.3333333333333333
89301	246	0	5	0.6075	168.4	842.0	0.3333333333333333
89302	167	0	5	0.41	78.2	391.0	0.6666666666666666
89303	72	0	5	0.1725	65.2	326.0	0.0
89304	259	0	5	0.64	65.0	325.0	0.3333333333333333
89305	191	0	5	0.47	149.4	747.0	0.0
89306	77	0	5	0.185	39.0	195.0	0.0
89307	381	0	5	0.945	256.2	1281.0	0.6666666666666666
89308	262	0	5	0.6475	201.2	1006.0	0.0
89309	36	0	5	0.0825	34.0	170.0	0.0
89310	318	0	5	0.7875	115.8	579.0	0.3333333333333333
89311	12	0	5	0.0225	10.0	50.0	0.0
89312	236	0	5	0.5825	97.8	489.0	0.6666666666666666
89313	8	0	5	0.0125	6.0	30.0	0.0
89314	124	0	5	0.3025	61.4	307.0	0.0
89315	333	0	5	0.825	226.0	1130.0	0.6666666666666666
89316	241	0	5	0.595	153.8	769.0	0.3333333333333333
89317	366	0	5	0.9075	277.6	1388.0	0.6666666666666666
89318	101	0	5	0.245	76.2	381.0	0.0
89319	271	0	5	0.67	150.6	753.0	0.6666666666666666
89320	237	0	5	0.585	119.8	599.0	0.3333333333333333
89321	166	0	5	0.4075	164.0	820.0	0.0
89322	128	0	5	0.3125	83.2	416.0	0.3333333333333333
89323	278	1	4	0.6925	258.0	1290.0	1.0
89324	369	1	4	0.92	257.8	1289.0	1.0
89325	394	0	5	0.9775	269.6	1348.0	0.6666666666666666
89326	155	0	5	0.38	131.4	657.0	0.3333333333333333
89327	83	0	5	0.2	70.6	353.0	0.3333333333333333
89328	115	0	5	0.28	88.2	441.0	0.3333333333333333
89329	42	0	5	0.0975	40.0	200.0	0.0
89330	399	0	5	0.99	233.8	1169.0	0.6666666666666666
89331	252	0	5	0.6225	227.8	1139.0	0.3333333333333333
89332	345	0	5	0.855	233.6	1168.0	0.6666666666666666
89333	97	0	5	0.235	45.8	229.0	0.6666666666666666
89334	355	0	5	0.88	173.8	869.0	0.6666666666666666
89335	268	0	5	0.6625	99.0	495.0	0.6666666666666666
89336	111	0	5	0.27	62.6	313.0	0.3333333333333333
89337	359	0	5	0.89	187.0	935.0	0.6666666666666666
89338	272	0	5	0.6725	171.2	856.0	0.3333333333333333
89339	158	0	5	0.3875	79.2	396.0	0.3333333333333333
89340	387	0	5	0.96	207.0	1035.0	0.6666666666666666
89341	131	0	5	0.32	89.0	445.0	0.3333333333333333
89342	236	0	5	0.5825	136.6	683.0	0.6666666666666666
89343	401	0	5	0.995	305.8	1529.0	0.6666666666666666
89344	278	0	5	0.6875	124.8	624.0	0.3333333333333333
89345	39	0	5	0.09	37.0	185.0	0.0
89346	375	0	5	0.93	104.8	524.0	0.6666666666666666
89347	128	0	5	0.3125	99.6	498.0	0.0
89348	358	1	4	0.8925	202.6	1013.0	1.0
89349	156	0	5	0.3825	95.2	476.0	0.0
89350	73	0	5	0.175	71.0	355.0	0.0
89351	130	0	5	0.3175	48.8	244.0	0.0
89352	109	0	5	0.265	91.8	459.0	0.0
89353	351	0	5	0.87	259.0	1295.0	0.0
89354	313	0	5	0.775	199.4	997.0	0.3333333333333333
89355	367	0	5	0.91	275.0	1375.0	0.6666666666666666
89356	170	0	5	0.4175	119.6	598.0	0.3333333333333333
89357	104	0	5	0.2525	97.6	488.0	0.0
89358	296	0	5	0.7325	211.0	1055.0	0.3333333333333333
89359	157	0	5	0.385	138.8	694.0	0.3333333333333333
89360	162	0	5	0.3975	79.4	397.0	0.0
89361	259	0	5	0.64	111.8	559.0	0.6666666666666666
89362	45	0	5	0.105	43.0	215.0	0.0
89363	310	1	4	0.7725	155.8	779.0	1.0
89364	293	1	4	0.73	182.4	912.0	1.0
89365	44	0	5	0.1025	32.0	160.0	0.3333333333333333
89366	247	0	5	0.61	160.2	801.0	0.6666666666666666
89367	155	0	5	0.38	89.0	445.0	0.3333333333333333
89368	329	0	5	0.815	306.4	1532.0	0.0
89369	288	1	4	0.7175	68.0	340.0	1.0
89370	7	0	5	0.01	5.0	25.0	0.0
89371	132	0	5	0.3225	84.4	422.0	0.3333333333333333
89372	11	0	5	0.02	9.0	45.0	0.0
89373	352	0	5	0.8725	199.8	999.0	0.6666666666666666
89374	350	0	5	0.8675	329.6	1648.0	0.6666666666666666
89375	154	0	5	0.3775	87.6	438.0	0.3333333333333333
89376	208	1	4	0.5175	128.8	644.0	1.0
89377	317	0	5	0.785	157.0	785.0	0.3333333333333333
89378	394	1	4	0.9825	171.8	859.0	1.0
89379	303	1	4	0.755	129.4	647.0	1.0
89380	369	0	5	0.915	163.8	819.0	0.6666666666666666
89381	338	0	5	0.8375	257.6	1288.0	0.0
89382	60	0	5	0.1425	25.0	125.0	0.0
89383	313	0	5	0.775	199.8	999.0	0.3333333333333333
89384	327	0	5	0.81	183.0	915.0	0.6666666666666666
89385	350	0	5	0.8675	254.6	1273.0	0.3333333333333333
89386	281	0	5	0.695	194.8	974.0	0.3333333333333333
89387	123	0	5	0.3	94.6	473.0	0.3333333333333333
89388	284	0	5	0.7025	246.8	1234.0	0.6666666666666666
89389	224	0	5	0.5525	91.8	459.0	0.0
89390	147	0	5	0.36	83.4	417.0	0.6666666666666666
89391	127	0	5	0.31	104.6	523.0	0.3333333333333333
89392	317	1	4	0.79	262.8	1314.0	1.0
89393	213	0	5	0.525	167.4	837.0	0.3333333333333333
89394	329	0	5	0.815	113.0	565.0	0.6666666666666666
89395	175	0	5	0.43	138.2	691.0	0.6666666666666666
89396	229	0	5	0.565	185.4	927.0	0.3333333333333333
89397	270	0	5	0.6675	268.0	1340.0	0.0
89398	342	0	5	0.8475	230.6	1153.0	0.6666666666666666
89399	339	0	5	0.84	191.8	959.0	0.3333333333333333
89400	281	0	5	0.695	170.2	851.0	0.0
89401	182	0	5	0.4475	65.6	328.0	0.3333333333333333
89402	262	0	5	0.6475	138.0	690.0	0.6666666666666666
89403	5	0	5	0.005	3.0	15.0	0.0
89404	8	0	5	0.0125	6.0	30.0	0.0
89405	15	0	5	0.03	13.0	65.0	0.0
89406	73	0	5	0.175	59.0	295.0	0.3333333333333333
89407	154	0	5	0.3775	81.6	408.0	0.3333333333333333
89408	393	1	4	0.98	158.6	793.0	1.0
89409	321	0	5	0.795	206.2	1031.0	0.6666666666666666
89410	119	0	5	0.29	58.6	293.0	0.6666666666666666
89411	386	0	5	0.9575	162.6	813.0	0.3333333333333333
89412	298	0	5	0.7375	194.4	972.0	0.6666666666666666
89413	308	0	5	0.7625	180.0	900.0	0.3333333333333333
89414	299	1	4	0.745	127.2	636.0	1.0
89415	13	0	5	0.025	11.0	55.0	0.0
89416	174	0	5	0.4275	110.6	553.0	0.6666666666666666
89417	253	0	5	0.625	242.2	1211.0	0.3333333333333333
89418	56	0	5	0.1325	46.0	230.0	0.3333333333333333
89419	198	0	5	0.4875	121.0	605.0	0.3333333333333333
89420	392	0	5	0.9725	137.6	688.0	0.6666666666666666
89421	146	0	5	0.3575	129.6	648.0	0.0
89422	90	0	5	0.2175	60.8	304.0	0.3333333333333333
89423	397	0	5	0.985	234.4	1172.0	0.6666666666666666
89424	157	0	5	0.385	90.6	453.0	0.6666666666666666
89425	187	0	5	0.46	95.4	477.0	0.6666666666666666
89426	372	1	4	0.9275	220.0	1100.0	1.0
89427	125	0	5	0.305	123.0	615.0	0.0
89428	400	0	5	0.9925	358.4	1792.0	0.6666666666666666
89429	99	0	5	0.24	75.4	377.0	0.0
89430	319	0	5	0.79	196.6	983.0	0.6666666666666666
89431	213	0	5	0.525	143.4	717.0	0.3333333333333333
89432	235	0	5	0.58	162.0	810.0	0.6666666666666666
89433	273	0	5	0.675	131.4	657.0	0.3333333333333333
89434	316	1	4	0.7875	161.6	808.0	1.0
89435	360	0	5	0.8925	291.6	1458.0	0.6666666666666666
89436	100	0	5	0.2425	77.2	386.0	0.3333333333333333
89437	46	0	5	0.1075	43.4	217.0	0.3333333333333333
89438	324	0	5	0.8025	215.6	1078.0	0.3333333333333333
89439	25	0	5	0.055	23.0	115.0	0.0
89440	216	0	5	0.5325	179.2	896.0	0.3333333333333333
89441	368	0	5	0.9125	159.4	797.0	0.6666666666666666
89442	63	0	5	0.15	61.0	305.0	0.0
89443	261	0	5	0.645	76.6	383.0	0.3333333333333333
89444	202	0	5	0.4975	131.2	656.0	0.0
89445	90	0	5	0.2175	82.2	411.0	0.0
89446	300	0	5	0.7425	204.6	1023.0	0.3333333333333333
89447	366	1	4	0.9125	242.0	1210.0	1.0
89448	82	0	5	0.1975	25.4	127.0	0.3333333333333333
89449	320	1	4	0.7975	169.6	848.0	1.0
89450	227	0	5	0.56	173.6	868.0	0.6666666666666666
89451	141	0	5	0.345	106.2	531.0	0.0
89452	349	1	4	0.87	300.2	1501.0	1.0
89453	211	0	5	0.52	199.4	997.0	0.3333333333333333
89454	272	0	5	0.6725	243.8	1219.0	0.6666666666666666
89455	327	0	5	0.81	96.2	481.0	0.6666666666666666
89456	60	0	5	0.1425	58.0	290.0	0.0
89457	117	0	5	0.285	95.0	475.0	0.3333333333333333
89458	112	0	5	0.2725	110.0	550.0	0.0
89459	25	0	5	0.055	23.0	115.0	0.0
89460	45	0	5	0.105	36.4	182.0	0.3333333333333333
89461	223	0	5	0.55	214.2	1071.0	0.3333333333333333
89462	266	0	5	0.6575	165.6	828.0	0.6666666666666666
89463	169	0	5	0.415	101.0	505.0	0.3333333333333333
89464	186	0	5	0.4575	181.6	908.0	0.0
89465	273	0	5	0.675	224.0	1120.0	0.3333333333333333
89466	217	0	5	0.535	150.4	752.0	0.6666666666666666
89467	127	0	5	0.31	85.4	427.0	0.3333333333333333
89468	25	0	5	0.055	23.0	115.0	0.0
89469	92	0	5	0.2225	62.8	314.0	0.3333333333333333
89470	355	1	4	0.885	156.2	781.0	1.0
89471	384	0	5	0.9525	217.6	1088.0	0.6666666666666666
89472	350	0	5	0.8675	199.6	998.0	0.3333333333333333
89473	60	0	5	0.1425	44.8	224.0	0.3333333333333333
89474	200	0	5	0.4925	121.8	609.0	0.6666666666666666
89475	115	0	5	0.28	70.8	354.0	0.3333333333333333
89476	140	0	5	0.3425	123.4	617.0	0.0
89477	235	0	5	0.58	190.0	950.0	0.3333333333333333
89478	367	0	5	0.91	262.6	1313.0	0.3333333333333333
89479	260	0	5	0.6425	110.8	554.0	0.3333333333333333
89480	14	0	5	0.0275	12.0	60.0	0.0
89481	333	1	4	0.83	165.2	826.0	1.0
89482	181	0	5	0.445	101.4	507.0	0.3333333333333333
89483	184	1	4	0.4575	104.4	522.0	1.0
89484	246	0	5	0.6075	141.4	707.0	0.6666666666666666
89485	365	0	5	0.905	355.8	1779.0	0.6666666666666666
89486	150	0	5	0.3675	33.6	168.0	0.3333333333333333
89487	111	0	5	0.27	109.0	545.0	0.0
89488	263	0	5	0.65	99.0	495.0	0.6666666666666666
89489	255	0	5	0.63	139.8	699.0	0.3333333333333333
89490	313	0	5	0.775	194.4	972.0	0.6666666666666666
89491	291	0	5	0.72	203.2	1016.0	0.3333333333333333
89492	34	0	5	0.0775	32.0	160.0	0.0
89493	230	0	5	0.5675	135.4	677.0	0.3333333333333333
89494	380	0	5	0.9425	192.2	961.0	0.6666666666666666
89495	105	0	5	0.255	68.6	343.0	0.3333333333333333
89496	282	0	5	0.6975	252.8	1264.0	0.3333333333333333
89497	383	0	5	0.95	221.8	1109.0	0.6666666666666666
89498	152	0	5	0.3725	111.6	558.0	0.3333333333333333
89499	206	0	5	0.5075	200.8	1004.0	0.0
89500	272	1	4	0.6775	172.8	864.0	1.0
89501	204	0	5	0.5025	79.0	395.0	0.3333333333333333
89502	4	0	5	0.0025	2.0	10.0	0.0
89503	377	0	5	0.935	177.8	889.0	0.6666666666666666
89504	15	0	5	0.03	13.0	65.0	0.0
89505	287	0	5	0.71	109.8	549.0	0.0
89506	376	0	5	0.9325	205.4	1027.0	0.6666666666666666
89507	342	0	5	0.8475	160.0	800.0	0.3333333333333333
89508	195	1	4	0.485	138.2	691.0	1.0
89509	309	0	5	0.765	127.8	639.0	0.6666666666666666
89510	185	0	5	0.455	106.8	534.0	0.0
89511	298	0	5	0.7375	105.6	528.0	0.6666666666666666
89512	304	0	5	0.7525	281.2	1406.0	0.3333333333333333
89513	261	0	5	0.645	194.0	970.0	0.6666666666666666
89514	215	0	5	0.53	131.8	659.0	0.3333333333333333
89515	365	0	5	0.905	211.4	1057.0	0.3333333333333333
89516	169	0	5	0.415	145.6	728.0	0.3333333333333333
89517	111	0	5	0.27	109.0	545.0	0.0
89518	150	0	5	0.3675	143.4	717.0	0.3333333333333333
89519	194	1	4	0.4825	65.2	326.0	1.0
89520	340	0	5	0.8425	153.6	768.0	0.3333333333333333
89521	333	1	4	0.83	102.6	513.0	1.0
89522	243	0	5	0.6	89.0	445.0	0.6666666666666666
89523	397	0	5	0.985	319.2	1596.0	0.6666666666666666
89524	254	1	4	0.6325	237.8	1189.0	1.0
89525	353	1	4	0.88	178.6	893.0	1.0
89526	355	0	5	0.88	278.4	1392.0	0.6666666666666666
89527	121	0	5	0.295	75.4	377.0	0.6666666666666666
89528	343	0	5	0.85	174.0	870.0	0.6666666666666666
89529	209	0	5	0.515	162.8	814.0	0.0
89530	159	0	5	0.39	157.0	785.0	0.0
89531	178	0	5	0.4375	141.8	709.0	0.3333333333333333
89532	346	0	5	0.8575	205.0	1025.0	0.6666666666666666
89533	197	0	5	0.485	45.4	227.0	0.3333333333333333
89534	241	1	4	0.6	133.8	669.0	1.0
89535	151	0	5	0.37	117.8	589.0	0.3333333333333333
89536	294	1	3	0.7325	210.0	1050.0	1.0
89537	378	1	4	0.9425	269.4	1347.0	1.0
89538	229	0	5	0.565	173.4	867.0	0.3333333333333333
89539	306	0	5	0.7575	212.8	1064.0	0.3333333333333333
89540	126	0	5	0.3075	124.0	620.0	0.0
89541	67	0	5	0.16	57.0	285.0	0.0
89542	23	0	5	0.05	21.0	105.0	0.0
89543	319	0	5	0.79	109.8	549.0	0.3333333333333333
89544	285	0	5	0.705	263.8	1319.0	0.0
89545	338	0	5	0.8375	105.6	528.0	0.3333333333333333
89546	131	1	4	0.325	106.6	533.0	1.0
89547	116	0	5	0.2825	64.0	320.0	0.0
89548	346	0	5	0.8575	215.0	1075.0	0.6666666666666666
89549	152	0	5	0.3725	129.2	646.0	0.0
89550	263	0	5	0.65	70.6	353.0	0.6666666666666666
89551	303	0	5	0.75	269.4	1347.0	0.6666666666666666
89552	201	0	5	0.495	111.6	558.0	0.3333333333333333
89553	272	0	5	0.6725	194.2	971.0	0.6666666666666666
89554	195	0	5	0.48	119.8	599.0	0.0
89555	153	0	5	0.375	151.0	755.0	0.0
89556	225	0	5	0.555	97.6	488.0	0.3333333333333333
89557	337	0	5	0.835	196.6	983.0	0.6666666666666666
89558	162	0	5	0.3975	115.2	576.0	0.6666666666666666
89559	270	1	4	0.6725	94.4	472.0	1.0
89560	317	0	5	0.785	195.6	978.0	0.3333333333333333
89561	89	0	5	0.215	31.0	155.0	0.3333333333333333
89562	113	0	5	0.275	85.4	427.0	0.0
89563	215	0	5	0.53	113.2	566.0	0.3333333333333333
89564	238	1	4	0.5925	184.4	922.0	1.0
89565	291	0	5	0.72	125.8	629.0	0.3333333333333333
89566	129	0	5	0.315	72.0	360.0	0.3333333333333333
89567	235	0	5	0.58	191.6	958.0	0.6666666666666666
89568	149	0	5	0.365	113.2	566.0	0.3333333333333333
89569	264	0	5	0.6525	218.2	1091.0	0.6666666666666666
89570	380	0	5	0.9425	185.4	927.0	0.6666666666666666
89571	394	1	4	0.9825	168.0	840.0	1.0
89572	265	0	5	0.655	130.4	652.0	0.3333333333333333
89573	171	0	5	0.42	93.4	467.0	0.0
89574	135	0	5	0.33	108.6	543.0	0.3333333333333333
89575	198	0	5	0.4875	88.0	440.0	0.0
89576	394	0	5	0.9775	229.2	1146.0	0.6666666666666666
89577	225	0	5	0.555	143.2	716.0	0.6666666666666666
89578	348	1	4	0.8675	207.2	1036.0	1.0
89579	287	0	5	0.71	104.4	522.0	0.6666666666666666
89580	94	0	5	0.2275	74.8	374.0	0.3333333333333333
89581	312	0	5	0.7725	207.6	1038.0	0.6666666666666666
89582	137	0	5	0.335	34.2	171.0	0.6666666666666666
89583	146	1	4	0.3625	108.8	544.0	1.0
89584	62	0	5	0.1475	60.0	300.0	0.0
89585	201	0	5	0.495	96.0	480.0	0.3333333333333333
89586	289	0	5	0.715	202.8	1014.0	0.3333333333333333
89587	377	0	5	0.935	262.4	1312.0	0.6666666666666666
89588	324	1	4	0.8075	155.6	778.0	1.0
89589	207	0	5	0.51	148.2	741.0	0.3333333333333333
89590	142	0	5	0.3475	78.8	394.0	0.3333333333333333
89591	265	0	5	0.655	201.2	1006.0	0.6666666666666666
89592	160	0	5	0.3925	105.6	528.0	0.6666666666666666
89593	102	0	5	0.2475	96.0	480.0	0.3333333333333333
89594	273	0	5	0.675	271.0	1355.0	0.3333333333333333
89595	335	1	4	0.835	204.2	1021.0	1.0
89596	75	0	5	0.18	73.0	365.0	0.0
89597	397	0	5	0.985	339.8	1699.0	0.6666666666666666
89598	307	0	5	0.76	184.4	922.0	0.6666666666666666
89599	237	0	5	0.585	91.6	458.0	0.3333333333333333
89600	302	0	5	0.7475	200.2	1001.0	0.6666666666666666
89601	21	0	5	0.045	12.6	63.0	0.3333333333333333
89602	325	0	5	0.805	114.2	571.0	0.3333333333333333
89603	367	1	4	0.915	262.2	1311.0	1.0
89604	75	0	5	0.18	64.2	321.0	0.3333333333333333
89605	109	0	5	0.265	107.0	535.0	0.0
89606	30	0	5	0.0675	28.0	140.0	0.0
89607	55	0	5	0.13	47.6	238.0	0.3333333333333333
89608	397	0	5	0.985	80.6	403.0	0.6666666666666666
89609	399	0	5	0.99	326.4	1632.0	0.6666666666666666
89610	71	0	5	0.17	57.0	285.0	0.0
89611	228	1	4	0.5675	162.4	812.0	1.0
89612	31	0	5	0.07	29.0	145.0	0.0
89613	60	0	5	0.1425	58.0	290.0	0.0
89614	295	0	5	0.73	73.6	368.0	0.6666666666666666
89615	232	0	5	0.5725	199.4	997.0	0.0
89616	384	0	5	0.9525	216.2	1081.0	0.3333333333333333
89617	176	0	5	0.4325	123.6	618.0	0.0
89618	251	0	5	0.62	161.6	808.0	0.6666666666666666
89619	143	0	5	0.35	67.8	339.0	0.3333333333333333
89620	99	0	5	0.24	58.6	293.0	0.0
89621	358	0	5	0.8875	208.4	1042.0	0.6666666666666666
89622	190	0	5	0.4675	83.4	417.0	0.6666666666666666
89623	243	0	5	0.6	187.4	937.0	0.3333333333333333
89624	132	0	5	0.3225	106.2	531.0	0.3333333333333333
89625	317	0	5	0.785	214.2	1071.0	0.0
89626	144	0	5	0.3525	98.4	492.0	0.6666666666666666
89627	123	0	5	0.3	114.4	572.0	0.3333333333333333
89628	189	0	5	0.465	112.8	564.0	0.6666666666666666
89629	385	0	5	0.955	237.4	1187.0	0.6666666666666666
89630	291	0	5	0.72	191.2	956.0	0.0
89631	251	0	5	0.62	157.4	787.0	0.6666666666666666
89632	134	0	5	0.3275	64.4	322.0	0.3333333333333333
89633	62	0	5	0.1475	59.6	298.0	0.0
89634	77	0	5	0.185	75.0	375.0	0.0
89635	62	0	5	0.1475	60.0	300.0	0.3333333333333333
89636	150	0	5	0.3675	97.0	485.0	0.0
89637	208	0	5	0.5125	194.6	973.0	0.0
89638	195	0	5	0.48	144.4	722.0	0.0
89639	62	0	5	0.1475	37.2	186.0	0.0
89640	19	0	5	0.04	17.0	85.0	0.0
89641	93	0	5	0.225	91.0	455.0	0.0
89642	355	0	5	0.88	254.6	1273.0	0.6666666666666666
89643	260	0	5	0.6425	115.8	579.0	0.3333333333333333
89644	270	0	5	0.6675	190.0	950.0	0.3333333333333333
89645	73	0	5	0.175	71.0	355.0	0.0
89646	258	0	5	0.6375	163.2	816.0	0.6666666666666666
89647	243	0	5	0.6	118.6	593.0	0.6666666666666666
89648	368	0	5	0.9125	150.0	750.0	0.3333333333333333
89649	242	0	5	0.5975	124.6	623.0	0.3333333333333333
89650	323	0	5	0.8	213.6	1068.0	0.6666666666666666
89651	375	0	5	0.93	80.6	403.0	0.3333333333333333
89652	280	0	5	0.6925	227.0	1135.0	0.6666666666666666
89653	135	0	5	0.33	108.8	544.0	0.0
89654	138	0	5	0.3375	86.4	432.0	0.3333333333333333
89655	24	0	5	0.0525	20.8	104.0	0.0
89656	128	0	5	0.3125	62.0	310.0	0.3333333333333333
89657	86	0	5	0.2075	73.4	367.0	0.0
89658	238	0	5	0.5875	180.2	901.0	0.3333333333333333
89659	59	0	5	0.14	55.8	279.0	0.0
89660	262	0	5	0.6475	53.6	268.0	0.6666666666666666
89661	242	0	5	0.5975	155.6	778.0	0.3333333333333333
89662	261	0	5	0.645	80.0	400.0	0.3333333333333333
89663	99	0	5	0.24	46.6	233.0	0.3333333333333333
89664	187	0	5	0.46	57.0	285.0	0.3333333333333333
89665	148	0	5	0.3625	133.2	666.0	0.3333333333333333
89666	315	0	5	0.78	308.4	1542.0	0.0
89667	360	1	4	0.8975	137.6	688.0	1.0
89668	221	0	5	0.545	176.6	883.0	0.6666666666666666
89669	5	0	5	0.005	3.0	15.0	0.0
89670	335	0	5	0.83	171.2	856.0	0.6666666666666666
89671	181	0	5	0.445	130.2	651.0	0.3333333333333333
89672	251	1	4	0.625	169.2	846.0	1.0
89673	244	0	5	0.6025	187.4	937.0	0.3333333333333333
89674	172	0	5	0.4225	104.6	523.0	0.6666666666666666
89675	242	0	5	0.5975	168.0	840.0	0.3333333333333333
89676	24	0	5	0.0525	22.0	110.0	0.0
89677	346	1	4	0.8625	231.2	1156.0	1.0
89678	273	0	5	0.675	128.0	640.0	0.3333333333333333
89679	339	0	5	0.84	133.8	669.0	0.6666666666666666
89680	92	0	5	0.2225	67.8	339.0	0.0
89681	110	0	5	0.2675	108.0	540.0	0.0
89682	283	0	5	0.7	121.0	605.0	0.3333333333333333
89683	256	0	5	0.6325	208.2	1041.0	0.6666666666666666
89684	268	0	5	0.6625	94.0	470.0	0.3333333333333333
89685	338	0	5	0.8375	336.0	1680.0	0.0
89686	312	0	5	0.7725	146.4	732.0	0.3333333333333333
89687	197	0	5	0.485	64.2	321.0	0.3333333333333333
89688	54	0	5	0.1275	32.8	164.0	0.0
89689	344	0	5	0.8525	272.8	1364.0	0.3333333333333333
89690	113	0	5	0.275	91.6	458.0	0.3333333333333333
89691	226	0	5	0.5575	146.6	733.0	0.3333333333333333
89692	153	0	5	0.375	138.6	693.0	0.0
89693	340	0	5	0.8425	212.0	1060.0	0.6666666666666666
89694	37	0	5	0.085	35.0	175.0	0.0
89695	342	0	5	0.8475	139.6	698.0	0.6666666666666666
89696	384	0	5	0.9525	253.0	1265.0	0.6666666666666666
89697	208	0	5	0.5125	150.2	751.0	0.0
89698	94	0	5	0.2275	91.6	458.0	0.3333333333333333
89699	117	0	5	0.285	64.0	320.0	0.0
89700	182	1	4	0.4525	55.6	278.0	1.0
89701	334	0	5	0.8275	128.8	644.0	0.3333333333333333
89702	349	1	4	0.87	297.0	1485.0	1.0
89703	375	0	5	0.93	245.0	1225.0	0.6666666666666666
89704	248	1	4	0.6175	107.4	537.0	1.0
89705	265	0	5	0.655	181.8	909.0	0.0
89706	59	0	5	0.14	34.0	170.0	0.3333333333333333
89707	134	0	5	0.3275	44.4	222.0	0.3333333333333333
89708	103	0	5	0.25	101.0	505.0	0.0
89709	270	1	4	0.6725	93.2	466.0	1.0
89710	332	0	5	0.8225	107.8	539.0	0.6666666666666666
89711	112	0	5	0.2725	54.8	274.0	0.3333333333333333
89712	46	0	5	0.1075	44.0	220.0	0.0
89713	148	0	5	0.3625	106.4	532.0	0.3333333333333333
89714	389	0	5	0.965	260.6	1303.0	0.6666666666666666
89715	203	0	5	0.5	140.2	701.0	0.6666666666666666
89716	396	1	4	0.9875	244.8	1224.0	1.0
89717	338	0	5	0.8375	136.8	684.0	0.6666666666666666
89718	341	0	5	0.845	273.8	1369.0	0.3333333333333333
89719	248	1	4	0.6175	163.8	819.0	1.0
89720	337	0	5	0.835	252.6	1263.0	0.6666666666666666
89721	38	0	5	0.0875	29.2	146.0	0.3333333333333333
89722	92	0	5	0.2225	36.4	182.0	0.3333333333333333
89723	133	0	5	0.325	85.4	427.0	0.0
89724	314	0	5	0.7775	249.4	1247.0	0.0
89725	2	0	5	0.0	0.0	0.0	0.0
89726	220	0	5	0.5425	95.6	478.0	0.3333333333333333
89727	92	0	5	0.2225	81.6	408.0	0.0
89728	200	0	5	0.4925	195.6	978.0	0.0
89729	297	0	5	0.735	88.2	441.0	0.6666666666666666
89730	270	0	5	0.6675	209.4	1047.0	0.0
89731	204	0	5	0.5025	202.0	1010.0	0.0
89732	382	0	5	0.9475	182.8	914.0	0.6666666666666666
89733	372	0	5	0.9225	227.2	1136.0	0.3333333333333333
89734	215	0	5	0.53	103.4	517.0	0.6666666666666666
89735	296	1	4	0.7375	87.8	439.0	1.0
89736	111	0	5	0.27	37.0	185.0	0.3333333333333333
89737	79	0	5	0.19	77.0	385.0	0.0
89738	392	1	4	0.9775	230.2	1151.0	1.0
89739	400	1	4	0.9975	168.0	840.0	1.0
89740	152	0	5	0.3725	128.2	641.0	0.0
89741	72	0	5	0.1725	70.0	350.0	0.0
89742	88	1	4	0.2175	42.2	211.0	1.0
89743	167	1	4	0.415	60.6	303.0	1.0
89744	307	0	5	0.76	163.8	819.0	0.3333333333333333
89745	43	0	5	0.1	33.2	166.0	0.3333333333333333
89746	117	0	5	0.285	86.6	433.0	0.3333333333333333
89747	112	0	5	0.2725	110.0	550.0	0.0
89748	131	0	5	0.32	93.4	467.0	0.3333333333333333
89749	314	1	4	0.7825	251.6	1258.0	1.0
89750	170	0	5	0.4175	41.6	208.0	0.3333333333333333
89751	382	0	5	0.9475	108.8	544.0	0.6666666666666666
89752	386	0	5	0.9575	194.4	972.0	0.6666666666666666
89753	267	0	5	0.66	195.2	976.0	0.6666666666666666
89754	303	0	5	0.75	259.8	1299.0	0.0
89755	124	0	5	0.3025	50.0	250.0	0.6666666666666666
89756	242	0	5	0.5975	183.2	916.0	0.6666666666666666
89757	254	0	5	0.6275	136.0	680.0	0.6666666666666666
89758	331	1	4	0.825	91.8	459.0	1.0
89759	359	1	4	0.895	122.2	611.0	1.0
89760	279	0	5	0.69	93.8	469.0	0.6666666666666666
89761	31	0	5	0.07	29.0	145.0	0.0
89762	392	1	4	0.9775	196.4	982.0	1.0
89763	227	0	5	0.56	134.0	670.0	0.3333333333333333
89764	210	0	5	0.5175	208.0	1040.0	0.0
89765	377	0	5	0.935	243.4	1217.0	0.6666666666666666
89766	224	0	5	0.5525	164.4	822.0	0.3333333333333333
89767	293	1	4	0.73	116.6	583.0	1.0
89768	147	0	5	0.36	145.0	725.0	0.0
89769	218	0	5	0.5375	66.4	332.0	0.6666666666666666
89770	255	0	5	0.63	160.2	801.0	0.3333333333333333
89771	223	0	5	0.55	192.2	961.0	0.3333333333333333
89772	232	0	5	0.5725	200.4	1002.0	0.6666666666666666
89773	270	0	5	0.6675	124.6	623.0	0.6666666666666666
89774	365	0	5	0.905	221.8	1109.0	0.6666666666666666
89775	118	0	5	0.2875	73.4	367.0	0.0
89776	339	0	5	0.84	221.0	1105.0	0.6666666666666666
89777	137	0	5	0.335	78.2	391.0	0.6666666666666666
89778	136	0	5	0.3325	134.0	670.0	0.0
89779	84	0	5	0.2025	71.2	356.0	0.0
89780	391	0	5	0.97	249.2	1246.0	0.6666666666666666
89781	253	0	5	0.625	163.4	817.0	0.3333333333333333
89782	389	0	5	0.965	250.4	1252.0	0.6666666666666666
89783	66	0	5	0.1575	53.2	266.0	0.0
89784	7	0	5	0.01	5.0	25.0	0.0
89785	224	0	5	0.5525	183.6	918.0	0.6666666666666666
89786	84	0	5	0.2025	82.0	410.0	0.0
89787	94	0	5	0.2275	82.4	412.0	0.3333333333333333
89788	234	0	5	0.5775	116.2	581.0	0.0
89789	172	0	5	0.4225	34.2	171.0	0.0
89790	311	0	5	0.77	272.2	1361.0	0.6666666666666666
89791	252	0	5	0.6225	113.0	565.0	0.6666666666666666
89792	370	1	4	0.9225	155.0	775.0	1.0
89793	321	0	5	0.795	246.6	1233.0	0.6666666666666666
89794	185	0	5	0.455	102.6	513.0	0.3333333333333333
89795	336	1	4	0.8375	88.8	444.0	1.0
89796	372	1	4	0.9275	174.0	870.0	1.0
89797	205	0	5	0.505	175.2	876.0	0.0
89798	66	0	5	0.1575	60.8	304.0	0.3333333333333333
89799	400	0	5	0.9925	190.4	952.0	0.6666666666666666
89800	25	0	5	0.055	23.0	115.0	0.0
89801	374	0	5	0.9275	256.8	1284.0	0.6666666666666666
89802	109	0	5	0.265	107.0	535.0	0.0
89803	392	0	5	0.9725	250.6	1253.0	0.6666666666666666
89804	269	0	5	0.665	120.4	602.0	0.3333333333333333
89805	315	0	5	0.78	83.8	419.0	0.6666666666666666
89806	276	0	5	0.6825	226.4	1132.0	0.0
89807	139	0	5	0.34	117.8	589.0	0.0
89808	342	0	5	0.8475	122.0	610.0	0.6666666666666666
89809	115	0	5	0.28	77.4	387.0	0.6666666666666666
89810	230	0	5	0.5675	207.2	1036.0	0.0
89811	231	0	5	0.57	146.0	730.0	0.3333333333333333
89812	390	0	5	0.9675	249.6	1248.0	0.6666666666666666
89813	393	1	4	0.98	243.2	1216.0	1.0
89814	398	0	5	0.9875	347.6	1738.0	0.6666666666666666
89815	231	0	5	0.57	140.6	703.0	0.3333333333333333
89816	144	0	5	0.3525	88.4	442.0	0.3333333333333333
89817	350	0	5	0.8675	252.2	1261.0	0.6666666666666666
89818	337	0	5	0.835	227.4	1137.0	0.6666666666666666
89819	47	0	5	0.11	40.8	204.0	0.3333333333333333
89820	113	0	5	0.275	50.2	251.0	0.3333333333333333
89821	293	1	4	0.73	155.0	775.0	1.0
89822	81	0	5	0.195	38.8	194.0	0.3333333333333333
89823	309	0	5	0.765	220.2	1101.0	0.6666666666666666
89824	191	0	5	0.47	168.6	843.0	0.3333333333333333
89825	233	0	5	0.575	154.8	774.0	0.3333333333333333
89826	266	0	5	0.6575	82.0	410.0	0.3333333333333333
89827	380	0	5	0.9425	317.4	1587.0	0.6666666666666666
89828	138	0	5	0.3375	133.2	666.0	0.3333333333333333
89829	333	0	5	0.825	162.4	812.0	0.3333333333333333
89830	329	0	5	0.815	275.0	1375.0	0.3333333333333333
89831	292	0	5	0.7225	211.6	1058.0	0.3333333333333333
89832	75	0	5	0.18	73.0	365.0	0.0
89833	147	0	5	0.36	53.8	269.0	0.3333333333333333
89834	285	0	5	0.705	133.4	667.0	0.6666666666666666
89835	263	0	5	0.65	154.6	773.0	0.0
89836	299	0	5	0.74	115.8	579.0	0.6666666666666666
89837	264	0	5	0.6525	114.8	574.0	0.6666666666666666
89838	221	1	4	0.55	130.4	652.0	1.0
89839	207	1	4	0.515	101.8	509.0	1.0
89840	317	0	5	0.785	237.2	1186.0	0.3333333333333333
89841	291	0	5	0.72	185.4	927.0	0.6666666666666666
89842	42	0	5	0.0975	38.2	191.0	0.3333333333333333
89843	117	0	5	0.285	85.8	429.0	0.3333333333333333
89844	158	0	5	0.3875	68.6	343.0	0.3333333333333333
89845	202	0	5	0.4975	166.2	831.0	0.0
89846	279	0	5	0.69	230.4	1152.0	0.3333333333333333
89847	380	1	4	0.9475	112.0	560.0	1.0
89848	179	0	5	0.44	150.2	751.0	0.6666666666666666
89849	85	0	5	0.205	83.0	415.0	0.0
89850	118	0	5	0.2875	107.6	538.0	0.0
89851	110	0	5	0.2675	30.4	152.0	0.3333333333333333
89852	143	0	5	0.35	136.2	681.0	0.0
89853	315	0	5	0.78	215.0	1075.0	0.6666666666666666
89854	400	0	5	0.9925	323.0	1615.0	0.3333333333333333
89855	155	0	5	0.38	97.6	488.0	0.6666666666666666
89856	119	0	5	0.29	37.8	189.0	0.3333333333333333
89857	231	0	5	0.57	130.8	654.0	0.6666666666666666
89858	184	0	5	0.4525	77.2	386.0	0.6666666666666666
89859	390	1	4	0.9725	87.6	438.0	1.0
89860	161	0	5	0.395	155.8	779.0	0.0
89861	207	1	4	0.515	83.2	416.0	1.0
89862	280	0	5	0.6925	125.2	626.0	0.0
89863	172	0	5	0.4225	170.0	850.0	0.0
89864	282	0	5	0.6975	237.0	1185.0	0.6666666666666666
89865	189	0	5	0.465	104.0	520.0	0.0
89866	262	0	5	0.6475	161.0	805.0	0.3333333333333333
89867	297	1	4	0.74	160.8	804.0	1.0
89868	328	0	5	0.8125	154.6	773.0	0.6666666666666666
89869	100	0	5	0.2425	96.8	484.0	0.3333333333333333
89870	325	0	5	0.805	208.8	1044.0	0.3333333333333333
89871	214	0	5	0.5275	129.8	649.0	0.3333333333333333
89872	63	0	5	0.15	61.0	305.0	0.0
89873	93	0	5	0.225	91.0	455.0	0.0
89874	220	0	5	0.5425	144.2	721.0	0.3333333333333333
89875	190	0	5	0.4675	92.0	460.0	0.6666666666666666
89876	155	0	5	0.38	72.2	361.0	0.3333333333333333
89877	195	0	5	0.48	50.6	253.0	0.3333333333333333
89878	354	0	5	0.8775	230.6	1153.0	0.6666666666666666
89879	164	1	4	0.4075	68.2	341.0	1.0
89880	298	0	5	0.7375	169.2	846.0	0.6666666666666666
89881	195	0	5	0.48	166.8	834.0	0.3333333333333333
89882	379	0	5	0.94	312.6	1563.0	0.6666666666666666
89883	270	0	5	0.6675	199.0	995.0	0.6666666666666666
89884	66	0	5	0.1575	64.0	320.0	0.0
89885	239	0	5	0.59	128.8	644.0	0.3333333333333333
89886	285	0	5	0.705	153.0	765.0	0.3333333333333333
89887	291	0	5	0.72	171.4	857.0	0.3333333333333333
89888	306	0	5	0.7575	220.6	1103.0	0.6666666666666666
89889	120	0	5	0.2925	98.0	490.0	0.3333333333333333
89890	217	0	5	0.535	166.2	831.0	0.3333333333333333
89891	191	0	5	0.47	130.8	654.0	0.0
89892	347	0	5	0.86	136.4	682.0	0.3333333333333333
89893	235	0	5	0.58	114.6	573.0	0.6666666666666666
89894	237	0	5	0.585	157.4	787.0	0.6666666666666666
89895	282	0	5	0.6975	156.8	784.0	0.6666666666666666
89896	280	0	5	0.6925	161.2	806.0	0.6666666666666666
89897	184	0	5	0.4525	146.4	732.0	0.0
89898	199	0	5	0.49	95.8	479.0	0.3333333333333333
89899	310	0	5	0.7675	226.0	1130.0	0.3333333333333333
89900	162	0	5	0.3975	116.2	581.0	0.6666666666666666
89901	69	0	5	0.165	59.8	299.0	0.3333333333333333
89902	210	0	5	0.5175	107.2	536.0	0.3333333333333333
89903	305	0	5	0.755	103.0	515.0	0.3333333333333333
89904	15	0	5	0.03	13.0	65.0	0.0
89905	344	0	5	0.8525	268.6	1343.0	0.6666666666666666
89906	336	0	5	0.8325	267.2	1336.0	0.6666666666666666
89907	257	0	5	0.635	165.4	827.0	0.6666666666666666
89908	261	0	5	0.645	169.8	849.0	0.6666666666666666
89909	347	0	5	0.86	105.8	529.0	0.3333333333333333
89910	65	0	5	0.155	41.4	207.0	0.3333333333333333
89911	133	0	5	0.325	131.0	655.0	0.0
89912	135	0	5	0.33	55.0	275.0	0.6666666666666666
89913	310	1	4	0.7725	171.2	856.0	1.0
89914	304	0	5	0.7525	176.4	882.0	0.6666666666666666
89915	112	0	5	0.2725	103.2	516.0	0.0
89916	274	0	5	0.6775	195.8	979.0	0.6666666666666666
89917	68	0	5	0.1625	57.2	286.0	0.0
89918	246	0	5	0.6075	145.4	727.0	0.3333333333333333
89919	31	0	5	0.07	11.6	58.0	0.0
89920	374	0	5	0.9275	146.0	730.0	0.6666666666666666
89921	122	0	5	0.2975	103.6	518.0	0.3333333333333333
89922	74	0	5	0.1775	64.8	324.0	0.0
89923	140	0	5	0.3425	88.4	442.0	0.6666666666666666
89924	135	0	5	0.33	84.2	421.0	0.3333333333333333
89925	389	0	5	0.965	287.6	1438.0	0.6666666666666666
89926	205	1	4	0.51	50.6	253.0	1.0
89927	327	0	5	0.81	194.4	972.0	0.0
89928	93	0	5	0.225	91.0	455.0	0.3333333333333333
89929	193	0	5	0.475	177.6	888.0	0.6666666666666666
89930	237	0	5	0.585	229.8	1149.0	0.3333333333333333
89931	342	0	5	0.8475	269.8	1349.0	0.6666666666666666
89932	238	0	5	0.5875	106.4	532.0	0.6666666666666666
89933	370	0	5	0.9175	339.4	1697.0	0.6666666666666666
89934	378	1	4	0.9425	242.6	1213.0	1.0
89935	125	0	5	0.305	71.0	355.0	0.6666666666666666
89936	383	0	5	0.95	249.6	1248.0	0.3333333333333333
89937	356	0	5	0.8825	126.0	630.0	0.6666666666666666
89938	224	0	5	0.5525	184.6	923.0	0.0
89939	55	0	5	0.13	45.2	226.0	0.0
89940	193	0	5	0.475	101.2	506.0	0.3333333333333333
89941	240	0	5	0.5925	190.0	950.0	0.3333333333333333
89942	266	0	5	0.6575	185.2	926.0	0.3333333333333333
89943	83	0	5	0.2	53.0	265.0	0.0
89944	219	0	5	0.54	121.4	607.0	0.6666666666666666
89945	226	0	5	0.5575	160.4	802.0	0.3333333333333333
89946	226	0	5	0.5575	154.4	772.0	0.6666666666666666
89947	213	0	5	0.525	75.8	379.0	0.3333333333333333
89948	220	0	5	0.5425	197.4	987.0	0.3333333333333333
89949	146	0	5	0.3575	105.2	526.0	0.3333333333333333
89950	262	0	5	0.6475	102.2	511.0	0.6666666666666666
89951	60	0	5	0.1425	51.6	258.0	0.3333333333333333
89952	353	0	5	0.875	253.2	1266.0	0.6666666666666666
89953	104	0	5	0.2525	87.8	439.0	0.0
89954	381	0	5	0.945	253.0	1265.0	0.6666666666666666
89955	396	0	5	0.9825	189.2	946.0	0.6666666666666666
89956	91	0	5	0.22	83.0	415.0	0.3333333333333333
89957	299	0	5	0.74	212.6	1063.0	0.3333333333333333
89958	258	0	5	0.6375	152.2	761.0	0.3333333333333333
89959	205	0	5	0.505	155.0	775.0	0.3333333333333333
89960	248	0	5	0.6125	187.0	935.0	0.3333333333333333
89961	165	0	5	0.405	133.0	665.0	0.0
89962	12	0	5	0.0225	10.0	50.0	0.0
89963	151	0	5	0.37	95.4	477.0	0.6666666666666666
89964	197	0	5	0.485	189.4	947.0	0.3333333333333333
89965	268	0	5	0.6625	216.8	1084.0	0.6666666666666666
89966	180	1	4	0.4475	105.0	525.0	1.0
89967	243	1	4	0.605	69.8	349.0	1.0
89968	259	0	5	0.64	218.4	1092.0	0.6666666666666666
89969	88	0	5	0.2125	30.0	150.0	0.3333333333333333
89970	290	1	4	0.7225	223.6	1118.0	1.0
89971	370	1	4	0.9225	103.6	518.0	1.0
89972	60	0	5	0.1425	24.4	122.0	0.3333333333333333
89973	190	0	5	0.4675	66.4	332.0	0.3333333333333333
89974	49	0	5	0.115	43.0	215.0	0.0
89975	314	0	5	0.7775	171.0	855.0	0.6666666666666666
89976	218	0	5	0.5375	130.0	650.0	0.3333333333333333
89977	232	0	5	0.5725	177.6	888.0	0.0
89978	334	0	5	0.8275	298.6	1493.0	0.0
89979	213	0	5	0.525	211.0	1055.0	0.0
89980	261	0	5	0.645	104.6	523.0	0.6666666666666666
89981	295	0	5	0.73	203.2	1016.0	0.6666666666666666
89982	117	0	5	0.285	59.0	295.0	0.3333333333333333
89983	6	0	5	0.0075	3.6	18.0	0.0
89984	348	0	5	0.8625	254.0	1270.0	0.6666666666666666
89985	160	0	5	0.3925	127.6	638.0	0.3333333333333333
89986	128	0	5	0.3125	114.0	570.0	0.3333333333333333
89987	360	1	4	0.8975	280.8	1404.0	1.0
89988	49	0	5	0.115	40.6	203.0	0.3333333333333333
89989	379	0	5	0.94	266.4	1332.0	0.6666666666666666
89990	354	0	5	0.8775	136.0	680.0	0.6666666666666666
89991	331	0	5	0.82	161.0	805.0	0.6666666666666666
89992	24	0	5	0.0525	22.0	110.0	0.0
89993	182	0	5	0.4475	178.8	894.0	0.0
89994	396	1	4	0.9875	360.6	1803.0	1.0
89995	354	0	5	0.8775	233.6	1168.0	0.3333333333333333
89996	366	0	5	0.9075	364.0	1820.0	0.3333333333333333
89997	270	0	5	0.6675	164.0	820.0	0.3333333333333333
89998	87	0	5	0.21	78.2	391.0	0.0
89999	279	0	5	0.69	248.0	1240.0	0.3333333333333333
90000	65	0	5	0.155	63.0	315.0	0.0
90001	127	0	5	0.31	96.2	481.0	0.0
90002	135	0	5	0.33	34.6	173.0	0.3333333333333333
90003	363	0	5	0.9	196.0	980.0	0.6666666666666666
90004	73	0	5	0.175	68.6	343.0	0.0
90005	160	0	5	0.3925	112.6	563.0	0.3333333333333333
90006	264	0	5	0.6525	76.8	384.0	0.6666666666666666
90007	7	0	5	0.01	5.0	25.0	0.0
90008	146	0	5	0.3575	67.2	336.0	0.3333333333333333
90009	252	1	4	0.6275	84.0	420.0	1.0
90010	28	0	5	0.0625	26.0	130.0	0.0
90011	189	0	5	0.465	173.4	867.0	0.0
90012	300	0	5	0.7425	276.4	1382.0	0.3333333333333333
90013	337	0	5	0.835	162.2	811.0	0.3333333333333333
90014	88	0	5	0.2125	71.4	357.0	0.3333333333333333
90015	400	1	4	0.9975	120.4	602.0	1.0
90016	366	0	5	0.9075	80.8	404.0	0.6666666666666666
90017	80	0	5	0.1925	60.4	302.0	0.3333333333333333
90018	81	0	5	0.195	79.0	395.0	0.0
90019	358	0	5	0.8875	224.0	1120.0	0.6666666666666666
90020	108	0	5	0.2625	106.0	530.0	0.0
90021	209	1	4	0.52	146.6	733.0	1.0
90022	178	0	5	0.4375	103.0	515.0	0.3333333333333333
90023	252	0	5	0.6225	99.2	496.0	0.3333333333333333
90024	176	0	5	0.4325	174.0	870.0	0.0
90025	249	0	5	0.615	146.2	731.0	0.3333333333333333
90026	378	0	5	0.9375	179.0	895.0	0.6666666666666666
90027	6	0	5	0.0075	4.0	20.0	0.0
90028	289	0	5	0.715	157.2	786.0	0.6666666666666666
90029	168	0	5	0.4125	88.4	442.0	0.3333333333333333
90030	336	1	3	0.8375	143.4	717.0	1.0
90031	262	0	5	0.6475	237.6	1188.0	0.3333333333333333
90032	119	0	5	0.29	117.0	585.0	0.0
90033	92	0	5	0.2225	90.0	450.0	0.0
90034	371	0	5	0.92	265.6	1328.0	0.3333333333333333
90035	399	1	4	0.995	176.2	881.0	1.0
90036	207	0	5	0.51	96.4	482.0	0.3333333333333333
90037	207	0	5	0.51	70.6	353.0	0.3333333333333333
90038	275	0	5	0.68	127.4	637.0	0.3333333333333333
90039	136	1	4	0.3375	100.8	504.0	1.0
90040	260	0	5	0.6425	230.4	1152.0	0.3333333333333333
90041	188	0	5	0.4625	116.0	580.0	0.3333333333333333
90042	115	1	4	0.285	33.4	167.0	1.0
90043	98	0	5	0.2375	65.6	328.0	0.0
90044	263	0	5	0.65	75.4	377.0	0.6666666666666666
90045	346	1	4	0.8625	187.4	937.0	1.0
90046	207	0	5	0.51	120.4	602.0	0.6666666666666666
90047	361	0	5	0.895	167.2	836.0	0.6666666666666666
90048	92	0	5	0.2225	43.8	219.0	0.0
90049	313	0	5	0.775	79.2	396.0	0.6666666666666666
90050	160	0	5	0.3925	111.8	559.0	0.3333333333333333
90051	36	0	5	0.0825	34.0	170.0	0.0
90052	320	0	5	0.7925	202.8	1014.0	0.6666666666666666
90053	264	0	5	0.6525	79.8	399.0	0.3333333333333333
90054	256	0	5	0.6325	122.6	613.0	0.3333333333333333
90055	190	0	5	0.4675	98.4	492.0	0.6666666666666666
90056	27	0	5	0.06	22.6	113.0	0.6666666666666666
90057	234	0	5	0.5775	212.8	1064.0	0.6666666666666666
90058	211	0	5	0.52	95.0	475.0	0.6666666666666666
90059	165	0	5	0.405	91.2	456.0	0.3333333333333333
90060	273	0	5	0.675	187.0	935.0	0.6666666666666666
90061	67	0	5	0.16	54.6	273.0	0.0
90062	277	0	5	0.685	177.2	886.0	0.3333333333333333
90063	272	0	5	0.6725	118.8	594.0	0.0
90064	19	0	5	0.04	17.0	85.0	0.0
90065	117	0	5	0.285	96.2	481.0	0.0
90066	134	0	5	0.3275	120.8	604.0	0.6666666666666666
90067	200	0	5	0.4925	183.4	917.0	0.6666666666666666
90068	164	0	5	0.4025	100.8	504.0	0.3333333333333333
90069	38	0	5	0.0875	24.0	120.0	0.3333333333333333
90070	346	1	4	0.8625	191.6	958.0	1.0
90071	371	1	4	0.925	143.4	717.0	1.0
90072	285	0	5	0.705	173.4	867.0	0.3333333333333333
90073	191	0	5	0.47	188.2	941.0	0.3333333333333333
90074	196	0	5	0.4825	87.0	435.0	0.3333333333333333
90075	289	0	5	0.715	183.6	918.0	0.6666666666666666
90076	212	0	5	0.5225	210.0	1050.0	0.0
90077	328	0	5	0.8125	172.8	864.0	0.6666666666666666
90078	213	0	5	0.525	104.6	523.0	0.3333333333333333
90079	327	1	4	0.815	231.4	1157.0	1.0
90080	183	1	4	0.455	172.4	862.0	1.0
90081	81	0	5	0.195	79.0	395.0	0.0
90082	213	0	5	0.525	81.2	406.0	0.6666666666666666
90083	126	0	5	0.3075	74.0	370.0	0.6666666666666666
90084	304	0	5	0.7525	234.4	1172.0	0.3333333333333333
90085	250	0	5	0.6175	193.6	968.0	0.0
90086	384	1	4	0.9575	222.2	1111.0	1.0
90087	289	1	4	0.72	231.4	1157.0	1.0
90088	282	0	5	0.6975	149.0	745.0	0.6666666666666666
90089	230	0	5	0.5675	88.8	444.0	0.3333333333333333
90090	334	0	5	0.8275	100.0	500.0	0.6666666666666666
90091	339	0	5	0.84	295.4	1477.0	0.6666666666666666
90092	280	0	5	0.6925	144.8	724.0	0.3333333333333333
90093	184	0	5	0.4525	178.4	892.0	0.0
90094	4	0	5	0.0025	2.0	10.0	0.0
90095	172	0	5	0.4225	140.6	703.0	0.3333333333333333
90096	55	0	5	0.13	45.0	225.0	0.3333333333333333
90097	163	0	5	0.4	141.2	706.0	0.6666666666666666
90098	251	1	4	0.625	206.2	1031.0	1.0
90099	292	0	5	0.7225	224.8	1124.0	0.3333333333333333
90100	44	0	5	0.1025	37.2	186.0	0.3333333333333333
90101	386	1	4	0.9625	319.8	1599.0	1.0
90102	288	1	4	0.7175	167.0	835.0	1.0
90103	284	0	5	0.7025	191.2	956.0	0.3333333333333333
90104	250	0	5	0.6175	153.6	768.0	0.6666666666666666
90105	344	0	5	0.8525	266.2	1331.0	0.6666666666666666
90106	394	0	5	0.9775	206.0	1030.0	0.6666666666666666
90107	346	0	5	0.8575	246.4	1232.0	0.6666666666666666
90108	340	0	5	0.8425	106.8	534.0	0.6666666666666666
90109	223	0	5	0.55	146.2	731.0	0.3333333333333333
90110	299	0	5	0.74	208.2	1041.0	0.6666666666666666
90111	85	0	5	0.205	63.8	319.0	0.0
90112	37	0	5	0.085	35.0	175.0	0.0
90113	173	0	5	0.425	171.0	855.0	0.0
90114	73	1	4	0.18	57.8	289.0	1.0
90115	155	0	5	0.38	132.2	661.0	0.6666666666666666
90116	70	0	5	0.1675	61.6	308.0	0.0
90117	74	0	5	0.1775	61.4	307.0	0.0
90118	148	0	5	0.3625	114.2	571.0	0.3333333333333333
90119	239	0	5	0.59	206.6	1033.0	0.3333333333333333
90120	83	0	5	0.2	59.4	297.0	0.3333333333333333
90121	111	0	5	0.27	93.4	467.0	0.3333333333333333
90122	279	1	4	0.695	159.8	799.0	1.0
90123	374	0	5	0.9275	190.6	953.0	0.6666666666666666
90124	227	0	5	0.56	83.4	417.0	0.3333333333333333
90125	54	0	5	0.1275	32.2	161.0	0.3333333333333333
90126	111	0	5	0.27	78.6	393.0	0.6666666666666666
90127	318	1	4	0.7925	154.6	773.0	1.0
90128	193	0	5	0.475	148.4	742.0	0.3333333333333333
90129	369	0	5	0.915	77.4	387.0	0.6666666666666666
90130	45	0	5	0.105	43.0	215.0	0.0
90131	398	1	4	0.9925	294.4	1472.0	1.0
90132	26	0	5	0.0575	24.0	120.0	0.0
90133	254	0	5	0.6275	136.4	682.0	0.6666666666666666
90134	53	0	5	0.125	51.0	255.0	0.0
90135	65	0	5	0.155	63.0	315.0	0.0
90136	21	0	5	0.045	19.0	95.0	0.0
90137	339	1	4	0.845	117.4	587.0	1.0
90138	356	0	5	0.8825	136.8	684.0	0.6666666666666666
90139	320	0	5	0.7925	221.2	1106.0	0.6666666666666666
90140	346	1	4	0.8625	95.6	478.0	1.0
90141	306	1	4	0.7625	144.8	724.0	1.0
90142	209	0	5	0.515	173.4	867.0	0.3333333333333333
90143	228	0	5	0.5625	144.4	722.0	0.0
90144	150	1	4	0.3725	148.4	742.0	1.0
90145	183	0	5	0.45	181.0	905.0	0.0
90146	401	0	4	0.9975	161.2	806.0	0.6666666666666666
90147	239	0	5	0.59	237.0	1185.0	0.0
90148	281	1	4	0.7	66.6	333.0	1.0
90149	297	0	5	0.735	222.4	1112.0	0.6666666666666666
90150	184	0	5	0.4525	171.6	858.0	0.3333333333333333
90151	266	0	5	0.6575	81.4	407.0	0.6666666666666666
90152	314	0	5	0.7775	64.2	321.0	0.3333333333333333
90153	130	0	5	0.3175	80.4	402.0	0.3333333333333333
90154	252	1	4	0.6275	123.8	619.0	1.0
90155	2	0	5	0.0	0.0	0.0	0.0
90156	109	0	5	0.265	65.4	327.0	0.3333333333333333
90157	347	0	5	0.86	160.6	803.0	0.6666666666666666
90158	346	0	5	0.8575	146.4	732.0	0.6666666666666666
90159	350	0	5	0.8675	196.2	981.0	0.6666666666666666
90160	384	0	5	0.9525	179.8	899.0	0.6666666666666666
90161	119	0	5	0.29	117.0	585.0	0.0
90162	336	0	5	0.8325	218.6	1093.0	0.6666666666666666
90163	185	0	5	0.455	123.8	619.0	0.0
90164	24	0	5	0.0525	22.0	110.0	0.0
90165	45	0	5	0.105	26.2	131.0	0.3333333333333333
90166	86	0	5	0.2075	56.0	280.0	0.3333333333333333
90167	300	0	5	0.7425	199.6	998.0	0.6666666666666666
90168	154	0	5	0.3775	96.4	482.0	0.3333333333333333
90169	133	0	5	0.325	66.2	331.0	0.0
90170	307	0	5	0.76	183.4	917.0	0.3333333333333333
90171	213	0	5	0.525	187.4	937.0	0.3333333333333333
90172	110	0	5	0.2675	90.4	452.0	0.0
90173	123	0	5	0.3	121.0	605.0	0.0
90174	161	0	5	0.395	159.0	795.0	0.0
90175	264	0	5	0.6525	194.8	974.0	0.6666666666666666
90176	69	0	5	0.165	67.0	335.0	0.0
90177	313	0	5	0.775	161.0	805.0	0.3333333333333333
90178	280	0	5	0.6925	214.8	1074.0	0.0
90179	376	0	5	0.9325	155.0	775.0	0.6666666666666666
90180	250	0	5	0.6175	152.2	761.0	0.6666666666666666
90181	53	0	5	0.125	51.0	255.0	0.0
90182	235	0	5	0.58	226.8	1134.0	0.0
90183	64	0	5	0.1525	35.6	178.0	0.0
90184	150	0	5	0.3675	133.6	668.0	0.0
90185	255	0	5	0.63	118.6	593.0	0.6666666666666666
90186	49	0	5	0.115	47.0	235.0	0.0
90187	30	0	5	0.0675	24.4	122.0	0.0
90188	102	0	5	0.2475	55.0	275.0	0.3333333333333333
90189	343	0	5	0.85	254.0	1270.0	0.6666666666666666
90190	282	0	5	0.6975	179.0	895.0	0.3333333333333333
90191	57	0	5	0.135	55.0	275.0	0.0
90192	66	0	5	0.1575	64.0	320.0	0.0
90193	305	0	5	0.755	148.8	744.0	0.3333333333333333
90194	354	0	5	0.8775	162.0	810.0	0.6666666666666666
90195	262	0	5	0.6475	70.6	353.0	0.0
90196	108	0	5	0.2625	51.6	258.0	0.3333333333333333
90197	371	0	5	0.92	262.4	1312.0	0.3333333333333333
90198	124	0	5	0.3025	121.0	605.0	0.6666666666666666
90199	26	0	5	0.0575	24.0	120.0	0.0
90200	252	0	5	0.6225	186.0	930.0	0.3333333333333333
90201	216	0	5	0.5325	129.6	648.0	0.3333333333333333
90202	258	0	5	0.6375	113.4	567.0	0.6666666666666666
90203	177	0	5	0.435	110.2	551.0	0.3333333333333333
90204	218	0	5	0.5375	154.4	772.0	0.3333333333333333
90205	107	0	5	0.26	42.2	211.0	0.0
90206	315	0	5	0.78	236.6	1183.0	0.6666666666666666
90207	131	0	5	0.32	113.4	567.0	0.3333333333333333
90208	199	0	5	0.49	112.2	561.0	0.3333333333333333
90209	357	0	5	0.885	204.4	1022.0	0.6666666666666666
90210	124	0	5	0.3025	122.0	610.0	0.0
90211	151	0	5	0.37	79.2	396.0	0.6666666666666666
90212	250	1	4	0.6225	104.8	524.0	1.0
90213	352	0	5	0.8725	216.8	1084.0	0.6666666666666666
90214	84	0	5	0.2025	60.4	302.0	0.0
90215	19	0	5	0.04	14.2	71.0	0.0
90216	331	0	5	0.82	215.6	1078.0	0.6666666666666666
90217	161	0	5	0.395	159.0	795.0	0.0
90218	285	0	5	0.705	125.2	626.0	0.6666666666666666
90219	332	0	5	0.8225	118.4	592.0	0.6666666666666666
90220	192	0	5	0.4725	138.8	694.0	0.6666666666666666
90221	61	0	5	0.145	39.4	197.0	0.0
90222	138	0	5	0.3375	88.4	442.0	0.3333333333333333
90223	305	0	5	0.755	129.8	649.0	0.6666666666666666
90224	74	0	5	0.1775	57.6	288.0	0.0
90225	97	0	5	0.235	95.0	475.0	0.0
90226	105	0	5	0.255	41.0	205.0	0.3333333333333333
90227	283	0	5	0.7	196.8	984.0	0.3333333333333333
90228	31	0	5	0.07	29.0	145.0	0.0
90229	274	1	4	0.6825	87.6	438.0	1.0
90230	355	0	5	0.88	135.6	678.0	0.6666666666666666
90231	97	0	5	0.235	70.2	351.0	0.3333333333333333
90232	259	1	4	0.645	109.4	547.0	1.0
90233	47	0	5	0.11	45.0	225.0	0.0
90234	15	0	5	0.03	13.0	65.0	0.0
90235	357	0	5	0.885	299.8	1499.0	0.6666666666666666
90236	13	0	5	0.025	11.0	55.0	0.0
90237	82	0	5	0.1975	74.4	372.0	0.3333333333333333
90238	104	0	5	0.2525	99.6	498.0	0.6666666666666666
90239	102	0	5	0.2475	100.0	500.0	0.0
90240	15	0	5	0.03	13.0	65.0	0.0
90241	122	0	5	0.2975	80.2	401.0	0.3333333333333333
90242	263	0	5	0.65	78.2	391.0	0.3333333333333333
90243	165	0	5	0.405	161.2	806.0	0.3333333333333333
90244	379	1	4	0.945	247.2	1236.0	1.0
90245	284	0	5	0.7025	196.4	982.0	0.3333333333333333
90246	133	0	5	0.325	26.8	134.0	0.3333333333333333
90247	395	0	5	0.98	173.8	869.0	0.6666666666666666
90248	332	0	5	0.8225	238.4	1192.0	0.3333333333333333
90249	351	1	4	0.875	152.0	760.0	1.0
90250	264	0	5	0.6525	195.8	979.0	0.3333333333333333
90251	5	0	5	0.005	3.0	15.0	0.0
90252	136	0	5	0.3325	133.6	668.0	0.0
90253	34	0	5	0.0775	32.0	160.0	0.0
90254	285	0	5	0.705	180.2	901.0	0.3333333333333333
90255	230	0	5	0.5675	117.8	589.0	0.3333333333333333
90256	184	0	5	0.4525	162.4	812.0	0.3333333333333333
90257	99	0	5	0.24	83.8	419.0	0.3333333333333333
90258	156	0	5	0.3825	134.2	671.0	0.0
90259	81	0	5	0.195	79.0	395.0	0.0
90260	253	0	5	0.625	107.4	537.0	0.3333333333333333
90261	284	1	4	0.7075	135.4	677.0	1.0
90262	334	0	5	0.8275	231.8	1159.0	0.3333333333333333
90263	8	0	5	0.0125	6.0	30.0	0.0
90264	392	0	5	0.9725	194.4	972.0	0.6666666666666666
90265	136	0	5	0.3325	108.8	544.0	0.3333333333333333
90266	40	0	5	0.0925	38.0	190.0	0.0
90267	65	0	5	0.155	63.0	315.0	0.0
90268	248	0	5	0.6125	160.6	803.0	0.3333333333333333
90269	81	0	5	0.195	34.6	173.0	0.3333333333333333
90270	129	0	5	0.315	58.2	291.0	0.3333333333333333
90271	350	0	5	0.8675	218.2	1091.0	0.6666666666666666
90272	294	0	5	0.7275	132.8	664.0	0.6666666666666666
90273	188	0	5	0.4625	68.8	344.0	0.3333333333333333
90274	25	0	5	0.055	19.0	95.0	0.3333333333333333
90275	369	1	4	0.92	139.6	698.0	1.0
90276	97	0	5	0.235	95.0	475.0	0.0
90277	220	0	5	0.5425	92.4	462.0	0.3333333333333333
90278	293	0	5	0.725	179.0	895.0	0.6666666666666666
90279	178	0	5	0.4375	73.2	366.0	0.6666666666666666
90280	357	0	5	0.885	158.6	793.0	0.6666666666666666
90281	47	0	5	0.11	45.0	225.0	0.0
90282	6	0	5	0.0075	4.0	20.0	0.0
90283	273	0	5	0.675	136.0	680.0	0.3333333333333333
90284	256	0	5	0.6325	199.6	998.0	0.6666666666666666
90285	95	0	5	0.23	61.0	305.0	0.3333333333333333
90286	217	0	5	0.535	119.4	597.0	0.3333333333333333
90287	350	0	5	0.8675	296.4	1482.0	0.6666666666666666
90288	62	0	5	0.1475	60.0	300.0	0.0
90289	240	0	5	0.5925	204.0	1020.0	0.3333333333333333
90290	380	0	5	0.9425	244.2	1221.0	0.6666666666666666
90291	351	0	5	0.87	180.2	901.0	0.6666666666666666
90292	112	0	5	0.2725	110.0	550.0	0.0
90293	268	0	5	0.6625	96.4	482.0	0.3333333333333333
90294	159	0	5	0.39	141.6	708.0	0.6666666666666666
90295	199	0	5	0.49	168.2	841.0	0.3333333333333333
90296	388	0	5	0.9625	222.6	1113.0	0.6666666666666666
90297	220	0	5	0.5425	107.2	536.0	0.0
90298	363	0	5	0.9	170.6	853.0	0.6666666666666666
90299	186	0	5	0.4575	142.2	711.0	0.6666666666666666
90300	220	0	5	0.5425	158.8	794.0	0.3333333333333333
90301	318	0	5	0.7875	138.6	693.0	0.3333333333333333
90302	311	0	5	0.77	182.6	913.0	0.3333333333333333
90303	264	0	5	0.6525	118.8	594.0	0.3333333333333333
90304	138	0	5	0.3375	34.4	172.0	0.6666666666666666
90305	229	0	5	0.565	130.0	650.0	0.0
90306	87	0	5	0.21	37.6	188.0	0.0
90307	345	0	5	0.855	183.0	915.0	0.6666666666666666
90308	222	0	5	0.5475	220.0	1100.0	0.0
90309	31	0	5	0.07	12.2	61.0	0.3333333333333333
90310	170	0	5	0.4175	66.8	334.0	0.3333333333333333
90311	71	0	5	0.17	67.0	335.0	0.3333333333333333
90312	47	0	5	0.11	45.0	225.0	0.0
90313	58	0	5	0.1375	56.0	280.0	0.0
90314	284	0	5	0.7025	194.0	970.0	0.3333333333333333
90315	307	0	5	0.76	110.0	550.0	0.3333333333333333
90316	254	0	5	0.6275	230.8	1154.0	0.0
90317	334	0	5	0.8275	191.8	959.0	0.6666666666666666
90318	65	0	5	0.155	63.0	315.0	0.0
90319	46	0	5	0.1075	38.0	190.0	0.3333333333333333
90320	371	0	5	0.92	154.2	771.0	0.6666666666666666
90321	281	1	4	0.7	159.4	797.0	1.0
90322	268	0	5	0.6625	111.2	556.0	0.0
90323	379	0	5	0.94	280.8	1404.0	0.6666666666666666
90324	57	0	5	0.135	44.2	221.0	0.3333333333333333
90325	178	0	5	0.4375	145.4	727.0	0.0
90326	201	0	5	0.495	140.8	704.0	0.3333333333333333
90327	77	0	5	0.185	49.8	249.0	0.3333333333333333
90328	401	0	4	0.9975	167.0	835.0	0.6666666666666666
90329	74	0	5	0.1775	42.2	211.0	0.6666666666666666
90330	186	0	5	0.4575	126.2	631.0	0.3333333333333333
90331	189	0	5	0.465	120.6	603.0	0.6666666666666666
90332	212	0	5	0.5225	99.8	499.0	0.3333333333333333
90333	283	1	4	0.705	164.8	824.0	1.0
90334	401	0	4	0.9975	223.8	1119.0	0.6666666666666666
90335	80	0	5	0.1925	38.4	192.0	0.0
90336	191	0	5	0.47	148.8	744.0	0.3333333333333333
90337	160	0	5	0.3925	127.4	637.0	0.6666666666666666
90338	189	0	5	0.465	168.6	843.0	0.0
90339	210	0	5	0.5175	77.8	389.0	0.6666666666666666
90340	292	1	4	0.7275	171.4	857.0	1.0
90341	41	0	5	0.095	39.0	195.0	0.0
90342	348	0	5	0.8625	152.4	762.0	0.6666666666666666
90343	258	0	5	0.6375	131.2	656.0	0.6666666666666666
90344	227	0	5	0.56	193.6	968.0	0.3333333333333333
90345	219	0	5	0.54	176.8	884.0	0.3333333333333333
90346	401	0	5	0.995	87.8	439.0	0.6666666666666666
90347	83	0	5	0.2	16.2	81.0	0.0
90348	347	0	5	0.86	209.2	1046.0	0.3333333333333333
90349	330	0	5	0.8175	300.8	1504.0	0.3333333333333333
90350	182	0	5	0.4475	47.8	239.0	0.6666666666666666
90351	297	0	5	0.735	167.0	835.0	0.6666666666666666
90352	232	0	5	0.5725	57.6	288.0	0.3333333333333333
90353	33	0	5	0.075	31.0	155.0	0.0
90354	256	0	5	0.6325	63.6	318.0	0.3333333333333333
90355	226	0	5	0.5575	109.2	546.0	0.3333333333333333
90356	381	0	5	0.945	156.2	781.0	0.3333333333333333
90357	310	0	5	0.7675	140.4	702.0	0.3333333333333333
90358	242	0	5	0.5975	206.2	1031.0	0.3333333333333333
90359	167	0	5	0.41	160.2	801.0	0.3333333333333333
90360	187	0	5	0.46	145.8	729.0	0.3333333333333333
90361	71	0	5	0.17	62.6	313.0	0.3333333333333333
90362	26	0	5	0.0575	24.0	120.0	0.0
90363	194	0	5	0.4775	64.0	320.0	0.3333333333333333
90364	146	0	5	0.3575	82.4	412.0	0.6666666666666666
90365	374	0	5	0.9275	242.0	1210.0	0.6666666666666666
90366	243	0	5	0.6	197.8	989.0	0.3333333333333333
90367	62	0	5	0.1475	48.4	242.0	0.3333333333333333
90368	240	0	5	0.5925	75.2	376.0	0.6666666666666666
90369	48	0	5	0.1125	28.0	140.0	0.0
90370	243	0	5	0.6	232.2	1161.0	0.3333333333333333
90371	142	0	5	0.3475	140.0	700.0	0.0
90372	186	0	5	0.4575	127.2	636.0	0.6666666666666666
90373	12	0	5	0.0225	10.0	50.0	0.0
90374	127	0	5	0.31	89.0	445.0	0.3333333333333333
90375	236	0	5	0.5825	132.0	660.0	0.3333333333333333
90376	228	0	5	0.5625	158.2	791.0	0.3333333333333333
90377	337	0	5	0.835	123.2	616.0	0.6666666666666666
90378	361	0	5	0.895	124.8	624.0	0.6666666666666666
90379	21	0	5	0.045	19.0	95.0	0.0
90380	169	0	5	0.415	109.2	546.0	0.3333333333333333
90381	105	0	5	0.255	82.2	411.0	0.3333333333333333
90382	43	0	5	0.1	41.0	205.0	0.0
90383	265	0	5	0.655	246.2	1231.0	0.3333333333333333
90384	129	0	5	0.315	41.4	207.0	0.3333333333333333
90385	25	0	5	0.055	15.2	76.0	0.3333333333333333
90386	238	0	5	0.5875	193.6	968.0	0.3333333333333333
90387	190	0	5	0.4675	155.0	775.0	0.3333333333333333
90388	152	0	5	0.3725	87.4	437.0	0.3333333333333333
90389	139	0	5	0.34	108.6	543.0	0.3333333333333333
90390	61	0	5	0.145	59.0	295.0	0.3333333333333333
90391	317	1	4	0.79	236.2	1181.0	1.0
90392	346	0	5	0.8575	243.4	1217.0	0.6666666666666666
90393	149	0	5	0.365	138.6	693.0	0.3333333333333333
90394	75	0	5	0.18	73.0	365.0	0.0
90395	300	0	5	0.7425	198.0	990.0	0.3333333333333333
90396	215	0	5	0.53	182.6	913.0	0.0
90397	52	0	5	0.1225	18.0	90.0	0.3333333333333333
90398	242	0	5	0.5975	186.4	932.0	0.3333333333333333
90399	37	0	5	0.085	35.0	175.0	0.0
90400	387	0	5	0.96	254.0	1270.0	0.6666666666666666
90401	310	0	5	0.7675	269.0	1345.0	0.6666666666666666
90402	316	0	5	0.7825	213.0	1065.0	0.3333333333333333
90403	254	0	5	0.6275	171.0	855.0	0.3333333333333333
90404	269	0	5	0.665	95.0	475.0	0.6666666666666666
90405	377	0	5	0.935	147.2	736.0	0.6666666666666666
90406	331	0	5	0.82	161.2	806.0	0.6666666666666666
90407	31	0	5	0.07	29.0	145.0	0.0
90408	332	0	5	0.8225	178.4	892.0	0.3333333333333333
90409	158	0	5	0.3875	77.6	388.0	0.6666666666666666
90410	167	0	5	0.41	142.4	712.0	0.3333333333333333
90411	239	0	5	0.59	168.2	841.0	0.3333333333333333
90412	375	0	5	0.93	228.4	1142.0	0.6666666666666666
90413	326	0	5	0.8075	126.2	631.0	0.3333333333333333
90414	368	0	5	0.9125	229.2	1146.0	0.6666666666666666
90415	390	0	5	0.9675	152.4	762.0	0.6666666666666666
90416	55	0	5	0.13	37.0	185.0	0.0
90417	311	0	5	0.77	254.2	1271.0	0.3333333333333333
90418	209	0	5	0.515	102.2	511.0	0.3333333333333333
90419	281	0	5	0.695	138.6	693.0	0.3333333333333333
90420	5	0	5	0.005	3.0	15.0	0.0
90421	315	0	5	0.78	154.0	770.0	0.6666666666666666
90422	251	0	5	0.62	147.8	739.0	0.6666666666666666
90423	29	0	5	0.065	25.0	125.0	0.3333333333333333
90424	204	1	4	0.5075	138.0	690.0	1.0
90425	72	0	5	0.1725	50.8	254.0	0.3333333333333333
90426	8	0	5	0.0125	6.0	30.0	0.0
90427	374	0	5	0.9275	291.6	1458.0	0.3333333333333333
90428	141	1	4	0.35	81.0	405.0	1.0
90429	162	1	4	0.4025	112.0	560.0	1.0
90430	340	0	5	0.8425	110.8	554.0	0.6666666666666666
90431	81	0	5	0.195	79.0	395.0	0.0
90432	239	0	5	0.59	201.6	1008.0	0.3333333333333333
90433	323	1	4	0.805	87.6	438.0	1.0
90434	17	0	5	0.035	15.0	75.0	0.0
90435	119	0	5	0.29	102.2	511.0	0.0
90436	272	0	5	0.6725	158.8	794.0	0.6666666666666666
90437	238	1	4	0.5925	175.6	878.0	1.0
90438	86	0	5	0.2075	37.2	186.0	0.0
90439	285	0	5	0.705	152.4	762.0	0.3333333333333333
90440	171	0	5	0.42	168.6	843.0	0.3333333333333333
90441	125	0	5	0.305	49.4	247.0	0.0
90442	273	0	5	0.675	190.8	954.0	0.3333333333333333
90443	54	0	5	0.1275	52.0	260.0	0.0
90444	349	0	5	0.865	79.0	395.0	0.3333333333333333
90445	267	0	5	0.66	99.4	497.0	0.3333333333333333
90446	370	1	4	0.9225	105.0	525.0	1.0
90447	274	0	5	0.6775	167.2	836.0	0.3333333333333333
90448	370	0	5	0.9175	126.4	632.0	0.6666666666666666
90449	78	0	5	0.1875	57.0	285.0	0.3333333333333333
90450	201	0	5	0.495	195.4	977.0	0.3333333333333333
90451	67	0	5	0.16	65.0	325.0	0.0
90452	307	0	5	0.76	221.4	1107.0	0.3333333333333333
90453	361	0	5	0.895	121.4	607.0	0.3333333333333333
90454	177	0	5	0.435	145.6	728.0	0.0
90455	39	0	5	0.09	37.0	185.0	0.0
90456	196	0	5	0.4825	112.6	563.0	0.3333333333333333
90457	64	0	5	0.1525	14.8	74.0	0.3333333333333333
90458	63	0	5	0.15	61.0	305.0	0.0
90459	182	0	5	0.4475	91.6	458.0	0.6666666666666666
90460	129	0	5	0.315	124.0	620.0	0.0
90461	188	0	5	0.4625	61.4	307.0	0.6666666666666666
90462	380	0	5	0.9425	162.4	812.0	0.6666666666666666
90463	175	0	5	0.43	162.2	811.0	0.0
90464	84	0	5	0.2025	74.6	373.0	0.0
90465	85	0	5	0.205	56.2	281.0	0.6666666666666666
90466	96	0	5	0.2325	60.0	300.0	0.3333333333333333
90467	249	0	5	0.615	89.0	445.0	0.6666666666666666
90468	393	1	4	0.98	148.2	741.0	1.0
90469	320	1	4	0.7975	202.4	1012.0	1.0
90470	235	0	5	0.58	149.8	749.0	0.6666666666666666
90471	15	0	5	0.03	13.0	65.0	0.0
90472	200	0	5	0.4925	125.8	629.0	0.0
90473	286	0	5	0.7075	263.6	1318.0	0.0
90474	399	0	5	0.99	183.8	919.0	0.6666666666666666
90475	20	0	5	0.0425	18.0	90.0	0.0
90476	287	0	5	0.71	229.6	1148.0	0.3333333333333333
90477	258	1	4	0.6425	108.4	542.0	1.0
90478	232	0	5	0.5725	149.0	745.0	0.3333333333333333
90479	222	0	5	0.5475	88.8	444.0	0.3333333333333333
90480	216	0	5	0.5325	163.2	816.0	0.0
90481	273	0	5	0.675	126.6	633.0	0.3333333333333333
90482	51	0	5	0.12	30.6	153.0	0.0
90483	245	0	5	0.605	120.0	600.0	0.3333333333333333
90484	397	0	5	0.985	213.8	1069.0	0.6666666666666666
90485	181	0	5	0.445	175.4	877.0	0.3333333333333333
90486	297	0	5	0.735	197.4	987.0	0.3333333333333333
90487	370	0	5	0.9175	107.2	536.0	0.6666666666666666
90488	94	0	5	0.2275	40.6	203.0	0.3333333333333333
90489	184	0	5	0.4525	88.4	442.0	0.3333333333333333
90490	138	0	5	0.3375	35.2	176.0	0.3333333333333333
90491	287	1	4	0.715	177.8	889.0	1.0
90492	193	0	5	0.475	129.8	649.0	0.6666666666666666
90493	376	0	5	0.9325	129.2	646.0	0.6666666666666666
90494	326	0	5	0.8075	143.2	716.0	0.6666666666666666
90495	401	0	5	0.995	218.8	1094.0	0.6666666666666666
90496	36	0	5	0.0825	34.0	170.0	0.0
90497	344	1	4	0.8575	180.0	900.0	1.0
90498	7	0	5	0.01	5.0	25.0	0.0
90499	290	0	5	0.7175	137.2	686.0	0.6666666666666666
90500	191	0	5	0.47	97.2	486.0	0.6666666666666666
90501	212	0	5	0.5225	86.0	430.0	0.3333333333333333
90502	325	0	5	0.805	98.8	494.0	0.6666666666666666
90503	282	0	5	0.6975	178.8	894.0	0.6666666666666666
90504	276	0	5	0.6825	97.6	488.0	0.6666666666666666
90505	104	0	5	0.2525	102.0	510.0	0.0
90506	33	0	5	0.075	31.0	155.0	0.0
90507	36	0	5	0.0825	34.0	170.0	0.0
90508	290	0	5	0.7175	196.4	982.0	0.3333333333333333
90509	76	0	5	0.1825	57.2	286.0	0.3333333333333333
90510	224	1	4	0.5575	191.0	955.0	1.0
90511	192	0	5	0.4725	140.4	702.0	0.6666666666666666
90512	349	0	5	0.865	200.6	1003.0	0.0
90513	245	0	5	0.605	169.8	849.0	0.3333333333333333
90514	275	0	5	0.68	236.2	1181.0	0.3333333333333333
90515	240	0	5	0.5925	108.4	542.0	0.3333333333333333
90516	225	0	5	0.555	157.2	786.0	0.6666666666666666
90517	124	0	5	0.3025	98.6	493.0	0.6666666666666666
90518	125	0	5	0.305	77.6	388.0	0.6666666666666666
90519	21	0	5	0.045	19.0	95.0	0.0
90520	122	0	5	0.2975	117.8	589.0	0.3333333333333333
90521	51	0	5	0.12	25.6	128.0	0.3333333333333333
90522	343	1	4	0.855	169.2	846.0	1.0
90523	57	0	5	0.135	11.2	56.0	0.0
90524	328	0	5	0.8125	126.8	634.0	0.6666666666666666
90525	368	0	5	0.9125	232.4	1162.0	0.6666666666666666
90526	356	0	5	0.8825	190.6	953.0	0.6666666666666666
90527	158	1	2	0.3925	118.4	592.0	1.0
90528	193	0	5	0.475	191.0	955.0	0.0
90529	266	0	5	0.6575	206.4	1032.0	0.6666666666666666
90530	93	0	5	0.225	79.8	399.0	0.3333333333333333
90531	16	0	5	0.0325	14.0	70.0	0.0
90532	187	0	5	0.46	132.2	661.0	0.6666666666666666
90533	125	0	5	0.305	99.0	495.0	0.0
90534	81	0	5	0.195	65.4	327.0	0.3333333333333333
90535	397	0	5	0.985	164.4	822.0	0.3333333333333333
90536	190	0	5	0.4675	153.8	769.0	0.3333333333333333
90537	114	0	5	0.2775	98.8	494.0	0.0
90538	312	0	5	0.7725	266.0	1330.0	0.6666666666666666
90539	65	0	5	0.155	63.0	315.0	0.0
90540	195	1	4	0.485	109.6	548.0	1.0
90541	352	0	5	0.8725	190.4	952.0	0.6666666666666666
90542	135	0	5	0.33	132.4	662.0	0.0
90543	101	0	5	0.245	56.4	282.0	0.3333333333333333
90544	398	0	5	0.9875	131.2	656.0	0.6666666666666666
90545	230	0	5	0.5675	114.6	573.0	0.0
90546	72	0	5	0.1725	70.0	350.0	0.0
90547	217	0	5	0.535	131.4	657.0	0.6666666666666666
90548	113	0	5	0.275	54.2	271.0	0.6666666666666666
90549	13	0	5	0.025	11.0	55.0	0.0
90550	307	1	3	0.765	223.0	1115.0	1.0
90551	368	0	5	0.9125	256.2	1281.0	0.3333333333333333
90552	63	0	5	0.15	36.2	181.0	0.3333333333333333
90553	180	0	5	0.4425	130.2	651.0	0.3333333333333333
90554	392	0	5	0.9725	250.8	1254.0	0.3333333333333333
90555	253	0	5	0.625	250.8	1254.0	0.3333333333333333
90556	315	0	5	0.78	185.4	927.0	0.6666666666666666
90557	269	0	5	0.665	263.0	1315.0	0.6666666666666666
90558	311	0	5	0.77	219.8	1099.0	0.6666666666666666
90559	378	0	5	0.9375	91.6	458.0	0.6666666666666666
90560	250	0	5	0.6175	157.6	788.0	0.6666666666666666
90561	246	0	5	0.6075	70.4	352.0	0.3333333333333333
90562	206	0	5	0.5075	147.8	739.0	0.6666666666666666
90563	339	0	5	0.84	138.4	692.0	0.6666666666666666
90564	62	0	5	0.1475	60.0	300.0	0.0
90565	308	0	5	0.7625	170.0	850.0	0.6666666666666666
90566	328	0	5	0.8125	128.2	641.0	0.6666666666666666
90567	191	0	5	0.47	163.4	817.0	0.6666666666666666
90568	235	0	5	0.58	185.6	928.0	0.6666666666666666
90569	197	0	5	0.485	115.6	578.0	0.6666666666666666
90570	353	0	5	0.875	112.2	561.0	0.3333333333333333
90571	26	0	5	0.0575	24.0	120.0	0.0
90572	117	0	5	0.285	66.4	332.0	0.0
90573	364	1	4	0.9075	198.0	990.0	1.0
90574	269	0	5	0.665	118.2	591.0	0.0
90575	401	0	3	0.9975	244.6	1223.0	0.6666666666666666
90576	98	0	5	0.2375	63.2	316.0	0.3333333333333333
90577	140	0	5	0.3425	128.6	643.0	0.3333333333333333
90578	376	0	5	0.9325	246.8	1234.0	0.6666666666666666
90579	266	0	5	0.6575	65.6	328.0	0.6666666666666666
90580	299	0	5	0.74	168.6	843.0	0.3333333333333333
90581	324	0	5	0.8025	281.4	1407.0	0.3333333333333333
90582	173	0	5	0.425	84.8	424.0	0.3333333333333333
90583	299	0	5	0.74	154.6	773.0	0.6666666666666666
90584	349	0	5	0.865	276.4	1382.0	0.3333333333333333
90585	275	0	5	0.68	169.8	849.0	0.6666666666666666
90586	286	0	5	0.7075	250.4	1252.0	0.6666666666666666
90587	11	0	5	0.02	9.0	45.0	0.0
90588	330	1	4	0.8225	125.6	628.0	1.0
90589	61	0	5	0.145	36.2	181.0	0.3333333333333333
90590	311	1	4	0.775	299.6	1498.0	1.0
90591	221	0	5	0.545	113.6	568.0	0.3333333333333333
90592	45	0	5	0.105	36.8	184.0	0.3333333333333333
90593	164	0	5	0.4025	104.4	522.0	0.3333333333333333
90594	118	0	5	0.2875	104.6	523.0	0.3333333333333333
90595	11	0	5	0.02	9.0	45.0	0.0
90596	344	0	5	0.8525	90.0	450.0	0.3333333333333333
90597	197	0	5	0.485	158.4	792.0	0.3333333333333333
90598	348	0	5	0.8625	235.0	1175.0	0.6666666666666666
90599	234	0	5	0.5775	188.0	940.0	0.3333333333333333
90600	229	0	5	0.565	227.0	1135.0	0.0
90601	283	0	5	0.7	189.6	948.0	0.6666666666666666
90602	282	0	5	0.6975	92.8	464.0	0.3333333333333333
90603	328	0	5	0.8125	194.8	974.0	0.6666666666666666
90604	322	0	5	0.7975	214.4	1072.0	0.6666666666666666
90605	332	1	4	0.8275	143.4	717.0	1.0
90606	314	0	5	0.7775	185.6	928.0	0.3333333333333333
90607	149	0	5	0.365	143.0	715.0	0.3333333333333333
90608	153	0	5	0.375	118.2	591.0	0.0
90609	293	0	5	0.725	172.2	861.0	0.3333333333333333
90610	92	0	5	0.2225	51.6	258.0	0.3333333333333333
90611	58	0	5	0.1375	24.8	124.0	0.3333333333333333
90612	123	0	5	0.3	70.4	352.0	0.3333333333333333
90613	254	0	5	0.6275	186.0	930.0	0.6666666666666666
90614	192	1	4	0.4775	63.8	319.0	1.0
90615	174	1	4	0.4325	63.2	316.0	1.0
90616	56	0	5	0.1325	25.2	126.0	0.3333333333333333
90617	220	0	5	0.5425	165.2	826.0	0.3333333333333333
90618	143	0	5	0.35	129.8	649.0	0.3333333333333333
90619	118	0	5	0.2875	116.0	580.0	0.0
90620	226	0	5	0.5575	156.8	784.0	0.3333333333333333
90621	259	0	5	0.64	120.8	604.0	0.3333333333333333
90622	4	0	5	0.0025	2.0	10.0	0.0
90623	255	1	4	0.635	187.0	935.0	1.0
90624	204	0	5	0.5025	132.4	662.0	0.6666666666666666
90625	29	0	5	0.065	27.0	135.0	0.0
90626	324	0	5	0.8025	78.0	390.0	0.6666666666666666
90627	306	0	5	0.7575	164.0	820.0	0.6666666666666666
90628	120	0	5	0.2925	63.8	319.0	0.0
90629	302	1	4	0.7525	118.8	594.0	1.0
90630	349	0	5	0.865	125.6	628.0	0.6666666666666666
90631	111	0	5	0.27	68.6	343.0	0.3333333333333333
90632	172	0	5	0.4225	143.6	718.0	0.3333333333333333
90633	191	0	5	0.47	135.4	677.0	0.6666666666666666
90634	161	0	5	0.395	105.0	525.0	0.3333333333333333
90635	84	0	5	0.2025	82.0	410.0	0.0
90636	318	0	5	0.7875	289.4	1447.0	0.0
90637	221	0	5	0.545	54.6	273.0	0.3333333333333333
90638	282	0	5	0.6975	239.2	1196.0	0.3333333333333333
90639	155	0	5	0.38	121.8	609.0	0.3333333333333333
90640	246	1	4	0.6125	98.0	490.0	1.0
90641	187	0	5	0.46	75.4	377.0	0.3333333333333333
90642	347	1	4	0.865	116.6	583.0	1.0
90643	330	0	5	0.8175	266.8	1334.0	0.3333333333333333
90644	139	0	5	0.34	107.6	538.0	0.3333333333333333
90645	269	0	5	0.665	200.2	1001.0	0.3333333333333333
90646	248	0	5	0.6125	173.4	867.0	0.6666666666666666
90647	93	1	4	0.23	47.6	238.0	1.0
90648	282	0	5	0.6975	181.2	906.0	0.3333333333333333
90649	35	0	5	0.08	33.0	165.0	0.0
90650	386	0	5	0.9575	186.8	934.0	0.6666666666666666
90651	82	0	5	0.1975	55.0	275.0	0.3333333333333333
90652	223	0	5	0.55	174.0	870.0	0.6666666666666666
90653	179	0	5	0.44	154.6	773.0	0.3333333333333333
90654	340	0	5	0.8425	85.2	426.0	0.6666666666666666
90655	105	0	5	0.255	94.2	471.0	0.3333333333333333
90656	140	0	5	0.3425	116.8	584.0	0.3333333333333333
90657	168	0	5	0.4125	147.2	736.0	0.3333333333333333
90658	248	0	5	0.6125	83.6	418.0	0.3333333333333333
90659	272	0	5	0.6725	238.8	1194.0	0.0
90660	2	0	5	0.0	0.0	0.0	0.0
90661	203	0	5	0.5	177.4	887.0	0.3333333333333333
90662	387	1	4	0.965	123.2	616.0	1.0
90663	126	0	5	0.3075	115.0	575.0	0.3333333333333333
90664	255	0	5	0.63	191.8	959.0	0.6666666666666666
90665	142	0	5	0.3475	80.6	403.0	0.3333333333333333
90666	342	0	5	0.8475	287.8	1439.0	0.3333333333333333
90667	77	0	5	0.185	55.4	277.0	0.3333333333333333
90668	80	0	5	0.1925	78.0	390.0	0.0
90669	184	1	4	0.4575	131.2	656.0	1.0
90670	349	0	5	0.865	234.8	1174.0	0.3333333333333333
90671	114	0	5	0.2775	51.4	257.0	0.3333333333333333
90672	343	0	5	0.85	204.2	1021.0	0.6666666666666666
90673	323	0	5	0.8	230.6	1153.0	0.6666666666666666
90674	16	0	5	0.0325	14.0	70.0	0.0
90675	185	0	5	0.455	153.4	767.0	0.3333333333333333
90676	288	0	5	0.7125	176.8	884.0	0.3333333333333333
90677	361	0	5	0.895	301.8	1509.0	0.6666666666666666
90678	254	0	5	0.6275	183.6	918.0	0.6666666666666666
90679	47	0	5	0.11	45.0	225.0	0.0
90680	373	0	5	0.925	296.6	1483.0	0.6666666666666666
90681	49	0	5	0.115	10.0	50.0	0.3333333333333333
90682	197	0	5	0.485	161.8	809.0	0.3333333333333333
90683	380	0	5	0.9425	338.4	1692.0	0.6666666666666666
90684	225	0	5	0.555	106.6	533.0	0.6666666666666666
90685	374	0	5	0.9275	145.4	727.0	0.6666666666666666
90686	149	0	5	0.365	54.2	271.0	0.3333333333333333
90687	276	0	5	0.6825	136.8	684.0	0.6666666666666666
90688	133	0	5	0.325	59.4	297.0	0.3333333333333333
90689	140	0	5	0.3425	90.0	450.0	0.3333333333333333
90690	401	0	4	0.9975	269.6	1348.0	0.6666666666666666
90691	36	0	5	0.0825	28.6	143.0	0.0
90692	94	0	5	0.2275	45.6	228.0	0.3333333333333333
90693	253	0	5	0.625	75.2	376.0	0.6666666666666666
90694	216	0	5	0.5325	157.6	788.0	0.3333333333333333
90695	362	0	5	0.8975	167.6	838.0	0.6666666666666666
90696	202	0	5	0.4975	130.4	652.0	0.3333333333333333
90697	247	0	5	0.61	204.4	1022.0	0.6666666666666666
90698	297	0	5	0.735	196.6	983.0	0.6666666666666666
90699	159	0	5	0.39	101.8	509.0	0.3333333333333333
90700	243	0	5	0.6	197.6	988.0	0.3333333333333333
90701	172	0	5	0.4225	128.0	640.0	0.6666666666666666
90702	342	0	5	0.8475	137.8	689.0	0.6666666666666666
90703	164	0	5	0.4025	70.2	351.0	0.6666666666666666
90704	135	0	5	0.33	66.6	333.0	0.3333333333333333
90705	200	0	5	0.4925	77.8	389.0	0.3333333333333333
90706	120	0	5	0.2925	72.4	362.0	0.3333333333333333
90707	379	1	4	0.945	278.6	1393.0	1.0
90708	137	0	5	0.335	135.0	675.0	0.0
90709	174	0	5	0.4275	148.2	741.0	0.3333333333333333
90710	278	0	5	0.6875	180.0	900.0	0.6666666666666666
90711	140	0	5	0.3425	118.2	591.0	0.3333333333333333
90712	204	0	5	0.5025	109.6	548.0	0.6666666666666666
90713	180	1	4	0.4475	120.8	604.0	1.0
90714	8	0	5	0.0125	6.0	30.0	0.0
90715	193	0	5	0.475	180.0	900.0	0.0
90716	201	0	5	0.495	103.8	519.0	0.3333333333333333
90717	201	0	5	0.495	152.2	761.0	0.3333333333333333
90718	368	0	5	0.9125	170.0	850.0	0.6666666666666666
90719	249	0	5	0.615	217.2	1086.0	0.6666666666666666
90720	52	0	5	0.1225	32.4	162.0	0.0
90721	144	0	5	0.3525	138.2	691.0	0.6666666666666666
90722	116	0	5	0.2825	30.0	150.0	0.3333333333333333
90723	26	0	5	0.0575	16.8	84.0	0.3333333333333333
90724	171	0	5	0.42	146.6	733.0	0.0
90725	138	0	5	0.3375	136.0	680.0	0.0
90726	90	0	5	0.2175	76.6	383.0	0.0
90727	310	1	4	0.7725	181.8	909.0	1.0
90728	298	1	4	0.7425	170.4	852.0	1.0
90729	350	0	5	0.8675	226.4	1132.0	0.6666666666666666
90730	268	0	5	0.6625	130.8	654.0	0.3333333333333333
90731	68	0	5	0.1625	55.2	276.0	0.0
90732	157	0	5	0.385	48.2	241.0	0.3333333333333333
90733	182	0	5	0.4475	98.2	491.0	0.6666666666666666
90734	115	0	5	0.28	111.4	557.0	0.0
90735	31	0	5	0.07	29.0	145.0	0.0
90736	205	0	5	0.505	168.8	844.0	0.3333333333333333
90737	268	1	4	0.6675	123.8	619.0	1.0
90738	160	0	5	0.3925	117.0	585.0	0.6666666666666666
90739	293	0	5	0.725	155.4	777.0	0.3333333333333333
90740	197	0	5	0.485	124.2	621.0	0.0
90741	356	0	5	0.8825	298.4	1492.0	0.6666666666666666
90742	352	1	4	0.8775	152.8	764.0	1.0
90743	42	0	5	0.0975	40.0	200.0	0.0
90744	196	0	5	0.4825	168.4	842.0	0.3333333333333333
90745	327	0	5	0.81	236.8	1184.0	0.6666666666666666
90746	311	0	5	0.77	194.0	970.0	0.3333333333333333
90747	93	0	5	0.225	68.2	341.0	0.3333333333333333
90748	103	0	5	0.25	70.2	351.0	0.3333333333333333
90749	26	0	5	0.0575	24.0	120.0	0.0
90750	198	0	5	0.4875	147.4	737.0	0.3333333333333333
90751	246	0	5	0.6075	210.4	1052.0	0.3333333333333333
90752	342	1	4	0.8525	126.4	632.0	1.0
90753	19	0	5	0.04	17.0	85.0	0.0
90754	83	0	5	0.2	50.6	253.0	0.3333333333333333
90755	180	0	5	0.4425	93.6	468.0	0.6666666666666666
90756	242	0	5	0.5975	116.2	581.0	0.3333333333333333
90757	176	0	5	0.4325	96.0	480.0	0.3333333333333333
90758	212	0	5	0.5225	143.0	715.0	0.6666666666666666
90759	373	0	5	0.925	185.2	926.0	0.6666666666666666
90760	244	0	5	0.6025	125.8	629.0	0.6666666666666666
90761	204	0	5	0.5025	202.0	1010.0	0.0
90762	170	0	5	0.4175	131.8	659.0	0.6666666666666666
90763	302	0	5	0.7475	223.0	1115.0	0.0
90764	361	1	4	0.9	257.6	1288.0	1.0
90765	255	0	5	0.63	191.2	956.0	0.6666666666666666
90766	267	0	5	0.66	113.4	567.0	0.3333333333333333
90767	192	0	5	0.4725	140.8	704.0	0.3333333333333333
90768	387	0	5	0.96	260.8	1304.0	0.6666666666666666
90769	127	0	5	0.31	125.0	625.0	0.0
90770	164	0	5	0.4025	137.2	686.0	0.3333333333333333
90771	280	0	5	0.6925	202.4	1012.0	0.3333333333333333
90772	286	0	5	0.7075	181.0	905.0	0.3333333333333333
90773	148	0	5	0.3625	131.2	656.0	0.3333333333333333
90774	41	0	5	0.095	39.0	195.0	0.0
90775	369	0	5	0.915	210.8	1054.0	0.6666666666666666
90776	240	0	5	0.5925	121.2	606.0	0.3333333333333333
90777	272	0	5	0.6725	218.8	1094.0	0.3333333333333333
90778	203	0	5	0.5	192.6	963.0	0.3333333333333333
90779	327	0	5	0.81	122.4	612.0	0.6666666666666666
90780	333	0	5	0.825	197.2	986.0	0.6666666666666666
90781	370	0	5	0.9175	85.2	426.0	0.6666666666666666
90782	227	0	5	0.56	123.4	617.0	0.3333333333333333
90783	65	0	5	0.155	63.0	315.0	0.0
90784	160	0	5	0.3925	131.0	655.0	0.3333333333333333
90785	356	0	5	0.8825	292.4	1462.0	0.3333333333333333
90786	286	0	5	0.7075	199.6	998.0	0.3333333333333333
90787	289	0	5	0.715	203.6	1018.0	0.6666666666666666
90788	286	0	5	0.7075	82.4	412.0	0.3333333333333333
90789	351	0	5	0.87	214.4	1072.0	0.6666666666666666
90790	191	0	5	0.47	114.4	572.0	0.3333333333333333
90791	385	0	5	0.955	278.0	1390.0	0.6666666666666666
90792	339	1	4	0.845	98.6	493.0	1.0
90793	328	0	5	0.8125	166.8	834.0	0.6666666666666666
90794	60	0	5	0.1425	43.2	216.0	0.3333333333333333
90795	193	0	5	0.475	62.0	310.0	0.6666666666666666
90796	332	1	4	0.8275	170.8	854.0	1.0
90797	181	0	5	0.445	149.2	746.0	0.3333333333333333
90798	211	0	5	0.52	123.4	617.0	0.3333333333333333
90799	247	1	4	0.615	203.4	1017.0	1.0
90800	101	0	5	0.245	40.8	204.0	0.3333333333333333
90801	274	0	5	0.6775	120.2	601.0	0.6666666666666666
90802	400	1	4	0.9975	237.6	1188.0	1.0
90803	336	0	5	0.8325	218.6	1093.0	0.3333333333333333
90804	162	0	5	0.3975	136.0	680.0	0.3333333333333333
90805	177	0	5	0.435	37.4	187.0	0.3333333333333333
90806	216	0	5	0.5325	184.6	923.0	0.0
90807	296	1	4	0.7375	178.4	892.0	1.0
90808	81	0	5	0.195	76.4	382.0	0.3333333333333333
90809	207	0	5	0.51	177.4	887.0	0.3333333333333333
90810	199	1	4	0.495	89.4	447.0	1.0
90811	6	0	5	0.0075	4.0	20.0	0.0
90812	264	0	5	0.6525	125.2	626.0	0.6666666666666666
90813	203	0	5	0.5	146.8	734.0	0.3333333333333333
90814	278	1	3	0.6925	260.4	1302.0	1.0
90815	194	0	5	0.4775	55.6	278.0	0.6666666666666666
90816	263	0	5	0.65	115.4	577.0	0.3333333333333333
90817	218	0	5	0.5375	83.2	416.0	0.3333333333333333
90818	86	0	5	0.2075	57.2	286.0	0.0
90819	156	0	5	0.3825	154.0	770.0	0.0
90820	92	0	5	0.2225	89.6	448.0	0.0
90821	23	0	5	0.05	21.0	105.0	0.0
90822	130	0	5	0.3175	63.6	318.0	0.3333333333333333
90823	295	0	5	0.73	277.6	1388.0	0.3333333333333333
90824	48	0	5	0.1125	46.0	230.0	0.0
90825	239	0	5	0.59	144.2	721.0	0.0
90826	68	0	5	0.1625	47.6	238.0	0.3333333333333333
90827	247	0	5	0.61	213.6	1068.0	0.3333333333333333
90828	245	0	5	0.605	152.6	763.0	0.3333333333333333
90829	201	0	5	0.495	183.6	918.0	0.6666666666666666
90830	161	0	5	0.395	144.0	720.0	0.3333333333333333
90831	63	0	5	0.15	53.8	269.0	0.3333333333333333
90832	22	0	5	0.0475	20.0	100.0	0.0
90833	208	0	5	0.5125	72.2	361.0	0.6666666666666666
90834	5	0	5	0.005	3.0	15.0	0.0
90835	206	1	4	0.5125	146.0	730.0	1.0
90836	315	0	5	0.78	226.4	1132.0	0.3333333333333333
90837	155	0	5	0.38	87.0	435.0	0.3333333333333333
90838	8	0	5	0.0125	6.0	30.0	0.0
90839	195	0	5	0.48	158.6	793.0	0.3333333333333333
90840	271	0	5	0.67	130.6	653.0	0.6666666666666666
90841	301	1	4	0.75	159.2	796.0	1.0
90842	291	0	5	0.72	156.6	783.0	0.6666666666666666
90843	101	0	5	0.245	97.8	489.0	0.3333333333333333
90844	191	0	5	0.47	136.6	683.0	0.3333333333333333
90845	15	0	5	0.03	13.0	65.0	0.0
90846	319	1	4	0.795	71.8	359.0	1.0
90847	260	0	5	0.6425	129.4	647.0	0.6666666666666666
90848	40	0	5	0.0925	34.2	171.0	0.3333333333333333
90849	314	0	5	0.7775	171.6	858.0	0.6666666666666666
90850	396	0	5	0.9825	168.4	842.0	0.6666666666666666
90851	167	0	5	0.41	149.0	745.0	0.0
90852	221	0	5	0.545	120.6	603.0	0.6666666666666666
90853	273	0	5	0.675	232.6	1163.0	0.6666666666666666
90854	184	0	5	0.4525	100.4	502.0	0.0
90855	84	0	5	0.2025	80.4	402.0	0.3333333333333333
90856	67	0	5	0.16	65.0	325.0	0.0
90857	172	0	5	0.4225	102.8	514.0	0.3333333333333333
90858	287	0	5	0.71	285.0	1425.0	0.3333333333333333
90859	168	0	5	0.4125	128.8	644.0	0.0
90860	57	0	5	0.135	55.0	275.0	0.0
90861	88	0	5	0.2125	73.0	365.0	0.0
90862	323	0	5	0.8	161.6	808.0	0.3333333333333333
90863	41	0	5	0.095	11.8	59.0	0.3333333333333333
90864	331	0	5	0.82	243.0	1215.0	0.6666666666666666
90865	199	0	5	0.49	76.2	381.0	0.3333333333333333
90866	134	0	5	0.3275	121.6	608.0	0.3333333333333333
90867	327	0	5	0.81	211.4	1057.0	0.6666666666666666
90868	398	1	4	0.9925	247.4	1237.0	1.0
90869	59	0	5	0.14	57.0	285.0	0.0
90870	330	0	5	0.8175	90.0	450.0	0.6666666666666666
90871	130	0	5	0.3175	70.4	352.0	0.3333333333333333
90872	376	0	5	0.9325	344.6	1723.0	0.3333333333333333
90873	142	0	5	0.3475	93.6	468.0	0.3333333333333333
90874	236	0	5	0.5825	91.4	457.0	0.3333333333333333
90875	382	0	5	0.9475	170.8	854.0	0.6666666666666666
90876	178	0	5	0.4375	143.2	716.0	0.3333333333333333
90877	232	0	5	0.5725	177.2	886.0	0.6666666666666666
90878	373	1	4	0.93	137.0	685.0	1.0
90879	401	0	3	0.9975	197.6	988.0	0.6666666666666666
90880	67	0	5	0.16	65.0	325.0	0.0
90881	222	0	5	0.5475	101.0	505.0	0.3333333333333333
90882	311	0	5	0.77	201.8	1009.0	0.3333333333333333
90883	362	0	5	0.8975	254.2	1271.0	0.3333333333333333
90884	118	0	5	0.2875	69.2	346.0	0.3333333333333333
90885	298	0	5	0.7375	150.4	752.0	0.3333333333333333
90886	294	1	4	0.7325	138.4	692.0	1.0
90887	307	0	5	0.76	129.4	647.0	0.6666666666666666
90888	353	0	5	0.875	185.2	926.0	0.3333333333333333
90889	167	1	4	0.415	83.2	416.0	1.0
90890	319	0	5	0.79	190.4	952.0	0.6666666666666666
90891	21	0	5	0.045	14.8	74.0	0.0
90892	80	0	5	0.1925	22.8	114.0	0.3333333333333333
90893	199	0	5	0.49	179.0	895.0	0.6666666666666666
90894	398	1	4	0.9925	118.8	594.0	1.0
90895	288	0	5	0.7125	189.4	947.0	0.6666666666666666
90896	278	0	5	0.6875	172.8	864.0	0.0
90897	149	0	5	0.365	62.8	314.0	0.0
90898	183	0	5	0.45	154.0	770.0	0.0
90899	228	0	5	0.5625	192.2	961.0	0.0
90900	285	0	5	0.705	145.4	727.0	0.6666666666666666
90901	294	0	5	0.7275	205.4	1027.0	0.3333333333333333
90902	368	0	5	0.9125	94.4	472.0	0.6666666666666666
90903	168	0	5	0.4125	148.6	743.0	0.0
90904	200	0	5	0.4925	175.4	877.0	0.3333333333333333
90905	107	0	5	0.26	105.0	525.0	0.0
90906	128	0	5	0.3125	95.0	475.0	0.3333333333333333
90907	40	0	5	0.0925	38.0	190.0	0.0
90908	9	0	5	0.015	7.0	35.0	0.0
90909	374	1	4	0.9325	186.8	934.0	1.0
90910	364	0	5	0.9025	234.0	1170.0	0.6666666666666666
90911	113	0	5	0.275	99.0	495.0	0.0
90912	179	0	5	0.44	147.2	736.0	0.3333333333333333
90913	125	0	5	0.305	62.8	314.0	0.6666666666666666
90914	314	0	5	0.7775	255.4	1277.0	0.6666666666666666
90915	207	0	5	0.51	129.0	645.0	0.3333333333333333
90916	106	1	4	0.2625	44.0	220.0	1.0
90917	401	0	5	0.995	226.2	1131.0	0.6666666666666666
90918	21	0	5	0.045	19.0	95.0	0.0
90919	141	0	5	0.345	58.6	293.0	0.3333333333333333
90920	386	0	5	0.9575	253.6	1268.0	0.6666666666666666
90921	205	0	5	0.505	178.0	890.0	0.6666666666666666
90922	165	0	5	0.405	163.0	815.0	0.0
90923	214	0	5	0.5275	212.0	1060.0	0.0
90924	218	0	5	0.5375	192.8	964.0	0.3333333333333333
90925	322	0	5	0.7975	69.4	347.0	0.6666666666666666
90926	134	0	5	0.3275	42.4	212.0	0.6666666666666666
90927	370	0	5	0.9175	124.8	624.0	0.3333333333333333
90928	293	0	5	0.725	162.4	812.0	0.3333333333333333
90929	259	0	5	0.64	206.4	1032.0	0.3333333333333333
90930	26	0	5	0.0575	24.0	120.0	0.0
90931	260	0	5	0.6425	244.6	1223.0	0.3333333333333333
90932	312	1	4	0.7775	261.4	1307.0	1.0
90933	207	0	5	0.51	205.0	1025.0	0.0
90934	372	1	4	0.9275	139.2	696.0	1.0
90935	297	0	5	0.735	247.2	1236.0	0.6666666666666666
90936	158	0	5	0.3875	73.8	369.0	0.0
90937	310	0	5	0.7675	131.6	658.0	0.3333333333333333
90938	216	0	5	0.5325	82.0	410.0	0.3333333333333333
90939	211	0	5	0.52	163.4	817.0	0.6666666666666666
90940	214	0	5	0.5275	165.8	829.0	0.3333333333333333
90941	364	1	4	0.9075	180.2	901.0	1.0
90942	314	0	5	0.7775	202.0	1010.0	0.6666666666666666
90943	249	0	5	0.615	85.6	428.0	0.3333333333333333
90944	344	0	5	0.8525	276.0	1380.0	0.3333333333333333
90945	379	0	5	0.94	150.8	754.0	0.6666666666666666
90946	338	0	5	0.8375	182.6	913.0	0.6666666666666666
90947	8	0	5	0.0125	6.0	30.0	0.0
90948	296	0	5	0.7325	137.6	688.0	0.3333333333333333
90949	270	0	5	0.6675	164.2	821.0	0.6666666666666666
90950	181	0	5	0.445	164.2	821.0	0.6666666666666666
90951	72	0	5	0.1725	70.0	350.0	0.0
90952	261	0	5	0.645	192.6	963.0	0.3333333333333333
90953	332	0	5	0.8225	124.8	624.0	0.6666666666666666
90954	356	0	5	0.8825	196.0	980.0	0.6666666666666666
90955	86	1	3	0.2125	59.8	299.0	1.0
90956	263	0	5	0.65	128.2	641.0	0.6666666666666666
90957	144	0	5	0.3525	142.0	710.0	0.0
90958	318	0	5	0.7875	221.4	1107.0	0.6666666666666666
90959	179	0	5	0.44	69.0	345.0	0.3333333333333333
90960	230	0	5	0.5675	228.0	1140.0	0.0
90961	55	0	5	0.13	53.0	265.0	0.0
90962	289	0	5	0.715	218.6	1093.0	0.0
90963	116	0	5	0.2825	48.0	240.0	0.3333333333333333
90964	139	0	5	0.34	137.0	685.0	0.3333333333333333
90965	387	0	5	0.96	220.6	1103.0	0.6666666666666666
90966	326	0	5	0.8075	226.4	1132.0	0.3333333333333333
90967	181	0	5	0.445	126.2	631.0	0.3333333333333333
90968	336	0	5	0.8325	150.0	750.0	0.6666666666666666
90969	155	0	5	0.38	76.2	381.0	0.3333333333333333
90970	183	0	5	0.45	166.2	831.0	0.0
90971	235	0	5	0.58	161.2	806.0	0.6666666666666666
90972	168	1	4	0.4175	33.8	169.0	1.0
90973	172	0	5	0.4225	94.0	470.0	0.6666666666666666
90974	199	0	5	0.49	127.4	637.0	0.3333333333333333
90975	284	0	5	0.7025	119.2	596.0	0.3333333333333333
90976	134	0	5	0.3275	132.0	660.0	0.0
90977	189	0	5	0.465	165.0	825.0	0.0
90978	21	0	5	0.045	19.0	95.0	0.0
90979	73	1	4	0.18	50.6	253.0	1.0
90980	237	0	5	0.585	177.2	886.0	0.3333333333333333
90981	131	0	5	0.32	86.2	431.0	0.6666666666666666
90982	380	0	5	0.9425	162.8	814.0	0.6666666666666666
90983	253	0	5	0.625	110.2	551.0	0.3333333333333333
90984	117	0	5	0.285	107.2	536.0	0.3333333333333333
90985	139	0	5	0.34	85.8	429.0	0.3333333333333333
90986	222	0	5	0.5475	179.6	898.0	0.3333333333333333
90987	62	0	5	0.1475	40.0	200.0	0.3333333333333333
90988	194	1	4	0.4825	69.2	346.0	1.0
90989	196	0	5	0.4825	155.6	778.0	0.3333333333333333
90990	320	1	4	0.7975	248.0	1240.0	1.0
90991	398	0	5	0.9875	183.0	915.0	0.6666666666666666
90992	136	0	5	0.3325	117.4	587.0	0.0
90993	106	0	5	0.2575	30.4	152.0	0.3333333333333333
90994	277	0	5	0.685	211.0	1055.0	0.0
90995	312	0	5	0.7725	238.4	1192.0	0.3333333333333333
90996	158	0	5	0.3875	84.4	422.0	0.3333333333333333
90997	280	0	5	0.6925	203.2	1016.0	0.0
90998	379	1	4	0.945	232.6	1163.0	1.0
90999	49	0	5	0.115	32.6	163.0	0.3333333333333333
91000	58	0	5	0.1375	49.8	249.0	0.3333333333333333
91001	84	0	5	0.2025	82.0	410.0	0.0
91002	141	0	5	0.345	74.2	371.0	0.3333333333333333
91003	318	0	5	0.7875	190.0	950.0	0.6666666666666666
91004	91	0	5	0.22	89.0	445.0	0.0
91005	126	0	5	0.3075	76.4	382.0	0.0
91006	262	0	5	0.6475	169.2	846.0	0.0
91007	168	1	4	0.4175	45.6	228.0	1.0
91008	360	0	5	0.8925	216.8	1084.0	0.6666666666666666
91009	243	0	5	0.6	191.0	955.0	0.3333333333333333
91010	127	0	5	0.31	95.0	475.0	0.3333333333333333
91011	49	0	5	0.115	47.0	235.0	0.0
91012	39	0	5	0.09	32.0	160.0	0.0
91013	288	0	5	0.7125	69.2	346.0	0.6666666666666666
91014	175	0	5	0.43	119.8	599.0	0.6666666666666666
91015	235	0	5	0.58	140.4	702.0	0.6666666666666666
91016	106	1	4	0.2625	21.4	107.0	1.0
91017	30	0	5	0.0675	22.8	114.0	0.0
91018	203	0	5	0.5	124.4	622.0	0.0
91019	377	0	5	0.935	173.8	869.0	0.6666666666666666
91020	224	0	5	0.5525	118.0	590.0	0.3333333333333333
91021	238	0	5	0.5875	105.0	525.0	0.6666666666666666
91022	344	0	5	0.8525	278.4	1392.0	0.6666666666666666
91023	256	1	4	0.6375	254.4	1272.0	1.0
91024	81	0	5	0.195	69.4	347.0	0.0
91025	156	0	5	0.3825	102.0	510.0	0.3333333333333333
91026	199	0	5	0.49	138.2	691.0	0.3333333333333333
91027	310	0	5	0.7675	208.4	1042.0	0.6666666666666666
91028	344	0	5	0.8525	261.6	1308.0	0.6666666666666666
91029	246	0	5	0.6075	179.0	895.0	0.3333333333333333
91030	330	0	5	0.8175	118.4	592.0	0.6666666666666666
91031	208	1	3	0.5175	125.2	626.0	1.0
91032	185	0	5	0.455	135.4	677.0	0.3333333333333333
91033	29	0	5	0.065	26.2	131.0	0.0
91034	171	0	5	0.42	107.2	536.0	0.3333333333333333
91035	287	0	5	0.71	163.6	818.0	0.3333333333333333
91036	317	0	5	0.785	300.6	1503.0	0.3333333333333333
91037	162	0	5	0.3975	132.8	664.0	0.6666666666666666
91038	396	0	5	0.9825	172.2	861.0	0.6666666666666666
91039	218	0	5	0.5375	152.0	760.0	0.0
91040	340	0	5	0.8425	143.0	715.0	0.0
91041	209	0	5	0.515	206.2	1031.0	0.0
91042	152	0	5	0.3725	75.6	378.0	0.3333333333333333
91043	92	0	5	0.2225	58.0	290.0	0.3333333333333333
91044	379	0	5	0.94	330.6	1653.0	0.6666666666666666
91045	179	0	5	0.44	122.6	613.0	0.3333333333333333
91046	235	0	5	0.58	207.8	1039.0	0.3333333333333333
91047	225	0	5	0.555	186.2	931.0	0.0
91048	170	1	3	0.4225	142.8	714.0	1.0
91049	198	0	5	0.4875	125.4	627.0	0.0
91050	376	1	4	0.9375	132.8	664.0	1.0
91051	295	0	5	0.73	164.8	824.0	0.3333333333333333
91052	354	0	5	0.8775	115.2	576.0	0.6666666666666666
91053	225	0	5	0.555	201.8	1009.0	0.3333333333333333
91054	178	0	5	0.4375	110.0	550.0	0.0
91055	286	0	5	0.7075	259.4	1297.0	0.3333333333333333
91056	103	0	5	0.25	101.0	505.0	0.0
91057	381	1	4	0.95	114.4	572.0	1.0
91058	55	0	5	0.13	39.8	199.0	0.0
91059	207	0	5	0.51	62.6	313.0	0.3333333333333333
91060	46	0	5	0.1075	40.6	203.0	0.0
91061	364	1	4	0.9075	82.6	413.0	1.0
91062	285	0	5	0.705	188.0	940.0	0.6666666666666666
91063	179	0	5	0.44	127.4	637.0	0.6666666666666666
91064	183	0	5	0.45	95.2	476.0	0.3333333333333333
91065	124	0	5	0.3025	122.0	610.0	0.0
91066	325	0	5	0.805	146.4	732.0	0.6666666666666666
91067	223	0	5	0.55	116.2	581.0	0.3333333333333333
91068	280	0	5	0.6925	122.0	610.0	0.3333333333333333
91069	342	0	5	0.8475	249.8	1249.0	0.6666666666666666
91070	151	0	5	0.37	135.4	677.0	0.3333333333333333
91071	64	0	5	0.1525	27.2	136.0	0.3333333333333333
91072	398	0	5	0.9875	239.4	1197.0	0.6666666666666666
91073	83	0	5	0.2	81.0	405.0	0.0
91074	42	0	5	0.0975	40.0	200.0	0.0
91075	275	0	5	0.68	209.6	1048.0	0.6666666666666666
91076	180	0	5	0.4425	86.2	431.0	0.3333333333333333
91077	141	0	5	0.345	106.0	530.0	0.0
91078	342	1	4	0.8525	267.4	1337.0	1.0
91079	261	0	5	0.645	127.2	636.0	0.6666666666666666
91080	251	0	5	0.62	144.0	720.0	0.3333333333333333
91081	383	0	5	0.95	273.8	1369.0	0.3333333333333333
91082	112	0	5	0.2725	98.0	490.0	0.3333333333333333
91083	357	0	5	0.885	209.4	1047.0	0.6666666666666666
91084	96	0	5	0.2325	27.4	137.0	0.3333333333333333
91085	118	0	5	0.2875	82.4	412.0	0.3333333333333333
91086	114	0	5	0.2775	112.0	560.0	0.0
91087	314	0	5	0.7775	184.6	923.0	0.6666666666666666
91088	333	1	4	0.83	150.4	752.0	1.0
91089	236	0	5	0.5825	83.6	418.0	0.0
91090	82	0	5	0.1975	80.0	400.0	0.0
91091	143	1	4	0.355	122.2	611.0	1.0
91092	166	0	5	0.4075	48.8	244.0	0.0
91093	88	0	5	0.2125	86.0	430.0	0.0
91094	139	0	5	0.34	104.8	524.0	0.3333333333333333
91095	35	0	5	0.08	18.6	93.0	0.3333333333333333
91096	313	0	5	0.775	166.2	831.0	0.3333333333333333
91097	345	1	4	0.86	163.4	817.0	1.0
91098	388	1	4	0.9675	215.2	1076.0	1.0
91099	5	0	5	0.005	3.0	15.0	0.0
91100	78	0	5	0.1875	55.2	276.0	0.3333333333333333
91101	273	0	5	0.675	226.4	1132.0	0.6666666666666666
91102	276	0	5	0.6825	63.6	318.0	0.3333333333333333
91103	98	0	5	0.2375	96.0	480.0	0.0
91104	289	0	5	0.715	155.4	777.0	0.6666666666666666
91105	93	0	5	0.225	91.0	455.0	0.0
91106	380	1	4	0.9475	278.2	1391.0	1.0
91107	389	1	4	0.97	115.4	577.0	1.0
91108	396	1	4	0.9875	108.0	540.0	1.0
91109	400	0	5	0.9925	141.8	709.0	0.6666666666666666
91110	176	0	5	0.4325	85.4	427.0	0.0
91111	62	0	5	0.1475	47.6	238.0	0.3333333333333333
91112	285	0	5	0.705	70.4	352.0	0.6666666666666666
91113	306	1	4	0.7625	173.2	866.0	1.0
91114	271	0	5	0.67	269.0	1345.0	0.0
91115	336	0	5	0.8325	199.0	995.0	0.6666666666666666
91116	223	0	5	0.55	92.0	460.0	0.3333333333333333
91117	222	0	5	0.5475	126.0	630.0	0.6666666666666666
91118	84	0	5	0.2025	35.6	178.0	0.3333333333333333
91119	346	0	5	0.8575	170.0	850.0	0.6666666666666666
91120	292	0	5	0.7225	160.8	804.0	0.6666666666666666
91121	238	0	5	0.5875	217.2	1086.0	0.3333333333333333
91122	213	0	5	0.525	138.2	691.0	0.3333333333333333
91123	335	0	5	0.83	306.2	1531.0	0.3333333333333333
91124	68	0	5	0.1625	41.2	206.0	0.0
91125	281	1	4	0.7	140.6	703.0	1.0
91126	266	0	5	0.6575	137.6	688.0	0.3333333333333333
91127	392	0	5	0.9725	241.6	1208.0	0.3333333333333333
91128	376	0	5	0.9325	257.8	1289.0	0.6666666666666666
91129	338	0	5	0.8375	300.0	1500.0	0.6666666666666666
91130	363	0	5	0.9	250.2	1251.0	0.6666666666666666
91131	200	0	5	0.4925	71.2	356.0	0.3333333333333333
91132	161	0	5	0.395	72.6	363.0	0.6666666666666666
91133	122	0	5	0.2975	93.6	468.0	0.3333333333333333
91134	25	0	5	0.055	23.0	115.0	0.0
91135	153	0	5	0.375	147.0	735.0	0.3333333333333333
91136	158	1	4	0.3925	119.4	597.0	1.0
91137	252	0	5	0.6225	206.8	1034.0	0.0
91138	128	0	5	0.3125	126.0	630.0	0.0
91139	337	0	5	0.835	161.6	808.0	0.6666666666666666
91140	176	0	5	0.4325	39.6	198.0	0.3333333333333333
91141	256	0	5	0.6325	53.2	266.0	0.3333333333333333
91142	149	0	5	0.365	129.8	649.0	0.6666666666666666
91143	61	0	5	0.145	59.0	295.0	0.0
91144	103	0	5	0.25	95.0	475.0	0.3333333333333333
91145	71	0	5	0.17	69.0	345.0	0.0
91146	262	1	4	0.6525	131.6	658.0	1.0
91147	297	1	4	0.74	260.6	1303.0	1.0
91148	234	0	5	0.5775	164.4	822.0	0.3333333333333333
91149	201	0	5	0.495	120.4	602.0	0.6666666666666666
91150	155	0	5	0.38	124.6	623.0	0.0
91151	265	0	5	0.655	147.2	736.0	0.3333333333333333
91152	274	0	5	0.6775	176.2	881.0	0.6666666666666666
91153	328	0	5	0.8125	247.6	1238.0	0.6666666666666666
91154	377	1	4	0.94	289.8	1449.0	1.0
91155	94	0	5	0.2275	72.0	360.0	0.3333333333333333
91156	294	0	5	0.7275	118.4	592.0	0.3333333333333333
91157	304	0	5	0.7525	163.6	818.0	0.3333333333333333
91158	174	0	5	0.4275	76.6	383.0	0.0
91159	331	0	5	0.82	142.6	713.0	0.6666666666666666
91160	17	0	5	0.035	14.2	71.0	0.3333333333333333
91161	116	0	5	0.2825	97.6	488.0	0.6666666666666666
91162	305	0	5	0.755	84.4	422.0	0.3333333333333333
91163	127	0	5	0.31	66.4	332.0	0.3333333333333333
91164	320	0	5	0.7925	150.2	751.0	0.3333333333333333
91165	88	0	5	0.2125	86.0	430.0	0.0
91166	113	0	5	0.275	111.0	555.0	0.0
91167	297	0	5	0.735	88.6	443.0	0.3333333333333333
91168	267	1	4	0.665	64.8	324.0	1.0
91169	362	0	5	0.8975	240.0	1200.0	0.6666666666666666
91170	228	0	5	0.5625	134.2	671.0	0.6666666666666666
91171	224	0	5	0.5525	149.6	748.0	0.3333333333333333
91172	352	0	5	0.8725	124.0	620.0	0.6666666666666666
91173	320	1	4	0.7975	180.6	903.0	1.0
91174	163	0	5	0.4	121.4	607.0	0.3333333333333333
91175	227	0	5	0.56	99.8	499.0	0.3333333333333333
91176	151	0	5	0.37	115.4	577.0	0.3333333333333333
91177	107	0	5	0.26	94.2	471.0	0.3333333333333333
91178	238	0	5	0.5875	163.6	818.0	0.3333333333333333
91179	164	0	5	0.4025	148.2	741.0	0.6666666666666666
91180	193	0	5	0.475	136.6	683.0	0.6666666666666666
91181	52	0	5	0.1225	50.0	250.0	0.0
91182	353	1	4	0.88	167.2	836.0	1.0
91183	384	0	5	0.9525	169.4	847.0	0.6666666666666666
91184	213	0	5	0.525	122.8	614.0	0.3333333333333333
91185	181	0	5	0.445	141.0	705.0	0.3333333333333333
91186	317	0	5	0.785	161.8	809.0	0.6666666666666666
91187	159	0	5	0.39	157.0	785.0	0.0
91188	293	0	5	0.725	106.0	530.0	0.6666666666666666
91189	132	0	5	0.3225	75.4	377.0	0.3333333333333333
91190	12	0	5	0.0225	10.0	50.0	0.0
91191	350	0	5	0.8675	244.2	1221.0	0.6666666666666666
91192	357	0	5	0.885	184.8	924.0	0.6666666666666666
91193	366	0	5	0.9075	324.2	1621.0	0.6666666666666666
91194	235	0	5	0.58	190.8	954.0	0.3333333333333333
91195	381	0	5	0.945	175.0	875.0	0.6666666666666666
91196	104	0	5	0.2525	90.0	450.0	0.3333333333333333
91197	331	0	5	0.82	146.6	733.0	0.6666666666666666
91198	293	0	5	0.725	129.8	649.0	0.6666666666666666
91199	45	0	5	0.105	43.0	215.0	0.0
91200	131	0	5	0.32	79.4	397.0	0.3333333333333333
91201	182	0	5	0.4475	92.0	460.0	0.6666666666666666
91202	401	0	4	0.9975	188.8	944.0	0.6666666666666666
91203	96	0	5	0.2325	72.4	362.0	0.0
91204	293	0	5	0.725	112.2	561.0	0.0
91205	96	1	4	0.2375	47.8	239.0	1.0
91206	319	0	5	0.79	108.2	541.0	0.3333333333333333
91207	375	0	5	0.93	144.2	721.0	0.6666666666666666
91208	273	0	5	0.675	57.0	285.0	0.6666666666666666
91209	226	0	5	0.5575	132.4	662.0	0.6666666666666666
91210	159	0	5	0.39	65.8	329.0	0.3333333333333333
91211	399	0	5	0.99	138.8	694.0	0.6666666666666666
91212	142	0	5	0.3475	107.8	539.0	0.3333333333333333
91213	251	0	5	0.62	249.0	1245.0	0.3333333333333333
91214	175	0	5	0.43	147.2	736.0	0.3333333333333333
91215	363	0	5	0.9	221.8	1109.0	0.6666666666666666
91216	364	0	5	0.9025	265.2	1326.0	0.0
91217	158	0	5	0.3875	76.8	384.0	0.3333333333333333
91218	276	0	5	0.6825	165.0	825.0	0.3333333333333333
91219	192	0	5	0.4725	120.4	602.0	0.3333333333333333
91220	294	1	4	0.7325	133.2	666.0	1.0
91221	73	0	5	0.175	66.6	333.0	0.3333333333333333
91222	25	0	5	0.055	23.0	115.0	0.0
91223	394	0	5	0.9775	221.4	1107.0	0.6666666666666666
91224	107	0	5	0.26	93.6	468.0	0.6666666666666666
91225	97	0	5	0.235	77.8	389.0	0.0
91226	264	0	5	0.6525	102.8	514.0	0.3333333333333333
91227	342	0	5	0.8475	194.4	972.0	0.6666666666666666
91228	106	0	5	0.2575	82.0	410.0	0.3333333333333333
91229	364	1	4	0.9075	210.0	1050.0	1.0
91230	150	0	5	0.3675	95.2	476.0	0.3333333333333333
91231	301	0	5	0.745	210.2	1051.0	0.6666666666666666
91232	290	0	5	0.7175	118.4	592.0	0.6666666666666666
91233	319	1	4	0.795	159.0	795.0	1.0
91234	303	0	5	0.75	263.6	1318.0	0.3333333333333333
91235	288	0	5	0.7125	129.4	647.0	0.6666666666666666
91236	31	0	5	0.07	29.0	145.0	0.0
91237	325	1	4	0.81	220.0	1100.0	1.0
91238	51	0	5	0.12	49.0	245.0	0.0
91239	29	0	5	0.065	27.0	135.0	0.0
91240	307	0	5	0.76	163.0	815.0	0.3333333333333333
91241	372	0	5	0.9225	279.2	1396.0	0.6666666666666666
91242	153	0	5	0.375	145.0	725.0	0.0
91243	33	0	5	0.075	31.0	155.0	0.0
91244	315	1	4	0.785	235.8	1179.0	1.0
91245	229	0	5	0.565	85.4	427.0	0.3333333333333333
91246	376	0	5	0.9325	175.6	878.0	0.6666666666666666
91247	246	0	5	0.6075	232.4	1162.0	0.0
91248	72	0	5	0.1725	29.2	146.0	0.3333333333333333
91249	236	0	5	0.5825	114.6	573.0	0.3333333333333333
91250	399	1	4	0.995	191.0	955.0	1.0
91251	180	0	5	0.4425	141.0	705.0	0.3333333333333333
91252	237	0	5	0.585	212.4	1062.0	0.6666666666666666
91253	15	0	5	0.03	12.6	63.0	0.0
91254	37	0	5	0.085	9.4	47.0	0.3333333333333333
91255	35	0	5	0.08	33.0	165.0	0.0
91256	215	0	5	0.53	193.0	965.0	0.0
91257	25	0	5	0.055	23.0	115.0	0.0
91258	139	0	5	0.34	81.0	405.0	0.3333333333333333
91259	296	0	5	0.7325	271.8	1359.0	0.3333333333333333
91260	38	0	5	0.0875	24.8	124.0	0.6666666666666666
91261	253	0	5	0.625	127.4	637.0	0.6666666666666666
91262	139	0	5	0.34	137.0	685.0	0.0
91263	239	0	5	0.59	129.8	649.0	0.6666666666666666
91264	98	0	5	0.2375	70.2	351.0	0.3333333333333333
91265	354	1	4	0.8825	142.8	714.0	1.0
91266	115	0	5	0.28	89.8	449.0	0.0
91267	48	0	5	0.1125	27.6	138.0	0.3333333333333333
91268	333	0	5	0.825	168.4	842.0	0.3333333333333333
91269	263	0	5	0.65	103.8	519.0	0.3333333333333333
91270	328	0	5	0.8125	215.4	1077.0	0.3333333333333333
91271	144	0	5	0.3525	92.0	460.0	0.3333333333333333
91272	183	0	5	0.45	100.2	501.0	0.6666666666666666
91273	359	0	5	0.89	172.4	862.0	0.6666666666666666
91274	23	0	5	0.05	21.0	105.0	0.0
91275	327	0	5	0.81	160.2	801.0	0.6666666666666666
91276	365	0	5	0.905	267.4	1337.0	0.3333333333333333
91277	280	0	5	0.6925	207.4	1037.0	0.3333333333333333
91278	399	0	5	0.99	238.0	1190.0	0.6666666666666666
91279	155	0	5	0.38	151.4	757.0	0.3333333333333333
91280	239	0	5	0.59	115.8	579.0	0.3333333333333333
91281	159	0	5	0.39	152.2	761.0	0.3333333333333333
91282	346	0	5	0.8575	199.0	995.0	0.6666666666666666
91283	105	0	5	0.255	53.8	269.0	0.3333333333333333
91284	294	0	5	0.7275	142.8	714.0	0.3333333333333333
91285	191	0	5	0.47	141.0	705.0	0.3333333333333333
91286	127	0	5	0.31	125.0	625.0	0.0
91287	196	0	5	0.4825	168.6	843.0	0.3333333333333333
91288	76	0	5	0.1825	47.0	235.0	0.0
91289	258	0	5	0.6375	87.2	436.0	0.6666666666666666
91290	260	0	5	0.6425	244.8	1224.0	0.3333333333333333
91291	150	0	5	0.3675	118.8	594.0	0.3333333333333333
91292	76	0	5	0.1825	74.0	370.0	0.0
91293	46	0	5	0.1075	23.2	116.0	0.3333333333333333
91294	147	0	5	0.36	40.2	201.0	0.6666666666666666
91295	50	0	5	0.1175	42.0	210.0	0.3333333333333333
91296	97	0	5	0.235	42.8	214.0	0.0
91297	272	1	4	0.6775	224.6	1123.0	1.0
91298	233	0	5	0.575	109.8	549.0	0.3333333333333333
91299	153	0	5	0.375	38.2	191.0	0.6666666666666666
91300	200	0	5	0.4925	69.6	348.0	0.3333333333333333
91301	306	1	4	0.7625	208.2	1041.0	1.0
91302	369	0	5	0.915	287.8	1439.0	0.6666666666666666
91303	168	0	5	0.4125	143.6	718.0	0.0
91304	164	0	5	0.4025	94.6	473.0	0.3333333333333333
91305	189	0	5	0.465	113.2	566.0	0.0
91306	9	0	5	0.015	7.0	35.0	0.0
91307	52	0	5	0.1225	39.2	196.0	0.0
91308	283	0	5	0.7	237.0	1185.0	0.3333333333333333
91309	328	1	4	0.8175	161.4	807.0	1.0
91310	278	0	5	0.6875	217.6	1088.0	0.3333333333333333
91311	352	0	5	0.8725	137.6	688.0	0.6666666666666666
91312	73	0	5	0.175	47.6	238.0	0.0
91313	107	0	5	0.26	57.0	285.0	0.3333333333333333
91314	57	0	5	0.135	55.0	275.0	0.0
91315	388	0	5	0.9625	319.4	1597.0	0.6666666666666666
91316	290	0	5	0.7175	142.2	711.0	0.6666666666666666
91317	106	0	5	0.2575	72.8	364.0	0.3333333333333333
91318	59	0	5	0.14	20.8	104.0	0.3333333333333333
91319	303	0	5	0.75	293.2	1466.0	0.6666666666666666
91320	120	0	5	0.2925	118.0	590.0	0.0
91321	157	0	5	0.385	137.0	685.0	0.3333333333333333
91322	83	0	5	0.2	80.4	402.0	0.3333333333333333
91323	125	0	5	0.305	123.0	615.0	0.0
91324	316	0	5	0.7825	192.4	962.0	0.3333333333333333
91325	308	0	5	0.7625	180.8	904.0	0.6666666666666666
91326	46	0	5	0.1075	40.0	200.0	0.0
91327	200	0	5	0.4925	188.4	942.0	0.3333333333333333
91328	255	0	5	0.63	202.8	1014.0	0.0
91329	383	0	5	0.95	96.2	481.0	0.6666666666666666
91330	190	0	5	0.4675	128.6	643.0	0.6666666666666666
91331	314	0	5	0.7775	239.6	1198.0	0.6666666666666666
91332	117	0	5	0.285	115.0	575.0	0.0
91333	222	0	5	0.5475	157.4	787.0	0.3333333333333333
91334	202	0	5	0.4975	86.6	433.0	0.3333333333333333
91335	385	0	5	0.955	178.2	891.0	0.6666666666666666
91336	390	1	4	0.9725	290.8	1454.0	1.0
91337	44	0	5	0.1025	38.8	194.0	0.0
91338	82	0	5	0.1975	80.0	400.0	0.0
91339	212	0	5	0.5225	108.4	542.0	0.6666666666666666
91340	218	0	5	0.5375	77.0	385.0	0.3333333333333333
91341	120	0	5	0.2925	103.0	515.0	0.0
91342	355	0	5	0.88	217.0	1085.0	0.6666666666666666
91343	347	0	5	0.86	247.4	1237.0	0.6666666666666666
91344	125	0	5	0.305	114.6	573.0	0.0
91345	58	0	5	0.1375	40.8	204.0	0.0
91346	187	0	5	0.46	184.0	920.0	0.3333333333333333
91347	216	0	5	0.5325	86.0	430.0	0.3333333333333333
91348	116	0	5	0.2825	86.6	433.0	0.6666666666666666
91349	54	0	5	0.1275	52.0	260.0	0.0
91350	115	0	5	0.28	38.0	190.0	0.3333333333333333
91351	274	0	5	0.6775	110.0	550.0	0.6666666666666666
91352	223	0	5	0.55	113.0	565.0	0.6666666666666666
91353	265	0	5	0.655	233.0	1165.0	0.6666666666666666
91354	179	0	5	0.44	125.0	625.0	0.6666666666666666
91355	50	0	5	0.1175	23.4	117.0	0.0
91356	354	0	5	0.8775	226.8	1134.0	0.6666666666666666
91357	375	1	4	0.935	267.6	1338.0	1.0
91358	30	0	5	0.0675	28.0	140.0	0.0
91359	187	0	5	0.46	75.2	376.0	0.3333333333333333
91360	156	0	5	0.3825	118.0	590.0	0.0
91361	180	0	5	0.4425	68.8	344.0	0.6666666666666666
91362	386	1	4	0.9625	209.2	1046.0	1.0
91363	246	0	5	0.6075	234.6	1173.0	0.3333333333333333
91364	34	0	5	0.0775	32.0	160.0	0.0
91365	350	0	5	0.8675	213.8	1069.0	0.3333333333333333
91366	247	0	5	0.61	163.0	815.0	0.3333333333333333
91367	6	0	5	0.0075	4.0	20.0	0.0
91368	258	0	5	0.6375	217.6	1088.0	0.3333333333333333
91369	68	0	5	0.1625	62.8	314.0	0.3333333333333333
91370	229	0	5	0.565	82.2	411.0	0.3333333333333333
91371	335	0	5	0.83	151.4	757.0	0.3333333333333333
91372	63	0	5	0.15	61.0	305.0	0.0
91373	141	0	5	0.345	61.2	306.0	0.6666666666666666
91374	223	0	5	0.55	195.2	976.0	0.6666666666666666
91375	358	0	5	0.8875	221.8	1109.0	0.6666666666666666
91376	120	0	5	0.2925	81.2	406.0	0.3333333333333333
91377	171	0	5	0.42	144.0	720.0	0.3333333333333333
91378	99	0	5	0.24	62.2	311.0	0.6666666666666666
91379	298	0	5	0.7375	170.6	853.0	0.6666666666666666
91380	49	0	5	0.115	47.0	235.0	0.0
91381	325	0	5	0.805	167.8	839.0	0.6666666666666666
91382	328	0	5	0.8125	197.8	989.0	0.6666666666666666
91383	376	0	5	0.9325	88.8	444.0	0.3333333333333333
91384	374	0	5	0.9275	117.6	588.0	0.6666666666666666
91385	313	0	5	0.775	182.0	910.0	0.6666666666666666
91386	195	0	5	0.48	78.4	392.0	0.6666666666666666
91387	192	1	4	0.4775	191.2	956.0	1.0
91388	342	0	5	0.8475	268.0	1340.0	0.6666666666666666
91389	134	0	5	0.3275	88.0	440.0	0.0
91390	179	0	5	0.44	121.0	605.0	0.0
91391	5	0	5	0.005	3.0	15.0	0.0
91392	186	0	5	0.4575	147.8	739.0	0.3333333333333333
91393	228	0	5	0.5625	195.8	979.0	0.3333333333333333
91394	137	0	5	0.335	59.8	299.0	0.3333333333333333
91395	129	0	5	0.315	89.0	445.0	0.0
91396	379	0	5	0.94	81.0	405.0	0.6666666666666666
91397	360	1	4	0.8975	189.8	949.0	1.0
91398	167	0	5	0.41	54.0	270.0	0.6666666666666666
91399	22	0	5	0.0475	20.0	100.0	0.0
91400	343	0	5	0.85	122.4	612.0	0.6666666666666666
91401	310	0	5	0.7675	127.2	636.0	0.3333333333333333
91402	27	0	5	0.06	25.0	125.0	0.0
91403	117	0	5	0.285	102.6	513.0	0.0
91404	115	0	5	0.28	104.8	524.0	0.3333333333333333
91405	100	0	5	0.2425	98.0	490.0	0.0
91406	363	0	5	0.9	131.4	657.0	0.6666666666666666
91407	130	0	5	0.3175	108.8	544.0	0.0
91408	217	0	5	0.535	69.4	347.0	0.3333333333333333
91409	176	0	5	0.4325	74.0	370.0	0.6666666666666666
91410	195	0	5	0.48	119.4	597.0	0.3333333333333333
91411	219	0	5	0.54	86.8	434.0	0.3333333333333333
91412	206	0	5	0.5075	158.0	790.0	0.0
91413	268	0	5	0.6625	231.8	1159.0	0.3333333333333333
91414	368	0	5	0.9125	274.8	1374.0	0.0
91415	93	0	5	0.225	91.0	455.0	0.0
91416	23	0	5	0.05	21.0	105.0	0.0
91417	229	0	5	0.565	125.0	625.0	0.3333333333333333
91418	121	0	5	0.295	72.6	363.0	0.3333333333333333
91419	42	0	5	0.0975	40.0	200.0	0.0
91420	379	0	5	0.94	263.2	1316.0	0.6666666666666666
91421	194	0	5	0.4775	143.6	718.0	0.3333333333333333
91422	115	0	5	0.28	94.0	470.0	0.3333333333333333
91423	209	0	5	0.515	140.2	701.0	0.6666666666666666
91424	231	0	5	0.57	188.2	941.0	0.3333333333333333
91425	197	0	5	0.485	172.8	864.0	0.3333333333333333
91426	128	0	5	0.3125	114.2	571.0	0.3333333333333333
91427	250	0	5	0.6175	248.0	1240.0	0.3333333333333333
91428	164	0	5	0.4025	148.8	744.0	0.0
91429	351	0	5	0.87	262.4	1312.0	0.6666666666666666
91430	166	0	5	0.4075	130.0	650.0	0.0
91431	177	0	5	0.435	153.6	768.0	0.0
91432	302	0	5	0.7475	215.2	1076.0	0.3333333333333333
91433	283	0	5	0.7	102.0	510.0	0.6666666666666666
91434	245	0	5	0.605	98.2	491.0	0.6666666666666666
91435	304	0	5	0.7525	203.8	1019.0	0.6666666666666666
91436	136	0	5	0.3325	59.6	298.0	0.3333333333333333
91437	318	0	5	0.7875	193.2	966.0	0.6666666666666666
91438	263	0	5	0.65	211.8	1059.0	0.6666666666666666
91439	373	0	5	0.925	220.6	1103.0	0.6666666666666666
91440	23	0	5	0.05	21.0	105.0	0.0
91441	65	0	5	0.155	34.2	171.0	0.3333333333333333
91442	341	0	5	0.845	186.2	931.0	0.3333333333333333
91443	37	0	5	0.085	35.0	175.0	0.0
91444	83	0	5	0.2	34.0	170.0	0.3333333333333333
91445	326	0	5	0.8075	79.8	399.0	0.6666666666666666
91446	210	0	5	0.5175	158.0	790.0	0.3333333333333333
91447	387	0	5	0.96	221.8	1109.0	0.6666666666666666
91448	277	0	5	0.685	220.6	1103.0	0.3333333333333333
91449	132	0	5	0.3225	104.2	521.0	0.0
91450	16	0	5	0.0325	14.0	70.0	0.0
91451	45	0	5	0.105	43.0	215.0	0.0
91452	169	1	4	0.42	45.8	229.0	1.0
91453	273	1	4	0.68	185.8	929.0	1.0
91454	269	1	4	0.67	132.6	663.0	1.0
91455	172	0	5	0.4225	88.4	442.0	0.3333333333333333
91456	160	0	5	0.3925	135.6	678.0	0.0
91457	246	0	5	0.6075	173.2	866.0	0.3333333333333333
91458	225	0	5	0.555	54.2	271.0	0.3333333333333333
91459	323	0	5	0.8	170.8	854.0	0.3333333333333333
91460	358	1	4	0.8925	256.6	1283.0	1.0
91461	107	0	5	0.26	105.0	525.0	0.0
91462	341	0	5	0.845	171.2	856.0	0.6666666666666666
91463	33	0	5	0.075	17.8	89.0	0.6666666666666666
91464	121	0	5	0.295	118.0	590.0	0.3333333333333333
91465	381	0	5	0.945	215.2	1076.0	0.6666666666666666
91466	186	0	5	0.4575	81.4	407.0	0.3333333333333333
91467	21	0	5	0.045	19.0	95.0	0.0
91468	154	0	5	0.3775	152.0	760.0	0.3333333333333333
91469	382	0	5	0.9475	124.8	624.0	0.6666666666666666
91470	78	0	5	0.1875	76.0	380.0	0.0
91471	32	0	5	0.0725	30.0	150.0	0.0
91472	353	0	5	0.875	189.2	946.0	0.6666666666666666
91473	259	0	5	0.64	201.4	1007.0	0.3333333333333333
91474	17	0	5	0.035	15.0	75.0	0.0
91475	173	0	5	0.425	121.4	607.0	0.3333333333333333
91476	117	0	5	0.285	89.4	447.0	0.3333333333333333
91477	189	0	5	0.465	116.6	583.0	0.3333333333333333
91478	27	0	5	0.06	25.0	125.0	0.0
91479	145	0	5	0.355	130.2	651.0	0.0
91480	141	0	5	0.345	95.8	479.0	0.6666666666666666
91481	348	0	5	0.8625	93.6	468.0	0.6666666666666666
91482	362	1	4	0.9025	141.0	705.0	1.0
91483	401	0	5	0.995	323.6	1618.0	0.6666666666666666
91484	384	0	5	0.9525	197.6	988.0	0.6666666666666666
91485	331	0	5	0.82	107.6	538.0	0.6666666666666666
91486	158	0	5	0.3875	114.8	574.0	0.6666666666666666
91487	349	1	4	0.87	262.4	1312.0	1.0
91488	320	0	5	0.7925	133.2	666.0	0.3333333333333333
91489	150	0	5	0.3675	100.6	503.0	0.6666666666666666
91490	317	0	5	0.785	205.6	1028.0	0.3333333333333333
91491	70	0	5	0.1675	68.0	340.0	0.0
91492	172	0	5	0.4225	46.8	234.0	0.6666666666666666
91493	176	0	5	0.4325	79.2	396.0	0.3333333333333333
91494	151	0	5	0.37	118.2	591.0	0.3333333333333333
91495	209	0	5	0.515	166.6	833.0	0.3333333333333333
91496	204	0	5	0.5025	126.8	634.0	0.3333333333333333
91497	93	0	5	0.225	23.8	119.0	0.3333333333333333
91498	49	0	5	0.115	47.0	235.0	0.0
91499	339	0	5	0.84	143.2	716.0	0.3333333333333333
91500	345	0	5	0.855	235.8	1179.0	0.3333333333333333
91501	107	0	5	0.26	105.0	525.0	0.0
91502	149	0	5	0.365	88.4	442.0	0.3333333333333333
91503	221	0	5	0.545	135.2	676.0	0.6666666666666666
91504	394	1	4	0.9825	269.6	1348.0	1.0
91505	389	0	5	0.965	210.0	1050.0	0.6666666666666666
91506	221	0	5	0.545	206.2	1031.0	0.3333333333333333
91507	265	0	5	0.655	144.6	723.0	0.3333333333333333
91508	84	0	5	0.2025	65.2	326.0	0.3333333333333333
91509	78	0	5	0.1875	75.2	376.0	0.3333333333333333
91510	364	1	4	0.9075	146.8	734.0	1.0
91511	138	0	5	0.3375	68.8	344.0	0.6666666666666666
91512	166	0	5	0.4075	152.4	762.0	0.0
91513	244	0	5	0.6025	225.0	1125.0	0.3333333333333333
91514	190	0	5	0.4675	152.4	762.0	0.3333333333333333
91515	125	0	5	0.305	123.0	615.0	0.0
91516	127	0	5	0.31	96.6	483.0	0.6666666666666666
91517	84	0	5	0.2025	33.2	166.0	0.0
91518	112	0	5	0.2725	78.8	394.0	0.3333333333333333
91519	157	0	5	0.385	111.0	555.0	0.3333333333333333
91520	72	0	5	0.1725	70.0	350.0	0.0
91521	199	0	5	0.49	60.4	302.0	0.6666666666666666
91522	309	0	5	0.765	112.2	561.0	0.6666666666666666
91523	314	0	5	0.7775	170.6	853.0	0.3333333333333333
91524	66	1	4	0.1625	43.4	217.0	1.0
91525	290	0	5	0.7175	267.6	1338.0	0.3333333333333333
91526	256	0	5	0.6325	209.6	1048.0	0.0
91527	356	0	5	0.8825	301.8	1509.0	0.3333333333333333
91528	305	0	5	0.755	246.6	1233.0	0.3333333333333333
91529	221	0	5	0.545	144.6	723.0	0.3333333333333333
91530	184	0	5	0.4525	127.6	638.0	0.3333333333333333
91531	91	0	5	0.22	55.0	275.0	0.3333333333333333
91532	152	0	5	0.3725	129.6	648.0	0.3333333333333333
91533	209	0	5	0.515	83.0	415.0	0.0
91534	45	0	5	0.105	43.0	215.0	0.0
91535	356	1	4	0.8875	204.0	1020.0	1.0
91536	252	0	5	0.6225	143.4	717.0	0.3333333333333333
91537	86	0	5	0.2075	56.8	284.0	0.3333333333333333
91538	228	0	5	0.5625	203.4	1017.0	0.0
91539	124	0	5	0.3025	122.0	610.0	0.0
91540	356	0	5	0.8825	121.6	608.0	0.6666666666666666
91541	367	0	5	0.91	154.2	771.0	0.6666666666666666
91542	373	0	5	0.925	127.2	636.0	0.6666666666666666
91543	63	0	5	0.15	45.0	225.0	0.3333333333333333
91544	149	0	5	0.365	60.0	300.0	0.3333333333333333
91545	240	1	4	0.5975	144.6	723.0	1.0
91546	371	0	5	0.92	139.8	699.0	0.6666666666666666
91547	235	0	5	0.58	187.8	939.0	0.0
91548	268	0	5	0.6625	208.8	1044.0	0.3333333333333333
91549	108	0	5	0.2625	71.6	358.0	0.3333333333333333
91550	41	0	5	0.095	28.8	144.0	0.0
91551	70	0	5	0.1675	56.0	280.0	0.3333333333333333
91552	281	0	5	0.695	143.2	716.0	0.6666666666666666
91553	369	1	4	0.92	312.8	1564.0	1.0
91554	315	0	5	0.78	226.2	1131.0	0.3333333333333333
91555	101	0	5	0.245	99.0	495.0	0.0
91556	200	0	5	0.4925	189.2	946.0	0.3333333333333333
91557	65	0	5	0.155	56.8	284.0	0.3333333333333333
91558	94	0	5	0.2275	92.0	460.0	0.0
91559	163	0	5	0.4	138.8	694.0	0.0
91560	280	0	5	0.6925	196.0	980.0	0.3333333333333333
91561	272	0	5	0.6725	155.0	775.0	0.3333333333333333
91562	99	0	5	0.24	72.0	360.0	0.6666666666666666
91563	62	0	5	0.1475	60.0	300.0	0.0
91564	355	0	5	0.88	76.6	383.0	0.3333333333333333
91565	165	0	5	0.405	109.0	545.0	0.3333333333333333
91566	300	0	5	0.7425	110.8	554.0	0.6666666666666666
91567	352	0	5	0.8725	280.8	1404.0	0.3333333333333333
91568	223	0	5	0.55	164.2	821.0	0.3333333333333333
91569	335	0	5	0.83	91.2	456.0	0.6666666666666666
91570	182	0	5	0.4475	68.0	340.0	0.3333333333333333
91571	311	0	5	0.77	199.6	998.0	0.6666666666666666
91572	113	0	5	0.275	55.0	275.0	0.6666666666666666
91573	364	0	5	0.9025	241.8	1209.0	0.6666666666666666
91574	235	0	5	0.58	182.0	910.0	0.3333333333333333
91575	4	0	5	0.0025	2.0	10.0	0.0
91576	259	0	5	0.64	89.8	449.0	0.6666666666666666
91577	213	0	5	0.525	53.4	267.0	0.6666666666666666
91578	193	0	5	0.475	126.2	631.0	0.0
91579	181	0	5	0.445	88.6	443.0	0.3333333333333333
91580	252	0	5	0.6225	210.8	1054.0	0.0
91581	240	0	5	0.5925	124.8	624.0	0.3333333333333333
91582	228	0	5	0.5625	146.0	730.0	0.3333333333333333
91583	277	0	5	0.685	144.6	723.0	0.0
91584	137	0	5	0.335	82.6	413.0	0.0
91585	209	0	5	0.515	159.6	798.0	0.3333333333333333
91586	43	0	5	0.1	18.2	91.0	0.3333333333333333
91587	141	0	5	0.345	127.6	638.0	0.0
91588	384	0	5	0.9525	294.0	1470.0	0.6666666666666666
91589	381	1	4	0.95	261.8	1309.0	1.0
91590	119	0	5	0.29	36.2	181.0	0.0
91591	300	0	5	0.7425	288.0	1440.0	0.0
91592	194	0	5	0.4775	166.0	830.0	0.3333333333333333
91593	298	0	5	0.7375	147.8	739.0	0.6666666666666666
91594	157	0	5	0.385	77.4	387.0	0.3333333333333333
91595	332	1	4	0.8275	288.6	1443.0	1.0
91596	48	0	5	0.1125	46.0	230.0	0.0
91597	137	0	5	0.335	27.2	136.0	0.3333333333333333
91598	86	0	5	0.2075	55.8	279.0	0.3333333333333333
91599	235	0	5	0.58	222.2	1111.0	0.3333333333333333
91600	137	0	5	0.335	111.4	557.0	0.3333333333333333
91601	81	0	5	0.195	49.4	247.0	0.0
91602	298	0	5	0.7375	98.4	492.0	0.3333333333333333
91603	331	0	5	0.82	166.6	833.0	0.3333333333333333
91604	337	1	4	0.84	309.0	1545.0	1.0
91605	72	0	5	0.1725	37.6	188.0	0.3333333333333333
91606	353	0	5	0.875	236.4	1182.0	0.6666666666666666
91607	284	0	5	0.7025	204.0	1020.0	0.6666666666666666
91608	196	0	5	0.4825	160.6	803.0	0.3333333333333333
91609	18	0	5	0.0375	16.0	80.0	0.0
91610	269	0	5	0.665	173.4	867.0	0.6666666666666666
91611	162	0	5	0.3975	160.0	800.0	0.3333333333333333
91612	255	0	5	0.63	192.6	963.0	0.6666666666666666
91613	29	0	5	0.065	27.0	135.0	0.0
91614	240	0	5	0.5925	104.8	524.0	0.6666666666666666
91615	257	0	5	0.635	190.6	953.0	0.3333333333333333
91616	304	0	5	0.7525	204.8	1024.0	0.6666666666666666
91617	363	0	5	0.9	308.0	1540.0	0.3333333333333333
91618	9	0	5	0.015	7.0	35.0	0.0
91619	244	0	5	0.6025	165.2	826.0	0.3333333333333333
91620	71	0	5	0.17	46.6	233.0	0.3333333333333333
91621	193	0	5	0.475	154.8	774.0	0.0
91622	321	1	4	0.8	85.8	429.0	1.0
91623	227	0	5	0.56	148.2	741.0	0.0
91624	44	0	5	0.1025	33.0	165.0	0.0
91625	401	0	5	0.995	261.2	1306.0	0.6666666666666666
91626	160	0	5	0.3925	59.6	298.0	0.3333333333333333
91627	18	0	5	0.0375	16.0	80.0	0.0
91628	163	0	5	0.4	137.4	687.0	0.0
91629	277	0	5	0.685	113.4	567.0	0.6666666666666666
91630	310	1	4	0.7725	203.4	1017.0	1.0
91631	224	0	5	0.5525	150.8	754.0	0.6666666666666666
91632	71	0	5	0.17	63.4	317.0	0.0
91633	137	0	5	0.335	135.0	675.0	0.0
91634	217	0	5	0.535	158.2	791.0	0.3333333333333333
91635	372	0	5	0.9225	264.0	1320.0	0.6666666666666666
91636	144	0	5	0.3525	45.2	226.0	0.3333333333333333
91637	398	0	5	0.9875	254.8	1274.0	0.6666666666666666
91638	84	0	5	0.2025	74.8	374.0	0.0
91639	216	0	5	0.5325	124.2	621.0	0.6666666666666666
91640	365	0	5	0.905	124.6	623.0	0.6666666666666666
91641	72	0	5	0.1725	70.0	350.0	0.0
91642	348	0	5	0.8625	346.0	1730.0	0.6666666666666666
91643	365	0	5	0.905	263.8	1319.0	0.6666666666666666
91644	41	0	5	0.095	19.0	95.0	0.3333333333333333
91645	166	1	4	0.4125	64.8	324.0	1.0
91646	254	0	5	0.6275	173.2	866.0	0.3333333333333333
91647	123	0	5	0.3	76.8	384.0	0.3333333333333333
91648	349	0	5	0.865	249.8	1249.0	0.6666666666666666
91649	238	0	5	0.5875	124.8	624.0	0.3333333333333333
91650	296	0	5	0.7325	221.2	1106.0	0.0
91651	47	0	5	0.11	36.6	183.0	0.3333333333333333
91652	259	0	5	0.64	221.2	1106.0	0.3333333333333333
91653	347	0	5	0.86	196.4	982.0	0.6666666666666666
91654	300	0	5	0.7425	185.8	929.0	0.3333333333333333
91655	297	0	5	0.735	256.6	1283.0	0.3333333333333333
91656	400	0	5	0.9925	159.6	798.0	0.6666666666666666
91657	183	1	4	0.455	158.0	790.0	1.0
91658	172	0	5	0.4225	134.2	671.0	0.3333333333333333
91659	99	0	5	0.24	97.0	485.0	0.0
91660	393	0	5	0.975	318.6	1593.0	0.6666666666666666
91661	84	0	5	0.2025	80.4	402.0	0.0
91662	335	0	5	0.83	239.2	1196.0	0.6666666666666666
91663	312	0	5	0.7725	221.2	1106.0	0.6666666666666666
91664	153	0	5	0.375	54.2	271.0	0.3333333333333333
91665	94	0	5	0.2275	86.4	432.0	0.3333333333333333
91666	102	0	5	0.2475	61.2	306.0	0.3333333333333333
91667	202	0	5	0.4975	124.4	622.0	0.6666666666666666
91668	394	0	5	0.9775	175.6	878.0	0.6666666666666666
91669	354	0	5	0.8775	226.8	1134.0	0.6666666666666666
91670	391	0	5	0.97	211.8	1059.0	0.6666666666666666
91671	133	0	5	0.325	83.6	418.0	0.3333333333333333
91672	335	0	5	0.83	306.4	1532.0	0.6666666666666666
91673	166	1	4	0.4125	117.6	588.0	1.0
91674	285	0	5	0.705	237.4	1187.0	0.6666666666666666
91675	331	0	5	0.82	302.6	1513.0	0.3333333333333333
91676	81	0	5	0.195	79.0	395.0	0.0
91677	51	0	5	0.12	49.0	245.0	0.0
91678	239	0	5	0.59	218.0	1090.0	0.3333333333333333
91679	299	0	5	0.74	150.2	751.0	0.3333333333333333
91680	55	0	5	0.13	45.0	225.0	0.0
91681	164	0	5	0.4025	56.6	283.0	0.3333333333333333
91682	71	0	5	0.17	36.6	183.0	0.3333333333333333
91683	124	0	5	0.3025	109.2	546.0	0.3333333333333333
91684	280	1	4	0.6975	177.8	889.0	1.0
91685	333	0	5	0.825	199.8	999.0	0.3333333333333333
91686	252	0	5	0.6225	83.6	418.0	0.6666666666666666
91687	320	0	5	0.7925	246.0	1230.0	0.3333333333333333
91688	64	0	5	0.1525	43.6	218.0	0.3333333333333333
91689	51	0	5	0.12	27.4	137.0	0.3333333333333333
91690	161	0	5	0.395	125.0	625.0	0.3333333333333333
91691	210	0	5	0.5175	60.0	300.0	0.6666666666666666
91692	213	0	5	0.525	158.2	791.0	0.3333333333333333
91693	128	1	4	0.3175	54.6	273.0	1.0
91694	208	0	5	0.5125	67.2	336.0	0.6666666666666666
91695	346	0	5	0.8575	146.6	733.0	0.3333333333333333
91696	157	0	5	0.385	122.6	613.0	0.0
91697	333	0	5	0.825	268.6	1343.0	0.6666666666666666
91698	48	0	5	0.1125	24.4	122.0	0.3333333333333333
91699	345	1	4	0.86	91.2	456.0	1.0
91700	79	0	5	0.19	77.0	385.0	0.0
91701	61	0	5	0.145	59.0	295.0	0.0
91702	329	0	5	0.815	144.6	723.0	0.6666666666666666
91703	401	0	5	0.995	241.4	1207.0	0.6666666666666666
91704	343	0	5	0.85	114.8	574.0	0.3333333333333333
91705	102	0	5	0.2475	43.0	215.0	0.0
91706	253	0	5	0.625	81.0	405.0	0.0
91707	4	0	5	0.0025	2.0	10.0	0.0
91708	354	0	5	0.8775	133.0	665.0	0.6666666666666666
91709	277	0	5	0.685	125.4	627.0	0.3333333333333333
91710	84	0	5	0.2025	46.0	230.0	0.3333333333333333
91711	228	0	5	0.5625	126.4	632.0	0.3333333333333333
91712	295	0	5	0.73	151.4	757.0	0.6666666666666666
91713	303	0	5	0.75	135.0	675.0	0.3333333333333333
91714	245	0	5	0.605	98.4	492.0	0.3333333333333333
91715	238	0	5	0.5875	136.8	684.0	0.6666666666666666
91716	171	0	5	0.42	77.6	388.0	0.6666666666666666
91717	179	0	5	0.44	160.6	803.0	0.0
91718	386	0	5	0.9575	251.6	1258.0	0.6666666666666666
91719	267	0	5	0.66	174.6	873.0	0.6666666666666666
91720	37	0	5	0.085	35.0	175.0	0.0
91721	95	0	5	0.23	93.0	465.0	0.0
91722	240	0	5	0.5925	127.6	638.0	0.0
91723	365	0	5	0.905	89.4	447.0	0.6666666666666666
91724	89	0	5	0.215	45.4	227.0	0.3333333333333333
91725	385	1	4	0.96	210.6	1053.0	1.0
91726	185	0	5	0.455	136.6	683.0	0.0
91727	325	0	5	0.805	121.4	607.0	0.3333333333333333
91728	20	0	5	0.0425	18.0	90.0	0.0
91729	241	0	5	0.595	205.6	1028.0	0.3333333333333333
91730	372	0	5	0.9225	90.8	454.0	0.6666666666666666
91731	220	0	5	0.5425	158.0	790.0	0.6666666666666666
91732	325	1	4	0.81	200.0	1000.0	1.0
91733	136	0	5	0.3325	100.4	502.0	0.0
91734	390	0	5	0.9675	225.4	1127.0	0.6666666666666666
91735	305	0	5	0.755	227.2	1136.0	0.3333333333333333
91736	257	0	5	0.635	143.8	719.0	0.6666666666666666
91737	214	0	5	0.5275	121.6	608.0	0.6666666666666666
91738	151	0	5	0.37	123.0	615.0	0.3333333333333333
91739	91	0	5	0.22	89.0	445.0	0.0
91740	134	0	5	0.3275	102.0	510.0	0.0
91741	8	0	5	0.0125	6.0	30.0	0.0
91742	180	0	5	0.4425	136.6	683.0	0.6666666666666666
91743	160	0	5	0.3925	108.6	543.0	0.0
91744	179	0	5	0.44	124.0	620.0	0.0
91745	27	0	5	0.06	21.4	107.0	0.3333333333333333
91746	106	0	5	0.2575	28.8	144.0	0.0
91747	290	0	5	0.7175	133.2	666.0	0.6666666666666666
91748	338	0	5	0.8375	274.8	1374.0	0.3333333333333333
91749	42	0	5	0.0975	40.0	200.0	0.0
91750	387	1	4	0.965	186.2	931.0	1.0
91751	6	0	5	0.0075	4.0	20.0	0.0
91752	269	0	5	0.665	166.2	831.0	0.6666666666666666
91753	354	0	5	0.8775	206.8	1034.0	0.3333333333333333
91754	128	0	5	0.3125	56.6	283.0	0.6666666666666666
91755	180	0	5	0.4425	153.8	769.0	0.6666666666666666
91756	397	0	5	0.985	234.2	1171.0	0.6666666666666666
91757	283	0	5	0.7	93.6	468.0	0.6666666666666666
91758	129	1	4	0.32	97.8	489.0	1.0
91759	317	0	5	0.785	266.6	1333.0	0.6666666666666666
91760	242	1	4	0.6025	57.2	286.0	1.0
91761	288	0	5	0.7125	221.6	1108.0	0.6666666666666666
91762	144	0	5	0.3525	28.8	144.0	0.0
91763	344	0	5	0.8525	141.2	706.0	0.6666666666666666
91764	122	0	5	0.2975	113.2	566.0	0.3333333333333333
91765	354	0	5	0.8775	193.0	965.0	0.6666666666666666
91766	387	0	5	0.96	284.2	1421.0	0.6666666666666666
91767	12	0	5	0.0225	10.0	50.0	0.0
91768	95	0	5	0.23	89.6	448.0	0.3333333333333333
91769	336	0	5	0.8325	89.2	446.0	0.6666666666666666
91770	292	0	5	0.7225	180.4	902.0	0.3333333333333333
91771	221	0	5	0.545	97.4	487.0	0.3333333333333333
91772	54	0	5	0.1275	50.4	252.0	0.3333333333333333
91773	182	0	5	0.4475	112.2	561.0	0.6666666666666666
91774	69	0	5	0.165	67.0	335.0	0.0
91775	69	0	5	0.165	67.0	335.0	0.0
91776	260	0	5	0.6425	106.0	530.0	0.0
91777	172	1	4	0.4275	88.8	444.0	1.0
91778	289	0	5	0.715	197.6	988.0	0.3333333333333333
91779	176	0	5	0.4325	113.4	567.0	0.6666666666666666
91780	59	0	5	0.14	57.0	285.0	0.0
91781	191	0	5	0.47	81.0	405.0	0.3333333333333333
91782	196	0	5	0.4825	142.0	710.0	0.6666666666666666
91783	326	0	5	0.8075	190.0	950.0	0.3333333333333333
91784	329	0	5	0.815	70.2	351.0	0.3333333333333333
91785	394	1	4	0.9825	191.6	958.0	1.0
91786	366	0	5	0.9075	122.8	614.0	0.6666666666666666
91787	194	0	5	0.4775	153.2	766.0	0.0
91788	266	0	5	0.6575	235.6	1178.0	0.6666666666666666
91789	264	0	5	0.6525	96.6	483.0	0.6666666666666666
91790	335	1	4	0.835	310.4	1552.0	1.0
91791	107	1	3	0.265	65.2	326.0	1.0
91792	122	0	5	0.2975	88.0	440.0	0.0
91793	200	0	5	0.4925	139.2	696.0	0.3333333333333333
91794	250	0	5	0.6175	194.0	970.0	0.3333333333333333
91795	117	0	5	0.285	106.2	531.0	0.3333333333333333
91796	269	1	4	0.67	190.2	951.0	1.0
91797	364	0	5	0.9025	176.0	880.0	0.6666666666666666
91798	19	0	5	0.04	17.0	85.0	0.0
91799	259	0	5	0.64	123.2	616.0	0.3333333333333333
91800	108	0	5	0.2625	29.8	149.0	0.6666666666666666
91801	235	0	5	0.58	134.0	670.0	0.6666666666666666
91802	291	0	5	0.72	116.4	582.0	0.6666666666666666
91803	398	0	5	0.9875	217.8	1089.0	0.6666666666666666
91804	116	0	5	0.2825	54.0	270.0	0.0
91805	392	1	4	0.9775	251.2	1256.0	1.0
91806	269	0	5	0.665	201.0	1005.0	0.3333333333333333
91807	170	0	5	0.4175	151.2	756.0	0.6666666666666666
91808	262	0	5	0.6475	110.6	553.0	0.3333333333333333
91809	386	1	4	0.9625	282.4	1412.0	1.0
91810	238	1	4	0.5925	138.8	694.0	1.0
91811	381	0	5	0.945	216.0	1080.0	0.6666666666666666
91812	107	0	5	0.26	104.6	523.0	0.0
91813	106	0	5	0.2575	104.0	520.0	0.0
91814	12	0	5	0.0225	8.8	44.0	0.3333333333333333
91815	387	0	5	0.96	216.0	1080.0	0.6666666666666666
91816	307	1	4	0.765	157.0	785.0	1.0
91817	108	0	5	0.2625	101.6	508.0	0.0
91818	360	1	4	0.8975	155.0	775.0	1.0
91819	393	1	4	0.98	189.4	947.0	1.0
91820	340	0	5	0.8425	239.6	1198.0	0.6666666666666666
91821	386	0	5	0.9575	252.8	1264.0	0.6666666666666666
91822	323	0	5	0.8	224.2	1121.0	0.3333333333333333
91823	26	0	5	0.0575	24.0	120.0	0.3333333333333333
91824	151	0	5	0.37	56.6	283.0	0.3333333333333333
91825	379	0	5	0.94	195.0	975.0	0.6666666666666666
91826	46	0	5	0.1075	35.6	178.0	0.0
91827	191	0	5	0.47	45.0	225.0	0.3333333333333333
91828	197	0	5	0.485	60.6	303.0	0.3333333333333333
91829	124	0	5	0.3025	96.0	480.0	0.6666666666666666
91830	33	0	5	0.075	31.0	155.0	0.0
91831	315	0	5	0.78	81.8	409.0	0.3333333333333333
91832	204	0	5	0.5025	95.6	478.0	0.3333333333333333
91833	37	0	5	0.085	34.2	171.0	0.3333333333333333
91834	140	0	5	0.3425	127.8	639.0	0.0
91835	278	0	5	0.6875	197.6	988.0	0.6666666666666666
91836	153	0	5	0.375	101.4	507.0	0.3333333333333333
91837	343	0	5	0.85	281.4	1407.0	0.0
91838	10	0	5	0.0175	8.0	40.0	0.0
91839	51	0	5	0.12	49.0	245.0	0.0
91840	13	0	5	0.025	11.0	55.0	0.0
91841	236	0	5	0.5825	94.8	474.0	0.3333333333333333
91842	108	0	5	0.2625	106.0	530.0	0.0
91843	88	0	5	0.2125	57.2	286.0	0.0
91844	166	0	5	0.4075	98.8	494.0	0.3333333333333333
91845	146	0	5	0.3575	66.4	332.0	0.0
91846	294	0	5	0.7275	213.2	1066.0	0.6666666666666666
91847	397	1	4	0.99	290.4	1452.0	1.0
91848	10	0	5	0.0175	8.0	40.0	0.0
91849	373	1	4	0.93	102.6	513.0	1.0
91850	123	0	5	0.3	63.4	317.0	0.6666666666666666
91851	218	0	5	0.5375	130.2	651.0	0.3333333333333333
91852	177	0	5	0.435	87.0	435.0	0.3333333333333333
91853	353	0	5	0.875	170.2	851.0	0.6666666666666666
91854	130	0	5	0.3175	57.8	289.0	0.3333333333333333
91855	267	0	5	0.66	159.6	798.0	0.6666666666666666
91856	155	0	5	0.38	127.0	635.0	0.3333333333333333
91857	114	0	5	0.2775	112.0	560.0	0.0
91858	222	0	5	0.5475	137.2	686.0	0.3333333333333333
91859	301	0	5	0.745	248.2	1241.0	0.3333333333333333
91860	263	0	5	0.65	173.4	867.0	0.3333333333333333
91861	217	0	5	0.535	207.0	1035.0	0.3333333333333333
91862	342	0	5	0.8475	232.0	1160.0	0.3333333333333333
91863	174	1	4	0.4325	142.6	713.0	1.0
91864	72	0	5	0.1725	51.6	258.0	0.3333333333333333
91865	195	0	5	0.48	193.0	965.0	0.0
91866	58	0	5	0.1375	24.0	120.0	0.3333333333333333
91867	130	1	4	0.3225	58.8	294.0	1.0
91868	257	0	5	0.635	168.2	841.0	0.6666666666666666
91869	238	0	5	0.5875	162.0	810.0	0.6666666666666666
91870	365	0	5	0.905	280.2	1401.0	0.6666666666666666
91871	22	0	5	0.0475	14.0	70.0	0.0
91872	321	0	5	0.795	316.8	1584.0	0.3333333333333333
91873	76	0	5	0.1825	74.0	370.0	0.0
91874	216	0	5	0.5325	106.6	533.0	0.3333333333333333
91875	32	0	5	0.0725	30.0	150.0	0.0
91876	144	0	5	0.3525	34.0	170.0	0.3333333333333333
91877	261	0	5	0.645	175.2	876.0	0.3333333333333333
91878	132	0	5	0.3225	35.6	178.0	0.3333333333333333
91879	157	0	5	0.385	113.0	565.0	0.3333333333333333
91880	180	0	5	0.4425	115.2	576.0	0.3333333333333333
91881	308	1	4	0.7675	205.4	1027.0	1.0
91882	119	0	5	0.29	108.4	542.0	0.3333333333333333
91883	36	0	5	0.0825	31.6	158.0	0.3333333333333333
91884	361	1	4	0.9	239.0	1195.0	1.0
91885	129	0	5	0.315	94.2	471.0	0.0
91886	401	0	5	0.995	133.6	668.0	0.6666666666666666
91887	118	0	5	0.2875	94.8	474.0	0.0
91888	172	0	5	0.4225	120.8	604.0	0.3333333333333333
91889	292	0	5	0.7225	174.8	874.0	0.3333333333333333
91890	213	0	5	0.525	94.8	474.0	0.6666666666666666
91891	249	0	5	0.615	188.2	941.0	0.3333333333333333
91892	31	0	5	0.07	27.8	139.0	0.3333333333333333
91893	216	0	5	0.5325	150.2	751.0	0.3333333333333333
91894	329	0	5	0.815	177.6	888.0	0.6666666666666666
91895	209	0	5	0.515	103.2	516.0	0.6666666666666666
91896	258	0	5	0.6375	105.6	528.0	0.3333333333333333
91897	28	0	5	0.0625	26.0	130.0	0.0
91898	379	0	5	0.94	214.6	1073.0	0.6666666666666666
91899	214	0	5	0.5275	152.8	764.0	0.0
91900	89	0	5	0.215	87.0	435.0	0.0
91901	356	0	5	0.8825	196.0	980.0	0.6666666666666666
91902	51	0	5	0.12	49.0	245.0	0.0
91903	83	0	5	0.2	81.0	405.0	0.0
91904	48	0	5	0.1125	43.0	215.0	0.0
91905	44	0	5	0.1025	42.0	210.0	0.0
91906	197	0	5	0.485	157.2	786.0	0.3333333333333333
91907	269	0	5	0.665	126.2	631.0	0.6666666666666666
91908	242	0	5	0.5975	146.4	732.0	0.3333333333333333
91909	297	1	4	0.74	156.6	783.0	1.0
91910	197	1	4	0.49	85.6	428.0	1.0
91911	281	1	4	0.7	256.2	1281.0	1.0
91912	331	0	5	0.82	190.4	952.0	0.6666666666666666
91913	111	1	4	0.275	49.2	246.0	1.0
91914	231	0	5	0.57	184.0	920.0	0.3333333333333333
91915	23	0	5	0.05	21.0	105.0	0.0
91916	290	0	5	0.7175	187.4	937.0	0.3333333333333333
91917	243	0	5	0.6	142.0	710.0	0.0
91918	356	0	5	0.8825	196.2	981.0	0.6666666666666666
91919	317	0	5	0.785	189.2	946.0	0.6666666666666666
91920	183	0	5	0.45	181.0	905.0	0.0
91921	187	0	5	0.46	125.0	625.0	0.3333333333333333
91922	88	0	5	0.2125	86.0	430.0	0.0
91923	248	0	5	0.6125	70.4	352.0	0.3333333333333333
91924	201	0	5	0.495	160.4	802.0	0.6666666666666666
91925	171	0	5	0.42	129.8	649.0	0.3333333333333333
91926	173	0	5	0.425	113.8	569.0	0.3333333333333333
91927	152	0	5	0.3725	106.0	530.0	0.6666666666666666
91928	162	0	5	0.3975	45.8	229.0	0.6666666666666666
91929	49	0	5	0.115	47.0	235.0	0.0
91930	75	0	5	0.18	29.0	145.0	0.3333333333333333
91931	137	0	5	0.335	118.2	591.0	0.3333333333333333
91932	181	0	5	0.445	151.4	757.0	0.3333333333333333
91933	168	0	5	0.4125	147.6	738.0	0.0
91934	381	0	5	0.945	180.2	901.0	0.6666666666666666
91935	258	0	5	0.6375	206.6	1033.0	0.6666666666666666
91936	270	0	5	0.6675	209.6	1048.0	0.3333333333333333
91937	68	0	5	0.1625	66.0	330.0	0.0
91938	99	0	5	0.24	62.6	313.0	0.6666666666666666
91939	39	0	5	0.09	37.0	185.0	0.0
91940	112	0	5	0.2725	76.0	380.0	0.3333333333333333
91941	161	0	5	0.395	99.4	497.0	0.0
91942	121	0	5	0.295	50.6	253.0	0.6666666666666666
91943	365	1	4	0.91	269.4	1347.0	1.0
91944	199	0	5	0.49	147.8	739.0	0.3333333333333333
91945	193	0	5	0.475	171.6	858.0	0.0
91946	131	0	5	0.32	52.8	264.0	0.0
91947	290	0	5	0.7175	227.2	1136.0	0.6666666666666666
91948	201	0	5	0.495	164.2	821.0	0.3333333333333333
91949	238	0	5	0.5875	164.6	823.0	0.6666666666666666
91950	213	0	5	0.525	152.6	763.0	0.3333333333333333
91951	314	0	5	0.7775	216.2	1081.0	0.6666666666666666
91952	308	0	5	0.7625	225.4	1127.0	0.3333333333333333
91953	242	0	5	0.5975	87.2	436.0	0.3333333333333333
91954	323	0	5	0.8	225.8	1129.0	0.3333333333333333
91955	177	1	4	0.44	141.6	708.0	1.0
91956	77	0	5	0.185	54.2	271.0	0.6666666666666666
91957	18	0	5	0.0375	16.0	80.0	0.0
91958	62	0	5	0.1475	38.0	190.0	0.3333333333333333
91959	355	0	5	0.88	336.2	1681.0	0.6666666666666666
91960	178	1	3	0.4425	170.2	851.0	1.0
91961	171	0	5	0.42	79.0	395.0	0.0
91962	222	0	5	0.5475	181.8	909.0	0.0
91963	297	0	5	0.735	151.4	757.0	0.3333333333333333
91964	308	0	5	0.7625	155.6	778.0	0.6666666666666666
91965	137	0	5	0.335	100.0	500.0	0.3333333333333333
91966	71	0	5	0.17	64.2	321.0	0.3333333333333333
91967	53	0	5	0.125	51.0	255.0	0.0
91968	384	0	5	0.9525	199.2	996.0	0.6666666666666666
91969	162	0	5	0.3975	110.2	551.0	0.3333333333333333
91970	225	0	5	0.555	92.0	460.0	0.3333333333333333
91971	56	0	5	0.1325	50.0	250.0	0.3333333333333333
91972	285	0	5	0.705	202.6	1013.0	0.3333333333333333
91973	319	0	5	0.79	295.0	1475.0	0.6666666666666666
91974	12	0	5	0.0225	8.4	42.0	0.0
91975	344	0	5	0.8525	104.4	522.0	0.3333333333333333
91976	293	0	5	0.725	255.2	1276.0	0.0
91977	239	0	5	0.59	208.4	1042.0	0.6666666666666666
91978	191	0	5	0.47	148.8	744.0	0.3333333333333333
91979	355	1	4	0.885	231.4	1157.0	1.0
91980	390	1	4	0.9725	206.8	1034.0	1.0
91981	349	1	4	0.87	193.0	965.0	1.0
91982	193	0	5	0.475	171.0	855.0	0.6666666666666666
91983	338	0	5	0.8375	280.4	1402.0	0.6666666666666666
91984	103	0	5	0.25	42.2	211.0	0.0
91985	350	0	5	0.8675	122.8	614.0	0.6666666666666666
91986	238	0	5	0.5875	172.2	861.0	0.3333333333333333
91987	343	0	5	0.85	321.2	1606.0	0.3333333333333333
91988	128	0	5	0.3125	95.6	478.0	0.3333333333333333
91989	24	0	5	0.0525	22.0	110.0	0.0
91990	251	0	5	0.62	153.6	768.0	0.3333333333333333
91991	286	0	5	0.7075	60.0	300.0	0.0
91992	57	0	5	0.135	28.6	143.0	0.3333333333333333
91993	245	0	5	0.605	162.2	811.0	0.3333333333333333
91994	209	0	5	0.515	184.4	922.0	0.0
91995	278	0	5	0.6875	270.4	1352.0	0.3333333333333333
91996	314	0	5	0.7775	168.2	841.0	0.3333333333333333
91997	344	0	5	0.8525	295.4	1477.0	0.6666666666666666
91998	396	1	4	0.9875	150.0	750.0	1.0
91999	229	0	5	0.565	65.4	327.0	0.3333333333333333
92000	165	0	5	0.405	100.6	503.0	0.3333333333333333
92001	167	0	5	0.41	80.2	401.0	0.3333333333333333
92002	172	0	5	0.4225	98.6	493.0	0.3333333333333333
92003	255	0	5	0.63	224.6	1123.0	0.6666666666666666
92004	398	0	5	0.9875	93.6	468.0	0.6666666666666666
92005	75	0	5	0.18	50.2	251.0	0.0
92006	144	0	5	0.3525	92.4	462.0	0.0
92007	275	0	5	0.68	148.8	744.0	0.3333333333333333
92008	70	0	5	0.1675	68.0	340.0	0.0
92009	97	0	5	0.235	69.2	346.0	0.3333333333333333
92010	151	0	5	0.37	97.4	487.0	0.3333333333333333
92011	230	0	5	0.5675	224.4	1122.0	0.3333333333333333
92012	172	0	5	0.4225	122.0	610.0	0.3333333333333333
92013	76	0	5	0.1825	65.0	325.0	0.0
92014	190	0	5	0.4675	188.0	940.0	0.0
92015	262	0	5	0.6475	158.4	792.0	0.3333333333333333
92016	328	0	5	0.8125	225.8	1129.0	0.6666666666666666
92017	338	0	5	0.8375	243.6	1218.0	0.6666666666666666
92018	51	0	5	0.12	49.0	245.0	0.0
92019	157	0	5	0.385	154.2	771.0	0.0
92020	284	0	5	0.7025	143.2	716.0	0.3333333333333333
92021	20	0	5	0.0425	18.0	90.0	0.0
92022	390	0	5	0.9675	200.8	1004.0	0.6666666666666666
92023	30	0	5	0.0675	28.0	140.0	0.0
92024	172	0	5	0.4225	63.8	319.0	0.0
92025	112	0	5	0.2725	55.6	278.0	0.3333333333333333
92026	280	0	5	0.6925	217.4	1087.0	0.6666666666666666
92027	362	0	5	0.8975	304.4	1522.0	0.3333333333333333
92028	125	0	5	0.305	122.2	611.0	0.0
92029	276	0	5	0.6825	231.2	1156.0	0.3333333333333333
92030	141	0	5	0.345	124.0	620.0	0.0
92031	158	0	5	0.3875	156.0	780.0	0.0
92032	394	0	5	0.9775	195.2	976.0	0.6666666666666666
92033	374	0	5	0.9275	316.8	1584.0	0.3333333333333333
92034	349	0	5	0.865	228.2	1141.0	0.6666666666666666
92035	361	0	5	0.895	180.6	903.0	0.6666666666666666
92036	277	0	5	0.685	193.4	967.0	0.6666666666666666
92037	191	0	5	0.47	148.0	740.0	0.6666666666666666
92038	370	0	5	0.9175	219.2	1096.0	0.6666666666666666
92039	14	0	5	0.0275	12.0	60.0	0.0
92040	366	0	5	0.9075	246.0	1230.0	0.6666666666666666
92041	70	0	5	0.1675	58.4	292.0	0.3333333333333333
92042	133	0	5	0.325	80.0	400.0	0.3333333333333333
92043	334	0	5	0.8275	68.0	340.0	0.6666666666666666
92044	379	1	4	0.945	165.8	829.0	1.0
92045	49	0	5	0.115	47.0	235.0	0.3333333333333333
92046	81	0	5	0.195	79.0	395.0	0.0
92047	173	0	5	0.425	100.8	504.0	0.3333333333333333
92048	214	0	5	0.5275	212.0	1060.0	0.0
92049	309	1	4	0.77	116.8	584.0	1.0
92050	352	0	5	0.8725	299.4	1497.0	0.3333333333333333
92051	328	0	5	0.8125	144.2	721.0	0.6666666666666666
92052	187	0	5	0.46	126.6	633.0	0.3333333333333333
92053	299	0	5	0.74	167.0	835.0	0.6666666666666666
92054	315	0	5	0.78	201.0	1005.0	0.3333333333333333
92055	190	0	5	0.4675	188.0	940.0	0.0
92056	243	0	5	0.6	179.4	897.0	0.6666666666666666
92057	193	0	5	0.475	161.8	809.0	0.3333333333333333
92058	9	0	5	0.015	5.8	29.0	0.3333333333333333
92059	146	0	5	0.3575	144.0	720.0	0.0
92060	141	0	5	0.345	133.2	666.0	0.0
92061	372	1	4	0.9275	316.2	1581.0	1.0
92062	132	0	5	0.3225	130.0	650.0	0.0
92063	235	0	5	0.58	190.4	952.0	0.3333333333333333
92064	398	0	5	0.9875	295.2	1476.0	0.6666666666666666
92065	399	0	5	0.99	248.0	1240.0	0.6666666666666666
92066	390	0	5	0.9675	246.2	1231.0	0.6666666666666666
92067	52	0	5	0.1225	50.0	250.0	0.0
92068	213	0	5	0.525	147.2	736.0	0.6666666666666666
92069	183	0	5	0.45	137.4	687.0	0.3333333333333333
92070	198	0	5	0.4875	46.4	232.0	0.3333333333333333
92071	110	0	5	0.2675	108.0	540.0	0.0
92072	381	0	5	0.945	235.2	1176.0	0.6666666666666666
92073	246	0	5	0.6075	181.0	905.0	0.6666666666666666
92074	137	0	5	0.335	55.2	276.0	0.3333333333333333
92075	77	1	3	0.19	67.2	336.0	1.0
92076	97	0	5	0.235	81.4	407.0	0.3333333333333333
92077	349	0	5	0.865	271.8	1359.0	0.3333333333333333
92078	16	0	5	0.0325	12.8	64.0	0.3333333333333333
92079	272	0	5	0.6725	212.0	1060.0	0.6666666666666666
92080	133	0	5	0.325	56.6	283.0	0.0
92081	150	0	5	0.3675	120.0	600.0	0.0
92082	274	0	5	0.6775	199.0	995.0	0.3333333333333333
92083	251	0	5	0.62	127.4	637.0	0.3333333333333333
92084	331	0	5	0.82	145.2	726.0	0.3333333333333333
92085	333	0	5	0.825	139.6	698.0	0.3333333333333333
92086	154	0	5	0.3775	152.0	760.0	0.0
92087	78	0	5	0.1875	50.0	250.0	0.3333333333333333
92088	322	0	5	0.7975	181.2	906.0	0.6666666666666666
92089	121	0	5	0.295	72.2	361.0	0.0
92090	8	0	5	0.0125	6.0	30.0	0.0
92091	277	0	5	0.685	227.8	1139.0	0.6666666666666666
92092	161	0	5	0.395	139.8	699.0	0.3333333333333333
92093	149	0	5	0.365	102.6	513.0	0.6666666666666666
92094	351	0	5	0.87	154.4	772.0	0.6666666666666666
92095	265	0	5	0.655	79.8	399.0	0.3333333333333333
92096	290	0	5	0.7175	288.0	1440.0	0.3333333333333333
92097	311	0	5	0.77	193.0	965.0	0.6666666666666666
92098	83	0	5	0.2	77.4	387.0	0.0
92099	287	0	5	0.71	235.6	1178.0	0.6666666666666666
92100	24	0	5	0.0525	22.0	110.0	0.0
92101	200	0	5	0.4925	134.4	672.0	0.6666666666666666
92102	72	0	5	0.1725	52.0	260.0	0.0
92103	226	0	5	0.5575	224.0	1120.0	0.0
92104	354	0	5	0.8775	206.8	1034.0	0.0
92105	332	0	5	0.8225	153.8	769.0	0.6666666666666666
92106	178	0	5	0.4375	36.8	184.0	0.0
92107	78	0	5	0.1875	76.0	380.0	0.0
92108	295	0	5	0.73	249.8	1249.0	0.3333333333333333
92109	88	0	5	0.2125	86.0	430.0	0.0
92110	23	0	5	0.05	21.0	105.0	0.0
92111	227	0	5	0.56	109.2	546.0	0.6666666666666666
92112	293	0	5	0.725	120.8	604.0	0.3333333333333333
92113	113	1	4	0.28	86.2	431.0	1.0
92114	128	0	5	0.3125	62.4	312.0	0.3333333333333333
92115	231	0	5	0.57	140.6	703.0	0.6666666666666666
92116	283	0	5	0.7	155.4	777.0	0.6666666666666666
92117	139	0	5	0.34	92.2	461.0	0.3333333333333333
92118	40	0	5	0.0925	38.0	190.0	0.0
92119	186	1	4	0.4625	101.2	506.0	1.0
92120	401	0	4	0.9975	259.4	1297.0	0.6666666666666666
92121	345	0	5	0.855	244.2	1221.0	0.6666666666666666
92122	273	0	5	0.675	184.2	921.0	0.6666666666666666
92123	207	0	5	0.51	68.2	341.0	0.0
92124	269	0	5	0.665	265.0	1325.0	0.0
92125	154	0	5	0.3775	80.4	402.0	0.6666666666666666
92126	288	0	5	0.7125	140.6	703.0	0.6666666666666666
92127	274	0	5	0.6775	115.4	577.0	0.3333333333333333
92128	288	1	4	0.7175	248.2	1241.0	1.0
92129	61	0	5	0.145	51.8	259.0	0.3333333333333333
92130	254	0	5	0.6275	120.8	604.0	0.6666666666666666
92131	257	0	5	0.635	128.0	640.0	0.6666666666666666
92132	107	0	5	0.26	105.0	525.0	0.0
92133	140	0	5	0.3425	138.0	690.0	0.0
92134	129	0	5	0.315	107.8	539.0	0.0
92135	394	0	5	0.9775	91.4	457.0	0.6666666666666666
92136	265	0	5	0.655	126.0	630.0	0.6666666666666666
92137	24	0	5	0.0525	22.0	110.0	0.0
92138	262	1	4	0.6525	214.2	1071.0	1.0
92139	23	0	5	0.05	21.0	105.0	0.0
92140	116	0	5	0.2825	55.2	276.0	0.6666666666666666
92141	399	0	5	0.99	319.4	1597.0	0.6666666666666666
92142	235	0	5	0.58	195.8	979.0	0.6666666666666666
92143	264	0	5	0.6525	218.0	1090.0	0.3333333333333333
92144	14	0	5	0.0275	12.0	60.0	0.0
92145	174	0	5	0.4275	132.0	660.0	0.6666666666666666
92146	151	0	5	0.37	61.8	309.0	0.3333333333333333
92147	196	0	5	0.4825	105.2	526.0	0.6666666666666666
92148	155	0	5	0.38	89.6	448.0	0.3333333333333333
92149	146	0	5	0.3575	111.8	559.0	0.0
92150	328	0	5	0.8125	145.4	727.0	0.6666666666666666
92151	192	0	5	0.4725	183.2	916.0	0.6666666666666666
92152	320	1	4	0.7975	221.8	1109.0	1.0
92153	316	0	5	0.7825	106.4	532.0	0.6666666666666666
92154	46	0	5	0.1075	44.0	220.0	0.0
92155	217	0	5	0.535	49.4	247.0	0.3333333333333333
92156	135	0	5	0.33	115.8	579.0	0.3333333333333333
92157	326	0	5	0.8075	134.4	672.0	0.6666666666666666
92158	13	0	5	0.025	11.0	55.0	0.0
92159	94	0	5	0.2275	50.8	254.0	0.3333333333333333
92160	311	0	5	0.77	205.6	1028.0	0.6666666666666666
92161	220	0	5	0.5425	190.4	952.0	0.0
92162	253	0	5	0.625	119.0	595.0	0.6666666666666666
92163	256	1	4	0.6375	169.6	848.0	1.0
92164	103	0	5	0.25	85.6	428.0	0.3333333333333333
92165	140	0	5	0.3425	88.4	442.0	0.3333333333333333
92166	289	1	4	0.72	222.4	1112.0	1.0
92167	39	0	5	0.09	21.8	109.0	0.0
92168	148	0	5	0.3625	84.8	424.0	0.6666666666666666
92169	117	0	5	0.285	103.2	516.0	0.0
92170	226	1	4	0.5625	104.6	523.0	1.0
92171	166	0	5	0.4075	136.4	682.0	0.3333333333333333
92172	61	0	5	0.145	59.0	295.0	0.0
92173	376	0	5	0.9325	234.6	1173.0	0.6666666666666666
92174	191	0	5	0.47	95.6	478.0	0.3333333333333333
92175	159	0	5	0.39	75.0	375.0	0.6666666666666666
92176	270	0	5	0.6675	206.2	1031.0	0.6666666666666666
92177	401	0	4	0.9975	168.4	842.0	0.6666666666666666
92178	67	0	5	0.16	17.0	85.0	0.3333333333333333
92179	74	0	5	0.1775	66.8	334.0	0.3333333333333333
92180	64	0	5	0.1525	62.0	310.0	0.0
92181	150	0	5	0.3675	116.4	582.0	0.3333333333333333
92182	154	0	5	0.3775	51.6	258.0	0.3333333333333333
92183	242	0	5	0.5975	240.0	1200.0	0.3333333333333333
92184	250	0	5	0.6175	167.8	839.0	0.6666666666666666
92185	320	0	5	0.7925	138.2	691.0	0.3333333333333333
92186	360	0	5	0.8925	146.6	733.0	0.3333333333333333
92187	220	1	2	0.5475	170.4	852.0	1.0
92188	388	1	4	0.9675	173.2	866.0	1.0
92189	17	0	5	0.035	15.0	75.0	0.0
92190	100	0	5	0.2425	57.8	289.0	0.3333333333333333
92191	183	0	5	0.45	100.0	500.0	0.3333333333333333
92192	244	0	5	0.6025	140.2	701.0	0.3333333333333333
92193	56	0	5	0.1325	54.0	270.0	0.0
92194	8	0	5	0.0125	6.0	30.0	0.0
92195	339	0	5	0.84	136.6	683.0	0.6666666666666666
92196	301	0	5	0.745	201.0	1005.0	0.6666666666666666
92197	280	0	5	0.6925	179.6	898.0	0.6666666666666666
92198	152	0	5	0.3725	113.6	568.0	0.3333333333333333
92199	261	1	4	0.65	151.4	757.0	1.0
92200	262	0	5	0.6475	56.8	284.0	0.6666666666666666
92201	67	0	5	0.16	29.0	145.0	0.0
92202	167	0	5	0.41	112.2	561.0	0.6666666666666666
92203	276	1	4	0.6875	205.4	1027.0	1.0
92204	216	0	5	0.5325	136.8	684.0	0.3333333333333333
92205	228	1	4	0.5675	144.4	722.0	1.0
92206	182	0	5	0.4475	111.4	557.0	0.3333333333333333
92207	139	0	5	0.34	94.4	472.0	0.3333333333333333
92208	65	0	5	0.155	26.2	131.0	0.0
92209	220	0	5	0.5425	49.2	246.0	0.0
92210	375	0	5	0.93	244.0	1220.0	0.6666666666666666
92211	232	0	5	0.5725	110.8	554.0	0.3333333333333333
92212	355	0	5	0.88	151.0	755.0	0.6666666666666666
92213	347	0	5	0.86	233.0	1165.0	0.6666666666666666
92214	179	0	5	0.44	130.8	654.0	0.0
92215	136	0	5	0.3325	71.2	356.0	0.3333333333333333
92216	35	0	5	0.08	33.0	165.0	0.0
92217	290	0	5	0.7175	148.8	744.0	0.3333333333333333
92218	10	0	5	0.0175	8.0	40.0	0.0
92219	106	0	5	0.2575	54.6	273.0	0.3333333333333333
92220	327	0	5	0.81	159.4	797.0	0.6666666666666666
92221	122	0	5	0.2975	120.0	600.0	0.0
92222	165	0	5	0.405	101.4	507.0	0.3333333333333333
92223	202	0	5	0.4975	130.8	654.0	0.3333333333333333
92224	186	0	5	0.4575	102.6	513.0	0.3333333333333333
92225	139	1	4	0.345	67.2	336.0	1.0
92226	48	0	5	0.1125	46.0	230.0	0.0
92227	59	0	5	0.14	57.0	285.0	0.0
92228	194	0	5	0.4775	129.2	646.0	0.3333333333333333
92229	338	0	5	0.8375	168.8	844.0	0.6666666666666666
92230	321	0	5	0.795	152.8	764.0	0.6666666666666666
92231	227	1	3	0.565	135.2	676.0	1.0
92232	115	0	5	0.28	60.0	300.0	0.3333333333333333
92233	246	1	4	0.6125	82.0	410.0	1.0
92234	110	0	5	0.2675	108.0	540.0	0.0
92235	34	0	5	0.0775	32.0	160.0	0.0
92236	336	0	5	0.8325	118.6	593.0	0.6666666666666666
92237	113	0	5	0.275	47.8	239.0	0.0
92238	139	0	5	0.34	137.0	685.0	0.3333333333333333
92239	182	0	5	0.4475	180.0	900.0	0.0
92240	25	0	5	0.055	23.0	115.0	0.0
92241	201	0	5	0.495	143.2	716.0	0.3333333333333333
92242	354	1	4	0.8825	268.6	1343.0	1.0
92243	47	0	5	0.11	20.2	101.0	0.0
92244	225	0	5	0.555	158.2	791.0	0.3333333333333333
92245	28	0	5	0.0625	9.2	46.0	0.3333333333333333
92246	26	0	5	0.0575	24.0	120.0	0.0
92247	139	0	5	0.34	108.0	540.0	0.6666666666666666
92248	309	0	5	0.765	88.8	444.0	0.6666666666666666
92249	154	0	5	0.3775	152.0	760.0	0.0
92250	177	0	5	0.435	35.2	176.0	0.3333333333333333
92251	300	0	5	0.7425	260.4	1302.0	0.3333333333333333
92252	262	0	5	0.6475	247.4	1237.0	0.3333333333333333
92253	157	1	4	0.39	70.2	351.0	1.0
92254	70	0	5	0.1675	68.0	340.0	0.0
92255	380	0	5	0.9425	201.4	1007.0	0.6666666666666666
92256	331	0	5	0.82	152.4	762.0	0.6666666666666666
92257	267	0	5	0.66	87.0	435.0	0.3333333333333333
92258	114	0	5	0.2775	109.0	545.0	0.3333333333333333
92259	113	1	4	0.28	81.0	405.0	1.0
92260	285	0	5	0.705	199.4	997.0	0.6666666666666666
92261	136	0	5	0.3325	77.6	388.0	0.3333333333333333
92262	204	0	5	0.5025	134.4	672.0	0.3333333333333333
92263	320	0	5	0.7925	256.0	1280.0	0.3333333333333333
92264	232	0	5	0.5725	79.6	398.0	0.6666666666666666
92265	191	0	5	0.47	113.4	567.0	0.0
92266	298	0	5	0.7375	142.8	714.0	0.3333333333333333
92267	62	0	5	0.1475	49.2	246.0	0.3333333333333333
92268	273	0	5	0.675	170.8	854.0	0.3333333333333333
92269	226	0	5	0.5575	143.6	718.0	0.3333333333333333
92270	135	0	5	0.33	89.0	445.0	0.0
92271	240	1	4	0.5975	50.8	254.0	1.0
92272	355	0	5	0.88	174.6	873.0	0.6666666666666666
92273	125	0	5	0.305	72.6	363.0	0.6666666666666666
92274	344	1	4	0.8575	224.8	1124.0	1.0
92275	373	0	5	0.925	371.0	1855.0	0.6666666666666666
92276	351	0	5	0.87	303.4	1517.0	0.3333333333333333
92277	228	0	5	0.5625	78.6	393.0	0.3333333333333333
92278	48	0	5	0.1125	25.6	128.0	0.0
92279	175	0	5	0.43	139.0	695.0	0.3333333333333333
92280	40	0	5	0.0925	38.0	190.0	0.0
92281	64	0	5	0.1525	39.2	196.0	0.0
92282	218	0	5	0.5375	154.6	773.0	0.6666666666666666
92283	211	0	5	0.52	104.0	520.0	0.3333333333333333
92284	269	0	5	0.665	183.8	919.0	0.3333333333333333
92285	205	0	5	0.505	185.0	925.0	0.3333333333333333
92286	214	1	4	0.5325	48.4	242.0	1.0
92287	218	0	5	0.5375	149.6	748.0	0.3333333333333333
92288	394	0	5	0.9775	235.0	1175.0	0.6666666666666666
92289	207	0	5	0.51	121.0	605.0	0.3333333333333333
92290	136	0	5	0.3325	98.4	492.0	0.3333333333333333
92291	298	0	5	0.7375	133.8	669.0	0.6666666666666666
92292	251	0	5	0.62	209.8	1049.0	0.3333333333333333
92293	371	0	5	0.92	125.8	629.0	0.6666666666666666
92294	134	0	5	0.3275	132.0	660.0	0.0
92295	126	0	5	0.3075	47.4	237.0	0.3333333333333333
92296	161	0	5	0.395	138.2	691.0	0.3333333333333333
92297	85	0	5	0.205	55.0	275.0	0.3333333333333333
92298	337	0	5	0.835	126.2	631.0	0.6666666666666666
92299	379	1	4	0.945	213.8	1069.0	1.0
92300	162	0	5	0.3975	137.2	686.0	0.0
92301	293	0	5	0.725	86.2	431.0	0.6666666666666666
92302	290	1	4	0.7225	204.8	1024.0	1.0
92303	97	0	5	0.235	95.0	475.0	0.3333333333333333
92304	365	1	4	0.91	220.6	1103.0	1.0
92305	393	0	5	0.975	316.2	1581.0	0.6666666666666666
92306	387	1	4	0.965	307.2	1536.0	1.0
92307	314	0	5	0.7775	279.8	1399.0	0.6666666666666666
92308	252	0	5	0.6225	212.8	1064.0	0.6666666666666666
92309	140	0	5	0.3425	71.6	358.0	0.3333333333333333
92310	193	0	5	0.475	124.2	621.0	0.3333333333333333
92311	298	0	5	0.7375	189.2	946.0	0.0
92312	227	0	5	0.56	70.6	353.0	0.6666666666666666
92313	349	0	5	0.865	99.0	495.0	0.6666666666666666
92314	189	0	5	0.465	148.6	743.0	0.3333333333333333
92315	107	0	5	0.26	105.0	525.0	0.0
92316	354	0	5	0.8775	187.6	938.0	0.6666666666666666
92317	400	1	4	0.9975	291.4	1457.0	1.0
92318	111	0	5	0.27	97.4	487.0	0.0
92319	390	0	5	0.9675	104.6	523.0	0.6666666666666666
92320	221	0	5	0.545	180.2	901.0	0.3333333333333333
92321	193	0	5	0.475	84.2	421.0	0.6666666666666666
92322	134	0	5	0.3275	94.8	474.0	0.0
92323	93	0	5	0.225	33.4	167.0	0.3333333333333333
92324	190	0	5	0.4675	187.0	935.0	0.0
92325	176	0	5	0.4325	137.0	685.0	0.3333333333333333
92326	326	1	4	0.8125	140.2	701.0	1.0
92327	277	0	5	0.685	160.4	802.0	0.6666666666666666
92328	107	0	5	0.26	90.0	450.0	0.0
92329	137	0	5	0.335	73.2	366.0	0.3333333333333333
92330	259	0	5	0.64	174.6	873.0	0.6666666666666666
92331	184	0	5	0.4525	107.4	537.0	0.6666666666666666
92332	268	0	5	0.6625	175.2	876.0	0.3333333333333333
92333	79	0	5	0.19	71.8	359.0	0.0
92334	220	0	5	0.5425	168.2	841.0	0.3333333333333333
92335	88	0	5	0.2125	19.0	95.0	0.0
92336	200	0	5	0.4925	133.8	669.0	0.3333333333333333
92337	214	0	5	0.5275	55.2	276.0	0.6666666666666666
92338	203	0	5	0.5	46.8	234.0	0.3333333333333333
92339	31	0	5	0.07	29.0	145.0	0.0
92340	153	0	5	0.375	130.0	650.0	0.3333333333333333
92341	97	0	5	0.235	88.4	442.0	0.3333333333333333
92342	328	1	4	0.8175	218.4	1092.0	1.0
92343	82	0	5	0.1975	50.6	253.0	0.0
92344	18	0	5	0.0375	13.4	67.0	0.3333333333333333
92345	133	0	5	0.325	35.0	175.0	0.3333333333333333
92346	278	0	5	0.6875	230.4	1152.0	0.6666666666666666
92347	161	0	5	0.395	72.6	363.0	0.6666666666666666
92348	391	0	5	0.97	236.6	1183.0	0.6666666666666666
92349	232	1	4	0.5775	53.6	268.0	1.0
92350	173	0	5	0.425	82.6	413.0	0.6666666666666666
92351	220	0	5	0.5425	206.6	1033.0	0.3333333333333333
92352	350	1	4	0.8725	227.2	1136.0	1.0
92353	27	0	5	0.06	25.0	125.0	0.0
92354	242	0	5	0.5975	79.2	396.0	0.6666666666666666
92355	258	0	5	0.6375	223.6	1118.0	0.6666666666666666
92356	356	1	4	0.8875	208.0	1040.0	1.0
92357	249	0	5	0.615	170.4	852.0	0.3333333333333333
92358	401	0	4	0.9975	238.2	1191.0	0.6666666666666666
92359	36	0	5	0.0825	34.0	170.0	0.0
92360	347	0	5	0.86	109.8	549.0	0.6666666666666666
92361	322	0	5	0.7975	259.4	1297.0	0.6666666666666666
92362	279	0	5	0.69	100.2	501.0	0.3333333333333333
92363	391	0	5	0.97	297.2	1486.0	0.6666666666666666
92364	313	0	5	0.775	210.2	1051.0	0.6666666666666666
92365	157	0	5	0.385	88.2	441.0	0.3333333333333333
92366	193	0	5	0.475	142.6	713.0	0.3333333333333333
92367	111	0	5	0.27	109.0	545.0	0.0
92368	185	0	5	0.455	57.4	287.0	0.3333333333333333
92369	40	0	5	0.0925	38.0	190.0	0.0
92370	66	0	5	0.1575	38.2	191.0	0.3333333333333333
92371	386	1	4	0.9625	211.4	1057.0	1.0
92372	65	0	5	0.155	27.0	135.0	0.0
92373	141	0	5	0.345	64.6	323.0	0.3333333333333333
92374	253	0	5	0.625	245.6	1228.0	0.0
92375	267	0	5	0.66	62.2	311.0	0.6666666666666666
92376	216	0	5	0.5325	149.6	748.0	0.0
92377	7	0	5	0.01	5.0	25.0	0.0
92378	320	0	5	0.7925	185.6	928.0	0.6666666666666666
92379	368	0	5	0.9125	295.2	1476.0	0.6666666666666666
92380	269	0	5	0.665	68.6	343.0	0.3333333333333333
92381	210	0	5	0.5175	193.8	969.0	0.6666666666666666
92382	397	1	4	0.99	226.8	1134.0	1.0
92383	278	0	5	0.6875	84.6	423.0	0.3333333333333333
92384	273	0	5	0.675	123.6	618.0	0.3333333333333333
92385	385	0	5	0.955	300.2	1501.0	0.6666666666666666
92386	318	0	5	0.7875	151.2	756.0	0.6666666666666666
92387	55	0	5	0.13	53.0	265.0	0.0
92388	401	0	4	0.9975	218.0	1090.0	0.6666666666666666
92389	258	0	5	0.6375	195.4	977.0	0.6666666666666666
92390	169	0	5	0.415	118.4	592.0	0.6666666666666666
92391	181	0	5	0.445	122.8	614.0	0.3333333333333333
92392	145	0	5	0.355	143.0	715.0	0.0
92393	187	0	5	0.46	114.0	570.0	0.3333333333333333
92394	25	0	5	0.055	23.0	115.0	0.0
92395	175	0	5	0.43	173.0	865.0	0.0
92396	74	0	5	0.1775	70.0	350.0	0.0
92397	262	0	5	0.6475	177.4	887.0	0.3333333333333333
92398	300	0	5	0.7425	138.8	694.0	0.6666666666666666
92399	44	0	5	0.1025	42.0	210.0	0.0
92400	226	0	5	0.5575	117.6	588.0	0.3333333333333333
92401	383	0	5	0.95	221.8	1109.0	0.3333333333333333
92402	77	0	5	0.185	17.8	89.0	0.3333333333333333
92403	146	0	5	0.3575	90.0	450.0	0.6666666666666666
92404	57	0	5	0.135	30.6	153.0	0.3333333333333333
92405	6	0	5	0.0075	4.0	20.0	0.0
92406	13	0	5	0.025	11.0	55.0	0.0
92407	144	0	5	0.3525	58.8	294.0	0.3333333333333333
92408	219	0	5	0.54	66.8	334.0	0.6666666666666666
92409	73	0	5	0.175	55.0	275.0	0.3333333333333333
92410	247	0	5	0.61	115.6	578.0	0.6666666666666666
92411	55	0	5	0.13	21.8	109.0	0.0
92412	163	0	5	0.4	153.2	766.0	0.3333333333333333
92413	271	0	5	0.67	131.6	658.0	0.3333333333333333
92414	142	0	5	0.3475	82.4	412.0	0.3333333333333333
92415	64	0	5	0.1525	62.0	310.0	0.0
92416	99	0	5	0.24	91.0	455.0	0.3333333333333333
92417	55	0	5	0.13	41.4	207.0	0.3333333333333333
92418	395	0	5	0.98	151.2	756.0	0.6666666666666666
92419	62	0	5	0.1475	41.2	206.0	0.0
92420	349	0	5	0.865	230.8	1154.0	0.6666666666666666
92421	64	0	5	0.1525	62.0	310.0	0.0
92422	26	0	5	0.0575	24.0	120.0	0.0
92423	385	0	5	0.955	315.8	1579.0	0.6666666666666666
92424	47	0	5	0.11	27.8	139.0	0.3333333333333333
92425	45	0	5	0.105	17.4	87.0	0.3333333333333333
92426	82	0	5	0.1975	38.6	193.0	0.6666666666666666
92427	189	0	5	0.465	57.4	287.0	0.3333333333333333
92428	279	0	5	0.69	141.4	707.0	0.6666666666666666
92429	259	0	5	0.64	149.4	747.0	0.6666666666666666
92430	178	0	5	0.4375	93.6	468.0	0.0
92431	294	0	5	0.7275	167.2	836.0	0.0
92432	29	0	5	0.065	27.0	135.0	0.0
92433	358	0	5	0.8875	220.2	1101.0	0.6666666666666666
92434	212	0	5	0.5225	106.6	533.0	0.0
92435	35	0	5	0.08	33.0	165.0	0.0
92436	131	0	5	0.32	67.0	335.0	0.3333333333333333
92437	235	0	5	0.58	170.0	850.0	0.6666666666666666
92438	40	0	5	0.0925	29.0	145.0	0.6666666666666666
92439	318	0	5	0.7875	176.6	883.0	0.3333333333333333
92440	127	0	5	0.31	90.6	453.0	0.3333333333333333
92441	115	0	5	0.28	75.8	379.0	0.3333333333333333
92442	337	0	5	0.835	179.6	898.0	0.6666666666666666
92443	38	0	5	0.0875	36.0	180.0	0.0
92444	336	0	5	0.8325	142.8	714.0	0.6666666666666666
92445	377	1	4	0.94	115.6	578.0	1.0
92446	105	0	5	0.255	85.4	427.0	0.3333333333333333
92447	169	0	5	0.415	66.0	330.0	0.0
92448	299	0	5	0.74	95.0	475.0	0.6666666666666666
92449	113	0	5	0.275	51.0	255.0	0.3333333333333333
92450	243	0	5	0.6	125.0	625.0	0.6666666666666666
92451	101	0	5	0.245	78.2	391.0	0.3333333333333333
92452	46	0	5	0.1075	44.0	220.0	0.0
92453	391	0	5	0.97	290.2	1451.0	0.6666666666666666
92454	180	0	5	0.4425	139.6	698.0	0.6666666666666666
92455	197	1	4	0.49	173.6	868.0	1.0
92456	146	0	5	0.3575	71.4	357.0	0.0
92457	180	0	5	0.4425	144.8	724.0	0.3333333333333333
92458	299	0	5	0.74	132.6	663.0	0.3333333333333333
92459	172	0	5	0.4225	109.6	548.0	0.6666666666666666
92460	312	0	5	0.7725	184.4	922.0	0.3333333333333333
92461	187	0	5	0.46	156.6	783.0	0.3333333333333333
92462	290	0	5	0.7175	111.6	558.0	0.6666666666666666
92463	49	0	5	0.115	38.6	193.0	0.0
92464	82	0	5	0.1975	65.8	329.0	0.0
92465	166	0	5	0.4075	162.0	810.0	0.3333333333333333
92466	328	0	5	0.8125	240.4	1202.0	0.3333333333333333
92467	387	1	4	0.965	180.6	903.0	1.0
92468	318	0	5	0.7875	256.2	1281.0	0.6666666666666666
92469	47	0	5	0.11	36.6	183.0	0.3333333333333333
92470	296	0	5	0.7325	148.2	741.0	0.3333333333333333
92471	238	0	5	0.5875	187.6	938.0	0.3333333333333333
92472	76	0	5	0.1825	26.0	130.0	0.3333333333333333
92473	143	0	5	0.35	109.2	546.0	0.6666666666666666
92474	379	0	5	0.94	273.4	1367.0	0.6666666666666666
92475	177	0	5	0.435	94.6	473.0	0.3333333333333333
92476	94	0	5	0.2275	48.2	241.0	0.3333333333333333
92477	91	0	5	0.22	63.4	317.0	0.0
92478	39	0	5	0.09	37.0	185.0	0.0
92479	401	0	4	0.9975	190.0	950.0	0.6666666666666666
92480	274	1	4	0.6825	163.8	819.0	1.0
92481	342	1	4	0.8525	177.2	886.0	1.0
92482	235	0	5	0.58	97.6	488.0	0.6666666666666666
92483	142	0	5	0.3475	127.2	636.0	0.3333333333333333
92484	11	0	5	0.02	9.0	45.0	0.0
92485	230	0	5	0.5675	199.6	998.0	0.3333333333333333
92486	229	0	5	0.565	156.0	780.0	0.3333333333333333
92487	354	1	4	0.8825	239.4	1197.0	1.0
92488	224	0	5	0.5525	143.0	715.0	0.6666666666666666
92489	59	0	5	0.14	57.0	285.0	0.0
92490	254	0	5	0.6275	235.0	1175.0	0.6666666666666666
92491	342	0	5	0.8475	183.2	916.0	0.6666666666666666
92492	118	0	5	0.2875	116.0	580.0	0.0
92493	317	1	4	0.79	105.8	529.0	1.0
92494	2	0	5	0.0	0.0	0.0	0.0
92495	112	0	5	0.2725	82.0	410.0	0.0
92496	212	1	4	0.5275	112.8	564.0	1.0
92497	375	1	4	0.935	222.2	1111.0	1.0
92498	13	0	5	0.025	6.6	33.0	0.0
92499	326	0	5	0.8075	277.8	1389.0	0.6666666666666666
92500	6	0	5	0.0075	4.0	20.0	0.0
92501	372	0	5	0.9225	230.8	1154.0	0.3333333333333333
92502	325	0	5	0.805	120.6	603.0	0.6666666666666666
92503	360	1	4	0.8975	173.0	865.0	1.0
92504	181	0	5	0.445	73.4	367.0	0.3333333333333333
92505	202	0	5	0.4975	156.4	782.0	0.3333333333333333
92506	242	0	5	0.5975	117.0	585.0	0.3333333333333333
92507	350	0	5	0.8675	272.8	1364.0	0.3333333333333333
92508	396	0	5	0.9825	120.8	604.0	0.6666666666666666
92509	5	0	5	0.005	3.0	15.0	0.0
92510	254	0	5	0.6275	145.4	727.0	0.6666666666666666
92511	36	0	5	0.0825	34.0	170.0	0.0
92512	311	0	5	0.77	152.8	764.0	0.3333333333333333
92513	128	0	5	0.3125	95.0	475.0	0.6666666666666666
92514	224	0	5	0.5525	140.4	702.0	0.0
92515	204	0	5	0.5025	155.6	778.0	0.6666666666666666
92516	173	0	5	0.425	119.4	597.0	0.0
92517	119	1	4	0.295	103.2	516.0	1.0
92518	127	0	5	0.31	122.2	611.0	0.3333333333333333
92519	230	0	5	0.5675	146.4	732.0	0.6666666666666666
92520	128	0	5	0.3125	61.2	306.0	0.0
92521	259	0	5	0.64	180.2	901.0	0.3333333333333333
92522	284	0	5	0.7025	160.2	801.0	0.6666666666666666
92523	337	0	5	0.835	169.6	848.0	0.6666666666666666
92524	306	0	5	0.7575	80.0	400.0	0.6666666666666666
92525	163	0	5	0.4	119.6	598.0	0.0
92526	297	0	5	0.735	205.0	1025.0	0.3333333333333333
92527	358	0	5	0.8875	159.8	799.0	0.3333333333333333
92528	313	0	5	0.775	117.0	585.0	0.3333333333333333
92529	334	0	5	0.8275	92.0	460.0	0.3333333333333333
92530	123	0	5	0.3	121.0	605.0	0.0
92531	262	0	5	0.6475	228.6	1143.0	0.3333333333333333
92532	261	0	5	0.645	103.8	519.0	0.6666666666666666
92533	280	0	5	0.6925	182.2	911.0	0.3333333333333333
92534	118	0	5	0.2875	65.6	328.0	0.0
92535	250	1	4	0.6225	172.8	864.0	1.0
92536	347	0	5	0.86	225.8	1129.0	0.6666666666666666
92537	36	0	5	0.0825	34.0	170.0	0.0
92538	140	0	5	0.3425	84.0	420.0	0.3333333333333333
92539	401	0	4	0.9975	177.4	887.0	0.6666666666666666
92540	369	1	4	0.92	134.8	674.0	1.0
92541	129	0	5	0.315	109.0	545.0	0.6666666666666666
92542	165	0	5	0.405	114.4	572.0	0.6666666666666666
92543	215	0	5	0.53	168.6	843.0	0.6666666666666666
92544	369	0	5	0.915	208.4	1042.0	0.6666666666666666
92545	233	0	5	0.575	146.2	731.0	0.0
92546	120	0	5	0.2925	118.0	590.0	0.0
92547	273	0	5	0.675	216.6	1083.0	0.6666666666666666
92548	100	1	4	0.2475	69.6	348.0	1.0
92549	143	0	5	0.35	97.8	489.0	0.0
92550	256	0	5	0.6325	238.4	1192.0	0.3333333333333333
92551	24	0	5	0.0525	22.0	110.0	0.0
92552	329	0	5	0.815	218.4	1092.0	0.3333333333333333
92553	231	0	5	0.57	121.0	605.0	0.6666666666666666
92554	145	0	5	0.355	98.6	493.0	0.6666666666666666
92555	345	1	4	0.86	159.0	795.0	1.0
92556	301	0	5	0.745	222.6	1113.0	0.3333333333333333
92557	237	0	5	0.585	145.8	729.0	0.3333333333333333
92558	393	0	5	0.975	240.8	1204.0	0.6666666666666666
92559	260	0	5	0.6425	156.2	781.0	0.6666666666666666
92560	217	0	5	0.535	123.2	616.0	0.3333333333333333
92561	178	0	5	0.4375	138.8	694.0	0.3333333333333333
92562	183	0	5	0.45	159.0	795.0	0.3333333333333333
92563	5	0	5	0.005	3.0	15.0	0.0
92564	88	0	5	0.2125	81.8	409.0	0.3333333333333333
92565	313	0	5	0.775	196.4	982.0	0.3333333333333333
92566	399	0	5	0.99	231.0	1155.0	0.6666666666666666
92567	390	0	5	0.9675	230.0	1150.0	0.6666666666666666
92568	326	0	5	0.8075	249.4	1247.0	0.0
92569	297	0	5	0.735	103.4	517.0	0.6666666666666666
92570	150	0	5	0.3675	119.2	596.0	0.3333333333333333
92571	267	0	5	0.66	107.4	537.0	0.3333333333333333
92572	224	0	5	0.5525	174.4	872.0	0.6666666666666666
92573	185	0	5	0.455	96.4	482.0	0.6666666666666666
92574	38	0	5	0.0875	35.8	179.0	0.3333333333333333
92575	149	0	5	0.365	123.0	615.0	0.0
92576	290	1	4	0.7225	231.6	1158.0	1.0
92577	362	0	5	0.8975	229.0	1145.0	0.6666666666666666
92578	259	0	5	0.64	212.6	1063.0	0.6666666666666666
92579	121	0	5	0.295	55.8	279.0	0.6666666666666666
92580	244	0	5	0.6025	109.6	548.0	0.6666666666666666
92581	279	0	5	0.69	168.2	841.0	0.3333333333333333
92582	88	0	5	0.2125	76.4	382.0	0.0
92583	341	0	5	0.845	116.2	581.0	0.3333333333333333
92584	2	0	5	0.0	0.0	0.0	0.0
92585	290	0	5	0.7175	233.2	1166.0	0.3333333333333333
92586	174	0	5	0.4275	151.2	756.0	0.3333333333333333
92587	357	0	5	0.885	221.6	1108.0	0.6666666666666666
92588	340	0	5	0.8425	187.4	937.0	0.6666666666666666
92589	89	0	5	0.215	79.2	396.0	0.3333333333333333
92590	71	0	5	0.17	35.8	179.0	0.3333333333333333
92591	329	1	4	0.82	138.6	693.0	1.0
92592	41	0	5	0.095	39.0	195.0	0.0
92593	296	0	5	0.7325	138.0	690.0	0.3333333333333333
92594	318	1	4	0.7925	130.4	652.0	1.0
92595	386	1	4	0.9625	250.6	1253.0	1.0
92596	394	0	5	0.9775	102.6	513.0	0.6666666666666666
92597	150	0	5	0.3675	81.6	408.0	0.3333333333333333
92598	48	1	4	0.1175	32.0	160.0	1.0
92599	302	0	5	0.7475	245.4	1227.0	0.3333333333333333
92600	152	0	5	0.3725	98.6	493.0	0.3333333333333333
92601	239	0	5	0.59	48.0	240.0	0.3333333333333333
92602	275	0	5	0.68	123.6	618.0	0.6666666666666666
92603	282	0	5	0.6975	239.2	1196.0	0.3333333333333333
92604	49	0	5	0.115	47.0	235.0	0.0
92605	361	0	5	0.895	118.6	593.0	0.3333333333333333
92606	144	0	5	0.3525	54.4	272.0	0.3333333333333333
92607	222	0	5	0.5475	79.2	396.0	0.3333333333333333
92608	235	0	5	0.58	128.4	642.0	0.3333333333333333
92609	102	0	5	0.2475	95.2	476.0	0.0
92610	189	1	4	0.47	154.8	774.0	1.0
92611	79	0	5	0.19	77.0	385.0	0.0
92612	78	0	5	0.1875	40.8	204.0	0.3333333333333333
92613	249	0	5	0.615	206.6	1033.0	0.3333333333333333
92614	98	0	5	0.2375	96.0	480.0	0.0
92615	240	0	5	0.5925	225.0	1125.0	0.0
92616	225	0	5	0.555	161.4	807.0	0.3333333333333333
92617	106	1	4	0.2625	66.0	330.0	1.0
92618	35	0	5	0.08	15.0	75.0	0.3333333333333333
92619	334	0	5	0.8275	161.6	808.0	0.3333333333333333
92620	109	0	5	0.265	102.4	512.0	0.6666666666666666
92621	241	0	5	0.595	158.4	792.0	0.6666666666666666
92622	158	1	4	0.3925	86.0	430.0	1.0
92623	73	0	5	0.175	60.2	301.0	0.3333333333333333
92624	160	0	5	0.3925	54.0	270.0	0.3333333333333333
92625	258	0	5	0.6375	162.8	814.0	0.3333333333333333
92626	245	0	5	0.605	202.2	1011.0	0.0
92627	395	0	5	0.98	136.8	684.0	0.6666666666666666
92628	270	0	5	0.6675	125.4	627.0	0.6666666666666666
92629	217	0	5	0.535	129.8	649.0	0.6666666666666666
92630	269	0	5	0.665	130.2	651.0	0.6666666666666666
92631	151	0	5	0.37	107.0	535.0	0.3333333333333333
92632	315	0	5	0.78	134.6	673.0	0.3333333333333333
92633	222	0	5	0.5475	128.4	642.0	0.3333333333333333
92634	21	0	5	0.045	15.8	79.0	0.3333333333333333
92635	123	0	5	0.3	121.0	605.0	0.0
92636	315	1	4	0.785	248.0	1240.0	1.0
92637	214	0	5	0.5275	87.2	436.0	0.6666666666666666
92638	183	0	5	0.45	88.8	444.0	0.3333333333333333
92639	144	0	5	0.3525	88.0	440.0	0.0
92640	187	0	5	0.46	81.0	405.0	0.6666666666666666
92641	25	0	5	0.055	15.4	77.0	0.3333333333333333
92642	370	0	5	0.9175	80.6	403.0	0.6666666666666666
92643	111	0	5	0.27	76.0	380.0	0.3333333333333333
92644	96	0	5	0.2325	80.4	402.0	0.0
92645	216	0	5	0.5325	171.6	858.0	0.3333333333333333
92646	335	1	4	0.835	101.4	507.0	1.0
92647	5	0	5	0.005	3.0	15.0	0.0
92648	227	0	5	0.56	118.2	591.0	0.3333333333333333
92649	303	0	5	0.75	228.8	1144.0	0.3333333333333333
92650	231	0	5	0.57	162.6	813.0	0.6666666666666666
92651	143	0	5	0.35	101.2	506.0	0.0
92652	290	1	4	0.7225	133.6	668.0	1.0
92653	299	0	5	0.74	185.2	926.0	0.6666666666666666
92654	25	0	5	0.055	23.0	115.0	0.0
92655	300	0	5	0.7425	161.6	808.0	0.3333333333333333
92656	331	1	4	0.825	220.8	1104.0	1.0
92657	201	0	5	0.495	91.6	458.0	0.3333333333333333
92658	277	0	5	0.685	162.2	811.0	0.6666666666666666
92659	285	0	5	0.705	124.0	620.0	0.6666666666666666
92660	308	0	5	0.7625	261.6	1308.0	0.6666666666666666
92661	138	0	5	0.3375	119.2	596.0	0.3333333333333333
92662	58	0	5	0.1375	40.0	200.0	0.3333333333333333
92663	149	0	5	0.365	121.6	608.0	0.3333333333333333
92664	171	0	5	0.42	121.0	605.0	0.3333333333333333
92665	372	0	5	0.9225	171.6	858.0	0.6666666666666666
92666	178	0	5	0.4375	59.2	296.0	0.3333333333333333
92667	130	0	5	0.3175	109.6	548.0	0.3333333333333333
92668	254	1	4	0.6325	175.0	875.0	1.0
92669	138	0	5	0.3375	112.0	560.0	0.3333333333333333
92670	182	0	5	0.4475	61.6	308.0	0.3333333333333333
92671	31	0	5	0.07	29.0	145.0	0.0
92672	145	0	5	0.355	120.4	602.0	0.3333333333333333
92673	210	0	5	0.5175	184.4	922.0	0.0
92674	99	0	5	0.24	56.2	281.0	0.0
92675	252	0	5	0.6225	192.0	960.0	0.0
92676	348	0	5	0.8625	201.2	1006.0	0.3333333333333333
92677	280	0	5	0.6925	125.4	627.0	0.6666666666666666
92678	112	0	5	0.2725	96.4	482.0	0.6666666666666666
92679	165	0	5	0.405	138.2	691.0	0.0
92680	175	0	5	0.43	105.8	529.0	0.3333333333333333
92681	158	0	5	0.3875	119.4	597.0	0.3333333333333333
92682	96	0	5	0.2325	94.0	470.0	0.0
92683	225	0	5	0.555	60.2	301.0	0.6666666666666666
92684	256	0	5	0.6325	149.2	746.0	0.0
92685	300	0	5	0.7425	156.4	782.0	0.3333333333333333
92686	50	0	5	0.1175	32.8	164.0	0.0
92687	326	0	5	0.8075	229.6	1148.0	0.6666666666666666
92688	233	0	5	0.575	169.2	846.0	0.3333333333333333
92689	336	0	5	0.8325	176.4	882.0	0.6666666666666666
92690	131	0	5	0.32	118.6	593.0	0.3333333333333333
92691	15	0	5	0.03	13.0	65.0	0.0
92692	373	0	5	0.925	161.2	806.0	0.6666666666666666
92693	260	0	5	0.6425	258.0	1290.0	0.3333333333333333
92694	148	0	5	0.3625	115.4	577.0	0.0
92695	117	0	5	0.285	72.0	360.0	0.6666666666666666
92696	46	0	5	0.1075	44.0	220.0	0.0
92697	161	0	5	0.395	135.0	675.0	0.3333333333333333
92698	146	0	5	0.3575	111.4	557.0	0.3333333333333333
92699	240	0	5	0.5925	170.8	854.0	0.3333333333333333
92700	328	0	5	0.8125	179.4	897.0	0.3333333333333333
92701	238	0	5	0.5875	88.8	444.0	0.3333333333333333
92702	146	0	5	0.3575	116.4	582.0	0.3333333333333333
92703	253	0	5	0.625	218.2	1091.0	0.3333333333333333
92704	374	1	4	0.9325	259.6	1298.0	1.0
92705	253	1	3	0.63	150.8	754.0	1.0
92706	131	0	5	0.32	60.0	300.0	0.3333333333333333
92707	102	0	5	0.2475	100.0	500.0	0.0
92708	330	0	5	0.8175	118.8	594.0	0.3333333333333333
92709	179	0	5	0.44	177.0	885.0	0.0
92710	44	0	5	0.1025	40.0	200.0	0.0
92711	252	0	5	0.6225	211.6	1058.0	0.3333333333333333
92712	210	0	5	0.5175	178.6	893.0	0.3333333333333333
92713	145	0	5	0.355	141.8	709.0	0.3333333333333333
92714	249	0	5	0.615	132.8	664.0	0.3333333333333333
92715	196	0	5	0.4825	80.6	403.0	0.6666666666666666
92716	278	0	5	0.6875	188.8	944.0	0.3333333333333333
92717	9	0	5	0.015	7.0	35.0	0.0
92718	208	0	5	0.5125	110.6	553.0	0.3333333333333333
92719	278	0	5	0.6875	234.0	1170.0	0.6666666666666666
92720	87	0	5	0.21	78.6	393.0	0.0
92721	185	0	5	0.455	74.2	371.0	0.6666666666666666
92722	390	0	5	0.9675	159.8	799.0	0.3333333333333333
92723	111	0	5	0.27	93.4	467.0	0.6666666666666666
92724	33	0	5	0.075	31.0	155.0	0.0
92725	228	0	5	0.5625	130.0	650.0	0.3333333333333333
92726	350	0	5	0.8675	127.2	636.0	0.6666666666666666
92727	153	0	5	0.375	137.0	685.0	0.3333333333333333
92728	161	0	5	0.395	70.2	351.0	0.3333333333333333
92729	186	0	5	0.4575	102.4	512.0	0.3333333333333333
92730	310	0	5	0.7675	289.4	1447.0	0.3333333333333333
92731	210	0	5	0.5175	97.0	485.0	0.6666666666666666
92732	297	0	5	0.735	234.4	1172.0	0.3333333333333333
92733	27	0	5	0.06	25.0	125.0	0.0
92734	86	0	5	0.2075	56.4	282.0	0.3333333333333333
92735	295	0	5	0.73	245.0	1225.0	0.3333333333333333
92736	274	0	5	0.6775	149.8	749.0	0.3333333333333333
92737	361	0	5	0.895	169.2	846.0	0.6666666666666666
92738	114	0	5	0.2775	98.8	494.0	0.3333333333333333
92739	390	0	5	0.9675	232.4	1162.0	0.6666666666666666
92740	276	1	4	0.6875	146.6	733.0	1.0
92741	330	0	5	0.8175	161.6	808.0	0.6666666666666666
92742	29	0	5	0.065	21.4	107.0	0.0
92743	149	0	5	0.365	60.6	303.0	0.3333333333333333
92744	378	0	5	0.9375	197.6	988.0	0.6666666666666666
92745	303	0	5	0.75	143.2	716.0	0.6666666666666666
92746	29	0	5	0.065	27.0	135.0	0.0
92747	159	0	5	0.39	61.4	307.0	0.3333333333333333
92748	283	0	5	0.7	121.8	609.0	0.6666666666666666
92749	367	0	5	0.91	268.6	1343.0	0.6666666666666666
92750	394	0	5	0.9775	271.2	1356.0	0.6666666666666666
92751	8	0	5	0.0125	6.0	30.0	0.0
92752	254	0	5	0.6275	179.4	897.0	0.6666666666666666
92753	214	0	5	0.5275	167.6	838.0	0.3333333333333333
92754	238	0	5	0.5875	168.8	844.0	0.6666666666666666
92755	397	0	5	0.985	227.8	1139.0	0.6666666666666666
92756	194	0	5	0.4775	41.6	208.0	0.3333333333333333
92757	141	0	5	0.345	73.4	367.0	0.3333333333333333
92758	263	0	5	0.65	240.6	1203.0	0.0
92759	253	0	5	0.625	231.4	1157.0	0.3333333333333333
92760	352	1	4	0.8775	210.2	1051.0	1.0
92761	62	0	5	0.1475	60.0	300.0	0.0
92762	260	0	5	0.6425	124.2	621.0	0.6666666666666666
92763	149	0	5	0.365	140.6	703.0	0.3333333333333333
92764	42	0	5	0.0975	37.2	186.0	0.3333333333333333
92765	296	0	5	0.7325	142.8	714.0	0.6666666666666666
92766	357	0	5	0.885	171.4	857.0	0.6666666666666666
92767	194	0	5	0.4775	143.0	715.0	0.3333333333333333
92768	331	0	5	0.82	190.0	950.0	0.3333333333333333
92769	369	0	5	0.915	161.4	807.0	0.6666666666666666
92770	322	0	5	0.7975	215.6	1078.0	0.6666666666666666
92771	340	0	5	0.8425	165.4	827.0	0.6666666666666666
92772	205	0	5	0.505	140.6	703.0	0.3333333333333333
92773	112	0	5	0.2725	69.2	346.0	0.6666666666666666
92774	187	0	5	0.46	185.0	925.0	0.0
92775	289	0	5	0.715	197.0	985.0	0.3333333333333333
92776	392	0	5	0.9725	225.6	1128.0	0.6666666666666666
92777	91	0	5	0.22	21.8	109.0	0.0
92778	41	0	5	0.095	39.0	195.0	0.0
92779	290	0	5	0.7175	230.8	1154.0	0.6666666666666666
92780	91	0	5	0.22	39.2	196.0	0.0
92781	95	0	5	0.23	93.0	465.0	0.0
92782	306	0	5	0.7575	184.8	924.0	0.6666666666666666
92783	24	0	5	0.0525	22.0	110.0	0.0
92784	330	0	5	0.8175	100.0	500.0	0.6666666666666666
92785	19	0	5	0.04	17.0	85.0	0.0
92786	68	0	5	0.1625	66.0	330.0	0.0
92787	97	0	5	0.235	76.8	384.0	0.0
92788	10	0	5	0.0175	8.0	40.0	0.0
92789	92	0	5	0.2225	90.0	450.0	0.0
92790	224	0	5	0.5525	183.2	916.0	0.6666666666666666
92791	368	0	5	0.9125	101.4	507.0	0.3333333333333333
92792	270	0	5	0.6675	235.2	1176.0	0.3333333333333333
92793	198	0	5	0.4875	48.0	240.0	0.3333333333333333
92794	384	0	5	0.9525	256.0	1280.0	0.6666666666666666
92795	399	0	5	0.99	302.2	1511.0	0.3333333333333333
92796	185	0	5	0.455	183.0	915.0	0.0
92797	206	0	5	0.5075	72.8	364.0	0.3333333333333333
92798	79	0	5	0.19	55.0	275.0	0.3333333333333333
92799	207	0	5	0.51	142.2	711.0	0.0
92800	296	0	5	0.7325	74.0	370.0	0.3333333333333333
92801	215	0	5	0.53	91.8	459.0	0.0
92802	85	0	5	0.205	83.0	415.0	0.0
92803	343	0	5	0.85	196.4	982.0	0.6666666666666666
92804	210	0	5	0.5175	192.8	964.0	0.3333333333333333
92805	66	0	5	0.1575	64.0	320.0	0.0
92806	178	0	5	0.4375	138.6	693.0	0.0
92807	47	0	5	0.11	31.8	159.0	0.3333333333333333
92808	127	0	5	0.31	125.0	625.0	0.0
92809	11	0	5	0.02	9.0	45.0	0.0
92810	26	0	5	0.0575	5.0	25.0	0.0
92811	399	1	4	0.995	173.8	869.0	1.0
92812	359	0	5	0.89	221.0	1105.0	0.6666666666666666
92813	366	0	5	0.9075	166.0	830.0	0.6666666666666666
92814	223	0	5	0.55	113.8	569.0	0.6666666666666666
92815	285	0	5	0.705	189.8	949.0	0.6666666666666666
92816	323	0	5	0.8	192.4	962.0	0.3333333333333333
92817	328	0	5	0.8125	127.4	637.0	0.6666666666666666
92818	27	0	5	0.06	25.0	125.0	0.0
92819	126	0	5	0.3075	118.4	592.0	0.3333333333333333
92820	243	0	5	0.6	179.8	899.0	0.3333333333333333
92821	227	0	5	0.56	177.8	889.0	0.3333333333333333
92822	226	0	5	0.5575	204.4	1022.0	0.3333333333333333
92823	357	0	5	0.885	149.4	747.0	0.6666666666666666
92824	379	0	5	0.94	144.2	721.0	0.6666666666666666
92825	269	0	5	0.665	86.2	431.0	0.6666666666666666
92826	140	0	5	0.3425	76.4	382.0	0.3333333333333333
92827	196	0	5	0.4825	69.8	349.0	0.3333333333333333
92828	127	0	5	0.31	81.8	409.0	0.3333333333333333
92829	72	0	5	0.1725	70.0	350.0	0.0
92830	296	1	4	0.7375	88.0	440.0	1.0
92831	377	0	5	0.935	166.4	832.0	0.3333333333333333
92832	256	1	4	0.6375	151.2	756.0	1.0
92833	329	0	5	0.815	243.0	1215.0	0.3333333333333333
92834	347	0	5	0.86	172.0	860.0	0.3333333333333333
92835	201	0	5	0.495	182.8	914.0	0.6666666666666666
92836	397	0	5	0.985	350.0	1750.0	0.6666666666666666
92837	77	0	5	0.185	75.0	375.0	0.0
92838	64	0	5	0.1525	62.0	310.0	0.0
92839	201	0	5	0.495	125.8	629.0	0.6666666666666666
92840	370	0	5	0.9175	157.8	789.0	0.6666666666666666
92841	393	0	5	0.975	174.2	871.0	0.6666666666666666
92842	304	0	5	0.7525	266.4	1332.0	0.3333333333333333
92843	246	0	5	0.6075	88.4	442.0	0.6666666666666666
92844	213	0	5	0.525	60.2	301.0	0.6666666666666666
92845	137	0	5	0.335	115.4	577.0	0.6666666666666666
92846	315	0	5	0.78	197.8	989.0	0.6666666666666666
92847	250	1	4	0.6225	217.0	1085.0	1.0
92848	79	0	5	0.19	60.2	301.0	0.0
92849	126	0	5	0.3075	124.0	620.0	0.0
92850	298	0	5	0.7375	230.0	1150.0	0.3333333333333333
92851	62	1	4	0.1525	17.2	86.0	1.0
92852	245	1	3	0.61	166.0	830.0	1.0
92853	147	0	5	0.36	118.6	593.0	0.3333333333333333
92854	298	0	5	0.7375	223.8	1119.0	0.3333333333333333
92855	354	0	5	0.8775	321.4	1607.0	0.3333333333333333
92856	110	0	5	0.2675	107.2	536.0	0.0
92857	85	0	5	0.205	47.6	238.0	0.3333333333333333
92858	25	0	5	0.055	23.0	115.0	0.0
92859	3	0	5	0.0025	0.2	1.0	0.3333333333333333
92860	143	0	5	0.35	105.8	529.0	0.3333333333333333
92861	204	0	5	0.5025	178.6	893.0	0.3333333333333333
92862	385	0	5	0.955	257.0	1285.0	0.6666666666666666
92863	377	0	5	0.935	169.0	845.0	0.6666666666666666
92864	224	1	3	0.5575	136.4	682.0	1.0
92865	107	0	5	0.26	105.0	525.0	0.0
92866	304	1	4	0.7575	280.2	1401.0	1.0
92867	241	1	4	0.6	120.2	601.0	1.0
92868	61	0	5	0.145	58.6	293.0	0.0
92869	335	0	5	0.83	114.6	573.0	0.6666666666666666
92870	249	0	5	0.615	209.2	1046.0	0.3333333333333333
92871	387	0	5	0.96	183.8	919.0	0.6666666666666666
92872	136	0	5	0.3325	122.4	612.0	0.3333333333333333
92873	86	0	5	0.2075	50.4	252.0	0.3333333333333333
92874	121	0	5	0.295	88.6	443.0	0.0
92875	327	0	5	0.81	187.0	935.0	0.3333333333333333
92876	146	0	5	0.3575	137.8	689.0	0.0
92877	162	0	5	0.3975	68.0	340.0	0.3333333333333333
92878	178	0	5	0.4375	112.4	562.0	0.3333333333333333
92879	247	0	5	0.61	128.4	642.0	0.3333333333333333
92880	169	0	5	0.415	68.4	342.0	0.3333333333333333
92881	325	0	5	0.805	189.8	949.0	0.6666666666666666
92882	182	0	5	0.4475	72.2	361.0	0.6666666666666666
92883	201	0	5	0.495	129.0	645.0	0.3333333333333333
92884	218	0	5	0.5375	146.2	731.0	0.6666666666666666
92885	182	0	5	0.4475	163.6	818.0	0.3333333333333333
92886	141	0	5	0.345	90.2	451.0	0.0
92887	36	0	5	0.0825	34.0	170.0	0.0
92888	264	0	5	0.6525	200.6	1003.0	0.3333333333333333
92889	346	0	5	0.8575	242.8	1214.0	0.6666666666666666
92890	197	0	5	0.485	175.4	877.0	0.3333333333333333
92891	346	0	5	0.8575	157.4	787.0	0.6666666666666666
92892	171	0	5	0.42	169.0	845.0	0.0
92893	251	0	5	0.62	139.8	699.0	0.6666666666666666
92894	366	1	4	0.9125	195.6	978.0	1.0
92895	213	0	5	0.525	128.0	640.0	0.3333333333333333
92896	145	0	5	0.355	68.4	342.0	0.3333333333333333
92897	220	0	5	0.5425	80.4	402.0	0.3333333333333333
92898	337	0	5	0.835	282.2	1411.0	0.6666666666666666
92899	309	1	4	0.77	119.2	596.0	1.0
92900	144	0	5	0.3525	64.2	321.0	0.3333333333333333
92901	29	0	5	0.065	27.0	135.0	0.0
92902	228	1	4	0.5675	91.2	456.0	1.0
92903	206	0	5	0.5075	91.8	459.0	0.3333333333333333
92904	323	0	5	0.8	167.4	837.0	0.3333333333333333
92905	352	0	5	0.8725	237.2	1186.0	0.3333333333333333
92906	134	0	5	0.3275	62.4	312.0	0.6666666666666666
92907	211	1	4	0.525	71.0	355.0	1.0
92908	335	1	4	0.835	192.6	963.0	1.0
92909	131	0	5	0.32	56.4	282.0	0.3333333333333333
92910	145	0	5	0.355	89.0	445.0	0.6666666666666666
92911	333	0	5	0.825	101.8	509.0	0.6666666666666666
92912	357	0	5	0.885	195.0	975.0	0.6666666666666666
92913	345	0	5	0.855	215.8	1079.0	0.6666666666666666
92914	306	0	5	0.7575	94.2	471.0	0.3333333333333333
92915	102	0	5	0.2475	74.8	374.0	0.3333333333333333
92916	100	0	5	0.2425	98.0	490.0	0.0
92917	338	0	5	0.8375	115.6	578.0	0.3333333333333333
92918	257	0	5	0.635	238.4	1192.0	0.3333333333333333
92919	93	0	5	0.225	91.0	455.0	0.0
92920	34	0	5	0.0775	22.4	112.0	0.3333333333333333
92921	288	0	5	0.7125	135.4	677.0	0.6666666666666666
92922	28	0	5	0.0625	26.0	130.0	0.0
92923	7	0	5	0.01	5.0	25.0	0.0
92924	327	0	5	0.81	166.2	831.0	0.6666666666666666
92925	284	0	5	0.7025	156.4	782.0	0.6666666666666666
92926	111	0	5	0.27	109.0	545.0	0.3333333333333333
92927	102	0	5	0.2475	87.4	437.0	0.3333333333333333
92928	245	0	5	0.605	99.2	496.0	0.3333333333333333
92929	276	0	5	0.6825	196.0	980.0	0.3333333333333333
92930	293	0	5	0.725	205.8	1029.0	0.0
92931	343	0	5	0.85	238.2	1191.0	0.6666666666666666
92932	333	0	5	0.825	197.2	986.0	0.6666666666666666
92933	93	0	5	0.225	65.8	329.0	0.3333333333333333
92934	119	0	5	0.29	39.4	197.0	0.3333333333333333
92935	319	0	5	0.79	152.2	761.0	0.6666666666666666
92936	247	0	5	0.61	205.4	1027.0	0.0
92937	330	0	5	0.8175	232.2	1161.0	0.3333333333333333
92938	301	0	5	0.745	242.6	1213.0	0.6666666666666666
92939	136	0	5	0.3325	62.4	312.0	0.0
92940	105	0	5	0.255	77.4	387.0	0.3333333333333333
92941	187	0	5	0.46	45.0	225.0	0.3333333333333333
92942	255	0	5	0.63	119.4	597.0	0.3333333333333333
92943	202	0	5	0.4975	111.8	559.0	0.6666666666666666
92944	334	0	5	0.8275	203.6	1018.0	0.6666666666666666
92945	110	0	5	0.2675	108.0	540.0	0.0
92946	378	1	4	0.9425	241.4	1207.0	1.0
92947	24	0	5	0.0525	22.0	110.0	0.0
92948	46	0	5	0.1075	44.0	220.0	0.0
92949	315	0	5	0.78	142.8	714.0	0.6666666666666666
92950	311	0	5	0.77	129.8	649.0	0.6666666666666666
92951	283	0	5	0.7	141.2	706.0	0.3333333333333333
92952	204	0	5	0.5025	174.6	873.0	0.3333333333333333
92953	300	0	5	0.7425	156.0	780.0	0.0
92954	364	1	4	0.9075	93.6	468.0	1.0
92955	72	0	5	0.1725	70.0	350.0	0.0
92956	317	0	5	0.785	124.0	620.0	0.6666666666666666
92957	241	0	5	0.595	180.2	901.0	0.3333333333333333
92958	248	0	5	0.6125	204.8	1024.0	0.3333333333333333
92959	149	0	5	0.365	70.2	351.0	0.3333333333333333
92960	55	0	5	0.13	53.0	265.0	0.0
92961	213	0	5	0.525	170.2	851.0	0.3333333333333333
92962	272	0	5	0.6725	187.2	936.0	0.6666666666666666
92963	317	0	5	0.785	213.8	1069.0	0.6666666666666666
92964	220	0	5	0.5425	218.0	1090.0	0.0
92965	371	0	5	0.92	112.2	561.0	0.6666666666666666
92966	297	0	5	0.735	111.0	555.0	0.6666666666666666
92967	123	0	5	0.3	121.0	605.0	0.0
92968	64	0	5	0.1525	38.0	190.0	0.3333333333333333
92969	224	0	5	0.5525	137.2	686.0	0.0
92970	21	0	5	0.045	19.0	95.0	0.0
92971	299	0	5	0.74	224.6	1123.0	0.3333333333333333
92972	285	0	5	0.705	159.0	795.0	0.3333333333333333
92973	211	0	5	0.52	180.2	901.0	0.3333333333333333
92974	7	0	5	0.01	5.0	25.0	0.0
92975	146	0	5	0.3575	119.6	598.0	0.3333333333333333
92976	397	1	4	0.99	276.4	1382.0	1.0
92977	263	0	5	0.65	117.2	586.0	0.6666666666666666
92978	198	0	5	0.4875	141.2	706.0	0.6666666666666666
92979	379	1	4	0.945	90.2	451.0	1.0
92980	360	1	4	0.8975	152.8	764.0	1.0
92981	266	0	5	0.6575	205.8	1029.0	0.3333333333333333
92982	144	0	5	0.3525	87.6	438.0	0.3333333333333333
92983	236	0	5	0.5825	140.4	702.0	0.6666666666666666
92984	121	0	5	0.295	63.8	319.0	0.0
92985	385	0	5	0.955	257.6	1288.0	0.6666666666666666
92986	165	0	5	0.405	77.8	389.0	0.3333333333333333
92987	354	1	4	0.8825	156.6	783.0	1.0
92988	55	0	5	0.13	43.6	218.0	0.0
92989	353	0	5	0.875	272.2	1361.0	0.6666666666666666
92990	175	0	5	0.43	170.6	853.0	0.3333333333333333
92991	391	1	4	0.975	205.2	1026.0	1.0
92992	378	1	4	0.9425	124.4	622.0	1.0
92993	73	0	5	0.175	71.0	355.0	0.0
92994	225	0	5	0.555	127.8	639.0	0.6666666666666666
92995	331	0	5	0.82	175.2	876.0	0.6666666666666666
92996	189	0	5	0.465	66.0	330.0	0.6666666666666666
92997	243	0	5	0.6	115.8	579.0	0.6666666666666666
92998	288	0	5	0.7125	125.2	626.0	0.3333333333333333
92999	169	0	5	0.415	83.4	417.0	0.6666666666666666
93000	74	0	5	0.1775	61.6	308.0	0.0
93001	87	0	5	0.21	77.6	388.0	0.3333333333333333
93002	141	0	5	0.345	87.8	439.0	0.6666666666666666
93003	132	0	5	0.3225	97.0	485.0	0.3333333333333333
93004	143	0	5	0.35	135.4	677.0	0.0
93005	243	0	5	0.6	98.0	490.0	0.3333333333333333
93006	340	1	4	0.8475	189.4	947.0	1.0
93007	27	0	5	0.06	25.0	125.0	0.0
93008	397	0	5	0.985	173.8	869.0	0.6666666666666666
93009	21	0	5	0.045	19.0	95.0	0.0
93010	387	0	5	0.96	170.6	853.0	0.6666666666666666
93011	180	0	5	0.4425	74.0	370.0	0.6666666666666666
93012	163	0	5	0.4	71.6	358.0	0.6666666666666666
93013	287	0	5	0.71	218.2	1091.0	0.6666666666666666
93014	25	0	5	0.055	21.4	107.0	0.3333333333333333
93015	252	1	4	0.6275	202.6	1013.0	1.0
93016	317	0	5	0.785	209.4	1047.0	0.6666666666666666
93017	374	1	4	0.9325	206.8	1034.0	1.0
93018	331	0	5	0.82	232.2	1161.0	0.6666666666666666
93019	178	0	5	0.4375	127.4	637.0	0.0
93020	212	1	4	0.5275	189.8	949.0	1.0
93021	127	1	3	0.315	62.2	311.0	1.0
93022	78	0	5	0.1875	76.0	380.0	0.0
93023	210	0	5	0.5175	66.4	332.0	0.3333333333333333
93024	258	1	4	0.6425	236.2	1181.0	1.0
93025	104	0	5	0.2525	102.0	510.0	0.0
93026	82	0	5	0.1975	59.0	295.0	0.3333333333333333
93027	67	0	5	0.16	65.0	325.0	0.0
93028	29	0	5	0.065	27.0	135.0	0.0
93029	192	0	5	0.4725	38.4	192.0	0.0
93030	133	0	5	0.325	111.6	558.0	0.3333333333333333
93031	84	0	5	0.2025	76.8	384.0	0.6666666666666666
93032	242	0	5	0.5975	153.0	765.0	0.6666666666666666
93033	73	0	5	0.175	47.0	235.0	0.0
93034	56	0	5	0.1325	35.4	177.0	0.3333333333333333
93035	401	0	5	0.995	233.6	1168.0	0.6666666666666666
93036	327	0	5	0.81	214.2	1071.0	0.6666666666666666
93037	364	1	4	0.9075	192.2	961.0	1.0
93038	309	1	4	0.77	227.0	1135.0	1.0
93039	122	0	5	0.2975	40.4	202.0	0.6666666666666666
93040	269	0	5	0.665	193.0	965.0	0.6666666666666666
93041	40	0	5	0.0925	38.0	190.0	0.0
93042	163	0	5	0.4	147.8	739.0	0.3333333333333333
93043	78	0	5	0.1875	59.6	298.0	0.3333333333333333
93044	313	0	5	0.775	169.2	846.0	0.6666666666666666
93045	28	0	5	0.0625	26.0	130.0	0.0
93046	41	0	5	0.095	35.0	175.0	0.3333333333333333
93047	290	0	5	0.7175	236.6	1183.0	0.6666666666666666
93048	73	0	5	0.175	49.2	246.0	0.0
93049	359	0	5	0.89	217.4	1087.0	0.6666666666666666
93050	73	0	5	0.175	43.0	215.0	0.3333333333333333
93051	276	0	5	0.6825	230.0	1150.0	0.6666666666666666
93052	363	1	4	0.905	240.4	1202.0	1.0
93053	396	1	4	0.9875	315.2	1576.0	1.0
93054	115	0	5	0.28	101.6	508.0	0.0
93055	21	0	5	0.045	19.0	95.0	0.0
93056	264	0	5	0.6525	192.4	962.0	0.6666666666666666
93057	144	0	5	0.3525	74.8	374.0	0.3333333333333333
93058	346	0	5	0.8575	123.6	618.0	0.3333333333333333
93059	102	0	5	0.2475	34.4	172.0	0.3333333333333333
93060	343	0	5	0.85	162.0	810.0	0.6666666666666666
93061	311	1	4	0.775	231.4	1157.0	1.0
93062	200	0	5	0.4925	114.0	570.0	0.6666666666666666
93063	169	1	4	0.42	96.2	481.0	1.0
93064	208	0	5	0.5125	173.4	867.0	0.3333333333333333
93065	129	0	5	0.315	111.8	559.0	0.0
93066	196	0	5	0.4825	99.2	496.0	0.0
93067	76	0	5	0.1825	71.6	358.0	0.3333333333333333
93068	369	0	5	0.915	291.0	1455.0	0.6666666666666666
93069	297	0	5	0.735	152.2	761.0	0.3333333333333333
93070	172	0	5	0.4225	163.6	818.0	0.0
93071	146	0	5	0.3575	144.0	720.0	0.0
93072	12	0	5	0.0225	10.0	50.0	0.0
93073	93	0	5	0.225	42.2	211.0	0.3333333333333333
93074	387	1	4	0.965	235.6	1178.0	1.0
93075	321	0	5	0.795	238.2	1191.0	0.0
93076	302	1	4	0.7525	95.6	478.0	1.0
93077	339	0	5	0.84	183.6	918.0	0.6666666666666666
93078	388	0	5	0.9625	182.0	910.0	0.6666666666666666
93079	334	0	5	0.8275	177.2	886.0	0.6666666666666666
93080	256	0	5	0.6325	217.4	1087.0	0.3333333333333333
93081	379	0	5	0.94	345.4	1727.0	0.6666666666666666
93082	274	0	5	0.6775	160.8	804.0	0.3333333333333333
93083	136	0	5	0.3325	134.0	670.0	0.0
93084	392	0	5	0.9725	151.2	756.0	0.6666666666666666
93085	301	0	5	0.745	264.6	1323.0	0.3333333333333333
93086	146	0	5	0.3575	75.2	376.0	0.0
93087	180	0	5	0.4425	89.2	446.0	0.3333333333333333
93088	183	0	5	0.45	144.4	722.0	0.3333333333333333
93089	266	0	5	0.6575	108.6	543.0	0.6666666666666666
93090	102	0	5	0.2475	55.2	276.0	0.6666666666666666
93091	117	0	5	0.285	94.6	473.0	0.3333333333333333
93092	324	0	5	0.8025	252.6	1263.0	0.3333333333333333
93093	140	0	5	0.3425	30.6	153.0	0.3333333333333333
93094	375	0	5	0.93	256.6	1283.0	0.6666666666666666
93095	79	0	5	0.19	37.6	188.0	0.3333333333333333
93096	326	0	5	0.8075	112.4	562.0	0.6666666666666666
93097	38	0	5	0.0875	36.0	180.0	0.0
93098	80	0	5	0.1925	42.6	213.0	0.0
93099	157	0	5	0.385	117.6	588.0	0.0
93100	342	0	5	0.8475	286.0	1430.0	0.6666666666666666
93101	326	0	5	0.8075	250.6	1253.0	0.3333333333333333
93102	59	0	5	0.14	57.0	285.0	0.0
93103	265	0	5	0.655	215.0	1075.0	0.6666666666666666
93104	233	0	5	0.575	176.2	881.0	0.0
93105	221	0	5	0.545	176.6	883.0	0.6666666666666666
93106	356	0	5	0.8825	131.8	659.0	0.3333333333333333
93107	240	0	5	0.5925	139.6	698.0	0.3333333333333333
93108	218	0	5	0.5375	64.8	324.0	0.0
93109	179	0	5	0.44	154.0	770.0	0.3333333333333333
93110	321	0	5	0.795	272.0	1360.0	0.3333333333333333
93111	236	0	5	0.5825	218.4	1092.0	0.3333333333333333
93112	245	0	5	0.605	206.2	1031.0	0.0
93113	238	0	5	0.5875	112.4	562.0	0.0
93114	55	0	5	0.13	53.0	265.0	0.0
93115	355	0	5	0.88	210.8	1054.0	0.6666666666666666
93116	341	0	5	0.845	279.6	1398.0	0.6666666666666666
93117	354	0	5	0.8775	250.8	1254.0	0.6666666666666666
93118	260	0	5	0.6425	133.2	666.0	0.3333333333333333
93119	177	0	5	0.435	175.0	875.0	0.3333333333333333
93120	356	1	4	0.8875	213.6	1068.0	1.0
93121	203	0	5	0.5	157.0	785.0	0.3333333333333333
93122	212	0	5	0.5225	154.4	772.0	0.3333333333333333
93123	398	0	5	0.9875	229.8	1149.0	0.6666666666666666
93124	154	0	5	0.3775	143.2	716.0	0.3333333333333333
93125	304	0	5	0.7525	238.4	1192.0	0.6666666666666666
93126	111	0	5	0.27	91.4	457.0	0.3333333333333333
93127	77	0	5	0.185	74.2	371.0	0.3333333333333333
93128	380	0	5	0.9425	246.2	1231.0	0.6666666666666666
93129	218	0	5	0.5375	181.8	909.0	0.0
93130	161	0	5	0.395	128.2	641.0	0.3333333333333333
93131	120	0	5	0.2925	118.0	590.0	0.0
93132	160	0	5	0.3925	93.4	467.0	0.6666666666666666
93133	262	0	5	0.6475	115.6	578.0	0.6666666666666666
93134	324	1	4	0.8075	257.6	1288.0	1.0
93135	351	0	5	0.87	228.4	1142.0	0.6666666666666666
93136	118	0	5	0.2875	90.2	451.0	0.3333333333333333
93137	96	0	5	0.2325	89.2	446.0	0.0
93138	263	0	5	0.65	198.2	991.0	0.6666666666666666
93139	103	0	5	0.25	47.4	237.0	0.3333333333333333
93140	201	0	5	0.495	128.2	641.0	0.3333333333333333
93141	140	0	5	0.3425	102.8	514.0	0.3333333333333333
93142	130	0	5	0.3175	96.2	481.0	0.0
93143	57	0	5	0.135	52.4	262.0	0.0
93144	216	0	5	0.5325	117.4	587.0	0.3333333333333333
93145	69	0	5	0.165	67.0	335.0	0.0
93146	394	0	5	0.9775	267.6	1338.0	0.6666666666666666
93147	76	0	5	0.1825	74.0	370.0	0.0
93148	197	0	5	0.485	193.2	966.0	0.0
93149	299	1	3	0.745	129.2	646.0	1.0
93150	214	0	5	0.5275	163.8	819.0	0.3333333333333333
93151	70	0	5	0.1675	68.0	340.0	0.0
93152	112	0	5	0.2725	97.0	485.0	0.6666666666666666
93153	195	0	5	0.48	49.8	249.0	0.3333333333333333
93154	397	1	3	0.99	159.0	795.0	1.0
93155	82	0	5	0.1975	72.8	364.0	0.3333333333333333
93156	129	0	5	0.315	111.2	556.0	0.0
93157	156	0	5	0.3825	73.6	368.0	0.3333333333333333
93158	105	0	5	0.255	50.8	254.0	0.0
93159	307	0	5	0.76	260.4	1302.0	0.3333333333333333
93160	212	0	5	0.5225	210.0	1050.0	0.6666666666666666
93161	189	0	5	0.465	128.8	644.0	0.3333333333333333
93162	193	0	5	0.475	112.6	563.0	0.0
93163	286	1	4	0.7125	220.2	1101.0	1.0
93164	88	0	5	0.2125	66.2	331.0	0.3333333333333333
93165	88	0	5	0.2125	19.6	98.0	0.3333333333333333
93166	94	0	5	0.2275	92.0	460.0	0.0
93167	122	0	5	0.2975	67.2	336.0	0.3333333333333333
93168	264	0	5	0.6525	124.4	622.0	0.3333333333333333
93169	160	0	5	0.3925	106.0	530.0	0.3333333333333333
93170	3	0	5	0.0025	0.2	1.0	0.3333333333333333
93171	225	0	5	0.555	121.4	607.0	0.3333333333333333
93172	87	0	5	0.21	69.8	349.0	0.3333333333333333
93173	320	1	4	0.7975	265.4	1327.0	1.0
93174	303	0	5	0.75	139.0	695.0	0.3333333333333333
93175	292	0	5	0.7225	246.8	1234.0	0.6666666666666666
93176	248	0	5	0.6125	109.2	546.0	0.6666666666666666
93177	228	1	4	0.5675	138.4	692.0	1.0
93178	137	0	5	0.335	127.8	639.0	0.0
93179	304	0	5	0.7525	154.4	772.0	0.6666666666666666
93180	382	0	5	0.9475	160.8	804.0	0.6666666666666666
93181	175	0	5	0.43	173.0	865.0	0.0
93182	147	0	5	0.36	49.8	249.0	0.6666666666666666
93183	345	0	5	0.855	286.0	1430.0	0.3333333333333333
93184	148	0	5	0.3625	104.8	524.0	0.3333333333333333
93185	25	0	5	0.055	20.0	100.0	0.0
93186	165	0	5	0.405	110.6	553.0	0.3333333333333333
93187	400	1	4	0.9975	209.2	1046.0	1.0
93188	89	0	5	0.215	75.4	377.0	0.3333333333333333
93189	261	0	5	0.645	76.2	381.0	0.6666666666666666
93190	399	0	5	0.99	273.2	1366.0	0.6666666666666666
93191	81	0	5	0.195	31.0	155.0	0.3333333333333333
93192	216	0	5	0.5325	95.2	476.0	0.3333333333333333
93193	170	0	5	0.4175	168.0	840.0	0.0
93194	375	0	5	0.93	265.8	1329.0	0.3333333333333333
93195	323	0	5	0.8	105.2	526.0	0.3333333333333333
93196	313	0	5	0.775	76.8	384.0	0.3333333333333333
93197	111	0	5	0.27	44.0	220.0	0.0
93198	127	0	5	0.31	67.0	335.0	0.6666666666666666
93199	306	1	4	0.7625	64.4	322.0	1.0
93200	278	0	5	0.6875	81.6	408.0	0.3333333333333333
93201	371	0	5	0.92	163.2	816.0	0.6666666666666666
93202	96	0	5	0.2325	82.0	410.0	0.3333333333333333
93203	298	0	5	0.7375	267.6	1338.0	0.3333333333333333
93204	15	0	5	0.03	13.0	65.0	0.0
93205	198	0	5	0.4875	115.0	575.0	0.6666666666666666
93206	40	0	5	0.0925	38.0	190.0	0.0
93207	140	0	5	0.3425	113.0	565.0	0.3333333333333333
93208	268	0	5	0.6625	206.2	1031.0	0.3333333333333333
93209	9	0	5	0.015	7.0	35.0	0.0
93210	135	0	5	0.33	133.0	665.0	0.0
93211	191	0	5	0.47	81.8	409.0	0.0
93212	328	0	5	0.8125	151.8	759.0	0.3333333333333333
93213	103	0	5	0.25	101.0	505.0	0.0
93214	290	0	5	0.7175	184.2	921.0	0.6666666666666666
93215	298	1	4	0.7425	166.0	830.0	1.0
93216	372	0	5	0.9225	168.8	844.0	0.6666666666666666
93217	365	0	5	0.905	134.4	672.0	0.3333333333333333
93218	243	0	5	0.6	187.0	935.0	0.0
93219	185	0	5	0.455	65.4	327.0	0.3333333333333333
93220	351	0	5	0.87	284.6	1423.0	0.6666666666666666
93221	340	0	5	0.8425	322.8	1614.0	0.6666666666666666
93222	197	0	5	0.485	142.6	713.0	0.3333333333333333
93223	316	0	5	0.7825	185.0	925.0	0.6666666666666666
93224	227	0	5	0.56	181.6	908.0	0.3333333333333333
93225	340	1	4	0.8475	193.0	965.0	1.0
93226	177	0	5	0.435	175.0	875.0	0.0
93227	62	0	5	0.1475	16.0	80.0	0.3333333333333333
93228	383	0	5	0.95	80.2	401.0	0.6666666666666666
93229	87	0	5	0.21	46.6	233.0	0.3333333333333333
93230	118	0	5	0.2875	60.8	304.0	0.3333333333333333
93231	24	0	5	0.0525	22.0	110.0	0.0
93232	286	0	5	0.7075	213.0	1065.0	0.3333333333333333
93233	315	0	5	0.78	224.4	1122.0	0.6666666666666666
93234	107	0	5	0.26	90.2	451.0	0.3333333333333333
93235	244	0	5	0.6025	124.4	622.0	0.3333333333333333
93236	63	0	5	0.15	35.4	177.0	0.3333333333333333
93237	155	0	5	0.38	46.8	234.0	0.3333333333333333
93238	257	0	5	0.635	93.6	468.0	0.6666666666666666
93239	384	0	5	0.9525	155.6	778.0	0.6666666666666666
93240	97	0	5	0.235	84.2	421.0	0.0
93241	305	0	5	0.755	254.8	1274.0	0.3333333333333333
93242	356	0	5	0.8825	219.0	1095.0	0.3333333333333333
93243	396	0	5	0.9825	250.8	1254.0	0.6666666666666666
93244	164	0	5	0.4025	94.4	472.0	0.6666666666666666
93245	295	1	3	0.735	202.2	1011.0	1.0
93246	282	0	5	0.6975	78.0	390.0	0.6666666666666666
93247	253	0	5	0.625	149.2	746.0	0.0
93248	52	0	5	0.1225	50.0	250.0	0.0
93249	133	0	5	0.325	35.6	178.0	0.0
93250	219	0	5	0.54	148.6	743.0	0.3333333333333333
93251	63	0	5	0.15	61.0	305.0	0.0
93252	5	0	5	0.005	3.0	15.0	0.0
93253	132	0	5	0.3225	130.0	650.0	0.0
93254	123	0	5	0.3	84.4	422.0	0.0
93255	152	0	5	0.3725	85.8	429.0	0.0
93256	117	0	5	0.285	105.4	527.0	0.0
93257	52	0	5	0.1225	50.0	250.0	0.0
93258	253	0	5	0.625	94.2	471.0	0.6666666666666666
93259	273	0	5	0.675	187.0	935.0	0.6666666666666666
93260	219	0	5	0.54	186.8	934.0	0.6666666666666666
93261	109	0	5	0.265	84.6	423.0	0.0
93262	212	0	5	0.5225	210.0	1050.0	0.0
93263	253	0	5	0.625	148.6	743.0	0.3333333333333333
93264	236	0	5	0.5825	174.6	873.0	0.3333333333333333
93265	74	0	5	0.1775	69.6	348.0	0.0
93266	327	0	5	0.81	108.6	543.0	0.6666666666666666
93267	249	0	5	0.615	157.0	785.0	0.6666666666666666
93268	189	0	5	0.465	165.0	825.0	0.6666666666666666
93269	208	0	5	0.5125	166.0	830.0	0.3333333333333333
93270	159	0	5	0.39	97.4	487.0	0.6666666666666666
93271	34	0	5	0.0775	32.0	160.0	0.0
93272	282	0	5	0.6975	195.4	977.0	0.6666666666666666
93273	47	0	5	0.11	45.0	225.0	0.0
93274	82	0	5	0.1975	52.8	264.0	0.0
93275	30	0	5	0.0675	28.0	140.0	0.0
93276	401	0	5	0.995	109.4	547.0	0.6666666666666666
93277	244	0	5	0.6025	179.2	896.0	0.3333333333333333
93278	122	0	5	0.2975	82.0	410.0	0.3333333333333333
93279	280	0	5	0.6925	165.2	826.0	0.6666666666666666
93280	225	1	4	0.56	150.6	753.0	1.0
93281	245	0	5	0.605	87.0	435.0	0.3333333333333333
93282	231	0	5	0.57	132.2	661.0	0.6666666666666666
93283	235	0	5	0.58	49.0	245.0	0.0
93284	249	0	5	0.615	173.8	869.0	0.3333333333333333
93285	254	0	5	0.6275	126.6	633.0	0.3333333333333333
93286	166	0	5	0.4075	104.8	524.0	0.0
93287	396	0	5	0.9825	105.8	529.0	0.6666666666666666
93288	267	0	5	0.66	244.6	1223.0	0.0
93289	361	1	4	0.9	141.6	708.0	1.0
93290	176	0	5	0.4325	107.2	536.0	0.3333333333333333
93291	63	0	5	0.15	57.8	289.0	0.3333333333333333
93292	349	0	5	0.865	258.8	1294.0	0.3333333333333333
93293	14	0	5	0.0275	12.0	60.0	0.0
93294	19	0	5	0.04	17.0	85.0	0.0
93295	331	0	5	0.82	80.0	400.0	0.6666666666666666
93296	173	0	5	0.425	129.0	645.0	0.6666666666666666
93297	365	0	5	0.905	171.2	856.0	0.6666666666666666
93298	16	0	5	0.0325	14.0	70.0	0.0
93299	312	1	3	0.7775	142.8	714.0	1.0
93300	82	0	5	0.1975	20.8	104.0	0.3333333333333333
93301	48	0	5	0.1125	42.2	211.0	0.3333333333333333
93302	164	0	5	0.4025	130.0	650.0	0.3333333333333333
93303	201	0	5	0.495	143.0	715.0	0.3333333333333333
93304	390	0	5	0.9675	258.2	1291.0	0.6666666666666666
93305	237	0	5	0.585	159.0	795.0	0.6666666666666666
93306	156	0	5	0.3825	138.8	694.0	0.3333333333333333
93307	309	1	4	0.77	185.6	928.0	1.0
93308	255	0	5	0.63	146.4	732.0	0.3333333333333333
93309	105	0	5	0.255	53.4	267.0	0.6666666666666666
93310	254	0	5	0.6275	252.0	1260.0	0.0
93311	228	0	5	0.5625	137.6	688.0	0.3333333333333333
93312	300	0	5	0.7425	208.2	1041.0	0.6666666666666666
93313	368	0	5	0.9125	175.8	879.0	0.6666666666666666
93314	160	0	5	0.3925	134.2	671.0	0.3333333333333333
93315	116	0	5	0.2825	114.0	570.0	0.0
93316	159	1	4	0.395	69.4	347.0	1.0
93317	109	0	5	0.265	87.8	439.0	0.3333333333333333
93318	54	0	5	0.1275	48.8	244.0	0.3333333333333333
93319	155	0	5	0.38	78.2	391.0	0.3333333333333333
93320	324	0	5	0.8025	272.4	1362.0	0.6666666666666666
93321	267	0	5	0.66	239.0	1195.0	0.6666666666666666
93322	132	0	5	0.3225	124.4	622.0	0.3333333333333333
93323	147	0	5	0.36	106.6	533.0	0.0
93324	307	0	5	0.76	189.0	945.0	0.3333333333333333
93325	307	1	4	0.765	143.4	717.0	1.0
93326	336	1	4	0.8375	96.8	484.0	1.0
93327	353	1	4	0.88	73.8	369.0	1.0
93328	341	0	5	0.845	174.0	870.0	0.3333333333333333
93329	222	0	5	0.5475	76.8	384.0	0.3333333333333333
93330	166	0	5	0.4075	134.8	674.0	0.6666666666666666
93331	95	0	5	0.23	61.0	305.0	0.0
93332	137	0	5	0.335	135.0	675.0	0.0
93333	388	1	4	0.9675	208.8	1044.0	1.0
93334	300	0	5	0.7425	175.0	875.0	0.3333333333333333
93335	272	0	5	0.6725	226.8	1134.0	0.6666666666666666
93336	183	0	5	0.45	181.0	905.0	0.0
93337	289	0	5	0.715	170.6	853.0	0.6666666666666666
93338	340	1	4	0.8475	111.2	556.0	1.0
93339	111	0	5	0.27	109.0	545.0	0.0
93340	284	0	5	0.7025	170.4	852.0	0.3333333333333333
93341	173	0	5	0.425	93.6	468.0	0.0
93342	271	0	5	0.67	241.2	1206.0	0.3333333333333333
93343	366	0	5	0.9075	169.2	846.0	0.6666666666666666
93344	136	0	5	0.3325	55.6	278.0	0.6666666666666666
93345	211	0	5	0.52	127.0	635.0	0.3333333333333333
93346	279	0	5	0.69	81.0	405.0	0.3333333333333333
93347	87	0	5	0.21	82.6	413.0	0.3333333333333333
93348	196	0	5	0.4825	118.8	594.0	0.0
93349	322	0	5	0.7975	117.6	588.0	0.6666666666666666
93350	102	0	5	0.2475	75.2	376.0	0.3333333333333333
93351	210	0	5	0.5175	206.8	1034.0	0.0
93352	189	1	4	0.47	115.2	576.0	1.0
93353	292	0	5	0.7225	122.0	610.0	0.6666666666666666
93354	73	0	5	0.175	30.0	150.0	0.3333333333333333
93355	370	1	4	0.9225	120.4	602.0	1.0
93356	125	0	5	0.305	32.6	163.0	0.3333333333333333
93357	280	1	4	0.6975	93.2	466.0	1.0
93358	254	0	5	0.6275	72.8	364.0	0.3333333333333333
93359	70	0	5	0.1675	62.4	312.0	0.0
93360	169	0	5	0.415	162.8	814.0	0.0
93361	24	0	5	0.0525	22.0	110.0	0.0
93362	198	0	5	0.4875	141.2	706.0	0.6666666666666666
93363	160	0	5	0.3925	110.4	552.0	0.6666666666666666
93364	258	0	5	0.6375	154.2	771.0	0.3333333333333333
93365	180	0	5	0.4425	59.6	298.0	0.3333333333333333
93366	14	0	5	0.0275	12.0	60.0	0.0
93367	182	0	5	0.4475	123.4	617.0	0.3333333333333333
93368	317	1	4	0.79	150.2	751.0	1.0
93369	297	0	5	0.735	103.0	515.0	0.6666666666666666
93370	338	0	5	0.8375	235.4	1177.0	0.6666666666666666
93371	100	1	4	0.2475	64.0	320.0	1.0
93372	371	0	5	0.92	133.0	665.0	0.6666666666666666
93373	203	0	5	0.5	162.6	813.0	0.3333333333333333
93374	328	0	5	0.8125	132.6	663.0	0.6666666666666666
93375	107	0	5	0.26	69.4	347.0	0.6666666666666666
93376	126	0	5	0.3075	49.6	248.0	0.3333333333333333
93377	213	0	5	0.525	175.8	879.0	0.3333333333333333
93378	210	0	5	0.5175	134.2	671.0	0.3333333333333333
93379	214	0	5	0.5275	212.0	1060.0	0.0
93380	286	0	5	0.7075	249.6	1248.0	0.6666666666666666
93381	247	0	5	0.61	60.2	301.0	0.3333333333333333
93382	269	0	5	0.665	137.4	687.0	0.6666666666666666
93383	61	0	5	0.145	39.0	195.0	0.0
93384	232	0	5	0.5725	82.8	414.0	0.3333333333333333
93385	68	0	5	0.1625	51.6	258.0	0.3333333333333333
93386	36	0	5	0.0825	34.0	170.0	0.0
93387	204	0	5	0.5025	200.2	1001.0	0.3333333333333333
93388	332	0	5	0.8225	199.2	996.0	0.6666666666666666
93389	26	0	5	0.0575	24.0	120.0	0.0
93390	148	1	4	0.3675	42.4	212.0	1.0
93391	137	0	5	0.335	65.4	327.0	0.3333333333333333
93392	251	0	5	0.62	133.8	669.0	0.6666666666666666
93393	345	0	5	0.855	152.8	764.0	0.6666666666666666
93394	75	0	5	0.18	55.0	275.0	0.6666666666666666
93395	264	0	5	0.6525	98.4	492.0	0.3333333333333333
93396	230	0	5	0.5675	133.2	666.0	0.3333333333333333
93397	112	0	5	0.2725	95.6	478.0	0.3333333333333333
93398	143	0	5	0.35	69.2	346.0	0.3333333333333333
93399	107	0	5	0.26	83.4	417.0	0.3333333333333333
93400	383	0	5	0.95	298.2	1491.0	0.3333333333333333
93401	269	0	5	0.665	142.4	712.0	0.6666666666666666
93402	33	0	5	0.075	20.2	101.0	0.0
93403	399	0	5	0.99	304.6	1523.0	0.6666666666666666
93404	115	0	5	0.28	96.2	481.0	0.3333333333333333
93405	379	1	4	0.945	233.8	1169.0	1.0
93406	210	0	5	0.5175	144.8	724.0	0.0
93407	269	1	4	0.67	154.2	771.0	1.0
93408	213	0	5	0.525	114.2	571.0	0.3333333333333333
93409	326	0	5	0.8075	265.2	1326.0	0.3333333333333333
93410	213	0	5	0.525	173.2	866.0	0.3333333333333333
93411	332	0	5	0.8225	196.0	980.0	0.0
93412	245	1	4	0.61	135.2	676.0	1.0
93413	212	0	5	0.5225	83.8	419.0	0.6666666666666666
93414	283	0	5	0.7	150.4	752.0	0.3333333333333333
93415	308	0	5	0.7625	86.0	430.0	0.3333333333333333
93416	56	0	5	0.1325	44.4	222.0	0.0
93417	255	1	4	0.635	171.8	859.0	1.0
93418	251	0	5	0.62	129.2	646.0	0.6666666666666666
93419	232	1	4	0.5775	91.0	455.0	1.0
93420	183	0	5	0.45	173.0	865.0	0.0
93421	164	0	5	0.4025	128.4	642.0	0.3333333333333333
93422	358	1	4	0.8925	129.2	646.0	1.0
93423	185	0	5	0.455	168.4	842.0	0.3333333333333333
93424	389	0	5	0.965	244.6	1223.0	0.6666666666666666
93425	265	0	5	0.655	203.4	1017.0	0.3333333333333333
93426	320	0	5	0.7925	220.4	1102.0	0.6666666666666666
93427	93	0	5	0.225	91.0	455.0	0.3333333333333333
93428	85	0	5	0.205	83.0	415.0	0.0
93429	355	0	5	0.88	189.6	948.0	0.6666666666666666
93430	110	0	5	0.2675	79.6	398.0	0.0
93431	264	0	5	0.6525	174.8	874.0	0.6666666666666666
93432	205	0	5	0.505	115.8	579.0	0.3333333333333333
93433	189	0	5	0.465	127.6	638.0	0.3333333333333333
93434	344	0	5	0.8525	132.8	664.0	0.6666666666666666
93435	10	0	5	0.0175	8.0	40.0	0.0
93436	354	1	4	0.8825	201.0	1005.0	1.0
93437	385	0	5	0.955	246.0	1230.0	0.6666666666666666
93438	279	0	5	0.69	93.8	469.0	0.3333333333333333
93439	387	0	5	0.96	152.8	764.0	0.6666666666666666
93440	310	1	4	0.7725	146.6	733.0	1.0
93441	261	0	5	0.645	234.8	1174.0	0.3333333333333333
93442	10	0	5	0.0175	8.0	40.0	0.0
93443	80	0	5	0.1925	78.0	390.0	0.0
93444	319	0	5	0.79	191.0	955.0	0.3333333333333333
93445	294	0	5	0.7275	92.2	461.0	0.6666666666666666
93446	82	0	5	0.1975	80.0	400.0	0.0
93447	20	0	5	0.0425	18.0	90.0	0.0
93448	282	0	5	0.6975	216.0	1080.0	0.3333333333333333
93449	228	1	4	0.5675	124.0	620.0	1.0
93450	246	0	5	0.6075	157.0	785.0	0.3333333333333333
93451	383	0	5	0.95	157.4	787.0	0.6666666666666666
93452	343	0	5	0.85	182.2	911.0	0.3333333333333333
93453	71	0	5	0.17	69.0	345.0	0.0
93454	194	0	5	0.4775	191.6	958.0	0.0
93455	127	0	5	0.31	76.2	381.0	0.3333333333333333
93456	366	0	5	0.9075	230.4	1152.0	0.6666666666666666
93457	11	0	5	0.02	9.0	45.0	0.0
93458	141	0	5	0.345	139.0	695.0	0.0
93459	381	1	4	0.95	106.6	533.0	1.0
93460	89	0	5	0.215	87.0	435.0	0.0
93461	227	0	5	0.56	126.6	633.0	0.0
93462	357	0	5	0.885	266.0	1330.0	0.3333333333333333
93463	138	0	5	0.3375	125.6	628.0	0.3333333333333333
93464	66	0	5	0.1575	64.0	320.0	0.0
93465	177	0	5	0.435	101.0	505.0	0.3333333333333333
93466	124	0	5	0.3025	107.6	538.0	0.0
93467	189	0	5	0.465	166.8	834.0	0.3333333333333333
93468	391	0	5	0.97	224.2	1121.0	0.6666666666666666
93469	70	0	5	0.1675	48.8	244.0	0.0
93470	243	0	5	0.6	199.2	996.0	0.3333333333333333
93471	385	0	5	0.955	156.4	782.0	0.6666666666666666
93472	276	0	5	0.6825	244.6	1223.0	0.3333333333333333
93473	264	0	5	0.6525	79.6	398.0	0.6666666666666666
93474	199	0	5	0.49	157.4	787.0	0.6666666666666666
93475	292	0	5	0.7225	107.4	537.0	0.6666666666666666
93476	122	0	5	0.2975	120.0	600.0	0.0
93477	343	0	5	0.85	185.4	927.0	0.6666666666666666
93478	125	0	5	0.305	57.0	285.0	0.3333333333333333
93479	357	0	5	0.885	282.6	1413.0	0.3333333333333333
93480	325	1	4	0.81	273.0	1365.0	1.0
93481	279	0	5	0.69	191.0	955.0	0.6666666666666666
93482	217	0	5	0.535	210.6	1053.0	0.3333333333333333
93483	174	0	5	0.4275	144.8	724.0	0.3333333333333333
93484	35	0	5	0.08	32.2	161.0	0.3333333333333333
93485	270	0	5	0.6675	128.6	643.0	0.3333333333333333
93486	115	0	5	0.28	113.0	565.0	0.3333333333333333
93487	342	0	5	0.8475	310.0	1550.0	0.6666666666666666
93488	211	0	5	0.52	109.4	547.0	0.6666666666666666
93489	262	0	5	0.6475	197.8	989.0	0.3333333333333333
93490	144	0	5	0.3525	86.4	432.0	0.3333333333333333
93491	285	0	5	0.705	163.8	819.0	0.3333333333333333
93492	127	0	5	0.31	116.4	582.0	0.3333333333333333
93493	293	0	5	0.725	217.8	1089.0	0.6666666666666666
93494	172	0	5	0.4225	155.6	778.0	0.3333333333333333
93495	189	0	5	0.465	77.0	385.0	0.0
93496	194	0	5	0.4775	176.0	880.0	0.3333333333333333
93497	96	0	5	0.2325	88.6	443.0	0.0
93498	190	0	5	0.4675	84.2	421.0	0.0
93499	330	0	5	0.8175	162.8	814.0	0.6666666666666666
93500	47	0	5	0.11	45.0	225.0	0.0
93501	53	0	5	0.125	41.4	207.0	0.0
93502	392	1	4	0.9775	286.8	1434.0	1.0
93503	31	0	5	0.07	19.8	99.0	0.0
93504	357	0	5	0.885	240.2	1201.0	0.6666666666666666
93505	291	0	5	0.72	219.6	1098.0	0.3333333333333333
93506	370	0	5	0.9175	205.6	1028.0	0.6666666666666666
93507	70	0	5	0.1675	66.6	333.0	0.0
93508	201	0	5	0.495	149.8	749.0	0.6666666666666666
93509	328	0	5	0.8125	179.2	896.0	0.6666666666666666
93510	65	0	5	0.155	51.2	256.0	0.3333333333333333
93511	32	0	5	0.0725	27.4	137.0	0.3333333333333333
93512	221	0	5	0.545	219.0	1095.0	0.0
93513	150	0	5	0.3675	148.0	740.0	0.0
93514	235	0	5	0.58	109.6	548.0	0.3333333333333333
93515	67	0	5	0.16	43.4	217.0	0.3333333333333333
93516	245	0	5	0.605	150.2	751.0	0.3333333333333333
93517	383	0	5	0.95	205.4	1027.0	0.6666666666666666
93518	132	0	5	0.3225	102.2	511.0	0.3333333333333333
93519	84	0	5	0.2025	71.0	355.0	0.3333333333333333
93520	391	1	4	0.975	199.2	996.0	1.0
93521	298	0	5	0.7375	258.4	1292.0	0.3333333333333333
93522	46	0	5	0.1075	44.0	220.0	0.0
93523	107	0	5	0.26	87.6	438.0	0.0
93524	189	0	5	0.465	173.4	867.0	0.6666666666666666
93525	19	0	5	0.04	17.0	85.0	0.0
93526	145	0	5	0.355	89.0	445.0	0.0
93527	281	1	4	0.7	100.0	500.0	1.0
93528	169	0	5	0.415	165.4	827.0	0.6666666666666666
93529	114	0	5	0.2775	105.2	526.0	0.0
93530	265	0	5	0.655	113.6	568.0	0.0
93531	126	0	5	0.3075	108.0	540.0	0.0
93532	323	0	5	0.8	241.0	1205.0	0.6666666666666666
93533	146	0	5	0.3575	135.0	675.0	0.3333333333333333
93534	315	1	4	0.785	260.2	1301.0	1.0
93535	102	0	5	0.2475	85.2	426.0	0.0
93536	373	0	5	0.925	251.6	1258.0	0.6666666666666666
93537	127	0	5	0.31	103.4	517.0	0.3333333333333333
93538	290	0	5	0.7175	219.6	1098.0	0.3333333333333333
93539	200	0	5	0.4925	198.0	990.0	0.0
93540	40	0	5	0.0925	38.0	190.0	0.0
93541	383	1	4	0.955	94.2	471.0	1.0
93542	72	0	5	0.1725	33.2	166.0	0.3333333333333333
93543	328	0	5	0.8125	215.6	1078.0	0.3333333333333333
93544	361	0	5	0.895	211.8	1059.0	0.6666666666666666
93545	266	0	5	0.6575	170.2	851.0	0.6666666666666666
93546	231	0	5	0.57	199.8	999.0	0.3333333333333333
93547	85	0	5	0.205	83.0	415.0	0.0
93548	124	0	5	0.3025	68.8	344.0	0.3333333333333333
93549	133	0	5	0.325	125.2	626.0	0.0
93550	277	0	5	0.685	233.0	1165.0	0.3333333333333333
93551	401	0	4	0.9975	186.8	934.0	0.6666666666666666
93552	101	0	5	0.245	86.6	433.0	0.3333333333333333
93553	115	0	5	0.28	106.6	533.0	0.3333333333333333
93554	277	0	5	0.685	89.2	446.0	0.6666666666666666
93555	258	0	5	0.6375	240.4	1202.0	0.0
93556	367	0	5	0.91	147.2	736.0	0.6666666666666666
93557	70	0	5	0.1675	52.0	260.0	0.0
93558	128	0	5	0.3125	126.0	630.0	0.0
93559	167	0	5	0.41	83.4	417.0	0.6666666666666666
93560	362	0	5	0.8975	135.2	676.0	0.6666666666666666
93561	2	0	5	0.0	0.0	0.0	0.0
93562	257	0	5	0.635	122.4	612.0	0.6666666666666666
93563	17	0	5	0.035	14.0	70.0	0.0
93564	200	0	5	0.4925	160.4	802.0	0.0
93565	74	0	5	0.1775	62.2	311.0	0.0
93566	168	0	5	0.4125	160.8	804.0	0.0
93567	131	0	5	0.32	99.0	495.0	0.3333333333333333
93568	166	0	5	0.4075	46.0	230.0	0.6666666666666666
93569	124	0	5	0.3025	122.0	610.0	0.0
93570	52	0	5	0.1225	50.0	250.0	0.0
93571	215	0	5	0.53	173.0	865.0	0.6666666666666666
93572	306	0	5	0.7575	238.2	1191.0	0.3333333333333333
93573	180	0	5	0.4425	83.2	416.0	0.3333333333333333
93574	205	0	5	0.505	139.8	699.0	0.6666666666666666
93575	16	0	5	0.0325	14.0	70.0	0.0
93576	293	0	5	0.725	199.6	998.0	0.6666666666666666
93577	359	0	5	0.89	85.0	425.0	0.6666666666666666
93578	295	0	5	0.73	171.4	857.0	0.6666666666666666
93579	392	1	4	0.9775	83.2	416.0	1.0
93580	398	0	5	0.9875	154.4	772.0	0.6666666666666666
93581	332	0	5	0.8225	99.6	498.0	0.6666666666666666
93582	197	0	5	0.485	139.2	696.0	0.3333333333333333
93583	303	1	4	0.755	253.4	1267.0	1.0
93584	241	0	5	0.595	179.2	896.0	0.6666666666666666
93585	78	0	5	0.1875	76.0	380.0	0.0
93586	68	0	5	0.1625	66.0	330.0	0.0
93587	142	0	5	0.3475	140.0	700.0	0.0
93588	132	0	5	0.3225	72.4	362.0	0.3333333333333333
93589	377	0	5	0.935	122.6	613.0	0.6666666666666666
93590	273	1	4	0.68	259.6	1298.0	1.0
93591	20	0	5	0.0425	18.0	90.0	0.0
93592	222	0	5	0.5475	184.0	920.0	0.3333333333333333
93593	284	0	5	0.7025	160.8	804.0	0.6666666666666666
93594	375	0	5	0.93	238.0	1190.0	0.6666666666666666
93595	141	0	5	0.345	105.8	529.0	0.0
93596	243	0	5	0.6	215.4	1077.0	0.3333333333333333
93597	268	0	5	0.6625	240.4	1202.0	0.0
93598	274	0	5	0.6775	235.2	1176.0	0.6666666666666666
93599	343	1	3	0.855	158.2	791.0	1.0
93600	387	0	5	0.96	326.2	1631.0	0.6666666666666666
93601	229	0	5	0.565	201.8	1009.0	0.0
93602	305	0	5	0.755	241.0	1205.0	0.3333333333333333
93603	281	1	4	0.7	117.8	589.0	1.0
93604	170	0	5	0.4175	168.0	840.0	0.0
93605	352	0	5	0.8725	236.0	1180.0	0.3333333333333333
93606	141	0	5	0.345	88.6	443.0	0.3333333333333333
93607	193	0	5	0.475	79.2	396.0	0.3333333333333333
93608	109	0	5	0.265	107.0	535.0	0.0
93609	283	0	5	0.7	124.4	622.0	0.6666666666666666
93610	203	0	5	0.5	58.6	293.0	0.6666666666666666
93611	239	0	5	0.59	174.2	871.0	0.3333333333333333
93612	201	0	5	0.495	135.2	676.0	0.3333333333333333
93613	266	0	5	0.6575	156.0	780.0	0.6666666666666666
93614	203	0	5	0.5	143.0	715.0	0.6666666666666666
93615	107	0	5	0.26	68.2	341.0	0.3333333333333333
93616	46	0	5	0.1075	44.0	220.0	0.0
93617	265	0	5	0.655	245.0	1225.0	0.6666666666666666
93618	70	0	5	0.1675	55.2	276.0	0.3333333333333333
93619	213	0	5	0.525	169.8	849.0	0.3333333333333333
93620	147	0	5	0.36	107.8	539.0	0.3333333333333333
93621	60	0	5	0.1425	52.2	261.0	0.0
93622	300	0	5	0.7425	111.0	555.0	0.6666666666666666
93623	312	0	5	0.7725	165.8	829.0	0.3333333333333333
93624	83	0	5	0.2	64.2	321.0	0.0
93625	121	0	5	0.295	69.2	346.0	0.6666666666666666
93626	14	0	5	0.0275	12.0	60.0	0.0
93627	172	0	5	0.4225	142.8	714.0	0.3333333333333333
93628	329	0	5	0.815	279.8	1399.0	0.6666666666666666
93629	130	0	5	0.3175	128.0	640.0	0.0
93630	78	0	5	0.1875	76.0	380.0	0.0
93631	197	0	5	0.485	125.8	629.0	0.6666666666666666
93632	386	0	5	0.9575	273.0	1365.0	0.6666666666666666
93633	268	0	5	0.6625	231.2	1156.0	0.3333333333333333
93634	97	0	5	0.235	95.0	475.0	0.0
93635	141	0	5	0.345	139.0	695.0	0.0
93636	59	0	5	0.14	57.0	285.0	0.0
93637	166	0	5	0.4075	96.0	480.0	0.6666666666666666
93638	145	0	5	0.355	59.0	295.0	0.6666666666666666
93639	359	0	5	0.89	296.2	1481.0	0.6666666666666666
93640	393	0	5	0.975	259.6	1298.0	0.6666666666666666
93641	124	0	5	0.3025	80.0	400.0	0.3333333333333333
93642	103	0	5	0.25	86.4	432.0	0.3333333333333333
93643	188	0	5	0.4625	169.2	846.0	0.3333333333333333
93644	110	0	5	0.2675	79.8	399.0	0.0
93645	243	0	5	0.6	199.0	995.0	0.3333333333333333
93646	368	0	5	0.9125	155.4	777.0	0.6666666666666666
93647	72	0	5	0.1725	40.2	201.0	0.6666666666666666
93648	278	0	5	0.6875	171.0	855.0	0.3333333333333333
93649	165	0	5	0.405	103.2	516.0	0.3333333333333333
93650	207	0	5	0.51	174.0	870.0	0.3333333333333333
93651	254	0	5	0.6275	127.8	639.0	0.6666666666666666
93652	122	0	5	0.2975	62.8	314.0	0.6666666666666666
93653	240	0	5	0.5925	166.6	833.0	0.3333333333333333
93654	244	0	5	0.6025	231.6	1158.0	0.0
93655	219	0	5	0.54	178.2	891.0	0.3333333333333333
93656	305	0	5	0.755	137.4	687.0	0.3333333333333333
93657	185	0	5	0.455	95.4	477.0	0.6666666666666666
93658	137	0	5	0.335	135.0	675.0	0.0
93659	305	0	5	0.755	160.0	800.0	0.3333333333333333
93660	39	0	5	0.09	37.0	185.0	0.0
93661	203	0	5	0.5	143.2	716.0	0.3333333333333333
93662	178	0	5	0.4375	142.4	712.0	0.0
93663	72	0	5	0.1725	67.2	336.0	0.0
93664	126	0	5	0.3075	53.2	266.0	0.3333333333333333
93665	304	0	5	0.7525	149.8	749.0	0.3333333333333333
93666	131	0	5	0.32	81.4	407.0	0.3333333333333333
93667	208	0	5	0.5125	121.6	608.0	0.3333333333333333
93668	344	0	5	0.8525	221.6	1108.0	0.6666666666666666
93669	306	0	5	0.7575	122.2	611.0	0.6666666666666666
93670	391	1	4	0.975	189.2	946.0	1.0
93671	193	0	5	0.475	41.4	207.0	0.0
93672	33	0	5	0.075	27.0	135.0	0.0
93673	45	0	5	0.105	43.0	215.0	0.0
93674	365	0	5	0.905	176.0	880.0	0.6666666666666666
93675	251	0	5	0.62	79.4	397.0	0.3333333333333333
93676	320	0	5	0.7925	219.6	1098.0	0.3333333333333333
93677	115	0	5	0.28	86.6	433.0	0.3333333333333333
93678	223	1	4	0.555	162.2	811.0	1.0
93679	276	0	5	0.6825	148.4	742.0	0.6666666666666666
93680	220	0	5	0.5425	128.6	643.0	0.6666666666666666
93681	49	0	5	0.115	47.0	235.0	0.0
93682	242	0	5	0.5975	67.0	335.0	0.3333333333333333
93683	150	0	5	0.3675	148.0	740.0	0.0
93684	157	0	5	0.385	108.2	541.0	0.3333333333333333
93685	94	0	5	0.2275	70.4	352.0	0.3333333333333333
93686	132	0	5	0.3225	130.0	650.0	0.0
93687	336	0	5	0.8325	79.6	398.0	0.6666666666666666
93688	260	1	4	0.6475	146.4	732.0	1.0
93689	7	0	5	0.01	5.0	25.0	0.0
93690	277	0	5	0.685	255.4	1277.0	0.3333333333333333
93691	210	1	4	0.5225	140.2	701.0	1.0
93692	303	0	5	0.75	128.8	644.0	0.6666666666666666
93693	99	0	5	0.24	59.0	295.0	0.0
93694	201	0	5	0.495	90.6	453.0	0.6666666666666666
93695	247	0	5	0.61	210.6	1053.0	0.6666666666666666
93696	333	0	5	0.825	171.2	856.0	0.3333333333333333
93697	381	1	4	0.95	189.8	949.0	1.0
93698	322	0	5	0.7975	278.4	1392.0	0.0
93699	232	1	4	0.5775	121.2	606.0	1.0
93700	244	0	5	0.6025	155.4	777.0	0.6666666666666666
93701	367	0	5	0.91	231.4	1157.0	0.6666666666666666
93702	192	0	5	0.4725	56.4	282.0	0.3333333333333333
93703	349	0	5	0.865	251.2	1256.0	0.6666666666666666
93704	233	1	4	0.58	148.6	743.0	1.0
93705	12	0	5	0.0225	10.0	50.0	0.0
93706	298	0	5	0.7375	193.2	966.0	0.3333333333333333
93707	388	0	5	0.9625	224.6	1123.0	0.6666666666666666
93708	15	0	5	0.03	13.0	65.0	0.0
93709	349	0	5	0.865	277.6	1388.0	0.6666666666666666
93710	268	0	5	0.6625	151.0	755.0	0.0
93711	349	0	5	0.865	121.8	609.0	0.6666666666666666
93712	71	0	5	0.17	69.0	345.0	0.0
93713	387	0	5	0.96	225.6	1128.0	0.6666666666666666
93714	7	0	5	0.01	5.0	25.0	0.0
93715	232	0	5	0.5725	75.4	377.0	0.6666666666666666
93716	48	0	5	0.1125	46.0	230.0	0.0
93717	224	0	5	0.5525	60.4	302.0	0.6666666666666666
93718	298	1	4	0.7425	140.6	703.0	1.0
93719	262	0	5	0.6475	124.4	622.0	0.3333333333333333
93720	123	0	5	0.3	83.8	419.0	0.0
93721	58	0	5	0.1375	46.2	231.0	0.3333333333333333
93722	17	0	5	0.035	15.0	75.0	0.0
93723	84	0	5	0.2025	82.0	410.0	0.0
93724	294	1	4	0.7325	140.8	704.0	1.0
93725	351	1	4	0.875	255.2	1276.0	1.0
93726	193	0	5	0.475	144.8	724.0	0.3333333333333333
93727	130	0	5	0.3175	96.4	482.0	0.0
93728	98	0	5	0.2375	68.0	340.0	0.6666666666666666
93729	303	0	5	0.75	92.2	461.0	0.3333333333333333
93730	275	0	5	0.68	246.4	1232.0	0.0
93731	31	0	5	0.07	29.0	145.0	0.0
93732	313	0	5	0.775	228.2	1141.0	0.6666666666666666
93733	157	0	5	0.385	124.2	621.0	0.0
93734	146	0	5	0.3575	114.0	570.0	0.3333333333333333
93735	217	0	5	0.535	123.0	615.0	0.3333333333333333
93736	217	1	4	0.54	161.4	807.0	1.0
93737	23	0	5	0.05	21.0	105.0	0.0
93738	94	0	5	0.2275	28.8	144.0	0.3333333333333333
93739	387	0	5	0.96	199.8	999.0	0.6666666666666666
93740	340	1	4	0.8475	126.0	630.0	1.0
93741	295	0	5	0.73	163.2	816.0	0.3333333333333333
93742	323	0	5	0.8	105.6	528.0	0.6666666666666666
93743	314	0	5	0.7775	226.2	1131.0	0.3333333333333333
93744	170	0	5	0.4175	151.2	756.0	0.3333333333333333
93745	100	0	5	0.2425	98.0	490.0	0.0
93746	101	0	5	0.245	87.8	439.0	0.3333333333333333
93747	305	0	5	0.755	156.4	782.0	0.6666666666666666
93748	193	0	5	0.475	191.0	955.0	0.0
93749	103	0	5	0.25	94.4	472.0	0.3333333333333333
93750	252	1	4	0.6275	74.4	372.0	1.0
93751	233	1	4	0.58	162.0	810.0	1.0
93752	355	0	5	0.88	195.8	979.0	0.3333333333333333
93753	254	1	4	0.6325	138.6	693.0	1.0
93754	136	0	5	0.3325	114.8	574.0	0.3333333333333333
93755	388	1	4	0.9675	199.2	996.0	1.0
93756	340	0	5	0.8425	319.0	1595.0	0.3333333333333333
93757	179	0	5	0.44	150.2	751.0	0.3333333333333333
93758	232	0	5	0.5725	162.8	814.0	0.6666666666666666
93759	360	0	5	0.8925	316.4	1582.0	0.0
93760	255	0	5	0.63	145.6	728.0	0.6666666666666666
93761	138	0	5	0.3375	65.4	327.0	0.3333333333333333
93762	113	0	5	0.275	97.0	485.0	0.3333333333333333
93763	303	1	3	0.755	124.2	621.0	1.0
93764	269	1	4	0.67	75.4	377.0	1.0
93765	188	0	5	0.4625	186.0	930.0	0.0
93766	9	0	5	0.015	7.0	35.0	0.0
93767	298	0	5	0.7375	132.4	662.0	0.6666666666666666
93768	212	0	5	0.5225	127.8	639.0	0.6666666666666666
93769	35	0	5	0.08	33.0	165.0	0.0
93770	125	0	5	0.305	123.0	615.0	0.0
93771	70	0	5	0.1675	68.0	340.0	0.0
93772	223	0	5	0.55	187.2	936.0	0.3333333333333333
93773	373	0	5	0.925	105.4	527.0	0.6666666666666666
93774	272	0	5	0.6725	179.2	896.0	0.6666666666666666
93775	243	0	5	0.6	171.6	858.0	0.3333333333333333
93776	290	0	5	0.7175	197.6	988.0	0.6666666666666666
93777	212	0	5	0.5225	173.4	867.0	0.3333333333333333
93778	71	0	5	0.17	69.0	345.0	0.0
93779	307	0	5	0.76	285.0	1425.0	0.0
93780	68	0	5	0.1625	49.4	247.0	0.0
93781	344	0	5	0.8525	171.0	855.0	0.6666666666666666
93782	318	0	5	0.7875	162.2	811.0	0.6666666666666666
93783	288	0	5	0.7125	159.4	797.0	0.3333333333333333
93784	78	0	5	0.1875	54.4	272.0	0.3333333333333333
93785	7	0	5	0.01	5.0	25.0	0.0
93786	334	0	5	0.8275	165.8	829.0	0.6666666666666666
93787	312	0	5	0.7725	186.8	934.0	0.6666666666666666
93788	275	0	5	0.68	265.8	1329.0	0.3333333333333333
93789	257	0	5	0.635	129.0	645.0	0.6666666666666666
93790	160	0	5	0.3925	99.8	499.0	0.6666666666666666
93791	55	0	5	0.13	53.0	265.0	0.0
93792	218	0	5	0.5375	52.0	260.0	0.6666666666666666
93793	109	0	5	0.265	51.8	259.0	0.3333333333333333
93794	168	0	5	0.4125	166.0	830.0	0.0
93795	389	0	5	0.965	192.0	960.0	0.6666666666666666
93796	210	1	4	0.5225	194.6	973.0	1.0
93797	314	1	4	0.7825	136.4	682.0	1.0
93798	262	0	5	0.6475	218.6	1093.0	0.3333333333333333
93799	332	0	5	0.8225	153.2	766.0	0.6666666666666666
93800	76	0	5	0.1825	74.0	370.0	0.0
93801	85	0	5	0.205	69.4	347.0	0.0
93802	302	0	5	0.7475	162.2	811.0	0.6666666666666666
93803	202	1	4	0.5025	58.8	294.0	1.0
93804	319	0	5	0.79	93.8	469.0	0.3333333333333333
93805	367	1	4	0.915	219.0	1095.0	1.0
93806	387	0	5	0.96	149.8	749.0	0.6666666666666666
93807	75	0	5	0.18	73.0	365.0	0.0
93808	216	0	5	0.5325	46.0	230.0	0.6666666666666666
93809	19	0	5	0.04	12.8	64.0	0.3333333333333333
93810	271	0	5	0.67	185.8	929.0	0.3333333333333333
93811	126	0	5	0.3075	112.2	561.0	0.3333333333333333
93812	248	0	5	0.6125	202.0	1010.0	0.3333333333333333
93813	353	0	5	0.875	147.0	735.0	0.3333333333333333
93814	354	0	5	0.8775	182.0	910.0	0.3333333333333333
93815	278	0	5	0.6875	179.2	896.0	0.6666666666666666
93816	260	0	5	0.6425	144.0	720.0	0.6666666666666666
93817	128	1	4	0.3175	96.8	484.0	1.0
93818	17	0	5	0.035	15.0	75.0	0.0
93819	362	0	5	0.8975	252.8	1264.0	0.3333333333333333
93820	273	0	5	0.675	97.4	487.0	0.3333333333333333
93821	227	0	5	0.56	164.6	823.0	0.3333333333333333
93822	357	0	5	0.885	159.8	799.0	0.6666666666666666
93823	71	0	5	0.17	69.0	345.0	0.0
93824	99	0	5	0.24	23.8	119.0	0.6666666666666666
93825	390	0	5	0.9675	238.6	1193.0	0.3333333333333333
93826	188	0	5	0.4625	90.0	450.0	0.3333333333333333
93827	64	0	5	0.1525	62.0	310.0	0.0
93828	121	0	5	0.295	104.6	523.0	0.3333333333333333
93829	130	0	5	0.3175	78.8	394.0	0.0
93830	243	0	5	0.6	215.8	1079.0	0.3333333333333333
93831	378	0	5	0.9375	181.8	909.0	0.6666666666666666
93832	202	0	5	0.4975	170.4	852.0	0.3333333333333333
93833	63	0	5	0.15	61.0	305.0	0.0
93834	190	0	5	0.4675	62.4	312.0	0.3333333333333333
93835	108	0	5	0.2625	67.6	338.0	0.0
93836	260	0	5	0.6425	181.2	906.0	0.6666666666666666
93837	377	0	5	0.935	265.0	1325.0	0.6666666666666666
93838	223	1	4	0.555	214.4	1072.0	1.0
93839	52	0	5	0.1225	43.6	218.0	0.3333333333333333
93840	47	0	5	0.11	45.0	225.0	0.0
93841	172	0	5	0.4225	170.0	850.0	0.0
93842	31	0	5	0.07	29.0	145.0	0.0
93843	124	0	5	0.3025	32.4	162.0	0.6666666666666666
93844	299	0	5	0.74	140.0	700.0	0.3333333333333333
93845	23	0	5	0.05	21.0	105.0	0.0
93846	321	0	5	0.795	75.2	376.0	0.6666666666666666
93847	162	0	5	0.3975	148.0	740.0	0.3333333333333333
93848	92	0	5	0.2225	51.8	259.0	0.3333333333333333
93849	217	0	5	0.535	87.8	439.0	0.3333333333333333
93850	349	0	5	0.865	227.4	1137.0	0.6666666666666666
93851	23	0	5	0.05	21.0	105.0	0.0
93852	341	0	5	0.845	197.6	988.0	0.6666666666666666
93853	202	0	5	0.4975	184.8	924.0	0.0
93854	290	1	4	0.7225	102.4	512.0	1.0
93855	92	0	5	0.2225	56.0	280.0	0.0
93856	343	1	4	0.855	137.0	685.0	1.0
93857	277	0	5	0.685	67.0	335.0	0.6666666666666666
93858	352	0	5	0.8725	154.8	774.0	0.6666666666666666
93859	258	0	5	0.6375	188.8	944.0	0.3333333333333333
93860	225	1	4	0.56	183.6	918.0	1.0
93861	262	0	5	0.6475	154.6	773.0	0.3333333333333333
93862	326	0	5	0.8075	241.2	1206.0	0.3333333333333333
93863	276	0	5	0.6825	136.4	682.0	0.3333333333333333
93864	161	0	5	0.395	159.0	795.0	0.0
93865	86	0	5	0.2075	84.0	420.0	0.0
93866	76	1	4	0.1875	54.4	272.0	1.0
93867	376	0	5	0.9325	183.4	917.0	0.6666666666666666
93868	107	0	5	0.26	102.0	510.0	0.3333333333333333
93869	356	0	5	0.8825	113.2	566.0	0.3333333333333333
93870	399	1	4	0.995	308.0	1540.0	1.0
93871	330	0	5	0.8175	158.8	794.0	0.6666666666666666
93872	71	0	5	0.17	27.4	137.0	0.3333333333333333
93873	226	0	5	0.5575	94.4	472.0	0.3333333333333333
93874	13	0	5	0.025	11.0	55.0	0.0
93875	311	0	5	0.77	100.4	502.0	0.6666666666666666
93876	247	0	5	0.61	173.0	865.0	0.0
93877	247	0	5	0.61	102.4	512.0	0.3333333333333333
93878	230	0	5	0.5675	160.8	804.0	0.6666666666666666
93879	144	0	5	0.3525	48.8	244.0	0.3333333333333333
93880	303	0	5	0.75	216.2	1081.0	0.3333333333333333
93881	258	0	5	0.6375	115.6	578.0	0.0
93882	195	0	5	0.48	185.0	925.0	0.3333333333333333
93883	239	0	5	0.59	108.2	541.0	0.0
93884	118	0	5	0.2875	80.8	404.0	0.6666666666666666
93885	63	0	5	0.15	61.0	305.0	0.0
93886	4	0	5	0.0025	2.0	10.0	0.0
93887	206	0	5	0.5075	144.4	722.0	0.3333333333333333
93888	32	0	5	0.0725	30.0	150.0	0.0
93889	46	0	5	0.1075	35.2	176.0	0.3333333333333333
93890	237	0	5	0.585	60.6	303.0	0.3333333333333333
93891	135	1	4	0.335	63.0	315.0	1.0
93892	302	0	5	0.7475	229.8	1149.0	0.3333333333333333
93893	198	0	5	0.4875	143.0	715.0	0.6666666666666666
93894	80	0	5	0.1925	61.2	306.0	0.3333333333333333
93895	360	0	5	0.8925	159.4	797.0	0.6666666666666666
93896	254	0	5	0.6275	216.6	1083.0	0.3333333333333333
93897	166	0	5	0.4075	164.0	820.0	0.0
93898	272	0	5	0.6725	142.8	714.0	0.3333333333333333
93899	400	0	5	0.9925	254.4	1272.0	0.6666666666666666
93900	231	0	5	0.57	129.0	645.0	0.6666666666666666
93901	258	1	4	0.6425	123.6	618.0	1.0
93902	387	0	5	0.96	181.8	909.0	0.6666666666666666
93903	109	0	5	0.265	87.2	436.0	0.3333333333333333
93904	268	0	5	0.6625	171.6	858.0	0.3333333333333333
93905	217	0	5	0.535	86.8	434.0	0.3333333333333333
93906	286	0	5	0.7075	123.6	618.0	0.3333333333333333
93907	12	0	5	0.0225	10.0	50.0	0.0
93908	239	0	5	0.59	154.4	772.0	0.6666666666666666
93909	372	0	5	0.9225	232.8	1164.0	0.3333333333333333
93910	123	0	5	0.3	83.4	417.0	0.0
93911	79	0	5	0.19	77.0	385.0	0.0
93912	352	0	5	0.8725	142.6	713.0	0.6666666666666666
93913	220	0	5	0.5425	131.6	658.0	0.3333333333333333
93914	300	0	5	0.7425	219.0	1095.0	0.3333333333333333
93915	322	0	5	0.7975	133.6	668.0	0.3333333333333333
93916	204	0	5	0.5025	159.0	795.0	0.0
93917	378	0	5	0.9375	269.2	1346.0	0.3333333333333333
93918	380	0	5	0.9425	263.4	1317.0	0.6666666666666666
93919	6	0	5	0.0075	4.0	20.0	0.0
93920	153	0	5	0.375	141.8	709.0	0.0
93921	196	0	5	0.4825	100.0	500.0	0.0
93922	96	0	5	0.2325	53.6	268.0	0.3333333333333333
93923	247	1	4	0.615	195.0	975.0	1.0
93924	130	0	5	0.3175	122.0	610.0	0.0
93925	76	0	5	0.1825	74.0	370.0	0.0
93926	37	0	5	0.085	35.0	175.0	0.0
93927	50	0	5	0.1175	34.8	174.0	0.0
93928	46	0	5	0.1075	44.0	220.0	0.0
93929	195	0	5	0.48	99.2	496.0	0.3333333333333333
93930	113	0	5	0.275	89.8	449.0	0.3333333333333333
93931	12	0	5	0.0225	10.0	50.0	0.0
93932	294	0	5	0.7275	224.4	1122.0	0.3333333333333333
93933	256	0	5	0.6325	164.0	820.0	0.6666666666666666
93934	147	0	5	0.36	73.0	365.0	0.3333333333333333
93935	267	0	5	0.66	67.4	337.0	0.6666666666666666
93936	327	0	5	0.81	258.8	1294.0	0.3333333333333333
93937	178	0	5	0.4375	78.4	392.0	0.6666666666666666
93938	129	0	5	0.315	127.0	635.0	0.0
93939	73	0	5	0.175	69.8	349.0	0.3333333333333333
93940	393	0	5	0.975	354.8	1774.0	0.6666666666666666
93941	265	0	5	0.655	209.0	1045.0	0.3333333333333333
93942	204	0	5	0.5025	193.6	968.0	0.3333333333333333
93943	299	1	4	0.745	198.2	991.0	1.0
93944	71	0	5	0.17	51.0	255.0	0.0
93945	255	0	5	0.63	140.6	703.0	0.3333333333333333
93946	83	0	5	0.2	81.0	405.0	0.0
93947	274	0	5	0.6775	185.8	929.0	0.6666666666666666
93948	90	0	5	0.2175	74.6	373.0	0.3333333333333333
93949	339	0	5	0.84	148.2	741.0	0.0
93950	172	0	5	0.4225	110.0	550.0	0.3333333333333333
93951	163	0	5	0.4	79.2	396.0	0.6666666666666666
93952	286	0	5	0.7075	117.4	587.0	0.6666666666666666
93953	40	0	5	0.0925	38.0	190.0	0.0
93954	238	0	5	0.5875	222.4	1112.0	0.0
93955	342	1	4	0.8525	253.4	1267.0	1.0
93956	92	0	5	0.2225	90.0	450.0	0.0
93957	345	1	4	0.86	178.0	890.0	1.0
93958	217	0	5	0.535	111.0	555.0	0.3333333333333333
93959	169	0	5	0.415	123.0	615.0	0.6666666666666666
93960	163	0	5	0.4	77.8	389.0	0.6666666666666666
93961	35	0	5	0.08	33.0	165.0	0.0
93962	42	0	5	0.0975	36.0	180.0	0.3333333333333333
93963	212	0	5	0.5225	116.4	582.0	0.3333333333333333
93964	144	0	5	0.3525	65.6	328.0	0.3333333333333333
93965	377	0	5	0.935	194.4	972.0	0.6666666666666666
93966	89	0	5	0.215	83.4	417.0	0.3333333333333333
93967	175	0	5	0.43	113.4	567.0	0.0
93968	61	0	5	0.145	55.8	279.0	0.0
93969	184	0	5	0.4525	144.0	720.0	0.0
93970	151	0	5	0.37	149.0	745.0	0.0
93971	232	0	5	0.5725	204.0	1020.0	0.3333333333333333
93972	101	0	5	0.245	45.4	227.0	0.3333333333333333
93973	117	0	5	0.285	102.6	513.0	0.0
93974	335	1	3	0.835	253.4	1267.0	1.0
93975	296	0	5	0.7325	171.6	858.0	0.6666666666666666
93976	251	1	4	0.625	154.6	773.0	1.0
93977	54	0	5	0.1275	52.0	260.0	0.0
93978	187	0	5	0.46	185.0	925.0	0.3333333333333333
93979	181	0	5	0.445	163.4	817.0	0.3333333333333333
93980	257	0	5	0.635	102.8	514.0	0.3333333333333333
93981	365	0	5	0.905	161.2	806.0	0.6666666666666666
93982	271	0	5	0.67	186.8	934.0	0.3333333333333333
93983	340	1	4	0.8475	264.0	1320.0	1.0
93984	348	0	5	0.8625	262.6	1313.0	0.3333333333333333
93985	66	0	5	0.1575	47.2	236.0	0.3333333333333333
93986	153	0	5	0.375	142.8	714.0	0.0
93987	74	0	5	0.1775	67.2	336.0	0.0
93988	222	0	5	0.5475	116.0	580.0	0.3333333333333333
93989	219	0	5	0.54	96.2	481.0	0.3333333333333333
93990	62	0	5	0.1475	60.0	300.0	0.0
93991	132	0	5	0.3225	68.2	341.0	0.3333333333333333
93992	381	0	5	0.945	187.0	935.0	0.6666666666666666
93993	276	0	5	0.6825	165.4	827.0	0.3333333333333333
93994	28	0	5	0.0625	26.0	130.0	0.0
93995	339	1	4	0.845	187.6	938.0	1.0
93996	388	0	5	0.9625	216.2	1081.0	0.6666666666666666
93997	356	0	5	0.8825	88.4	442.0	0.6666666666666666
93998	303	0	5	0.75	255.2	1276.0	0.6666666666666666
93999	189	0	5	0.465	97.8	489.0	0.6666666666666666
94000	34	0	5	0.0775	32.0	160.0	0.0
94001	75	0	5	0.18	73.0	365.0	0.0
94002	369	0	5	0.915	243.0	1215.0	0.6666666666666666
94003	307	0	5	0.76	159.2	796.0	0.3333333333333333
94004	197	0	5	0.485	137.8	689.0	0.3333333333333333
94005	310	0	5	0.7675	169.0	845.0	0.0
94006	208	0	5	0.5125	112.4	562.0	0.6666666666666666
94007	268	0	5	0.6625	153.2	766.0	0.3333333333333333
94008	371	0	5	0.92	271.4	1357.0	0.6666666666666666
94009	394	0	5	0.9775	269.6	1348.0	0.6666666666666666
94010	139	0	5	0.34	137.0	685.0	0.0
94011	157	0	5	0.385	151.0	755.0	0.3333333333333333
94012	388	1	4	0.9675	194.6	973.0	1.0
94013	393	0	5	0.975	174.2	871.0	0.6666666666666666
94014	170	0	5	0.4175	80.0	400.0	0.3333333333333333
94015	210	0	5	0.5175	88.0	440.0	0.3333333333333333
94016	380	1	4	0.9475	189.0	945.0	1.0
94017	374	0	5	0.9275	240.6	1203.0	0.6666666666666666
94018	23	0	5	0.05	21.0	105.0	0.0
94019	172	0	5	0.4225	149.0	745.0	0.3333333333333333
94020	233	0	5	0.575	163.2	816.0	0.3333333333333333
94021	351	0	5	0.87	289.2	1446.0	0.3333333333333333
94022	328	0	5	0.8125	92.8	464.0	0.6666666666666666
94023	339	0	5	0.84	316.0	1580.0	0.6666666666666666
94024	198	0	5	0.4875	96.0	480.0	0.6666666666666666
94025	357	1	3	0.89	176.4	882.0	1.0
94026	309	0	5	0.765	150.4	752.0	0.3333333333333333
94027	195	0	5	0.48	118.6	593.0	0.0
94028	395	0	5	0.98	225.4	1127.0	0.6666666666666666
94029	193	0	5	0.475	152.6	763.0	0.0
94030	310	0	5	0.7675	289.2	1446.0	0.0
94031	45	0	5	0.105	43.0	215.0	0.0
94032	203	0	5	0.5	101.8	509.0	0.3333333333333333
94033	26	0	5	0.0575	24.0	120.0	0.0
94034	22	0	5	0.0475	20.0	100.0	0.0
94035	260	0	5	0.6425	221.6	1108.0	0.3333333333333333
94036	145	0	5	0.355	102.8	514.0	0.3333333333333333
94037	114	0	5	0.2775	50.4	252.0	0.3333333333333333
94038	146	0	5	0.3575	91.8	459.0	0.6666666666666666
94039	115	0	5	0.28	101.0	505.0	0.3333333333333333
94040	355	0	5	0.88	237.4	1187.0	0.3333333333333333
94041	302	0	5	0.7475	253.6	1268.0	0.3333333333333333
94042	319	0	5	0.79	227.2	1136.0	0.3333333333333333
94043	169	0	5	0.415	98.2	491.0	0.3333333333333333
94044	165	0	5	0.405	161.8	809.0	0.3333333333333333
94045	263	0	5	0.65	173.2	866.0	0.6666666666666666
94046	302	0	5	0.7475	239.6	1198.0	0.6666666666666666
94047	159	0	5	0.39	118.4	592.0	0.3333333333333333
94048	164	0	5	0.4025	162.0	810.0	0.0
94049	400	0	5	0.9925	166.0	830.0	0.6666666666666666
94050	207	0	5	0.51	74.8	374.0	0.6666666666666666
94051	390	0	5	0.9675	150.4	752.0	0.6666666666666666
94052	373	0	5	0.925	164.2	821.0	0.6666666666666666
94053	56	0	5	0.1325	54.0	270.0	0.0
94054	136	0	5	0.3325	77.6	388.0	0.3333333333333333
94055	206	0	5	0.5075	89.0	445.0	0.6666666666666666
94056	261	1	4	0.65	204.6	1023.0	1.0
94057	134	0	5	0.3275	122.8	614.0	0.3333333333333333
94058	383	0	5	0.95	306.4	1532.0	0.6666666666666666
94059	174	0	5	0.4275	172.0	860.0	0.0
94060	83	0	5	0.2	55.4	277.0	0.3333333333333333
94061	261	0	5	0.645	90.2	451.0	0.6666666666666666
94062	378	0	5	0.9375	168.6	843.0	0.6666666666666666
94063	265	0	5	0.655	154.6	773.0	0.3333333333333333
94064	96	0	5	0.2325	64.6	323.0	0.3333333333333333
94065	92	0	5	0.2225	90.0	450.0	0.0
94066	17	0	5	0.035	15.0	75.0	0.0
94067	395	0	5	0.98	219.4	1097.0	0.6666666666666666
94068	291	0	5	0.72	91.0	455.0	0.6666666666666666
94069	118	0	5	0.2875	116.0	580.0	0.0
94070	277	0	5	0.685	197.4	987.0	0.3333333333333333
94071	202	0	5	0.4975	128.8	644.0	0.0
94072	107	0	5	0.26	105.0	525.0	0.0
94073	295	0	5	0.73	194.6	973.0	0.6666666666666666
94074	342	0	5	0.8475	235.8	1179.0	0.6666666666666666
94075	252	0	5	0.6225	172.6	863.0	0.3333333333333333
94076	34	0	5	0.0775	32.0	160.0	0.0
94077	106	0	5	0.2575	45.6	228.0	0.3333333333333333
94078	57	0	5	0.135	55.0	275.0	0.0
94079	294	0	5	0.7275	194.4	972.0	0.3333333333333333
94080	111	0	5	0.27	81.0	405.0	0.3333333333333333
94081	54	0	5	0.1275	50.0	250.0	0.3333333333333333
94082	80	0	5	0.1925	78.0	390.0	0.0
94083	365	0	5	0.905	257.4	1287.0	0.6666666666666666
94084	325	0	5	0.805	216.6	1083.0	0.3333333333333333
94085	187	0	5	0.46	103.2	516.0	0.6666666666666666
94086	59	0	5	0.14	57.0	285.0	0.0
94087	123	0	5	0.3	121.0	605.0	0.0
94088	312	0	5	0.7725	131.2	656.0	0.6666666666666666
94089	63	0	5	0.15	37.0	185.0	0.6666666666666666
94090	270	0	5	0.6675	178.8	894.0	0.6666666666666666
94091	391	0	5	0.97	165.2	826.0	0.6666666666666666
94092	332	0	5	0.8225	297.6	1488.0	0.3333333333333333
94093	255	0	5	0.63	121.0	605.0	0.6666666666666666
94094	210	0	5	0.5175	114.8	574.0	0.3333333333333333
94095	215	0	5	0.53	117.0	585.0	0.3333333333333333
94096	152	0	5	0.3725	50.0	250.0	0.6666666666666666
94097	269	0	5	0.665	156.8	784.0	0.6666666666666666
94098	180	0	5	0.4425	112.4	562.0	0.3333333333333333
94099	132	0	5	0.3225	78.0	390.0	0.0
94100	276	0	5	0.6825	136.2	681.0	0.3333333333333333
94101	352	0	5	0.8725	278.8	1394.0	0.6666666666666666
94102	71	0	5	0.17	69.0	345.0	0.0
94103	277	0	5	0.685	178.6	893.0	0.3333333333333333
94104	195	0	5	0.48	100.6	503.0	0.6666666666666666
94105	246	0	5	0.6075	238.0	1190.0	0.3333333333333333
94106	165	0	5	0.405	163.0	815.0	0.0
94107	294	0	5	0.7275	130.8	654.0	0.3333333333333333
94108	177	0	5	0.435	71.0	355.0	0.3333333333333333
94109	309	0	5	0.765	83.8	419.0	0.6666666666666666
94110	189	0	5	0.465	167.8	839.0	0.3333333333333333
94111	254	0	5	0.6275	100.0	500.0	0.3333333333333333
94112	254	0	5	0.6275	228.8	1144.0	0.3333333333333333
94113	125	0	5	0.305	123.0	615.0	0.0
94114	306	0	5	0.7575	220.0	1100.0	0.6666666666666666
94115	229	0	5	0.565	148.4	742.0	0.6666666666666666
94116	239	0	5	0.59	165.2	826.0	0.6666666666666666
94117	185	0	5	0.455	73.0	365.0	0.0
94118	205	0	5	0.505	128.2	641.0	0.6666666666666666
94119	395	1	4	0.985	345.2	1726.0	1.0
94120	203	1	4	0.505	148.0	740.0	1.0
94121	387	0	5	0.96	288.2	1441.0	0.6666666666666666
94122	331	0	5	0.82	201.0	1005.0	0.3333333333333333
94123	190	0	5	0.4675	163.2	816.0	0.0
94124	320	0	5	0.7925	266.4	1332.0	0.6666666666666666
94125	281	0	5	0.695	241.4	1207.0	0.6666666666666666
94126	211	0	5	0.52	209.0	1045.0	0.0
94127	145	0	5	0.355	119.6	598.0	0.3333333333333333
94128	189	0	5	0.465	123.2	616.0	0.3333333333333333
94129	54	0	5	0.1275	52.0	260.0	0.0
94130	302	1	4	0.7525	159.0	795.0	1.0
94131	173	0	5	0.425	78.2	391.0	0.3333333333333333
94132	400	0	5	0.9925	153.2	766.0	0.3333333333333333
94133	382	1	4	0.9525	186.0	930.0	1.0
94134	232	0	5	0.5725	132.4	662.0	0.6666666666666666
94135	258	0	5	0.6375	215.2	1076.0	0.0
94136	276	0	5	0.6825	188.4	942.0	0.6666666666666666
94137	310	0	5	0.7675	113.6	568.0	0.6666666666666666
94138	328	0	5	0.8125	153.2	766.0	0.6666666666666666
94139	128	1	4	0.3175	54.8	274.0	1.0
94140	270	0	5	0.6675	172.0	860.0	0.0
94141	298	1	4	0.7425	163.6	818.0	1.0
94142	11	0	5	0.02	9.0	45.0	0.0
94143	201	0	5	0.495	100.8	504.0	0.3333333333333333
94144	299	0	5	0.74	200.2	1001.0	0.3333333333333333
94145	230	0	5	0.5675	112.0	560.0	0.3333333333333333
94146	129	0	5	0.315	60.0	300.0	0.6666666666666666
94147	256	0	5	0.6325	107.0	535.0	0.3333333333333333
94148	318	0	5	0.7875	162.4	812.0	0.6666666666666666
94149	314	1	4	0.7825	146.4	732.0	1.0
94150	52	0	5	0.1225	23.6	118.0	0.0
94151	274	0	5	0.6775	99.6	498.0	0.3333333333333333
94152	56	0	5	0.1325	49.0	245.0	0.0
94153	236	0	5	0.5825	192.2	961.0	0.0
94154	153	0	5	0.375	39.8	199.0	0.3333333333333333
94155	310	0	5	0.7675	101.6	508.0	0.3333333333333333
94156	27	0	5	0.06	25.0	125.0	0.0
94157	314	1	4	0.7825	174.0	870.0	1.0
94158	17	0	5	0.035	15.0	75.0	0.0
94159	195	0	5	0.48	44.2	221.0	0.6666666666666666
94160	32	0	5	0.0725	22.4	112.0	0.3333333333333333
94161	63	0	5	0.15	30.4	152.0	0.0
94162	209	0	5	0.515	153.6	768.0	0.3333333333333333
94163	113	0	5	0.275	111.0	555.0	0.0
94164	147	0	5	0.36	118.0	590.0	0.3333333333333333
94165	126	0	5	0.3075	91.2	456.0	0.3333333333333333
94166	283	0	5	0.7	177.6	888.0	0.3333333333333333
94167	156	0	5	0.3825	115.0	575.0	0.0
94168	324	1	4	0.8075	178.4	892.0	1.0
94169	125	0	5	0.305	84.2	421.0	0.6666666666666666
94170	248	0	5	0.6125	206.4	1032.0	0.3333333333333333
94171	99	0	5	0.24	97.0	485.0	0.0
94172	271	0	5	0.67	186.2	931.0	0.6666666666666666
94173	395	0	5	0.98	149.2	746.0	0.6666666666666666
94174	280	0	5	0.6925	222.6	1113.0	0.0
94175	178	0	5	0.4375	112.4	562.0	0.3333333333333333
94176	218	0	5	0.5375	139.2	696.0	0.3333333333333333
94177	146	0	5	0.3575	91.6	458.0	0.0
94178	228	1	4	0.5675	80.0	400.0	1.0
94179	54	0	5	0.1275	52.0	260.0	0.0
94180	268	0	5	0.6625	163.6	818.0	0.3333333333333333
94181	260	1	4	0.6475	64.0	320.0	1.0
94182	248	0	5	0.6125	193.8	969.0	0.3333333333333333
94183	349	0	5	0.865	208.4	1042.0	0.6666666666666666
94184	56	0	5	0.1325	54.0	270.0	0.0
94185	207	1	4	0.515	106.0	530.0	1.0
94186	235	0	5	0.58	205.8	1029.0	0.3333333333333333
94187	351	0	5	0.87	168.2	841.0	0.6666666666666666
94188	350	0	5	0.8675	319.4	1597.0	0.6666666666666666
94189	369	0	5	0.915	257.4	1287.0	0.3333333333333333
94190	155	1	3	0.385	84.0	420.0	1.0
94191	234	0	5	0.5775	220.4	1102.0	0.3333333333333333
94192	355	0	5	0.88	271.8	1359.0	0.3333333333333333
94193	122	0	5	0.2975	120.0	600.0	0.0
94194	95	0	5	0.23	70.8	354.0	0.3333333333333333
94195	345	0	5	0.855	145.0	725.0	0.6666666666666666
94196	285	0	5	0.705	232.8	1164.0	0.6666666666666666
94197	318	0	5	0.7875	158.4	792.0	0.6666666666666666
94198	54	1	3	0.1325	38.2	191.0	1.0
94199	278	0	5	0.6875	168.6	843.0	0.6666666666666666
94200	12	0	5	0.0225	10.0	50.0	0.0
94201	225	0	5	0.555	213.2	1066.0	0.3333333333333333
94202	42	0	5	0.0975	31.6	158.0	0.0
94203	138	0	5	0.3375	136.0	680.0	0.3333333333333333
94204	354	0	5	0.8775	184.8	924.0	0.3333333333333333
94205	239	0	5	0.59	164.6	823.0	0.3333333333333333
94206	164	0	5	0.4025	161.6	808.0	0.3333333333333333
94207	14	0	5	0.0275	12.0	60.0	0.0
94208	129	0	5	0.315	94.4	472.0	0.3333333333333333
94209	213	0	5	0.525	175.6	878.0	0.3333333333333333
94210	376	0	5	0.9325	135.6	678.0	0.6666666666666666
94211	247	1	4	0.615	101.4	507.0	1.0
94212	254	1	4	0.6325	149.8	749.0	1.0
94213	245	0	5	0.605	200.4	1002.0	0.0
94214	288	0	5	0.7125	214.8	1074.0	0.6666666666666666
94215	120	0	5	0.2925	105.8	529.0	0.3333333333333333
94216	334	1	4	0.8325	147.8	739.0	1.0
94217	345	0	5	0.855	159.0	795.0	0.3333333333333333
94218	301	0	5	0.745	149.4	747.0	0.3333333333333333
94219	27	0	5	0.06	25.0	125.0	0.0
94220	359	0	5	0.89	277.0	1385.0	0.6666666666666666
94221	6	0	5	0.0075	4.0	20.0	0.0
94222	282	0	5	0.6975	128.0	640.0	0.3333333333333333
94223	32	0	5	0.0725	30.0	150.0	0.0
94224	190	0	5	0.4675	74.4	372.0	0.6666666666666666
94225	179	1	4	0.445	112.6	563.0	1.0
94226	182	0	5	0.4475	96.4	482.0	0.3333333333333333
94227	279	0	5	0.69	105.0	525.0	0.6666666666666666
94228	151	0	5	0.37	137.6	688.0	0.3333333333333333
94229	178	0	5	0.4375	165.8	829.0	0.0
94230	72	0	5	0.1725	70.0	350.0	0.0
94231	271	0	5	0.67	194.6	973.0	0.3333333333333333
94232	300	0	5	0.7425	298.0	1490.0	0.3333333333333333
94233	231	0	5	0.57	58.2	291.0	0.6666666666666666
94234	26	0	5	0.0575	24.0	120.0	0.0
94235	342	0	5	0.8475	255.2	1276.0	0.3333333333333333
94236	270	0	5	0.6675	197.0	985.0	0.6666666666666666
94237	8	0	5	0.0125	6.0	30.0	0.0
94238	68	0	5	0.1625	66.0	330.0	0.0
94239	301	0	5	0.745	129.8	649.0	0.6666666666666666
94240	80	0	5	0.1925	59.6	298.0	0.3333333333333333
94241	248	0	5	0.6125	161.6	808.0	0.3333333333333333
94242	116	0	5	0.2825	109.2	546.0	0.3333333333333333
94243	146	0	5	0.3575	117.2	586.0	0.6666666666666666
94244	270	0	5	0.6675	228.2	1141.0	0.0
94245	34	0	5	0.0775	28.4	142.0	0.0
94246	229	0	5	0.565	168.6	843.0	0.3333333333333333
94247	93	0	5	0.225	65.8	329.0	0.0
94248	363	0	5	0.9	236.6	1183.0	0.6666666666666666
94249	251	0	5	0.62	92.8	464.0	0.3333333333333333
94250	283	1	3	0.705	162.6	813.0	1.0
94251	371	0	5	0.92	205.0	1025.0	0.6666666666666666
94252	380	1	4	0.9475	205.4	1027.0	1.0
94253	269	0	5	0.665	215.8	1079.0	0.3333333333333333
94254	303	0	5	0.75	123.8	619.0	0.6666666666666666
94255	283	1	4	0.705	131.8	659.0	1.0
94256	344	0	5	0.8525	274.2	1371.0	0.3333333333333333
94257	174	0	5	0.4275	88.4	442.0	0.3333333333333333
94258	48	0	5	0.1125	46.0	230.0	0.0
94259	32	0	5	0.0725	30.0	150.0	0.0
94260	287	1	4	0.715	212.0	1060.0	1.0
94261	119	0	5	0.29	86.0	430.0	0.0
94262	242	1	4	0.6025	135.8	679.0	1.0
94263	117	0	5	0.285	93.8	469.0	0.3333333333333333
94264	317	1	4	0.79	155.8	779.0	1.0
94265	260	0	5	0.6425	98.0	490.0	0.3333333333333333
94266	372	1	4	0.9275	220.0	1100.0	1.0
94267	145	0	5	0.355	85.6	428.0	0.3333333333333333
94268	24	0	5	0.0525	22.0	110.0	0.0
94269	317	0	5	0.785	264.6	1323.0	0.3333333333333333
94270	124	0	5	0.3025	108.8	544.0	0.3333333333333333
94271	266	0	5	0.6575	203.8	1019.0	0.0
94272	316	0	5	0.7825	250.0	1250.0	0.6666666666666666
94273	258	0	5	0.6375	148.0	740.0	0.0
94274	333	0	5	0.825	121.2	606.0	0.6666666666666666
94275	194	0	5	0.4775	153.8	769.0	0.3333333333333333
94276	84	0	5	0.2025	47.6	238.0	0.3333333333333333
94277	347	0	5	0.86	165.4	827.0	0.6666666666666666
94278	201	0	5	0.495	50.2	251.0	0.3333333333333333
94279	155	0	5	0.38	77.2	386.0	0.3333333333333333
94280	368	0	5	0.9125	102.8	514.0	0.3333333333333333
94281	318	0	5	0.7875	129.6	648.0	0.6666666666666666
94282	212	0	5	0.5225	150.8	754.0	0.0
94283	377	0	5	0.935	154.8	774.0	0.6666666666666666
94284	190	0	5	0.4675	180.6	903.0	0.0
94285	192	1	4	0.4775	130.2	651.0	1.0
94286	115	0	5	0.28	97.4	487.0	0.0
94287	41	0	5	0.095	37.4	187.0	0.0
94288	30	0	5	0.0675	26.4	132.0	0.3333333333333333
94289	259	0	5	0.64	236.0	1180.0	0.3333333333333333
94290	245	0	5	0.605	209.2	1046.0	0.3333333333333333
94291	185	0	5	0.455	165.6	828.0	0.3333333333333333
94292	162	0	5	0.3975	160.0	800.0	0.0
94293	252	0	5	0.6225	78.8	394.0	0.3333333333333333
94294	214	0	5	0.5275	201.4	1007.0	0.3333333333333333
94295	338	0	5	0.8375	245.0	1225.0	0.3333333333333333
94296	377	0	5	0.935	171.2	856.0	0.6666666666666666
94297	303	0	5	0.75	268.6	1343.0	0.6666666666666666
94298	235	0	5	0.58	100.2	501.0	0.0
94299	138	0	5	0.3375	113.0	565.0	0.0
94300	128	0	5	0.3125	120.0	600.0	0.0
94301	298	0	5	0.7375	152.0	760.0	0.3333333333333333
94302	393	0	5	0.975	276.2	1381.0	0.6666666666666666
94303	166	0	5	0.4075	152.0	760.0	0.3333333333333333
94304	302	0	5	0.7475	150.2	751.0	0.6666666666666666
94305	314	1	4	0.7825	106.8	534.0	1.0
94306	11	0	5	0.02	9.0	45.0	0.0
94307	357	1	4	0.89	234.4	1172.0	1.0
94308	186	0	5	0.4575	89.8	449.0	0.6666666666666666
94309	131	0	5	0.32	59.8	299.0	0.6666666666666666
94310	128	0	5	0.3125	100.4	502.0	0.3333333333333333
94311	328	0	5	0.8125	208.4	1042.0	0.6666666666666666
94312	259	1	4	0.645	215.6	1078.0	1.0
94313	319	0	5	0.79	194.4	972.0	0.6666666666666666
94314	174	0	5	0.4275	140.8	704.0	0.3333333333333333
94315	116	0	5	0.2825	112.8	564.0	0.0
94316	116	0	5	0.2825	86.8	434.0	0.3333333333333333
94317	166	0	5	0.4075	84.2	421.0	0.3333333333333333
94318	175	0	5	0.43	141.0	705.0	0.6666666666666666
94319	39	0	5	0.09	35.8	179.0	0.3333333333333333
94320	344	0	5	0.8525	202.4	1012.0	0.6666666666666666
94321	34	0	5	0.0775	32.0	160.0	0.0
94322	90	0	5	0.2175	88.0	440.0	0.0
94323	132	0	5	0.3225	78.0	390.0	0.6666666666666666
94324	290	0	5	0.7175	236.4	1182.0	0.3333333333333333
94325	333	0	5	0.825	241.0	1205.0	0.3333333333333333
94326	372	0	5	0.9225	139.0	695.0	0.6666666666666666
94327	133	0	5	0.325	131.0	655.0	0.0
94328	108	0	5	0.2625	106.0	530.0	0.0
94329	43	0	5	0.1	34.0	170.0	0.0
94330	50	0	5	0.1175	48.0	240.0	0.0
94331	114	1	4	0.2825	70.0	350.0	1.0
94332	376	0	5	0.9325	291.8	1459.0	0.6666666666666666
94333	45	0	5	0.105	43.0	215.0	0.0
94334	195	0	5	0.48	193.0	965.0	0.3333333333333333
94335	120	0	5	0.2925	69.2	346.0	0.3333333333333333
94336	115	0	5	0.28	113.0	565.0	0.0
94337	110	0	5	0.2675	23.2	116.0	0.3333333333333333
94338	230	1	4	0.5725	146.0	730.0	1.0
94339	78	0	5	0.1875	76.0	380.0	0.0
94340	285	0	5	0.705	275.4	1377.0	0.3333333333333333
94341	101	1	4	0.25	71.4	357.0	1.0
94342	177	0	5	0.435	128.6	643.0	0.3333333333333333
94343	159	0	5	0.39	107.2	536.0	0.3333333333333333
94344	318	0	5	0.7875	87.0	435.0	0.6666666666666666
94345	35	0	5	0.08	33.0	165.0	0.0
94346	303	1	4	0.755	225.6	1128.0	1.0
94347	348	0	5	0.8625	315.6	1578.0	0.6666666666666666
94348	246	0	5	0.6075	130.4	652.0	0.3333333333333333
94349	346	0	5	0.8575	237.4	1187.0	0.6666666666666666
94350	258	0	5	0.6375	186.4	932.0	0.6666666666666666
94351	10	0	5	0.0175	8.0	40.0	0.0
94352	210	0	5	0.5175	170.2	851.0	0.3333333333333333
94353	189	0	5	0.465	126.2	631.0	0.3333333333333333
94354	264	0	5	0.6525	128.0	640.0	0.3333333333333333
94355	27	0	5	0.06	25.0	125.0	0.0
94356	285	0	5	0.705	205.8	1029.0	0.3333333333333333
94357	161	0	5	0.395	93.0	465.0	0.3333333333333333
94358	346	0	5	0.8575	282.8	1414.0	0.3333333333333333
94359	248	1	3	0.6175	107.0	535.0	1.0
94360	318	0	5	0.7875	93.8	469.0	0.0
94361	73	0	5	0.175	56.6	283.0	0.0
94362	163	0	5	0.4	97.0	485.0	0.3333333333333333
94363	358	0	5	0.8875	315.2	1576.0	0.6666666666666666
94364	254	0	5	0.6275	128.0	640.0	0.6666666666666666
94365	153	0	5	0.375	128.8	644.0	0.6666666666666666
94366	45	0	5	0.105	43.0	215.0	0.0
94367	64	0	5	0.1525	62.0	310.0	0.0
94368	31	0	5	0.07	29.0	145.0	0.0
94369	336	1	4	0.8375	114.8	574.0	1.0
94370	355	0	5	0.88	172.0	860.0	0.6666666666666666
94371	238	0	5	0.5875	184.2	921.0	0.3333333333333333
94372	97	0	5	0.235	34.4	172.0	0.3333333333333333
94373	183	0	5	0.45	60.4	302.0	0.3333333333333333
94374	195	0	5	0.48	155.8	779.0	0.3333333333333333
94375	131	0	5	0.32	110.8	554.0	0.0
94376	7	0	5	0.01	5.0	25.0	0.0
94377	265	0	5	0.655	143.4	717.0	0.0
94378	188	0	5	0.4625	100.4	502.0	0.0
94379	265	0	5	0.655	64.6	323.0	0.6666666666666666
94380	38	0	5	0.0875	36.0	180.0	0.0
94381	283	0	5	0.7	169.4	847.0	0.3333333333333333
94382	100	0	5	0.2425	81.8	409.0	0.3333333333333333
94383	337	1	4	0.84	162.6	813.0	1.0
94384	396	1	4	0.9875	240.2	1201.0	1.0
94385	291	0	5	0.72	252.6	1263.0	0.3333333333333333
94386	243	0	5	0.6	56.2	281.0	0.3333333333333333
94387	187	0	5	0.46	175.0	875.0	0.0
94388	260	0	5	0.6425	145.2	726.0	0.6666666666666666
94389	32	0	5	0.0725	28.4	142.0	0.3333333333333333
94390	205	0	5	0.505	203.0	1015.0	0.0
94391	322	0	5	0.7975	152.0	760.0	0.3333333333333333
94392	51	0	5	0.12	49.0	245.0	0.0
94393	92	0	5	0.2225	82.8	414.0	0.3333333333333333
94394	207	0	5	0.51	202.2	1011.0	0.3333333333333333
94395	299	0	5	0.74	226.6	1133.0	0.6666666666666666
94396	349	1	4	0.87	285.2	1426.0	1.0
94397	308	0	5	0.7625	108.4	542.0	0.3333333333333333
94398	63	0	5	0.15	24.0	120.0	0.6666666666666666
94399	108	0	5	0.2625	106.0	530.0	0.0
94400	151	0	5	0.37	92.2	461.0	0.0
94401	267	0	5	0.66	229.0	1145.0	0.6666666666666666
94402	281	0	5	0.695	84.4	422.0	0.6666666666666666
94403	73	0	5	0.175	45.8	229.0	0.0
94404	188	0	5	0.4625	105.4	527.0	0.3333333333333333
94405	271	0	5	0.67	213.8	1069.0	0.6666666666666666
94406	304	0	5	0.7525	131.6	658.0	0.6666666666666666
94407	106	0	5	0.2575	95.2	476.0	0.3333333333333333
94408	118	0	5	0.2875	113.4	567.0	0.0
94409	266	0	5	0.6575	177.6	888.0	0.3333333333333333
94410	353	0	5	0.875	181.2	906.0	0.6666666666666666
94411	340	0	5	0.8425	243.6	1218.0	0.6666666666666666
94412	386	0	5	0.9575	174.4	872.0	0.6666666666666666
94413	3	0	5	0.0025	0.2	1.0	0.3333333333333333
94414	114	0	5	0.2775	112.0	560.0	0.0
94415	216	0	5	0.5325	64.4	322.0	0.0
94416	337	0	5	0.835	266.4	1332.0	0.6666666666666666
94417	312	0	5	0.7725	136.6	683.0	0.3333333333333333
94418	12	0	5	0.0225	10.0	50.0	0.0
94419	125	0	5	0.305	76.2	381.0	0.0
94420	373	0	5	0.925	124.8	624.0	0.6666666666666666
94421	135	0	5	0.33	85.6	428.0	0.3333333333333333
94422	196	0	5	0.4825	71.0	355.0	0.3333333333333333
94423	181	0	5	0.445	131.6	658.0	0.3333333333333333
94424	292	0	5	0.7225	128.4	642.0	0.3333333333333333
94425	79	0	5	0.19	67.2	336.0	0.3333333333333333
94426	185	0	5	0.455	149.6	748.0	0.6666666666666666
94427	38	0	5	0.0875	32.0	160.0	0.0
94428	4	0	5	0.0025	2.0	10.0	0.0
94429	153	0	5	0.375	138.2	691.0	0.0
94430	162	0	5	0.3975	100.4	502.0	0.0
94431	324	0	5	0.8025	234.4	1172.0	0.3333333333333333
94432	190	0	5	0.4675	149.6	748.0	0.6666666666666666
94433	331	0	5	0.82	151.0	755.0	0.6666666666666666
94434	230	1	4	0.5725	225.6	1128.0	1.0
94435	194	0	5	0.4775	140.8	704.0	0.3333333333333333
94436	242	0	5	0.5975	62.4	312.0	0.3333333333333333
94437	75	0	5	0.18	34.6	173.0	0.6666666666666666
94438	257	0	5	0.635	111.0	555.0	0.3333333333333333
94439	99	0	5	0.24	88.2	441.0	0.0
94440	149	0	5	0.365	104.2	521.0	0.3333333333333333
94441	67	0	5	0.16	39.0	195.0	0.6666666666666666
94442	29	0	5	0.065	14.4	72.0	0.0
94443	327	0	5	0.81	163.0	815.0	0.6666666666666666
94444	29	0	5	0.065	27.0	135.0	0.0
94445	221	0	5	0.545	140.0	700.0	0.3333333333333333
94446	298	0	5	0.7375	143.2	716.0	0.6666666666666666
94447	127	0	5	0.31	103.4	517.0	0.6666666666666666
94448	126	0	5	0.3075	95.2	476.0	0.3333333333333333
94449	227	0	5	0.56	110.2	551.0	0.3333333333333333
94450	57	0	5	0.135	19.0	95.0	0.3333333333333333
94451	232	0	5	0.5725	136.2	681.0	0.3333333333333333
94452	149	0	5	0.365	110.0	550.0	0.6666666666666666
94453	278	0	5	0.6875	67.2	336.0	0.6666666666666666
94454	265	0	5	0.655	124.6	623.0	0.6666666666666666
94455	377	0	5	0.935	109.0	545.0	0.6666666666666666
94456	193	0	5	0.475	129.2	646.0	0.3333333333333333
94457	305	0	5	0.755	190.4	952.0	0.3333333333333333
94458	130	0	5	0.3175	128.0	640.0	0.0
94459	256	1	4	0.6375	168.4	842.0	1.0
94460	161	0	5	0.395	128.0	640.0	0.3333333333333333
94461	323	1	4	0.805	193.0	965.0	1.0
94462	221	0	5	0.545	189.8	949.0	0.0
94463	81	0	5	0.195	52.0	260.0	0.3333333333333333
94464	344	1	4	0.8575	197.4	987.0	1.0
94465	187	0	5	0.46	114.6	573.0	0.3333333333333333
94466	50	0	5	0.1175	48.0	240.0	0.0
94467	300	1	4	0.7475	191.0	955.0	1.0
94468	101	0	5	0.245	57.0	285.0	0.3333333333333333
94469	197	0	5	0.485	101.2	506.0	0.6666666666666666
94470	167	0	5	0.41	124.2	621.0	0.3333333333333333
94471	399	0	5	0.99	246.0	1230.0	0.6666666666666666
94472	365	0	5	0.905	297.4	1487.0	0.6666666666666666
94473	253	0	5	0.625	57.4	287.0	0.6666666666666666
94474	85	0	5	0.205	57.0	285.0	0.3333333333333333
94475	190	0	5	0.4675	172.0	860.0	0.6666666666666666
94476	213	1	4	0.53	61.8	309.0	1.0
94477	386	0	5	0.9575	324.0	1620.0	0.3333333333333333
94478	271	0	5	0.67	176.6	883.0	0.3333333333333333
94479	314	0	5	0.7775	84.4	422.0	0.6666666666666666
94480	33	0	5	0.075	31.0	155.0	0.0
94481	66	0	5	0.1575	52.6	263.0	0.0
94482	247	0	5	0.61	176.2	881.0	0.3333333333333333
94483	150	0	5	0.3675	82.0	410.0	0.3333333333333333
94484	278	0	5	0.6875	169.6	848.0	0.3333333333333333
94485	191	0	5	0.47	114.2	571.0	0.6666666666666666
94486	164	0	5	0.4025	106.8	534.0	0.3333333333333333
94487	100	0	5	0.2425	63.6	318.0	0.6666666666666666
94488	247	0	5	0.61	233.8	1169.0	0.3333333333333333
94489	74	0	5	0.1775	21.6	108.0	0.6666666666666666
94490	159	0	5	0.39	126.2	631.0	0.3333333333333333
94491	282	0	5	0.6975	143.6	718.0	0.3333333333333333
94492	61	0	5	0.145	40.2	201.0	0.0
94493	14	0	5	0.0275	12.0	60.0	0.0
94494	249	0	5	0.615	85.4	427.0	0.6666666666666666
94495	265	0	5	0.655	147.8	739.0	0.3333333333333333
94496	249	0	5	0.615	138.6	693.0	0.6666666666666666
94497	322	0	5	0.7975	115.2	576.0	0.3333333333333333
94498	223	0	5	0.55	80.2	401.0	0.0
94499	143	0	5	0.35	127.6	638.0	0.3333333333333333
94500	189	0	5	0.465	61.4	307.0	0.6666666666666666
94501	255	0	5	0.63	234.6	1173.0	0.3333333333333333
94502	228	0	5	0.5625	146.2	731.0	0.3333333333333333
94503	108	0	5	0.2625	57.2	286.0	0.3333333333333333
94504	90	0	5	0.2175	78.0	390.0	0.3333333333333333
94505	312	0	5	0.7725	251.8	1259.0	0.3333333333333333
94506	355	1	4	0.885	217.0	1085.0	1.0
94507	338	0	5	0.8375	159.0	795.0	0.6666666666666666
94508	277	0	5	0.685	97.0	485.0	0.3333333333333333
94509	247	0	5	0.61	174.2	871.0	0.6666666666666666
94510	217	1	4	0.54	141.4	707.0	1.0
94511	28	0	5	0.0625	25.6	128.0	0.0
94512	300	1	4	0.7475	137.8	689.0	1.0
94513	387	0	5	0.96	330.8	1654.0	0.6666666666666666
94514	293	1	4	0.73	167.4	837.0	1.0
94515	78	0	5	0.1875	76.0	380.0	0.0
94516	235	0	5	0.58	127.2	636.0	0.6666666666666666
94517	261	1	4	0.65	128.2	641.0	1.0
94518	177	0	5	0.435	175.0	875.0	0.0
94519	213	0	5	0.525	77.8	389.0	0.3333333333333333
94520	88	0	5	0.2125	75.4	377.0	0.3333333333333333
94521	388	0	5	0.9625	209.4	1047.0	0.6666666666666666
94522	125	1	4	0.31	70.8	354.0	1.0
94523	283	0	5	0.7	201.0	1005.0	0.6666666666666666
94524	186	0	5	0.4575	125.6	628.0	0.0
94525	180	0	5	0.4425	116.0	580.0	0.0
94526	157	0	5	0.385	52.6	263.0	0.6666666666666666
94527	190	0	5	0.4675	186.2	931.0	0.0
94528	285	0	5	0.705	198.4	992.0	0.0
94529	227	0	5	0.56	182.2	911.0	0.6666666666666666
94530	293	0	5	0.725	152.4	762.0	0.6666666666666666
94531	177	0	5	0.435	161.4	807.0	0.0
94532	180	0	5	0.4425	178.0	890.0	0.0
94533	131	0	5	0.32	84.6	423.0	0.3333333333333333
94534	283	0	5	0.7	238.0	1190.0	0.6666666666666666
94535	97	0	5	0.235	62.6	313.0	0.3333333333333333
94536	287	0	5	0.71	191.6	958.0	0.6666666666666666
94537	137	0	5	0.335	109.2	546.0	0.0
94538	397	0	5	0.985	240.8	1204.0	0.6666666666666666
94539	229	0	5	0.565	67.8	339.0	0.3333333333333333
94540	363	0	5	0.9	84.2	421.0	0.6666666666666666
94541	88	0	5	0.2125	50.8	254.0	0.6666666666666666
94542	351	0	5	0.87	91.8	459.0	0.6666666666666666
94543	114	0	5	0.2775	108.0	540.0	0.3333333333333333
94544	75	0	5	0.18	45.6	228.0	0.3333333333333333
94545	274	0	5	0.6775	101.4	507.0	0.6666666666666666
94546	182	0	5	0.4475	79.8	399.0	0.6666666666666666
94547	235	0	5	0.58	89.4	447.0	0.6666666666666666
94548	36	0	5	0.0825	10.0	50.0	0.3333333333333333
94549	240	0	5	0.5925	94.4	472.0	0.3333333333333333
94550	291	0	5	0.72	219.8	1099.0	0.0
94551	371	1	4	0.925	241.0	1205.0	1.0
94552	276	0	5	0.6825	133.8	669.0	0.6666666666666666
94553	374	1	4	0.9325	245.8	1229.0	1.0
94554	264	0	5	0.6525	102.0	510.0	0.3333333333333333
94555	260	0	5	0.6425	130.8	654.0	0.6666666666666666
94556	387	0	5	0.96	166.6	833.0	0.6666666666666666
94557	88	0	5	0.2125	77.0	385.0	0.6666666666666666
94558	355	0	5	0.88	100.2	501.0	0.6666666666666666
94559	179	0	5	0.44	145.2	726.0	0.0
94560	212	0	5	0.5225	80.4	402.0	0.6666666666666666
94561	149	0	5	0.365	147.0	735.0	0.0
94562	254	0	5	0.6275	236.4	1182.0	0.0
94563	108	0	5	0.2625	106.0	530.0	0.0
94564	216	0	5	0.5325	197.2	986.0	0.3333333333333333
94565	312	0	5	0.7725	128.8	644.0	0.6666666666666666
94566	143	0	5	0.35	110.6	553.0	0.3333333333333333
94567	218	1	4	0.5425	173.6	868.0	1.0
94568	187	0	5	0.46	116.0	580.0	0.3333333333333333
94569	44	0	5	0.1025	42.0	210.0	0.0
94570	63	0	5	0.15	30.4	152.0	0.0
94571	328	1	4	0.8175	201.2	1006.0	1.0
94572	372	1	4	0.9275	343.2	1716.0	1.0
94573	140	0	5	0.3425	107.2	536.0	0.3333333333333333
94574	27	0	5	0.06	25.0	125.0	0.0
94575	127	0	5	0.31	111.8	559.0	0.3333333333333333
94576	108	0	5	0.2625	106.0	530.0	0.0
94577	296	0	5	0.7325	202.0	1010.0	0.3333333333333333
94578	57	0	5	0.135	22.2	111.0	0.3333333333333333
94579	373	0	5	0.925	142.8	714.0	0.6666666666666666
94580	391	1	4	0.975	190.6	953.0	1.0
94581	149	0	5	0.365	110.6	553.0	0.6666666666666666
94582	224	0	5	0.5525	117.4	587.0	0.6666666666666666
94583	2	0	5	0.0	0.0	0.0	0.0
94584	81	0	5	0.195	75.6	378.0	0.0
94585	396	0	5	0.9825	184.2	921.0	0.6666666666666666
94586	15	0	5	0.03	13.0	65.0	0.0
94587	67	0	5	0.16	65.0	325.0	0.0
94588	347	1	4	0.865	107.0	535.0	1.0
94589	32	0	5	0.0725	30.0	150.0	0.0
94590	184	0	5	0.4525	138.4	692.0	0.3333333333333333
94591	102	0	5	0.2475	100.0	500.0	0.0
94592	376	0	5	0.9325	231.2	1156.0	0.6666666666666666
94593	134	0	5	0.3275	69.6	348.0	0.6666666666666666
94594	301	0	5	0.745	152.0	760.0	0.0
94595	288	0	5	0.7125	126.0	630.0	0.3333333333333333
94596	58	0	5	0.1375	48.2	241.0	0.0
94597	213	0	5	0.525	155.4	777.0	0.0
94598	330	0	5	0.8175	196.6	983.0	0.6666666666666666
94599	74	0	5	0.1775	72.0	360.0	0.0
94600	303	0	5	0.75	123.8	619.0	0.6666666666666666
94601	247	0	5	0.61	181.0	905.0	0.3333333333333333
94602	152	0	5	0.3725	81.2	406.0	0.0
94603	206	0	5	0.5075	127.6	638.0	0.6666666666666666
94604	228	0	5	0.5625	147.0	735.0	0.3333333333333333
94605	316	0	5	0.7825	144.4	722.0	0.3333333333333333
94606	306	0	5	0.7575	304.0	1520.0	0.0
94607	52	0	5	0.1225	22.8	114.0	0.3333333333333333
94608	193	0	5	0.475	101.8	509.0	0.3333333333333333
94609	41	0	5	0.095	39.0	195.0	0.0
94610	163	0	5	0.4	110.6	553.0	0.3333333333333333
94611	171	0	5	0.42	64.6	323.0	0.6666666666666666
94612	129	0	5	0.315	123.8	619.0	0.0
94613	105	0	5	0.255	56.8	284.0	0.6666666666666666
94614	291	0	5	0.72	114.0	570.0	0.6666666666666666
94615	159	0	5	0.39	74.4	372.0	0.6666666666666666
94616	303	0	5	0.75	173.0	865.0	0.6666666666666666
94617	301	0	5	0.745	266.6	1333.0	0.3333333333333333
94618	35	0	5	0.08	33.0	165.0	0.0
94619	287	1	4	0.715	134.2	671.0	1.0
94620	250	0	5	0.6175	239.6	1198.0	0.0
94621	251	0	5	0.62	215.0	1075.0	0.0
94622	10	0	5	0.0175	8.0	40.0	0.0
94623	103	0	5	0.25	101.0	505.0	0.0
94624	265	0	5	0.655	161.4	807.0	0.3333333333333333
94625	111	0	5	0.27	104.2	521.0	0.3333333333333333
94626	65	0	5	0.155	63.0	315.0	0.0
94627	258	1	4	0.6425	160.0	800.0	1.0
94628	240	0	5	0.5925	167.2	836.0	0.3333333333333333
94629	393	0	5	0.975	158.6	793.0	0.6666666666666666
94630	293	1	4	0.73	99.4	497.0	1.0
94631	91	0	5	0.22	79.8	399.0	0.0
94632	215	0	5	0.53	209.8	1049.0	0.3333333333333333
94633	341	0	5	0.845	172.6	863.0	0.6666666666666666
94634	269	0	5	0.665	154.6	773.0	0.6666666666666666
94635	399	0	5	0.99	209.8	1049.0	0.6666666666666666
94636	372	1	4	0.9275	257.0	1285.0	1.0
94637	5	0	5	0.005	3.0	15.0	0.0
94638	266	0	5	0.6575	162.6	813.0	0.6666666666666666
94639	295	0	5	0.73	122.0	610.0	0.3333333333333333
94640	317	0	5	0.785	231.4	1157.0	0.6666666666666666
94641	347	0	5	0.86	301.8	1509.0	0.6666666666666666
94642	135	0	5	0.33	122.2	611.0	0.3333333333333333
94643	318	0	5	0.7875	126.8	634.0	0.6666666666666666
94644	339	0	5	0.84	113.2	566.0	0.6666666666666666
94645	187	0	5	0.46	165.8	829.0	0.0
94646	73	0	5	0.175	55.8	279.0	0.3333333333333333
94647	27	0	5	0.06	25.0	125.0	0.0
94648	140	0	5	0.3425	55.4	277.0	0.3333333333333333
94649	82	0	5	0.1975	65.4	327.0	0.3333333333333333
94650	45	0	5	0.105	43.0	215.0	0.0
94651	396	0	5	0.9825	292.4	1462.0	0.6666666666666666
94652	161	0	5	0.395	131.8	659.0	0.6666666666666666
94653	126	0	5	0.3075	112.0	560.0	0.0
94654	220	0	5	0.5425	162.8	814.0	0.3333333333333333
94655	321	0	5	0.795	155.6	778.0	0.6666666666666666
94656	282	0	5	0.6975	106.0	530.0	0.3333333333333333
94657	180	0	5	0.4425	154.0	770.0	0.0
94658	229	0	5	0.565	199.8	999.0	0.0
94659	370	0	5	0.9175	285.2	1426.0	0.6666666666666666
94660	251	0	5	0.62	166.8	834.0	0.3333333333333333
94661	257	0	5	0.635	103.0	515.0	0.6666666666666666
94662	98	0	5	0.2375	66.4	332.0	0.0
94663	131	0	5	0.32	129.0	645.0	0.0
94664	323	0	5	0.8	199.2	996.0	0.3333333333333333
94665	329	0	5	0.815	136.6	683.0	0.6666666666666666
94666	375	0	5	0.93	253.0	1265.0	0.6666666666666666
94667	350	0	5	0.8675	147.6	738.0	0.6666666666666666
94668	398	0	5	0.9875	214.8	1074.0	0.6666666666666666
94669	127	0	5	0.31	76.6	383.0	0.3333333333333333
94670	38	0	5	0.0875	36.0	180.0	0.0
94671	172	0	5	0.4225	114.6	573.0	0.6666666666666666
94672	214	0	5	0.5275	197.8	989.0	0.3333333333333333
94673	52	0	5	0.1225	50.0	250.0	0.0
94674	88	0	5	0.2125	86.0	430.0	0.0
94675	328	0	5	0.8125	205.6	1028.0	0.6666666666666666
94676	216	0	5	0.5325	189.6	948.0	0.3333333333333333
94677	257	0	5	0.635	107.8	539.0	0.3333333333333333
94678	248	0	5	0.6125	168.0	840.0	0.3333333333333333
94679	292	0	5	0.7225	96.0	480.0	0.6666666666666666
94680	67	0	5	0.16	46.6	233.0	0.3333333333333333
94681	384	1	4	0.9575	213.4	1067.0	1.0
94682	256	0	5	0.6325	152.4	762.0	0.6666666666666666
94683	55	0	5	0.13	53.0	265.0	0.0
94684	242	0	5	0.5975	222.2	1111.0	0.3333333333333333
94685	166	0	5	0.4075	110.4	552.0	0.3333333333333333
94686	249	0	5	0.615	64.2	321.0	0.3333333333333333
94687	365	0	5	0.905	183.2	916.0	0.6666666666666666
94688	317	0	5	0.785	211.0	1055.0	0.6666666666666666
94689	329	0	5	0.815	177.8	889.0	0.6666666666666666
94690	122	0	5	0.2975	120.0	600.0	0.0
94691	19	0	5	0.04	17.0	85.0	0.0
94692	14	0	5	0.0275	12.0	60.0	0.0
94693	17	0	5	0.035	12.0	60.0	0.3333333333333333
94694	64	0	5	0.1525	29.0	145.0	0.3333333333333333
94695	45	0	5	0.105	43.0	215.0	0.0
94696	242	0	5	0.5975	102.6	513.0	0.6666666666666666
94697	179	0	5	0.44	57.4	287.0	0.6666666666666666
94698	303	0	5	0.75	234.0	1170.0	0.6666666666666666
94699	85	0	5	0.205	79.8	399.0	0.3333333333333333
94700	182	0	5	0.4475	55.2	276.0	0.3333333333333333
94701	264	0	5	0.6525	150.2	751.0	0.6666666666666666
94702	255	0	5	0.63	62.6	313.0	0.6666666666666666
94703	379	1	4	0.945	262.2	1311.0	1.0
94704	320	0	5	0.7925	235.8	1179.0	0.6666666666666666
94705	52	0	5	0.1225	50.0	250.0	0.0
94706	175	1	4	0.435	46.2	231.0	1.0
94707	123	1	4	0.305	41.4	207.0	1.0
94708	285	1	4	0.71	107.4	537.0	1.0
94709	190	0	5	0.4675	188.0	940.0	0.0
94710	285	0	5	0.705	190.6	953.0	0.0
94711	311	0	5	0.77	160.2	801.0	0.6666666666666666
94712	318	0	5	0.7875	127.2	636.0	0.6666666666666666
94713	228	0	5	0.5625	176.0	880.0	0.0
94714	184	0	5	0.4525	133.2	666.0	0.6666666666666666
94715	223	1	4	0.555	182.6	913.0	1.0
94716	371	0	5	0.92	315.4	1577.0	0.6666666666666666
94717	102	0	5	0.2475	33.2	166.0	0.3333333333333333
94718	359	0	5	0.89	312.4	1562.0	0.6666666666666666
94719	263	0	5	0.65	69.6	348.0	0.3333333333333333
94720	281	0	5	0.695	168.6	843.0	0.0
94721	60	0	5	0.1425	43.2	216.0	0.3333333333333333
94722	254	0	5	0.6275	174.2	871.0	0.3333333333333333
94723	243	0	5	0.6	200.6	1003.0	0.6666666666666666
94724	40	0	5	0.0925	23.0	115.0	0.0
94725	180	0	5	0.4425	178.0	890.0	0.0
94726	193	0	5	0.475	154.2	771.0	0.3333333333333333
94727	265	0	5	0.655	155.0	775.0	0.0
94728	157	0	5	0.385	146.4	732.0	0.0
94729	170	0	5	0.4175	105.6	528.0	0.0
94730	224	0	5	0.5525	71.2	356.0	0.6666666666666666
94731	82	0	5	0.1975	36.0	180.0	0.3333333333333333
94732	119	0	5	0.29	117.0	585.0	0.0
94733	297	1	4	0.74	129.0	645.0	1.0
94734	344	0	5	0.8525	200.6	1003.0	0.6666666666666666
94735	385	0	5	0.955	325.0	1625.0	0.6666666666666666
94736	336	0	5	0.8325	189.0	945.0	0.6666666666666666
94737	30	0	5	0.0675	21.4	107.0	0.3333333333333333
94738	129	0	5	0.315	127.0	635.0	0.0
94739	171	0	5	0.42	111.4	557.0	0.3333333333333333
94740	367	0	5	0.91	221.0	1105.0	0.6666666666666666
94741	184	0	5	0.4525	135.0	675.0	0.3333333333333333
94742	253	0	5	0.625	110.8	554.0	0.3333333333333333
94743	396	0	5	0.9825	198.2	991.0	0.6666666666666666
94744	341	0	5	0.845	258.6	1293.0	0.6666666666666666
94745	193	1	3	0.48	129.8	649.0	1.0
94746	302	0	5	0.7475	254.6	1273.0	0.3333333333333333
94747	262	0	5	0.6475	215.4	1077.0	0.0
94748	247	0	5	0.61	201.6	1008.0	0.3333333333333333
94749	100	1	4	0.2475	70.6	353.0	1.0
94750	347	0	5	0.86	181.2	906.0	0.6666666666666666
94751	226	0	5	0.5575	68.2	341.0	0.6666666666666666
94752	109	0	5	0.265	107.0	535.0	0.0
94753	74	0	5	0.1775	72.0	360.0	0.0
94754	88	0	5	0.2125	40.8	204.0	0.3333333333333333
94755	246	0	5	0.6075	168.8	844.0	0.0
94756	133	0	5	0.325	92.6	463.0	0.6666666666666666
94757	181	1	3	0.45	103.2	516.0	1.0
94758	357	0	5	0.885	286.0	1430.0	0.6666666666666666
94759	364	0	5	0.9025	275.4	1377.0	0.6666666666666666
94760	198	0	5	0.4875	196.0	980.0	0.3333333333333333
94761	298	0	5	0.7375	201.6	1008.0	0.3333333333333333
94762	209	0	5	0.515	99.6	498.0	0.6666666666666666
94763	20	0	5	0.0425	18.0	90.0	0.0
94764	91	0	5	0.22	33.4	167.0	0.3333333333333333
94765	245	0	5	0.605	211.2	1056.0	0.3333333333333333
94766	115	0	5	0.28	96.2	481.0	0.3333333333333333
94767	143	0	5	0.35	105.8	529.0	0.3333333333333333
94768	169	0	5	0.415	100.6	503.0	0.6666666666666666
94769	399	0	5	0.99	197.2	986.0	0.6666666666666666
94770	183	0	5	0.45	93.4	467.0	0.6666666666666666
94771	104	0	5	0.2525	55.4	277.0	0.6666666666666666
94772	93	0	5	0.225	41.6	208.0	0.6666666666666666
94773	292	1	4	0.7275	80.4	402.0	1.0
94774	60	0	5	0.1425	58.0	290.0	0.0
94775	218	0	5	0.5375	146.0	730.0	0.6666666666666666
94776	305	0	5	0.755	134.4	672.0	0.6666666666666666
94777	2	0	5	0.0	0.0	0.0	0.0
94778	272	0	5	0.6725	194.0	970.0	0.6666666666666666
94779	94	0	5	0.2275	78.8	394.0	0.0
94780	59	0	5	0.14	42.6	213.0	0.0
94781	394	0	5	0.9775	208.6	1043.0	0.6666666666666666
94782	355	0	5	0.88	187.4	937.0	0.6666666666666666
94783	273	0	5	0.675	67.8	339.0	0.6666666666666666
94784	148	0	5	0.3625	125.2	626.0	0.0
94785	77	0	5	0.185	75.0	375.0	0.0
94786	6	0	5	0.0075	4.0	20.0	0.0
94787	291	0	5	0.72	252.2	1261.0	0.6666666666666666
94788	258	0	5	0.6375	113.6	568.0	0.3333333333333333
94789	251	0	5	0.62	55.8	279.0	0.6666666666666666
94790	291	1	4	0.725	194.2	971.0	1.0
94791	164	0	5	0.4025	112.8	564.0	0.0
94792	100	0	5	0.2425	43.4	217.0	0.0
94793	262	0	5	0.6475	154.0	770.0	0.6666666666666666
94794	320	0	5	0.7925	171.8	859.0	0.3333333333333333
94795	75	0	5	0.18	28.2	141.0	0.3333333333333333
94796	16	0	5	0.0325	14.0	70.0	0.0
94797	247	0	5	0.61	104.2	521.0	0.3333333333333333
94798	191	0	5	0.47	65.8	329.0	0.0
94799	197	0	5	0.485	90.2	451.0	0.3333333333333333
94800	75	0	5	0.18	25.0	125.0	0.3333333333333333
94801	255	0	5	0.63	171.4	857.0	0.6666666666666666
94802	115	0	5	0.28	90.2	451.0	0.0
94803	248	0	5	0.6125	134.8	674.0	0.6666666666666666
94804	333	0	5	0.825	312.8	1564.0	0.3333333333333333
94805	234	0	5	0.5775	195.0	975.0	0.3333333333333333
94806	249	0	5	0.615	102.2	511.0	0.3333333333333333
94807	47	0	5	0.11	27.4	137.0	0.3333333333333333
94808	255	0	5	0.63	99.4	497.0	0.6666666666666666
94809	84	0	5	0.2025	76.4	382.0	0.0
94810	274	0	5	0.6775	256.6	1283.0	0.3333333333333333
94811	192	0	5	0.4725	184.6	923.0	0.3333333333333333
94812	251	0	5	0.62	140.4	702.0	0.6666666666666666
94813	367	0	5	0.91	98.2	491.0	0.6666666666666666
94814	73	0	5	0.175	48.2	241.0	0.0
94815	283	0	5	0.7	226.4	1132.0	0.3333333333333333
94816	150	0	5	0.3675	99.4	497.0	0.3333333333333333
94817	72	0	5	0.1725	70.0	350.0	0.0
94818	98	0	5	0.2375	65.2	326.0	0.0
94819	53	0	5	0.125	26.4	132.0	0.0
94820	108	0	5	0.2625	73.2	366.0	0.3333333333333333
94821	284	0	5	0.7025	128.0	640.0	0.3333333333333333
94822	17	0	5	0.035	15.0	75.0	0.0
94823	394	0	5	0.9775	268.2	1341.0	0.6666666666666666
94824	58	0	5	0.1375	27.2	136.0	0.6666666666666666
94825	96	0	5	0.2325	94.0	470.0	0.3333333333333333
94826	154	0	5	0.3775	131.0	655.0	0.0
94827	45	0	5	0.105	43.0	215.0	0.0
94828	272	0	5	0.6725	249.2	1246.0	0.3333333333333333
94829	4	0	5	0.0025	2.0	10.0	0.0
94830	231	0	5	0.57	182.2	911.0	0.3333333333333333
94831	107	0	5	0.26	97.8	489.0	0.3333333333333333
94832	182	0	5	0.4475	72.4	362.0	0.3333333333333333
94833	299	0	5	0.74	249.8	1249.0	0.3333333333333333
94834	326	0	5	0.8075	119.2	596.0	0.6666666666666666
94835	74	0	5	0.1775	35.6	178.0	0.0
94836	182	0	5	0.4475	154.6	773.0	0.0
94837	235	0	5	0.58	162.2	811.0	0.3333333333333333
94838	227	0	5	0.56	159.2	796.0	0.6666666666666666
94839	398	0	5	0.9875	278.4	1392.0	0.6666666666666666
94840	30	0	5	0.0675	28.0	140.0	0.0
94841	328	0	5	0.8125	112.6	563.0	0.6666666666666666
94842	316	0	5	0.7825	142.4	712.0	0.6666666666666666
94843	5	0	5	0.005	3.0	15.0	0.0
94844	141	0	5	0.345	90.2	451.0	0.6666666666666666
94845	323	1	4	0.805	85.0	425.0	1.0
94846	367	0	5	0.91	265.8	1329.0	0.6666666666666666
94847	346	0	5	0.8575	190.6	953.0	0.6666666666666666
94848	244	0	5	0.6025	120.8	604.0	0.6666666666666666
94849	401	0	5	0.995	127.4	637.0	0.6666666666666666
94850	247	0	5	0.61	116.4	582.0	0.3333333333333333
94851	71	0	5	0.17	53.8	269.0	0.0
94852	372	0	5	0.9225	138.8	694.0	0.6666666666666666
94853	35	0	5	0.08	33.0	165.0	0.0
94854	384	0	5	0.9525	95.6	478.0	0.6666666666666666
94855	84	0	5	0.2025	76.6	383.0	0.3333333333333333
94856	48	0	5	0.1125	46.0	230.0	0.0
94857	124	0	5	0.3025	122.0	610.0	0.3333333333333333
94858	86	0	5	0.2075	84.0	420.0	0.0
94859	376	0	5	0.9325	275.6	1378.0	0.6666666666666666
94860	164	0	5	0.4025	114.0	570.0	0.3333333333333333
94861	97	0	5	0.235	95.0	475.0	0.0
94862	248	0	5	0.6125	146.0	730.0	0.6666666666666666
94863	154	0	5	0.3775	126.0	630.0	0.0
94864	349	0	5	0.865	155.6	778.0	0.6666666666666666
94865	209	0	5	0.515	97.2	486.0	0.6666666666666666
94866	28	0	5	0.0625	26.0	130.0	0.0
94867	208	0	5	0.5125	175.0	875.0	0.3333333333333333
94868	71	0	5	0.17	67.2	336.0	0.0
94869	307	0	5	0.76	160.8	804.0	0.3333333333333333
94870	271	0	5	0.67	233.4	1167.0	0.3333333333333333
94871	233	0	5	0.575	210.6	1053.0	0.6666666666666666
94872	2	0	5	0.0	0.0	0.0	0.0
94873	99	0	5	0.24	91.4	457.0	0.0
94874	128	0	5	0.3125	94.0	470.0	0.6666666666666666
94875	141	0	5	0.345	62.2	311.0	0.0
94876	149	0	5	0.365	141.6	708.0	0.3333333333333333
94877	386	0	5	0.9575	286.8	1434.0	0.6666666666666666
94878	365	0	5	0.905	216.4	1082.0	0.6666666666666666
94879	312	1	4	0.7775	184.4	922.0	1.0
94880	196	0	5	0.4825	51.6	258.0	0.6666666666666666
94881	133	0	5	0.325	74.2	371.0	0.3333333333333333
94882	281	0	5	0.695	181.6	908.0	0.3333333333333333
94883	296	0	5	0.7325	137.8	689.0	0.6666666666666666
94884	72	0	5	0.1725	61.8	309.0	0.3333333333333333
94885	176	0	5	0.4325	142.8	714.0	0.0
94886	247	0	5	0.61	182.0	910.0	0.6666666666666666
94887	285	0	5	0.705	283.0	1415.0	0.3333333333333333
94888	120	0	5	0.2925	49.6	248.0	0.0
94889	314	0	5	0.7775	162.4	812.0	0.6666666666666666
94890	369	0	5	0.915	235.0	1175.0	0.6666666666666666
94891	303	0	5	0.75	278.6	1393.0	0.6666666666666666
94892	280	0	5	0.6925	176.4	882.0	0.6666666666666666
94893	291	0	5	0.72	108.2	541.0	0.6666666666666666
94894	164	0	5	0.4025	162.0	810.0	0.0
94895	100	0	5	0.2425	75.6	378.0	0.3333333333333333
94896	292	0	5	0.7225	255.6	1278.0	0.0
94897	258	0	5	0.6375	85.6	428.0	0.6666666666666666
94898	95	0	5	0.23	64.2	321.0	0.3333333333333333
94899	13	0	5	0.025	11.0	55.0	0.0
94900	326	1	4	0.8125	134.0	670.0	1.0
94901	54	0	5	0.1275	31.4	157.0	0.3333333333333333
94902	269	1	4	0.67	69.0	345.0	1.0
94903	278	0	5	0.6875	111.4	557.0	0.6666666666666666
94904	182	0	5	0.4475	180.0	900.0	0.0
94905	288	0	5	0.7125	150.2	751.0	0.6666666666666666
94906	399	0	5	0.99	235.8	1179.0	0.6666666666666666
94907	103	0	5	0.25	77.0	385.0	0.3333333333333333
94908	128	0	5	0.3125	101.4	507.0	0.3333333333333333
94909	264	0	5	0.6525	80.8	404.0	0.6666666666666666
94910	110	0	5	0.2675	108.0	540.0	0.0
94911	148	0	5	0.3625	108.8	544.0	0.3333333333333333
94912	325	0	5	0.805	150.8	754.0	0.6666666666666666
94913	277	0	5	0.685	182.6	913.0	0.6666666666666666
94914	160	0	5	0.3925	111.6	558.0	0.6666666666666666
94915	66	1	4	0.1625	17.2	86.0	1.0
94916	318	0	5	0.7875	173.2	866.0	0.6666666666666666
94917	83	0	5	0.2	81.0	405.0	0.0
94918	229	0	5	0.565	149.2	746.0	0.3333333333333333
94919	206	1	4	0.5125	203.2	1016.0	1.0
94920	252	0	5	0.6225	156.4	782.0	0.6666666666666666
94921	263	0	5	0.65	79.4	397.0	0.3333333333333333
94922	274	0	5	0.6775	199.2	996.0	0.6666666666666666
94923	208	0	5	0.5125	137.2	686.0	0.6666666666666666
94924	109	0	5	0.265	88.6	443.0	0.3333333333333333
94925	275	1	4	0.685	167.8	839.0	1.0
94926	281	0	5	0.695	227.2	1136.0	0.3333333333333333
94927	263	0	5	0.65	102.6	513.0	0.3333333333333333
94928	98	0	5	0.2375	95.4	477.0	0.3333333333333333
94929	74	0	5	0.1775	72.0	360.0	0.0
94930	262	0	5	0.6475	140.0	700.0	0.6666666666666666
94931	193	0	5	0.475	119.6	598.0	0.3333333333333333
94932	331	0	5	0.82	273.6	1368.0	0.3333333333333333
94933	55	0	5	0.13	53.0	265.0	0.0
94934	66	0	5	0.1575	42.4	212.0	0.3333333333333333
94935	233	0	5	0.575	142.6	713.0	0.0
94936	194	0	5	0.4775	77.2	386.0	0.3333333333333333
94937	317	1	4	0.79	88.2	441.0	1.0
94938	234	0	5	0.5775	122.4	612.0	0.6666666666666666
94939	149	0	5	0.365	126.2	631.0	0.0
94940	161	0	5	0.395	75.8	379.0	0.3333333333333333
94941	173	0	5	0.425	46.2	231.0	0.3333333333333333
94942	327	0	5	0.81	207.8	1039.0	0.6666666666666666
94943	225	0	5	0.555	117.4	587.0	0.3333333333333333
94944	237	0	5	0.585	191.8	959.0	0.6666666666666666
94945	381	0	5	0.945	83.0	415.0	0.6666666666666666
94946	170	0	5	0.4175	64.0	320.0	0.6666666666666666
94947	382	0	5	0.9475	147.2	736.0	0.6666666666666666
94948	358	0	5	0.8875	252.4	1262.0	0.0
94949	365	0	5	0.905	180.6	903.0	0.3333333333333333
94950	176	0	5	0.4325	71.6	358.0	0.3333333333333333
94951	204	0	5	0.5025	85.4	427.0	0.6666666666666666
94952	207	0	5	0.51	149.2	746.0	0.3333333333333333
94953	261	0	5	0.645	137.0	685.0	0.3333333333333333
94954	136	0	5	0.3325	134.0	670.0	0.0
94955	226	0	5	0.5575	224.0	1120.0	0.0
94956	89	0	5	0.215	64.2	321.0	0.3333333333333333
94957	281	0	5	0.695	202.2	1011.0	0.0
94958	358	0	5	0.8875	169.2	846.0	0.6666666666666666
94959	21	0	5	0.045	15.4	77.0	0.3333333333333333
94960	224	0	5	0.5525	213.2	1066.0	0.3333333333333333
94961	206	0	5	0.5075	198.0	990.0	0.0
94962	34	0	5	0.0775	32.0	160.0	0.0
94963	71	0	5	0.17	69.0	345.0	0.0
94964	235	0	5	0.58	131.4	657.0	0.6666666666666666
94965	255	0	5	0.63	182.2	911.0	0.3333333333333333
94966	84	0	5	0.2025	80.0	400.0	0.3333333333333333
94967	340	0	5	0.8425	130.6	653.0	0.6666666666666666
94968	72	0	5	0.1725	61.8	309.0	0.3333333333333333
94969	207	0	5	0.51	107.8	539.0	0.0
94970	109	0	5	0.265	46.4	232.0	0.3333333333333333
94971	267	0	5	0.66	89.2	446.0	0.3333333333333333
94972	217	0	5	0.535	191.0	955.0	0.3333333333333333
94973	399	0	5	0.99	228.2	1141.0	0.6666666666666666
94974	54	0	5	0.1275	52.0	260.0	0.0
94975	203	0	5	0.5	201.0	1005.0	0.3333333333333333
94976	347	0	5	0.86	213.2	1066.0	0.3333333333333333
94977	41	0	5	0.095	39.0	195.0	0.0
94978	358	0	5	0.8875	225.6	1128.0	0.6666666666666666
94979	299	1	4	0.745	169.6	848.0	1.0
94980	141	0	5	0.345	48.6	243.0	0.6666666666666666
94981	130	1	4	0.3225	60.0	300.0	1.0
94982	83	0	5	0.2	37.0	185.0	0.3333333333333333
94983	201	0	5	0.495	163.4	817.0	0.3333333333333333
94984	136	0	5	0.3325	54.8	274.0	0.0
94985	41	0	5	0.095	34.0	170.0	0.0
94986	35	0	5	0.08	33.0	165.0	0.0
94987	302	0	5	0.7475	112.0	560.0	0.6666666666666666
94988	198	0	5	0.4875	133.6	668.0	0.3333333333333333
94989	241	0	5	0.595	123.8	619.0	0.3333333333333333
94990	64	0	5	0.1525	51.2	256.0	0.3333333333333333
94991	77	0	5	0.185	15.4	77.0	0.3333333333333333
94992	43	0	5	0.1	41.0	205.0	0.0
94993	303	0	5	0.75	236.4	1182.0	0.3333333333333333
94994	129	0	5	0.315	110.0	550.0	0.0
94995	375	0	5	0.93	119.2	596.0	0.6666666666666666
94996	231	0	5	0.57	71.0	355.0	0.3333333333333333
94997	255	0	5	0.63	149.4	747.0	0.3333333333333333
94998	380	1	4	0.9475	219.2	1096.0	1.0
94999	96	0	5	0.2325	94.0	470.0	0.0
95000	104	0	5	0.2525	102.0	510.0	0.0
95001	301	0	5	0.745	168.6	843.0	0.3333333333333333
95002	350	0	5	0.8675	227.2	1136.0	0.6666666666666666
95003	154	0	5	0.3775	111.2	556.0	0.3333333333333333
95004	106	0	5	0.2575	104.0	520.0	0.0
95005	156	0	5	0.3825	50.8	254.0	0.3333333333333333
95006	315	1	4	0.785	166.6	833.0	1.0
95007	16	0	5	0.0325	10.0	50.0	0.3333333333333333
95008	173	0	5	0.425	118.2	591.0	0.6666666666666666
95009	145	0	5	0.355	69.8	349.0	0.3333333333333333
95010	67	0	5	0.16	64.2	321.0	0.0
95011	3	0	5	0.0025	0.4	2.0	0.0
95012	184	0	5	0.4525	47.6	238.0	0.3333333333333333
95013	328	0	5	0.8125	210.4	1052.0	0.6666666666666666
95014	181	0	5	0.445	140.0	700.0	0.6666666666666666
95015	249	0	5	0.615	98.2	491.0	0.3333333333333333
95016	296	0	5	0.7325	163.6	818.0	0.3333333333333333
95017	231	0	5	0.57	168.6	843.0	0.3333333333333333
95018	283	0	5	0.7	92.8	464.0	0.6666666666666666
95019	329	1	4	0.82	182.6	913.0	1.0
95020	250	0	5	0.6175	197.2	986.0	0.6666666666666666
95021	389	1	4	0.97	138.4	692.0	1.0
95022	231	0	5	0.57	113.4	567.0	0.3333333333333333
95023	204	0	5	0.5025	108.6	543.0	0.3333333333333333
95024	350	0	5	0.8675	86.0	430.0	0.6666666666666666
95025	401	0	3	0.9975	220.4	1102.0	0.6666666666666666
95026	55	0	5	0.13	53.0	265.0	0.0
95027	246	0	5	0.6075	222.8	1114.0	0.3333333333333333
95028	118	0	5	0.2875	53.0	265.0	0.3333333333333333
95029	74	0	5	0.1775	72.0	360.0	0.0
95030	88	0	5	0.2125	50.6	253.0	0.0
95031	129	0	5	0.315	79.8	399.0	0.0
95032	302	0	5	0.7475	217.6	1088.0	0.6666666666666666
95033	309	0	5	0.765	177.4	887.0	0.6666666666666666
95034	398	1	4	0.9925	142.8	714.0	1.0
95035	235	0	5	0.58	212.2	1061.0	0.3333333333333333
95036	166	0	5	0.4075	59.2	296.0	0.6666666666666666
95037	33	1	4	0.08	12.2	61.0	1.0
95038	330	1	4	0.8225	115.4	577.0	1.0
95039	165	0	5	0.405	68.6	343.0	0.3333333333333333
95040	83	0	5	0.2	81.0	405.0	0.0
95041	138	1	4	0.3425	90.8	454.0	1.0
95042	248	0	5	0.6125	128.0	640.0	0.3333333333333333
95043	121	0	5	0.295	75.4	377.0	0.0
95044	230	0	5	0.5675	83.2	416.0	0.6666666666666666
95045	79	0	5	0.19	77.0	385.0	0.0
95046	329	1	4	0.82	174.6	873.0	1.0
95047	77	0	5	0.185	71.0	355.0	0.3333333333333333
95048	336	0	5	0.8325	273.0	1365.0	0.6666666666666666
95049	122	0	5	0.2975	104.0	520.0	0.3333333333333333
95050	372	0	5	0.9225	275.6	1378.0	0.6666666666666666
95051	91	0	5	0.22	40.8	204.0	0.3333333333333333
95052	165	0	5	0.405	148.2	741.0	0.3333333333333333
95053	157	0	5	0.385	155.0	775.0	0.0
95054	154	0	5	0.3775	99.4	497.0	0.3333333333333333
95055	75	0	5	0.18	39.4	197.0	0.6666666666666666
95056	249	1	4	0.62	175.8	879.0	1.0
95057	5	0	5	0.005	3.0	15.0	0.0
95058	30	0	5	0.0675	28.0	140.0	0.0
95059	331	0	5	0.82	156.8	784.0	0.3333333333333333
95060	244	0	5	0.6025	88.2	441.0	0.6666666666666666
95061	91	0	5	0.22	81.8	409.0	0.0
95062	308	0	5	0.7625	175.6	878.0	0.3333333333333333
95063	104	0	5	0.2525	102.0	510.0	0.0
95064	252	0	5	0.6225	213.0	1065.0	0.3333333333333333
95065	234	0	5	0.5775	122.2	611.0	0.0
95066	343	0	5	0.85	98.2	491.0	0.6666666666666666
95067	317	0	5	0.785	154.2	771.0	0.6666666666666666
95068	353	1	4	0.88	152.0	760.0	1.0
95069	235	0	5	0.58	229.0	1145.0	0.0
95070	310	0	5	0.7675	193.8	969.0	0.6666666666666666
95071	208	0	5	0.5125	182.0	910.0	0.6666666666666666
95072	104	0	5	0.2525	90.4	452.0	0.3333333333333333
95073	278	0	5	0.6875	132.6	663.0	0.3333333333333333
95074	240	0	5	0.5925	174.4	872.0	0.0
95075	365	0	5	0.905	348.2	1741.0	0.6666666666666666
95076	91	0	5	0.22	89.0	445.0	0.0
95077	33	0	5	0.075	31.0	155.0	0.0
95078	230	0	5	0.5675	60.0	300.0	0.3333333333333333
95079	120	0	5	0.2925	117.2	586.0	0.3333333333333333
95080	266	0	5	0.6575	194.6	973.0	0.3333333333333333
95081	340	0	5	0.8425	223.2	1116.0	0.6666666666666666
95082	391	0	5	0.97	264.2	1321.0	0.6666666666666666
95083	150	0	5	0.3675	119.2	596.0	0.0
95084	176	0	5	0.4325	59.2	296.0	0.6666666666666666
95085	381	0	5	0.945	119.2	596.0	0.6666666666666666
95086	336	0	5	0.8325	294.2	1471.0	0.3333333333333333
95087	258	0	5	0.6375	160.6	803.0	0.6666666666666666
95088	33	0	5	0.075	21.4	107.0	0.3333333333333333
95089	62	0	5	0.1475	41.2	206.0	0.0
95090	52	0	5	0.1225	18.0	90.0	0.3333333333333333
95091	140	0	5	0.3425	75.0	375.0	0.6666666666666666
95092	149	0	5	0.365	84.2	421.0	0.3333333333333333
95093	326	0	5	0.8075	129.2	646.0	0.3333333333333333
95094	298	0	5	0.7375	138.4	692.0	0.6666666666666666
95095	387	1	4	0.965	217.8	1089.0	1.0
95096	54	0	5	0.1275	52.0	260.0	0.0
95097	110	0	5	0.2675	92.4	462.0	0.3333333333333333
95098	264	0	5	0.6525	174.8	874.0	0.3333333333333333
95099	244	0	5	0.6025	66.0	330.0	0.6666666666666666
95100	321	0	5	0.795	192.2	961.0	0.6666666666666666
95101	249	0	5	0.615	183.8	919.0	0.3333333333333333
95102	206	0	5	0.5075	171.0	855.0	0.6666666666666666
95103	391	1	4	0.975	284.6	1423.0	1.0
95104	126	0	5	0.3075	68.0	340.0	0.3333333333333333
95105	109	0	5	0.265	88.0	440.0	0.3333333333333333
95106	60	0	5	0.1425	58.0	290.0	0.0
95107	200	0	5	0.4925	143.6	718.0	0.6666666666666666
95108	95	0	5	0.23	85.8	429.0	0.0
95109	341	1	4	0.85	92.8	464.0	1.0
95110	149	1	4	0.37	49.0	245.0	1.0
95111	262	0	5	0.6475	159.2	796.0	0.3333333333333333
95112	99	0	5	0.24	97.0	485.0	0.0
95113	95	0	5	0.23	93.0	465.0	0.0
95114	156	0	5	0.3825	108.4	542.0	0.6666666666666666
95115	148	0	5	0.3625	140.4	702.0	0.3333333333333333
95116	113	0	5	0.275	53.4	267.0	0.0
95117	284	1	4	0.7075	116.0	580.0	1.0
95118	173	0	5	0.425	79.0	395.0	0.3333333333333333
95119	251	0	5	0.62	80.0	400.0	0.6666666666666666
95120	164	0	5	0.4025	36.4	182.0	0.3333333333333333
95121	195	0	5	0.48	38.8	194.0	0.6666666666666666
95122	253	0	5	0.625	157.0	785.0	0.6666666666666666
95123	141	1	4	0.35	65.2	326.0	1.0
95124	104	0	5	0.2525	78.0	390.0	0.3333333333333333
95125	264	0	5	0.6525	255.0	1275.0	0.3333333333333333
95126	13	0	5	0.025	11.0	55.0	0.0
95127	73	0	5	0.175	71.0	355.0	0.0
95128	364	0	5	0.9025	177.2	886.0	0.6666666666666666
95129	303	0	5	0.75	168.2	841.0	0.6666666666666666
95130	184	0	5	0.4525	73.2	366.0	0.3333333333333333
95131	236	0	5	0.5825	233.4	1167.0	0.0
95132	105	0	5	0.255	50.8	254.0	0.3333333333333333
95133	209	0	5	0.515	141.8	709.0	0.3333333333333333
95134	208	0	5	0.5125	163.6	818.0	0.3333333333333333
95135	349	0	5	0.865	150.2	751.0	0.3333333333333333
95136	201	0	5	0.495	40.0	200.0	0.6666666666666666
95137	136	0	5	0.3325	93.2	466.0	0.3333333333333333
95138	139	0	5	0.34	137.0	685.0	0.0
95139	215	0	5	0.53	105.8	529.0	0.3333333333333333
95140	270	0	5	0.6675	131.8	659.0	0.3333333333333333
95141	360	0	5	0.8925	142.0	710.0	0.3333333333333333
95142	84	0	5	0.2025	74.8	374.0	0.3333333333333333
95143	230	0	5	0.5675	149.8	749.0	0.3333333333333333
95144	100	0	5	0.2425	70.4	352.0	0.3333333333333333
95145	127	0	5	0.31	73.8	369.0	0.3333333333333333
95146	323	1	4	0.805	136.2	681.0	1.0
95147	311	0	5	0.77	149.6	748.0	0.6666666666666666
95148	384	0	5	0.9525	198.4	992.0	0.6666666666666666
95149	192	0	5	0.4725	173.2	866.0	0.0
95150	71	0	5	0.17	58.2	291.0	0.3333333333333333
95151	126	0	5	0.3075	95.2	476.0	0.6666666666666666
95152	60	0	5	0.1425	27.6	138.0	0.3333333333333333
95153	289	1	4	0.72	145.0	725.0	1.0
95154	253	0	5	0.625	145.0	725.0	0.6666666666666666
95155	181	0	5	0.445	87.8	439.0	0.0
95156	159	0	5	0.39	64.6	323.0	0.3333333333333333
95157	106	0	5	0.2575	103.6	518.0	0.0
95158	42	0	5	0.0975	40.0	200.0	0.0
95159	257	0	5	0.635	204.6	1023.0	0.3333333333333333
95160	363	0	5	0.9	158.0	790.0	0.6666666666666666
95161	206	0	5	0.5075	67.2	336.0	0.3333333333333333
95162	235	0	5	0.58	143.6	718.0	0.3333333333333333
95163	354	1	4	0.8825	97.2	486.0	1.0
95164	398	0	5	0.9875	103.2	516.0	0.6666666666666666
95165	18	0	5	0.0375	16.0	80.0	0.0
95166	352	0	5	0.8725	184.4	922.0	0.0
95167	248	0	5	0.6125	126.2	631.0	0.3333333333333333
95168	166	0	5	0.4075	130.6	653.0	0.3333333333333333
95169	222	0	5	0.5475	208.8	1044.0	0.6666666666666666
95170	368	0	5	0.9125	270.0	1350.0	0.3333333333333333
95171	110	0	5	0.2675	55.2	276.0	0.3333333333333333
95172	244	0	5	0.6025	86.0	430.0	0.3333333333333333
95173	327	1	3	0.815	229.2	1146.0	1.0
95174	194	0	5	0.4775	146.0	730.0	0.3333333333333333
95175	186	0	5	0.4575	128.0	640.0	0.3333333333333333
95176	196	1	4	0.4875	138.8	694.0	1.0
95177	158	0	5	0.3875	111.2	556.0	0.3333333333333333
95178	124	0	5	0.3025	32.6	163.0	0.3333333333333333
95179	260	0	5	0.6425	202.4	1012.0	0.6666666666666666
95180	392	0	5	0.9725	246.8	1234.0	0.6666666666666666
95181	240	0	5	0.5925	148.2	741.0	0.3333333333333333
95182	271	0	5	0.67	167.8	839.0	0.3333333333333333
95183	134	0	5	0.3275	100.0	500.0	0.3333333333333333
95184	118	0	5	0.2875	116.0	580.0	0.0
95185	270	1	4	0.6725	98.8	494.0	1.0
95186	164	0	5	0.4025	137.4	687.0	0.3333333333333333
95187	50	0	5	0.1175	38.4	192.0	0.3333333333333333
95188	189	0	5	0.465	148.0	740.0	0.3333333333333333
95189	320	0	5	0.7925	246.0	1230.0	0.3333333333333333
95190	280	0	5	0.6925	166.8	834.0	0.3333333333333333
95191	19	0	5	0.04	17.0	85.0	0.0
95192	150	0	5	0.3675	67.0	335.0	0.6666666666666666
95193	165	0	5	0.405	88.2	441.0	0.6666666666666666
95194	143	0	5	0.35	105.8	529.0	0.3333333333333333
95195	167	1	4	0.415	111.4	557.0	1.0
95196	110	0	5	0.2675	80.4	402.0	0.3333333333333333
95197	69	0	5	0.165	67.0	335.0	0.0
95198	343	0	5	0.85	118.4	592.0	0.3333333333333333
95199	79	0	5	0.19	77.0	385.0	0.0
95200	291	0	5	0.72	91.4	457.0	0.3333333333333333
95201	238	0	5	0.5875	183.2	916.0	0.6666666666666666
95202	113	0	5	0.275	38.2	191.0	0.3333333333333333
95203	148	0	5	0.3625	135.0	675.0	0.3333333333333333
95204	391	0	5	0.97	292.8	1464.0	0.6666666666666666
95205	49	0	5	0.115	20.6	103.0	0.3333333333333333
95206	259	0	5	0.64	125.2	626.0	0.0
95207	220	0	5	0.5425	187.2	936.0	0.3333333333333333
95208	272	0	5	0.6725	159.6	798.0	0.6666666666666666
95209	382	0	5	0.9475	134.6	673.0	0.6666666666666666
95210	65	0	5	0.155	39.6	198.0	0.0
95211	51	0	5	0.12	44.2	221.0	0.3333333333333333
95212	280	0	5	0.6925	199.8	999.0	0.3333333333333333
95213	54	1	4	0.1325	19.6	98.0	1.0
95214	362	0	5	0.8975	194.0	970.0	0.6666666666666666
95215	10	0	5	0.0175	5.6	28.0	0.0
95216	255	1	4	0.635	191.0	955.0	1.0
95217	389	0	5	0.965	185.0	925.0	0.6666666666666666
95218	78	0	5	0.1875	17.6	88.0	0.3333333333333333
95219	122	0	5	0.2975	91.4	457.0	0.6666666666666666
95220	73	0	5	0.175	58.2	291.0	0.0
95221	334	1	4	0.8325	135.8	679.0	1.0
95222	97	0	5	0.235	68.0	340.0	0.3333333333333333
95223	292	1	4	0.7275	147.2	736.0	1.0
95224	128	0	5	0.3125	63.6	318.0	0.0
95225	36	0	5	0.0825	34.0	170.0	0.0
95226	147	0	5	0.36	131.4	657.0	0.3333333333333333
95227	207	1	4	0.515	168.0	840.0	1.0
95228	39	0	5	0.09	37.0	185.0	0.0
95229	271	0	5	0.67	259.2	1296.0	0.3333333333333333
95230	260	0	5	0.6425	182.8	914.0	0.3333333333333333
95231	394	0	5	0.9775	236.8	1184.0	0.6666666666666666
95232	298	0	5	0.7375	129.2	646.0	0.6666666666666666
95233	158	0	5	0.3875	121.6	608.0	0.3333333333333333
95234	229	0	5	0.565	100.2	501.0	0.6666666666666666
95235	375	0	5	0.93	251.6	1258.0	0.6666666666666666
95236	16	0	5	0.0325	14.0	70.0	0.0
95237	160	0	5	0.3925	114.0	570.0	0.3333333333333333
95238	366	0	5	0.9075	326.8	1634.0	0.6666666666666666
95239	98	0	5	0.2375	96.0	480.0	0.0
95240	279	0	5	0.69	154.4	772.0	0.0
95241	164	0	5	0.4025	117.2	586.0	0.6666666666666666
95242	156	0	5	0.3825	78.2	391.0	0.3333333333333333
95243	204	0	5	0.5025	189.2	946.0	0.0
95244	204	0	5	0.5025	104.8	524.0	0.6666666666666666
95245	244	1	4	0.6075	173.8	869.0	1.0
95246	296	0	5	0.7325	227.4	1137.0	0.6666666666666666
95247	272	0	5	0.6725	151.6	758.0	0.6666666666666666
95248	374	0	5	0.9275	144.6	723.0	0.6666666666666666
95249	94	0	5	0.2275	68.6	343.0	0.3333333333333333
95250	220	0	5	0.5425	104.0	520.0	0.3333333333333333
95251	131	0	5	0.32	70.2	351.0	0.3333333333333333
95252	284	0	5	0.7025	188.4	942.0	0.3333333333333333
95253	310	0	5	0.7675	253.8	1269.0	0.3333333333333333
95254	110	0	5	0.2675	73.0	365.0	0.3333333333333333
95255	3	0	5	0.0025	0.2	1.0	0.3333333333333333
95256	323	0	5	0.8	217.8	1089.0	0.3333333333333333
95257	312	0	5	0.7725	259.6	1298.0	0.3333333333333333
95258	76	0	5	0.1825	29.0	145.0	0.3333333333333333
95259	348	0	5	0.8625	313.2	1566.0	0.6666666666666666
95260	383	0	5	0.95	258.0	1290.0	0.6666666666666666
95261	152	0	5	0.3725	107.4	537.0	0.3333333333333333
95262	312	0	5	0.7725	192.4	962.0	0.6666666666666666
95263	76	0	5	0.1825	74.0	370.0	0.0
95264	158	0	5	0.3875	138.4	692.0	0.3333333333333333
95265	119	0	5	0.29	82.6	413.0	0.0
95266	289	1	4	0.72	113.0	565.0	1.0
95267	211	0	5	0.52	93.6	468.0	0.3333333333333333
95268	395	0	5	0.98	254.4	1272.0	0.6666666666666666
95269	135	0	5	0.33	133.0	665.0	0.0
95270	201	0	5	0.495	155.0	775.0	0.3333333333333333
95271	52	0	5	0.1225	48.8	244.0	0.0
95272	204	0	5	0.5025	117.6	588.0	0.3333333333333333
95273	401	0	4	0.9975	121.6	608.0	0.6666666666666666
95274	162	0	5	0.3975	137.2	686.0	0.0
95275	346	0	5	0.8575	193.6	968.0	0.6666666666666666
95276	330	0	5	0.8175	188.8	944.0	0.6666666666666666
95277	249	0	5	0.615	141.8	709.0	0.6666666666666666
95278	215	0	5	0.53	135.8	679.0	0.6666666666666666
95279	269	0	5	0.665	194.0	970.0	0.3333333333333333
95280	100	0	5	0.2425	98.0	490.0	0.0
95281	225	1	4	0.56	128.2	641.0	1.0
95282	243	0	5	0.6	181.8	909.0	0.3333333333333333
95283	134	0	5	0.3275	103.8	519.0	0.3333333333333333
95284	177	0	5	0.435	125.2	626.0	0.3333333333333333
95285	391	0	5	0.97	148.8	744.0	0.6666666666666666
95286	255	0	5	0.63	228.4	1142.0	0.6666666666666666
95287	283	0	5	0.7	147.4	737.0	0.3333333333333333
95288	37	0	5	0.085	35.0	175.0	0.0
95289	286	0	5	0.7075	189.4	947.0	0.3333333333333333
95290	47	0	5	0.11	45.0	225.0	0.0
95291	282	0	5	0.6975	134.6	673.0	0.3333333333333333
95292	187	0	5	0.46	41.0	205.0	0.3333333333333333
95293	350	0	5	0.8675	161.4	807.0	0.6666666666666666
95294	74	0	5	0.1775	32.8	164.0	0.3333333333333333
95295	370	0	5	0.9175	161.6	808.0	0.6666666666666666
95296	287	0	5	0.71	124.2	621.0	0.6666666666666666
95297	355	0	5	0.88	211.2	1056.0	0.6666666666666666
95298	44	0	5	0.1025	42.0	210.0	0.0
95299	170	0	5	0.4175	134.8	674.0	0.3333333333333333
95300	243	0	5	0.6	135.4	677.0	0.6666666666666666
95301	222	0	5	0.5475	158.0	790.0	0.3333333333333333
95302	59	1	4	0.145	19.0	95.0	1.0
95303	161	0	5	0.395	108.8	544.0	0.3333333333333333
95304	362	0	5	0.8975	277.8	1389.0	0.6666666666666666
95305	354	0	5	0.8775	282.8	1414.0	0.6666666666666666
95306	286	0	5	0.7075	183.2	916.0	0.6666666666666666
95307	327	0	5	0.81	218.8	1094.0	0.3333333333333333
95308	100	0	5	0.2425	93.6	468.0	0.0
95309	267	1	4	0.665	110.4	552.0	1.0
95310	127	0	5	0.31	124.6	623.0	0.0
95311	50	0	5	0.1175	40.6	203.0	0.3333333333333333
95312	121	0	5	0.295	48.4	242.0	0.6666666666666666
95313	255	1	4	0.635	136.6	683.0	1.0
95314	212	0	5	0.5225	160.2	801.0	0.3333333333333333
95315	266	0	5	0.6575	93.2	466.0	0.6666666666666666
95316	10	0	5	0.0175	8.0	40.0	0.0
95317	256	1	4	0.6375	232.0	1160.0	1.0
95318	352	0	5	0.8725	229.4	1147.0	0.6666666666666666
95319	293	0	5	0.725	240.2	1201.0	0.0
95320	328	0	5	0.8125	133.4	667.0	0.3333333333333333
95321	254	0	5	0.6275	76.0	380.0	0.6666666666666666
95322	255	1	4	0.635	143.0	715.0	1.0
95323	283	0	5	0.7	153.8	769.0	0.0
95324	141	0	5	0.345	65.0	325.0	0.3333333333333333
95325	239	0	5	0.59	207.4	1037.0	0.3333333333333333
95326	209	0	5	0.515	66.8	334.0	0.3333333333333333
95327	37	0	5	0.085	21.4	107.0	0.3333333333333333
95328	87	0	5	0.21	85.0	425.0	0.0
95329	350	1	4	0.8725	265.4	1327.0	1.0
95330	250	0	5	0.6175	242.4	1212.0	0.6666666666666666
95331	170	0	5	0.4175	113.2	566.0	0.6666666666666666
95332	350	0	5	0.8675	199.4	997.0	0.6666666666666666
95333	250	1	4	0.6225	210.4	1052.0	1.0
95334	255	0	5	0.63	200.8	1004.0	0.6666666666666666
95335	168	0	5	0.4125	143.6	718.0	0.3333333333333333
95336	273	0	5	0.675	254.2	1271.0	0.3333333333333333
95337	84	0	5	0.2025	62.8	314.0	0.0
95338	217	0	5	0.535	141.4	707.0	0.3333333333333333
95339	67	0	5	0.16	63.8	319.0	0.3333333333333333
95340	203	0	5	0.5	102.6	513.0	0.6666666666666666
95341	195	0	5	0.48	125.4	627.0	0.6666666666666666
95342	333	0	5	0.825	127.2	636.0	0.3333333333333333
95343	218	0	5	0.5375	96.8	484.0	0.6666666666666666
95344	241	0	5	0.595	103.2	516.0	0.3333333333333333
95345	220	1	4	0.5475	50.4	252.0	1.0
95346	234	0	5	0.5775	169.6	848.0	0.0
95347	199	0	5	0.49	161.8	809.0	0.0
95348	83	0	5	0.2	35.6	178.0	0.3333333333333333
95349	224	0	5	0.5525	63.4	317.0	0.6666666666666666
95350	255	1	4	0.635	80.8	404.0	1.0
95351	306	0	5	0.7575	238.2	1191.0	0.3333333333333333
95352	295	0	5	0.73	99.6	498.0	0.6666666666666666
95353	78	0	5	0.1875	52.0	260.0	0.3333333333333333
95354	307	0	5	0.76	176.2	881.0	0.3333333333333333
95355	299	0	5	0.74	181.4	907.0	0.6666666666666666
95356	28	0	5	0.0625	26.0	130.0	0.0
95357	65	0	5	0.155	20.6	103.0	0.3333333333333333
95358	372	0	5	0.9225	191.4	957.0	0.6666666666666666
95359	100	0	5	0.2425	65.6	328.0	0.3333333333333333
95360	398	0	5	0.9875	195.2	976.0	0.6666666666666666
95361	401	0	4	0.9975	257.0	1285.0	0.6666666666666666
95362	209	0	5	0.515	207.0	1035.0	0.0
95363	309	1	4	0.77	233.6	1168.0	1.0
95364	96	1	4	0.2375	24.8	124.0	1.0
95365	354	0	5	0.8775	249.6	1248.0	0.6666666666666666
95366	338	0	5	0.8375	178.2	891.0	0.6666666666666666
95367	214	0	5	0.5275	129.0	645.0	0.3333333333333333
95368	279	0	5	0.69	93.8	469.0	0.3333333333333333
95369	254	0	5	0.6275	120.6	603.0	0.3333333333333333
95370	392	1	4	0.9775	177.6	888.0	1.0
95371	77	0	5	0.185	75.0	375.0	0.0
95372	135	0	5	0.33	43.4	217.0	0.3333333333333333
95373	43	0	5	0.1	17.8	89.0	0.3333333333333333
95374	233	0	5	0.575	161.4	807.0	0.3333333333333333
95375	150	0	5	0.3675	75.2	376.0	0.3333333333333333
95376	346	0	5	0.8575	119.6	598.0	0.3333333333333333
95377	335	0	5	0.83	238.0	1190.0	0.3333333333333333
95378	147	0	5	0.36	107.8	539.0	0.0
95379	161	0	5	0.395	125.2	626.0	0.6666666666666666
95380	163	0	5	0.4	88.8	444.0	0.3333333333333333
95381	107	0	5	0.26	105.0	525.0	0.0
95382	172	0	5	0.4225	61.2	306.0	0.3333333333333333
95383	28	0	5	0.0625	19.2	96.0	0.0
95384	332	0	5	0.8225	198.4	992.0	0.6666666666666666
95385	299	0	5	0.74	229.0	1145.0	0.3333333333333333
95386	187	0	5	0.46	185.0	925.0	0.0
95387	78	0	5	0.1875	56.0	280.0	0.3333333333333333
95388	251	0	5	0.62	162.6	813.0	0.6666666666666666
95389	359	0	5	0.89	151.4	757.0	0.3333333333333333
95390	166	0	5	0.4075	139.2	696.0	0.6666666666666666
95391	141	0	5	0.345	90.2	451.0	0.3333333333333333
95392	300	0	5	0.7425	269.8	1349.0	0.0
95393	297	0	5	0.735	212.8	1064.0	0.3333333333333333
95394	66	0	5	0.1575	64.0	320.0	0.0
95395	182	0	5	0.4475	165.4	827.0	0.3333333333333333
95396	40	0	5	0.0925	18.8	94.0	0.3333333333333333
95397	295	0	5	0.73	251.0	1255.0	0.3333333333333333
95398	64	0	5	0.1525	56.6	283.0	0.3333333333333333
95399	375	1	4	0.935	214.8	1074.0	1.0
95400	99	0	5	0.24	76.2	381.0	0.3333333333333333
95401	93	0	5	0.225	91.0	455.0	0.0
95402	235	0	5	0.58	168.6	843.0	0.3333333333333333
95403	290	0	5	0.7175	288.0	1440.0	0.0
95404	46	0	5	0.1075	44.0	220.0	0.0
95405	10	0	5	0.0175	6.8	34.0	0.3333333333333333
95406	278	0	5	0.6875	78.4	392.0	0.6666666666666666
95407	55	0	5	0.13	53.0	265.0	0.0
95408	128	0	5	0.3125	43.4	217.0	0.3333333333333333
95409	238	0	5	0.5875	112.0	560.0	0.3333333333333333
95410	280	0	5	0.6925	181.0	905.0	0.3333333333333333
95411	136	0	5	0.3325	121.2	606.0	0.0
95412	16	0	5	0.0325	14.0	70.0	0.0
95413	52	0	5	0.1225	50.0	250.0	0.0
95414	348	0	5	0.8625	216.0	1080.0	0.6666666666666666
95415	315	0	5	0.78	221.4	1107.0	0.6666666666666666
95416	5	0	5	0.005	3.0	15.0	0.0
95417	379	0	5	0.94	105.2	526.0	0.6666666666666666
95418	13	0	5	0.025	11.0	55.0	0.0
95419	375	1	4	0.935	220.2	1101.0	1.0
95420	348	0	5	0.8625	234.2	1171.0	0.6666666666666666
95421	90	0	5	0.2175	20.0	100.0	0.3333333333333333
95422	317	0	5	0.785	295.2	1476.0	0.3333333333333333
95423	182	0	5	0.4475	143.2	716.0	0.0
95424	130	0	5	0.3175	94.4	472.0	0.6666666666666666
95425	133	1	4	0.33	79.2	396.0	1.0
95426	141	0	5	0.345	121.4	607.0	0.3333333333333333
95427	108	0	5	0.2625	51.6	258.0	0.0
95428	42	0	5	0.0975	32.0	160.0	0.3333333333333333
95429	57	0	5	0.135	48.8	244.0	0.0
95430	330	0	5	0.8175	157.4	787.0	0.6666666666666666
95431	308	0	5	0.7625	194.0	970.0	0.6666666666666666
95432	297	0	5	0.735	145.0	725.0	0.6666666666666666
95433	237	0	5	0.585	188.8	944.0	0.3333333333333333
95434	232	0	5	0.5725	168.2	841.0	0.3333333333333333
95435	389	1	4	0.97	231.8	1159.0	1.0
95436	256	1	4	0.6375	164.4	822.0	1.0
95437	348	0	5	0.8625	159.0	795.0	0.6666666666666666
95438	281	0	5	0.695	141.6	708.0	0.6666666666666666
95439	52	0	5	0.1225	50.0	250.0	0.0
95440	196	0	5	0.4825	73.8	369.0	0.0
95441	55	0	5	0.13	23.6	118.0	0.3333333333333333
95442	161	0	5	0.395	130.2	651.0	0.3333333333333333
95443	258	0	5	0.6375	159.4	797.0	0.6666666666666666
95444	191	0	5	0.47	119.0	595.0	0.3333333333333333
95445	205	0	5	0.505	136.8	684.0	0.0
95446	164	0	5	0.4025	162.0	810.0	0.0
95447	139	0	5	0.34	85.8	429.0	0.3333333333333333
95448	356	0	5	0.8825	286.8	1434.0	0.6666666666666666
95449	203	0	5	0.5	139.0	695.0	0.3333333333333333
95450	251	0	5	0.62	148.2	741.0	0.3333333333333333
95451	185	1	4	0.46	136.6	683.0	1.0
95452	197	0	5	0.485	154.8	774.0	0.3333333333333333
95453	177	0	5	0.435	159.2	796.0	0.3333333333333333
95454	280	1	3	0.6975	214.6	1073.0	1.0
95455	198	0	5	0.4875	107.0	535.0	0.3333333333333333
95456	363	0	5	0.9	112.4	562.0	0.6666666666666666
95457	216	0	5	0.5325	172.2	861.0	0.3333333333333333
95458	334	0	5	0.8275	258.0	1290.0	0.6666666666666666
95459	381	1	4	0.95	215.8	1079.0	1.0
95460	62	0	5	0.1475	54.2	271.0	0.3333333333333333
95461	274	0	5	0.6775	132.6	663.0	0.6666666666666666
95462	99	0	5	0.24	61.0	305.0	0.0
95463	231	0	5	0.57	102.4	512.0	0.0
95464	364	0	5	0.9025	166.6	833.0	0.6666666666666666
95465	238	0	5	0.5875	181.6	908.0	0.6666666666666666
95466	316	0	5	0.7825	121.2	606.0	0.6666666666666666
95467	227	0	5	0.56	136.6	683.0	0.3333333333333333
95468	397	0	5	0.985	308.6	1543.0	0.6666666666666666
95469	120	0	5	0.2925	87.2	436.0	0.3333333333333333
95470	312	0	5	0.7725	291.2	1456.0	0.6666666666666666
95471	185	0	5	0.455	157.8	789.0	0.0
95472	188	0	5	0.4625	163.2	816.0	0.3333333333333333
95473	188	0	5	0.4625	142.8	714.0	0.3333333333333333
95474	242	0	5	0.5975	180.2	901.0	0.6666666666666666
95475	62	0	5	0.1475	60.0	300.0	0.0
95476	245	0	5	0.605	145.2	726.0	0.6666666666666666
95477	298	0	5	0.7375	201.2	1006.0	0.3333333333333333
95478	155	0	5	0.38	134.6	673.0	0.3333333333333333
95479	316	0	5	0.7825	229.0	1145.0	0.6666666666666666
95480	327	1	4	0.815	112.4	562.0	1.0
95481	300	0	5	0.7425	155.8	779.0	0.3333333333333333
95482	159	0	5	0.39	65.0	325.0	0.3333333333333333
95483	282	0	5	0.6975	280.0	1400.0	0.0
95484	106	0	5	0.2575	79.2	396.0	0.3333333333333333
95485	63	0	5	0.15	33.8	169.0	0.3333333333333333
95486	106	0	5	0.2575	68.0	340.0	0.3333333333333333
95487	201	0	5	0.495	119.0	595.0	0.6666666666666666
95488	365	0	5	0.905	204.0	1020.0	0.3333333333333333
95489	189	0	5	0.465	167.2	836.0	0.3333333333333333
95490	338	0	5	0.8375	162.2	811.0	0.6666666666666666
95491	292	0	5	0.7225	200.0	1000.0	0.3333333333333333
95492	208	0	5	0.5125	41.2	206.0	0.3333333333333333
95493	116	0	5	0.2825	109.4	547.0	0.3333333333333333
95494	128	0	5	0.3125	46.2	231.0	0.3333333333333333
95495	347	0	5	0.86	164.8	824.0	0.6666666666666666
95496	322	0	5	0.7975	175.2	876.0	0.6666666666666666
95497	91	0	5	0.22	89.0	445.0	0.0
95498	305	0	5	0.755	114.2	571.0	0.6666666666666666
95499	322	0	5	0.7975	102.4	512.0	0.6666666666666666
95500	262	0	5	0.6475	127.6	638.0	0.3333333333333333
95501	269	0	5	0.665	192.6	963.0	0.0
95502	95	0	5	0.23	81.0	405.0	0.3333333333333333
95503	145	0	5	0.355	127.4	637.0	0.3333333333333333
95504	130	0	5	0.3175	59.2	296.0	0.0
95505	3	0	5	0.0025	0.8	4.0	0.0
95506	179	1	4	0.445	72.6	363.0	1.0
95507	331	0	5	0.82	274.8	1374.0	0.3333333333333333
95508	215	0	5	0.53	123.0	615.0	0.3333333333333333
95509	232	0	5	0.5725	213.8	1069.0	0.3333333333333333
95510	35	0	5	0.08	27.6	138.0	0.3333333333333333
95511	192	0	5	0.4725	126.0	630.0	0.3333333333333333
95512	212	0	5	0.5225	88.4	442.0	0.3333333333333333
95513	28	0	5	0.0625	21.2	106.0	0.3333333333333333
95514	2	0	5	0.0	0.0	0.0	0.0
95515	102	0	5	0.2475	70.4	352.0	0.3333333333333333
95516	348	0	5	0.8625	116.4	582.0	0.3333333333333333
95517	234	0	5	0.5775	185.8	929.0	0.3333333333333333
95518	149	0	5	0.365	147.0	735.0	0.0
95519	203	0	5	0.5	153.8	769.0	0.3333333333333333
95520	36	0	5	0.0825	23.6	118.0	0.3333333333333333
95521	390	1	4	0.9725	157.2	786.0	1.0
95522	335	0	5	0.83	139.4	697.0	0.6666666666666666
95523	376	1	4	0.9375	83.2	416.0	1.0
95524	195	0	5	0.48	81.4	407.0	0.3333333333333333
95525	195	0	5	0.48	133.0	665.0	0.0
95526	400	1	4	0.9975	113.6	568.0	1.0
95527	333	0	5	0.825	158.2	791.0	0.6666666666666666
95528	65	0	5	0.155	56.8	284.0	0.3333333333333333
95529	390	1	4	0.9725	166.4	832.0	1.0
95530	232	0	5	0.5725	156.0	780.0	0.6666666666666666
95531	237	0	5	0.585	129.4	647.0	0.3333333333333333
95532	297	0	5	0.735	194.4	972.0	0.6666666666666666
95533	75	0	5	0.18	73.0	365.0	0.3333333333333333
95534	265	1	4	0.66	193.4	967.0	1.0
95535	57	0	5	0.135	55.0	275.0	0.0
95536	356	0	5	0.8825	99.6	498.0	0.6666666666666666
95537	99	0	5	0.24	48.2	241.0	0.3333333333333333
95538	56	0	5	0.1325	54.0	270.0	0.0
95539	395	0	5	0.98	207.2	1036.0	0.6666666666666666
95540	122	0	5	0.2975	96.4	482.0	0.0
95541	93	0	5	0.225	55.4	277.0	0.3333333333333333
95542	218	0	5	0.5375	209.6	1048.0	0.3333333333333333
95543	79	0	5	0.19	63.8	319.0	0.0
95544	113	0	5	0.275	75.8	379.0	0.3333333333333333
95545	302	0	5	0.7475	109.6	548.0	0.6666666666666666
95546	31	0	5	0.07	21.8	109.0	0.0
95547	156	0	5	0.3825	67.6	338.0	0.6666666666666666
95548	334	0	5	0.8275	192.6	963.0	0.6666666666666666
95549	132	0	5	0.3225	70.8	354.0	0.3333333333333333
95550	195	1	4	0.485	117.6	588.0	1.0
95551	94	0	5	0.2275	92.0	460.0	0.0
95552	107	0	5	0.26	89.2	446.0	0.0
95553	364	0	5	0.9025	119.6	598.0	0.3333333333333333
95554	156	0	5	0.3825	150.0	750.0	0.3333333333333333
95555	77	0	5	0.185	34.2	171.0	0.3333333333333333
95556	172	0	5	0.4225	142.8	714.0	0.0
95557	269	0	5	0.665	167.0	835.0	0.6666666666666666
95558	246	1	4	0.6125	93.2	466.0	1.0
95559	327	1	4	0.815	152.4	762.0	1.0
95560	196	0	5	0.4825	118.0	590.0	0.3333333333333333
95561	257	0	5	0.635	202.8	1014.0	0.3333333333333333
95562	5	0	5	0.005	3.0	15.0	0.0
95563	21	0	5	0.045	19.0	95.0	0.0
95564	277	0	5	0.685	222.2	1111.0	0.0
95565	251	0	5	0.62	226.0	1130.0	0.3333333333333333
95566	101	0	5	0.245	79.0	395.0	0.3333333333333333
95567	243	0	5	0.6	194.2	971.0	0.3333333333333333
95568	332	0	5	0.8225	297.2	1486.0	0.3333333333333333
95569	33	0	5	0.075	31.0	155.0	0.0
95570	28	0	5	0.0625	26.0	130.0	0.0
95571	246	1	4	0.6125	186.8	934.0	1.0
95572	344	1	4	0.8575	224.4	1122.0	1.0
95573	328	0	5	0.8125	159.8	799.0	0.3333333333333333
95574	193	0	5	0.475	137.0	685.0	0.3333333333333333
95575	140	0	5	0.3425	112.0	560.0	0.6666666666666666
95576	188	0	5	0.4625	103.8	519.0	0.3333333333333333
95577	191	0	5	0.47	98.8	494.0	0.3333333333333333
95578	104	0	5	0.2525	102.0	510.0	0.0
95579	14	0	5	0.0275	3.0	15.0	0.0
95580	220	0	5	0.5425	126.0	630.0	0.6666666666666666
95581	285	0	5	0.705	283.0	1415.0	0.0
95582	196	0	5	0.4825	135.8	679.0	0.3333333333333333
95583	241	0	5	0.595	180.4	902.0	0.3333333333333333
95584	377	1	4	0.94	285.2	1426.0	1.0
95585	169	0	5	0.415	103.8	519.0	0.3333333333333333
95586	172	0	5	0.4225	134.8	674.0	0.3333333333333333
95587	212	0	5	0.5225	152.2	761.0	0.3333333333333333
95588	34	0	5	0.0775	32.0	160.0	0.0
95589	216	0	5	0.5325	93.6	468.0	0.6666666666666666
95590	46	0	5	0.1075	34.4	172.0	0.0
95591	137	0	5	0.335	73.4	367.0	0.3333333333333333
95592	279	0	5	0.69	121.0	605.0	0.3333333333333333
95593	122	0	5	0.2975	116.6	583.0	0.3333333333333333
95594	201	0	5	0.495	73.8	369.0	0.6666666666666666
95595	236	0	5	0.5825	159.6	798.0	0.6666666666666666
95596	78	0	5	0.1875	76.0	380.0	0.0
95597	65	0	5	0.155	56.6	283.0	0.3333333333333333
95598	126	0	5	0.3075	112.6	563.0	0.0
95599	71	0	5	0.17	60.8	304.0	0.3333333333333333
95600	26	0	5	0.0575	24.0	120.0	0.0
95601	19	0	5	0.04	14.2	71.0	0.3333333333333333
95602	72	0	5	0.1725	70.0	350.0	0.0
95603	159	0	5	0.39	102.0	510.0	0.3333333333333333
95604	381	0	5	0.945	178.4	892.0	0.6666666666666666
95605	228	0	5	0.5625	170.6	853.0	0.3333333333333333
95606	343	0	5	0.85	300.6	1503.0	0.3333333333333333
95607	230	0	5	0.5675	157.4	787.0	0.3333333333333333
95608	126	0	5	0.3075	27.2	136.0	0.3333333333333333
95609	320	0	5	0.7925	97.6	488.0	0.6666666666666666
95610	395	1	4	0.985	219.6	1098.0	1.0
95611	231	0	5	0.57	158.2	791.0	0.3333333333333333
95612	187	0	5	0.46	142.4	712.0	0.3333333333333333
95613	122	0	5	0.2975	60.6	303.0	0.6666666666666666
95614	329	0	5	0.815	271.6	1358.0	0.6666666666666666
95615	327	0	5	0.81	137.8	689.0	0.6666666666666666
95616	84	0	5	0.2025	80.4	402.0	0.3333333333333333
95617	165	0	5	0.405	75.0	375.0	0.3333333333333333
95618	324	0	5	0.8025	167.4	837.0	0.6666666666666666
95619	164	0	5	0.4025	130.8	654.0	0.0
95620	354	0	5	0.8775	206.0	1030.0	0.6666666666666666
95621	338	0	5	0.8375	167.0	835.0	0.3333333333333333
95622	276	0	5	0.6825	129.2	646.0	0.3333333333333333
95623	246	0	5	0.6075	188.4	942.0	0.3333333333333333
95624	129	0	5	0.315	100.8	504.0	0.0
95625	350	0	5	0.8675	243.4	1217.0	0.6666666666666666
95626	180	0	5	0.4425	110.8	554.0	0.0
95627	139	0	5	0.34	114.4	572.0	0.3333333333333333
95628	62	0	5	0.1475	48.6	243.0	0.0
95629	328	0	5	0.8125	173.0	865.0	0.6666666666666666
95630	105	0	5	0.255	102.2	511.0	0.3333333333333333
95631	129	0	5	0.315	39.8	199.0	0.3333333333333333
95632	335	0	5	0.83	227.0	1135.0	0.3333333333333333
95633	270	0	5	0.6675	206.2	1031.0	0.6666666666666666
95634	165	0	5	0.405	64.6	323.0	0.3333333333333333
95635	210	0	5	0.5175	109.6	548.0	0.3333333333333333
95636	198	0	5	0.4875	160.0	800.0	0.0
95637	19	0	5	0.04	17.0	85.0	0.0
95638	220	0	5	0.5425	116.4	582.0	0.3333333333333333
95639	130	0	5	0.3175	126.4	632.0	0.0
95640	366	0	5	0.9075	164.8	824.0	0.6666666666666666
95641	396	0	5	0.9825	195.8	979.0	0.6666666666666666
95642	242	0	5	0.5975	174.8	874.0	0.0
95643	178	0	5	0.4375	44.0	220.0	0.3333333333333333
95644	39	0	5	0.09	15.0	75.0	0.3333333333333333
95645	203	0	5	0.5	126.8	634.0	0.3333333333333333
95646	230	0	5	0.5675	204.8	1024.0	0.0
95647	183	1	4	0.455	75.0	375.0	1.0
95648	45	0	5	0.105	43.0	215.0	0.0
95649	183	0	5	0.45	36.4	182.0	0.6666666666666666
95650	94	0	5	0.2275	86.0	430.0	0.3333333333333333
95651	109	0	5	0.265	35.6	178.0	0.3333333333333333
95652	175	0	5	0.43	104.6	523.0	0.3333333333333333
95653	219	0	5	0.54	104.2	521.0	0.6666666666666666
95654	268	1	4	0.6675	122.4	612.0	1.0
95655	165	0	5	0.405	91.0	455.0	0.6666666666666666
95656	77	0	5	0.185	74.4	372.0	0.0
95657	312	0	5	0.7725	179.4	897.0	0.6666666666666666
95658	71	0	5	0.17	30.6	153.0	0.0
95659	374	0	5	0.9275	162.6	813.0	0.6666666666666666
95660	386	0	5	0.9575	127.6	638.0	0.6666666666666666
95661	253	0	5	0.625	165.2	826.0	0.3333333333333333
95662	157	0	5	0.385	43.8	219.0	0.0
95663	286	0	5	0.7075	204.6	1023.0	0.3333333333333333
95664	357	0	5	0.885	268.2	1341.0	0.6666666666666666
95665	83	0	5	0.2	81.0	405.0	0.0
95666	109	0	5	0.265	99.0	495.0	0.0
95667	237	0	5	0.585	120.6	603.0	0.3333333333333333
95668	133	0	5	0.325	131.0	655.0	0.0
95669	220	0	5	0.5425	199.8	999.0	0.6666666666666666
95670	12	0	5	0.0225	10.0	50.0	0.0
95671	54	0	5	0.1275	52.0	260.0	0.0
95672	24	0	5	0.0525	22.0	110.0	0.0
95673	213	0	5	0.525	138.4	692.0	0.6666666666666666
95674	71	0	5	0.17	61.8	309.0	0.3333333333333333
95675	24	0	5	0.0525	18.4	92.0	0.0
95676	276	0	5	0.6825	178.6	893.0	0.3333333333333333
95677	248	0	5	0.6125	174.4	872.0	0.3333333333333333
95678	324	0	5	0.8025	156.4	782.0	0.3333333333333333
95679	168	0	5	0.4125	125.2	626.0	0.6666666666666666
95680	353	0	5	0.875	217.0	1085.0	0.6666666666666666
95681	63	0	5	0.15	29.0	145.0	0.3333333333333333
95682	280	1	4	0.6975	91.2	456.0	1.0
95683	336	1	4	0.8375	96.8	484.0	1.0
95684	162	0	5	0.3975	40.8	204.0	0.3333333333333333
95685	399	0	5	0.99	269.6	1348.0	0.6666666666666666
95686	207	0	5	0.51	146.4	732.0	0.3333333333333333
95687	12	0	5	0.0225	10.0	50.0	0.0
95688	5	0	5	0.005	3.0	15.0	0.0
95689	244	0	5	0.6025	101.2	506.0	0.3333333333333333
95690	386	1	4	0.9625	246.8	1234.0	1.0
95691	46	0	5	0.1075	44.0	220.0	0.0
95692	132	0	5	0.3225	74.0	370.0	0.6666666666666666
95693	295	0	5	0.73	175.4	877.0	0.3333333333333333
95694	29	0	5	0.065	20.2	101.0	0.0
95695	337	0	5	0.835	233.8	1169.0	0.3333333333333333
95696	318	0	5	0.7875	283.6	1418.0	0.3333333333333333
95697	82	0	5	0.1975	59.2	296.0	0.3333333333333333
95698	271	0	5	0.67	180.4	902.0	0.3333333333333333
95699	81	0	5	0.195	52.0	260.0	0.3333333333333333
95700	382	0	5	0.9475	225.4	1127.0	0.6666666666666666
95701	196	0	5	0.4825	184.0	920.0	0.3333333333333333
95702	373	0	5	0.925	144.0	720.0	0.6666666666666666
95703	242	0	5	0.5975	181.2	906.0	0.3333333333333333
95704	328	0	5	0.8125	207.4	1037.0	0.6666666666666666
95705	197	0	5	0.485	195.0	975.0	0.0
95706	295	0	5	0.73	111.4	557.0	0.6666666666666666
95707	172	0	5	0.4225	159.6	798.0	0.0
95708	171	1	4	0.425	79.0	395.0	1.0
95709	265	0	5	0.655	158.0	790.0	0.6666666666666666
95710	273	0	5	0.675	150.2	751.0	0.3333333333333333
95711	156	0	5	0.3825	43.6	218.0	0.3333333333333333
95712	371	0	5	0.92	149.4	747.0	0.6666666666666666
95713	248	0	5	0.6125	141.6	708.0	0.6666666666666666
95714	279	0	5	0.69	204.4	1022.0	0.6666666666666666
95715	159	0	5	0.39	95.8	479.0	0.3333333333333333
95716	264	0	5	0.6525	160.8	804.0	0.6666666666666666
95717	137	0	5	0.335	61.2	306.0	0.3333333333333333
95718	132	0	5	0.3225	85.2	426.0	0.3333333333333333
95719	323	0	5	0.8	287.8	1439.0	0.3333333333333333
95720	401	0	3	0.9975	258.4	1292.0	0.6666666666666666
95721	117	0	5	0.285	96.2	481.0	0.0
95722	205	0	5	0.505	192.2	961.0	0.3333333333333333
95723	138	0	5	0.3375	58.4	292.0	0.6666666666666666
95724	379	0	5	0.94	283.2	1416.0	0.6666666666666666
95725	364	0	5	0.9025	270.8	1354.0	0.6666666666666666
95726	40	0	5	0.0925	38.0	190.0	0.0
95727	172	0	5	0.4225	143.0	715.0	0.3333333333333333
95728	163	0	5	0.4	161.0	805.0	0.0
95729	262	0	5	0.6475	257.2	1286.0	0.0
95730	280	0	5	0.6925	98.8	494.0	0.6666666666666666
95731	156	0	5	0.3825	103.6	518.0	0.3333333333333333
95732	178	0	5	0.4375	122.8	614.0	0.0
95733	181	0	5	0.445	111.8	559.0	0.3333333333333333
95734	283	0	5	0.7	224.8	1124.0	0.3333333333333333
95735	384	1	4	0.9575	160.2	801.0	1.0
95736	161	0	5	0.395	149.8	749.0	0.6666666666666666
95737	136	0	5	0.3325	109.2	546.0	0.3333333333333333
95738	221	0	5	0.545	106.6	533.0	0.6666666666666666
95739	221	0	5	0.545	178.8	894.0	0.6666666666666666
95740	102	0	5	0.2475	100.0	500.0	0.0
95741	295	0	5	0.73	203.6	1018.0	0.3333333333333333
95742	325	0	5	0.805	71.0	355.0	0.6666666666666666
95743	9	0	5	0.015	7.0	35.0	0.0
95744	261	0	5	0.645	153.4	767.0	0.6666666666666666
95745	102	0	5	0.2475	100.0	500.0	0.0
95746	315	0	5	0.78	277.8	1389.0	0.6666666666666666
95747	330	0	5	0.8175	156.0	780.0	0.3333333333333333
95748	19	0	5	0.04	17.0	85.0	0.0
95749	201	0	5	0.495	43.8	219.0	0.6666666666666666
95750	129	0	5	0.315	59.0	295.0	0.3333333333333333
95751	315	0	5	0.78	302.8	1514.0	0.3333333333333333
95752	259	0	5	0.64	169.8	849.0	0.3333333333333333
95753	395	0	5	0.98	273.0	1365.0	0.6666666666666666
95754	165	0	5	0.405	81.6	408.0	0.3333333333333333
95755	15	0	5	0.03	13.0	65.0	0.0
95756	268	0	5	0.6625	103.2	516.0	0.6666666666666666
95757	284	0	5	0.7025	152.4	762.0	0.6666666666666666
95758	24	0	5	0.0525	22.0	110.0	0.0
95759	71	0	5	0.17	45.0	225.0	0.0
95760	397	0	5	0.985	235.2	1176.0	0.6666666666666666
95761	26	0	5	0.0575	24.0	120.0	0.0
95762	269	0	5	0.665	106.2	531.0	0.3333333333333333
95763	252	0	5	0.6225	156.0	780.0	0.3333333333333333
95764	194	0	5	0.4775	192.0	960.0	0.3333333333333333
95765	165	0	5	0.405	163.0	815.0	0.0
95766	196	0	5	0.4825	78.6	393.0	0.3333333333333333
95767	290	0	5	0.7175	144.6	723.0	0.3333333333333333
95768	71	0	5	0.17	69.0	345.0	0.0
95769	249	0	5	0.615	55.8	279.0	0.3333333333333333
95770	172	0	5	0.4225	163.4	817.0	0.3333333333333333
95771	142	0	5	0.3475	38.6	193.0	0.3333333333333333
95772	283	0	5	0.7	172.2	861.0	0.6666666666666666
95773	28	0	5	0.0625	26.0	130.0	0.0
95774	397	0	5	0.985	108.6	543.0	0.6666666666666666
95775	48	0	5	0.1125	40.0	200.0	0.3333333333333333
95776	151	0	5	0.37	83.2	416.0	0.6666666666666666
95777	270	0	5	0.6675	173.2	866.0	0.6666666666666666
95778	374	0	5	0.9275	255.0	1275.0	0.6666666666666666
95779	384	0	5	0.9525	279.2	1396.0	0.6666666666666666
95780	299	0	5	0.74	161.0	805.0	0.3333333333333333
95781	266	0	5	0.6575	215.4	1077.0	0.6666666666666666
95782	187	0	5	0.46	119.0	595.0	0.0
95783	247	0	5	0.61	138.2	691.0	0.3333333333333333
95784	195	0	5	0.48	184.0	920.0	0.6666666666666666
95785	175	1	4	0.435	124.2	621.0	1.0
95786	179	0	5	0.44	98.4	492.0	0.3333333333333333
95787	42	0	5	0.0975	33.2	166.0	0.0
95788	281	0	5	0.695	103.8	519.0	0.3333333333333333
95789	374	0	5	0.9275	197.8	989.0	0.6666666666666666
95790	42	0	5	0.0975	28.8	144.0	0.0
95791	290	0	5	0.7175	147.0	735.0	0.6666666666666666
95792	305	1	4	0.76	117.8	589.0	1.0
95793	72	0	5	0.1725	62.8	314.0	0.3333333333333333
95794	217	0	5	0.535	153.2	766.0	0.3333333333333333
95795	158	0	5	0.3875	61.2	306.0	0.3333333333333333
95796	280	0	5	0.6925	75.6	378.0	0.6666666666666666
95797	3	0	5	0.0025	0.4	2.0	0.3333333333333333
95798	288	0	5	0.7125	163.0	815.0	0.6666666666666666
95799	374	1	4	0.9325	194.2	971.0	1.0
95800	219	0	5	0.54	187.0	935.0	0.3333333333333333
95801	80	0	5	0.1925	78.0	390.0	0.0
95802	105	0	5	0.255	69.8	349.0	0.3333333333333333
95803	285	0	5	0.705	260.6	1303.0	0.0
95804	350	0	5	0.8675	217.6	1088.0	0.3333333333333333
95805	120	0	5	0.2925	39.2	196.0	0.3333333333333333
95806	129	0	5	0.315	127.0	635.0	0.0
95807	23	0	5	0.05	21.0	105.0	0.0
95808	310	1	4	0.7725	106.0	530.0	1.0
95809	100	0	5	0.2425	87.4	437.0	0.0
95810	140	0	5	0.3425	43.6	218.0	0.6666666666666666
95811	243	0	5	0.6	146.6	733.0	0.3333333333333333
95812	303	0	5	0.75	90.0	450.0	0.3333333333333333
95813	352	0	5	0.8725	262.4	1312.0	0.6666666666666666
95814	249	0	5	0.615	101.0	505.0	0.6666666666666666
95815	336	0	5	0.8325	231.8	1159.0	0.3333333333333333
95816	381	1	4	0.95	141.6	708.0	1.0
95817	104	0	5	0.2525	93.6	468.0	0.3333333333333333
95818	278	0	5	0.6875	250.8	1254.0	0.0
95819	84	0	5	0.2025	50.0	250.0	0.0
95820	341	0	5	0.845	203.6	1018.0	0.3333333333333333
95821	394	0	5	0.9775	262.6	1313.0	0.6666666666666666
95822	290	0	5	0.7175	232.0	1160.0	0.3333333333333333
95823	233	0	5	0.575	176.4	882.0	0.3333333333333333
95824	295	0	5	0.73	95.4	477.0	0.6666666666666666
95825	286	0	5	0.7075	93.0	465.0	0.6666666666666666
95826	172	0	5	0.4225	152.6	763.0	0.0
95827	193	0	5	0.475	191.0	955.0	0.0
95828	205	0	5	0.505	181.0	905.0	0.3333333333333333
95829	64	0	5	0.1525	62.0	310.0	0.0
95830	205	0	5	0.505	161.6	808.0	0.3333333333333333
95831	380	1	4	0.9475	173.6	868.0	1.0
95832	356	0	5	0.8825	173.6	868.0	0.3333333333333333
95833	232	0	5	0.5725	139.2	696.0	0.3333333333333333
95834	247	0	5	0.61	228.6	1143.0	0.3333333333333333
95835	346	1	4	0.8625	201.0	1005.0	1.0
95836	148	0	5	0.3625	56.0	280.0	0.6666666666666666
95837	401	0	4	0.9975	193.8	969.0	0.6666666666666666
95838	240	0	5	0.5925	129.2	646.0	0.3333333333333333
95839	92	0	5	0.2225	71.6	358.0	0.3333333333333333
95840	43	0	5	0.1	41.0	205.0	0.0
95841	303	0	5	0.75	251.8	1259.0	0.3333333333333333
95842	164	0	5	0.4025	147.6	738.0	0.3333333333333333
95843	246	0	5	0.6075	244.0	1220.0	0.0
95844	55	0	5	0.13	53.0	265.0	0.0
95845	222	0	5	0.5475	44.2	221.0	0.0
95846	339	0	5	0.84	154.2	771.0	0.6666666666666666
95847	192	0	5	0.4725	130.4	652.0	0.3333333333333333
95848	199	0	5	0.49	183.2	916.0	0.0
95849	300	0	5	0.7425	150.0	750.0	0.3333333333333333
95850	83	0	5	0.2	81.0	405.0	0.0
95851	244	0	5	0.6025	104.6	523.0	0.3333333333333333
95852	26	0	5	0.0575	24.0	120.0	0.0
95853	134	0	5	0.3275	88.4	442.0	0.0
95854	222	0	5	0.5475	163.4	817.0	0.3333333333333333
95855	293	0	5	0.725	183.0	915.0	0.6666666666666666
95856	384	0	5	0.9525	156.2	781.0	0.6666666666666666
95857	355	0	5	0.88	222.8	1114.0	0.6666666666666666
95858	356	0	5	0.8825	133.6	668.0	0.6666666666666666
95859	322	1	4	0.8025	133.0	665.0	1.0
95860	104	0	5	0.2525	102.0	510.0	0.0
95861	393	0	5	0.975	300.4	1502.0	0.3333333333333333
95862	217	0	5	0.535	154.2	771.0	0.3333333333333333
95863	324	0	5	0.8025	243.4	1217.0	0.3333333333333333
95864	257	0	5	0.635	173.6	868.0	0.3333333333333333
95865	144	0	5	0.3525	141.2	706.0	0.0
95866	132	0	5	0.3225	109.6	548.0	0.0
95867	135	0	5	0.33	132.4	662.0	0.3333333333333333
95868	308	0	5	0.7625	226.0	1130.0	0.3333333333333333
95869	152	0	5	0.3725	85.2	426.0	0.3333333333333333
95870	266	0	5	0.6575	158.0	790.0	0.3333333333333333
95871	190	0	5	0.4675	96.0	480.0	0.3333333333333333
95872	235	0	5	0.58	130.4	652.0	0.6666666666666666
95873	223	1	4	0.555	71.4	357.0	1.0
95874	56	0	5	0.1325	14.0	70.0	0.6666666666666666
95875	80	0	5	0.1925	78.0	390.0	0.0
95876	64	0	5	0.1525	62.0	310.0	0.0
95877	303	1	4	0.755	115.0	575.0	1.0
95878	238	0	5	0.5875	233.2	1166.0	0.0
95879	207	0	5	0.51	144.2	721.0	0.0
95880	22	0	5	0.0475	20.0	100.0	0.0
95881	331	0	5	0.82	191.2	956.0	0.6666666666666666
95882	153	0	5	0.375	145.4	727.0	0.3333333333333333
95883	257	0	5	0.635	216.8	1084.0	0.3333333333333333
95884	346	0	5	0.8575	229.4	1147.0	0.3333333333333333
95885	90	0	5	0.2175	80.8	404.0	0.3333333333333333
95886	234	0	5	0.5775	168.4	842.0	0.6666666666666666
95887	141	0	5	0.345	33.4	167.0	0.3333333333333333
95888	253	0	5	0.625	110.6	553.0	0.3333333333333333
95889	337	0	5	0.835	259.0	1295.0	0.6666666666666666
95890	245	0	5	0.605	243.0	1215.0	0.0
95891	125	0	5	0.305	81.2	406.0	0.3333333333333333
95892	186	0	5	0.4575	136.0	680.0	0.3333333333333333
95893	160	0	5	0.3925	58.4	292.0	0.6666666666666666
95894	263	1	4	0.655	194.2	971.0	1.0
95895	200	0	5	0.4925	140.4	702.0	0.3333333333333333
95896	214	0	5	0.5275	179.0	895.0	0.0
95897	319	1	4	0.795	159.8	799.0	1.0
95898	38	0	5	0.0875	19.2	96.0	0.3333333333333333
95899	305	0	5	0.755	130.8	654.0	0.3333333333333333
95900	232	0	5	0.5725	126.6	633.0	0.3333333333333333
95901	166	0	5	0.4075	105.8	529.0	0.6666666666666666
95902	238	0	5	0.5875	194.4	972.0	0.3333333333333333
95903	205	0	5	0.505	102.8	514.0	0.3333333333333333
95904	111	0	5	0.27	99.4	497.0	0.0
95905	328	0	5	0.8125	252.4	1262.0	0.3333333333333333
95906	183	0	5	0.45	156.6	783.0	0.3333333333333333
95907	230	0	5	0.5675	98.0	490.0	0.3333333333333333
95908	24	0	5	0.0525	22.0	110.0	0.0
95909	371	0	5	0.92	151.2	756.0	0.6666666666666666
95910	124	0	5	0.3025	88.4	442.0	0.0
95911	141	0	5	0.345	95.4	477.0	0.3333333333333333
95912	279	0	5	0.69	70.8	354.0	0.6666666666666666
95913	395	1	4	0.985	174.6	873.0	1.0
95914	378	0	5	0.9375	130.4	652.0	0.6666666666666666
95915	232	0	5	0.5725	162.8	814.0	0.0
95916	349	0	5	0.865	152.0	760.0	0.3333333333333333
95917	376	0	5	0.9325	170.8	854.0	0.6666666666666666
95918	89	0	5	0.215	56.6	283.0	0.0
95919	137	0	5	0.335	63.0	315.0	0.3333333333333333
95920	257	0	5	0.635	133.2	666.0	0.6666666666666666
95921	144	0	5	0.3525	122.4	612.0	0.3333333333333333
95922	118	0	5	0.2875	88.6	443.0	0.3333333333333333
95923	170	0	5	0.4175	117.6	588.0	0.6666666666666666
95924	74	0	5	0.1775	65.4	327.0	0.3333333333333333
95925	304	0	5	0.7525	172.0	860.0	0.6666666666666666
95926	316	1	4	0.7875	128.4	642.0	1.0
95927	74	0	5	0.1775	72.0	360.0	0.0
95928	22	0	5	0.0475	20.0	100.0	0.0
95929	68	0	5	0.1625	60.2	301.0	0.0
95930	125	0	5	0.305	121.6	608.0	0.3333333333333333
95931	182	0	5	0.4475	106.8	534.0	0.0
95932	211	1	4	0.525	126.8	634.0	1.0
95933	148	0	5	0.3625	136.4	682.0	0.3333333333333333
95934	94	0	5	0.2275	85.4	427.0	0.3333333333333333
95935	138	0	5	0.3375	71.8	359.0	0.3333333333333333
95936	163	0	5	0.4	161.0	805.0	0.0
95937	311	0	5	0.77	149.8	749.0	0.6666666666666666
95938	238	0	5	0.5875	176.0	880.0	0.3333333333333333
95939	23	0	5	0.05	21.0	105.0	0.0
95940	177	0	5	0.435	121.8	609.0	0.6666666666666666
95941	81	0	5	0.195	53.4	267.0	0.3333333333333333
95942	272	0	5	0.6725	120.0	600.0	0.3333333333333333
95943	350	0	5	0.8675	213.2	1066.0	0.6666666666666666
95944	365	0	5	0.905	277.4	1387.0	0.3333333333333333
95945	319	1	4	0.795	208.6	1043.0	1.0
95946	307	0	5	0.76	212.0	1060.0	0.6666666666666666
95947	236	0	5	0.5825	185.4	927.0	0.3333333333333333
95948	175	0	5	0.43	77.4	387.0	0.6666666666666666
95949	153	0	5	0.375	133.4	667.0	0.0
95950	289	1	4	0.72	156.8	784.0	1.0
95951	238	0	5	0.5875	168.0	840.0	0.6666666666666666
95952	162	0	5	0.3975	95.0	475.0	0.3333333333333333
95953	206	0	5	0.5075	112.4	562.0	0.6666666666666666
95954	334	0	5	0.8275	221.0	1105.0	0.6666666666666666
95955	294	0	5	0.7275	202.4	1012.0	0.0
95956	61	0	5	0.145	59.0	295.0	0.0
95957	74	0	5	0.1775	22.4	112.0	0.0
95958	302	0	5	0.7475	183.8	919.0	0.3333333333333333
95959	220	1	4	0.5475	146.2	731.0	1.0
95960	139	0	5	0.34	136.2	681.0	0.3333333333333333
95961	241	0	5	0.595	167.0	835.0	0.3333333333333333
95962	60	0	5	0.1425	54.0	270.0	0.0
95963	352	1	4	0.8775	225.2	1126.0	1.0
95964	57	0	5	0.135	49.8	249.0	0.3333333333333333
95965	120	0	5	0.2925	106.0	530.0	0.0
95966	164	0	5	0.4025	153.2	766.0	0.3333333333333333
95967	148	0	5	0.3625	69.2	346.0	0.6666666666666666
95968	146	0	5	0.3575	121.6	608.0	0.3333333333333333
95969	346	0	5	0.8575	164.2	821.0	0.6666666666666666
95970	299	0	5	0.74	158.6	793.0	0.6666666666666666
95971	104	0	5	0.2525	102.0	510.0	0.0
95972	107	0	5	0.26	73.2	366.0	0.3333333333333333
95973	112	0	5	0.2725	90.2	451.0	0.3333333333333333
95974	106	0	5	0.2575	101.2	506.0	0.6666666666666666
95975	326	0	5	0.8075	172.8	864.0	0.3333333333333333
95976	146	0	5	0.3575	79.2	396.0	0.3333333333333333
95977	395	0	5	0.98	136.0	680.0	0.6666666666666666
95978	208	0	5	0.5125	182.6	913.0	0.6666666666666666
95979	152	0	5	0.3725	98.2	491.0	0.3333333333333333
95980	148	0	5	0.3625	146.0	730.0	0.0
95981	248	0	5	0.6125	208.6	1043.0	0.0
95982	79	0	5	0.19	77.0	385.0	0.0
95983	355	1	4	0.885	235.0	1175.0	1.0
95984	223	1	4	0.555	62.2	311.0	1.0
95985	103	0	5	0.25	87.8	439.0	0.3333333333333333
95986	154	0	5	0.3775	128.8	644.0	0.0
95987	159	0	5	0.39	116.2	581.0	0.6666666666666666
95988	273	1	4	0.68	265.8	1329.0	1.0
95989	389	0	5	0.965	320.4	1602.0	0.6666666666666666
95990	361	0	5	0.895	95.4	477.0	0.6666666666666666
95991	113	0	5	0.275	89.8	449.0	0.3333333333333333
95992	315	1	4	0.785	186.0	930.0	1.0
95993	328	0	5	0.8125	252.6	1263.0	0.6666666666666666
95994	128	0	5	0.3125	31.6	158.0	0.3333333333333333
95995	247	0	5	0.61	121.4	607.0	0.6666666666666666
95996	212	1	4	0.5275	121.0	605.0	1.0
95997	34	0	5	0.0775	25.4	127.0	0.3333333333333333
95998	299	0	5	0.74	165.8	829.0	0.3333333333333333
95999	199	0	5	0.49	114.8	574.0	0.6666666666666666
96000	59	0	5	0.14	46.8	234.0	0.0
96001	231	0	5	0.57	195.8	979.0	0.6666666666666666
96002	35	0	5	0.08	33.0	165.0	0.0
96003	115	0	5	0.28	111.8	559.0	0.3333333333333333
96004	226	0	5	0.5575	150.4	752.0	0.3333333333333333
96005	400	0	5	0.9925	130.8	654.0	0.6666666666666666
96006	345	0	5	0.855	153.4	767.0	0.6666666666666666
96007	340	0	5	0.8425	256.6	1283.0	0.6666666666666666
96008	365	1	3	0.91	241.4	1207.0	1.0
96009	52	0	5	0.1225	50.0	250.0	0.0
96010	100	0	5	0.2425	53.8	269.0	0.3333333333333333
96011	88	0	5	0.2125	80.4	402.0	0.0
96012	180	0	5	0.4425	114.4	572.0	0.3333333333333333
96013	156	0	5	0.3825	119.2	596.0	0.0
96014	140	0	5	0.3425	75.8	379.0	0.3333333333333333
96015	383	0	5	0.95	155.4	777.0	0.6666666666666666
96016	344	0	5	0.8525	168.4	842.0	0.6666666666666666
96017	93	0	5	0.225	76.6	383.0	0.0
96018	131	0	5	0.32	101.4	507.0	0.3333333333333333
96019	251	1	4	0.625	117.8	589.0	1.0
96020	197	0	5	0.485	156.6	783.0	0.3333333333333333
96021	191	0	5	0.47	132.4	662.0	0.3333333333333333
96022	349	1	4	0.87	177.6	888.0	1.0
96023	182	0	5	0.4475	54.4	272.0	0.0
96024	230	0	5	0.5675	127.2	636.0	0.0
96025	187	0	5	0.46	130.2	651.0	0.3333333333333333
96026	222	0	5	0.5475	168.0	840.0	0.3333333333333333
96027	137	0	5	0.335	81.8	409.0	0.3333333333333333
96028	280	0	5	0.6925	153.2	766.0	0.3333333333333333
96029	390	0	5	0.9675	233.2	1166.0	0.6666666666666666
96030	21	0	5	0.045	19.0	95.0	0.0
96031	257	0	5	0.635	255.0	1275.0	0.0
96032	122	0	5	0.2975	120.0	600.0	0.0
96033	148	0	5	0.3625	146.0	730.0	0.0
96034	83	0	5	0.2	81.0	405.0	0.0
96035	359	0	5	0.89	281.8	1409.0	0.3333333333333333
96036	336	0	5	0.8325	199.0	995.0	0.3333333333333333
96037	98	0	5	0.2375	96.0	480.0	0.0
96038	212	1	4	0.5275	119.6	598.0	1.0
96039	367	0	5	0.91	273.8	1369.0	0.6666666666666666
96040	48	0	5	0.1125	43.0	215.0	0.0
96041	283	0	5	0.7	182.6	913.0	0.6666666666666666
96042	215	0	5	0.53	189.0	945.0	0.3333333333333333
96043	126	1	4	0.3125	103.6	518.0	1.0
96044	322	0	5	0.7975	244.4	1222.0	0.3333333333333333
96045	273	0	5	0.675	159.0	795.0	0.6666666666666666
96046	115	0	5	0.28	113.0	565.0	0.0
96047	246	0	5	0.6075	136.0	680.0	0.3333333333333333
96048	216	0	5	0.5325	136.4	682.0	0.6666666666666666
96049	122	0	5	0.2975	50.2	251.0	0.6666666666666666
96050	231	0	5	0.57	157.4	787.0	0.6666666666666666
96051	291	1	4	0.725	121.8	609.0	1.0
96052	221	0	5	0.545	92.8	464.0	0.3333333333333333
96053	151	0	5	0.37	149.0	745.0	0.0
96054	149	0	5	0.365	133.0	665.0	0.0
96055	296	0	5	0.7325	164.8	824.0	0.6666666666666666
96056	69	0	5	0.165	58.0	290.0	0.0
96057	116	0	5	0.2825	40.4	202.0	0.0
96058	96	0	5	0.2325	60.2	301.0	0.3333333333333333
96059	303	0	5	0.75	87.6	438.0	0.6666666666666666
96060	51	0	5	0.12	29.2	146.0	0.0
96061	79	0	5	0.19	77.0	385.0	0.0
96062	182	0	5	0.4475	114.4	572.0	0.6666666666666666
96063	265	0	5	0.655	228.6	1143.0	0.3333333333333333
96064	326	0	5	0.8075	116.0	580.0	0.6666666666666666
96065	17	0	5	0.035	11.8	59.0	0.3333333333333333
96066	247	0	5	0.61	196.4	982.0	0.3333333333333333
96067	375	0	5	0.93	143.6	718.0	0.6666666666666666
96068	89	0	5	0.215	63.0	315.0	0.0
96069	108	0	5	0.2625	59.6	298.0	0.3333333333333333
96070	110	0	5	0.2675	68.4	342.0	0.3333333333333333
96071	173	0	5	0.425	165.4	827.0	0.0
96072	265	0	5	0.655	153.8	769.0	0.3333333333333333
96073	229	0	5	0.565	159.2	796.0	0.6666666666666666
96074	228	0	5	0.5625	168.0	840.0	0.6666666666666666
96075	171	0	5	0.42	167.8	839.0	0.0
96076	320	0	5	0.7925	181.6	908.0	0.3333333333333333
96077	165	0	5	0.405	125.4	627.0	0.3333333333333333
96078	55	0	5	0.13	53.0	265.0	0.0
96079	382	1	4	0.9525	212.0	1060.0	1.0
96080	250	0	5	0.6175	248.0	1240.0	0.0
96081	105	1	4	0.26	70.6	353.0	1.0
96082	173	0	5	0.425	121.6	608.0	0.6666666666666666
96083	333	0	5	0.825	187.8	939.0	0.6666666666666666
96084	202	1	4	0.5025	145.6	728.0	1.0
96085	229	1	4	0.57	117.4	587.0	1.0
96086	317	0	5	0.785	145.4	727.0	0.3333333333333333
96087	208	0	5	0.5125	200.4	1002.0	0.3333333333333333
96088	3	0	5	0.0025	0.6	3.0	0.3333333333333333
96089	103	0	5	0.25	56.6	283.0	0.3333333333333333
96090	74	0	5	0.1775	47.4	237.0	0.0
96091	312	0	5	0.7725	260.4	1302.0	0.0
96092	238	0	5	0.5875	140.2	701.0	0.6666666666666666
96093	319	0	5	0.79	166.0	830.0	0.3333333333333333
96094	154	0	5	0.3775	120.2	601.0	0.0
96095	126	0	5	0.3075	64.8	324.0	0.3333333333333333
96096	93	0	5	0.225	91.0	455.0	0.0
96097	327	1	4	0.815	220.2	1101.0	1.0
96098	167	0	5	0.41	66.2	331.0	0.6666666666666666
96099	212	0	5	0.5225	132.0	660.0	0.6666666666666666
96100	335	0	5	0.83	170.4	852.0	0.6666666666666666
96101	289	0	5	0.715	198.0	990.0	0.3333333333333333
96102	191	0	5	0.47	109.8	549.0	0.3333333333333333
96103	350	0	5	0.8675	170.6	853.0	0.3333333333333333
96104	240	0	5	0.5925	222.2	1111.0	0.3333333333333333
96105	177	0	5	0.435	111.0	555.0	0.6666666666666666
96106	81	0	5	0.195	79.0	395.0	0.0
96107	399	0	5	0.99	209.8	1049.0	0.6666666666666666
96108	327	0	5	0.81	165.6	828.0	0.6666666666666666
96109	277	0	5	0.685	213.4	1067.0	0.3333333333333333
96110	210	0	5	0.5175	57.4	287.0	0.6666666666666666
96111	165	0	5	0.405	148.0	740.0	0.0
96112	361	0	5	0.895	79.8	399.0	0.6666666666666666
96113	60	0	5	0.1425	54.8	274.0	0.3333333333333333
96114	304	0	5	0.7525	94.4	472.0	0.6666666666666666
96115	31	0	5	0.07	29.0	145.0	0.0
96116	359	0	5	0.89	107.4	537.0	0.6666666666666666
96117	238	0	5	0.5875	123.4	617.0	0.6666666666666666
96118	348	0	5	0.8625	127.6	638.0	0.6666666666666666
96119	64	0	5	0.1525	62.0	310.0	0.0
96120	196	0	5	0.4825	105.2	526.0	0.3333333333333333
96121	47	0	5	0.11	45.0	225.0	0.0
96122	259	0	5	0.64	131.0	655.0	0.3333333333333333
96123	224	0	5	0.5525	140.4	702.0	0.6666666666666666
96124	279	0	5	0.69	147.8	739.0	0.6666666666666666
96125	294	1	4	0.7325	203.6	1018.0	1.0
96126	189	0	5	0.465	187.0	935.0	0.0
96127	193	1	4	0.48	56.2	281.0	1.0
96128	230	0	5	0.5675	113.2	566.0	0.6666666666666666
96129	245	0	5	0.605	141.0	705.0	0.3333333333333333
96130	314	0	5	0.7775	118.8	594.0	0.6666666666666666
96131	222	0	5	0.5475	208.4	1042.0	0.0
96132	39	0	5	0.09	22.6	113.0	0.3333333333333333
96133	286	0	5	0.7075	225.6	1128.0	0.3333333333333333
96134	116	0	5	0.2825	114.0	570.0	0.0
96135	225	0	5	0.555	192.2	961.0	0.6666666666666666
96136	45	0	5	0.105	34.8	174.0	0.3333333333333333
96137	136	0	5	0.3325	134.0	670.0	0.0
96138	8	0	5	0.0125	2.6	13.0	0.0
96139	43	0	5	0.1	26.6	133.0	0.3333333333333333
96140	279	0	5	0.69	219.4	1097.0	0.3333333333333333
96141	300	0	5	0.7425	157.2	786.0	0.0
96142	237	0	5	0.585	108.0	540.0	0.3333333333333333
96143	157	0	5	0.385	120.0	600.0	0.6666666666666666
96144	316	0	5	0.7825	216.4	1082.0	0.6666666666666666
96145	12	0	5	0.0225	8.0	40.0	0.3333333333333333
96146	99	0	5	0.24	97.0	485.0	0.0
96147	378	0	5	0.9375	224.8	1124.0	0.6666666666666666
96148	36	0	5	0.0825	29.2	146.0	0.3333333333333333
96149	269	0	5	0.665	115.4	577.0	0.6666666666666666
96150	68	0	5	0.1625	61.8	309.0	0.3333333333333333
96151	277	0	5	0.685	91.0	455.0	0.3333333333333333
96152	263	1	4	0.655	140.6	703.0	1.0
96153	303	0	5	0.75	224.8	1124.0	0.6666666666666666
96154	65	0	5	0.155	63.0	315.0	0.0
96155	386	0	5	0.9575	114.4	572.0	0.6666666666666666
96156	57	0	5	0.135	28.0	140.0	0.3333333333333333
96157	188	0	5	0.4625	156.4	782.0	0.0
96158	247	0	5	0.61	52.2	261.0	0.6666666666666666
96159	41	0	5	0.095	39.0	195.0	0.0
96160	363	0	5	0.9	296.8	1484.0	0.6666666666666666
96161	286	0	5	0.7075	168.2	841.0	0.3333333333333333
96162	151	0	5	0.37	144.2	721.0	0.3333333333333333
96163	208	0	5	0.5125	170.4	852.0	0.0
96164	195	0	5	0.48	166.2	831.0	0.3333333333333333
96165	319	0	5	0.79	134.6	673.0	0.0
96166	239	0	5	0.59	139.4	697.0	0.6666666666666666
96167	127	0	5	0.31	101.2	506.0	0.0
96168	317	0	5	0.785	167.0	835.0	0.3333333333333333
96169	360	0	5	0.8925	269.6	1348.0	0.0
96170	198	0	5	0.4875	152.6	763.0	0.6666666666666666
96171	80	0	5	0.1925	78.0	390.0	0.0
96172	263	0	5	0.65	101.4	507.0	0.6666666666666666
96173	267	0	5	0.66	197.0	985.0	0.6666666666666666
96174	135	0	5	0.33	98.2	491.0	0.6666666666666666
96175	154	0	5	0.3775	122.4	612.0	0.3333333333333333
96176	341	1	4	0.85	173.2	866.0	1.0
96177	304	0	5	0.7525	171.4	857.0	0.0
96178	359	0	5	0.89	227.0	1135.0	0.6666666666666666
96179	270	0	5	0.6675	189.4	947.0	0.3333333333333333
96180	300	0	5	0.7425	190.2	951.0	0.6666666666666666
96181	236	0	5	0.5825	233.8	1169.0	0.0
96182	5	0	5	0.005	3.0	15.0	0.0
96183	325	1	4	0.81	118.6	593.0	1.0
96184	261	1	4	0.65	114.0	570.0	1.0
96185	99	0	5	0.24	78.6	393.0	0.6666666666666666
96186	250	0	5	0.6175	106.4	532.0	0.6666666666666666
96187	187	0	5	0.46	89.8	449.0	0.3333333333333333
96188	151	0	5	0.37	82.8	414.0	0.3333333333333333
96189	299	0	5	0.74	230.6	1153.0	0.3333333333333333
96190	347	0	5	0.86	297.4	1487.0	0.3333333333333333
96191	142	0	5	0.3475	115.2	576.0	0.3333333333333333
96192	85	0	5	0.205	44.2	221.0	0.3333333333333333
96193	199	0	5	0.49	104.0	520.0	0.3333333333333333
96194	371	0	5	0.92	302.0	1510.0	0.6666666666666666
96195	285	1	4	0.71	245.8	1229.0	1.0
96196	236	0	5	0.5825	161.2	806.0	0.3333333333333333
96197	314	1	4	0.7825	143.6	718.0	1.0
96198	124	0	5	0.3025	122.0	610.0	0.0
96199	354	1	4	0.8825	150.0	750.0	1.0
96200	143	0	5	0.35	141.0	705.0	0.0
96201	264	1	4	0.6575	64.8	324.0	1.0
96202	206	0	5	0.5075	162.4	812.0	0.3333333333333333
96203	121	0	5	0.295	95.8	479.0	0.0
96204	361	0	5	0.895	265.4	1327.0	0.6666666666666666
96205	173	0	5	0.425	82.4	412.0	0.6666666666666666
96206	24	0	5	0.0525	12.4	62.0	0.3333333333333333
96207	320	1	4	0.7975	250.2	1251.0	1.0
96208	135	0	5	0.33	128.0	640.0	0.3333333333333333
96209	377	0	5	0.935	289.2	1446.0	0.6666666666666666
96210	398	0	5	0.9875	188.4	942.0	0.6666666666666666
96211	334	0	5	0.8275	104.8	524.0	0.6666666666666666
96212	354	1	4	0.8825	210.6	1053.0	1.0
96213	154	0	5	0.3775	98.4	492.0	0.3333333333333333
96214	37	0	5	0.085	35.0	175.0	0.0
96215	317	0	5	0.785	130.2	651.0	0.3333333333333333
96216	194	0	5	0.4775	63.8	319.0	0.3333333333333333
96217	247	0	5	0.61	217.2	1086.0	0.6666666666666666
96218	380	0	5	0.9425	300.8	1504.0	0.3333333333333333
96219	259	0	5	0.64	80.2	401.0	0.3333333333333333
96220	78	0	5	0.1875	52.4	262.0	0.3333333333333333
96221	211	0	5	0.52	123.8	619.0	0.3333333333333333
96222	123	0	5	0.3	29.8	149.0	0.3333333333333333
96223	268	0	5	0.6625	142.8	714.0	0.3333333333333333
96224	299	0	5	0.74	257.0	1285.0	0.3333333333333333
96225	30	0	5	0.0675	28.0	140.0	0.0
96226	265	0	5	0.655	90.2	451.0	0.3333333333333333
96227	176	0	5	0.4325	123.6	618.0	0.6666666666666666
96228	336	0	5	0.8325	109.0	545.0	0.6666666666666666
96229	179	0	5	0.44	133.4	667.0	0.3333333333333333
96230	208	0	5	0.5125	145.2	726.0	0.3333333333333333
96231	213	0	5	0.525	118.6	593.0	0.6666666666666666
96232	195	0	5	0.48	101.8	509.0	0.3333333333333333
96233	262	0	5	0.6475	231.2	1156.0	0.6666666666666666
96234	341	0	5	0.845	181.4	907.0	0.3333333333333333
96235	37	0	5	0.085	35.0	175.0	0.0
96236	114	0	5	0.2775	97.6	488.0	0.0
96237	271	0	5	0.67	61.8	309.0	0.6666666666666666
96238	249	0	5	0.615	213.2	1066.0	0.3333333333333333
96239	272	0	5	0.6725	204.0	1020.0	0.6666666666666666
96240	97	0	5	0.235	89.6	448.0	0.0
96241	130	0	5	0.3175	106.0	530.0	0.0
96242	339	0	5	0.84	165.2	826.0	0.6666666666666666
96243	95	0	5	0.23	82.6	413.0	0.3333333333333333
96244	4	0	5	0.0025	2.0	10.0	0.0
96245	243	0	5	0.6	190.0	950.0	0.3333333333333333
96246	125	0	5	0.305	103.6	518.0	0.3333333333333333
96247	56	0	5	0.1325	11.2	56.0	0.0
96248	263	0	5	0.65	124.4	622.0	0.3333333333333333
96249	230	0	5	0.5675	142.4	712.0	0.3333333333333333
96250	309	0	5	0.765	262.2	1311.0	0.3333333333333333
96251	146	1	4	0.3625	101.6	508.0	1.0
96252	198	0	5	0.4875	126.6	633.0	0.3333333333333333
96253	212	0	5	0.5225	157.4	787.0	0.3333333333333333
96254	13	0	5	0.025	11.0	55.0	0.0
96255	282	0	5	0.6975	219.2	1096.0	0.6666666666666666
96256	309	0	5	0.765	250.2	1251.0	0.6666666666666666
96257	187	0	5	0.46	164.4	822.0	0.0
96258	389	0	5	0.965	212.2	1061.0	0.6666666666666666
96259	376	0	5	0.9325	221.2	1106.0	0.6666666666666666
96260	197	0	5	0.485	87.8	439.0	0.3333333333333333
96261	90	0	5	0.2175	88.0	440.0	0.0
96262	297	0	5	0.735	138.8	694.0	0.3333333333333333
96263	337	0	5	0.835	113.8	569.0	0.6666666666666666
96264	268	0	5	0.6625	163.2	816.0	0.6666666666666666
96265	176	0	5	0.4325	164.4	822.0	0.3333333333333333
96266	268	0	5	0.6625	220.8	1104.0	0.6666666666666666
96267	306	1	4	0.7625	194.0	970.0	1.0
96268	237	0	5	0.585	153.8	769.0	0.3333333333333333
96269	262	0	5	0.6475	130.0	650.0	0.6666666666666666
96270	325	0	5	0.805	67.8	339.0	0.6666666666666666
96271	205	0	5	0.505	140.2	701.0	0.3333333333333333
96272	172	0	5	0.4225	119.2	596.0	0.0
96273	135	0	5	0.33	62.8	314.0	0.0
96274	204	0	5	0.5025	95.4	477.0	0.3333333333333333
96275	256	0	5	0.6325	163.4	817.0	0.6666666666666666
96276	202	0	5	0.4975	200.0	1000.0	0.0
96277	84	0	5	0.2025	82.0	410.0	0.0
96278	203	0	5	0.5	156.2	781.0	0.0
96279	197	1	4	0.49	122.4	612.0	1.0
96280	307	1	4	0.765	105.4	527.0	1.0
96281	300	0	5	0.7425	269.2	1346.0	0.3333333333333333
96282	120	0	5	0.2925	67.6	338.0	0.0
96283	269	0	5	0.665	234.4	1172.0	0.0
96284	44	0	5	0.1025	33.2	166.0	0.6666666666666666
96285	220	0	5	0.5425	155.6	778.0	0.0
96286	248	0	5	0.6125	64.8	324.0	0.6666666666666666
96287	207	0	5	0.51	143.2	716.0	0.0
96288	298	0	5	0.7375	159.2	796.0	0.3333333333333333
96289	228	0	5	0.5625	116.8	584.0	0.0
96290	258	0	5	0.6375	220.0	1100.0	0.3333333333333333
96291	18	0	5	0.0375	16.0	80.0	0.0
96292	366	1	4	0.9125	262.8	1314.0	1.0
96293	108	0	5	0.2625	77.2	386.0	0.3333333333333333
96294	123	0	5	0.3	43.8	219.0	0.3333333333333333
96295	112	0	5	0.2725	22.4	112.0	0.0
96296	338	0	5	0.8375	190.0	950.0	0.3333333333333333
96297	49	0	5	0.115	32.4	162.0	0.3333333333333333
96298	251	0	5	0.62	87.0	435.0	0.6666666666666666
96299	186	0	5	0.4575	94.4	472.0	0.6666666666666666
96300	303	1	4	0.755	208.6	1043.0	1.0
96301	131	1	4	0.325	82.2	411.0	1.0
96302	176	0	5	0.4325	139.6	698.0	0.3333333333333333
96303	266	0	5	0.6575	162.0	810.0	0.3333333333333333
96304	65	0	5	0.155	25.4	127.0	0.0
96305	86	0	5	0.2075	57.6	288.0	0.3333333333333333
96306	299	0	5	0.74	267.8	1339.0	0.6666666666666666
96307	209	0	5	0.515	156.6	783.0	0.3333333333333333
96308	58	0	5	0.1375	53.6	268.0	0.0
96309	293	0	5	0.725	168.6	843.0	0.6666666666666666
96310	246	0	5	0.6075	156.0	780.0	0.6666666666666666
96311	89	0	5	0.215	85.2	426.0	0.0
96312	189	0	5	0.465	106.2	531.0	0.0
96313	262	0	5	0.6475	229.4	1147.0	0.3333333333333333
96314	58	0	5	0.1375	43.6	218.0	0.6666666666666666
96315	255	0	5	0.63	131.2	656.0	0.0
96316	284	1	4	0.7075	96.0	480.0	1.0
96317	178	0	5	0.4375	152.8	764.0	0.0
96318	325	0	5	0.805	169.6	848.0	0.6666666666666666
96319	43	0	5	0.1	40.0	200.0	0.3333333333333333
96320	261	0	5	0.645	221.4	1107.0	0.3333333333333333
96321	225	0	5	0.555	189.8	949.0	0.6666666666666666
96322	220	0	5	0.5425	105.6	528.0	0.6666666666666666
96323	133	0	5	0.325	104.2	521.0	0.3333333333333333
96324	47	0	5	0.11	35.8	179.0	0.3333333333333333
96325	109	0	5	0.265	43.4	217.0	0.3333333333333333
96326	199	0	5	0.49	197.0	985.0	0.0
96327	113	0	5	0.275	99.0	495.0	0.3333333333333333
96328	276	0	5	0.6825	126.4	632.0	0.3333333333333333
96329	73	0	5	0.175	18.2	91.0	0.3333333333333333
96330	360	1	4	0.8975	190.0	950.0	1.0
96331	88	0	5	0.2125	86.0	430.0	0.0
96332	387	1	4	0.965	80.6	403.0	1.0
96333	297	0	5	0.735	249.4	1247.0	0.6666666666666666
96334	116	0	5	0.2825	109.6	548.0	0.3333333333333333
96335	357	0	5	0.885	239.6	1198.0	0.6666666666666666
96336	332	0	5	0.8225	200.2	1001.0	0.6666666666666666
96337	189	0	5	0.465	43.0	215.0	0.6666666666666666
96338	228	0	5	0.5625	128.2	641.0	0.6666666666666666
96339	261	0	5	0.645	140.0	700.0	0.3333333333333333
96340	53	0	5	0.125	42.6	213.0	0.0
96341	279	0	5	0.69	233.4	1167.0	0.3333333333333333
96342	47	0	5	0.11	43.2	216.0	0.3333333333333333
96343	85	0	5	0.205	61.4	307.0	0.0
96344	58	0	5	0.1375	56.0	280.0	0.0
96345	126	0	5	0.3075	80.4	402.0	0.3333333333333333
96346	371	0	5	0.92	291.8	1459.0	0.6666666666666666
96347	274	0	5	0.6775	82.6	413.0	0.3333333333333333
96348	294	0	5	0.7275	78.0	390.0	0.6666666666666666
96349	107	0	5	0.26	98.4	492.0	0.3333333333333333
96350	214	0	5	0.5275	90.8	454.0	0.6666666666666666
96351	183	0	5	0.45	124.6	623.0	0.3333333333333333
96352	102	0	5	0.2475	73.2	366.0	0.3333333333333333
96353	198	0	5	0.4875	131.2	656.0	0.0
96354	200	0	5	0.4925	118.0	590.0	0.6666666666666666
96355	194	0	5	0.4775	92.0	460.0	0.6666666666666666
96356	270	0	5	0.6675	177.4	887.0	0.6666666666666666
96357	244	0	5	0.6025	212.0	1060.0	0.0
96358	135	0	5	0.33	133.0	665.0	0.0
96359	59	0	5	0.14	57.0	285.0	0.0
96360	40	0	5	0.0925	29.2	146.0	0.3333333333333333
96361	166	0	5	0.4075	73.0	365.0	0.3333333333333333
96362	295	0	5	0.73	161.0	805.0	0.3333333333333333
96363	291	0	5	0.72	111.2	556.0	0.6666666666666666
96364	314	0	5	0.7775	128.2	641.0	0.6666666666666666
96365	313	0	5	0.775	208.2	1041.0	0.6666666666666666
96366	103	0	5	0.25	101.0	505.0	0.0
96367	138	0	5	0.3375	90.2	451.0	0.3333333333333333
96368	157	0	5	0.385	155.0	775.0	0.0
96369	68	0	5	0.1625	66.0	330.0	0.0
96370	391	1	4	0.975	132.2	661.0	1.0
96371	307	0	5	0.76	82.6	413.0	0.6666666666666666
96372	365	1	4	0.91	248.2	1241.0	1.0
96373	398	0	5	0.9875	334.4	1672.0	0.6666666666666666
96374	82	0	5	0.1975	26.4	132.0	0.3333333333333333
96375	50	0	5	0.1175	46.0	230.0	0.3333333333333333
96376	63	0	5	0.15	29.2	146.0	0.0
96377	220	0	5	0.5425	68.4	342.0	0.3333333333333333
96378	92	0	5	0.2225	43.6	218.0	0.3333333333333333
96379	348	1	4	0.8675	82.4	412.0	1.0
96380	202	0	5	0.4975	92.4	462.0	0.3333333333333333
96381	67	0	5	0.16	54.6	273.0	0.0
96382	246	0	5	0.6075	231.4	1157.0	0.0
96383	199	0	5	0.49	178.4	892.0	0.0
96384	301	0	5	0.745	212.0	1060.0	0.3333333333333333
96385	277	0	5	0.685	236.2	1181.0	0.0
96386	147	0	5	0.36	92.2	461.0	0.6666666666666666
96387	349	0	5	0.865	212.2	1061.0	0.3333333333333333
96388	356	0	5	0.8825	235.0	1175.0	0.6666666666666666
96389	94	0	5	0.2275	20.0	100.0	0.3333333333333333
96390	10	0	5	0.0175	8.0	40.0	0.0
96391	48	0	5	0.1125	46.0	230.0	0.0
96392	354	0	5	0.8775	307.8	1539.0	0.3333333333333333
96393	213	0	5	0.525	191.4	957.0	0.6666666666666666
96394	243	0	5	0.6	195.0	975.0	0.3333333333333333
96395	8	0	5	0.0125	6.0	30.0	0.0
96396	311	0	5	0.77	225.8	1129.0	0.6666666666666666
96397	302	0	5	0.7475	175.2	876.0	0.6666666666666666
96398	132	0	5	0.3225	96.8	484.0	0.3333333333333333
96399	210	0	5	0.5175	46.4	232.0	0.3333333333333333
96400	185	0	5	0.455	69.6	348.0	0.3333333333333333
96401	240	0	5	0.5925	195.8	979.0	0.3333333333333333
96402	334	0	5	0.8275	305.2	1526.0	0.3333333333333333
96403	300	1	4	0.7475	76.8	384.0	1.0
96404	370	0	5	0.9175	239.4	1197.0	0.3333333333333333
96405	91	0	5	0.22	53.4	267.0	0.3333333333333333
96406	244	0	5	0.6025	221.0	1105.0	0.3333333333333333
96407	216	0	5	0.5325	212.8	1064.0	0.3333333333333333
96408	291	0	5	0.72	111.2	556.0	0.3333333333333333
96409	253	0	5	0.625	158.0	790.0	0.3333333333333333
96410	110	0	5	0.2675	63.2	316.0	0.3333333333333333
96411	9	0	5	0.015	7.0	35.0	0.0
96412	153	0	5	0.375	76.6	383.0	0.6666666666666666
96413	218	0	5	0.5375	145.0	725.0	0.3333333333333333
96414	38	0	5	0.0875	31.8	159.0	0.0
96415	309	0	5	0.765	144.2	721.0	0.6666666666666666
96416	202	1	4	0.5025	162.2	811.0	1.0
96417	80	0	5	0.1925	46.8	234.0	0.0
96418	82	0	5	0.1975	28.8	144.0	0.3333333333333333
96419	149	0	5	0.365	76.6	383.0	0.6666666666666666
96420	278	0	5	0.6875	129.6	648.0	0.0
96421	306	1	3	0.7625	172.2	861.0	1.0
96422	171	0	5	0.42	149.8	749.0	0.3333333333333333
96423	274	0	5	0.6775	137.2	686.0	0.3333333333333333
96424	24	0	5	0.0525	22.0	110.0	0.0
96425	95	0	5	0.23	93.0	465.0	0.0
96426	155	0	5	0.38	128.2	641.0	0.3333333333333333
96427	157	0	5	0.385	147.4	737.0	0.3333333333333333
96428	372	1	4	0.9275	222.8	1114.0	1.0
96429	397	0	5	0.985	310.0	1550.0	0.3333333333333333
96430	241	0	5	0.595	239.0	1195.0	0.0
96431	70	0	5	0.1675	68.0	340.0	0.0
96432	68	0	5	0.1625	66.0	330.0	0.0
96433	221	1	4	0.55	173.8	869.0	1.0
96434	104	0	5	0.2525	62.4	312.0	0.6666666666666666
96435	104	0	5	0.2525	77.2	386.0	0.0
96436	17	0	5	0.035	15.0	75.0	0.0
96437	90	0	5	0.2175	68.8	344.0	0.3333333333333333
96438	332	1	4	0.8275	206.6	1033.0	1.0
96439	240	0	5	0.5925	209.4	1047.0	0.3333333333333333
96440	235	0	5	0.58	121.8	609.0	0.0
96441	338	0	5	0.8375	138.0	690.0	0.6666666666666666
96442	100	0	5	0.2425	94.8	474.0	0.0
96443	231	0	5	0.57	171.0	855.0	0.6666666666666666
96444	200	0	5	0.4925	126.0	630.0	0.3333333333333333
96445	173	0	5	0.425	94.6	473.0	0.3333333333333333
96446	50	0	5	0.1175	48.0	240.0	0.0
96447	337	0	5	0.835	209.0	1045.0	0.3333333333333333
96448	126	0	5	0.3075	75.4	377.0	0.6666666666666666
96449	42	0	5	0.0975	40.0	200.0	0.0
96450	90	0	5	0.2175	88.0	440.0	0.0
96451	398	0	5	0.9875	209.4	1047.0	0.6666666666666666
96452	149	0	5	0.365	108.4	542.0	0.3333333333333333
96453	248	1	4	0.6175	178.6	893.0	1.0
96454	229	0	5	0.565	136.0	680.0	0.3333333333333333
96455	69	0	5	0.165	67.0	335.0	0.0
96456	238	0	5	0.5875	187.2	936.0	0.0
96457	240	0	5	0.5925	106.0	530.0	0.3333333333333333
96458	230	0	5	0.5675	68.0	340.0	0.0
96459	203	0	5	0.5	84.6	423.0	0.3333333333333333
96460	155	0	5	0.38	35.4	177.0	0.6666666666666666
96461	229	0	5	0.565	101.2	506.0	0.3333333333333333
96462	313	0	5	0.775	161.2	806.0	0.6666666666666666
96463	56	0	5	0.1325	54.0	270.0	0.0
96464	277	0	5	0.685	95.8	479.0	0.6666666666666666
96465	165	0	5	0.405	92.8	464.0	0.3333333333333333
96466	224	0	5	0.5525	139.2	696.0	0.0
96467	204	0	5	0.5025	98.0	490.0	0.6666666666666666
96468	374	0	5	0.9275	244.0	1220.0	0.6666666666666666
96469	222	0	5	0.5475	163.0	815.0	0.3333333333333333
96470	258	0	5	0.6375	147.4	737.0	0.3333333333333333
96471	384	1	4	0.9575	169.4	847.0	1.0
96472	322	1	4	0.8025	72.4	362.0	1.0
96473	168	0	5	0.4125	97.2	486.0	0.3333333333333333
96474	153	0	5	0.375	151.0	755.0	0.0
96475	354	0	5	0.8775	188.6	943.0	0.6666666666666666
96476	139	0	5	0.34	137.0	685.0	0.0
96477	200	1	4	0.4975	137.2	686.0	1.0
96478	69	0	5	0.165	67.0	335.0	0.0
96479	397	1	4	0.99	169.0	845.0	1.0
96480	277	0	5	0.685	200.8	1004.0	0.6666666666666666
96481	247	0	5	0.61	149.4	747.0	0.6666666666666666
96482	113	0	5	0.275	99.6	498.0	0.0
96483	374	0	5	0.9275	230.2	1151.0	0.6666666666666666
96484	265	0	5	0.655	172.2	861.0	0.3333333333333333
96485	224	0	5	0.5525	182.2	911.0	0.0
96486	82	0	5	0.1975	80.0	400.0	0.0
96487	380	0	5	0.9425	151.2	756.0	0.6666666666666666
96488	228	0	5	0.5625	222.0	1110.0	0.3333333333333333
96489	245	0	5	0.605	223.0	1115.0	0.0
96490	18	0	5	0.0375	16.0	80.0	0.0
96491	63	0	5	0.15	53.4	267.0	0.0
96492	84	0	5	0.2025	82.0	410.0	0.0
96493	46	0	5	0.1075	44.0	220.0	0.0
96494	191	0	5	0.47	157.4	787.0	0.3333333333333333
96495	125	0	5	0.305	93.0	465.0	0.3333333333333333
96496	260	1	4	0.6475	97.6	488.0	1.0
96497	119	0	5	0.29	117.0	585.0	0.0
96498	144	0	5	0.3525	142.0	710.0	0.0
96499	87	0	5	0.21	65.8	329.0	0.3333333333333333
96500	96	0	5	0.2325	85.2	426.0	0.0
96501	246	0	5	0.6075	148.4	742.0	0.3333333333333333
96502	116	0	5	0.2825	72.4	362.0	0.0
96503	58	0	5	0.1375	56.0	280.0	0.3333333333333333
96504	358	0	5	0.8875	206.8	1034.0	0.6666666666666666
96505	322	1	4	0.8025	193.2	966.0	1.0
96506	246	0	5	0.6075	135.0	675.0	0.3333333333333333
96507	169	0	5	0.415	167.0	835.0	0.0
96508	243	0	5	0.6	133.0	665.0	0.3333333333333333
96509	21	0	5	0.045	19.0	95.0	0.0
96510	293	0	5	0.725	188.4	942.0	0.0
96511	256	0	5	0.6325	235.6	1178.0	0.3333333333333333
96512	144	0	5	0.3525	50.0	250.0	0.3333333333333333
96513	115	0	5	0.28	47.0	235.0	0.6666666666666666
96514	288	1	3	0.7175	179.4	897.0	1.0
96515	26	0	5	0.0575	24.0	120.0	0.0
96516	302	1	4	0.7525	180.6	903.0	1.0
96517	247	0	5	0.61	205.8	1029.0	0.6666666666666666
96518	42	0	5	0.0975	38.8	194.0	0.0
96519	176	1	4	0.4375	75.2	376.0	1.0
96520	30	0	5	0.0675	28.0	140.0	0.0
96521	58	0	5	0.1375	31.2	156.0	0.3333333333333333
96522	222	0	5	0.5475	142.4	712.0	0.6666666666666666
96523	335	0	5	0.83	257.0	1285.0	0.6666666666666666
96524	54	0	5	0.1275	52.0	260.0	0.0
96525	9	0	5	0.015	7.0	35.0	0.0
96526	401	0	4	0.9975	204.2	1021.0	0.6666666666666666
96527	48	0	5	0.1125	46.0	230.0	0.0
96528	359	0	5	0.89	124.2	621.0	0.6666666666666666
96529	321	0	5	0.795	174.2	871.0	0.6666666666666666
96530	182	0	5	0.4475	87.8	439.0	0.3333333333333333
96531	117	0	5	0.285	112.6	563.0	0.6666666666666666
96532	228	0	5	0.5625	72.8	364.0	0.6666666666666666
96533	64	0	5	0.1525	47.8	239.0	0.3333333333333333
96534	172	0	5	0.4225	170.0	850.0	0.0
96535	32	0	5	0.0725	30.0	150.0	0.0
96536	131	0	5	0.32	78.0	390.0	0.3333333333333333
96537	7	0	5	0.01	5.0	25.0	0.0
96538	267	0	5	0.66	173.0	865.0	0.6666666666666666
96539	185	0	5	0.455	82.2	411.0	0.0
96540	13	0	5	0.025	10.6	53.0	0.0
96541	296	1	4	0.7375	244.0	1220.0	1.0
96542	240	0	5	0.5925	163.2	816.0	0.3333333333333333
96543	110	0	5	0.2675	101.6	508.0	0.0
96544	247	0	5	0.61	139.4	697.0	0.6666666666666666
96545	94	0	5	0.2275	92.0	460.0	0.0
96546	265	1	3	0.66	149.8	749.0	1.0
96547	354	0	5	0.8775	277.4	1387.0	0.3333333333333333
96548	395	0	5	0.98	295.8	1479.0	0.3333333333333333
96549	360	0	5	0.8925	219.4	1097.0	0.6666666666666666
96550	334	0	5	0.8275	129.2	646.0	0.6666666666666666
96551	97	0	5	0.235	69.4	347.0	0.3333333333333333
96552	273	0	5	0.675	112.6	563.0	0.6666666666666666
96553	306	0	5	0.7575	164.8	824.0	0.3333333333333333
96554	350	0	5	0.8675	162.6	813.0	0.6666666666666666
96555	305	0	5	0.755	186.8	934.0	0.6666666666666666
96556	319	0	5	0.79	152.2	761.0	0.6666666666666666
96557	339	1	4	0.845	143.8	719.0	1.0
96558	17	0	5	0.035	15.0	75.0	0.0
96559	101	0	5	0.245	99.0	495.0	0.0
96560	50	0	5	0.1175	28.8	144.0	0.0
96561	343	0	5	0.85	107.2	536.0	0.6666666666666666
96562	273	0	5	0.675	198.8	994.0	0.3333333333333333
96563	321	0	5	0.795	241.4	1207.0	0.3333333333333333
96564	323	1	4	0.805	294.0	1470.0	1.0
96565	24	0	5	0.0525	20.4	102.0	0.3333333333333333
96566	62	0	5	0.1475	39.6	198.0	0.3333333333333333
96567	171	0	5	0.42	89.4	447.0	0.6666666666666666
96568	6	0	5	0.0075	2.4	12.0	0.3333333333333333
96569	103	0	5	0.25	101.0	505.0	0.0
96570	140	0	5	0.3425	130.2	651.0	0.3333333333333333
96571	313	0	5	0.775	140.0	700.0	0.3333333333333333
96572	162	0	5	0.3975	122.0	610.0	0.0
96573	143	0	5	0.35	113.0	565.0	0.3333333333333333
96574	379	0	5	0.94	262.2	1311.0	0.3333333333333333
96575	376	1	4	0.9375	352.4	1762.0	1.0
96576	203	0	5	0.5	77.8	389.0	0.3333333333333333
96577	94	0	5	0.2275	92.0	460.0	0.0
96578	123	1	4	0.305	43.8	219.0	1.0
96579	129	0	5	0.315	57.4	287.0	0.6666666666666666
96580	122	0	5	0.2975	120.0	600.0	0.3333333333333333
96581	62	0	5	0.1475	60.0	300.0	0.3333333333333333
96582	321	0	5	0.795	237.6	1188.0	0.0
96583	368	0	5	0.9125	273.8	1369.0	0.3333333333333333
96584	157	0	5	0.385	155.0	775.0	0.0
96585	383	1	4	0.955	179.4	897.0	1.0
96586	327	1	4	0.815	107.0	535.0	1.0
96587	61	0	5	0.145	56.4	282.0	0.3333333333333333
96588	271	0	5	0.67	183.2	916.0	0.6666666666666666
96589	56	0	5	0.1325	47.6	238.0	0.3333333333333333
96590	353	0	5	0.875	181.2	906.0	0.3333333333333333
96591	106	0	5	0.2575	91.2	456.0	0.6666666666666666
96592	228	0	5	0.5625	154.0	770.0	0.3333333333333333
96593	367	0	5	0.91	125.0	625.0	0.6666666666666666
96594	155	0	5	0.38	112.2	561.0	0.6666666666666666
96595	288	1	4	0.7175	121.2	606.0	1.0
96596	381	0	5	0.945	86.6	433.0	0.6666666666666666
96597	258	0	5	0.6375	93.0	465.0	0.6666666666666666
96598	290	0	5	0.7175	94.6	473.0	0.3333333333333333
96599	67	1	4	0.165	59.0	295.0	1.0
96600	239	0	5	0.59	151.8	759.0	0.6666666666666666
96601	111	0	5	0.27	109.0	545.0	0.0
96602	237	0	5	0.585	235.0	1175.0	0.0
96603	354	1	4	0.8825	225.8	1129.0	1.0
96604	203	0	5	0.5	84.0	420.0	0.3333333333333333
96605	60	0	5	0.1425	26.0	130.0	0.3333333333333333
96606	289	0	5	0.715	226.4	1132.0	0.3333333333333333
96607	238	0	5	0.5875	110.0	550.0	0.6666666666666666
96608	236	0	5	0.5825	133.2	666.0	0.6666666666666666
96609	212	0	5	0.5225	188.4	942.0	0.0
96610	75	0	5	0.18	65.8	329.0	0.3333333333333333
96611	151	0	5	0.37	119.8	599.0	0.3333333333333333
96612	269	0	5	0.665	121.6	608.0	0.6666666666666666
96613	44	0	5	0.1025	42.0	210.0	0.0
96614	158	0	5	0.3875	91.2	456.0	0.6666666666666666
96615	331	0	5	0.82	267.0	1335.0	0.3333333333333333
96616	164	0	5	0.4025	123.4	617.0	0.3333333333333333
96617	200	0	5	0.4925	61.8	309.0	0.3333333333333333
96618	323	0	5	0.8	104.4	522.0	0.6666666666666666
96619	113	0	5	0.275	97.4	487.0	0.3333333333333333
96620	145	0	5	0.355	126.8	634.0	0.0
96621	17	0	5	0.035	15.0	75.0	0.0
96622	40	0	5	0.0925	38.0	190.0	0.0
96623	97	0	5	0.235	95.0	475.0	0.0
96624	185	0	5	0.455	124.0	620.0	0.6666666666666666
96625	311	1	4	0.775	76.6	383.0	1.0
96626	324	1	4	0.8075	203.4	1017.0	1.0
96627	401	0	5	0.995	186.8	934.0	0.6666666666666666
96628	353	0	5	0.875	232.4	1162.0	0.6666666666666666
96629	34	0	5	0.0775	19.4	97.0	0.3333333333333333
96630	358	0	5	0.8875	254.8	1274.0	0.6666666666666666
96631	276	0	5	0.6825	206.4	1032.0	0.3333333333333333
96632	117	0	5	0.285	115.0	575.0	0.0
96633	38	0	5	0.0875	24.0	120.0	0.0
96634	30	0	5	0.0675	12.8	64.0	0.3333333333333333
96635	14	0	5	0.0275	10.2	51.0	0.3333333333333333
96636	315	1	4	0.785	214.8	1074.0	1.0
96637	88	0	5	0.2125	85.2	426.0	0.0
96638	331	0	5	0.82	174.8	874.0	0.3333333333333333
96639	401	0	5	0.995	204.6	1023.0	0.6666666666666666
96640	78	0	5	0.1875	65.2	326.0	0.0
96641	387	0	5	0.96	319.4	1597.0	0.6666666666666666
96642	291	1	4	0.725	199.2	996.0	1.0
96643	213	0	5	0.525	159.8	799.0	0.3333333333333333
96644	77	0	5	0.185	32.4	162.0	0.0
96645	117	0	5	0.285	111.8	559.0	0.3333333333333333
96646	239	0	5	0.59	212.0	1060.0	0.3333333333333333
96647	360	0	5	0.8925	166.8	834.0	0.6666666666666666
96648	99	0	5	0.24	86.2	431.0	0.0
96649	229	0	5	0.565	210.4	1052.0	0.3333333333333333
96650	12	0	5	0.0225	10.0	50.0	0.0
96651	352	1	4	0.8775	128.2	641.0	1.0
96652	37	0	5	0.085	27.8	139.0	0.3333333333333333
96653	375	0	5	0.93	198.8	994.0	0.6666666666666666
96654	151	0	5	0.37	148.2	741.0	0.3333333333333333
96655	380	1	4	0.9475	228.6	1143.0	1.0
96656	374	0	5	0.9275	184.4	922.0	0.6666666666666666
96657	261	0	5	0.645	102.4	512.0	0.6666666666666666
96658	28	0	5	0.0625	25.4	127.0	0.0
96659	288	0	5	0.7125	159.8	799.0	0.6666666666666666
96660	291	0	5	0.72	171.4	857.0	0.3333333333333333
96661	126	0	5	0.3075	124.0	620.0	0.0
96662	228	0	5	0.5625	104.4	522.0	0.6666666666666666
96663	264	0	5	0.6525	198.4	992.0	0.3333333333333333
96664	77	0	5	0.185	74.4	372.0	0.3333333333333333
96665	179	0	5	0.44	177.0	885.0	0.0
96666	131	0	5	0.32	85.8	429.0	0.3333333333333333
96667	210	0	5	0.5175	196.0	980.0	0.0
96668	385	0	5	0.955	218.0	1090.0	0.6666666666666666
96669	207	0	5	0.51	131.2	656.0	0.6666666666666666
96670	46	0	5	0.1075	26.6	133.0	0.3333333333333333
96671	134	1	4	0.3325	70.8	354.0	1.0
96672	295	0	5	0.73	158.2	791.0	0.3333333333333333
96673	140	0	5	0.3425	56.0	280.0	0.3333333333333333
96674	153	0	5	0.375	138.8	694.0	0.3333333333333333
96675	345	0	5	0.855	261.4	1307.0	0.3333333333333333
96676	80	0	5	0.1925	44.4	222.0	0.0
96677	181	0	5	0.445	105.8	529.0	0.6666666666666666
96678	310	0	5	0.7675	147.2	736.0	0.3333333333333333
96679	199	0	5	0.49	186.2	931.0	0.0
96680	25	0	5	0.055	23.0	115.0	0.0
96681	57	0	5	0.135	34.0	170.0	0.0
96682	297	0	5	0.735	225.4	1127.0	0.0
96683	102	0	5	0.2475	81.0	405.0	0.3333333333333333
96684	202	0	5	0.4975	90.8	454.0	0.3333333333333333
96685	244	0	5	0.6025	105.2	526.0	0.6666666666666666
96686	213	0	5	0.525	114.0	570.0	0.3333333333333333
96687	399	0	5	0.99	185.6	928.0	0.6666666666666666
96688	312	0	5	0.7725	69.2	346.0	0.3333333333333333
96689	95	0	5	0.23	57.6	288.0	0.3333333333333333
96690	299	0	5	0.74	112.2	561.0	0.6666666666666666
96691	392	0	5	0.9725	350.8	1754.0	0.6666666666666666
96692	140	0	5	0.3425	104.4	522.0	0.0
96693	309	0	5	0.765	232.8	1164.0	0.0
96694	401	0	4	0.9975	134.0	670.0	0.6666666666666666
96695	382	0	5	0.9475	203.0	1015.0	0.3333333333333333
96696	104	0	5	0.2525	96.2	481.0	0.0
96697	292	0	5	0.7225	165.8	829.0	0.6666666666666666
96698	32	0	5	0.0725	14.8	74.0	0.3333333333333333
96699	123	0	5	0.3	106.0	530.0	0.3333333333333333
96700	308	0	5	0.7625	207.8	1039.0	0.3333333333333333
96701	355	0	5	0.88	299.4	1497.0	0.6666666666666666
96702	168	0	5	0.4125	56.8	284.0	0.6666666666666666
96703	268	1	4	0.6675	189.0	945.0	1.0
96704	182	0	5	0.4475	96.4	482.0	0.6666666666666666
96705	72	0	5	0.1725	52.8	264.0	0.3333333333333333
96706	71	0	5	0.17	69.0	345.0	0.0
96707	364	0	5	0.9025	163.4	817.0	0.6666666666666666
96708	215	0	5	0.53	94.6	473.0	0.3333333333333333
96709	360	0	5	0.8925	307.8	1539.0	0.3333333333333333
96710	297	0	5	0.735	105.6	528.0	0.6666666666666666
96711	165	0	5	0.405	138.2	691.0	0.3333333333333333
96712	371	0	5	0.92	161.4	807.0	0.6666666666666666
96713	104	0	5	0.2525	98.0	490.0	0.0
96714	132	0	5	0.3225	123.6	618.0	0.3333333333333333
96715	68	0	5	0.1625	66.0	330.0	0.0
96716	206	0	5	0.5075	101.6	508.0	0.3333333333333333
96717	199	0	5	0.49	113.8	569.0	0.6666666666666666
96718	127	0	5	0.31	122.2	611.0	0.0
96719	144	0	5	0.3525	42.0	210.0	0.0
96720	37	0	5	0.085	35.0	175.0	0.0
96721	85	0	5	0.205	40.4	202.0	0.6666666666666666
96722	298	0	5	0.7375	113.8	569.0	0.6666666666666666
96723	78	0	5	0.1875	76.0	380.0	0.0
96724	34	0	5	0.0775	27.2	136.0	0.3333333333333333
96725	335	0	5	0.83	176.2	881.0	0.6666666666666666
96726	248	0	5	0.6125	190.2	951.0	0.3333333333333333
96727	392	1	4	0.9775	233.4	1167.0	1.0
96728	60	0	5	0.1425	55.2	276.0	0.3333333333333333
96729	312	0	5	0.7725	89.6	448.0	0.3333333333333333
96730	331	0	5	0.82	168.6	843.0	0.6666666666666666
96731	164	0	5	0.4025	54.8	274.0	0.0
96732	311	0	5	0.77	183.0	915.0	0.6666666666666666
96733	286	0	5	0.7075	193.8	969.0	0.3333333333333333
96734	203	0	5	0.5	42.6	213.0	0.3333333333333333
96735	329	0	5	0.815	209.8	1049.0	0.6666666666666666
96736	239	0	5	0.59	159.6	798.0	0.3333333333333333
96737	70	0	5	0.1675	28.6	143.0	0.6666666666666666
96738	256	0	5	0.6325	202.8	1014.0	0.0
96739	231	0	5	0.57	101.4	507.0	0.3333333333333333
96740	306	0	5	0.7575	146.4	732.0	0.0
96741	90	0	5	0.2175	86.0	430.0	0.0
96742	325	0	5	0.805	155.0	775.0	0.6666666666666666
96743	244	0	5	0.6025	179.0	895.0	0.0
96744	43	0	5	0.1	41.0	205.0	0.0
96745	298	0	5	0.7375	287.6	1438.0	0.3333333333333333
96746	138	0	5	0.3375	124.4	622.0	0.3333333333333333
96747	393	0	5	0.975	326.6	1633.0	0.6666666666666666
96748	254	0	5	0.6275	186.4	932.0	0.6666666666666666
96749	163	1	4	0.405	64.2	321.0	1.0
96750	304	0	5	0.7525	249.6	1248.0	0.3333333333333333
96751	200	0	5	0.4925	59.6	298.0	0.6666666666666666
96752	98	0	5	0.2375	80.8	404.0	0.6666666666666666
96753	375	1	4	0.935	164.8	824.0	1.0
96754	164	0	5	0.4025	127.8	639.0	0.3333333333333333
96755	68	0	5	0.1625	66.0	330.0	0.0
96756	295	0	5	0.73	191.4	957.0	0.3333333333333333
96757	41	0	5	0.095	24.6	123.0	0.3333333333333333
96758	22	0	5	0.0475	20.0	100.0	0.0
96759	296	0	5	0.7325	189.0	945.0	0.6666666666666666
96760	193	0	5	0.475	130.6	653.0	0.3333333333333333
96761	79	0	5	0.19	38.6	193.0	0.3333333333333333
96762	186	0	5	0.4575	100.0	500.0	0.6666666666666666
96763	299	0	5	0.74	234.4	1172.0	0.6666666666666666
96764	140	0	5	0.3425	64.2	321.0	0.0
96765	232	0	5	0.5725	160.8	804.0	0.6666666666666666
96766	229	0	5	0.565	107.6	538.0	0.6666666666666666
96767	301	0	5	0.745	187.6	938.0	0.3333333333333333
96768	401	0	5	0.995	139.2	696.0	0.6666666666666666
96769	310	0	5	0.7675	107.2	536.0	0.6666666666666666
96770	157	0	5	0.385	147.4	737.0	0.0
96771	279	1	4	0.695	87.8	439.0	1.0
96772	55	0	5	0.13	53.0	265.0	0.0
96773	131	0	5	0.32	102.2	511.0	0.3333333333333333
96774	290	0	5	0.7175	200.4	1002.0	0.3333333333333333
96775	209	0	5	0.515	193.2	966.0	0.3333333333333333
96776	347	0	5	0.86	268.0	1340.0	0.6666666666666666
96777	329	0	5	0.815	284.2	1421.0	0.6666666666666666
96778	248	0	5	0.6125	246.0	1230.0	0.0
96779	122	0	5	0.2975	93.6	468.0	0.3333333333333333
96780	59	0	5	0.14	51.0	255.0	0.0
96781	240	0	5	0.5925	135.8	679.0	0.3333333333333333
96782	264	0	5	0.6525	216.4	1082.0	0.3333333333333333
96783	33	0	5	0.075	31.0	155.0	0.0
96784	48	0	5	0.1125	46.0	230.0	0.0
96785	229	0	5	0.565	185.2	926.0	0.6666666666666666
96786	336	1	4	0.8375	83.2	416.0	1.0
96787	109	0	5	0.265	107.0	535.0	0.0
96788	35	0	5	0.08	21.8	109.0	0.0
96789	379	0	5	0.94	327.4	1637.0	0.6666666666666666
96790	41	0	5	0.095	16.6	83.0	0.0
96791	243	0	5	0.6	136.0	680.0	0.3333333333333333
96792	58	0	5	0.1375	56.0	280.0	0.0
96793	65	0	5	0.155	39.8	199.0	0.0
96794	383	1	4	0.955	148.4	742.0	1.0
96795	229	0	5	0.565	199.6	998.0	0.3333333333333333
96796	220	0	5	0.5425	158.4	792.0	0.3333333333333333
96797	165	0	5	0.405	52.2	261.0	0.3333333333333333
96798	228	0	5	0.5625	176.2	881.0	0.3333333333333333
96799	323	0	5	0.8	213.0	1065.0	0.3333333333333333
96800	12	0	5	0.0225	10.0	50.0	0.0
96801	352	0	5	0.8725	275.6	1378.0	0.3333333333333333
96802	306	0	5	0.7575	64.0	320.0	0.6666666666666666
96803	103	0	5	0.25	98.2	491.0	0.3333333333333333
96804	311	0	5	0.77	161.4	807.0	0.6666666666666666
96805	393	0	5	0.975	215.6	1078.0	0.6666666666666666
96806	187	0	5	0.46	130.2	651.0	0.6666666666666666
96807	111	0	5	0.27	38.6	193.0	0.3333333333333333
96808	70	0	5	0.1675	37.4	187.0	0.3333333333333333
96809	146	0	5	0.3575	104.0	520.0	0.0
96810	148	0	5	0.3625	85.8	429.0	0.3333333333333333
96811	318	0	5	0.7875	204.2	1021.0	0.3333333333333333
96812	339	1	4	0.845	222.4	1112.0	1.0
96813	11	0	5	0.02	9.0	45.0	0.0
96814	121	0	5	0.295	79.0	395.0	0.3333333333333333
96815	237	0	5	0.585	136.2	681.0	0.6666666666666666
96816	387	1	4	0.965	98.2	491.0	1.0
96817	256	0	5	0.6325	74.8	374.0	0.6666666666666666
96818	387	0	5	0.96	171.2	856.0	0.6666666666666666
96819	96	0	5	0.2325	54.6	273.0	0.3333333333333333
96820	330	0	5	0.8175	251.6	1258.0	0.3333333333333333
96821	247	1	4	0.615	132.6	663.0	1.0
96822	233	0	5	0.575	196.6	983.0	0.3333333333333333
96823	188	0	5	0.4625	182.0	910.0	0.3333333333333333
96824	241	0	5	0.595	170.8	854.0	0.3333333333333333
96825	38	0	5	0.0875	29.2	146.0	0.3333333333333333
96826	336	0	5	0.8325	203.4	1017.0	0.3333333333333333
96827	40	0	5	0.0925	21.2	106.0	0.3333333333333333
96828	367	0	5	0.91	141.8	709.0	0.6666666666666666
96829	90	0	5	0.2175	88.0	440.0	0.0
96830	387	0	5	0.96	187.4	937.0	0.6666666666666666
96831	341	0	5	0.845	291.2	1456.0	0.0
96832	349	0	5	0.865	280.8	1404.0	0.3333333333333333
96833	116	0	5	0.2825	89.2	446.0	0.6666666666666666
96834	152	0	5	0.3725	94.0	470.0	0.3333333333333333
96835	47	0	5	0.11	45.0	225.0	0.0
96836	248	0	5	0.6125	136.4	682.0	0.6666666666666666
96837	99	0	5	0.24	41.2	206.0	0.3333333333333333
96838	62	0	5	0.1475	37.2	186.0	0.3333333333333333
96839	282	0	5	0.6975	144.2	721.0	0.6666666666666666
96840	278	0	5	0.6875	128.6	643.0	0.3333333333333333
96841	253	0	5	0.625	125.0	625.0	0.3333333333333333
96842	240	0	5	0.5925	218.8	1094.0	0.0
96843	299	0	5	0.74	235.8	1179.0	0.3333333333333333
96844	190	0	5	0.4675	160.0	800.0	0.3333333333333333
96845	265	0	5	0.655	205.6	1028.0	0.6666666666666666
96846	90	0	5	0.2175	74.6	373.0	0.0
96847	209	0	5	0.515	169.4	847.0	0.3333333333333333
96848	331	0	5	0.82	307.0	1535.0	0.6666666666666666
96849	85	0	5	0.205	78.2	391.0	0.3333333333333333
96850	312	0	5	0.7725	208.0	1040.0	0.3333333333333333
96851	122	0	5	0.2975	120.0	600.0	0.0
96852	36	0	5	0.0825	34.0	170.0	0.0
96853	82	0	5	0.1975	67.0	335.0	0.0
96854	158	0	5	0.3875	148.0	740.0	0.3333333333333333
96855	283	0	5	0.7	222.0	1110.0	0.3333333333333333
96856	176	0	5	0.4325	169.4	847.0	0.3333333333333333
96857	155	0	5	0.38	61.8	309.0	0.3333333333333333
96858	179	0	5	0.44	95.8	479.0	0.3333333333333333
96859	184	0	5	0.4525	97.0	485.0	0.6666666666666666
96860	91	0	5	0.22	66.6	333.0	0.0
96861	33	0	5	0.075	31.0	155.0	0.0
96862	253	0	5	0.625	208.6	1043.0	0.3333333333333333
96863	154	0	5	0.3775	116.0	580.0	0.3333333333333333
96864	287	0	5	0.71	93.2	466.0	0.3333333333333333
96865	108	1	4	0.2675	71.4	357.0	1.0
96866	288	1	4	0.7175	181.2	906.0	1.0
96867	122	0	5	0.2975	109.2	546.0	0.0
96868	107	0	5	0.26	105.0	525.0	0.0
96869	148	0	5	0.3625	110.8	554.0	0.3333333333333333
96870	176	0	5	0.4325	174.0	870.0	0.0
96871	101	0	5	0.245	39.0	195.0	0.3333333333333333
96872	179	0	5	0.44	114.4	572.0	0.3333333333333333
96873	17	0	5	0.035	15.0	75.0	0.0
96874	277	0	5	0.685	244.6	1223.0	0.3333333333333333
96875	302	1	4	0.7525	129.2	646.0	1.0
96876	357	0	5	0.885	336.6	1683.0	0.3333333333333333
96877	366	0	5	0.9075	144.4	722.0	0.0
96878	298	0	5	0.7375	136.4	682.0	0.6666666666666666
96879	43	0	5	0.1	41.0	205.0	0.0
96880	205	0	5	0.505	130.0	650.0	0.3333333333333333
96881	154	0	5	0.3775	152.0	760.0	0.0
96882	371	0	5	0.92	232.2	1161.0	0.3333333333333333
96883	186	1	4	0.4625	65.6	328.0	1.0
96884	343	0	5	0.85	251.8	1259.0	0.3333333333333333
96885	87	0	5	0.21	53.8	269.0	0.3333333333333333
96886	147	0	5	0.36	106.0	530.0	0.3333333333333333
96887	296	0	5	0.7325	177.2	886.0	0.3333333333333333
96888	40	0	5	0.0925	38.0	190.0	0.0
96889	175	0	5	0.43	150.0	750.0	0.6666666666666666
96890	214	0	5	0.5275	125.0	625.0	0.0
96891	111	0	5	0.27	64.6	323.0	0.3333333333333333
96892	167	0	5	0.41	121.8	609.0	0.3333333333333333
96893	318	0	5	0.7875	201.4	1007.0	0.6666666666666666
96894	3	0	5	0.0025	0.4	2.0	0.3333333333333333
96895	238	0	5	0.5875	107.0	535.0	0.3333333333333333
96896	304	1	4	0.7575	217.0	1085.0	1.0
96897	177	0	5	0.435	74.6	373.0	0.6666666666666666
96898	5	0	5	0.005	3.0	15.0	0.0
96899	306	1	4	0.7625	93.2	466.0	1.0
96900	341	0	5	0.845	263.0	1315.0	0.3333333333333333
96901	305	0	5	0.755	175.2	876.0	0.6666666666666666
96902	34	0	5	0.0775	26.4	132.0	0.3333333333333333
96903	394	1	4	0.9825	336.6	1683.0	1.0
96904	298	1	4	0.7425	143.4	717.0	1.0
96905	90	0	5	0.2175	58.0	290.0	0.3333333333333333
96906	18	0	5	0.0375	16.0	80.0	0.0
96907	178	0	5	0.4375	118.4	592.0	0.6666666666666666
96908	134	0	5	0.3275	51.2	256.0	0.0
96909	330	0	5	0.8175	210.6	1053.0	0.3333333333333333
96910	262	0	5	0.6475	144.8	724.0	0.6666666666666666
96911	325	1	4	0.81	184.0	920.0	1.0
96912	97	0	5	0.235	75.4	377.0	0.3333333333333333
96913	278	0	5	0.6875	257.0	1285.0	0.0
96914	13	0	5	0.025	11.0	55.0	0.0
96915	172	1	3	0.4275	70.0	350.0	1.0
96916	9	0	5	0.015	7.0	35.0	0.0
96917	303	0	5	0.75	107.2	536.0	0.3333333333333333
96918	83	0	5	0.2	81.0	405.0	0.0
96919	218	0	5	0.5375	137.4	687.0	0.3333333333333333
96920	222	0	5	0.5475	145.0	725.0	0.3333333333333333
96921	349	0	5	0.865	263.2	1316.0	0.6666666666666666
96922	250	0	5	0.6175	126.2	631.0	0.3333333333333333
96923	194	0	5	0.4775	51.2	256.0	0.3333333333333333
96924	384	0	5	0.9525	156.8	784.0	0.6666666666666666
96925	76	0	5	0.1825	47.2	236.0	0.3333333333333333
96926	45	0	5	0.105	43.0	215.0	0.0
96927	96	0	5	0.2325	26.8	134.0	0.3333333333333333
96928	140	0	5	0.3425	110.2	551.0	0.6666666666666666
96929	391	1	4	0.975	208.6	1043.0	1.0
96930	168	0	5	0.4125	122.6	613.0	0.3333333333333333
96931	131	0	5	0.32	107.2	536.0	0.0
96932	71	0	5	0.17	69.0	345.0	0.0
96933	165	0	5	0.405	152.2	761.0	0.3333333333333333
96934	27	0	5	0.06	25.0	125.0	0.0
96935	288	0	5	0.7125	166.8	834.0	0.3333333333333333
96936	71	0	5	0.17	60.4	302.0	0.0
96937	311	0	5	0.77	95.0	475.0	0.6666666666666666
96938	96	0	5	0.2325	94.0	470.0	0.0
96939	215	0	5	0.53	200.0	1000.0	0.3333333333333333
96940	104	0	5	0.2525	102.0	510.0	0.0
96941	60	0	5	0.1425	58.0	290.0	0.0
96942	27	0	5	0.06	17.8	89.0	0.0
96943	296	0	5	0.7325	168.6	843.0	0.3333333333333333
96944	45	0	5	0.105	40.6	203.0	0.0
96945	209	0	5	0.515	135.2	676.0	0.3333333333333333
96946	299	0	5	0.74	153.6	768.0	0.0
96947	22	0	5	0.0475	20.0	100.0	0.0
96948	179	0	5	0.44	47.4	237.0	0.3333333333333333
96949	237	1	4	0.59	192.6	963.0	1.0
96950	365	0	5	0.905	299.2	1496.0	0.3333333333333333
96951	92	0	5	0.2225	42.8	214.0	0.3333333333333333
96952	240	0	5	0.5925	133.8	669.0	0.3333333333333333
96953	361	1	4	0.9	97.8	489.0	1.0
96954	160	0	5	0.3925	105.4	527.0	0.3333333333333333
96955	306	0	5	0.7575	150.0	750.0	0.6666666666666666
96956	128	0	5	0.3125	88.8	444.0	0.0
96957	178	0	5	0.4375	138.8	694.0	0.0
96958	75	0	5	0.18	33.4	167.0	0.3333333333333333
96959	190	0	5	0.4675	188.0	940.0	0.0
96960	245	0	5	0.605	153.0	765.0	0.0
96961	135	0	5	0.33	59.2	296.0	0.6666666666666666
96962	209	0	5	0.515	174.6	873.0	0.0
96963	185	0	5	0.455	121.8	609.0	0.3333333333333333
96964	298	0	5	0.7375	256.8	1284.0	0.3333333333333333
96965	281	0	5	0.695	268.0	1340.0	0.3333333333333333
96966	216	0	5	0.5325	98.8	494.0	0.6666666666666666
96967	308	1	4	0.7675	179.2	896.0	1.0
96968	297	1	4	0.74	73.0	365.0	1.0
96969	128	0	5	0.3125	50.8	254.0	0.6666666666666666
96970	23	0	5	0.05	21.0	105.0	0.0
96971	320	0	5	0.7925	284.4	1422.0	0.3333333333333333
96972	270	0	5	0.6675	228.8	1144.0	0.0
96973	139	0	5	0.34	66.2	331.0	0.3333333333333333
96974	227	0	5	0.56	225.0	1125.0	0.0
96975	33	0	5	0.075	31.0	155.0	0.0
96976	132	0	5	0.3225	111.2	556.0	0.3333333333333333
96977	338	0	5	0.8375	165.6	828.0	0.6666666666666666
96978	269	0	5	0.665	169.0	845.0	0.6666666666666666
96979	93	0	5	0.225	82.0	410.0	0.3333333333333333
96980	90	0	5	0.2175	74.2	371.0	0.0
96981	197	0	5	0.485	65.6	328.0	0.3333333333333333
96982	39	0	5	0.09	32.8	164.0	0.0
96983	314	0	5	0.7775	108.6	543.0	0.3333333333333333
96984	144	0	5	0.3525	97.0	485.0	0.3333333333333333
96985	167	0	5	0.41	59.4	297.0	0.3333333333333333
96986	23	0	5	0.05	21.0	105.0	0.0
96987	343	0	5	0.85	241.6	1208.0	0.0
96988	4	0	5	0.0025	0.8	4.0	0.0
96989	308	0	5	0.7625	208.0	1040.0	0.0
96990	354	0	5	0.8775	197.4	987.0	0.0
96991	341	0	5	0.845	215.8	1079.0	0.3333333333333333
96992	398	0	5	0.9875	333.2	1666.0	0.6666666666666666
96993	269	0	5	0.665	235.0	1175.0	0.3333333333333333
96994	17	0	5	0.035	13.4	67.0	0.3333333333333333
96995	59	0	5	0.14	57.0	285.0	0.0
96996	6	0	5	0.0075	4.0	20.0	0.0
96997	42	0	5	0.0975	34.4	172.0	0.3333333333333333
96998	61	0	5	0.145	59.0	295.0	0.0
96999	369	0	5	0.915	227.0	1135.0	0.3333333333333333
97000	233	0	5	0.575	90.4	452.0	0.3333333333333333
97001	388	1	4	0.9675	233.2	1166.0	1.0
97002	255	0	5	0.63	171.4	857.0	0.3333333333333333
97003	218	0	5	0.5375	118.2	591.0	0.3333333333333333
97004	231	0	5	0.57	171.6	858.0	0.3333333333333333
97005	77	0	5	0.185	68.4	342.0	0.0
97006	249	1	3	0.62	197.8	989.0	1.0
97007	399	1	4	0.995	370.8	1854.0	1.0
97008	288	0	5	0.7125	213.2	1066.0	0.0
97009	320	0	5	0.7925	251.2	1256.0	0.3333333333333333
97010	353	0	5	0.875	92.8	464.0	0.6666666666666666
97011	240	0	5	0.5925	139.8	699.0	0.3333333333333333
97012	401	0	4	0.9975	128.0	640.0	0.6666666666666666
97013	318	1	4	0.7925	113.8	569.0	1.0
97014	390	0	5	0.9675	214.0	1070.0	0.6666666666666666
97015	315	0	5	0.78	90.0	450.0	0.6666666666666666
97016	46	0	5	0.1075	35.0	175.0	0.3333333333333333
97017	305	0	5	0.755	177.4	887.0	0.3333333333333333
97018	378	1	4	0.9425	178.2	891.0	1.0
97019	353	0	5	0.875	85.8	429.0	0.6666666666666666
97020	243	0	5	0.6	96.0	480.0	0.6666666666666666
97021	399	0	5	0.99	249.0	1245.0	0.6666666666666666
97022	169	0	5	0.415	91.0	455.0	0.6666666666666666
97023	385	1	4	0.96	245.8	1229.0	1.0
97024	215	0	5	0.53	120.2	601.0	0.0
97025	48	0	5	0.1125	46.0	230.0	0.0
97026	185	0	5	0.455	48.6	243.0	0.3333333333333333
97027	136	1	3	0.3375	79.6	398.0	1.0
97028	109	0	5	0.265	89.6	448.0	0.3333333333333333
97029	67	0	5	0.16	42.6	213.0	0.3333333333333333
97030	146	0	5	0.3575	108.8	544.0	0.3333333333333333
97031	308	0	5	0.7625	100.0	500.0	0.6666666666666666
97032	7	0	5	0.01	5.0	25.0	0.0
97033	46	0	5	0.1075	36.6	183.0	0.3333333333333333
97034	244	0	5	0.6025	239.8	1199.0	0.3333333333333333
97035	37	0	5	0.085	27.0	135.0	0.3333333333333333
97036	188	0	5	0.4625	142.4	712.0	0.0
97037	191	0	5	0.47	120.6	603.0	0.0
97038	304	0	5	0.7525	170.8	854.0	0.6666666666666666
97039	38	0	5	0.0875	36.0	180.0	0.0
97040	259	1	4	0.645	71.8	359.0	1.0
97041	175	0	5	0.43	142.2	711.0	0.0
97042	110	0	5	0.2675	51.0	255.0	0.3333333333333333
97043	335	0	5	0.83	236.6	1183.0	0.6666666666666666
97044	178	1	4	0.4425	140.8	704.0	1.0
97045	164	0	5	0.4025	79.6	398.0	0.3333333333333333
97046	271	0	5	0.67	227.0	1135.0	0.0
97047	183	0	5	0.45	103.8	519.0	0.3333333333333333
97048	261	0	5	0.645	259.0	1295.0	0.0
97049	5	0	5	0.005	3.0	15.0	0.0
97050	344	0	5	0.8525	98.0	490.0	0.3333333333333333
97051	291	0	5	0.72	171.6	858.0	0.6666666666666666
97052	400	1	3	0.9975	315.0	1575.0	1.0
97053	81	0	5	0.195	62.6	313.0	0.0
97054	83	0	5	0.2	78.4	392.0	0.6666666666666666
97055	218	0	5	0.5375	156.0	780.0	0.3333333333333333
97056	31	0	5	0.07	29.0	145.0	0.0
97057	117	0	5	0.285	114.6	573.0	0.3333333333333333
97058	350	0	5	0.8675	214.8	1074.0	0.3333333333333333
97059	222	0	5	0.5475	133.8	669.0	0.3333333333333333
97060	396	0	5	0.9825	152.0	760.0	0.6666666666666666
97061	97	0	5	0.235	37.8	189.0	0.3333333333333333
97062	103	0	5	0.25	59.8	299.0	0.0
97063	220	0	5	0.5425	213.8	1069.0	0.0
97064	131	0	5	0.32	129.0	645.0	0.0
97065	108	0	5	0.2625	106.0	530.0	0.0
97066	383	0	5	0.95	158.2	791.0	0.6666666666666666
97067	160	0	5	0.3925	97.6	488.0	0.3333333333333333
97068	303	0	5	0.75	187.6	938.0	0.3333333333333333
97069	25	0	5	0.055	23.0	115.0	0.0
97070	69	0	5	0.165	19.8	99.0	0.3333333333333333
97071	21	0	5	0.045	17.8	89.0	0.3333333333333333
97072	187	0	5	0.46	117.8	589.0	0.3333333333333333
97073	171	0	5	0.42	132.0	660.0	0.3333333333333333
97074	147	0	5	0.36	135.0	675.0	0.3333333333333333
97075	339	0	5	0.84	176.0	880.0	0.6666666666666666
97076	116	0	5	0.2825	88.0	440.0	0.0
97077	364	0	5	0.9025	209.4	1047.0	0.6666666666666666
97078	146	0	5	0.3575	139.4	697.0	0.0
97079	250	0	5	0.6175	96.0	480.0	0.6666666666666666
97080	343	1	4	0.855	116.8	584.0	1.0
97081	39	0	5	0.09	37.0	185.0	0.0
97082	348	0	5	0.8625	165.4	827.0	0.6666666666666666
97083	328	0	5	0.8125	180.8	904.0	0.6666666666666666
97084	182	0	5	0.4475	113.6	568.0	0.6666666666666666
97085	138	0	5	0.3375	112.2	561.0	0.3333333333333333
97086	89	0	5	0.215	72.8	364.0	0.0
97087	220	0	5	0.5425	205.4	1027.0	0.3333333333333333
97088	300	1	4	0.7475	273.2	1366.0	1.0
97089	176	0	5	0.4325	89.8	449.0	0.6666666666666666
97090	128	0	5	0.3125	126.0	630.0	0.0
97091	211	0	5	0.52	155.4	777.0	0.3333333333333333
97092	306	0	5	0.7575	213.6	1068.0	0.0
97093	308	1	3	0.7675	131.0	655.0	1.0
97094	3	0	5	0.0025	0.2	1.0	0.3333333333333333
97095	102	0	5	0.2475	65.2	326.0	0.3333333333333333
97096	247	0	5	0.61	171.6	858.0	0.3333333333333333
97097	250	0	5	0.6175	182.6	913.0	0.6666666666666666
97098	101	0	5	0.245	79.0	395.0	0.0
97099	371	0	5	0.92	228.8	1144.0	0.6666666666666666
97100	388	0	5	0.9625	186.8	934.0	0.6666666666666666
97101	162	0	5	0.3975	155.4	777.0	0.3333333333333333
97102	245	0	5	0.605	199.0	995.0	0.6666666666666666
97103	251	0	5	0.62	124.4	622.0	0.6666666666666666
97104	254	0	5	0.6275	235.4	1177.0	0.3333333333333333
97105	222	0	5	0.5475	203.2	1016.0	0.0
97106	93	0	5	0.225	52.6	263.0	0.3333333333333333
97107	152	0	5	0.3725	134.2	671.0	0.0
97108	78	0	5	0.1875	53.6	268.0	0.3333333333333333
97109	352	1	4	0.8775	180.6	903.0	1.0
97110	57	0	5	0.135	55.0	275.0	0.0
97111	366	1	4	0.9125	137.0	685.0	1.0
97112	367	0	5	0.91	144.6	723.0	0.6666666666666666
97113	112	0	5	0.2725	90.0	450.0	0.3333333333333333
97114	354	0	5	0.8775	144.2	721.0	0.3333333333333333
97115	51	0	5	0.12	49.0	245.0	0.0
97116	203	0	5	0.5	74.6	373.0	0.3333333333333333
97117	363	0	5	0.9	237.0	1185.0	0.3333333333333333
97118	109	0	5	0.265	69.2	346.0	0.0
97119	77	0	5	0.185	42.6	213.0	0.3333333333333333
97120	272	0	5	0.6725	144.8	724.0	0.3333333333333333
97121	175	0	5	0.43	138.8	694.0	0.3333333333333333
97122	342	0	5	0.8475	242.0	1210.0	0.6666666666666666
97123	326	0	5	0.8075	82.4	412.0	0.6666666666666666
97124	166	0	5	0.4075	118.8	594.0	0.0
97125	158	0	5	0.3875	153.4	767.0	0.3333333333333333
97126	258	1	4	0.6425	158.8	794.0	1.0
97127	226	0	5	0.5575	102.8	514.0	0.0
97128	319	0	5	0.79	296.6	1483.0	0.3333333333333333
97129	365	0	5	0.905	137.6	688.0	0.6666666666666666
97130	390	0	5	0.9675	184.4	922.0	0.6666666666666666
97131	209	0	5	0.515	125.4	627.0	0.3333333333333333
97132	130	0	5	0.3175	128.0	640.0	0.0
97133	313	0	5	0.775	139.2	696.0	0.3333333333333333
97134	286	0	5	0.7075	218.4	1092.0	0.6666666666666666
97135	343	0	5	0.85	251.0	1255.0	0.6666666666666666
97136	230	0	5	0.5675	204.2	1021.0	0.3333333333333333
97137	178	0	5	0.4375	146.0	730.0	0.0
97138	234	0	5	0.5775	123.0	615.0	0.6666666666666666
97139	388	0	5	0.9625	224.4	1122.0	0.6666666666666666
97140	276	0	5	0.6825	138.4	692.0	0.3333333333333333
97141	300	0	5	0.7425	122.8	614.0	0.3333333333333333
97142	188	0	5	0.4625	186.0	930.0	0.0
97143	185	0	5	0.455	70.2	351.0	0.3333333333333333
97144	79	0	5	0.19	55.0	275.0	0.6666666666666666
97145	63	0	5	0.15	61.0	305.0	0.0
97146	112	0	5	0.2725	82.8	414.0	0.6666666666666666
97147	68	0	5	0.1625	66.0	330.0	0.0
97148	199	1	4	0.495	128.8	644.0	1.0
97149	68	1	4	0.1675	34.4	172.0	1.0
97150	162	0	5	0.3975	74.8	374.0	0.6666666666666666
97151	348	0	5	0.8625	300.4	1502.0	0.3333333333333333
97152	347	0	5	0.86	203.8	1019.0	0.3333333333333333
97153	287	0	5	0.71	66.4	332.0	0.3333333333333333
97154	151	0	5	0.37	92.2	461.0	0.3333333333333333
97155	271	0	5	0.67	269.0	1345.0	0.0
97156	310	0	5	0.7675	235.2	1176.0	0.3333333333333333
97157	346	1	4	0.8625	141.2	706.0	1.0
97158	334	1	3	0.8325	219.0	1095.0	1.0
97159	302	0	5	0.7475	177.4	887.0	0.3333333333333333
97160	21	0	5	0.045	19.0	95.0	0.0
97161	171	0	5	0.42	62.6	313.0	0.3333333333333333
97162	236	0	5	0.5825	180.6	903.0	0.6666666666666666
97163	16	0	5	0.0325	14.0	70.0	0.0
97164	198	1	4	0.4925	76.0	380.0	1.0
97165	275	0	5	0.68	97.6	488.0	0.6666666666666666
97166	382	1	4	0.9525	170.4	852.0	1.0
97167	262	0	5	0.6475	92.0	460.0	0.6666666666666666
97168	49	0	5	0.115	41.2	206.0	0.0
97169	350	0	5	0.8675	259.6	1298.0	0.6666666666666666
97170	366	0	5	0.9075	173.8	869.0	0.6666666666666666
97171	195	0	5	0.48	99.4	497.0	0.3333333333333333
97172	11	0	5	0.02	9.0	45.0	0.0
97173	375	0	5	0.93	158.6	793.0	0.6666666666666666
97174	25	0	5	0.055	20.6	103.0	0.3333333333333333
97175	196	1	4	0.4875	97.4	487.0	1.0
97176	360	0	5	0.8925	230.2	1151.0	0.6666666666666666
97177	59	0	5	0.14	47.4	237.0	0.6666666666666666
97178	45	0	5	0.105	43.0	215.0	0.0
97179	223	0	5	0.55	132.8	664.0	0.3333333333333333
97180	192	0	5	0.4725	120.0	600.0	0.6666666666666666
97181	18	0	5	0.0375	16.0	80.0	0.0
97182	207	0	5	0.51	205.0	1025.0	0.0
97183	87	0	5	0.21	53.8	269.0	0.3333333333333333
97184	359	0	5	0.89	210.6	1053.0	0.3333333333333333
97185	218	0	5	0.5375	57.6	288.0	0.3333333333333333
97186	238	0	5	0.5875	167.2	836.0	0.3333333333333333
97187	105	0	5	0.255	97.6	488.0	0.0
97188	211	0	5	0.52	183.6	918.0	0.0
97189	50	0	5	0.1175	48.0	240.0	0.0
97190	261	0	5	0.645	148.2	741.0	0.6666666666666666
97191	335	0	5	0.83	214.4	1072.0	0.6666666666666666
97192	247	0	5	0.61	107.4	537.0	0.3333333333333333
97193	179	0	5	0.44	143.8	719.0	0.6666666666666666
97194	351	0	5	0.87	190.0	950.0	0.6666666666666666
97195	345	0	5	0.855	216.8	1084.0	0.6666666666666666
97196	213	0	5	0.525	138.2	691.0	0.6666666666666666
97197	71	0	5	0.17	34.6	173.0	0.3333333333333333
97198	236	0	5	0.5825	113.2	566.0	0.6666666666666666
97199	142	0	5	0.3475	110.0	550.0	0.3333333333333333
97200	134	0	5	0.3275	55.8	279.0	0.3333333333333333
97201	65	0	5	0.155	45.8	229.0	0.0
97202	197	0	5	0.485	89.4	447.0	0.3333333333333333
97203	134	0	5	0.3275	71.4	357.0	0.0
97204	366	0	5	0.9075	217.0	1085.0	0.6666666666666666
97205	310	0	5	0.7675	171.4	857.0	0.3333333333333333
97206	52	0	5	0.1225	47.6	238.0	0.0
97207	227	0	5	0.56	67.4	337.0	0.6666666666666666
97208	225	0	5	0.555	103.0	515.0	0.6666666666666666
97209	269	0	5	0.665	188.4	942.0	0.3333333333333333
97210	238	0	5	0.5875	148.8	744.0	0.6666666666666666
97211	274	0	5	0.6775	125.0	625.0	0.6666666666666666
97212	346	0	5	0.8575	231.8	1159.0	0.6666666666666666
97213	174	0	5	0.4275	85.0	425.0	0.6666666666666666
97214	100	0	5	0.2425	72.8	364.0	0.3333333333333333
97215	388	0	5	0.9625	258.2	1291.0	0.6666666666666666
97216	332	0	5	0.8225	265.6	1328.0	0.6666666666666666
97217	255	0	5	0.63	154.8	774.0	0.3333333333333333
97218	294	0	5	0.7275	258.4	1292.0	0.3333333333333333
97219	22	0	5	0.0475	19.6	98.0	0.0
97220	262	0	5	0.6475	216.8	1084.0	0.3333333333333333
97221	282	0	5	0.6975	85.2	426.0	0.3333333333333333
97222	297	1	4	0.74	85.8	429.0	1.0
97223	212	0	5	0.5225	148.8	744.0	0.3333333333333333
97224	177	0	5	0.435	175.0	875.0	0.0
97225	270	0	5	0.6675	239.2	1196.0	0.3333333333333333
97226	328	0	5	0.8125	196.0	980.0	0.6666666666666666
97227	233	0	5	0.575	125.4	627.0	0.3333333333333333
97228	371	0	5	0.92	91.2	456.0	0.6666666666666666
97229	114	0	5	0.2775	112.0	560.0	0.0
97230	288	0	5	0.7125	188.8	944.0	0.6666666666666666
97231	255	0	5	0.63	179.8	899.0	0.3333333333333333
97232	203	0	5	0.5	201.0	1005.0	0.0
97233	141	0	5	0.345	74.2	371.0	0.3333333333333333
97234	215	0	5	0.53	178.8	894.0	0.3333333333333333
97235	251	0	5	0.62	114.4	572.0	0.3333333333333333
97236	84	0	5	0.2025	82.0	410.0	0.0
97237	369	0	5	0.915	341.0	1705.0	0.6666666666666666
97238	253	0	5	0.625	135.6	678.0	0.6666666666666666
97239	267	0	5	0.66	203.4	1017.0	0.6666666666666666
97240	130	0	5	0.3175	101.2	506.0	0.6666666666666666
97241	322	0	5	0.7975	245.2	1226.0	0.6666666666666666
97242	54	0	5	0.1275	52.0	260.0	0.0
97243	346	0	5	0.8575	252.4	1262.0	0.6666666666666666
97244	85	0	5	0.205	31.0	155.0	0.6666666666666666
97245	380	0	5	0.9425	225.0	1125.0	0.6666666666666666
97246	102	0	5	0.2475	57.0	285.0	0.6666666666666666
97247	190	1	4	0.4725	53.2	266.0	1.0
97248	237	0	5	0.585	149.2	746.0	0.6666666666666666
97249	176	0	5	0.4325	147.6	738.0	0.3333333333333333
97250	262	0	5	0.6475	175.8	879.0	0.3333333333333333
97251	181	0	5	0.445	122.6	613.0	0.0
97252	246	0	5	0.6075	216.0	1080.0	0.6666666666666666
97253	149	0	5	0.365	147.0	735.0	0.0
97254	53	0	5	0.125	51.0	255.0	0.0
97255	109	0	5	0.265	61.4	307.0	0.3333333333333333
97256	33	0	5	0.075	24.6	123.0	0.3333333333333333
97257	241	0	5	0.595	215.0	1075.0	0.3333333333333333
97258	264	1	4	0.6575	117.8	589.0	1.0
97259	234	0	5	0.5775	181.2	906.0	0.3333333333333333
97260	113	0	5	0.275	85.8	429.0	0.3333333333333333
97261	184	0	5	0.4525	120.0	600.0	0.3333333333333333
97262	323	0	5	0.8	263.6	1318.0	0.3333333333333333
97263	252	0	5	0.6225	163.6	818.0	0.6666666666666666
97264	200	0	5	0.4925	119.0	595.0	0.6666666666666666
97265	99	0	5	0.24	82.6	413.0	0.0
97266	47	0	5	0.11	45.0	225.0	0.3333333333333333
97267	237	0	5	0.585	167.2	836.0	0.6666666666666666
97268	277	0	5	0.685	192.0	960.0	0.6666666666666666
97269	221	0	5	0.545	112.8	564.0	0.3333333333333333
97270	113	0	5	0.275	79.8	399.0	0.3333333333333333
97271	52	0	5	0.1225	50.0	250.0	0.0
97272	21	0	5	0.045	19.0	95.0	0.0
97273	298	1	4	0.7425	184.2	921.0	1.0
97274	226	0	5	0.5575	78.4	392.0	0.3333333333333333
97275	227	0	5	0.56	100.6	503.0	0.6666666666666666
97276	311	0	5	0.77	229.4	1147.0	0.3333333333333333
97277	290	0	5	0.7175	168.6	843.0	0.6666666666666666
97278	396	0	5	0.9825	185.2	926.0	0.6666666666666666
97279	227	0	5	0.56	176.4	882.0	0.3333333333333333
97280	213	0	5	0.525	163.0	815.0	0.0
97281	224	0	5	0.5525	113.6	568.0	0.6666666666666666
97282	266	0	5	0.6575	132.2	661.0	0.6666666666666666
97283	358	1	4	0.8925	234.8	1174.0	1.0
97284	275	1	4	0.685	184.2	921.0	1.0
97285	88	0	5	0.2125	73.6	368.0	0.3333333333333333
97286	346	0	5	0.8575	186.4	932.0	0.6666666666666666
97287	270	0	5	0.6675	235.0	1175.0	0.6666666666666666
97288	275	0	5	0.68	231.8	1159.0	0.3333333333333333
97289	291	0	5	0.72	81.6	408.0	0.6666666666666666
97290	101	0	5	0.245	99.0	495.0	0.0
97291	167	0	5	0.41	138.6	693.0	0.3333333333333333
97292	98	0	5	0.2375	52.4	262.0	0.0
97293	250	0	5	0.6175	123.0	615.0	0.6666666666666666
97294	302	0	5	0.7475	187.0	935.0	0.6666666666666666
97295	33	0	5	0.075	31.0	155.0	0.0
97296	76	1	3	0.1875	59.8	299.0	1.0
97297	90	0	5	0.2175	70.8	354.0	0.3333333333333333
97298	277	0	5	0.685	247.8	1239.0	0.3333333333333333
97299	47	0	5	0.11	44.2	221.0	0.3333333333333333
97300	400	0	5	0.9925	292.4	1462.0	0.6666666666666666
97301	286	0	5	0.7075	184.0	920.0	0.6666666666666666
97302	255	0	5	0.63	132.2	661.0	0.3333333333333333
97303	185	0	5	0.455	69.0	345.0	0.6666666666666666
97304	167	0	5	0.41	70.8	354.0	0.3333333333333333
97305	157	0	5	0.385	121.4	607.0	0.0
97306	224	0	5	0.5525	137.2	686.0	0.0
97307	274	0	5	0.6775	143.4	717.0	0.6666666666666666
97308	251	0	5	0.62	239.4	1197.0	0.3333333333333333
97309	382	0	5	0.9475	255.4	1277.0	0.0
97310	189	0	5	0.465	116.2	581.0	0.3333333333333333
97311	325	0	5	0.805	264.6	1323.0	0.0
97312	155	0	5	0.38	104.2	521.0	0.3333333333333333
97313	181	1	4	0.45	104.4	522.0	1.0
97314	213	0	5	0.525	69.4	347.0	0.3333333333333333
97315	230	1	4	0.5725	161.0	805.0	1.0
97316	87	0	5	0.21	85.0	425.0	0.0
97317	53	0	5	0.125	50.4	252.0	0.0
97318	360	0	5	0.8925	191.8	959.0	0.6666666666666666
97319	351	0	5	0.87	283.4	1417.0	0.3333333333333333
97320	289	0	5	0.715	163.0	815.0	0.6666666666666666
97321	5	0	5	0.005	3.0	15.0	0.0
97322	57	0	5	0.135	30.4	152.0	0.3333333333333333
97323	125	0	5	0.305	123.0	615.0	0.0
97324	401	0	5	0.995	303.0	1515.0	0.6666666666666666
97325	171	0	5	0.42	125.6	628.0	0.3333333333333333
97326	199	0	5	0.49	117.4	587.0	0.3333333333333333
97327	237	0	5	0.585	186.2	931.0	0.6666666666666666
97328	354	0	5	0.8775	233.8	1169.0	0.6666666666666666
97329	239	1	4	0.595	110.4	552.0	1.0
97330	109	0	5	0.265	91.2	456.0	0.0
97331	154	0	5	0.3775	140.4	702.0	0.0
97332	311	0	5	0.77	179.8	899.0	0.6666666666666666
97333	321	0	5	0.795	241.6	1208.0	0.0
97334	155	0	5	0.38	130.0	650.0	0.3333333333333333
97335	169	0	5	0.415	139.8	699.0	0.0
97336	202	0	5	0.4975	131.6	658.0	0.0
97337	318	0	5	0.7875	195.2	976.0	0.6666666666666666
97338	250	0	5	0.6175	190.6	953.0	0.6666666666666666
97339	257	0	5	0.635	157.4	787.0	0.3333333333333333
97340	285	0	5	0.705	136.6	683.0	0.0
97341	226	0	5	0.5575	221.6	1108.0	0.3333333333333333
97342	393	0	5	0.975	160.2	801.0	0.6666666666666666
97343	182	0	5	0.4475	136.2	681.0	0.3333333333333333
97344	177	0	5	0.435	142.4	712.0	0.0
97345	257	0	5	0.635	101.0	505.0	0.3333333333333333
97346	213	1	4	0.53	75.8	379.0	1.0
97347	28	0	5	0.0625	20.8	104.0	0.0
97348	386	0	5	0.9575	141.8	709.0	0.6666666666666666
97349	348	0	5	0.8625	95.6	478.0	0.6666666666666666
97350	213	0	5	0.525	78.0	390.0	0.6666666666666666
97351	190	0	5	0.4675	82.8	414.0	0.3333333333333333
97352	80	0	5	0.1925	77.2	386.0	0.0
97353	57	0	5	0.135	55.0	275.0	0.0
97354	215	0	5	0.53	83.8	419.0	0.3333333333333333
97355	20	0	5	0.0425	18.0	90.0	0.0
97356	88	0	5	0.2125	45.2	226.0	0.3333333333333333
97357	96	0	5	0.2325	90.4	452.0	0.3333333333333333
97358	363	0	5	0.9	233.0	1165.0	0.3333333333333333
97359	51	0	5	0.12	49.0	245.0	0.0
97360	386	1	4	0.9625	189.6	948.0	1.0
97361	173	0	5	0.425	143.8	719.0	0.3333333333333333
97362	261	0	5	0.645	167.2	836.0	0.6666666666666666
97363	203	0	5	0.5	127.2	636.0	0.3333333333333333
97364	184	0	5	0.4525	168.8	844.0	0.3333333333333333
97365	398	0	5	0.9875	357.0	1785.0	0.6666666666666666
97366	194	0	5	0.4775	89.2	446.0	0.3333333333333333
97367	150	0	5	0.3675	136.4	682.0	0.3333333333333333
97368	173	0	5	0.425	171.0	855.0	0.0
97369	401	0	3	0.9975	243.2	1216.0	0.6666666666666666
97370	26	0	5	0.0575	24.0	120.0	0.0
97371	308	0	5	0.7625	102.6	513.0	0.3333333333333333
97372	159	0	5	0.39	73.0	365.0	0.3333333333333333
97373	312	0	5	0.7725	221.6	1108.0	0.0
97374	214	0	5	0.5275	154.8	774.0	0.3333333333333333
97375	401	0	4	0.9975	104.8	524.0	0.6666666666666666
97376	196	0	5	0.4825	162.2	811.0	0.6666666666666666
97377	232	0	5	0.5725	109.4	547.0	0.6666666666666666
97378	264	0	5	0.6525	149.6	748.0	0.6666666666666666
97379	131	0	5	0.32	91.4	457.0	0.6666666666666666
97380	237	0	5	0.585	110.2	551.0	0.3333333333333333
97381	249	0	5	0.615	105.8	529.0	0.3333333333333333
97382	242	0	5	0.5975	183.4	917.0	0.3333333333333333
97383	368	0	5	0.9125	354.0	1770.0	0.6666666666666666
97384	111	0	5	0.27	106.6	533.0	0.0
97385	57	0	5	0.135	32.8	164.0	0.3333333333333333
97386	152	0	5	0.3725	111.6	558.0	0.3333333333333333
97387	329	0	5	0.815	224.2	1121.0	0.3333333333333333
97388	231	0	5	0.57	204.6	1023.0	0.0
97389	248	0	5	0.6125	89.2	446.0	0.6666666666666666
97390	94	0	5	0.2275	92.0	460.0	0.0
97391	73	0	5	0.175	31.4	157.0	0.0
97392	36	0	5	0.0825	23.0	115.0	0.3333333333333333
97393	103	0	5	0.25	62.6	313.0	0.3333333333333333
97394	383	0	5	0.95	218.4	1092.0	0.6666666666666666
97395	233	0	5	0.575	201.0	1005.0	0.6666666666666666
97396	91	0	5	0.22	71.0	355.0	0.3333333333333333
97397	277	0	5	0.685	172.2	861.0	0.6666666666666666
97398	256	0	5	0.6325	88.4	442.0	0.3333333333333333
97399	245	0	5	0.605	134.6	673.0	0.6666666666666666
97400	330	0	5	0.8175	80.8	404.0	0.3333333333333333
97401	253	0	5	0.625	177.2	886.0	0.6666666666666666
97402	52	0	5	0.1225	50.0	250.0	0.0
97403	301	0	5	0.745	187.2	936.0	0.6666666666666666
97404	223	0	5	0.55	196.8	984.0	0.0
97405	270	0	5	0.6675	121.6	608.0	0.3333333333333333
97406	315	0	5	0.78	228.2	1141.0	0.3333333333333333
97407	183	0	5	0.45	133.8	669.0	0.3333333333333333
97408	147	0	5	0.36	113.0	565.0	0.3333333333333333
97409	306	1	4	0.7625	189.2	946.0	1.0
97410	330	0	5	0.8175	284.8	1424.0	0.6666666666666666
97411	273	0	5	0.675	190.2	951.0	0.3333333333333333
97412	282	0	5	0.6975	158.4	792.0	0.6666666666666666
97413	375	1	4	0.935	163.8	819.0	1.0
97414	58	0	5	0.1375	56.0	280.0	0.0
97415	116	0	5	0.2825	87.8	439.0	0.3333333333333333
97416	126	0	5	0.3075	81.8	409.0	0.3333333333333333
97417	175	0	5	0.43	71.6	358.0	0.3333333333333333
97418	215	0	5	0.53	47.6	238.0	0.6666666666666666
97419	370	1	4	0.9225	218.0	1090.0	1.0
97420	288	0	5	0.7125	195.8	979.0	0.3333333333333333
97421	204	0	5	0.5025	104.8	524.0	0.6666666666666666
97422	234	0	5	0.5775	78.4	392.0	0.6666666666666666
97423	147	1	4	0.365	98.0	490.0	1.0
97424	128	0	5	0.3125	86.8	434.0	0.3333333333333333
97425	290	0	5	0.7175	220.0	1100.0	0.6666666666666666
97426	247	0	5	0.61	150.6	753.0	0.3333333333333333
97427	285	0	5	0.705	176.6	883.0	0.6666666666666666
97428	394	0	5	0.9775	140.0	700.0	0.6666666666666666
97429	158	0	5	0.3875	130.8	654.0	0.0
97430	158	0	5	0.3875	98.0	490.0	0.3333333333333333
97431	327	0	5	0.81	145.0	725.0	0.6666666666666666
97432	267	0	5	0.66	63.4	317.0	0.6666666666666666
97433	69	0	5	0.165	67.0	335.0	0.0
97434	199	0	5	0.49	156.8	784.0	0.3333333333333333
97435	378	0	5	0.9375	246.0	1230.0	0.6666666666666666
97436	339	0	5	0.84	235.0	1175.0	0.6666666666666666
97437	315	0	5	0.78	209.8	1049.0	0.6666666666666666
97438	236	0	5	0.5825	133.4	667.0	0.3333333333333333
97439	333	0	5	0.825	168.4	842.0	0.6666666666666666
97440	391	0	5	0.97	261.6	1308.0	0.6666666666666666
97441	343	0	5	0.85	157.2	786.0	0.6666666666666666
97442	69	0	5	0.165	67.0	335.0	0.0
97443	252	1	4	0.6275	115.6	578.0	1.0
97444	205	0	5	0.505	195.8	979.0	0.0
97445	173	0	5	0.425	96.6	483.0	0.3333333333333333
97446	355	0	5	0.88	78.6	393.0	0.3333333333333333
97447	171	0	5	0.42	118.2	591.0	0.6666666666666666
97448	200	0	5	0.4925	141.8	709.0	0.0
97449	160	0	5	0.3925	129.6	648.0	0.3333333333333333
97450	207	0	5	0.51	164.8	824.0	0.6666666666666666
97451	75	0	5	0.18	73.0	365.0	0.0
97452	308	0	5	0.7625	169.0	845.0	0.6666666666666666
97453	360	0	5	0.8925	158.8	794.0	0.6666666666666666
97454	348	0	5	0.8625	201.2	1006.0	0.6666666666666666
97455	19	0	5	0.04	17.0	85.0	0.0
97456	53	0	5	0.125	35.4	177.0	0.0
97457	244	0	5	0.6025	195.2	976.0	0.3333333333333333
97458	363	0	5	0.9	224.4	1122.0	0.6666666666666666
97459	293	1	4	0.73	216.8	1084.0	1.0
97460	128	0	5	0.3125	97.6	488.0	0.3333333333333333
97461	3	0	5	0.0025	0.2	1.0	0.3333333333333333
97462	77	0	5	0.185	75.0	375.0	0.0
97463	225	0	5	0.555	75.4	377.0	0.6666666666666666
97464	100	0	5	0.2425	98.0	490.0	0.0
97465	91	0	5	0.22	45.0	225.0	0.3333333333333333
97466	188	0	5	0.4625	125.2	626.0	0.6666666666666666
97467	182	0	5	0.4475	180.0	900.0	0.0
97468	284	0	5	0.7025	222.8	1114.0	0.0
97469	307	0	5	0.76	193.0	965.0	0.3333333333333333
97470	120	0	5	0.2925	39.2	196.0	0.6666666666666666
97471	335	0	5	0.83	102.4	512.0	0.6666666666666666
97472	219	0	5	0.54	160.2	801.0	0.3333333333333333
97473	317	0	5	0.785	101.4	507.0	0.6666666666666666
97474	386	0	5	0.9575	311.8	1559.0	0.6666666666666666
97475	155	0	5	0.38	55.2	276.0	0.6666666666666666
97476	70	0	5	0.1675	52.8	264.0	0.3333333333333333
97477	97	0	5	0.235	95.0	475.0	0.0
97478	198	0	5	0.4875	124.0	620.0	0.3333333333333333
97479	130	0	5	0.3175	47.2	236.0	0.0
97480	19	0	5	0.04	17.0	85.0	0.0
97481	241	0	5	0.595	163.0	815.0	0.3333333333333333
97482	184	0	5	0.4525	69.2	346.0	0.6666666666666666
97483	236	0	5	0.5825	198.6	993.0	0.3333333333333333
97484	195	0	5	0.48	121.8	609.0	0.0
97485	47	0	5	0.11	45.0	225.0	0.0
97486	259	0	5	0.64	142.4	712.0	0.3333333333333333
97487	344	0	5	0.8525	233.8	1169.0	0.6666666666666666
97488	286	0	5	0.7075	179.8	899.0	0.3333333333333333
97489	199	1	4	0.495	164.6	823.0	1.0
97490	233	0	5	0.575	223.0	1115.0	0.3333333333333333
97491	264	0	5	0.6525	206.8	1034.0	0.6666666666666666
97492	137	0	5	0.335	50.2	251.0	0.0
97493	286	0	5	0.7075	59.2	296.0	0.6666666666666666
97494	103	0	5	0.25	101.0	505.0	0.0
97495	102	1	4	0.2525	43.0	215.0	1.0
97496	177	0	5	0.435	145.0	725.0	0.0
97497	159	0	5	0.39	125.4	627.0	0.6666666666666666
97498	338	0	5	0.8375	188.6	943.0	0.3333333333333333
97499	160	0	5	0.3925	124.0	620.0	0.6666666666666666
97500	313	1	4	0.78	201.0	1005.0	1.0
97501	95	0	5	0.23	66.6	333.0	0.0
97502	178	0	5	0.4375	144.4	722.0	0.3333333333333333
97503	157	0	5	0.385	126.8	634.0	0.3333333333333333
97504	262	1	4	0.6525	163.0	815.0	1.0
97505	142	0	5	0.3475	104.4	522.0	0.0
97506	49	0	5	0.115	17.4	87.0	0.0
97507	183	0	5	0.45	91.4	457.0	0.3333333333333333
97508	224	0	5	0.5525	222.0	1110.0	0.0
97509	368	0	5	0.9125	120.0	600.0	0.6666666666666666
97510	227	0	5	0.56	148.2	741.0	0.3333333333333333
97511	300	1	4	0.7475	166.8	834.0	1.0
97512	376	0	5	0.9325	144.8	724.0	0.6666666666666666
97513	167	0	5	0.41	109.8	549.0	0.3333333333333333
97514	239	0	5	0.59	134.6	673.0	0.3333333333333333
97515	229	0	5	0.565	179.0	895.0	0.6666666666666666
97516	366	0	5	0.9075	169.4	847.0	0.6666666666666666
97517	24	0	5	0.0525	22.0	110.0	0.0
97518	321	0	5	0.795	288.2	1441.0	0.3333333333333333
97519	217	0	5	0.535	135.4	677.0	0.3333333333333333
97520	116	0	5	0.2825	99.6	498.0	0.0
97521	303	0	5	0.75	194.0	970.0	0.3333333333333333
97522	150	0	5	0.3675	78.4	392.0	0.6666666666666666
97523	218	0	5	0.5375	144.4	722.0	0.3333333333333333
97524	141	0	5	0.345	139.0	695.0	0.0
97525	260	0	5	0.6425	115.2	576.0	0.3333333333333333
97526	396	1	4	0.9875	280.2	1401.0	1.0
97527	90	0	5	0.2175	60.0	300.0	0.3333333333333333
97528	270	0	5	0.6675	146.4	732.0	0.3333333333333333
97529	210	0	5	0.5175	110.4	552.0	0.0
97530	179	0	5	0.44	79.8	399.0	0.6666666666666666
97531	299	0	5	0.74	97.4	487.0	0.6666666666666666
97532	186	0	5	0.4575	90.6	453.0	0.6666666666666666
97533	147	0	5	0.36	70.8	354.0	0.3333333333333333
97534	152	0	5	0.3725	92.2	461.0	0.3333333333333333
97535	391	0	5	0.97	254.2	1271.0	0.6666666666666666
97536	187	0	5	0.46	185.0	925.0	0.0
97537	173	0	5	0.425	127.4	637.0	0.6666666666666666
97538	54	0	5	0.1275	52.0	260.0	0.0
97539	382	0	5	0.9475	305.4	1527.0	0.6666666666666666
97540	153	0	5	0.375	73.4	367.0	0.3333333333333333
97541	195	0	5	0.48	112.6	563.0	0.0
97542	236	0	5	0.5825	89.8	449.0	0.6666666666666666
97543	380	0	5	0.9425	121.8	609.0	0.6666666666666666
97544	260	0	5	0.6425	105.0	525.0	0.6666666666666666
97545	120	0	5	0.2925	99.4	497.0	0.0
97546	184	0	5	0.4525	157.6	788.0	0.3333333333333333
97547	96	0	5	0.2325	22.0	110.0	0.3333333333333333
97548	166	0	5	0.4075	144.8	724.0	0.0
97549	98	0	5	0.2375	45.6	228.0	0.3333333333333333
97550	257	0	5	0.635	226.4	1132.0	0.3333333333333333
97551	253	0	5	0.625	123.2	616.0	0.6666666666666666
97552	99	0	5	0.24	62.6	313.0	0.6666666666666666
97553	293	0	5	0.725	278.2	1391.0	0.6666666666666666
97554	349	0	5	0.865	103.4	517.0	0.3333333333333333
97555	255	1	4	0.635	213.4	1067.0	1.0
97556	252	0	5	0.6225	74.4	372.0	0.3333333333333333
97557	139	0	5	0.34	55.4	277.0	0.3333333333333333
97558	75	1	4	0.185	42.2	211.0	1.0
97559	206	0	5	0.5075	107.8	539.0	0.6666666666666666
97560	40	0	5	0.0925	38.0	190.0	0.0
97561	391	1	4	0.975	80.6	403.0	1.0
97562	202	1	4	0.5025	87.2	436.0	1.0
97563	303	0	5	0.75	93.8	469.0	0.3333333333333333
97564	231	0	5	0.57	199.8	999.0	0.3333333333333333
97565	256	0	5	0.6325	131.2	656.0	0.6666666666666666
97566	234	0	5	0.5775	103.2	516.0	0.6666666666666666
97567	148	0	5	0.3625	146.0	730.0	0.0
97568	230	0	5	0.5675	191.6	958.0	0.3333333333333333
97569	165	0	5	0.405	71.6	358.0	0.6666666666666666
97570	227	0	5	0.56	150.6	753.0	0.3333333333333333
97571	392	1	4	0.9775	258.0	1290.0	1.0
97572	55	0	5	0.13	51.8	259.0	0.3333333333333333
97573	384	0	5	0.9525	268.4	1342.0	0.6666666666666666
97574	341	0	5	0.845	223.8	1119.0	0.6666666666666666
97575	107	0	5	0.26	43.8	219.0	0.3333333333333333
97576	41	0	5	0.095	34.8	174.0	0.0
97577	355	0	5	0.88	106.6	533.0	0.6666666666666666
97578	190	0	5	0.4675	178.8	894.0	0.3333333333333333
97579	217	0	5	0.535	165.0	825.0	0.0
97580	47	0	5	0.11	37.8	189.0	0.0
97581	322	0	5	0.7975	178.8	894.0	0.3333333333333333
97582	216	0	5	0.5325	185.2	926.0	0.0
97583	330	0	5	0.8175	155.8	779.0	0.6666666666666666
97584	361	0	5	0.895	162.2	811.0	0.6666666666666666
97585	104	0	5	0.2525	83.4	417.0	0.0
97586	329	0	5	0.815	209.6	1048.0	0.6666666666666666
97587	153	0	5	0.375	150.2	751.0	0.3333333333333333
97588	62	0	5	0.1475	60.0	300.0	0.0
97589	219	0	5	0.54	121.6	608.0	0.0
97590	209	0	5	0.515	138.2	691.0	0.3333333333333333
97591	263	0	5	0.65	188.0	940.0	0.6666666666666666
97592	208	1	4	0.5175	66.4	332.0	1.0
97593	262	0	5	0.6475	176.2	881.0	0.6666666666666666
97594	221	0	5	0.545	172.8	864.0	0.0
97595	45	0	5	0.105	27.0	135.0	0.0
97596	91	0	5	0.22	51.2	256.0	0.0
97597	310	0	5	0.7675	189.6	948.0	0.6666666666666666
97598	300	0	5	0.7425	121.2	606.0	0.3333333333333333
97599	89	0	5	0.215	45.6	228.0	0.6666666666666666
97600	276	0	5	0.6825	86.4	432.0	0.3333333333333333
97601	108	0	5	0.2625	73.6	368.0	0.3333333333333333
97602	250	0	5	0.6175	240.4	1202.0	0.3333333333333333
97603	130	0	5	0.3175	120.8	604.0	0.3333333333333333
97604	135	0	5	0.33	26.8	134.0	0.3333333333333333
97605	60	0	5	0.1425	51.2	256.0	0.0
97606	138	0	5	0.3375	92.8	464.0	0.0
97607	292	0	5	0.7225	168.4	842.0	0.3333333333333333
97608	352	1	4	0.8775	201.6	1008.0	1.0
97609	134	1	4	0.3325	120.0	600.0	1.0
97610	97	0	5	0.235	81.8	409.0	0.3333333333333333
97611	369	1	4	0.92	330.0	1650.0	1.0
97612	3	0	5	0.0025	0.2	1.0	0.3333333333333333
97613	135	0	5	0.33	64.4	322.0	0.3333333333333333
97614	164	0	5	0.4025	69.2	346.0	0.6666666666666666
97615	43	0	5	0.1	20.0	100.0	0.3333333333333333
97616	212	0	5	0.5225	174.6	873.0	0.3333333333333333
97617	78	0	5	0.1875	54.8	274.0	0.0
97618	185	0	5	0.455	117.2	586.0	0.6666666666666666
97619	136	0	5	0.3325	132.8	664.0	0.0
97620	349	0	5	0.865	251.2	1256.0	0.6666666666666666
97621	63	0	5	0.15	54.6	273.0	0.3333333333333333
97622	19	0	5	0.04	12.8	64.0	0.3333333333333333
97623	128	0	5	0.3125	126.0	630.0	0.0
97624	379	1	4	0.945	150.2	751.0	1.0
97625	326	0	5	0.8075	153.2	766.0	0.6666666666666666
97626	226	0	5	0.5575	129.6	648.0	0.3333333333333333
97627	243	0	5	0.6	151.0	755.0	0.6666666666666666
97628	151	0	5	0.37	81.4	407.0	0.3333333333333333
97629	49	0	5	0.115	40.6	203.0	0.3333333333333333
97630	321	0	5	0.795	119.0	595.0	0.6666666666666666
97631	172	0	5	0.4225	136.6	683.0	0.3333333333333333
97632	99	0	5	0.24	69.0	345.0	0.3333333333333333
97633	285	1	4	0.71	142.4	712.0	1.0
97634	133	0	5	0.325	49.4	247.0	0.6666666666666666
97635	231	0	5	0.57	125.8	629.0	0.6666666666666666
97636	294	1	3	0.7325	245.0	1225.0	1.0
97637	140	0	5	0.3425	84.4	422.0	0.3333333333333333
97638	27	0	5	0.06	25.0	125.0	0.0
97639	287	0	5	0.71	181.2	906.0	0.3333333333333333
97640	211	0	5	0.52	163.0	815.0	0.3333333333333333
97641	18	0	5	0.0375	12.0	60.0	0.3333333333333333
97642	40	0	5	0.0925	38.0	190.0	0.0
97643	309	0	5	0.765	79.4	397.0	0.0
97644	334	0	5	0.8275	178.6	893.0	0.6666666666666666
97645	45	0	5	0.105	43.0	215.0	0.0
97646	389	0	5	0.965	344.0	1720.0	0.6666666666666666
97647	171	0	5	0.42	140.8	704.0	0.0
97648	240	0	5	0.5925	58.8	294.0	0.6666666666666666
97649	168	0	5	0.4125	148.0	740.0	0.3333333333333333
97650	63	0	5	0.15	58.2	291.0	0.0
97651	94	0	5	0.2275	57.6	288.0	0.3333333333333333
97652	235	0	5	0.58	208.4	1042.0	0.3333333333333333
97653	339	0	5	0.84	170.2	851.0	0.6666666666666666
97654	42	0	5	0.0975	40.0	200.0	0.0
97655	51	0	5	0.12	49.0	245.0	0.0
97656	64	0	5	0.1525	62.0	310.0	0.0
97657	197	0	5	0.485	68.6	343.0	0.6666666666666666
97658	218	0	5	0.5375	94.0	470.0	0.6666666666666666
97659	306	0	5	0.7575	214.8	1074.0	0.6666666666666666
97660	181	0	5	0.445	179.0	895.0	0.0
97661	162	0	5	0.3975	92.0	460.0	0.6666666666666666
97662	203	0	5	0.5	171.8	859.0	0.6666666666666666
97663	250	1	4	0.6225	168.8	844.0	1.0
97664	283	0	5	0.7	165.0	825.0	0.3333333333333333
97665	346	0	5	0.8575	250.6	1253.0	0.6666666666666666
97666	279	0	5	0.69	164.6	823.0	0.6666666666666666
97667	391	0	5	0.97	245.0	1225.0	0.6666666666666666
97668	186	0	5	0.4575	174.4	872.0	0.0
97669	69	0	5	0.165	30.4	152.0	0.0
97670	260	0	5	0.6425	86.4	432.0	0.6666666666666666
97671	349	0	5	0.865	278.2	1391.0	0.3333333333333333
97672	107	0	5	0.26	105.0	525.0	0.0
97673	275	0	5	0.68	217.4	1087.0	0.6666666666666666
97674	114	0	5	0.2775	75.6	378.0	0.3333333333333333
97675	366	0	5	0.9075	282.4	1412.0	0.6666666666666666
97676	43	0	5	0.1	41.0	205.0	0.0
97677	109	0	5	0.265	89.8	449.0	0.3333333333333333
97678	96	0	5	0.2325	82.8	414.0	0.3333333333333333
97679	123	0	5	0.3	107.8	539.0	0.3333333333333333
97680	212	0	5	0.5225	95.6	478.0	0.6666666666666666
97681	187	0	5	0.46	132.6	663.0	0.3333333333333333
97682	155	1	4	0.385	96.2	481.0	1.0
97683	201	0	5	0.495	123.0	615.0	0.0
97684	44	0	5	0.1025	18.0	90.0	0.0
97685	107	0	5	0.26	72.2	361.0	0.3333333333333333
97686	247	0	5	0.61	169.4	847.0	0.3333333333333333
97687	110	0	5	0.2675	108.0	540.0	0.0
97688	354	0	5	0.8775	227.2	1136.0	0.6666666666666666
97689	256	0	5	0.6325	230.0	1150.0	0.3333333333333333
97690	60	0	5	0.1425	25.6	128.0	0.3333333333333333
97691	358	0	5	0.8875	185.2	926.0	0.6666666666666666
97692	286	0	5	0.7075	210.2	1051.0	0.6666666666666666
97693	265	1	4	0.66	128.6	643.0	1.0
97694	397	1	4	0.99	200.6	1003.0	1.0
97695	44	0	5	0.1025	19.8	99.0	0.3333333333333333
97696	300	0	5	0.7425	244.0	1220.0	0.0
97697	228	0	5	0.5625	117.6	588.0	0.0
97698	47	0	5	0.11	45.0	225.0	0.0
97699	140	0	5	0.3425	67.6	338.0	0.3333333333333333
97700	285	0	5	0.705	173.0	865.0	0.3333333333333333
97701	138	0	5	0.3375	78.0	390.0	0.3333333333333333
97702	70	0	5	0.1675	68.0	340.0	0.3333333333333333
97703	271	0	5	0.67	229.2	1146.0	0.3333333333333333
97704	291	0	5	0.72	127.8	639.0	0.3333333333333333
97705	282	0	5	0.6975	95.0	475.0	0.3333333333333333
97706	133	0	5	0.325	122.0	610.0	0.0
97707	121	0	5	0.295	119.0	595.0	0.0
97708	294	0	5	0.7275	265.8	1329.0	0.3333333333333333
97709	321	0	5	0.795	225.0	1125.0	0.6666666666666666
97710	201	0	5	0.495	175.8	879.0	0.3333333333333333
97711	85	0	5	0.205	83.0	415.0	0.0
97712	124	0	5	0.3025	88.8	444.0	0.3333333333333333
97713	145	0	5	0.355	100.2	501.0	0.3333333333333333
97714	94	0	5	0.2275	64.8	324.0	0.3333333333333333
97715	255	0	5	0.63	213.6	1068.0	0.6666666666666666
97716	329	0	5	0.815	309.6	1548.0	0.3333333333333333
97717	98	0	5	0.2375	82.8	414.0	0.0
97718	248	0	5	0.6125	162.2	811.0	0.6666666666666666
97719	2	0	5	0.0	0.0	0.0	0.0
97720	352	1	4	0.8775	212.0	1060.0	1.0
97721	2	0	5	0.0	0.0	0.0	0.0
97722	351	0	5	0.87	173.0	865.0	0.6666666666666666
97723	193	0	5	0.475	174.4	872.0	0.3333333333333333
97724	294	1	4	0.7325	168.6	843.0	1.0
97725	81	0	5	0.195	79.0	395.0	0.0
97726	260	0	5	0.6425	163.2	816.0	0.6666666666666666
97727	325	0	5	0.805	179.6	898.0	0.3333333333333333
97728	296	0	5	0.7325	95.6	478.0	0.6666666666666666
97729	232	0	5	0.5725	117.2	586.0	0.6666666666666666
97730	132	0	5	0.3225	100.0	500.0	0.3333333333333333
97731	111	0	5	0.27	85.4	427.0	0.3333333333333333
97732	89	0	5	0.215	87.0	435.0	0.0
97733	191	0	5	0.47	139.4	697.0	0.6666666666666666
97734	177	0	5	0.435	97.6	488.0	0.3333333333333333
97735	188	0	5	0.4625	107.4	537.0	0.6666666666666666
97736	13	0	5	0.025	11.0	55.0	0.0
97737	194	0	5	0.4775	110.4	552.0	0.3333333333333333
97738	267	1	4	0.665	181.2	906.0	1.0
97739	6	0	5	0.0075	4.0	20.0	0.0
97740	300	1	4	0.7475	115.6	578.0	1.0
97741	89	0	5	0.215	82.2	411.0	0.3333333333333333
97742	231	0	5	0.57	182.2	911.0	0.0
97743	275	1	4	0.685	141.4	707.0	1.0
97744	58	0	5	0.1375	39.6	198.0	0.0
97745	72	0	5	0.1725	52.8	264.0	0.3333333333333333
97746	372	0	5	0.9225	147.2	736.0	0.6666666666666666
97747	175	0	5	0.43	125.4	627.0	0.3333333333333333
97748	59	0	5	0.14	57.0	285.0	0.0
97749	293	0	5	0.725	169.8	849.0	0.6666666666666666
97750	202	0	5	0.4975	147.2	736.0	0.0
97751	317	0	5	0.785	172.2	861.0	0.6666666666666666
97752	112	0	5	0.2725	93.8	469.0	0.0
97753	244	0	5	0.6025	94.8	474.0	0.3333333333333333
97754	340	0	5	0.8425	146.0	730.0	0.3333333333333333
97755	86	0	5	0.2075	71.6	358.0	0.0
97756	224	0	5	0.5525	197.0	985.0	0.3333333333333333
97757	327	1	4	0.815	237.4	1187.0	1.0
97758	303	0	5	0.75	275.8	1379.0	0.3333333333333333
97759	273	0	5	0.675	135.4	677.0	0.3333333333333333
97760	271	0	5	0.67	107.0	535.0	0.6666666666666666
97761	123	0	5	0.3	108.2	541.0	0.0
97762	303	0	5	0.75	130.2	651.0	0.3333333333333333
97763	236	0	5	0.5825	79.0	395.0	0.6666666666666666
97764	396	0	5	0.9825	99.2	496.0	0.6666666666666666
97765	66	0	5	0.1575	64.0	320.0	0.0
97766	204	0	5	0.5025	108.4	542.0	0.0
97767	171	0	5	0.42	89.0	445.0	0.3333333333333333
97768	398	0	5	0.9875	245.8	1229.0	0.6666666666666666
97769	387	0	5	0.96	160.8	804.0	0.6666666666666666
97770	294	0	5	0.7275	208.4	1042.0	0.6666666666666666
97771	385	0	5	0.955	215.0	1075.0	0.6666666666666666
97772	213	0	5	0.525	194.2	971.0	0.3333333333333333
97773	277	0	5	0.685	152.4	762.0	0.3333333333333333
97774	230	1	4	0.5725	170.8	854.0	1.0
97775	209	1	4	0.52	89.4	447.0	1.0
97776	155	0	5	0.38	105.4	527.0	0.0
97777	142	0	5	0.3475	92.0	460.0	0.3333333333333333
97778	252	0	5	0.6225	72.4	362.0	0.3333333333333333
97779	90	0	5	0.2175	56.2	281.0	0.3333333333333333
97780	192	0	5	0.4725	161.8	809.0	0.3333333333333333
97781	380	1	4	0.9475	171.6	858.0	1.0
97782	283	0	5	0.7	116.0	580.0	0.3333333333333333
97783	372	0	5	0.9225	293.4	1467.0	0.3333333333333333
97784	218	0	5	0.5375	123.2	616.0	0.6666666666666666
97785	379	0	5	0.94	197.4	987.0	0.6666666666666666
97786	148	1	4	0.3675	98.8	494.0	1.0
97787	396	0	5	0.9825	212.2	1061.0	0.6666666666666666
97788	166	0	5	0.4075	67.2	336.0	0.6666666666666666
97789	94	0	5	0.2275	87.2	436.0	0.0
97790	316	0	5	0.7825	187.6	938.0	0.3333333333333333
97791	3	0	5	0.0025	0.2	1.0	0.3333333333333333
97792	179	1	4	0.445	90.6	453.0	1.0
97793	224	0	5	0.5525	179.2	896.0	0.3333333333333333
97794	93	0	5	0.225	80.4	402.0	0.3333333333333333
97795	248	0	5	0.6125	137.2	686.0	0.6666666666666666
97796	252	0	5	0.6225	158.8	794.0	0.3333333333333333
97797	251	0	5	0.62	151.2	756.0	0.6666666666666666
97798	274	0	5	0.6775	218.4	1092.0	0.3333333333333333
97799	247	0	5	0.61	177.0	885.0	0.3333333333333333
97800	57	0	5	0.135	52.6	263.0	0.3333333333333333
97801	338	0	5	0.8375	262.6	1313.0	0.3333333333333333
97802	264	0	5	0.6525	168.0	840.0	0.3333333333333333
97803	327	0	5	0.81	133.8	669.0	0.6666666666666666
97804	36	0	5	0.0825	34.0	170.0	0.0
97805	16	0	5	0.0325	14.0	70.0	0.0
97806	107	0	5	0.26	95.8	479.0	0.0
97807	336	0	5	0.8325	194.4	972.0	0.3333333333333333
97808	272	0	5	0.6725	134.0	670.0	0.6666666666666666
97809	337	0	5	0.835	136.4	682.0	0.6666666666666666
97810	320	0	5	0.7925	182.8	914.0	0.6666666666666666
97811	341	0	5	0.845	139.8	699.0	0.6666666666666666
97812	38	0	5	0.0875	36.0	180.0	0.0
97813	360	0	5	0.8925	232.4	1162.0	0.6666666666666666
97814	347	1	4	0.865	121.0	605.0	1.0
97815	265	0	5	0.655	224.2	1121.0	0.0
97816	401	0	4	0.9975	184.0	920.0	0.6666666666666666
97817	11	0	5	0.02	9.0	45.0	0.0
97818	260	0	5	0.6425	158.8	794.0	0.3333333333333333
97819	308	0	5	0.7625	145.2	726.0	0.6666666666666666
97820	106	1	4	0.2625	64.8	324.0	1.0
97821	174	0	5	0.4275	122.2	611.0	0.0
97822	51	0	5	0.12	49.0	245.0	0.0
97823	298	0	5	0.7375	272.0	1360.0	0.3333333333333333
97824	10	0	5	0.0175	8.0	40.0	0.0
97825	303	0	5	0.75	86.2	431.0	0.6666666666666666
97826	37	0	5	0.085	35.0	175.0	0.0
97827	237	0	5	0.585	149.0	745.0	0.3333333333333333
97828	354	0	5	0.8775	218.6	1093.0	0.3333333333333333
97829	21	0	5	0.045	19.0	95.0	0.0
97830	237	0	5	0.585	107.4	537.0	0.6666666666666666
97831	151	0	5	0.37	115.4	577.0	0.0
97832	223	0	5	0.55	152.2	761.0	0.6666666666666666
97833	270	0	5	0.6675	168.8	844.0	0.6666666666666666
97834	267	0	5	0.66	111.4	557.0	0.3333333333333333
97835	375	0	5	0.93	201.2	1006.0	0.6666666666666666
97836	120	1	4	0.2975	30.4	152.0	1.0
97837	245	0	5	0.605	50.2	251.0	0.3333333333333333
97838	239	0	5	0.59	106.0	530.0	0.3333333333333333
97839	73	0	5	0.175	55.8	279.0	0.3333333333333333
97840	350	0	5	0.8675	227.2	1136.0	0.6666666666666666
97841	123	0	5	0.3	118.2	591.0	0.6666666666666666
97842	275	0	5	0.68	222.2	1111.0	0.6666666666666666
97843	139	0	5	0.34	84.0	420.0	0.6666666666666666
97844	75	0	5	0.18	67.4	337.0	0.0
97845	205	0	5	0.505	162.6	813.0	0.3333333333333333
97846	311	1	4	0.775	111.2	556.0	1.0
97847	17	0	5	0.035	15.0	75.0	0.0
97848	32	0	5	0.0725	20.0	100.0	0.3333333333333333
97849	385	1	4	0.96	179.6	898.0	1.0
97850	22	0	5	0.0475	20.0	100.0	0.0
97851	222	0	5	0.5475	107.6	538.0	0.6666666666666666
97852	207	0	5	0.51	149.4	747.0	0.3333333333333333
97853	196	0	5	0.4825	178.4	892.0	0.3333333333333333
97854	101	0	5	0.245	88.6	443.0	0.0
97855	374	0	5	0.9275	130.8	654.0	0.6666666666666666
97856	231	0	5	0.57	205.2	1026.0	0.6666666666666666
97857	318	0	5	0.7875	161.6	808.0	0.3333333333333333
97858	261	0	5	0.645	196.6	983.0	0.3333333333333333
97859	182	0	5	0.4475	180.0	900.0	0.0
97860	60	0	5	0.1425	58.0	290.0	0.0
97861	26	0	5	0.0575	21.6	108.0	0.3333333333333333
97862	103	0	5	0.25	65.0	325.0	0.0
97863	284	0	5	0.7025	120.6	603.0	0.3333333333333333
97864	105	0	5	0.255	103.0	515.0	0.0
97865	11	0	5	0.02	9.0	45.0	0.0
97866	13	0	5	0.025	11.0	55.0	0.0
97867	144	1	4	0.3575	101.0	505.0	1.0
97868	303	0	5	0.75	197.4	987.0	0.3333333333333333
97869	143	0	5	0.35	69.2	346.0	0.3333333333333333
97870	312	0	5	0.7725	145.4	727.0	0.3333333333333333
97871	273	0	5	0.675	167.8	839.0	0.3333333333333333
97872	302	1	4	0.7525	201.8	1009.0	1.0
97873	31	0	5	0.07	29.0	145.0	0.0
97874	90	0	5	0.2175	88.0	440.0	0.0
97875	68	0	5	0.1625	66.0	330.0	0.0
97876	373	1	4	0.93	193.4	967.0	1.0
97877	150	0	5	0.3675	140.8	704.0	0.3333333333333333
97878	62	0	5	0.1475	60.0	300.0	0.0
97879	113	0	5	0.275	72.0	360.0	0.3333333333333333
97880	146	0	5	0.3575	144.0	720.0	0.0
97881	249	1	4	0.62	210.6	1053.0	1.0
97882	60	0	5	0.1425	17.8	89.0	0.6666666666666666
97883	87	0	5	0.21	58.6	293.0	0.0
97884	246	0	5	0.6075	173.6	868.0	0.0
97885	218	0	5	0.5375	134.0	670.0	0.3333333333333333
97886	6	0	5	0.0075	4.0	20.0	0.0
97887	226	0	5	0.5575	112.8	564.0	0.6666666666666666
97888	42	0	5	0.0975	40.0	200.0	0.0
97889	169	0	5	0.415	70.2	351.0	0.6666666666666666
97890	344	0	5	0.8525	189.2	946.0	0.6666666666666666
97891	230	0	5	0.5675	202.8	1014.0	0.6666666666666666
97892	272	0	5	0.6725	240.0	1200.0	0.3333333333333333
97893	18	0	5	0.0375	16.0	80.0	0.0
97894	216	0	5	0.5325	157.2	786.0	0.3333333333333333
97895	264	1	4	0.6575	56.8	284.0	1.0
97896	294	0	5	0.7275	100.2	501.0	0.6666666666666666
97897	227	0	5	0.56	102.6	513.0	0.6666666666666666
97898	307	0	5	0.76	288.2	1441.0	0.6666666666666666
97899	217	0	5	0.535	111.6	558.0	0.6666666666666666
97900	212	0	5	0.5225	188.0	940.0	0.0
97901	219	0	5	0.54	126.6	633.0	0.6666666666666666
97902	243	0	5	0.6	92.6	463.0	0.6666666666666666
97903	22	0	5	0.0475	20.0	100.0	0.0
97904	5	0	5	0.005	3.0	15.0	0.0
97905	166	0	5	0.4075	164.0	820.0	0.0
97906	160	0	5	0.3925	35.6	178.0	0.3333333333333333
97907	108	1	4	0.2675	34.4	172.0	1.0
97908	101	0	5	0.245	99.0	495.0	0.0
97909	178	0	5	0.4375	108.4	542.0	0.0
97910	312	0	5	0.7725	165.2	826.0	0.6666666666666666
97911	304	0	5	0.7525	177.6	888.0	0.6666666666666666
97912	160	0	5	0.3925	88.0	440.0	0.6666666666666666
97913	92	0	5	0.2225	86.4	432.0	0.3333333333333333
97914	167	0	5	0.41	163.4	817.0	0.3333333333333333
97915	385	1	4	0.96	170.4	852.0	1.0
97916	79	0	5	0.19	77.0	385.0	0.0
97917	108	0	5	0.2625	95.6	478.0	0.3333333333333333
97918	248	1	4	0.6175	123.2	616.0	1.0
97919	322	0	5	0.7975	254.0	1270.0	0.3333333333333333
97920	160	0	5	0.3925	133.6	668.0	0.3333333333333333
97921	74	0	5	0.1775	72.0	360.0	0.0
97922	226	0	5	0.5575	159.8	799.0	0.3333333333333333
97923	80	0	5	0.1925	67.8	339.0	0.3333333333333333
97924	301	0	5	0.745	160.8	804.0	0.3333333333333333
97925	273	0	5	0.675	249.2	1246.0	0.6666666666666666
97926	196	0	5	0.4825	50.8	254.0	0.3333333333333333
97927	377	0	5	0.935	267.0	1335.0	0.6666666666666666
97928	244	0	5	0.6025	148.8	744.0	0.3333333333333333
97929	129	0	5	0.315	108.6	543.0	0.3333333333333333
97930	299	0	5	0.74	267.0	1335.0	0.0
97931	59	0	5	0.14	19.6	98.0	0.3333333333333333
97932	175	0	5	0.43	173.0	865.0	0.0
97933	34	0	5	0.0775	32.0	160.0	0.0
97934	147	0	5	0.36	52.2	261.0	0.3333333333333333
97935	349	0	5	0.865	193.4	967.0	0.6666666666666666
97936	253	0	5	0.625	233.6	1168.0	0.0
97937	185	0	5	0.455	173.6	868.0	0.0
97938	183	0	5	0.45	78.8	394.0	0.3333333333333333
97939	279	0	5	0.69	117.2	586.0	0.6666666666666666
97940	116	0	5	0.2825	114.0	570.0	0.0
97941	363	0	5	0.9	244.2	1221.0	0.6666666666666666
97942	322	0	5	0.7975	292.4	1462.0	0.3333333333333333
97943	156	0	5	0.3825	113.0	565.0	0.3333333333333333
97944	284	1	4	0.7075	179.2	896.0	1.0
97945	400	0	5	0.9925	329.6	1648.0	0.6666666666666666
97946	303	0	5	0.75	166.8	834.0	0.3333333333333333
97947	354	0	5	0.8775	202.8	1014.0	0.3333333333333333
97948	231	0	5	0.57	153.8	769.0	0.3333333333333333
97949	140	0	5	0.3425	102.4	512.0	0.3333333333333333
97950	63	0	5	0.15	19.4	97.0	0.3333333333333333
97951	166	0	5	0.4075	114.8	574.0	0.3333333333333333
97952	319	0	5	0.79	184.0	920.0	0.3333333333333333
97953	160	0	5	0.3925	97.4	487.0	0.3333333333333333
97954	128	0	5	0.3125	119.2	596.0	0.3333333333333333
97955	98	0	5	0.2375	64.0	320.0	0.3333333333333333
97956	194	0	5	0.4775	122.4	612.0	0.6666666666666666
97957	341	0	5	0.845	285.4	1427.0	0.6666666666666666
97958	223	0	5	0.55	69.8	349.0	0.0
97959	307	0	5	0.76	98.0	490.0	0.3333333333333333
97960	154	0	5	0.3775	102.4	512.0	0.3333333333333333
97961	318	1	4	0.7925	133.6	668.0	1.0
97962	245	0	5	0.605	231.2	1156.0	0.0
97963	93	0	5	0.225	40.0	200.0	0.0
97964	360	0	5	0.8925	230.8	1154.0	0.6666666666666666
97965	109	0	5	0.265	104.2	521.0	0.0
97966	391	0	5	0.97	118.8	594.0	0.6666666666666666
97967	100	0	5	0.2425	98.0	490.0	0.0
97968	379	1	4	0.945	188.8	944.0	1.0
97969	185	0	5	0.455	116.0	580.0	0.3333333333333333
97970	308	1	4	0.7675	63.2	316.0	1.0
97971	222	0	5	0.5475	55.8	279.0	0.6666666666666666
97972	309	1	4	0.77	132.0	660.0	1.0
97973	142	0	5	0.3475	96.2	481.0	0.6666666666666666
97974	297	0	5	0.735	223.2	1116.0	0.6666666666666666
97975	8	0	5	0.0125	6.0	30.0	0.0
97976	314	0	5	0.7775	241.4	1207.0	0.3333333333333333
97977	143	0	5	0.35	133.2	666.0	0.3333333333333333
97978	386	0	5	0.9575	201.6	1008.0	0.6666666666666666
97979	105	0	5	0.255	45.8	229.0	0.3333333333333333
97980	17	0	5	0.035	15.0	75.0	0.0
97981	114	0	5	0.2775	74.4	372.0	0.0
97982	330	0	5	0.8175	256.0	1280.0	0.6666666666666666
97983	193	0	5	0.475	144.6	723.0	0.0
97984	48	0	5	0.1125	46.0	230.0	0.0
97985	316	0	5	0.7825	288.4	1442.0	0.3333333333333333
97986	36	0	5	0.0825	8.4	42.0	0.0
97987	159	1	4	0.395	57.4	287.0	1.0
97988	393	0	5	0.975	281.0	1405.0	0.6666666666666666
97989	194	0	5	0.4775	142.6	713.0	0.3333333333333333
97990	298	0	5	0.7375	90.4	452.0	0.3333333333333333
97991	104	0	5	0.2525	45.6	228.0	0.0
97992	124	0	5	0.3025	87.2	436.0	0.3333333333333333
97993	227	1	4	0.565	57.2	286.0	1.0
97994	68	0	5	0.1625	66.0	330.0	0.0
97995	225	0	5	0.555	167.6	838.0	0.3333333333333333
97996	135	0	5	0.33	129.0	645.0	0.0
97997	352	0	5	0.8725	279.6	1398.0	0.3333333333333333
97998	238	0	5	0.5875	48.8	244.0	0.3333333333333333
97999	336	0	5	0.8325	283.6	1418.0	0.6666666666666666
98000	279	0	5	0.69	217.6	1088.0	0.6666666666666666
98001	349	0	5	0.865	165.4	827.0	0.6666666666666666
98002	176	0	5	0.4325	112.4	562.0	0.6666666666666666
98003	284	0	5	0.7025	252.4	1262.0	0.0
98004	313	0	5	0.775	162.2	811.0	0.6666666666666666
98005	132	0	5	0.3225	64.4	322.0	0.3333333333333333
98006	291	0	5	0.72	229.4	1147.0	0.3333333333333333
98007	292	0	5	0.7225	178.0	890.0	0.6666666666666666
98008	48	0	5	0.1125	46.0	230.0	0.0
98009	81	0	5	0.195	79.0	395.0	0.0
98010	126	0	5	0.3075	53.6	268.0	0.6666666666666666
98011	248	0	5	0.6125	158.4	792.0	0.0
98012	312	0	5	0.7725	211.8	1059.0	0.3333333333333333
98013	11	0	5	0.02	9.0	45.0	0.0
98014	220	0	5	0.5425	154.8	774.0	0.6666666666666666
98015	377	0	5	0.935	133.2	666.0	0.6666666666666666
98016	93	0	5	0.225	63.8	319.0	0.3333333333333333
98017	281	0	5	0.695	119.6	598.0	0.6666666666666666
98018	201	0	5	0.495	101.6	508.0	0.6666666666666666
98019	195	0	5	0.48	170.6	853.0	0.3333333333333333
98020	398	1	4	0.9925	228.4	1142.0	1.0
98021	120	0	5	0.2925	102.0	510.0	0.0
98022	389	0	5	0.965	283.8	1419.0	0.3333333333333333
98023	143	0	5	0.35	131.8	659.0	0.3333333333333333
98024	167	0	5	0.41	116.2	581.0	0.3333333333333333
98025	268	0	5	0.6625	238.0	1190.0	0.6666666666666666
98026	189	0	5	0.465	71.0	355.0	0.6666666666666666
98027	256	0	5	0.6325	190.8	954.0	0.3333333333333333
98028	65	0	5	0.155	43.8	219.0	0.3333333333333333
98029	74	0	5	0.1775	50.4	252.0	0.3333333333333333
98030	246	0	5	0.6075	72.2	361.0	0.6666666666666666
98031	370	0	5	0.9175	238.4	1192.0	0.6666666666666666
98032	187	0	5	0.46	145.4	727.0	0.3333333333333333
98033	8	0	5	0.0125	6.0	30.0	0.0
98034	339	0	5	0.84	121.4	607.0	0.6666666666666666
98035	14	0	5	0.0275	12.0	60.0	0.0
98036	331	0	5	0.82	287.8	1439.0	0.6666666666666666
98037	350	0	5	0.8675	251.0	1255.0	0.3333333333333333
98038	119	0	5	0.29	101.0	505.0	0.0
98039	177	0	5	0.435	174.2	871.0	0.3333333333333333
98040	312	0	5	0.7725	217.6	1088.0	0.3333333333333333
98041	272	1	4	0.6775	132.0	660.0	1.0
98042	176	1	4	0.4375	151.8	759.0	1.0
98043	151	0	5	0.37	149.0	745.0	0.0
98044	91	0	5	0.22	89.0	445.0	0.0
98045	28	0	5	0.0625	26.0	130.0	0.0
98046	5	0	5	0.005	3.0	15.0	0.0
98047	355	1	4	0.885	195.4	977.0	1.0
98048	72	0	5	0.1725	35.6	178.0	0.3333333333333333
98049	318	0	5	0.7875	96.0	480.0	0.3333333333333333
98050	164	0	5	0.4025	73.2	366.0	0.3333333333333333
98051	255	1	4	0.635	96.6	483.0	1.0
98052	257	0	5	0.635	109.2	546.0	0.3333333333333333
98053	153	0	5	0.375	102.6	513.0	0.0
98054	332	0	5	0.8225	178.2	891.0	0.6666666666666666
98055	96	0	5	0.2325	55.0	275.0	0.3333333333333333
98056	297	1	4	0.74	150.8	754.0	1.0
98057	306	0	5	0.7575	199.2	996.0	0.3333333333333333
98058	377	0	5	0.935	216.0	1080.0	0.6666666666666666
98059	335	1	4	0.835	132.8	664.0	1.0
98060	168	0	5	0.4125	154.6	773.0	0.3333333333333333
98061	188	1	4	0.4675	54.4	272.0	1.0
98062	43	0	5	0.1	41.0	205.0	0.0
98063	206	0	5	0.5075	183.8	919.0	0.3333333333333333
98064	44	0	5	0.1025	39.6	198.0	0.3333333333333333
98065	242	0	5	0.5975	144.8	724.0	0.0
98066	316	0	5	0.7825	89.4	447.0	0.6666666666666666
98067	104	0	5	0.2525	102.0	510.0	0.0
98068	335	0	5	0.83	256.8	1284.0	0.3333333333333333
98069	400	0	5	0.9925	295.6	1478.0	0.6666666666666666
98070	109	0	5	0.265	107.0	535.0	0.3333333333333333
98071	211	0	5	0.52	150.8	754.0	0.6666666666666666
98072	70	0	5	0.1675	68.0	340.0	0.0
98073	67	0	5	0.16	65.0	325.0	0.0
98074	104	0	5	0.2525	102.0	510.0	0.0
98075	190	0	5	0.4675	110.0	550.0	0.3333333333333333
98076	325	0	5	0.805	192.2	961.0	0.6666666666666666
98077	317	0	5	0.785	90.0	450.0	0.6666666666666666
98078	38	0	5	0.0875	36.0	180.0	0.0
98079	146	0	5	0.3575	73.4	367.0	0.3333333333333333
98080	329	0	5	0.815	163.8	819.0	0.6666666666666666
98081	229	0	5	0.565	173.8	869.0	0.0
98082	186	0	5	0.4575	49.6	248.0	0.3333333333333333
98083	350	1	4	0.8725	192.8	964.0	1.0
98084	341	0	5	0.845	240.0	1200.0	0.6666666666666666
98085	115	0	5	0.28	91.4	457.0	0.3333333333333333
98086	266	0	5	0.6575	189.6	948.0	0.3333333333333333
98087	149	0	5	0.365	140.2	701.0	0.0
98088	195	0	5	0.48	159.4	797.0	0.6666666666666666
98089	122	0	5	0.2975	74.6	373.0	0.3333333333333333
98090	290	0	5	0.7175	253.6	1268.0	0.3333333333333333
98091	359	0	5	0.89	240.4	1202.0	0.6666666666666666
98092	114	0	5	0.2775	96.2	481.0	0.3333333333333333
98093	196	0	5	0.4825	190.8	954.0	0.3333333333333333
98094	9	0	5	0.015	7.0	35.0	0.0
98095	210	0	5	0.5175	200.0	1000.0	0.3333333333333333
98096	294	0	5	0.7275	123.0	615.0	0.6666666666666666
98097	296	0	5	0.7325	81.0	405.0	0.6666666666666666
98098	286	0	5	0.7075	129.2	646.0	0.0
98099	277	0	5	0.685	98.4	492.0	0.3333333333333333
98100	71	0	5	0.17	58.4	292.0	0.0
98101	112	0	5	0.2725	59.2	296.0	0.3333333333333333
98102	233	0	5	0.575	132.4	662.0	0.6666666666666666
98103	54	0	5	0.1275	52.0	260.0	0.0
98104	32	0	5	0.0725	30.0	150.0	0.0
98105	340	0	5	0.8425	134.8	674.0	0.3333333333333333
98106	212	0	5	0.5225	181.6	908.0	0.3333333333333333
98107	107	0	5	0.26	89.8	449.0	0.3333333333333333
98108	294	0	5	0.7275	146.8	734.0	0.6666666666666666
98109	264	0	5	0.6525	230.8	1154.0	0.0
98110	78	0	5	0.1875	36.4	182.0	0.3333333333333333
98111	86	0	5	0.2075	68.4	342.0	0.0
98112	19	0	5	0.04	17.0	85.0	0.0
98113	63	0	5	0.15	38.6	193.0	0.0
98114	347	0	5	0.86	199.6	998.0	0.6666666666666666
98115	61	0	5	0.145	59.0	295.0	0.0
98116	177	0	5	0.435	70.0	350.0	0.6666666666666666
98117	280	0	5	0.6925	172.0	860.0	0.3333333333333333
98118	264	0	5	0.6525	125.4	627.0	0.6666666666666666
98119	246	1	4	0.6125	164.8	824.0	1.0
98120	210	0	5	0.5175	100.0	500.0	0.6666666666666666
98121	213	0	5	0.525	161.4	807.0	0.3333333333333333
98122	244	1	3	0.6075	168.6	843.0	1.0
98123	367	1	4	0.915	146.2	731.0	1.0
98124	175	1	4	0.435	86.4	432.0	1.0
98125	106	0	5	0.2575	104.0	520.0	0.0
98126	189	0	5	0.465	151.0	755.0	0.0
98127	122	0	5	0.2975	74.4	372.0	0.0
98128	116	0	5	0.2825	95.2	476.0	0.0
98129	268	1	4	0.6675	168.8	844.0	1.0
98130	205	0	5	0.505	176.4	882.0	0.3333333333333333
98131	304	0	5	0.7525	124.4	622.0	0.6666666666666666
98132	151	0	5	0.37	141.0	705.0	0.3333333333333333
98133	244	1	4	0.6075	146.8	734.0	1.0
98134	52	0	5	0.1225	50.0	250.0	0.0
98135	39	0	5	0.09	37.0	185.0	0.0
98136	401	0	4	0.9975	106.8	534.0	0.6666666666666666
98137	161	0	5	0.395	110.0	550.0	0.3333333333333333
98138	286	0	5	0.7075	136.4	682.0	0.6666666666666666
98139	127	0	5	0.31	97.4	487.0	0.3333333333333333
98140	123	0	5	0.3	104.8	524.0	0.0
98141	211	0	5	0.52	153.0	765.0	0.3333333333333333
98142	170	0	5	0.4175	121.6	608.0	0.3333333333333333
98143	2	0	5	0.0	0.0	0.0	0.0
98144	294	0	5	0.7275	184.0	920.0	0.3333333333333333
98145	157	0	5	0.385	83.6	418.0	0.3333333333333333
98146	210	0	5	0.5175	89.2	446.0	0.3333333333333333
98147	224	0	5	0.5525	150.0	750.0	0.0
98148	7	0	5	0.01	5.0	25.0	0.0
98149	385	0	5	0.955	136.4	682.0	0.6666666666666666
98150	238	1	4	0.5925	178.6	893.0	1.0
98151	396	0	5	0.9825	139.6	698.0	0.6666666666666666
98152	338	0	5	0.8375	130.4	652.0	0.6666666666666666
98153	238	0	5	0.5875	158.2	791.0	0.3333333333333333
98154	381	0	5	0.945	163.8	819.0	0.6666666666666666
98155	88	0	5	0.2125	69.8	349.0	0.0
98156	286	0	5	0.7075	226.0	1130.0	0.3333333333333333
98157	173	0	5	0.425	126.6	633.0	0.0
98158	199	0	5	0.49	102.6	513.0	0.3333333333333333
98159	210	0	5	0.5175	176.4	882.0	0.3333333333333333
98160	398	0	5	0.9875	277.2	1386.0	0.6666666666666666
98161	310	0	5	0.7675	154.0	770.0	0.6666666666666666
98162	395	0	5	0.98	178.6	893.0	0.6666666666666666
98163	150	0	5	0.3675	148.0	740.0	0.0
98164	269	0	5	0.665	220.8	1104.0	0.6666666666666666
98165	356	0	5	0.8825	150.2	751.0	0.3333333333333333
98166	182	0	5	0.4475	112.8	564.0	0.0
98167	24	0	5	0.0525	22.0	110.0	0.0
98168	299	0	5	0.74	135.4	677.0	0.6666666666666666
98169	156	0	5	0.3825	139.2	696.0	0.0
98170	119	0	5	0.29	101.4	507.0	0.0
98171	140	0	5	0.3425	93.2	466.0	0.3333333333333333
98172	254	0	5	0.6275	156.2	781.0	0.6666666666666666
98173	317	0	5	0.785	167.8	839.0	0.6666666666666666
98174	277	0	5	0.685	227.0	1135.0	0.3333333333333333
98175	172	0	5	0.4225	90.4	452.0	0.0
98176	390	0	5	0.9675	213.6	1068.0	0.6666666666666666
98177	357	0	5	0.885	179.6	898.0	0.6666666666666666
98178	73	0	5	0.175	69.4	347.0	0.3333333333333333
98179	72	0	5	0.1725	53.2	266.0	0.3333333333333333
98180	152	0	5	0.3725	86.0	430.0	0.3333333333333333
98181	312	0	5	0.7725	250.0	1250.0	0.3333333333333333
98182	271	1	4	0.675	245.0	1225.0	1.0
98183	47	0	5	0.11	45.0	225.0	0.0
98184	79	0	5	0.19	77.0	385.0	0.0
98185	174	0	5	0.4275	155.6	778.0	0.0
98186	368	0	5	0.9125	240.2	1201.0	0.6666666666666666
98187	271	1	4	0.675	173.6	868.0	1.0
98188	57	0	5	0.135	55.0	275.0	0.0
98189	268	1	4	0.6675	186.4	932.0	1.0
98190	183	0	5	0.45	108.8	544.0	0.3333333333333333
98191	140	0	5	0.3425	79.6	398.0	0.6666666666666666
98192	62	0	5	0.1475	60.0	300.0	0.0
98193	229	0	5	0.565	145.4	727.0	0.6666666666666666
98194	321	0	5	0.795	126.6	633.0	0.6666666666666666
98195	384	0	5	0.9525	285.2	1426.0	0.3333333333333333
98196	315	0	5	0.78	166.8	834.0	0.6666666666666666
98197	15	0	5	0.03	13.0	65.0	0.0
98198	206	0	5	0.5075	108.0	540.0	0.3333333333333333
98199	106	0	5	0.2575	86.8	434.0	0.3333333333333333
98200	95	0	5	0.23	93.0	465.0	0.0
98201	29	0	5	0.065	15.0	75.0	0.3333333333333333
98202	260	0	5	0.6425	148.8	744.0	0.6666666666666666
98203	106	0	5	0.2575	97.2	486.0	0.3333333333333333
98204	342	0	5	0.8475	261.6	1308.0	0.6666666666666666
98205	174	0	5	0.4275	138.4	692.0	0.6666666666666666
98206	395	0	5	0.98	261.8	1309.0	0.6666666666666666
98207	357	0	5	0.885	193.2	966.0	0.6666666666666666
98208	245	0	5	0.605	210.2	1051.0	0.6666666666666666
98209	233	0	5	0.575	188.8	944.0	0.3333333333333333
98210	276	0	5	0.6825	85.2	426.0	0.6666666666666666
98211	165	0	5	0.405	62.6	313.0	0.0
98212	339	0	5	0.84	195.4	977.0	0.6666666666666666
98213	291	1	4	0.725	225.4	1127.0	1.0
98214	82	0	5	0.1975	80.0	400.0	0.0
98215	173	0	5	0.425	123.0	615.0	0.0
98216	111	0	5	0.27	109.0	545.0	0.0
98217	186	0	5	0.4575	127.2	636.0	0.3333333333333333
98218	214	0	5	0.5275	200.0	1000.0	0.0
98219	387	0	5	0.96	179.0	895.0	0.6666666666666666
98220	130	0	5	0.3175	116.8	584.0	0.3333333333333333
98221	220	0	5	0.5425	70.4	352.0	0.3333333333333333
98222	131	0	5	0.32	119.6	598.0	0.0
98223	140	0	5	0.3425	131.6	658.0	0.3333333333333333
98224	339	0	5	0.84	240.6	1203.0	0.6666666666666666
98225	192	0	5	0.4725	190.0	950.0	0.0
98226	200	0	5	0.4925	74.4	372.0	0.3333333333333333
98227	361	0	5	0.895	236.4	1182.0	0.6666666666666666
98228	270	0	5	0.6675	79.2	396.0	0.0
98229	243	0	5	0.6	147.8	739.0	0.3333333333333333
98230	196	0	5	0.4825	194.0	970.0	0.3333333333333333
98231	400	0	5	0.9925	202.0	1010.0	0.6666666666666666
98232	75	0	5	0.18	73.0	365.0	0.0
98233	167	1	4	0.415	121.4	607.0	1.0
98234	18	0	5	0.0375	16.0	80.0	0.0
98235	143	0	5	0.35	77.4	387.0	0.0
98236	141	0	5	0.345	97.8	489.0	0.3333333333333333
98237	340	0	5	0.8425	161.8	809.0	0.6666666666666666
98238	300	0	5	0.7425	221.2	1106.0	0.3333333333333333
98239	190	0	5	0.4675	109.4	547.0	0.3333333333333333
98240	293	0	5	0.725	77.4	387.0	0.6666666666666666
98241	10	0	5	0.0175	8.0	40.0	0.0
98242	301	0	5	0.745	89.4	447.0	0.6666666666666666
98243	391	0	5	0.97	183.0	915.0	0.6666666666666666
98244	200	0	5	0.4925	117.2	586.0	0.3333333333333333
98245	400	0	5	0.9925	139.6	698.0	0.6666666666666666
98246	295	0	5	0.73	248.6	1243.0	0.3333333333333333
98247	125	0	5	0.305	28.6	143.0	0.3333333333333333
98248	174	1	4	0.4325	61.6	308.0	1.0
98249	111	0	5	0.27	70.6	353.0	0.3333333333333333
98250	312	0	5	0.7725	69.8	349.0	0.6666666666666666
98251	358	1	4	0.8925	186.6	933.0	1.0
98252	122	0	5	0.2975	54.4	272.0	0.3333333333333333
98253	313	0	5	0.775	97.6	488.0	0.6666666666666666
98254	364	0	5	0.9025	257.6	1288.0	0.6666666666666666
98255	166	0	5	0.4075	97.4	487.0	0.0
98256	144	0	5	0.3525	142.0	710.0	0.0
98257	172	0	5	0.4225	96.4	482.0	0.0
98258	225	0	5	0.555	181.8	909.0	0.3333333333333333
98259	212	0	5	0.5225	120.6	603.0	0.6666666666666666
98260	265	0	5	0.655	131.6	658.0	0.3333333333333333
98261	75	0	5	0.18	73.0	365.0	0.0
98262	35	0	5	0.08	30.0	150.0	0.0
98263	194	0	5	0.4775	163.6	818.0	0.0
98264	388	0	5	0.9625	277.2	1386.0	0.6666666666666666
98265	155	0	5	0.38	153.0	765.0	0.0
98266	150	0	5	0.3675	132.6	663.0	0.3333333333333333
98267	118	0	5	0.2875	87.6	438.0	0.3333333333333333
98268	139	0	5	0.34	135.0	675.0	0.3333333333333333
98269	207	0	5	0.51	126.8	634.0	0.3333333333333333
98270	393	1	4	0.98	206.6	1033.0	1.0
98271	292	0	5	0.7225	205.0	1025.0	0.3333333333333333
98272	324	0	5	0.8025	206.0	1030.0	0.6666666666666666
98273	79	0	5	0.19	57.8	289.0	0.0
98274	145	0	5	0.355	126.4	632.0	0.3333333333333333
98275	148	0	5	0.3625	59.4	297.0	0.6666666666666666
98276	260	0	5	0.6425	202.8	1014.0	0.3333333333333333
98277	90	0	5	0.2175	58.8	294.0	0.3333333333333333
98278	159	0	5	0.39	132.8	664.0	0.0
98279	321	0	5	0.795	195.4	977.0	0.3333333333333333
98280	184	0	5	0.4525	124.6	623.0	0.3333333333333333
98281	341	0	5	0.845	249.0	1245.0	0.3333333333333333
98282	381	0	5	0.945	241.8	1209.0	0.6666666666666666
98283	299	0	5	0.74	199.4	997.0	0.3333333333333333
98284	241	0	5	0.595	195.8	979.0	0.0
98285	129	0	5	0.315	127.0	635.0	0.0
98286	142	0	5	0.3475	46.4	232.0	0.6666666666666666
98287	381	1	4	0.95	191.6	958.0	1.0
98288	5	0	5	0.005	3.0	15.0	0.0
98289	342	0	5	0.8475	206.0	1030.0	0.6666666666666666
98290	34	0	5	0.0775	32.0	160.0	0.0
98291	163	0	5	0.4	92.6	463.0	0.6666666666666666
98292	117	0	5	0.285	81.4	407.0	0.3333333333333333
98293	320	0	5	0.7925	164.2	821.0	0.6666666666666666
98294	163	0	5	0.4	83.8	419.0	0.6666666666666666
98295	352	0	5	0.8725	218.2	1091.0	0.6666666666666666
98296	263	1	4	0.655	144.2	721.0	1.0
98297	82	0	5	0.1975	80.0	400.0	0.0
98298	200	1	4	0.4975	141.0	705.0	1.0
98299	17	0	5	0.035	15.0	75.0	0.0
98300	149	0	5	0.365	143.8	719.0	0.3333333333333333
98301	166	0	5	0.4075	58.0	290.0	0.6666666666666666
98302	315	0	5	0.78	173.0	865.0	0.3333333333333333
98303	159	0	5	0.39	125.8	629.0	0.3333333333333333
98304	70	0	5	0.1675	28.0	140.0	0.3333333333333333
98305	182	0	5	0.4475	161.2	806.0	0.3333333333333333
98306	86	0	5	0.2075	56.0	280.0	0.3333333333333333
98307	376	0	5	0.9325	154.4	772.0	0.6666666666666666
98308	392	1	4	0.9775	200.4	1002.0	1.0
98309	174	0	5	0.4275	61.0	305.0	0.6666666666666666
98310	137	0	5	0.335	135.0	675.0	0.0
98311	123	0	5	0.3	78.4	392.0	0.3333333333333333
98312	382	0	5	0.9475	201.2	1006.0	0.6666666666666666
98313	330	0	5	0.8175	180.6	903.0	0.6666666666666666
98314	326	0	5	0.8075	264.8	1324.0	0.6666666666666666
98315	220	0	5	0.5425	120.6	603.0	0.6666666666666666
98316	44	0	5	0.1025	42.0	210.0	0.0
98317	372	0	5	0.9225	139.6	698.0	0.6666666666666666
98318	203	0	5	0.5	143.8	719.0	0.3333333333333333
98319	299	0	5	0.74	120.2	601.0	0.6666666666666666
98320	41	0	5	0.095	39.0	195.0	0.0
98321	377	0	5	0.935	122.8	614.0	0.6666666666666666
98322	314	1	4	0.7825	168.0	840.0	1.0
98323	218	0	5	0.5375	216.0	1080.0	0.0
98324	233	0	5	0.575	96.0	480.0	0.3333333333333333
98325	32	0	5	0.0725	24.4	122.0	0.3333333333333333
98326	268	0	5	0.6625	185.2	926.0	0.3333333333333333
98327	81	0	5	0.195	62.0	310.0	0.0
98328	186	0	5	0.4575	103.2	516.0	0.3333333333333333
98329	328	1	4	0.8175	179.4	897.0	1.0
98330	370	0	5	0.9175	150.4	752.0	0.6666666666666666
98331	8	0	5	0.0125	6.0	30.0	0.0
98332	382	0	5	0.9475	170.4	852.0	0.6666666666666666
98333	282	0	5	0.6975	233.8	1169.0	0.3333333333333333
98334	138	0	5	0.3375	40.0	200.0	0.3333333333333333
98335	313	0	5	0.775	153.2	766.0	0.3333333333333333
98336	216	0	5	0.5325	214.0	1070.0	0.3333333333333333
98337	277	0	5	0.685	178.4	892.0	0.6666666666666666
98338	263	1	4	0.655	79.4	397.0	1.0
98339	357	0	5	0.885	211.2	1056.0	0.3333333333333333
98340	262	0	5	0.6475	181.2	906.0	0.0
98341	116	0	5	0.2825	45.6	228.0	0.3333333333333333
98342	271	0	5	0.67	119.6	598.0	0.6666666666666666
98343	170	0	5	0.4175	93.2	466.0	0.3333333333333333
98344	119	0	5	0.29	97.8	489.0	0.0
98345	123	0	5	0.3	121.0	605.0	0.0
98346	173	0	5	0.425	127.0	635.0	0.3333333333333333
98347	215	0	5	0.53	61.0	305.0	0.3333333333333333
98348	55	0	5	0.13	40.2	201.0	0.3333333333333333
98349	139	0	5	0.34	137.0	685.0	0.0
98350	249	0	5	0.615	194.2	971.0	0.3333333333333333
98351	368	0	5	0.9125	82.0	410.0	0.3333333333333333
98352	177	0	5	0.435	125.0	625.0	0.3333333333333333
98353	14	0	5	0.0275	10.8	54.0	0.0
98354	185	0	5	0.455	106.2	531.0	0.3333333333333333
98355	372	0	5	0.9225	181.4	907.0	0.6666666666666666
98356	272	0	5	0.6725	114.6	573.0	0.6666666666666666
98357	229	0	5	0.565	111.0	555.0	0.6666666666666666
98358	104	0	5	0.2525	79.2	396.0	0.6666666666666666
98359	162	0	5	0.3975	80.4	402.0	0.6666666666666666
98360	126	0	5	0.3075	49.6	248.0	0.0
98361	319	0	5	0.79	199.8	999.0	0.6666666666666666
98362	317	1	4	0.79	134.6	673.0	1.0
98363	323	0	5	0.8	163.4	817.0	0.6666666666666666
98364	257	0	5	0.635	165.0	825.0	0.3333333333333333
98365	8	0	5	0.0125	6.0	30.0	0.0
98366	239	1	4	0.595	137.0	685.0	1.0
98367	109	0	5	0.265	89.0	445.0	0.0
98368	259	0	5	0.64	159.4	797.0	0.3333333333333333
98369	72	0	5	0.1725	38.4	192.0	0.3333333333333333
98370	288	0	5	0.7125	203.8	1019.0	0.3333333333333333
98371	149	0	5	0.365	125.4	627.0	0.0
98372	322	0	5	0.7975	230.6	1153.0	0.6666666666666666
98373	76	0	5	0.1825	74.0	370.0	0.0
98374	391	0	5	0.97	236.0	1180.0	0.6666666666666666
98375	94	0	5	0.2275	76.8	384.0	0.0
98376	299	0	5	0.74	186.6	933.0	0.6666666666666666
98377	226	0	5	0.5575	217.6	1088.0	0.3333333333333333
98378	297	0	5	0.735	182.4	912.0	0.3333333333333333
98379	351	1	4	0.875	141.4	707.0	1.0
98380	251	0	5	0.62	172.6	863.0	0.3333333333333333
98381	104	0	5	0.2525	92.2	461.0	0.0
98382	81	0	5	0.195	77.0	385.0	0.0
98383	17	0	5	0.035	13.2	66.0	0.0
98384	84	0	5	0.2025	70.0	350.0	0.3333333333333333
98385	368	1	4	0.9175	142.2	711.0	1.0
98386	237	0	5	0.585	146.2	731.0	0.3333333333333333
98387	58	0	5	0.1375	56.0	280.0	0.0
98388	287	0	5	0.71	233.0	1165.0	0.3333333333333333
98389	309	0	5	0.765	136.2	681.0	0.6666666666666666
98390	145	0	5	0.355	102.6	513.0	0.3333333333333333
98391	12	0	5	0.0225	10.0	50.0	0.0
98392	13	0	5	0.025	11.0	55.0	0.0
98393	216	1	4	0.5375	123.2	616.0	1.0
98394	224	0	5	0.5525	208.4	1042.0	0.3333333333333333
98395	260	0	5	0.6425	156.8	784.0	0.3333333333333333
98396	226	1	4	0.5625	114.8	574.0	1.0
98397	298	0	5	0.7375	214.2	1071.0	0.3333333333333333
98398	223	0	5	0.55	157.0	785.0	0.3333333333333333
98399	246	0	5	0.6075	162.0	810.0	0.6666666666666666
98400	286	0	5	0.7075	212.0	1060.0	0.3333333333333333
98401	152	0	5	0.3725	110.6	553.0	0.3333333333333333
98402	10	0	5	0.0175	8.0	40.0	0.0
98403	278	0	5	0.6875	264.0	1320.0	0.3333333333333333
98404	6	0	5	0.0075	4.0	20.0	0.0
98405	322	0	5	0.7975	100.8	504.0	0.6666666666666666
98406	181	1	4	0.45	132.6	663.0	1.0
98407	149	0	5	0.365	60.8	304.0	0.3333333333333333
98408	282	0	5	0.6975	176.2	881.0	0.3333333333333333
98409	272	0	5	0.6725	227.6	1138.0	0.3333333333333333
98410	99	0	5	0.24	95.2	476.0	0.3333333333333333
98411	242	0	5	0.5975	177.8	889.0	0.3333333333333333
98412	235	0	5	0.58	227.0	1135.0	0.0
98413	252	0	5	0.6225	152.8	764.0	0.0
98414	387	0	5	0.96	263.6	1318.0	0.6666666666666666
98415	134	0	5	0.3275	61.2	306.0	0.3333333333333333
98416	202	0	5	0.4975	122.0	610.0	0.3333333333333333
98417	186	0	5	0.4575	117.6	588.0	0.6666666666666666
98418	286	1	4	0.7125	172.8	864.0	1.0
98419	335	0	5	0.83	128.2	641.0	0.3333333333333333
98420	109	0	5	0.265	105.8	529.0	0.0
98421	29	0	5	0.065	27.0	135.0	0.0
98422	232	0	5	0.5725	101.6	508.0	0.3333333333333333
98423	113	0	5	0.275	106.4	532.0	0.3333333333333333
98424	375	0	5	0.93	146.4	732.0	0.6666666666666666
98425	341	0	5	0.845	157.6	788.0	0.6666666666666666
98426	24	0	5	0.0525	22.0	110.0	0.0
98427	329	1	4	0.82	234.4	1172.0	1.0
98428	251	0	5	0.62	83.2	416.0	0.6666666666666666
98429	92	0	5	0.2225	46.8	234.0	0.3333333333333333
98430	297	0	5	0.735	206.2	1031.0	0.3333333333333333
98431	152	0	5	0.3725	90.2	451.0	0.3333333333333333
98432	99	0	5	0.24	97.0	485.0	0.0
98433	52	0	5	0.1225	50.0	250.0	0.0
98434	151	0	5	0.37	110.4	552.0	0.3333333333333333
98435	140	1	4	0.3475	34.0	170.0	1.0
98436	5	0	5	0.005	3.0	15.0	0.0
98437	6	0	5	0.0075	4.0	20.0	0.0
98438	120	0	5	0.2925	108.8	544.0	0.0
98439	390	0	5	0.9675	205.4	1027.0	0.6666666666666666
98440	306	1	4	0.7625	216.4	1082.0	1.0
98441	175	0	5	0.43	139.0	695.0	0.3333333333333333
98442	378	0	5	0.9375	121.8	609.0	0.6666666666666666
98443	116	0	5	0.2825	76.4	382.0	0.3333333333333333
98444	110	0	5	0.2675	84.0	420.0	0.0
98445	104	0	5	0.2525	89.6	448.0	0.0
98446	11	0	5	0.02	9.0	45.0	0.0
98447	203	0	5	0.5	137.8	689.0	0.6666666666666666
98448	337	0	5	0.835	157.4	787.0	0.6666666666666666
98449	296	0	5	0.7325	196.4	982.0	0.6666666666666666
98450	217	0	5	0.535	99.2	496.0	0.3333333333333333
98451	142	0	5	0.3475	77.6	388.0	0.0
98452	353	0	5	0.875	166.6	833.0	0.6666666666666666
98453	57	0	5	0.135	49.2	246.0	0.0
98454	282	0	5	0.6975	210.6	1053.0	0.3333333333333333
98455	263	0	5	0.65	182.6	913.0	0.3333333333333333
98456	149	0	5	0.365	80.0	400.0	0.3333333333333333
98457	81	0	5	0.195	59.8	299.0	0.3333333333333333
98458	132	0	5	0.3225	83.6	418.0	0.3333333333333333
98459	102	0	5	0.2475	84.8	424.0	0.0
98460	192	0	5	0.4725	178.0	890.0	0.3333333333333333
98461	143	0	5	0.35	63.6	318.0	0.0
98462	188	0	5	0.4625	132.8	664.0	0.3333333333333333
98463	238	0	5	0.5875	218.0	1090.0	0.6666666666666666
98464	279	0	5	0.69	96.6	483.0	0.3333333333333333
98465	298	0	5	0.7375	135.2	676.0	0.6666666666666666
98466	36	0	5	0.0825	34.0	170.0	0.0
98467	256	0	5	0.6325	154.0	770.0	0.6666666666666666
98468	296	0	5	0.7325	85.4	427.0	0.6666666666666666
98469	31	0	5	0.07	25.0	125.0	0.0
98470	197	0	5	0.485	79.8	399.0	0.0
98471	352	0	5	0.8725	269.0	1345.0	0.6666666666666666
98472	115	0	5	0.28	76.2	381.0	0.3333333333333333
98473	186	0	5	0.4575	153.8	769.0	0.3333333333333333
98474	229	0	5	0.565	190.2	951.0	0.3333333333333333
98475	257	0	5	0.635	243.8	1219.0	0.3333333333333333
98476	32	0	5	0.0725	30.0	150.0	0.0
98477	254	0	5	0.6275	85.4	427.0	0.6666666666666666
98478	44	0	5	0.1025	32.4	162.0	0.3333333333333333
98479	265	0	5	0.655	116.6	583.0	0.6666666666666666
98480	182	0	5	0.4475	60.8	304.0	0.6666666666666666
98481	26	0	5	0.0575	24.0	120.0	0.0
98482	377	0	5	0.935	192.8	964.0	0.6666666666666666
98483	28	0	5	0.0625	26.0	130.0	0.0
98484	91	0	5	0.22	57.4	287.0	0.0
98485	254	0	5	0.6275	201.6	1008.0	0.3333333333333333
98486	95	0	5	0.23	35.8	179.0	0.3333333333333333
98487	306	0	5	0.7575	104.6	523.0	0.3333333333333333
98488	185	0	5	0.455	182.2	911.0	0.3333333333333333
98489	300	0	5	0.7425	278.0	1390.0	0.6666666666666666
98490	254	0	5	0.6275	121.2	606.0	0.6666666666666666
98491	368	0	5	0.9125	168.6	843.0	0.6666666666666666
98492	262	0	5	0.6475	143.0	715.0	0.3333333333333333
98493	179	0	5	0.44	144.6	723.0	0.3333333333333333
98494	132	0	5	0.3225	127.4	637.0	0.3333333333333333
98495	208	0	5	0.5125	163.4	817.0	0.3333333333333333
98496	126	0	5	0.3075	107.2	536.0	0.6666666666666666
98497	338	0	5	0.8375	205.6	1028.0	0.0
98498	52	0	5	0.1225	47.4	237.0	0.3333333333333333
98499	149	0	5	0.365	136.6	683.0	0.6666666666666666
98500	262	0	5	0.6475	154.4	772.0	0.3333333333333333
98501	45	0	5	0.105	43.0	215.0	0.0
98502	287	1	4	0.715	110.6	553.0	1.0
98503	339	0	5	0.84	318.6	1593.0	0.0
98504	287	0	5	0.71	193.0	965.0	0.6666666666666666
98505	348	0	5	0.8625	132.0	660.0	0.3333333333333333
98506	301	0	5	0.745	166.0	830.0	0.3333333333333333
98507	302	0	5	0.7475	172.6	863.0	0.6666666666666666
98508	164	0	5	0.4025	136.2	681.0	0.3333333333333333
98509	207	0	5	0.51	197.2	986.0	0.0
98510	155	1	4	0.385	95.2	476.0	1.0
98511	45	0	5	0.105	36.6	183.0	0.3333333333333333
98512	67	0	5	0.16	55.4	277.0	0.6666666666666666
98513	360	0	5	0.8925	135.4	677.0	0.6666666666666666
98514	270	0	5	0.6675	225.8	1129.0	0.3333333333333333
98515	57	0	5	0.135	55.0	275.0	0.0
98516	189	0	5	0.465	99.4	497.0	0.3333333333333333
98517	220	0	5	0.5425	213.2	1066.0	0.0
98518	355	0	5	0.88	251.0	1255.0	0.6666666666666666
98519	173	0	5	0.425	127.2	636.0	0.3333333333333333
98520	203	0	5	0.5	186.2	931.0	0.3333333333333333
98521	280	0	5	0.6925	169.4	847.0	0.3333333333333333
98522	32	0	5	0.0725	29.0	145.0	0.3333333333333333
98523	206	0	5	0.5075	128.2	641.0	0.6666666666666666
98524	124	0	5	0.3025	71.6	358.0	0.3333333333333333
98525	36	0	5	0.0825	34.0	170.0	0.0
98526	92	0	5	0.2225	69.6	348.0	0.3333333333333333
98527	112	0	5	0.2725	76.8	384.0	0.3333333333333333
98528	153	0	5	0.375	103.4	517.0	0.3333333333333333
98529	363	0	5	0.9	190.2	951.0	0.6666666666666666
98530	341	0	5	0.845	118.4	592.0	0.3333333333333333
98531	385	0	5	0.955	191.0	955.0	0.3333333333333333
98532	52	0	5	0.1225	50.0	250.0	0.3333333333333333
98533	26	0	5	0.0575	24.0	120.0	0.0
98534	231	0	5	0.57	155.6	778.0	0.6666666666666666
98535	193	0	5	0.475	135.8	679.0	0.6666666666666666
98536	374	0	5	0.9275	159.4	797.0	0.6666666666666666
98537	335	0	5	0.83	195.2	976.0	0.6666666666666666
98538	297	0	5	0.735	98.0	490.0	0.3333333333333333
98539	336	0	5	0.8325	166.8	834.0	0.3333333333333333
98540	14	0	5	0.0275	12.0	60.0	0.0
98541	291	0	5	0.72	64.2	321.0	0.3333333333333333
98542	300	0	5	0.7425	191.0	955.0	0.6666666666666666
98543	191	0	5	0.47	155.0	775.0	0.3333333333333333
98544	366	0	5	0.9075	242.6	1213.0	0.6666666666666666
98545	286	0	5	0.7075	111.4	557.0	0.6666666666666666
98546	339	0	5	0.84	275.0	1375.0	0.6666666666666666
98547	201	0	5	0.495	161.8	809.0	0.3333333333333333
98548	232	0	5	0.5725	112.4	562.0	0.3333333333333333
98549	187	0	5	0.46	90.6	453.0	0.3333333333333333
98550	56	0	5	0.1325	52.8	264.0	0.0
98551	226	0	5	0.5575	207.4	1037.0	0.0
98552	368	1	4	0.9175	244.8	1224.0	1.0
98553	241	0	5	0.595	118.4	592.0	0.3333333333333333
98554	325	0	5	0.805	164.4	822.0	0.6666666666666666
98555	236	0	5	0.5825	96.8	484.0	0.6666666666666666
98556	272	0	5	0.6725	153.2	766.0	0.6666666666666666
98557	161	0	5	0.395	153.2	766.0	0.3333333333333333
98558	283	0	5	0.7	81.8	409.0	0.3333333333333333
98559	313	0	5	0.775	131.4	657.0	0.3333333333333333
98560	235	0	5	0.58	114.2	571.0	0.6666666666666666
98561	308	0	5	0.7625	198.8	994.0	0.3333333333333333
98562	246	0	5	0.6075	160.8	804.0	0.0
98563	179	0	5	0.44	49.8	249.0	0.3333333333333333
98564	25	0	5	0.055	17.0	85.0	0.3333333333333333
98565	366	0	5	0.9075	239.6	1198.0	0.6666666666666666
98566	215	0	5	0.53	157.8	789.0	0.0
98567	242	0	5	0.5975	176.8	884.0	0.6666666666666666
98568	336	0	5	0.8325	142.6	713.0	0.3333333333333333
98569	76	0	5	0.1825	48.0	240.0	0.3333333333333333
98570	175	0	5	0.43	67.6	338.0	0.6666666666666666
98571	242	0	5	0.5975	182.8	914.0	0.3333333333333333
98572	170	0	5	0.4175	92.0	460.0	0.3333333333333333
98573	181	0	5	0.445	70.8	354.0	0.6666666666666666
98574	248	0	5	0.6125	53.2	266.0	0.3333333333333333
98575	336	1	4	0.8375	167.4	837.0	1.0
98576	128	0	5	0.3125	36.4	182.0	0.3333333333333333
98577	110	0	5	0.2675	108.0	540.0	0.0
98578	240	0	5	0.5925	175.2	876.0	0.3333333333333333
98579	138	0	5	0.3375	40.4	202.0	0.3333333333333333
98580	71	0	5	0.17	69.0	345.0	0.0
98581	227	0	5	0.56	167.0	835.0	0.6666666666666666
98582	239	0	5	0.59	164.6	823.0	0.6666666666666666
98583	218	0	5	0.5375	73.2	366.0	0.0
98584	194	0	5	0.4775	179.2	896.0	0.3333333333333333
98585	351	0	5	0.87	106.6	533.0	0.3333333333333333
98586	241	0	5	0.595	157.4	787.0	0.6666666666666666
98587	393	0	5	0.975	112.4	562.0	0.6666666666666666
98588	125	0	5	0.305	92.2	461.0	0.0
98589	282	0	5	0.6975	181.2	906.0	0.3333333333333333
98590	276	0	5	0.6825	250.4	1252.0	0.6666666666666666
98591	174	0	5	0.4275	80.8	404.0	0.0
98592	394	0	5	0.9775	258.8	1294.0	0.6666666666666666
98593	303	0	5	0.75	209.0	1045.0	0.3333333333333333
98594	334	1	4	0.8325	122.4	612.0	1.0
98595	328	0	5	0.8125	113.2	566.0	0.6666666666666666
98596	280	0	5	0.6925	224.4	1122.0	0.3333333333333333
98597	143	0	5	0.35	74.4	372.0	0.3333333333333333
98598	275	0	5	0.68	89.8	449.0	0.3333333333333333
98599	398	0	5	0.9875	204.0	1020.0	0.6666666666666666
98600	47	0	5	0.11	38.0	190.0	0.3333333333333333
98601	199	0	5	0.49	97.4	487.0	0.3333333333333333
98602	109	0	5	0.265	65.0	325.0	0.3333333333333333
98603	128	0	5	0.3125	102.4	512.0	0.0
98604	102	0	5	0.2475	100.0	500.0	0.0
98605	191	0	5	0.47	128.8	644.0	0.3333333333333333
98606	165	0	5	0.405	116.8	584.0	0.3333333333333333
98607	119	0	5	0.29	117.0	585.0	0.0
98608	171	0	5	0.42	82.6	413.0	0.0
98609	106	0	5	0.2575	104.0	520.0	0.0
98610	155	0	5	0.38	76.4	382.0	0.6666666666666666
98611	33	0	5	0.075	20.6	103.0	0.3333333333333333
98612	138	0	5	0.3375	136.0	680.0	0.3333333333333333
98613	286	1	4	0.7125	212.4	1062.0	1.0
98614	219	0	5	0.54	193.0	965.0	0.0
98615	351	0	5	0.87	258.4	1292.0	0.3333333333333333
98616	154	0	5	0.3775	152.0	760.0	0.0
98617	257	0	5	0.635	162.4	812.0	0.6666666666666666
98618	238	0	5	0.5875	140.0	700.0	0.3333333333333333
98619	247	0	5	0.61	240.6	1203.0	0.3333333333333333
98620	283	0	5	0.7	187.0	935.0	0.3333333333333333
98621	329	0	5	0.815	159.6	798.0	0.6666666666666666
98622	149	0	5	0.365	147.0	735.0	0.0
98623	148	0	5	0.3625	109.6	548.0	0.0
98624	46	0	5	0.1075	44.0	220.0	0.0
98625	277	0	5	0.685	99.4	497.0	0.6666666666666666
98626	228	0	5	0.5625	211.8	1059.0	0.3333333333333333
98627	81	0	5	0.195	18.2	91.0	0.3333333333333333
98628	293	0	5	0.725	155.8	779.0	0.3333333333333333
98629	309	0	5	0.765	248.2	1241.0	0.3333333333333333
98630	259	0	5	0.64	179.0	895.0	0.0
98631	105	0	5	0.255	81.4	407.0	0.0
98632	218	0	5	0.5375	88.2	441.0	0.6666666666666666
98633	101	0	5	0.245	99.0	495.0	0.0
98634	176	0	5	0.4325	136.6	683.0	0.6666666666666666
98635	228	0	5	0.5625	177.0	885.0	0.6666666666666666
98636	24	0	5	0.0525	22.0	110.0	0.0
98637	107	0	5	0.26	39.4	197.0	0.3333333333333333
98638	365	0	5	0.905	284.4	1422.0	0.3333333333333333
98639	259	0	5	0.64	193.4	967.0	0.3333333333333333
98640	34	0	5	0.0775	26.8	134.0	0.0
98641	380	1	4	0.9475	299.2	1496.0	1.0
98642	361	0	5	0.895	146.2	731.0	0.3333333333333333
98643	158	0	5	0.3875	156.0	780.0	0.0
98644	229	0	5	0.565	210.6	1053.0	0.0
98645	73	0	5	0.175	58.2	291.0	0.3333333333333333
98646	244	0	5	0.6025	75.0	375.0	0.6666666666666666
98647	12	0	5	0.0225	10.0	50.0	0.0
98648	150	0	5	0.3675	98.8	494.0	0.3333333333333333
98649	9	0	5	0.015	7.0	35.0	0.0
98650	31	0	5	0.07	25.0	125.0	0.3333333333333333
98651	23	0	5	0.05	21.0	105.0	0.0
98652	15	0	5	0.03	8.2	41.0	0.3333333333333333
98653	41	0	5	0.095	39.0	195.0	0.0
98654	86	0	5	0.2075	36.6	183.0	0.3333333333333333
98655	66	0	5	0.1575	62.4	312.0	0.3333333333333333
98656	325	0	5	0.805	287.6	1438.0	0.6666666666666666
98657	164	0	5	0.4025	72.6	363.0	0.6666666666666666
98658	338	0	5	0.8375	233.6	1168.0	0.3333333333333333
98659	176	0	5	0.4325	114.6	573.0	0.3333333333333333
98660	111	0	5	0.27	63.4	317.0	0.3333333333333333
98661	348	1	4	0.8675	87.2	436.0	1.0
98662	214	0	5	0.5275	166.8	834.0	0.3333333333333333
98663	128	0	5	0.3125	94.0	470.0	0.3333333333333333
98664	106	0	5	0.2575	63.2	316.0	0.6666666666666666
98665	221	0	5	0.545	167.0	835.0	0.3333333333333333
98666	266	0	5	0.6575	181.4	907.0	0.3333333333333333
98667	181	0	5	0.445	58.2	291.0	0.3333333333333333
98668	284	0	5	0.7025	125.2	626.0	0.3333333333333333
98669	12	0	5	0.0225	10.0	50.0	0.0
98670	261	0	5	0.645	180.8	904.0	0.0
98671	234	1	4	0.5825	148.2	741.0	1.0
98672	227	0	5	0.56	181.8	909.0	0.3333333333333333
98673	93	0	5	0.225	37.4	187.0	0.3333333333333333
98674	215	0	5	0.53	176.4	882.0	0.3333333333333333
98675	271	0	5	0.67	118.6	593.0	0.3333333333333333
98676	279	0	5	0.69	244.6	1223.0	0.3333333333333333
98677	15	0	5	0.03	13.0	65.0	0.0
98678	349	0	5	0.865	268.2	1341.0	0.3333333333333333
98679	207	0	5	0.51	140.4	702.0	0.3333333333333333
98680	294	0	5	0.7275	78.0	390.0	0.6666666666666666
98681	301	0	5	0.745	176.4	882.0	0.3333333333333333
98682	141	0	5	0.345	77.4	387.0	0.3333333333333333
98683	100	0	5	0.2425	70.0	350.0	0.3333333333333333
98684	387	0	5	0.96	292.2	1461.0	0.6666666666666666
98685	169	0	5	0.415	79.4	397.0	0.6666666666666666
98686	108	0	5	0.2625	106.0	530.0	0.0
98687	68	0	5	0.1625	66.0	330.0	0.0
98688	71	0	5	0.17	37.4	187.0	0.3333333333333333
98689	128	0	5	0.3125	63.6	318.0	0.0
98690	87	0	5	0.21	68.2	341.0	0.3333333333333333
98691	320	1	4	0.7975	75.2	376.0	1.0
98692	127	0	5	0.31	70.4	352.0	0.3333333333333333
98693	83	0	5	0.2	81.0	405.0	0.0
98694	304	0	5	0.7525	234.2	1171.0	0.3333333333333333
98695	298	0	5	0.7375	249.6	1248.0	0.0
98696	171	0	5	0.42	98.6	493.0	0.0
98697	267	1	4	0.665	81.4	407.0	1.0
98698	45	0	5	0.105	43.0	215.0	0.0
98699	178	0	5	0.4375	142.2	711.0	0.3333333333333333
98700	12	0	5	0.0225	10.0	50.0	0.0
98701	162	0	5	0.3975	146.4	732.0	0.0
98702	159	1	4	0.395	139.0	695.0	1.0
98703	214	0	5	0.5275	121.8	609.0	0.3333333333333333
98704	331	0	5	0.82	181.8	909.0	0.6666666666666666
98705	181	0	5	0.445	144.2	721.0	0.3333333333333333
98706	174	0	5	0.4275	130.4	652.0	0.3333333333333333
98707	189	0	5	0.465	65.2	326.0	0.3333333333333333
98708	85	0	5	0.205	68.2	341.0	0.3333333333333333
98709	366	0	5	0.9075	283.2	1416.0	0.3333333333333333
98710	400	1	4	0.9975	326.8	1634.0	1.0
98711	335	0	5	0.83	127.4	637.0	0.6666666666666666
98712	118	0	5	0.2875	75.4	377.0	0.3333333333333333
98713	313	0	5	0.775	156.6	783.0	0.6666666666666666
98714	143	0	5	0.35	69.8	349.0	0.3333333333333333
98715	372	0	5	0.9225	136.6	683.0	0.6666666666666666
98716	96	0	5	0.2325	39.4	197.0	0.0
98717	276	0	5	0.6825	133.4	667.0	0.6666666666666666
98718	267	0	5	0.66	219.8	1099.0	0.6666666666666666
98719	130	0	5	0.3175	125.6	628.0	0.3333333333333333
98720	17	0	5	0.035	15.0	75.0	0.0
98721	125	0	5	0.305	59.8	299.0	0.0
98722	121	0	5	0.295	102.2	511.0	0.3333333333333333
98723	386	0	5	0.9575	159.6	798.0	0.6666666666666666
98724	106	0	5	0.2575	70.4	352.0	0.3333333333333333
98725	97	0	5	0.235	42.2	211.0	0.3333333333333333
98726	167	0	5	0.41	137.0	685.0	0.6666666666666666
98727	108	0	5	0.2625	51.4	257.0	0.3333333333333333
98728	324	0	5	0.8025	200.8	1004.0	0.6666666666666666
98729	180	0	5	0.4425	140.0	700.0	0.6666666666666666
98730	99	0	5	0.24	54.2	271.0	0.3333333333333333
98731	263	1	4	0.655	109.2	546.0	1.0
98732	139	0	5	0.34	92.4	462.0	0.6666666666666666
98733	116	0	5	0.2825	70.0	350.0	0.3333333333333333
98734	45	0	5	0.105	43.0	215.0	0.0
98735	303	0	5	0.75	167.2	836.0	0.3333333333333333
98736	327	0	5	0.81	197.6	988.0	0.3333333333333333
98737	316	0	5	0.7825	144.2	721.0	0.6666666666666666
98738	341	0	5	0.845	142.0	710.0	0.6666666666666666
98739	305	0	5	0.755	135.0	675.0	0.6666666666666666
98740	58	0	5	0.1375	53.2	266.0	0.0
98741	361	0	5	0.895	126.0	630.0	0.6666666666666666
98742	341	0	5	0.845	215.0	1075.0	0.0
98743	297	0	5	0.735	86.8	434.0	0.6666666666666666
98744	263	0	5	0.65	196.6	983.0	0.3333333333333333
98745	290	0	5	0.7175	165.8	829.0	0.3333333333333333
98746	306	0	5	0.7575	97.6	488.0	0.3333333333333333
98747	290	1	4	0.7225	184.8	924.0	1.0
98748	295	0	5	0.73	180.6	903.0	0.6666666666666666
98749	145	0	5	0.355	100.2	501.0	0.0
98750	202	0	5	0.4975	114.4	572.0	0.6666666666666666
98751	237	0	5	0.585	155.2	776.0	0.6666666666666666
98752	179	0	5	0.44	55.4	277.0	0.3333333333333333
98753	315	1	4	0.785	262.6	1313.0	1.0
98754	64	0	5	0.1525	30.8	154.0	0.6666666666666666
98755	174	0	5	0.4275	112.0	560.0	0.3333333333333333
98756	119	0	5	0.29	117.0	585.0	0.0
98757	231	0	5	0.57	117.8	589.0	0.3333333333333333
98758	368	0	5	0.9125	116.6	583.0	0.3333333333333333
98759	318	0	5	0.7875	161.2	806.0	0.6666666666666666
98760	222	0	5	0.5475	135.4	677.0	0.6666666666666666
98761	181	0	5	0.445	95.0	475.0	0.6666666666666666
98762	158	0	5	0.3875	152.0	760.0	0.0
98763	369	0	5	0.915	101.6	508.0	0.6666666666666666
98764	144	0	5	0.3525	140.4	702.0	0.0
98765	159	0	5	0.39	117.0	585.0	0.3333333333333333
98766	141	0	5	0.345	127.4	637.0	0.0
98767	214	0	5	0.5275	135.8	679.0	0.3333333333333333
98768	181	1	4	0.45	110.6	553.0	1.0
98769	123	0	5	0.3	25.8	129.0	0.3333333333333333
98770	7	0	5	0.01	5.0	25.0	0.0
98771	86	0	5	0.2075	84.0	420.0	0.0
98772	351	0	5	0.87	184.4	922.0	0.6666666666666666
98773	70	0	5	0.1675	68.0	340.0	0.0
98774	29	0	5	0.065	27.0	135.0	0.0
98775	334	1	4	0.8325	89.6	448.0	1.0
98776	383	0	5	0.95	90.8	454.0	0.6666666666666666
98777	294	0	5	0.7275	149.0	745.0	0.6666666666666666
98778	141	0	5	0.345	88.4	442.0	0.0
98779	382	0	5	0.9475	197.8	989.0	0.3333333333333333
98780	334	0	5	0.8275	189.6	948.0	0.6666666666666666
98781	86	0	5	0.2075	82.2	411.0	0.0
98782	160	0	5	0.3925	157.2	786.0	0.3333333333333333
98783	46	0	5	0.1075	44.0	220.0	0.0
98784	343	0	5	0.85	128.6	643.0	0.3333333333333333
98785	196	0	5	0.4825	118.0	590.0	0.0
98786	96	0	5	0.2325	73.0	365.0	0.3333333333333333
98787	180	0	5	0.4425	129.8	649.0	0.3333333333333333
98788	367	0	5	0.91	125.0	625.0	0.6666666666666666
98789	259	0	5	0.64	184.6	923.0	0.6666666666666666
98790	78	0	5	0.1875	76.0	380.0	0.0
98791	111	0	5	0.27	89.2	446.0	0.3333333333333333
98792	400	0	5	0.9925	132.2	661.0	0.6666666666666666
98793	46	0	5	0.1075	35.6	178.0	0.0
98794	381	1	4	0.95	236.0	1180.0	1.0
98795	48	0	5	0.1125	38.8	194.0	0.3333333333333333
98796	72	0	5	0.1725	70.0	350.0	0.0
98797	153	1	3	0.38	82.8	414.0	1.0
98798	328	0	5	0.8125	152.2	761.0	0.3333333333333333
98799	152	0	5	0.3725	150.0	750.0	0.0
98800	5	0	5	0.005	3.0	15.0	0.0
98801	324	0	5	0.8025	213.4	1067.0	0.6666666666666666
98802	203	0	5	0.5	45.8	229.0	0.3333333333333333
98803	384	0	5	0.9525	168.0	840.0	0.3333333333333333
98804	109	0	5	0.265	107.0	535.0	0.0
98805	293	0	5	0.725	238.0	1190.0	0.6666666666666666
98806	167	0	5	0.41	87.0	435.0	0.3333333333333333
98807	330	0	5	0.8175	152.8	764.0	0.6666666666666666
98808	57	0	5	0.135	55.0	275.0	0.0
98809	153	1	4	0.38	144.2	721.0	1.0
98810	336	0	5	0.8325	98.8	494.0	0.3333333333333333
98811	156	0	5	0.3825	126.8	634.0	0.3333333333333333
98812	247	1	4	0.615	159.6	798.0	1.0
98813	367	0	5	0.91	136.2	681.0	0.6666666666666666
98814	256	0	5	0.6325	226.2	1131.0	0.3333333333333333
98815	220	0	5	0.5425	78.4	392.0	0.6666666666666666
98816	380	0	5	0.9425	256.4	1282.0	0.6666666666666666
98817	165	0	5	0.405	154.2	771.0	0.3333333333333333
98818	286	0	5	0.7075	78.2	391.0	0.3333333333333333
98819	78	0	5	0.1875	52.8	264.0	0.0
98820	280	0	5	0.6925	278.0	1390.0	0.3333333333333333
98821	401	0	4	0.9975	390.0	1950.0	0.6666666666666666
98822	236	0	5	0.5825	221.2	1106.0	0.3333333333333333
98823	355	0	5	0.88	190.4	952.0	0.6666666666666666
98824	142	0	5	0.3475	129.6	648.0	0.3333333333333333
98825	275	0	5	0.68	262.8	1314.0	0.3333333333333333
98826	202	0	5	0.4975	132.8	664.0	0.3333333333333333
98827	148	0	5	0.3625	110.8	554.0	0.0
98828	192	0	5	0.4725	82.8	414.0	0.3333333333333333
98829	399	0	5	0.99	216.2	1081.0	0.6666666666666666
98830	366	1	4	0.9125	191.2	956.0	1.0
98831	163	1	4	0.405	71.0	355.0	1.0
98832	115	0	5	0.28	70.6	353.0	0.6666666666666666
98833	396	1	4	0.9875	140.8	704.0	1.0
98834	400	0	5	0.9925	100.4	502.0	0.6666666666666666
98835	103	0	5	0.25	101.0	505.0	0.0
98836	144	1	4	0.3575	55.2	276.0	1.0
98837	85	0	5	0.205	54.8	274.0	0.3333333333333333
98838	279	0	5	0.69	154.6	773.0	0.3333333333333333
98839	189	0	5	0.465	142.2	711.0	0.0
98840	395	0	5	0.98	127.0	635.0	0.6666666666666666
98841	291	0	5	0.72	113.8	569.0	0.3333333333333333
98842	317	1	4	0.79	129.8	649.0	1.0
98843	129	0	5	0.315	72.4	362.0	0.3333333333333333
98844	217	0	5	0.535	146.2	731.0	0.3333333333333333
98845	337	0	5	0.835	145.8	729.0	0.3333333333333333
98846	37	0	5	0.085	35.0	175.0	0.0
98847	69	0	5	0.165	67.0	335.0	0.0
98848	194	0	5	0.4775	161.0	805.0	0.0
98849	286	0	5	0.7075	269.6	1348.0	0.3333333333333333
98850	45	0	5	0.105	43.0	215.0	0.0
98851	4	0	5	0.0025	2.0	10.0	0.0
98852	107	0	5	0.26	105.0	525.0	0.0
98853	264	0	5	0.6525	232.8	1164.0	0.6666666666666666
98854	318	0	5	0.7875	71.8	359.0	0.6666666666666666
98855	274	0	5	0.6775	167.6	838.0	0.3333333333333333
98856	218	1	4	0.5425	117.6	588.0	1.0
98857	274	0	5	0.6775	96.8	484.0	0.6666666666666666
98858	39	0	5	0.09	25.0	125.0	0.0
98859	313	0	5	0.775	219.8	1099.0	0.3333333333333333
98860	381	0	5	0.945	275.6	1378.0	0.6666666666666666
98861	76	0	5	0.1825	58.0	290.0	0.3333333333333333
98862	294	0	5	0.7275	165.0	825.0	0.6666666666666666
98863	135	0	5	0.33	68.6	343.0	0.3333333333333333
98864	392	0	5	0.9725	172.8	864.0	0.6666666666666666
98865	370	0	5	0.9175	156.4	782.0	0.6666666666666666
98866	387	0	5	0.96	365.4	1827.0	0.3333333333333333
98867	140	0	5	0.3425	86.0	430.0	0.3333333333333333
98868	114	0	5	0.2775	111.2	556.0	0.3333333333333333
98869	220	0	5	0.5425	187.8	939.0	0.3333333333333333
98870	339	0	5	0.84	109.4	547.0	0.3333333333333333
98871	257	0	5	0.635	153.6	768.0	0.3333333333333333
98872	239	0	5	0.59	165.6	828.0	0.3333333333333333
98873	295	0	5	0.73	156.8	784.0	0.6666666666666666
98874	100	0	5	0.2425	46.0	230.0	0.3333333333333333
98875	119	0	5	0.29	59.4	297.0	0.3333333333333333
98876	364	0	5	0.9025	104.6	523.0	0.3333333333333333
98877	171	0	5	0.42	89.0	445.0	0.3333333333333333
98878	17	0	5	0.035	15.0	75.0	0.0
98879	230	0	5	0.5675	118.4	592.0	0.6666666666666666
98880	264	0	5	0.6525	147.8	739.0	0.3333333333333333
98881	299	0	5	0.74	82.6	413.0	0.3333333333333333
98882	80	0	5	0.1925	50.8	254.0	0.0
98883	373	0	5	0.925	101.0	505.0	0.6666666666666666
98884	372	0	5	0.9225	299.6	1498.0	0.6666666666666666
98885	198	0	5	0.4875	160.0	800.0	0.0
98886	6	0	5	0.0075	4.0	20.0	0.0
98887	328	0	5	0.8125	209.4	1047.0	0.3333333333333333
98888	61	0	5	0.145	50.6	253.0	0.0
98889	200	0	5	0.4925	79.2	396.0	0.3333333333333333
98890	265	0	5	0.655	111.0	555.0	0.6666666666666666
98891	292	0	5	0.7225	121.6	608.0	0.3333333333333333
98892	346	0	5	0.8575	320.0	1600.0	0.6666666666666666
98893	380	0	5	0.9425	240.6	1203.0	0.6666666666666666
98894	279	0	5	0.69	229.0	1145.0	0.3333333333333333
98895	286	1	2	0.7125	173.6	868.0	1.0
98896	284	0	5	0.7025	270.8	1354.0	0.0
98897	152	0	5	0.3725	75.6	378.0	0.3333333333333333
98898	337	1	3	0.84	200.2	1001.0	1.0
98899	121	0	5	0.295	89.4	447.0	0.3333333333333333
98900	375	0	5	0.93	142.6	713.0	0.6666666666666666
98901	325	0	5	0.805	124.6	623.0	0.3333333333333333
98902	271	0	5	0.67	181.4	907.0	0.6666666666666666
98903	240	0	5	0.5925	98.8	494.0	0.6666666666666666
98904	228	0	5	0.5625	159.6	798.0	0.3333333333333333
98905	210	0	5	0.5175	102.4	512.0	0.3333333333333333
98906	359	0	5	0.89	210.6	1053.0	0.3333333333333333
98907	166	0	5	0.4075	120.0	600.0	0.3333333333333333
98908	221	1	4	0.55	103.0	515.0	1.0
98909	117	0	5	0.285	90.6	453.0	0.0
98910	158	0	5	0.3875	130.4	652.0	0.0
98911	189	0	5	0.465	75.0	375.0	0.6666666666666666
98912	245	0	5	0.605	220.0	1100.0	0.3333333333333333
98913	320	0	5	0.7925	134.4	672.0	0.3333333333333333
98914	259	0	5	0.64	144.6	723.0	0.6666666666666666
98915	276	0	5	0.6825	84.8	424.0	0.6666666666666666
98916	40	0	5	0.0925	38.0	190.0	0.0
98917	271	0	5	0.67	181.2	906.0	0.3333333333333333
98918	190	0	5	0.4675	102.2	511.0	0.3333333333333333
98919	308	0	5	0.7625	166.8	834.0	0.3333333333333333
98920	184	1	4	0.4575	39.2	196.0	1.0
98921	53	0	5	0.125	35.0	175.0	0.3333333333333333
98922	306	0	5	0.7575	122.0	610.0	0.6666666666666666
98923	387	0	5	0.96	150.8	754.0	0.6666666666666666
98924	81	0	5	0.195	54.2	271.0	0.3333333333333333
98925	334	0	5	0.8275	151.4	757.0	0.6666666666666666
98926	18	0	5	0.0375	16.0	80.0	0.0
98927	57	0	5	0.135	39.8	199.0	0.3333333333333333
98928	69	0	5	0.165	67.0	335.0	0.0
98929	42	0	5	0.0975	16.4	82.0	0.0
98930	376	0	5	0.9325	196.6	983.0	0.6666666666666666
98931	209	0	5	0.515	110.8	554.0	0.3333333333333333
98932	349	0	5	0.865	278.8	1394.0	0.6666666666666666
98933	224	0	5	0.5525	218.6	1093.0	0.3333333333333333
98934	322	1	4	0.8025	169.2	846.0	1.0
98935	182	0	5	0.4475	162.6	813.0	0.3333333333333333
98936	194	0	5	0.4775	147.6	738.0	0.3333333333333333
98937	260	1	3	0.6475	132.0	660.0	1.0
98938	58	0	5	0.1375	56.0	280.0	0.3333333333333333
98939	225	1	4	0.56	211.4	1057.0	1.0
98940	199	0	5	0.49	163.8	819.0	0.3333333333333333
98941	136	0	5	0.3325	129.6	648.0	0.0
98942	262	0	5	0.6475	171.4	857.0	0.6666666666666666
98943	184	0	5	0.4525	157.2	786.0	0.3333333333333333
98944	127	0	5	0.31	116.2	581.0	0.0
98945	231	0	5	0.57	160.2	801.0	0.3333333333333333
98946	230	0	5	0.5675	211.2	1056.0	0.3333333333333333
98947	294	0	5	0.7275	105.6	528.0	0.3333333333333333
98948	136	0	5	0.3325	95.6	478.0	0.3333333333333333
98949	197	0	5	0.485	82.8	414.0	0.3333333333333333
98950	363	0	5	0.9	133.0	665.0	0.6666666666666666
98951	346	0	5	0.8575	210.6	1053.0	0.3333333333333333
98952	130	0	5	0.3175	112.4	562.0	0.3333333333333333
98953	38	0	5	0.0875	36.0	180.0	0.0
98954	396	0	5	0.9825	233.2	1166.0	0.6666666666666666
98955	54	0	5	0.1275	52.0	260.0	0.0
98956	202	1	4	0.5025	132.2	661.0	1.0
98957	348	1	4	0.8675	86.8	434.0	1.0
98958	175	0	5	0.43	138.2	691.0	0.3333333333333333
98959	50	0	5	0.1175	48.0	240.0	0.0
98960	205	0	5	0.505	149.4	747.0	0.3333333333333333
98961	32	0	5	0.0725	30.0	150.0	0.0
98962	67	0	5	0.16	63.6	318.0	0.0
98963	293	0	5	0.725	235.8	1179.0	0.3333333333333333
98964	316	0	5	0.7825	200.0	1000.0	0.6666666666666666
98965	83	1	4	0.205	63.0	315.0	1.0
98966	180	0	5	0.4425	178.0	890.0	0.0
98967	372	0	5	0.9225	291.8	1459.0	0.6666666666666666
98968	91	0	5	0.22	89.0	445.0	0.0
98969	275	0	5	0.68	188.4	942.0	0.6666666666666666
98970	62	0	5	0.1475	48.0	240.0	0.0
98971	8	0	5	0.0125	6.0	30.0	0.0
98972	335	1	4	0.835	188.0	940.0	1.0
98973	307	0	5	0.76	132.8	664.0	0.3333333333333333
98974	252	0	5	0.6225	214.2	1071.0	0.0
98975	14	0	5	0.0275	12.0	60.0	0.0
98976	294	0	5	0.7275	181.0	905.0	0.6666666666666666
98977	127	0	5	0.31	88.2	441.0	0.3333333333333333
98978	64	0	5	0.1525	62.0	310.0	0.0
98979	75	0	5	0.18	32.8	164.0	0.0
98980	270	0	5	0.6675	88.4	442.0	0.6666666666666666
98981	17	0	5	0.035	12.8	64.0	0.3333333333333333
98982	176	0	5	0.4325	174.0	870.0	0.0
98983	389	0	5	0.965	170.6	853.0	0.6666666666666666
98984	241	0	5	0.595	218.2	1091.0	0.6666666666666666
98985	77	0	5	0.185	30.2	151.0	0.6666666666666666
98986	73	0	5	0.175	45.6	228.0	0.3333333333333333
98987	129	0	5	0.315	100.2	501.0	0.3333333333333333
98988	63	0	5	0.15	61.0	305.0	0.0
98989	122	0	5	0.2975	74.4	372.0	0.3333333333333333
98990	170	0	5	0.4175	109.6	548.0	0.0
98991	95	0	5	0.23	75.6	378.0	0.3333333333333333
98992	78	0	5	0.1875	74.0	370.0	0.0
98993	183	0	5	0.45	66.2	331.0	0.6666666666666666
98994	294	0	5	0.7275	96.0	480.0	0.6666666666666666
98995	54	0	5	0.1275	50.2	251.0	0.3333333333333333
98996	378	0	5	0.9375	187.2	936.0	0.6666666666666666
98997	298	0	5	0.7375	152.8	764.0	0.6666666666666666
98998	399	0	5	0.99	309.6	1548.0	0.6666666666666666
98999	339	1	4	0.845	326.6	1633.0	1.0
99000	52	0	5	0.1225	26.0	130.0	0.0
99001	399	0	5	0.99	328.8	1644.0	0.6666666666666666
99002	220	0	5	0.5425	103.6	518.0	0.6666666666666666
99003	366	0	5	0.9075	248.4	1242.0	0.6666666666666666
99004	169	0	5	0.415	100.0	500.0	0.6666666666666666
99005	380	0	5	0.9425	277.4	1387.0	0.6666666666666666
99006	268	0	5	0.6625	238.2	1191.0	0.3333333333333333
99007	290	0	5	0.7175	288.0	1440.0	0.3333333333333333
99008	132	0	5	0.3225	84.2	421.0	0.3333333333333333
99009	313	0	5	0.775	71.8	359.0	0.3333333333333333
99010	212	0	5	0.5225	160.8	804.0	0.0
99011	356	0	5	0.8825	83.6	418.0	0.6666666666666666
99012	124	0	5	0.3025	70.8	354.0	0.6666666666666666
99013	104	0	5	0.2525	88.4	442.0	0.0
99014	392	0	5	0.9725	264.6	1323.0	0.6666666666666666
99015	170	0	5	0.4175	106.8	534.0	0.0
99016	132	0	5	0.3225	130.0	650.0	0.0
99017	356	1	4	0.8875	222.2	1111.0	1.0
99018	181	1	4	0.45	115.0	575.0	1.0
99019	178	0	5	0.4375	97.2	486.0	0.6666666666666666
99020	203	0	5	0.5	101.8	509.0	0.6666666666666666
99021	339	0	5	0.84	152.4	762.0	0.3333333333333333
99022	272	1	4	0.6775	184.6	923.0	1.0
99023	277	0	5	0.685	146.4	732.0	0.6666666666666666
99024	36	0	5	0.0825	34.0	170.0	0.0
99025	125	0	5	0.305	116.6	583.0	0.0
99026	220	0	5	0.5425	146.0	730.0	0.6666666666666666
99027	153	0	5	0.375	134.2	671.0	0.0
99028	142	0	5	0.3475	140.0	700.0	0.0
99029	140	0	5	0.3425	133.6	668.0	0.6666666666666666
99030	102	0	5	0.2475	64.0	320.0	0.3333333333333333
99031	296	1	4	0.7375	141.6	708.0	1.0
99032	112	0	5	0.2725	110.0	550.0	0.0
99033	319	0	5	0.79	156.6	783.0	0.6666666666666666
99034	367	0	5	0.91	304.4	1522.0	0.3333333333333333
99035	103	0	5	0.25	44.0	220.0	0.0
99036	346	1	4	0.8625	199.4	997.0	1.0
99037	58	0	5	0.1375	56.0	280.0	0.0
99038	156	0	5	0.3825	149.0	745.0	0.3333333333333333
99039	119	0	5	0.29	81.4	407.0	0.6666666666666666
99040	335	0	5	0.83	246.0	1230.0	0.6666666666666666
99041	303	0	5	0.75	154.6	773.0	0.6666666666666666
99042	218	0	5	0.5375	180.0	900.0	0.6666666666666666
99043	303	0	5	0.75	186.0	930.0	0.3333333333333333
99044	309	0	5	0.765	169.4	847.0	0.3333333333333333
99045	389	1	4	0.97	231.8	1159.0	1.0
99046	61	0	5	0.145	42.2	211.0	0.0
99047	362	0	5	0.8975	285.8	1429.0	0.3333333333333333
99048	67	0	5	0.16	61.8	309.0	0.6666666666666666
99049	265	0	5	0.655	134.4	672.0	0.6666666666666666
99050	373	1	4	0.93	194.4	972.0	1.0
99051	392	0	5	0.9725	343.8	1719.0	0.3333333333333333
99052	353	0	5	0.875	206.6	1033.0	0.6666666666666666
99053	369	0	5	0.915	117.4	587.0	0.3333333333333333
99054	283	0	5	0.7	166.6	833.0	0.6666666666666666
99055	61	0	5	0.145	45.2	226.0	0.0
99056	129	0	5	0.315	80.6	403.0	0.0
99057	154	0	5	0.3775	72.4	362.0	0.3333333333333333
99058	91	0	5	0.22	74.2	371.0	0.3333333333333333
99059	72	0	5	0.1725	53.8	269.0	0.0
99060	232	0	5	0.5725	135.2	676.0	0.6666666666666666
99061	10	0	5	0.0175	8.0	40.0	0.0
99062	206	0	5	0.5075	82.4	412.0	0.3333333333333333
99063	311	0	5	0.77	68.2	341.0	0.3333333333333333
99064	315	0	5	0.78	132.6	663.0	0.3333333333333333
99065	145	0	5	0.355	105.0	525.0	0.3333333333333333
99066	326	1	4	0.8125	263.6	1318.0	1.0
99067	83	0	5	0.2	36.2	181.0	0.3333333333333333
99068	266	0	5	0.6575	151.8	759.0	0.6666666666666666
99069	211	0	5	0.52	168.6	843.0	0.6666666666666666
99070	182	0	5	0.4475	137.6	688.0	0.6666666666666666
99071	219	0	5	0.54	111.0	555.0	0.6666666666666666
99072	323	0	5	0.8	143.4	717.0	0.3333333333333333
99073	51	0	5	0.12	49.0	245.0	0.0
99074	145	0	5	0.355	124.2	621.0	0.0
99075	213	1	4	0.53	109.8	549.0	1.0
99076	143	0	5	0.35	141.0	705.0	0.0
99077	218	0	5	0.5375	130.0	650.0	0.6666666666666666
99078	210	0	5	0.5175	205.6	1028.0	0.0
99079	64	0	5	0.1525	62.0	310.0	0.0
99080	142	0	5	0.3475	94.8	474.0	0.3333333333333333
99081	291	0	5	0.72	178.6	893.0	0.6666666666666666
99082	346	0	5	0.8575	189.2	946.0	0.6666666666666666
99083	106	0	5	0.2575	99.4	497.0	0.0
99084	196	0	5	0.4825	74.2	371.0	0.6666666666666666
99085	232	0	5	0.5725	203.6	1018.0	0.0
99086	122	0	5	0.2975	36.0	180.0	0.0
99087	199	0	5	0.49	133.4	667.0	0.6666666666666666
99088	214	0	5	0.5275	85.2	426.0	0.6666666666666666
99089	287	0	5	0.71	133.4	667.0	0.6666666666666666
99090	351	0	5	0.87	117.6	588.0	0.3333333333333333
99091	224	0	5	0.5525	137.6	688.0	0.3333333333333333
99092	145	0	5	0.355	75.8	379.0	0.0
99093	201	0	5	0.495	119.2	596.0	0.0
99094	58	0	5	0.1375	37.4	187.0	0.3333333333333333
99095	348	0	5	0.8625	275.6	1378.0	0.3333333333333333
99096	73	0	5	0.175	71.0	355.0	0.0
99097	129	0	5	0.315	127.0	635.0	0.0
99098	323	0	5	0.8	122.4	612.0	0.3333333333333333
99099	143	0	5	0.35	141.0	705.0	0.0
99100	90	0	5	0.2175	88.0	440.0	0.0
99101	392	1	4	0.9775	210.2	1051.0	1.0
99102	325	0	5	0.805	200.6	1003.0	0.6666666666666666
99103	385	0	5	0.955	252.6	1263.0	0.3333333333333333
99104	303	0	5	0.75	129.8	649.0	0.6666666666666666
99105	267	0	5	0.66	173.4	867.0	0.6666666666666666
99106	67	0	5	0.16	42.2	211.0	0.3333333333333333
99107	307	0	5	0.76	223.4	1117.0	0.6666666666666666
99108	192	0	5	0.4725	113.2	566.0	0.6666666666666666
99109	141	0	5	0.345	123.0	615.0	0.0
99110	13	0	5	0.025	11.0	55.0	0.0
99111	304	0	5	0.7525	267.2	1336.0	0.3333333333333333
99112	394	0	5	0.9775	152.8	764.0	0.6666666666666666
99113	325	0	5	0.805	259.4	1297.0	0.6666666666666666
99114	6	0	5	0.0075	4.0	20.0	0.0
99115	2	0	5	0.0	0.0	0.0	0.0
99116	373	1	4	0.93	147.2	736.0	1.0
99117	238	1	4	0.5925	131.2	656.0	1.0
99118	144	0	5	0.3525	98.8	494.0	0.6666666666666666
99119	270	1	4	0.6725	164.0	820.0	1.0
99120	36	0	5	0.0825	34.0	170.0	0.0
99121	40	0	5	0.0925	38.0	190.0	0.0
99122	291	0	5	0.72	273.2	1366.0	0.0
99123	81	0	5	0.195	79.0	395.0	0.0
99124	256	1	4	0.6375	207.4	1037.0	1.0
99125	152	0	5	0.3725	98.0	490.0	0.6666666666666666
99126	219	0	5	0.54	153.8	769.0	0.3333333333333333
99127	302	1	4	0.7525	108.4	542.0	1.0
99128	354	0	5	0.8775	129.6	648.0	0.6666666666666666
99129	67	0	5	0.16	60.8	304.0	0.3333333333333333
99130	250	0	5	0.6175	223.8	1119.0	0.3333333333333333
99131	144	0	5	0.3525	107.2	536.0	0.3333333333333333
99132	343	0	5	0.85	123.4	617.0	0.6666666666666666
99133	198	0	5	0.4875	194.0	970.0	0.0
99134	245	0	5	0.605	71.4	357.0	0.0
99135	138	0	5	0.3375	46.6	233.0	0.6666666666666666
99136	114	0	5	0.2775	112.0	560.0	0.0
99137	194	0	5	0.4775	170.8	854.0	0.3333333333333333
99138	111	0	5	0.27	48.4	242.0	0.3333333333333333
99139	30	0	5	0.0675	23.4	117.0	0.0
99140	100	0	5	0.2425	45.2	226.0	0.0
99141	382	0	5	0.9475	284.4	1422.0	0.3333333333333333
99142	360	0	5	0.8925	190.4	952.0	0.6666666666666666
99143	149	0	5	0.365	38.8	194.0	0.6666666666666666
99144	124	0	5	0.3025	116.0	580.0	0.3333333333333333
99145	220	0	5	0.5425	195.2	976.0	0.6666666666666666
99146	102	0	5	0.2475	77.8	389.0	0.3333333333333333
99147	292	0	5	0.7225	148.0	740.0	0.0
99148	167	0	5	0.41	65.6	328.0	0.0
99149	114	0	5	0.2775	73.4	367.0	0.3333333333333333
99150	357	0	5	0.885	271.0	1355.0	0.6666666666666666
99151	387	0	5	0.96	225.4	1127.0	0.6666666666666666
99152	291	0	5	0.72	179.4	897.0	0.6666666666666666
99153	41	0	5	0.095	39.0	195.0	0.0
99154	130	0	5	0.3175	108.8	544.0	0.3333333333333333
99155	336	0	5	0.8325	192.8	964.0	0.6666666666666666
99156	51	0	5	0.12	28.6	143.0	0.3333333333333333
99157	10	0	5	0.0175	8.0	40.0	0.0
99158	48	0	5	0.1125	46.0	230.0	0.0
99159	208	0	5	0.5125	81.6	408.0	0.3333333333333333
99160	141	0	5	0.345	103.0	515.0	0.3333333333333333
99161	281	0	5	0.695	263.0	1315.0	0.3333333333333333
99162	172	1	4	0.4275	104.8	524.0	1.0
99163	396	0	5	0.9825	186.8	934.0	0.6666666666666666
99164	233	0	5	0.575	231.0	1155.0	0.3333333333333333
99165	78	0	5	0.1875	76.0	380.0	0.0
99166	90	0	5	0.2175	67.6	338.0	0.3333333333333333
99167	124	0	5	0.3025	89.2	446.0	0.0
99168	200	0	5	0.4925	160.2	801.0	0.6666666666666666
99169	396	0	5	0.9825	201.4	1007.0	0.6666666666666666
99170	142	1	4	0.3525	62.8	314.0	1.0
99171	75	0	5	0.18	41.2	206.0	0.0
99172	298	1	4	0.7425	184.6	923.0	1.0
99173	263	1	4	0.655	174.2	871.0	1.0
99174	266	0	5	0.6575	179.8	899.0	0.3333333333333333
99175	109	0	5	0.265	85.0	425.0	0.3333333333333333
99176	227	0	5	0.56	204.0	1020.0	0.3333333333333333
99177	161	0	5	0.395	99.8	499.0	0.3333333333333333
99178	36	0	5	0.0825	34.0	170.0	0.0
99179	222	0	5	0.5475	140.2	701.0	0.6666666666666666
99180	185	0	5	0.455	95.0	475.0	0.6666666666666666
99181	299	0	5	0.74	232.6	1163.0	0.6666666666666666
99182	206	0	5	0.5075	131.4	657.0	0.3333333333333333
99183	310	0	5	0.7675	210.2	1051.0	0.3333333333333333
99184	191	1	4	0.475	118.0	590.0	1.0
99185	286	0	5	0.7075	120.8	604.0	0.6666666666666666
99186	242	1	4	0.6025	154.2	771.0	1.0
99187	251	0	5	0.62	208.8	1044.0	0.6666666666666666
99188	24	0	5	0.0525	22.0	110.0	0.0
99189	156	0	5	0.3825	115.6	578.0	0.3333333333333333
99190	154	0	5	0.3775	77.0	385.0	0.3333333333333333
99191	200	0	5	0.4925	175.2	876.0	0.6666666666666666
99192	302	0	5	0.7475	190.4	952.0	0.6666666666666666
99193	303	0	5	0.75	112.6	563.0	0.6666666666666666
99194	265	1	4	0.66	168.2	841.0	1.0
99195	315	0	5	0.78	199.8	999.0	0.6666666666666666
99196	100	0	5	0.2425	39.6	198.0	0.3333333333333333
99197	231	0	5	0.57	120.4	602.0	0.0
99198	144	0	5	0.3525	104.2	521.0	0.0
99199	274	0	5	0.6775	88.4	442.0	0.6666666666666666
99200	158	0	5	0.3875	81.2	406.0	0.3333333333333333
99201	4	0	5	0.0025	2.0	10.0	0.0
99202	208	0	5	0.5125	120.4	602.0	0.3333333333333333
99203	269	0	5	0.665	163.0	815.0	0.3333333333333333
99204	366	0	5	0.9075	280.6	1403.0	0.6666666666666666
99205	100	0	5	0.2425	59.4	297.0	0.3333333333333333
99206	148	0	5	0.3625	143.2	716.0	0.0
99207	111	0	5	0.27	102.0	510.0	0.3333333333333333
99208	346	0	5	0.8575	297.2	1486.0	0.6666666666666666
99209	304	0	5	0.7525	102.8	514.0	0.6666666666666666
99210	216	0	5	0.5325	46.8	234.0	0.3333333333333333
99211	69	0	5	0.165	32.6	163.0	0.3333333333333333
99212	41	0	5	0.095	39.0	195.0	0.0
99213	400	0	5	0.9925	269.6	1348.0	0.6666666666666666
99214	7	0	5	0.01	5.0	25.0	0.0
99215	134	0	5	0.3275	110.8	554.0	0.3333333333333333
99216	313	0	5	0.775	190.4	952.0	0.3333333333333333
99217	309	0	5	0.765	219.2	1096.0	0.3333333333333333
99218	337	0	5	0.835	266.4	1332.0	0.6666666666666666
99219	180	0	5	0.4425	175.2	876.0	0.0
99220	127	0	5	0.31	125.0	625.0	0.0
99221	176	0	5	0.4325	127.2	636.0	0.0
99222	222	1	4	0.5525	168.4	842.0	1.0
99223	296	0	5	0.7325	151.8	759.0	0.6666666666666666
99224	39	0	5	0.09	31.8	159.0	0.3333333333333333
99225	377	0	5	0.935	244.6	1223.0	0.3333333333333333
99226	374	1	4	0.9325	235.4	1177.0	1.0
99227	396	0	5	0.9825	224.0	1120.0	0.6666666666666666
99228	244	1	4	0.6075	80.4	402.0	1.0
99229	324	1	3	0.8075	149.4	747.0	1.0
99230	165	0	5	0.405	108.2	541.0	0.3333333333333333
99231	258	0	5	0.6375	202.6	1013.0	0.6666666666666666
99232	104	0	5	0.2525	98.0	490.0	0.3333333333333333
99233	245	0	5	0.605	102.2	511.0	0.6666666666666666
99234	5	0	5	0.005	3.0	15.0	0.0
99235	102	0	5	0.2475	93.0	465.0	0.0
99236	367	0	5	0.91	283.6	1418.0	0.3333333333333333
99237	390	0	5	0.9675	170.4	852.0	0.6666666666666666
99238	44	0	5	0.1025	42.0	210.0	0.0
99239	15	0	5	0.03	13.0	65.0	0.0
99240	222	0	5	0.5475	220.0	1100.0	0.0
99241	198	0	5	0.4875	100.0	500.0	0.3333333333333333
99242	234	0	5	0.5775	173.2	866.0	0.3333333333333333
99243	285	0	5	0.705	88.6	443.0	0.3333333333333333
99244	89	0	5	0.215	77.0	385.0	0.6666666666666666
99245	179	1	4	0.445	146.6	733.0	1.0
99246	166	0	5	0.4075	104.6	523.0	0.0
99247	206	0	5	0.5075	122.4	612.0	0.6666666666666666
99248	6	0	5	0.0075	4.0	20.0	0.0
99249	385	1	4	0.96	122.6	613.0	1.0
99250	160	0	5	0.3925	154.0	770.0	0.0
99251	237	0	5	0.585	200.0	1000.0	0.3333333333333333
99252	109	0	5	0.265	73.4	367.0	0.3333333333333333
99253	363	0	5	0.9	301.8	1509.0	0.6666666666666666
99254	245	0	5	0.605	232.6	1163.0	0.3333333333333333
99255	339	0	5	0.84	171.0	855.0	0.6666666666666666
99256	216	0	5	0.5325	90.8	454.0	0.3333333333333333
99257	365	0	5	0.905	221.8	1109.0	0.6666666666666666
99258	85	0	5	0.205	62.0	310.0	0.3333333333333333
99259	350	0	5	0.8675	187.8	939.0	0.3333333333333333
99260	254	0	5	0.6275	120.4	602.0	0.3333333333333333
99261	213	0	5	0.525	114.0	570.0	0.0
99262	306	0	5	0.7575	275.4	1377.0	0.6666666666666666
99263	138	1	4	0.3425	79.8	399.0	1.0
99264	123	0	5	0.3	65.8	329.0	0.3333333333333333
99265	290	0	5	0.7175	135.6	678.0	0.3333333333333333
99266	55	0	5	0.13	21.8	109.0	0.3333333333333333
99267	319	0	5	0.79	182.4	912.0	0.6666666666666666
99268	265	0	5	0.655	112.6	563.0	0.6666666666666666
99269	214	0	5	0.5275	212.0	1060.0	0.0
99270	226	0	5	0.5575	165.8	829.0	0.3333333333333333
99271	149	0	5	0.365	138.0	690.0	0.0
99272	182	0	5	0.4475	170.8	854.0	0.3333333333333333
99273	60	0	5	0.1425	51.8	259.0	0.0
99274	180	0	5	0.4425	128.8	644.0	0.3333333333333333
99275	45	0	5	0.105	43.0	215.0	0.0
99276	111	0	5	0.27	66.6	333.0	0.3333333333333333
99277	358	0	5	0.8875	170.8	854.0	0.6666666666666666
99278	337	0	5	0.835	153.4	767.0	0.6666666666666666
99279	158	0	5	0.3875	125.0	625.0	0.6666666666666666
99280	56	0	5	0.1325	39.6	198.0	0.3333333333333333
99281	194	0	5	0.4775	120.8	604.0	0.6666666666666666
99282	10	0	5	0.0175	8.0	40.0	0.0
99283	104	0	5	0.2525	96.8	484.0	0.0
99284	11	0	5	0.02	9.0	45.0	0.0
99285	128	0	5	0.3125	87.6	438.0	0.3333333333333333
99286	125	0	5	0.305	77.4	387.0	0.3333333333333333
99287	239	0	5	0.59	119.4	597.0	0.0
99288	260	1	4	0.6475	169.2	846.0	1.0
99289	40	0	5	0.0925	38.0	190.0	0.0
99290	248	0	5	0.6125	95.6	478.0	0.3333333333333333
99291	285	0	5	0.705	189.6	948.0	0.3333333333333333
99292	294	1	4	0.7325	72.4	362.0	1.0
99293	371	0	5	0.92	291.2	1456.0	0.6666666666666666
99294	310	0	5	0.7675	136.4	682.0	0.6666666666666666
99295	370	0	5	0.9175	321.0	1605.0	0.0
99296	190	1	4	0.4725	78.8	394.0	1.0
99297	335	0	5	0.83	249.6	1248.0	0.6666666666666666
99298	300	0	5	0.7425	250.6	1253.0	0.3333333333333333
99299	292	0	5	0.7225	209.8	1049.0	0.3333333333333333
99300	317	0	5	0.785	275.4	1377.0	0.6666666666666666
99301	109	0	5	0.265	36.6	183.0	0.3333333333333333
99302	278	0	5	0.6875	168.8	844.0	0.3333333333333333
99303	174	0	5	0.4275	94.6	473.0	0.3333333333333333
99304	192	0	5	0.4725	126.0	630.0	0.3333333333333333
99305	240	0	5	0.5925	227.2	1136.0	0.3333333333333333
99306	37	0	5	0.085	21.8	109.0	0.0
99307	360	1	3	0.8975	223.4	1117.0	1.0
99308	92	0	5	0.2225	64.8	324.0	0.3333333333333333
99309	101	0	5	0.245	99.0	495.0	0.0
99310	234	0	5	0.5775	178.4	892.0	0.3333333333333333
99311	164	0	5	0.4025	162.0	810.0	0.0
99312	203	0	5	0.5	140.0	700.0	0.6666666666666666
99313	125	0	5	0.305	123.0	615.0	0.0
99314	194	0	5	0.4775	48.0	240.0	0.3333333333333333
99315	275	0	5	0.68	193.0	965.0	0.6666666666666666
99316	91	0	5	0.22	71.8	359.0	0.0
99317	274	0	5	0.6775	141.0	705.0	0.3333333333333333
99318	344	1	4	0.8575	185.6	928.0	1.0
99319	168	0	5	0.4125	88.8	444.0	0.6666666666666666
99320	32	0	5	0.0725	29.6	148.0	0.3333333333333333
99321	223	0	5	0.55	72.2	361.0	0.6666666666666666
99322	129	0	5	0.315	105.8	529.0	0.0
99323	218	0	5	0.5375	109.6	548.0	0.3333333333333333
99324	301	0	5	0.745	121.0	605.0	0.6666666666666666
99325	100	0	5	0.2425	86.2	431.0	0.0
99326	133	0	5	0.325	89.8	449.0	0.0
99327	250	0	5	0.6175	246.6	1233.0	0.0
99328	342	0	5	0.8475	148.4	742.0	0.3333333333333333
99329	359	0	5	0.89	197.4	987.0	0.6666666666666666
99330	23	0	5	0.05	14.6	73.0	0.0
99331	40	0	5	0.0925	37.2	186.0	0.3333333333333333
99332	182	0	5	0.4475	89.6	448.0	0.6666666666666666
99333	30	0	5	0.0675	28.0	140.0	0.0
99334	222	0	5	0.5475	188.8	944.0	0.3333333333333333
99335	221	0	5	0.545	78.8	394.0	0.6666666666666666
99336	177	0	5	0.435	148.2	741.0	0.3333333333333333
99337	86	0	5	0.2075	84.0	420.0	0.0
99338	32	0	5	0.0725	30.0	150.0	0.0
99339	305	0	5	0.755	165.2	826.0	0.6666666666666666
99340	205	0	5	0.505	97.6	488.0	0.0
99341	203	0	5	0.5	171.4	857.0	0.6666666666666666
99342	132	0	5	0.3225	105.6	528.0	0.3333333333333333
99343	153	0	5	0.375	127.0	635.0	0.0
99344	182	0	5	0.4475	71.6	358.0	0.3333333333333333
99345	124	0	5	0.3025	120.2	601.0	0.0
99346	167	0	5	0.41	165.0	825.0	0.3333333333333333
99347	344	0	5	0.8525	243.0	1215.0	0.6666666666666666
99348	366	0	5	0.9075	221.4	1107.0	0.3333333333333333
99349	336	0	5	0.8325	70.0	350.0	0.3333333333333333
99350	401	0	5	0.995	190.2	951.0	0.6666666666666666
99351	316	0	5	0.7825	114.4	572.0	0.6666666666666666
99352	169	0	5	0.415	92.6	463.0	0.3333333333333333
99353	81	0	5	0.195	38.0	190.0	0.3333333333333333
99354	165	0	5	0.405	73.0	365.0	0.3333333333333333
99355	194	0	5	0.4775	107.2	536.0	0.6666666666666666
99356	361	0	5	0.895	120.6	603.0	0.3333333333333333
99357	276	0	5	0.6825	126.8	634.0	0.3333333333333333
99358	328	0	5	0.8125	190.6	953.0	0.6666666666666666
99359	294	0	5	0.7275	154.6	773.0	0.3333333333333333
99360	69	0	5	0.165	53.4	267.0	0.3333333333333333
99361	62	0	5	0.1475	60.0	300.0	0.0
99362	179	0	5	0.44	135.8	679.0	0.0
99363	32	0	5	0.0725	30.0	150.0	0.0
99364	386	0	5	0.9575	187.0	935.0	0.6666666666666666
99365	369	1	4	0.92	142.6	713.0	1.0
99366	313	0	5	0.775	246.0	1230.0	0.6666666666666666
99367	336	0	5	0.8325	202.6	1013.0	0.3333333333333333
99368	286	0	5	0.7075	85.8	429.0	0.6666666666666666
99369	148	0	5	0.3625	34.8	174.0	0.3333333333333333
99370	179	1	4	0.445	70.4	352.0	1.0
99371	290	0	5	0.7175	170.0	850.0	0.6666666666666666
99372	129	0	5	0.315	105.8	529.0	0.3333333333333333
99373	377	0	5	0.935	205.0	1025.0	0.6666666666666666
99374	87	0	5	0.21	81.4	407.0	0.3333333333333333
99375	66	0	5	0.1575	46.4	232.0	0.3333333333333333
99376	333	0	5	0.825	126.8	634.0	0.3333333333333333
99377	291	0	5	0.72	125.8	629.0	0.6666666666666666
99378	94	0	5	0.2275	64.4	322.0	0.3333333333333333
99379	18	0	5	0.0375	16.0	80.0	0.0
99380	278	0	5	0.6875	240.6	1203.0	0.0
99381	192	0	5	0.4725	141.8	709.0	0.3333333333333333
99382	172	0	5	0.4225	149.2	746.0	0.0
99383	106	0	5	0.2575	75.6	378.0	0.0
99384	257	0	5	0.635	102.2	511.0	0.3333333333333333
99385	84	1	4	0.2075	43.4	217.0	1.0
99386	146	0	5	0.3575	137.2	686.0	0.0
99387	189	0	5	0.465	127.0	635.0	0.3333333333333333
99388	211	0	5	0.52	66.6	333.0	0.3333333333333333
99389	80	0	5	0.1925	22.8	114.0	0.3333333333333333
99390	191	0	5	0.47	95.4	477.0	0.3333333333333333
99391	222	0	5	0.5475	188.6	943.0	0.3333333333333333
99392	121	0	5	0.295	66.2	331.0	0.3333333333333333
99393	302	0	5	0.7475	207.0	1035.0	0.3333333333333333
99394	278	1	4	0.6925	141.0	705.0	1.0
99395	153	0	5	0.375	63.6	318.0	0.3333333333333333
99396	321	1	4	0.8	204.6	1023.0	1.0
99397	197	0	5	0.485	166.8	834.0	0.6666666666666666
99398	295	0	5	0.73	157.8	789.0	0.6666666666666666
99399	373	0	5	0.925	198.2	991.0	0.6666666666666666
99400	119	0	5	0.29	57.6	288.0	0.0
99401	180	0	5	0.4425	71.2	356.0	0.3333333333333333
99402	306	1	4	0.7625	142.8	714.0	1.0
99403	341	0	5	0.845	115.0	575.0	0.6666666666666666
99404	357	1	4	0.89	106.6	533.0	1.0
99405	104	0	5	0.2525	86.0	430.0	0.0
99406	49	0	5	0.115	40.6	203.0	0.0
99407	339	1	4	0.845	133.0	665.0	1.0
99408	181	0	5	0.445	145.4	727.0	0.3333333333333333
99409	333	1	4	0.83	226.2	1131.0	1.0
99410	325	0	5	0.805	160.2	801.0	0.6666666666666666
99411	243	0	5	0.6	121.8	609.0	0.3333333333333333
99412	93	0	5	0.225	86.8	434.0	0.0
99413	151	0	5	0.37	114.6	573.0	0.3333333333333333
99414	180	0	5	0.4425	137.8	689.0	0.6666666666666666
99415	376	0	5	0.9325	322.8	1614.0	0.6666666666666666
99416	328	0	5	0.8125	176.4	882.0	0.6666666666666666
99417	63	0	5	0.15	61.0	305.0	0.0
99418	271	0	5	0.67	138.2	691.0	0.6666666666666666
99419	358	0	5	0.8875	187.4	937.0	0.6666666666666666
99420	102	0	5	0.2475	100.0	500.0	0.0
99421	232	0	5	0.5725	142.8	714.0	0.3333333333333333
99422	170	0	5	0.4175	161.0	805.0	0.3333333333333333
99423	303	0	5	0.75	142.2	711.0	0.6666666666666666
99424	43	0	5	0.1	41.0	205.0	0.0
99425	102	0	5	0.2475	53.2	266.0	0.3333333333333333
99426	99	0	5	0.24	97.0	485.0	0.0
99427	228	1	4	0.5675	128.0	640.0	1.0
99428	115	0	5	0.28	60.2	301.0	0.3333333333333333
99429	37	0	5	0.085	35.0	175.0	0.0
99430	131	0	5	0.32	91.4	457.0	0.3333333333333333
99431	198	0	5	0.4875	101.8	509.0	0.3333333333333333
99432	153	0	5	0.375	151.0	755.0	0.0
99433	345	0	5	0.855	279.6	1398.0	0.6666666666666666
99434	308	0	5	0.7625	258.8	1294.0	0.3333333333333333
99435	358	0	5	0.8875	282.4	1412.0	0.6666666666666666
99436	142	0	5	0.3475	87.2	436.0	0.3333333333333333
99437	195	0	5	0.48	164.6	823.0	0.0
99438	293	0	5	0.725	242.8	1214.0	0.3333333333333333
99439	7	0	5	0.01	5.0	25.0	0.0
99440	361	0	5	0.895	222.4	1112.0	0.6666666666666666
99441	380	0	5	0.9425	135.6	678.0	0.6666666666666666
99442	4	0	5	0.0025	2.0	10.0	0.0
99443	25	0	5	0.055	8.6	43.0	0.0
99444	237	0	5	0.585	235.0	1175.0	0.0
99445	9	0	5	0.015	7.0	35.0	0.0
99446	133	0	5	0.325	43.0	215.0	0.3333333333333333
99447	326	0	5	0.8075	221.2	1106.0	0.6666666666666666
99448	78	0	5	0.1875	76.0	380.0	0.0
99449	212	1	4	0.5275	94.2	471.0	1.0
99450	233	0	5	0.575	64.0	320.0	0.6666666666666666
99451	104	0	5	0.2525	76.4	382.0	0.3333333333333333
99452	374	0	5	0.9275	246.0	1230.0	0.6666666666666666
99453	385	0	5	0.955	286.6	1433.0	0.6666666666666666
99454	164	1	3	0.4075	146.4	732.0	1.0
99455	123	0	5	0.3	107.2	536.0	0.0
99456	160	0	5	0.3925	158.0	790.0	0.3333333333333333
99457	392	0	5	0.9725	207.2	1036.0	0.6666666666666666
99458	29	0	5	0.065	27.0	135.0	0.0
99459	335	0	5	0.83	79.4	397.0	0.3333333333333333
99460	310	0	5	0.7675	174.4	872.0	0.3333333333333333
99461	202	0	5	0.4975	127.0	635.0	0.3333333333333333
99462	103	0	5	0.25	57.2	286.0	0.0
99463	223	1	4	0.555	102.2	511.0	1.0
99464	195	0	5	0.48	39.8	199.0	0.3333333333333333
99465	244	0	5	0.6025	191.8	959.0	0.3333333333333333
99466	242	1	4	0.6025	162.4	812.0	1.0
99467	373	1	4	0.93	142.2	711.0	1.0
99468	380	0	5	0.9425	214.8	1074.0	0.6666666666666666
99469	72	0	5	0.1725	59.6	298.0	0.0
99470	232	0	5	0.5725	100.4	502.0	0.3333333333333333
99471	374	0	5	0.9275	270.4	1352.0	0.6666666666666666
99472	213	0	5	0.525	150.2	751.0	0.6666666666666666
99473	389	0	5	0.965	249.0	1245.0	0.6666666666666666
99474	35	0	5	0.08	33.0	165.0	0.0
99475	246	0	5	0.6075	92.2	461.0	0.6666666666666666
99476	348	0	5	0.8625	203.2	1016.0	0.6666666666666666
99477	311	1	3	0.775	192.0	960.0	1.0
99478	305	0	5	0.755	163.6	818.0	0.3333333333333333
99479	101	0	5	0.245	83.4	417.0	0.6666666666666666
99480	255	0	5	0.63	214.4	1072.0	0.3333333333333333
99481	307	1	4	0.765	120.6	603.0	1.0
99482	268	0	5	0.6625	235.2	1176.0	0.3333333333333333
99483	373	0	5	0.925	299.8	1499.0	0.0
99484	200	0	5	0.4925	142.0	710.0	0.6666666666666666
99485	209	0	5	0.515	68.6	343.0	0.3333333333333333
99486	239	0	5	0.59	122.2	611.0	0.6666666666666666
99487	270	0	5	0.6675	240.8	1204.0	0.3333333333333333
99488	262	0	5	0.6475	189.6	948.0	0.3333333333333333
99489	157	0	5	0.385	155.0	775.0	0.0
99490	231	0	5	0.57	196.6	983.0	0.6666666666666666
99491	58	0	5	0.1375	56.0	280.0	0.0
99492	354	0	5	0.8775	155.2	776.0	0.3333333333333333
99493	148	0	5	0.3625	89.6	448.0	0.3333333333333333
99494	65	0	5	0.155	59.0	295.0	0.0
99495	151	0	5	0.37	114.6	573.0	0.3333333333333333
99496	392	0	5	0.9725	242.8	1214.0	0.6666666666666666
99497	329	0	5	0.815	250.8	1254.0	0.3333333333333333
99498	192	0	5	0.4725	119.0	595.0	0.0
99499	357	0	5	0.885	217.2	1086.0	0.6666666666666666
99500	273	0	5	0.675	199.4	997.0	0.3333333333333333
99501	152	0	5	0.3725	150.0	750.0	0.0
99502	253	0	5	0.625	118.4	592.0	0.3333333333333333
99503	194	0	5	0.4775	84.0	420.0	0.3333333333333333
99504	373	0	5	0.925	189.0	945.0	0.6666666666666666
99505	350	0	5	0.8675	131.8	659.0	0.3333333333333333
99506	211	0	5	0.52	152.0	760.0	0.6666666666666666
99507	252	0	5	0.6225	135.4	677.0	0.3333333333333333
99508	229	0	5	0.565	227.0	1135.0	0.3333333333333333
99509	159	0	5	0.39	152.2	761.0	0.3333333333333333
99510	259	0	5	0.64	203.8	1019.0	0.3333333333333333
99511	348	1	4	0.8675	164.4	822.0	1.0
99512	76	0	5	0.1825	31.8	159.0	0.3333333333333333
99513	335	1	4	0.835	107.8	539.0	1.0
99514	14	0	5	0.0275	12.0	60.0	0.0
99515	66	0	5	0.1575	24.6	123.0	0.3333333333333333
99516	213	1	4	0.53	133.8	669.0	1.0
99517	357	1	4	0.89	186.6	933.0	1.0
99518	261	0	5	0.645	177.0	885.0	0.3333333333333333
99519	66	0	5	0.1575	64.0	320.0	0.0
99520	228	0	5	0.5625	183.2	916.0	0.3333333333333333
99521	346	0	5	0.8575	194.4	972.0	0.6666666666666666
99522	172	0	5	0.4225	81.4	407.0	0.6666666666666666
99523	318	0	5	0.7875	178.8	894.0	0.6666666666666666
99524	223	0	5	0.55	62.6	313.0	0.3333333333333333
99525	388	0	5	0.9625	261.6	1308.0	0.3333333333333333
99526	314	1	4	0.7825	206.0	1030.0	1.0
99527	210	0	5	0.5175	123.8	619.0	0.3333333333333333
99528	329	0	5	0.815	254.0	1270.0	0.6666666666666666
99529	275	0	5	0.68	133.6	668.0	0.6666666666666666
99530	214	0	5	0.5275	141.2	706.0	0.6666666666666666
99531	312	1	4	0.7775	194.6	973.0	1.0
99532	67	0	5	0.16	65.0	325.0	0.0
99533	127	0	5	0.31	35.4	177.0	0.6666666666666666
99534	379	0	5	0.94	128.6	643.0	0.6666666666666666
99535	332	0	5	0.8225	197.2	986.0	0.3333333333333333
99536	347	0	5	0.86	217.4	1087.0	0.6666666666666666
99537	166	0	5	0.4075	79.4	397.0	0.3333333333333333
99538	355	1	4	0.885	97.4	487.0	1.0
99539	110	0	5	0.2675	78.6	393.0	0.3333333333333333
99540	258	0	5	0.6375	155.6	778.0	0.3333333333333333
99541	184	0	5	0.4525	166.4	832.0	0.3333333333333333
99542	339	0	5	0.84	236.8	1184.0	0.6666666666666666
99543	296	0	5	0.7325	186.6	933.0	0.6666666666666666
99544	353	0	5	0.875	289.4	1447.0	0.6666666666666666
99545	158	0	5	0.3875	124.8	624.0	0.3333333333333333
99546	235	0	5	0.58	133.6	668.0	0.3333333333333333
99547	379	0	5	0.94	190.2	951.0	0.6666666666666666
99548	290	0	5	0.7175	262.0	1310.0	0.6666666666666666
99549	180	0	5	0.4425	88.8	444.0	0.3333333333333333
99550	180	0	5	0.4425	130.0	650.0	0.6666666666666666
99551	254	0	5	0.6275	112.0	560.0	0.3333333333333333
99552	260	0	5	0.6425	185.8	929.0	0.3333333333333333
99553	205	0	5	0.505	176.6	883.0	0.3333333333333333
99554	169	0	5	0.415	83.0	415.0	0.6666666666666666
99555	100	0	5	0.2425	98.0	490.0	0.0
99556	141	0	5	0.345	83.0	415.0	0.3333333333333333
99557	56	0	5	0.1325	44.8	224.0	0.3333333333333333
99558	335	0	5	0.83	293.6	1468.0	0.6666666666666666
99559	326	0	5	0.8075	215.8	1079.0	0.6666666666666666
99560	234	0	5	0.5775	179.4	897.0	0.3333333333333333
99561	198	0	5	0.4875	154.6	773.0	0.0
99562	49	0	5	0.115	35.4	177.0	0.0
99563	18	0	5	0.0375	16.0	80.0	0.0
99564	368	0	5	0.9125	253.4	1267.0	0.6666666666666666
99565	148	0	5	0.3625	128.8	644.0	0.3333333333333333
99566	198	0	5	0.4875	105.6	528.0	0.3333333333333333
99567	160	0	5	0.3925	69.8	349.0	0.3333333333333333
99568	318	0	5	0.7875	194.2	971.0	0.0
99569	86	0	5	0.2075	60.8	304.0	0.3333333333333333
99570	228	0	5	0.5625	178.4	892.0	0.3333333333333333
99571	188	0	5	0.4625	124.0	620.0	0.6666666666666666
99572	82	0	5	0.1975	80.0	400.0	0.0
99573	234	0	5	0.5775	143.2	716.0	0.6666666666666666
99574	372	0	5	0.9225	238.4	1192.0	0.6666666666666666
99575	383	0	5	0.95	235.6	1178.0	0.6666666666666666
99576	90	0	5	0.2175	67.6	338.0	0.6666666666666666
99577	299	0	5	0.74	185.6	928.0	0.6666666666666666
99578	56	0	5	0.1325	54.0	270.0	0.0
99579	276	0	5	0.6825	193.2	966.0	0.6666666666666666
99580	183	0	5	0.45	140.4	702.0	0.6666666666666666
99581	383	0	5	0.95	107.8	539.0	0.6666666666666666
99582	384	1	4	0.9575	130.4	652.0	1.0
99583	340	0	5	0.8425	134.0	670.0	0.6666666666666666
99584	36	0	5	0.0825	34.0	170.0	0.0
99585	225	0	5	0.555	133.8	669.0	0.6666666666666666
99586	111	0	5	0.27	107.4	537.0	0.3333333333333333
99587	325	0	5	0.805	158.0	790.0	0.6666666666666666
99588	365	1	4	0.91	228.2	1141.0	1.0
99589	245	1	4	0.61	131.2	656.0	1.0
99590	401	0	3	0.9975	173.8	869.0	0.6666666666666666
99591	210	0	5	0.5175	154.4	772.0	0.3333333333333333
99592	2	0	5	0.0	0.0	0.0	0.0
99593	158	0	5	0.3875	49.4	247.0	0.3333333333333333
99594	181	0	5	0.445	116.6	583.0	0.0
99595	79	0	5	0.19	50.2	251.0	0.0
99596	243	0	5	0.6	169.6	848.0	0.6666666666666666
99597	100	0	5	0.2425	98.0	490.0	0.0
99598	194	0	5	0.4775	190.4	952.0	0.3333333333333333
99599	140	0	5	0.3425	91.0	455.0	0.3333333333333333
99600	273	0	5	0.675	178.2	891.0	0.3333333333333333
99601	193	0	5	0.475	160.0	800.0	0.3333333333333333
99602	286	0	5	0.7075	99.2	496.0	0.3333333333333333
99603	267	0	5	0.66	152.2	761.0	0.3333333333333333
99604	42	0	5	0.0975	21.4	107.0	0.6666666666666666
99605	77	0	5	0.185	66.0	330.0	0.3333333333333333
99606	165	0	5	0.405	97.4	487.0	0.3333333333333333
99607	395	0	5	0.98	271.2	1356.0	0.6666666666666666
99608	272	1	3	0.6775	156.2	781.0	1.0
99609	84	0	5	0.2025	82.0	410.0	0.0
99610	207	0	5	0.51	171.0	855.0	0.3333333333333333
99611	207	0	5	0.51	104.2	521.0	0.3333333333333333
99612	294	0	5	0.7275	225.4	1127.0	0.6666666666666666
99613	150	0	5	0.3675	140.8	704.0	0.3333333333333333
99614	95	0	5	0.23	60.6	303.0	0.3333333333333333
99615	121	0	5	0.295	57.8	289.0	0.3333333333333333
99616	258	1	4	0.6425	193.2	966.0	1.0
99617	316	0	5	0.7825	148.8	744.0	0.0
99618	171	0	5	0.42	106.2	531.0	0.3333333333333333
99619	263	0	5	0.65	138.0	690.0	0.3333333333333333
99620	100	0	5	0.2425	98.0	490.0	0.0
99621	138	0	5	0.3375	34.4	172.0	0.6666666666666666
99622	66	0	5	0.1575	64.0	320.0	0.0
99623	43	0	5	0.1	8.4	42.0	0.3333333333333333
99624	401	0	4	0.9975	307.2	1536.0	0.6666666666666666
99625	296	0	5	0.7325	208.8	1044.0	0.6666666666666666
99626	388	0	5	0.9625	150.8	754.0	0.3333333333333333
99627	230	0	5	0.5675	185.2	926.0	0.0
99628	211	0	5	0.52	108.2	541.0	0.3333333333333333
99629	345	0	5	0.855	207.8	1039.0	0.6666666666666666
99630	376	1	4	0.9375	198.2	991.0	1.0
99631	261	0	5	0.645	131.0	655.0	0.6666666666666666
99632	343	1	4	0.855	133.0	665.0	1.0
99633	234	0	5	0.5775	134.8	674.0	0.3333333333333333
99634	221	0	5	0.545	181.0	905.0	0.3333333333333333
99635	48	0	5	0.1125	46.0	230.0	0.0
99636	27	0	5	0.06	22.2	111.0	0.0
99637	231	0	5	0.57	138.2	691.0	0.3333333333333333
99638	233	0	5	0.575	75.8	379.0	0.6666666666666666
99639	125	0	5	0.305	106.2	531.0	0.0
99640	378	0	5	0.9375	91.2	456.0	0.6666666666666666
99641	292	1	4	0.7275	170.4	852.0	1.0
99642	317	0	5	0.785	270.6	1353.0	0.3333333333333333
99643	268	0	5	0.6625	73.2	366.0	0.6666666666666666
99644	250	0	5	0.6175	97.4	487.0	0.3333333333333333
99645	193	0	5	0.475	191.0	955.0	0.3333333333333333
99646	73	0	5	0.175	59.4	297.0	0.0
99647	279	1	4	0.695	167.0	835.0	1.0
99648	189	0	5	0.465	88.2	441.0	0.6666666666666666
99649	202	0	5	0.4975	80.8	404.0	0.6666666666666666
99650	100	0	5	0.2425	79.2	396.0	0.3333333333333333
99651	261	0	5	0.645	218.8	1094.0	0.0
99652	111	0	5	0.27	109.0	545.0	0.0
99653	251	0	5	0.62	50.2	251.0	0.0
99654	176	0	5	0.4325	127.4	637.0	0.3333333333333333
99655	333	1	4	0.83	96.2	481.0	1.0
99656	354	1	4	0.8825	258.6	1293.0	1.0
99657	255	0	5	0.63	221.0	1105.0	0.3333333333333333
99658	385	0	5	0.955	165.2	826.0	0.6666666666666666
99659	182	0	5	0.4475	90.0	450.0	0.3333333333333333
99660	110	0	5	0.2675	108.0	540.0	0.0
99661	367	0	5	0.91	221.0	1105.0	0.6666666666666666
99662	141	0	5	0.345	84.2	421.0	0.6666666666666666
99663	242	1	4	0.6025	188.4	942.0	1.0
99664	307	0	5	0.76	148.2	741.0	0.6666666666666666
99665	380	0	5	0.9425	268.0	1340.0	0.6666666666666666
99666	304	1	4	0.7575	132.2	661.0	1.0
99667	236	0	5	0.5825	172.6	863.0	0.6666666666666666
99668	184	0	5	0.4525	162.0	810.0	0.3333333333333333
99669	85	0	5	0.205	80.2	401.0	0.3333333333333333
99670	285	0	5	0.705	130.0	650.0	0.6666666666666666
99671	30	0	5	0.0675	28.0	140.0	0.0
99672	215	0	5	0.53	159.6	798.0	0.3333333333333333
99673	53	0	5	0.125	43.2	216.0	0.0
99674	277	0	5	0.685	229.0	1145.0	0.6666666666666666
99675	62	0	5	0.1475	46.0	230.0	0.3333333333333333
99676	321	1	4	0.8	189.8	949.0	1.0
99677	166	0	5	0.4075	137.6	688.0	0.0
99678	234	0	5	0.5775	132.8	664.0	0.3333333333333333
99679	140	0	5	0.3425	102.4	512.0	0.0
99680	236	0	5	0.5825	198.2	991.0	0.6666666666666666
99681	304	1	4	0.7575	64.8	324.0	1.0
99682	3	0	5	0.0025	0.2	1.0	0.3333333333333333
99683	57	0	5	0.135	47.8	239.0	0.3333333333333333
99684	89	0	5	0.215	87.0	435.0	0.0
99685	396	1	4	0.9875	98.4	492.0	1.0
99686	125	0	5	0.305	85.4	427.0	0.0
99687	311	0	5	0.77	162.8	814.0	0.6666666666666666
99688	384	0	5	0.9525	287.2	1436.0	0.3333333333333333
99689	67	0	5	0.16	65.0	325.0	0.0
99690	161	0	5	0.395	125.4	627.0	0.3333333333333333
99691	356	0	5	0.8825	144.8	724.0	0.6666666666666666
99692	234	0	5	0.5775	149.4	747.0	0.3333333333333333
99693	150	0	5	0.3675	126.8	634.0	0.6666666666666666
99694	286	0	5	0.7075	80.0	400.0	0.6666666666666666
99695	84	0	5	0.2025	74.8	374.0	0.3333333333333333
99696	234	0	5	0.5775	92.2	461.0	0.3333333333333333
99697	68	0	5	0.1625	57.2	286.0	0.6666666666666666
99698	290	0	5	0.7175	159.6	798.0	0.6666666666666666
99699	304	1	4	0.7575	93.6	468.0	1.0
99700	295	0	5	0.73	144.2	721.0	0.6666666666666666
99701	319	1	4	0.795	185.8	929.0	1.0
99702	18	0	5	0.0375	16.0	80.0	0.0
99703	341	0	5	0.845	201.4	1007.0	0.3333333333333333
99704	135	0	5	0.33	122.6	613.0	0.3333333333333333
99705	276	0	5	0.6825	198.4	992.0	0.6666666666666666
99706	35	0	5	0.08	27.8	139.0	0.3333333333333333
99707	164	0	5	0.4025	121.2	606.0	0.3333333333333333
99708	130	1	4	0.3225	64.4	322.0	1.0
99709	37	0	5	0.085	35.0	175.0	0.0
99710	291	0	5	0.72	182.6	913.0	0.6666666666666666
99711	267	0	5	0.66	140.6	703.0	0.0
99712	54	0	5	0.1275	27.6	138.0	0.3333333333333333
99713	374	0	5	0.9275	170.2	851.0	0.6666666666666666
99714	344	0	5	0.8525	119.6	598.0	0.3333333333333333
99715	320	0	5	0.7925	167.4	837.0	0.6666666666666666
99716	195	0	5	0.48	89.2	446.0	0.3333333333333333
99717	49	0	5	0.115	47.0	235.0	0.0
99718	73	0	5	0.175	61.8	309.0	0.3333333333333333
99719	90	1	4	0.2225	22.0	110.0	1.0
99720	133	0	5	0.325	121.8	609.0	0.3333333333333333
99721	115	0	5	0.28	45.6	228.0	0.3333333333333333
99722	299	0	5	0.74	161.2	806.0	0.3333333333333333
99723	386	0	5	0.9575	289.4	1447.0	0.6666666666666666
99724	300	0	5	0.7425	195.0	975.0	0.6666666666666666
99725	348	0	5	0.8625	106.8	534.0	0.3333333333333333
99726	400	0	5	0.9925	243.0	1215.0	0.6666666666666666
99727	396	0	5	0.9825	234.8	1174.0	0.6666666666666666
99728	269	0	5	0.665	123.8	619.0	0.6666666666666666
99729	257	0	5	0.635	116.6	583.0	0.6666666666666666
99730	233	1	4	0.58	104.6	523.0	1.0
99731	370	0	5	0.9175	186.8	934.0	0.6666666666666666
99732	144	0	5	0.3525	96.4	482.0	0.0
99733	257	0	5	0.635	105.2	526.0	0.6666666666666666
99734	346	1	4	0.8625	176.4	882.0	1.0
99735	275	0	5	0.68	59.8	299.0	0.3333333333333333
99736	335	0	5	0.83	239.4	1197.0	0.6666666666666666
99737	104	0	5	0.2525	26.0	130.0	0.3333333333333333
99738	112	0	5	0.2725	45.2	226.0	0.3333333333333333
99739	157	0	5	0.385	131.2	656.0	0.0
99740	104	0	5	0.2525	51.6	258.0	0.3333333333333333
99741	268	0	5	0.6625	177.6	888.0	0.3333333333333333
99742	161	0	5	0.395	102.8	514.0	0.3333333333333333
99743	78	0	5	0.1875	62.8	314.0	0.6666666666666666
99744	218	0	5	0.5375	51.2	256.0	0.3333333333333333
99745	182	0	5	0.4475	79.8	399.0	0.3333333333333333
99746	217	1	4	0.54	120.6	603.0	1.0
99747	400	0	5	0.9925	141.4	707.0	0.6666666666666666
99748	355	0	5	0.88	238.6	1193.0	0.6666666666666666
99749	89	0	5	0.215	87.0	435.0	0.0
99750	200	0	5	0.4925	144.4	722.0	0.3333333333333333
99751	105	0	5	0.255	103.0	515.0	0.0
99752	106	0	5	0.2575	51.6	258.0	0.0
99753	355	0	5	0.88	145.4	727.0	0.3333333333333333
99754	351	0	5	0.87	312.2	1561.0	0.6666666666666666
99755	98	0	5	0.2375	85.6	428.0	0.0
99756	382	0	5	0.9475	162.4	812.0	0.6666666666666666
99757	103	0	5	0.25	47.8	239.0	0.6666666666666666
99758	361	0	5	0.895	249.2	1246.0	0.3333333333333333
99759	253	0	5	0.625	88.2	441.0	0.6666666666666666
99760	248	0	5	0.6125	112.4	562.0	0.3333333333333333
99761	70	0	5	0.1675	13.6	68.0	0.3333333333333333
99762	271	0	5	0.67	165.8	829.0	0.3333333333333333
99763	140	0	5	0.3425	126.0	630.0	0.3333333333333333
99764	216	0	5	0.5325	72.8	364.0	0.3333333333333333
99765	57	0	5	0.135	50.4	252.0	0.3333333333333333
99766	237	1	4	0.59	119.8	599.0	1.0
99767	391	0	5	0.97	316.2	1581.0	0.6666666666666666
99768	212	0	5	0.5225	186.4	932.0	0.3333333333333333
99769	116	0	5	0.2825	63.6	318.0	0.3333333333333333
99770	242	0	5	0.5975	171.6	858.0	0.3333333333333333
99771	266	0	5	0.6575	202.6	1013.0	0.3333333333333333
99772	327	0	5	0.81	105.0	525.0	0.6666666666666666
99773	238	0	5	0.5875	204.8	1024.0	0.0
99774	389	0	5	0.965	266.2	1331.0	0.6666666666666666
99775	354	1	4	0.8825	274.8	1374.0	1.0
99776	272	0	5	0.6725	167.2	836.0	0.6666666666666666
99777	105	0	5	0.255	103.0	515.0	0.0
99778	197	0	5	0.485	103.8	519.0	0.3333333333333333
99779	154	0	5	0.3775	63.6	318.0	0.6666666666666666
99780	245	0	5	0.605	97.2	486.0	0.6666666666666666
99781	384	1	4	0.9575	197.6	988.0	1.0
99782	178	0	5	0.4375	100.8	504.0	0.3333333333333333
99783	23	0	5	0.05	21.0	105.0	0.0
99784	2	0	5	0.0	0.0	0.0	0.0
99785	260	0	5	0.6425	122.0	610.0	0.6666666666666666
99786	81	0	5	0.195	64.6	323.0	0.3333333333333333
99787	36	0	5	0.0825	29.2	146.0	0.0
99788	161	0	5	0.395	89.4	447.0	0.3333333333333333
99789	91	0	5	0.22	67.4	337.0	0.3333333333333333
99790	190	0	5	0.4675	111.6	558.0	0.3333333333333333
99791	279	0	5	0.69	208.0	1040.0	0.3333333333333333
99792	230	1	4	0.5725	103.6	518.0	1.0
99793	112	0	5	0.2725	75.2	376.0	0.3333333333333333
99794	185	0	5	0.455	165.0	825.0	0.3333333333333333
99795	363	0	5	0.9	157.0	785.0	0.6666666666666666
99796	96	0	5	0.2325	94.0	470.0	0.0
99797	397	0	5	0.985	326.4	1632.0	0.6666666666666666
99798	63	0	5	0.15	54.8	274.0	0.0
99799	351	0	5	0.87	188.6	943.0	0.6666666666666666
99800	96	0	5	0.2325	94.0	470.0	0.0
99801	374	0	5	0.9275	306.8	1534.0	0.0
99802	31	0	5	0.07	29.0	145.0	0.0
99803	51	0	5	0.12	29.2	146.0	0.3333333333333333
99804	136	1	4	0.3375	75.2	376.0	1.0
99805	157	0	5	0.385	140.0	700.0	0.3333333333333333
99806	87	0	5	0.21	21.0	105.0	0.6666666666666666
99807	25	0	5	0.055	23.0	115.0	0.0
99808	355	0	5	0.88	223.4	1117.0	0.6666666666666666
99809	54	0	5	0.1275	51.2	256.0	0.0
99810	245	0	5	0.605	210.6	1053.0	0.3333333333333333
99811	360	0	5	0.8925	241.4	1207.0	0.6666666666666666
99812	197	0	5	0.485	111.8	559.0	0.3333333333333333
99813	311	0	5	0.77	212.4	1062.0	0.3333333333333333
99814	283	0	5	0.7	275.0	1375.0	0.3333333333333333
99815	58	0	5	0.1375	51.8	259.0	0.0
99816	161	0	5	0.395	151.6	758.0	0.3333333333333333
99817	387	0	5	0.96	142.0	710.0	0.6666666666666666
99818	266	0	5	0.6575	82.8	414.0	0.6666666666666666
99819	283	0	5	0.7	213.4	1067.0	0.3333333333333333
99820	113	0	5	0.275	111.0	555.0	0.0
99821	284	0	5	0.7025	138.0	690.0	0.3333333333333333
99822	284	0	5	0.7025	163.4	817.0	0.3333333333333333
99823	91	0	5	0.22	62.2	311.0	0.6666666666666666
99824	138	0	5	0.3375	129.6	648.0	0.0
99825	247	0	5	0.61	152.2	761.0	0.6666666666666666
99826	376	0	5	0.9325	208.2	1041.0	0.6666666666666666
99827	190	0	5	0.4675	55.2	276.0	0.3333333333333333
99828	189	0	5	0.465	181.0	905.0	0.0
99829	360	0	5	0.8925	89.4	447.0	0.6666666666666666
99830	126	0	5	0.3075	98.0	490.0	0.0
99831	170	0	5	0.4175	67.0	335.0	0.3333333333333333
99832	126	0	5	0.3075	112.6	563.0	0.0
99833	326	0	5	0.8075	227.4	1137.0	0.3333333333333333
99834	108	0	5	0.2625	78.0	390.0	0.3333333333333333
99835	103	0	5	0.25	65.8	329.0	0.3333333333333333
99836	143	0	5	0.35	65.4	327.0	0.6666666666666666
99837	353	0	5	0.875	109.0	545.0	0.6666666666666666
99838	300	0	5	0.7425	241.8	1209.0	0.3333333333333333
99839	117	0	5	0.285	115.0	575.0	0.0
99840	86	0	5	0.2075	58.4	292.0	0.3333333333333333
99841	303	0	5	0.75	168.2	841.0	0.3333333333333333
99842	117	0	5	0.285	108.0	540.0	0.3333333333333333
99843	173	0	5	0.425	96.6	483.0	0.3333333333333333
99844	218	0	5	0.5375	64.0	320.0	0.6666666666666666
99845	169	0	5	0.415	134.6	673.0	0.3333333333333333
99846	46	0	5	0.1075	38.4	192.0	0.0
99847	273	0	5	0.675	194.2	971.0	0.6666666666666666
99848	230	0	5	0.5675	139.2	696.0	0.3333333333333333
99849	134	0	5	0.3275	108.8	544.0	0.3333333333333333
99850	249	0	5	0.615	236.0	1180.0	0.6666666666666666
99851	100	0	5	0.2425	56.4	282.0	0.3333333333333333
99852	335	0	5	0.83	247.4	1237.0	0.6666666666666666
99853	251	1	4	0.625	122.4	612.0	1.0
99854	89	0	5	0.215	74.4	372.0	0.3333333333333333
99855	298	0	5	0.7375	132.8	664.0	0.6666666666666666
99856	304	1	4	0.7575	171.2	856.0	1.0
99857	364	1	4	0.9075	266.4	1332.0	1.0
99858	326	0	5	0.8075	162.6	813.0	0.3333333333333333
99859	340	0	5	0.8425	196.2	981.0	0.6666666666666666
99860	232	0	5	0.5725	151.2	756.0	0.6666666666666666
99861	117	0	5	0.285	97.6	488.0	0.3333333333333333
99862	345	1	4	0.86	204.4	1022.0	1.0
99863	240	0	5	0.5925	157.2	786.0	0.3333333333333333
99864	319	0	5	0.79	269.2	1346.0	0.3333333333333333
99865	82	1	3	0.2025	57.8	289.0	1.0
99866	49	0	5	0.115	47.0	235.0	0.0
99867	38	0	5	0.0875	36.0	180.0	0.0
99868	111	0	5	0.27	109.0	545.0	0.0
99869	312	1	4	0.7775	130.4	652.0	1.0
99870	346	0	5	0.8575	244.0	1220.0	0.3333333333333333
99871	209	0	5	0.515	77.2	386.0	0.6666666666666666
99872	354	0	5	0.8775	99.2	496.0	0.6666666666666666
99873	228	0	5	0.5625	118.0	590.0	0.6666666666666666
99874	96	0	5	0.2325	60.6	303.0	0.6666666666666666
99875	270	0	5	0.6675	196.0	980.0	0.6666666666666666
99876	244	1	4	0.6075	166.0	830.0	1.0
99877	169	0	5	0.415	167.0	835.0	0.0
99878	178	0	5	0.4375	176.0	880.0	0.0
99879	5	0	5	0.005	3.0	15.0	0.0
99880	86	0	5	0.2075	73.0	365.0	0.3333333333333333
99881	217	0	5	0.535	147.4	737.0	0.6666666666666666
99882	197	0	5	0.485	75.0	375.0	0.6666666666666666
99883	213	0	5	0.525	167.2	836.0	0.6666666666666666
99884	230	1	4	0.5725	88.4	442.0	1.0
99885	36	0	5	0.0825	28.6	143.0	0.0
99886	37	0	5	0.085	35.0	175.0	0.0
99887	134	0	5	0.3275	31.6	158.0	0.6666666666666666
99888	117	1	3	0.29	95.8	479.0	1.0
99889	246	0	5	0.6075	104.0	520.0	0.3333333333333333
99890	277	1	4	0.69	136.2	681.0	1.0
99891	163	0	5	0.4	161.0	805.0	0.0
99892	347	0	5	0.86	225.4	1127.0	0.3333333333333333
99893	197	0	5	0.485	151.6	758.0	0.3333333333333333
99894	215	1	4	0.535	130.6	653.0	1.0
99895	396	0	5	0.9825	326.6	1633.0	0.6666666666666666
99896	108	0	5	0.2625	89.2	446.0	0.6666666666666666
99897	4	0	5	0.0025	2.0	10.0	0.0
99898	48	0	5	0.1125	34.2	171.0	0.3333333333333333
99899	387	0	5	0.96	183.8	919.0	0.3333333333333333
99900	197	0	5	0.485	195.0	975.0	0.0
99901	337	0	5	0.835	80.2	401.0	0.6666666666666666
99902	93	0	5	0.225	59.0	295.0	0.0
99903	124	0	5	0.3025	104.0	520.0	0.6666666666666666
99904	73	0	5	0.175	39.0	195.0	0.0
99905	288	1	4	0.7175	161.2	806.0	1.0
99906	379	0	5	0.94	108.2	541.0	0.6666666666666666
99907	255	0	5	0.63	213.2	1066.0	0.3333333333333333
99908	340	0	5	0.8425	244.0	1220.0	0.3333333333333333
99909	122	0	5	0.2975	120.0	600.0	0.0
99910	353	0	5	0.875	223.8	1119.0	0.6666666666666666
99911	33	0	5	0.075	22.6	113.0	0.0
99912	266	0	5	0.6575	149.6	748.0	0.6666666666666666
99913	384	0	5	0.9525	176.0	880.0	0.6666666666666666
99914	27	0	5	0.06	25.0	125.0	0.0
99915	161	0	5	0.395	109.0	545.0	0.3333333333333333
99916	316	1	4	0.7875	201.8	1009.0	1.0
99917	101	0	5	0.245	99.0	495.0	0.0
99918	145	0	5	0.355	141.4	707.0	0.3333333333333333
99919	156	0	5	0.3825	125.8	629.0	0.0
99920	274	0	5	0.6775	185.6	928.0	0.6666666666666666
99921	344	1	4	0.8575	210.2	1051.0	1.0
99922	328	1	4	0.8175	227.4	1137.0	1.0
99923	320	0	5	0.7925	271.4	1357.0	0.6666666666666666
99924	381	0	5	0.945	228.0	1140.0	0.6666666666666666
99925	84	0	5	0.2025	56.2	281.0	0.6666666666666666
99926	309	0	5	0.765	235.4	1177.0	0.3333333333333333
99927	267	0	5	0.66	221.0	1105.0	0.6666666666666666
99928	357	0	5	0.885	115.2	576.0	0.6666666666666666
99929	21	0	5	0.045	19.0	95.0	0.0
99930	196	0	5	0.4825	192.0	960.0	0.0
99931	208	1	4	0.5175	100.0	500.0	1.0
99932	348	0	5	0.8625	160.0	800.0	0.6666666666666666
99933	384	0	5	0.9525	215.0	1075.0	0.6666666666666666
99934	324	0	5	0.8025	184.4	922.0	0.6666666666666666
99935	57	0	5	0.135	53.4	267.0	0.0
99936	366	0	5	0.9075	294.8	1474.0	0.6666666666666666
99937	351	0	5	0.87	294.2	1471.0	0.6666666666666666
99938	164	0	5	0.4025	162.0	810.0	0.3333333333333333
99939	143	0	5	0.35	81.0	405.0	0.0
99940	330	1	4	0.8225	239.6	1198.0	1.0
99941	202	0	5	0.4975	92.8	464.0	0.6666666666666666
99942	56	0	5	0.1325	21.6	108.0	0.6666666666666666
99943	98	0	5	0.2375	81.2	406.0	0.0
99944	54	0	5	0.1275	18.4	92.0	0.0
99945	141	0	5	0.345	51.0	255.0	0.3333333333333333
99946	133	0	5	0.325	120.2	601.0	0.0
99947	274	1	4	0.6825	192.6	963.0	1.0
99948	302	0	5	0.7475	116.6	583.0	0.3333333333333333
99949	85	0	5	0.205	47.6	238.0	0.0
99950	129	0	5	0.315	81.4	407.0	0.3333333333333333
99951	221	0	5	0.545	97.2	486.0	0.3333333333333333
99952	197	0	5	0.485	83.0	415.0	0.0
99953	77	0	5	0.185	75.0	375.0	0.0
99954	221	0	5	0.545	186.2	931.0	0.3333333333333333
99955	306	1	4	0.7625	147.0	735.0	1.0
99956	144	0	5	0.3525	109.0	545.0	0.0
99957	388	0	5	0.9625	198.8	994.0	0.6666666666666666
99958	386	1	4	0.9625	106.0	530.0	1.0
99959	197	0	5	0.485	147.8	739.0	0.3333333333333333
99960	312	1	4	0.7775	131.2	656.0	1.0
99961	119	0	5	0.29	105.6	528.0	0.0
99962	210	1	4	0.5225	95.4	477.0	1.0
99963	319	0	5	0.79	119.4	597.0	0.6666666666666666
99964	120	0	5	0.2925	104.8	524.0	0.3333333333333333
99965	91	1	4	0.225	56.6	283.0	1.0
99966	354	1	4	0.8825	145.6	728.0	1.0
99967	339	1	4	0.845	113.0	565.0	1.0
99968	218	0	5	0.5375	109.6	548.0	0.0
99969	119	1	4	0.295	55.8	279.0	1.0
99970	93	0	5	0.225	86.0	430.0	0.3333333333333333
99971	17	0	5	0.035	15.0	75.0	0.0
99972	183	0	5	0.45	171.8	859.0	0.0
99973	229	0	5	0.565	153.0	765.0	0.6666666666666666
99974	290	1	4	0.7225	150.4	752.0	1.0
99975	11	0	5	0.02	9.0	45.0	0.0
99976	24	0	5	0.0525	22.0	110.0	0.0
99977	274	0	5	0.6775	169.2	846.0	0.6666666666666666
99978	380	0	5	0.9425	215.4	1077.0	0.6666666666666666
99979	159	0	5	0.39	141.4	707.0	0.3333333333333333
99980	388	1	4	0.9675	181.8	909.0	1.0
99981	346	1	4	0.8625	241.4	1207.0	1.0
99982	117	0	5	0.285	105.6	528.0	0.3333333333333333
99983	81	0	5	0.195	46.0	230.0	0.3333333333333333
99984	282	0	5	0.6975	111.8	559.0	0.6666666666666666
99985	63	0	5	0.15	30.4	152.0	0.3333333333333333
99986	9	0	5	0.015	7.0	35.0	0.0
99987	164	0	5	0.4025	73.2	366.0	0.6666666666666666
99988	226	0	5	0.5575	138.2	691.0	0.3333333333333333
99989	397	0	5	0.985	247.8	1239.0	0.6666666666666666
99990	244	0	5	0.6025	148.4	742.0	0.3333333333333333
99991	319	0	5	0.79	208.0	1040.0	0.6666666666666666
99992	14	0	5	0.0275	12.0	60.0	0.0
99993	109	0	5	0.265	93.0	465.0	0.0
99994	401	0	4	0.9975	240.2	1201.0	0.6666666666666666
99995	110	0	5	0.2675	67.0	335.0	0.3333333333333333
99996	164	0	5	0.4025	102.0	510.0	0.6666666666666666
99997	291	0	5	0.72	181.8	909.0	0.6666666666666666
99998	373	0	5	0.925	201.4	1007.0	0.3333333333333333
99999	370	1	4	0.9225	153.8	769.0	1.0
100000	139	0	5	0.34	77.8	389.0	0.3333333333333333
